LECROYWS4024HD 19320 Waveform
Segments 1 SegmentSize 3127
Segment TrigTime TimeSinceSegment1
#1 15-May-2024 14:35:23 0                 
Time Ampl
-0.0008004402 0.0005882198
-0.0007988402 0.0007058638
-0.0007972402 0.000117644
-0.0007956402 0.0004705758
-0.0007940402 0.0005882198
-0.0007924402 0.0007058638
-0.0007908402 0.0005882198
-0.0007892402 0.0005882198
-0.0007876402 0.0003529319
-0.0007860402 0.0007058638
-0.0007844402 0.0004705758
-0.0007828402 0.0003529319
-0.0007812402 0.0003529319
-0.0007796402 0.0004705758
-0.0007780402 0.0004705758
-0.0007764402 0.0004705758
-0.0007748402 0.0007058638
-0.0007732402 0.0005882198
-0.0007716402 0.0005882198
-0.0007700402 0.0005882198
-0.0007684402 0.0003529319
-0.0007668402 0.0002352879
-0.0007652402 0.0004705758
-0.0007636402 0.0004705758
-0.0007620402 0.0005882198
-0.0007604402 0.0008235077
-0.0007588402 0.0005882198
-0.0007572402 0.0005882198
-0.0007556402 0.0007058638
-0.0007540402 0.0007058638
-0.0007524402 0.0004705758
-0.0007508402 0.0003529319
-0.0007492402 0.0005882198
-0.0007476402 0.0003529319
-0.0007460402 0.0003529319
-0.0007444402 0.0003529319
-0.0007428402 0.0003529319
-0.0007412402 0.0005882198
-0.0007396402 0.0005882198
-0.0007380402 0.0005882198
-0.0007364402 0.0003529319
-0.0007348402 0
-0.0007332402 0.0004705758
-0.0007316402 0.0004705758
-0.0007300402 0.0004705758
-0.0007284402 0.0004705758
-0.0007268402 0.0007058638
-0.0007252402 0.0008235077
-0.0007236402 0.0004705758
-0.0007220402 0.0007058638
-0.0007204402 0.0004705758
-0.0007188402 0.0007058638
-0.0007172402 0.0005882198
-0.0007156402 0.0008235077
-0.0007140402 0.0005882198
-0.0007124402 0.0007058638
-0.0007108402 0.0009411517
-0.0007092402 0.0005882198
-0.0007076402 0.0008235077
-0.0007060402 0.0004705758
-0.0007044402 0.0007058638
-0.0007028402 0.0004705758
-0.0007012402 0.0007058638
-0.0006996402 0.0007058638
-0.0006980402 0.0004705758
-0.0006964402 0.0004705758
-0.0006948402 0.0009411517
-0.0006932402 0.0005882198
-0.0006916402 0.0007058638
-0.0006900402 0.0007058638
-0.0006884402 0.0007058638
-0.0006868402 0.0007058638
-0.0006852402 0.0004705758
-0.0006836402 0.0004705758
-0.0006820402 0.0004705758
-0.0006804402 0.0005882198
-0.0006788402 0.0004705758
-0.0006772402 0.0008235077
-0.0006756402 0.0007058638
-0.0006740402 0.0008235077
-0.0006724402 0.0008235077
-0.0006708402 0.0007058638
-0.0006692402 0.0002352879
-0.0006676402 0.0003529319
-0.0006660402 0.0007058638
-0.0006644402 0.0004705758
-0.0006628402 0.0008235077
-0.0006612402 0.0007058638
-0.0006596402 0.0003529319
-0.0006580402 0.0008235077
-0.0006564402 0.0003529319
-0.0006548402 0.0005882198
-0.0006532402 0.0004705758
-0.0006516402 0.0004705758
-0.0006500402 0.0007058638
-0.0006484402 0.0007058638
-0.0006468402 0.0007058638
-0.0006452402 0.0008235077
-0.0006436402 0.0007058638
-0.0006420402 0.0003529319
-0.0006404402 0.0008235077
-0.0006388402 0.0004705758
-0.0006372402 0.0008235077
-0.0006356402 0.0009411517
-0.0006340402 0.0007058638
-0.0006324402 0.0008235077
-0.0006308402 0.0009411517
-0.0006292402 0.0007058638
-0.0006276402 0.0007058638
-0.0006260402 0.0008235077
-0.0006244402 0.0005882198
-0.0006228402 0.0003529319
-0.0006212402 0.0007058638
-0.0006196402 0.0004705758
-0.0006180402 0.0003529319
-0.0006164402 0.0005882198
-0.0006148402 0.0009411517
-0.0006132402 0.0003529319
-0.0006116402 0.0004705758
-0.0006100402 0.0005882198
-0.0006084402 0.0005882198
-0.0006068402 0.0007058638
-0.0006052402 0.0004705758
-0.0006036402 0.0008235077
-0.0006020402 0.0005882198
-0.0006004402 0.0008235077
-0.0005988402 0.0007058638
-0.0005972402 0.0009411517
-0.0005956402 0.0007058638
-0.0005940402 0.0007058638
-0.0005924402 0.0004705758
-0.0005908402 0.0008235077
-0.0005892402 0.0004705758
-0.0005876402 0.0005882198
-0.0005860402 0.0005882198
-0.0005844402 0.0007058638
-0.0005828402 0.0008235077
-0.0005812402 0.0009411517
-0.0005796402 0.0005882198
-0.0005780402 0.0008235077
-0.0005764402 0.0005882198
-0.0005748402 0.0005882198
-0.0005732402 0.0007058638
-0.0005716402 0.0007058638
-0.0005700402 0.0007058638
-0.0005684402 0.0005882198
-0.0005668402 0.0003529319
-0.0005652402 0.0008235077
-0.0005636402 0.0005882198
-0.0005620402 0.0007058638
-0.0005604402 0.0004705758
-0.0005588402 0.0007058638
-0.0005572402 0.0005882198
-0.0005556402 0.0004705758
-0.0005540402 0.0004705758
-0.0005524402 0.0007058638
-0.0005508402 0.0008235077
-0.0005492402 0.0005882198
-0.0005476402 0.0007058638
-0.0005460402 0.0002352879
-0.0005444402 0.0007058638
-0.0005428402 0.0008235077
-0.0005412402 0.0008235077
-0.0005396402 0.0008235077
-0.0005380402 0.0005882198
-0.0005364402 0.0004705758
-0.0005348402 0.0003529319
-0.0005332402 0.0005882198
-0.0005316402 0.0007058638
-0.0005300402 0.0009411517
-0.0005284402 0.0008235077
-0.0005268402 0.0004705758
-0.0005252402 0.0007058638
-0.0005236402 0.001058796
-0.0005220402 0.0005882198
-0.0005204402 0.0007058638
-0.0005188402 0.0005882198
-0.0005172402 0.0004705758
-0.0005156402 0.0007058638
-0.0005140402 0.0004705758
-0.0005124402 0.0005882198
-0.0005108402 0.0004705758
-0.0005092402 0.0005882198
-0.0005076402 0.0007058638
-0.0005060402 0.0005882198
-0.0005044402 0.0005882198
-0.0005028402 0.0004705758
-0.0005012402 0.0007058638
-0.0004996402 0.0008235077
-0.0004980402 0.0007058638
-0.0004964402 0.0002352879
-0.0004948402 0.0004705758
-0.0004932402 0.0004705758
-0.0004916402 0.0005882198
-0.0004900402 0.0003529319
-0.0004884402 0.0005882198
-0.0004868402 0.0005882198
-0.0004852402 0.0004705758
-0.0004836402 0.0008235077
-0.0004820402 0.0009411517
-0.0004804402 0.0007058638
-0.0004788402 0.0005882198
-0.0004772402 0.0008235077
-0.0004756402 0.0009411517
-0.0004740402 0.0005882198
-0.0004724402 0.0005882198
-0.0004708402 0.0007058638
-0.0004692402 0.0004705758
-0.0004676402 0.0007058638
-0.0004660402 0.0008235077
-0.0004644402 0.0007058638
-0.0004628402 0.0003529319
-0.0004612402 0.0004705758
-0.0004596402 0.0005882198
-0.0004580402 0.0007058638
-0.0004564402 0.0007058638
-0.0004548402 0.0007058638
-0.0004532402 0.0007058638
-0.0004516402 0.0005882198
-0.0004500402 0.0007058638
-0.0004484402 0.0007058638
-0.0004468402 0.0003529319
-0.0004452402 0.0007058638
-0.0004436402 0.0005882198
-0.0004420402 0.0005882198
-0.0004404402 0.0007058638
-0.0004388402 0.001058796
-0.0004372402 0.0009411517
-0.0004356402 0.0005882198
-0.0004340402 0.0004705758
-0.0004324402 0.0005882198
-0.0004308402 0.0008235077
-0.0004292402 0.0005882198
-0.0004276402 0.0008235077
-0.0004260402 0.0004705758
-0.0004244402 0.001058796
-0.0004228402 0.0008235077
-0.0004212402 0.0008235077
-0.0004196402 0.0003529319
-0.0004180402 0.0008235077
-0.0004164402 0.0004705758
-0.0004148402 0.0005882198
-0.0004132402 0.0008235077
-0.0004116402 0.0004705758
-0.0004100402 0.0005882198
-0.0004084402 0.0009411517
-0.0004068402 0.0007058638
-0.0004052402 0.0007058638
-0.0004036402 0.0007058638
-0.0004020402 0.0005882198
-0.0004004402 0.0007058638
-0.0003988402 0.0004705758
-0.0003972402 0.0004705758
-0.0003956402 0.0005882198
-0.0003940402 0.0003529319
-0.0003924402 0.0003529319
-0.0003908402 0.0003529319
-0.0003892402 0.0005882198
-0.0003876402 0.0005882198
-0.0003860402 0.0008235077
-0.0003844402 0.0005882198
-0.0003828402 0.0009411517
-0.0003812402 0.0003529319
-0.0003796402 0.0005882198
-0.0003780402 0.0002352879
-0.0003764402 0.0008235077
-0.0003748402 0.0004705758
-0.0003732402 0.0003529319
-0.0003716402 0.0004705758
-0.0003700402 0.0008235077
-0.0003684402 0.0007058638
-0.0003668402 0.0007058638
-0.0003652402 0.0004705758
-0.0003636402 0.0007058638
-0.0003620402 0.0005882198
-0.0003604402 0.0008235077
-0.0003588402 0.0009411517
-0.0003572402 0.0004705758
-0.0003556402 0.0007058638
-0.0003540402 0.0005882198
-0.0003524402 0.0005882198
-0.0003508402 0.0004705758
-0.0003492402 0.0007058638
-0.0003476402 0.0007058638
-0.0003460402 0.0004705758
-0.0003444402 0.0003529319
-0.0003428402 0.0007058638
-0.0003412402 0.0005882198
-0.0003396402 0.0005882198
-0.0003380402 0.0005882198
-0.0003364402 0.0007058638
-0.0003348402 0.0004705758
-0.0003332402 0.0005882198
-0.0003316402 0.0005882198
-0.0003300402 0.0007058638
-0.0003284402 0.0007058638
-0.0003268402 0.0004705758
-0.0003252402 0.0005882198
-0.0003236402 0.0005882198
-0.0003220402 0.0005882198
-0.0003204402 0.0005882198
-0.0003188402 0.0009411517
-0.0003172402 0.0008235077
-0.0003156402 0.0004705758
-0.0003140402 0.0008235077
-0.0003124402 0.0005882198
-0.0003108402 0.0008235077
-0.0003092402 0.0003529319
-0.0003076402 0.0007058638
-0.0003060402 0.0005882198
-0.0003044402 0.0004705758
-0.0003028402 0.0005882198
-0.0003012402 0.0007058638
-0.0002996402 0.0005882198
-0.0002980402 0.0007058638
-0.0002964402 0.0002352879
-0.0002948402 0.0005882198
-0.0002932402 0.0004705758
-0.0002916402 0.0005882198
-0.0002900402 0.0008235077
-0.0002884402 0.0008235077
-0.0002868402 0.0005882198
-0.0002852402 0.0004705758
-0.0002836402 0.0005882198
-0.0002820402 0.0005882198
-0.0002804402 0.0005882198
-0.0002788402 0.0004705758
-0.0002772402 0.0008235077
-0.0002756402 0.0004705758
-0.0002740402 0.0004705758
-0.0002724402 0.0005882198
-0.0002708402 0.0002352879
-0.0002692402 0.0005882198
-0.0002676402 0.0005882198
-0.0002660402 0.0005882198
-0.0002644402 0.0002352879
-0.0002628402 0.0005882198
-0.0002612402 0.0005882198
-0.0002596402 0.0007058638
-0.0002580402 0.0004705758
-0.0002564402 0.0007058638
-0.0002548402 0.0005882198
-0.0002532402 0.0004705758
-0.0002516402 0.0004705758
-0.0002500402 0.0009411517
-0.0002484402 0.0005882198
-0.0002468402 0.0002352879
-0.0002452402 0.0007058638
-0.0002436402 0.0005882198
-0.0002420402 0.0005882198
-0.0002404402 0.0004705758
-0.0002388402 0.0002352879
-0.0002372402 0.0005882198
-0.0002356402 0.0004705758
-0.0002340402 0.0007058638
-0.0002324402 0.0005882198
-0.0002308402 0.0002352879
-0.0002292402 0.0008235077
-0.0002276402 0.0003529319
-0.0002260402 0.0007058638
-0.0002244402 0.0005882198
-0.0002228402 0.0005882198
-0.0002212402 0.0007058638
-0.0002196402 0.0007058638
-0.0002180402 0.0005882198
-0.0002164402 0.0003529319
-0.0002148402 0.001058796
-0.0002132402 0.0004705758
-0.0002116402 0.0007058638
-0.0002100402 0.0002352879
-0.0002084402 0.0005882198
-0.0002068402 0.0005882198
-0.0002052402 0.0002352879
-0.0002036402 0.0002352879
-0.0002020402 0.0003529319
-0.0002004402 0.0007058638
-0.0001988402 0.0004705758
-0.0001972402 0.0005882198
-0.0001956402 0.0007058638
-0.0001940402 0.0003529319
-0.0001924402 0.0007058638
-0.0001908402 0.0004705758
-0.0001892402 0.0004705758
-0.0001876402 0.0003529319
-0.0001860402 0.0005882198
-0.0001844402 0.0003529319
-0.0001828402 0.0004705758
-0.0001812402 0.0007058638
-0.0001796402 0.0007058638
-0.0001780402 0.0004705758
-0.0001764402 0.0008235077
-0.0001748402 0.0004705758
-0.0001732402 0.0005882198
-0.0001716402 0.0004705758
-0.0001700402 0.0005882198
-0.0001684402 0.000117644
-0.0001668402 0.0002352879
-0.0001652402 0.0005882198
-0.0001636402 0.0003529319
-0.0001620402 0.0003529319
-0.0001604402 0.0005882198
-0.0001588402 0.0004705758
-0.0001572402 0.0008235077
-0.0001556402 0.0002352879
-0.0001540402 0.0005882198
-0.0001524402 0.0007058638
-0.0001508402 0.0007058638
-0.0001492402 0.0003529319
-0.0001476402 0.0003529319
-0.0001460402 0.0004705758
-0.0001444402 0.0004705758
-0.0001428402 0.0003529319
-0.0001412402 0.0005882198
-0.0001396402 0.0007058638
-0.0001380402 0.0008235077
-0.0001364402 0.0004705758
-0.0001348402 0.0004705758
-0.0001332402 0.0002352879
-0.0001316402 0.0005882198
-0.0001300402 0.0004705758
-0.0001284402 0.0005882198
-0.0001268402 0.0003529319
-0.0001252402 0.0007058638
-0.0001236402 0.0005882198
-0.0001220402 0.0002352879
-0.0001204402 0.0003529319
-0.0001188402 0.0003529319
-0.0001172402 0.0004705758
-0.0001156402 0.0003529319
-0.0001140402 0.0003529319
-0.0001124402 0.0005882198
-0.0001108402 0.0004705758
-0.0001092402 0.0004705758
-0.0001076402 0.0004705758
-0.0001060402 0.0004705758
-0.0001044402 0.0004705758
-0.0001028402 0.0003529319
-0.0001012402 0.0004705758
-9.96402e-005 0.0003529319
-9.80402e-005 0.0005882198
-9.64402e-005 0.0005882198
-9.48402e-005 0.0003529319
-9.32402e-005 0.0004705758
-9.16402e-005 0.0008235077
-9.00402e-005 0.0003529319
-8.84402e-005 0.0004705758
-8.68402e-005 0.0005882198
-8.52402e-005 0.0009411517
-8.36402e-005 0.001294084
-8.20402e-005 0.001764659
-8.04402e-005 0.002941099
-7.88402e-005 0.003058743
-7.72402e-005 0.002941099
-7.56402e-005 0.002235235
-7.40402e-005 0.001058796
-7.24402e-005 0.0002352879
-7.08402e-005 -0.004235183
-6.92402e-005 -0.01305848
-6.76402e-005 -0.02529345
-6.60402e-005 -0.03929308
-6.44402e-005 -0.05199863
-6.28402e-005 -0.06117486
-6.12402e-005 -0.06223365
-5.96402e-005 -0.05976313
-5.80402e-005 -0.06341009
-5.64402e-005 -0.07740972
-5.48402e-005 -0.09846799
-5.32402e-005 -0.1187028
-5.16402e-005 -0.1347023
-5.00402e-005 -0.1469373
-4.84402e-005 -0.1530548
-4.68402e-005 -0.1508196
-4.52402e-005 -0.1495255
-4.36402e-005 -0.1498784
-4.20402e-005 -0.1501137
-4.04402e-005 -0.1432903
-3.88402e-005 -0.1307024
-3.72402e-005 -0.1154087
-3.56402e-005 -0.09882093
-3.40402e-005 -0.07693915
-3.24402e-005 -0.0594102
-3.08402e-005 -0.0438812
-2.92402e-005 -0.03564612
-2.76402e-005 -0.03129329
-2.60402e-005 -0.03011685
-2.44402e-005 -0.03246973
-2.28402e-005 -0.03635198
-2.12402e-005 -0.0369402
-1.96402e-005 -0.03623434
-1.80402e-005 -0.03764607
-1.64402e-005 -0.04082245
-1.48402e-005 -0.04188125
-1.32402e-005 -0.04341062
-1.16402e-005 -0.04482235
-1.00402e-005 -0.04352826
-8.4402e-006 -0.03976366
-6.8402e-006 -0.03270502
-5.2402e-006 -0.02423466
-3.6402e-006 -0.01541136
-2.0402e-006 -0.008823297
-4.402e-007 -0.004117539
1.1598e-006 -0.0002352879
2.7598e-006 0.0004705758
4.3598e-006 0.0002352879
5.9598e-006 -0.00117644
7.5598e-006 -0.003411675
9.1598e-006 -0.008352721
1.07598e-005 -0.01294084
1.23598e-005 -0.01905832
1.39598e-005 -0.02682282
1.55598e-005 -0.03623434
1.71598e-005 -0.04552821
1.87598e-005 -0.0545868
2.03598e-005 -0.06223365
2.19598e-005 -0.0682335
2.35598e-005 -0.07435098
2.51598e-005 -0.07929203
2.67598e-005 -0.08388014
2.83598e-005 -0.08446836
2.99598e-005 -0.08329192
3.15598e-005 -0.08011554
3.31598e-005 -0.07623329
3.47598e-005 -0.07164517
3.63598e-005 -0.06917465
3.79598e-005 -0.07035109
3.95598e-005 -0.07176281
4.11598e-005 -0.07282161
4.27598e-005 -0.07046873
4.43598e-005 -0.06705706
4.59598e-005 -0.0661159
4.75598e-005 -0.06811585
4.91598e-005 -0.07070402
5.07598e-005 -0.07446863
5.23598e-005 -0.07764501
5.39598e-005 -0.08070376
5.55598e-005 -0.08258606
5.71598e-005 -0.08435072
5.87598e-005 -0.0867036
6.03598e-005 -0.08999763
6.19598e-005 -0.09105642
6.35598e-005 -0.08835061
6.51598e-005 -0.08199784
6.67598e-005 -0.07446863
6.83598e-005 -0.06729234
6.99598e-005 -0.06023371
7.15598e-005 -0.05341036
7.31598e-005 -0.04776345
7.47598e-005 -0.04199889
7.63598e-005 -0.03741078
7.79598e-005 -0.03388146
7.95598e-005 -0.03294031
8.11598e-005 -0.03423439
8.27598e-005 -0.03752842
8.43598e-005 -0.04058717
8.59598e-005 -0.04505764
8.75598e-005 -0.04976339
8.91598e-005 -0.05470444
9.07598e-005 -0.06023371
9.23598e-005 -0.06493947
9.39598e-005 -0.07093931
9.55598e-005 -0.0768215
9.71598e-005 -0.0827037
9.87598e-005 -0.08505658
0.0001003598 -0.08505658
0.0001019598 -0.08152726
0.0001035598 -0.07482156
0.0001051598 -0.06623355
0.0001067598 -0.05764554
0.0001083598 -0.04823402
0.0001099598 -0.04011659
0.0001115598 -0.03235209
0.0001131598 -0.0243523
0.0001147598 -0.01764659
0.0001163598 -0.01199968
0.0001179598 -0.007411569
0.0001195598 -0.004941046
0.0001211598 -0.002352879
0.0001227598 0.0002352879
0.0001243598 0.003058743
0.0001259598 0.005293978
0.0001275598 0.006588062
0.0001291598 0.006940994
0.0001307598 0.00505869
0.0001323598 0.001529371
0.0001339598 -0.003999895
0.0001355598 -0.01047031
0.0001371598 -0.01670544
0.0001387598 -0.02082298
0.0001403598 -0.02376408
0.0001419598 -0.02811691
0.0001435598 -0.03423439
0.0001451598 -0.04070481
0.0001467598 -0.04611643
0.0001483598 -0.05023397
0.0001499598 -0.05246921
0.0001515598 -0.05435151
0.0001531598 -0.0545868
0.0001547598 -0.05435151
0.0001563598 -0.05411622
0.0001579598 -0.05270449
0.0001595598 -0.05152805
0.0001611598 -0.04976339
0.0001627598 -0.04882224
0.0001643598 -0.04823402
0.0001659598 -0.04693994
0.0001675598 -0.0457635
0.0001691598 -0.04482235
0.0001707598 -0.04399884
0.0001723598 -0.04399884
0.0001739598 -0.04517528
0.0001755598 -0.04646936
0.0001771598 -0.04717523
0.0001787598 -0.04799874
0.0001803598 -0.04776345
0.0001819598 -0.04729287
0.0001835598 -0.04658701
0.0001851598 -0.0457635
0.0001867598 -0.04446942
0.0001883598 -0.04364591
0.0001899598 -0.04141067
0.0001915598 -0.03788135
0.0001931598 -0.03223444
0.0001947598 -0.02599931
0.0001963598 -0.01811717
0.0001979598 -0.01141146
0.0001995598 -0.005999842
0.0002011598 -0.003411675
0.0002027598 -0.002235235
0.0002043598 -0.002235235
0.0002059598 -0.002470523
0.0002075598 -0.003058743
0.0002091598 -0.003764607
0.0002107598 -0.007058638
0.0002123598 -0.01235262
0.0002139598 -0.01870539
0.0002155598 -0.02529345
0.0002171598 -0.03141094
0.0002187598 -0.03552848
0.0002203598 -0.03811664
0.0002219598 -0.0398813
0.0002235598 -0.04188125
0.0002251598 -0.04352826
0.0002267598 -0.04505764
0.0002283598 -0.04552821
0.0002299598 -0.04411648
0.0002315598 -0.04199889
0.0002331598 -0.03964601
0.0002347598 -0.03670492
0.0002363598 -0.03458732
0.0002379598 -0.03117565
0.0002395598 -0.0272934
0.0002411598 -0.02294057
0.0002427598 -0.01894068
0.0002443598 -0.01588193
0.0002459598 -0.01399963
0.0002475598 -0.01270555
0.0002491598 -0.0117644
0.0002507598 -0.01105853
0.0002523598 -0.009882093
0.0002539598 -0.009293873
0.0002555598 -0.009646805
0.0002571598 -0.01058796
0.0002587598 -0.01129382
0.0002603598 -0.01235262
0.0002619598 -0.01235262
0.0002635598 -0.01247026
0.0002651598 -0.01247026
0.0002667598 -0.01211733
0.0002683598 -0.01247026
0.0002699598 -0.01270555
0.0002715598 -0.01317612
0.0002731598 -0.01317612
0.0002747598 -0.01235262
0.0002763598 -0.01094089
0.0002779598 -0.01035267
0.0002795598 -0.01129382
0.0002811598 -0.01247026
0.0002827598 -0.01388199
0.0002843598 -0.01494078
0.0002859598 -0.01623487
0.0002875598 -0.01670544
0.0002891598 -0.01752895
0.0002907598 -0.01799953
0.0002923598 -0.0184701
0.0002939598 -0.01858775
0.0002955598 -0.01811717
0.0002971598 -0.01752895
0.0002987598 -0.01588193
0.0003003598 -0.01352906
0.0003019598 -0.01199968
0.0003035598 -0.01141146
0.0003051598 -0.01152911
0.0003067598 -0.01199968
0.0003083598 -0.01141146
0.0003099598 -0.01199968
0.0003115598 -0.01129382
0.0003131598 -0.01152911
0.0003147598 -0.01188204
0.0003163598 -0.01329377
0.0003179598 -0.01517607
0.0003195598 -0.01682309
0.0003211598 -0.01705837
0.0003227598 -0.01623487
0.0003243598 -0.01458785
0.0003259598 -0.01388199
0.0003275598 -0.0136467
0.0003291598 -0.01435256
0.0003307598 -0.01482314
0.0003323598 -0.01517607
0.0003339598 -0.01588193
0.0003355598 -0.01705837
0.0003371598 -0.01858775
0.0003387598 -0.02129356
0.0003403598 -0.02399937
0.0003419598 -0.02552874
0.0003435598 -0.02588167
0.0003451598 -0.02588167
0.0003467598 -0.02529345
0.0003483598 -0.02576403
0.0003499598 -0.02576403
0.0003515598 -0.02599931
0.0003531598 -0.02576403
0.0003547598 -0.02482288
0.0003563598 -0.02247
0.0003579598 -0.02082298
0.0003595598 -0.01882303
0.0003611598 -0.01694073
0.0003627598 -0.01376434
0.0003643598 -0.008940941
0.0003659598 -0.003529319
0.0003675598 0.002117591
0.0003691598 0.007411569
0.0003707598 0.01117618
0.0003723598 0.01329377
0.0003739598 0.01388199
0.0003755598 0.01435256
0.0003771598 0.01352906
0.0003787598 0.01211733
0.0003803598 0.0107056
0.0003819598 0.009999736
0.0003835598 0.009882093
0.0003851598 0.009646805
0.0003867598 0.009293873
0.0003883598 0.009058585
0.0003899598 0.008823297
0.0003915598 0.008823297
0.0003931598 0.009176229
0.0003947598 0.0107056
0.0003963598 0.01164675
0.0003979598 0.01223497
0.0003995598 0.01188204
0.0004011598 0.01188204
0.0004027598 0.01164675
0.0004043598 0.01152911
0.0004059598 0.0125879
0.0004075598 0.01399963
0.0004091598 0.01505843
0.0004107598 0.015529
0.0004123598 0.01564665
0.0004139598 0.01564665
0.0004155598 0.01682309
0.0004171598 0.01764659
0.0004187598 0.01870539
0.0004203598 0.01870539
0.0004219598 0.01752895
0.0004235598 0.01482314
0.0004251598 0.01317612
0.0004267598 0.01199968
0.0004283598 0.01082324
0.0004299598 0.009764449
0.0004315598 0.008117433
0.0004331598 0.00682335
0.0004347598 0.005882198
0.0004363598 0.005764554
0.0004379598 0.006705706
0.0004395598 0.007999789
0.0004411598 0.008470365
0.0004427598 0.008823297
0.0004443598 0.009058585
0.0004459598 0.009176229
0.0004475598 0.009764449
0.0004491598 0.01011738
0.0004507598 0.009176229
0.0004523598 0.008352721
0.0004539598 0.006352774
0.0004555598 0.005176334
0.0004571598 0.004352826
0.0004587598 0.004588114
0.0004603598 0.004941046
0.0004619598 0.00505869
0.0004635598 0.00505869
0.0004651598 0.005176334
0.0004667598 0.005529266
0.0004683598 0.006705706
0.0004699598 0.007058638
0.0004715598 0.007999789
0.0004731598 0.007882145
0.0004747598 0.007411569
0.0004763598 0.005882198
0.0004779598 0.004588114
0.0004795598 0.003999895
0.0004811598 0.003999895
0.0004827598 0.004117539
0.0004843598 0.005176334
0.0004859598 0.004588114
0.0004875598 0.004235183
0.0004891598 0.003646963
0.0004907598 0.003764607
0.0004923598 0.003764607
0.0004939598 0.005176334
0.0004955598 0.00623513
0.0004971598 0.007646857
0.0004987598 0.009058585
0.0005003598 0.01023502
0.0005019598 0.01152911
0.0005035598 0.01329377
0.0005051598 0.01576429
0.0005067598 0.01823481
0.0005083598 0.02117591
0.0005099598 0.02317586
0.0005115598 0.02446994
0.0005131598 0.02552874
0.0005147598 0.02564638
0.0005163598 0.02599931
0.0005179598 0.02682282
0.0005195598 0.0291757
0.0005211598 0.03117565
0.0005227598 0.0321168
0.0005243598 0.03246973
0.0005259598 0.03223444
0.0005275598 0.03152858
0.0005291598 0.03094036
0.0005307598 0.03094036
0.0005323598 0.03046979
0.0005339598 0.02999921
0.0005355598 0.0291757
0.0005371598 0.02788162
0.0005387598 0.02658753
0.0005403598 0.0254111
0.0005419598 0.02388172
0.0005435598 0.02270528
0.0005451598 0.02117591
0.0005467598 0.02094062
0.0005483598 0.02023476
0.0005499598 0.02105827
0.0005515598 0.02247
0.0005531598 0.02399937
0.0005547598 0.02552874
0.0005563598 0.0272934
0.0005579598 0.02882277
0.0005595598 0.03105801
0.0005611598 0.03352853
0.0005627598 0.0361167
0.0005643598 0.03882251
0.0005659598 0.0409401
0.0005675598 0.04235183
0.0005691598 0.04329298
0.0005707598 0.04411648
0.0005723598 0.04493999
0.0005739598 0.04646936
0.0005755598 0.0468223
0.0005771598 0.04717523
0.0005787598 0.04741052
0.0005803598 0.04705758
0.0005819598 0.04693994
0.0005835598 0.04670465
0.0005851598 0.04693994
0.0005867598 0.04729287
0.0005883598 0.0476458
0.0005899598 0.04811638
0.0005915598 0.0487046
0.0005931598 0.04917517
0.0005947598 0.0487046
0.0005963598 0.0476458
0.0005979598 0.04670465
0.0005995598 0.04599879
0.0006011598 0.04541057
0.0006027598 0.04493999
0.0006043598 0.04446942
0.0006059598 0.04341062
0.0006075598 0.04270476
0.0006091598 0.04223418
0.0006107598 0.04129303
0.0006123598 0.04117539
0.0006139598 0.0409401
0.0006155598 0.04046952
0.0006171598 0.04023423
0.0006187598 0.04046952
0.0006203598 0.0409401
0.0006219598 0.04152832
0.0006235598 0.04199889
0.0006251598 0.04270476
0.0006267598 0.04399884
0.0006283598 0.04552821
0.0006299598 0.04799874
0.0006315598 0.04999868
0.0006331598 0.05246921
0.0006347598 0.05399858
0.0006363598 0.05435151
0.0006379598 0.05364565
0.0006395598 0.05282214
0.0006411598 0.05211627
0.0006427598 0.05199863
0.0006443598 0.05270449
0.0006459598 0.05341036
0.0006475598 0.05399858
0.0006491598 0.05411622
0.0006507598 0.05399858
0.0006523598 0.05399858
0.0006539598 0.05435151
0.0006555598 0.05493973
0.0006571598 0.05611617
0.0006587598 0.05693968
0.0006603598 0.05717496
0.0006619598 0.05693968
0.0006635598 0.05682203
0.0006651598 0.05635146
0.0006667598 0.05576324
0.0006683598 0.05517502
0.0006699598 0.05423386
0.0006715598 0.053528
0.0006731598 0.05317507
0.0006747598 0.05258685
0.0006763598 0.05223392
0.0006779598 0.05199863
0.0006795598 0.05211627
0.0006811598 0.05211627
0.0006827598 0.05199863
0.0006843598 0.05246921
0.0006859598 0.05329271
0.0006875598 0.05435151
0.0006891598 0.05505737
0.0006907598 0.05576324
0.0006923598 0.05623381
0.0006939598 0.05693968
0.0006955598 0.05658674
0.0006971598 0.0564691
0.0006987598 0.05670439
0.0007003598 0.05682203
0.0007019598 0.05788083
0.0007035598 0.05846905
0.0007051598 0.05917491
0.0007067598 0.05905727
0.0007083598 0.05905727
0.0007099598 0.05870434
0.0007115598 0.05893962
0.0007131598 0.05976313
0.0007147598 0.06070428
0.0007163598 0.06176308
0.0007179598 0.06258659
0.0007195598 0.06317481
0.0007211598 0.06364538
0.0007227598 0.06435125
0.0007243598 0.06552768
0.0007259598 0.06658648
0.0007275598 0.06646884
0.0007291598 0.06635119
0.0007307598 0.06576297
0.0007323598 0.06505711
0.0007339598 0.06376303
0.0007355598 0.06341009
0.0007371598 0.06305716
0.0007387598 0.06282187
0.0007403598 0.06211601
0.0007419598 0.06141015
0.0007435598 0.06070428
0.0007451598 0.06117486
0.0007467598 0.06270423
0.0007483598 0.06399831
0.0007499598 0.0652924
0.0007515598 0.06599826
0.0007531598 0.06576297
0.0007547598 0.06541004
0.0007563598 0.06505711
0.0007579598 0.06470418
0.0007595598 0.06399831
0.0007611598 0.06305716
0.0007627598 0.06152779
0.0007643598 0.06023371
0.0007659598 0.05929256
0.0007675598 0.05858669
0.0007691598 0.05799847
0.0007707598 0.05788083
0.0007723598 0.05811612
0.0007739598 0.05811612
0.0007755598 0.0575279
0.0007771598 0.05717496
0.0007787598 0.05717496
0.0007803598 0.05717496
0.0007819598 0.05717496
0.0007835598 0.0575279
0.0007851598 0.05729261
0.0007867598 0.05729261
0.0007883598 0.05799847
0.0007899598 0.05893962
0.0007915598 0.05964549
0.0007931598 0.06070428
0.0007947598 0.06058664
0.0007963598 0.06023371
0.0007979598 0.0594102
0.0007995598 0.05858669
0.0008011598 0.05705732
0.0008027598 0.05552795
0.0008043598 0.05399858
0.0008059598 0.05305743
0.0008075598 0.05199863
0.0008091598 0.0516457
0.0008107598 0.05141041
0.0008123598 0.05141041
0.0008139598 0.05117512
0.0008155598 0.05129277
0.0008171598 0.05188099
0.0008187598 0.05329271
0.0008203598 0.0545868
0.0008219598 0.05576324
0.0008235598 0.05611617
0.0008251598 0.05635146
0.0008267598 0.05705732
0.0008283598 0.05811612
0.0008299598 0.05917491
0.0008315598 0.06035135
0.0008331598 0.06082193
0.0008347598 0.06058664
0.0008363598 0.06082193
0.0008379598 0.06035135
0.0008395598 0.06035135
0.0008411598 0.05988077
0.0008427598 0.05988077
0.0008443598 0.05882198
0.0008459598 0.05764554
0.0008475598 0.05611617
0.0008491598 0.05411622
0.0008507598 0.05246921
0.0008523598 0.05117512
0.0008539598 0.04976339
0.0008555598 0.04811638
0.0008571598 0.04646936
0.0008587598 0.04505764
0.0008603598 0.04376355
0.0008619598 0.04270476
0.0008635598 0.04199889
0.0008651598 0.04188125
0.0008667598 0.04129303
0.0008683598 0.04199889
0.0008699598 0.04258711
0.0008715598 0.04376355
0.0008731598 0.04611643
0.0008747598 0.04811638
0.0008763598 0.04964575
0.0008779598 0.05141041
0.0008795598 0.05329271
0.0008811598 0.05423386
0.0008827598 0.05599852
0.0008843598 0.05670439
0.0008859598 0.0575279
0.0008875598 0.05799847
0.0008891598 0.05811612
0.0008907598 0.05882198
0.0008923598 0.05917491
0.0008939598 0.05964549
0.0008955598 0.05929256
0.0008971598 0.05870434
0.0008987598 0.05799847
0.0009003598 0.0575279
0.0009019598 0.05623381
0.0009035598 0.05435151
0.0009051598 0.05282214
0.0009067598 0.05093983
0.0009083598 0.04941046
0.0009099598 0.04811638
0.0009115598 0.04717523
0.0009131598 0.04658701
0.0009147598 0.04646936
0.0009163598 0.04670465
0.0009179598 0.04717523
0.0009195598 0.04835167
0.0009211598 0.05011633
0.0009227598 0.05129277
0.0009243598 0.05305743
0.0009259598 0.05399858
0.0009275598 0.0554103
0.0009291598 0.05599852
0.0009307598 0.05635146
0.0009323598 0.05693968
0.0009339598 0.05729261
0.0009355598 0.0575279
0.0009371598 0.05705732
0.0009387598 0.05670439
0.0009403598 0.05588088
0.0009419598 0.05529266
0.0009435598 0.05470444
0.0009451598 0.05493973
0.0009467598 0.05493973
0.0009483598 0.05470444
0.0009499598 0.05388093
0.0009515598 0.05329271
0.0009531598 0.05235156
0.0009547598 0.05199863
0.0009563598 0.05141041
0.0009579598 0.05152805
0.0009595598 0.0516457
0.0009611598 0.05105748
0.0009627598 0.05082219
0.0009643598 0.05046926
0.0009659598 0.04999868
0.0009675598 0.04952811
0.0009691598 0.04835167
0.0009707598 0.04776345
0.0009723598 0.04635172
0.0009739598 0.0447047
0.0009755598 0.04329298
0.0009771598 0.04235183
0.0009787598 0.04058717
0.0009803598 0.03964601
0.0009819598 0.03858722
0.0009835598 0.03776371
0.0009851598 0.03658727
0.0009867598 0.03588141
0.0009883598 0.03494026
0.0009899598 0.03388146
0.0009915598 0.03294031
0.0009931598 0.03258738
0.0009947598 0.03199916
0.0009963598 0.03105801
0.0009979598 0.03046979
0.0009995598 0.02905806
0.00100116 0.02858748
0.00100276 0.02811691
0.00100436 0.02741104
0.00100596 0.02682282
0.00100756 0.02670518
0.00100916 0.02599931
0.00101076 0.02505816
0.00101236 0.02458759
0.00101396 0.02388172
0.00101556 0.02317586
0.00101716 0.02235235
0.00101876 0.0214112
0.00102036 0.02047005
0.00102196 0.01999947
0.00102356 0.01929361
0.00102516 0.01917597
0.00102676 0.01976419
0.00102836 0.02023476
0.00102996 0.02011712
0.00103156 0.02023476
0.00103316 0.02070534
0.00103476 0.02105827
0.00103636 0.02199942
0.00103796 0.0232935
0.00103956 0.02376408
0.00104116 0.0243523
0.00104276 0.02423466
0.00104436 0.02423466
0.00104596 0.0243523
0.00104756 0.02494052
0.00104916 0.0243523
0.00105076 0.02423466
0.00105236 0.02411701
0.00105396 0.02305822
0.00105556 0.02199942
0.00105716 0.02105827
0.00105876 0.02011712
0.00106036 0.01929361
0.00106196 0.01858775
0.00106356 0.01776424
0.00106516 0.01670544
0.00106676 0.01505843
0.00106836 0.01470549
0.00106996 0.01399963
0.00107156 0.01329377
0.00107316 0.01341141
0.00107476 0.01329377
0.00107636 0.01423492
0.00107796 0.01482314
0.00107956 0.01623487
0.00108116 0.01729366
0.00108276 0.01823481
0.00108436 0.0184701
0.00108596 0.01882303
0.00108756 0.01894068
0.00108916 0.01905832
0.00109076 0.01882303
0.00109236 0.01823481
0.00109396 0.01776424
0.00109556 0.01694073
0.00109716 0.01670544
0.00109876 0.01599958
0.00110036 0.01541136
0.00110196 0.01541136
0.00110356 0.01541136
0.00110516 0.01611722
0.00110676 0.01717602
0.00110836 0.01835246
0.00110996 0.01941125
0.00111156 0.02011712
0.00111316 0.02105827
0.00111476 0.0214112
0.00111636 0.02211706
0.00111796 0.02270528
0.00111956 0.02399937
0.00112116 0.02470523
0.00112276 0.02482288
0.00112436 0.02505816
0.00112596 0.0254111
0.00112756 0.02599931
0.00112916 0.0262346
0.00113076 0.02694047
0.00113236 0.0272934
0.00113396 0.02705811
0.00113556 0.02741104
0.00113716 0.0272934
0.00113876 0.02776397
0.00114036 0.02835219
0.00114196 0.02894041
0.00114356 0.02976392
0.00114516 0.03070507
0.00114676 0.03152858
0.00114836 0.03235209
0.00114996 0.03294031
0.00115156 0.03352853
0.00115316 0.03388146
0.00115476 0.03364617
0.00115636 0.03294031
0.00115796 0.03199916
0.00115956 0.03105801
0.00116116 0.02905806
0.00116276 0.02764633
0.00116436 0.02576403
0.00116596 0.02352879
0.00116756 0.0214112
0.00116916 0.01882303
0.00117076 0.01647015
0.00117236 0.01447021
0.00117396 0.01235262
0.00117556 0.01082324
0.00117716 0.009293873
0.00117876 0.007999789
0.00118036 0.006940994
0.00118196 0.005999842
0.00118356 0.005411622
0.00118516 0.004705758
0.00118676 0.004823402
0.00118836 0.00447047
0.00118996 0.00447047
0.00119156 0.004823402
0.00119316 0.00505869
0.00119476 0.004941046
0.00119636 0.00505869
0.00119796 0.005882198
0.00119956 0.006117486
0.00120116 0.007176281
0.00120276 0.007293925
0.00120436 0.007764501
0.00120596 0.008352721
0.00120756 0.008470365
0.00120916 0.009176229
0.00121076 0.009529161
0.00121236 0.009764449
0.00121396 0.01035267
0.00121556 0.01047031
0.00121716 0.01094089
0.00121876 0.01152911
0.00122036 0.01211733
0.00122196 0.01223497
0.00122356 0.01270555
0.00122516 0.01282319
0.00122676 0.01235262
0.00122836 0.0117644
0.00122996 0.01141146
0.00123156 0.01082324
0.00123316 0.01011738
0.00123476 0.009058585
0.00123636 0.008235077
0.00123796 0.007058638
0.00123956 0.00564691
0.00124116 0.004235183
0.00124276 0.003176387
0.00124436 0.001999947
0.00124596 0.0004705758
0.00124756 -0.0003529319
0.00124916 -0.001647015
0.00125076 -0.002705811
0.00125236 -0.003646963
0.00125396 -0.004352826
0.00125556 -0.004705758
0.00125716 -0.004823402
0.00125876 -0.005882198
0.00126036 -0.006940994
0.00126196 -0.007293925
0.00126356 -0.007411569
0.00126516 -0.007293925
0.00126676 -0.007646857
0.00126836 -0.007411569
0.00126996 -0.007764501
0.00127156 -0.007293925
0.00127316 -0.007764501
0.00127476 -0.007529213
0.00127636 -0.007411569
0.00127796 -0.007646857
0.00127956 -0.007411569
0.00128116 -0.007764501
0.00128276 -0.008352721
0.00128436 -0.008823297
0.00128596 -0.009411517
0.00128756 -0.01011738
0.00128916 -0.01047031
0.00129076 -0.01105853
0.00129236 -0.01129382
0.00129396 -0.01235262
0.00129556 -0.01270555
0.00129716 -0.01341141
0.00129876 -0.01376434
0.00130036 -0.01399963
0.00130196 -0.01435256
0.00130356 -0.01423492
0.00130516 -0.01458785
0.00130676 -0.01470549
0.00130836 -0.01470549
0.00130996 -0.01447021
0.00131156 -0.01447021
0.00131316 -0.01435256
0.00131476 -0.01399963
0.00131636 -0.01352906
0.00131796 -0.01317612
0.00131956 -0.01317612
0.00132116 -0.01329377
0.00132276 -0.01341141
0.00132436 -0.01317612
0.00132596 -0.01329377
0.00132756 -0.0136467
0.00132916 -0.01352906
0.00133076 -0.01388199
0.00133236 -0.01399963
0.00133396 -0.01458785
0.00133556 -0.01447021
0.00133716 -0.01517607
0.00133876 -0.01541136
0.00134036 -0.0165878
0.00134196 -0.01764659
0.00134356 -0.01882303
0.00134516 -0.02058769
0.00134676 -0.02223471
0.00134836 -0.02364644
0.00134996 -0.02576403
0.00135156 -0.0272934
0.00135316 -0.02894041
0.00135476 -0.03117565
0.00135636 -0.03235209
0.00135796 -0.03364617
0.00135956 -0.03470497
0.00136116 -0.03541083
0.00136276 -0.03623434
0.00136436 -0.03646963
0.00136596 -0.03741078
0.00136756 -0.03752842
0.00136916 -0.03776371
0.00137076 -0.03788135
0.00137236 -0.037999
0.00137396 -0.03788135
0.00137556 -0.03811664
0.00137716 -0.03823429
0.00137876 -0.03870486
0.00138036 -0.03882251
0.00138196 -0.03894015
0.00138356 -0.03941073
0.00138516 -0.03952837
0.00138676 -0.03952837
0.00138836 -0.03952837
0.00138996 -0.03870486
0.00139156 -0.03870486
0.00139316 -0.037999
0.00139476 -0.03811664
0.00139636 -0.03776371
0.00139796 -0.03741078
0.00139956 -0.03682256
0.00140116 -0.0369402
0.00140276 -0.0361167
0.00140436 -0.03588141
0.00140596 -0.03599905
0.00140756 -0.0361167
0.00140916 -0.03635198
0.00141076 -0.03658727
0.00141236 -0.0369402
0.00141396 -0.03717549
0.00141556 -0.03729313
0.00141716 -0.03788135
0.00141876 -0.03846957
0.00142036 -0.03952837
0.00142196 -0.04011659
0.00142356 -0.04117539
0.00142516 -0.04188125
0.00142676 -0.04246947
0.00142836 -0.0428224
0.00142996 -0.04352826
0.00143156 -0.04329298
0.00143316 -0.04329298
0.00143476 -0.04317533
0.00143636 -0.04305769
0.00143796 -0.04188125
0.00143956 -0.04176361
0.00144116 -0.04141067
0.00144276 -0.04082245
0.00144436 -0.04070481
0.00144596 -0.04070481
0.00144756 -0.04035188
0.00144916 -0.04058717
0.00145076 -0.04082245
0.00145236 -0.04141067
0.00145396 -0.04199889
0.00145556 -0.04270476
0.00145716 -0.04270476
0.00145876 -0.04341062
0.00146036 -0.04352826
0.00146196 -0.04341062
0.00146356 -0.04329298
0.00146516 -0.04341062
0.00146676 -0.04364591
0.00146836 -0.0438812
0.00146996 -0.04329298
0.00147156 -0.0428224
0.00147316 -0.04246947
0.00147476 -0.04211654
0.00147636 -0.04188125
0.00147796 -0.04152832
0.00147956 -0.04105774
0.00148116 -0.04058717
0.00148276 -0.04035188
0.00148436 -0.04035188
0.00148596 -0.04011659
0.00148756 -0.0409401
0.00148916 -0.04117539
0.00149076 -0.04199889
0.00149236 -0.04294004
0.00149396 -0.04423413
0.00149556 -0.04482235
0.00149716 -0.04564586
0.00149876 -0.04670465
0.00150036 -0.04705758
0.00150196 -0.04776345
0.00150356 -0.04823402
0.00150516 -0.0487046
0.00150676 -0.04893989
0.00150836 -0.04941046
0.00150996 -0.04999868
0.00151156 -0.05035161
0.00151316 -0.05046926
0.00151476 -0.0505869
0.00151636 -0.05035161
0.00151796 -0.04988104
0.00151956 -0.04976339
0.00152116 -0.04929282
0.00152276 -0.04917517
0.00152436 -0.04893989
0.00152596 -0.04846931
0.00152756 -0.04776345
0.00152916 -0.04717523
0.00153076 -0.04693994
0.00153236 -0.04635172
0.00153396 -0.04552821
0.00153556 -0.04517528
0.00153716 -0.04458706
0.00153876 -0.0447047
0.00154036 -0.04435177
0.00154196 -0.04352826
0.00154356 -0.04270476
0.00154516 -0.04199889
0.00154676 -0.04152832
0.00154836 -0.04117539
0.00154996 -0.04082245
0.00155156 -0.04046952
0.00155316 -0.04035188
0.00155476 -0.04035188
0.00155636 -0.03952837
0.00155796 -0.03964601
0.00155956 -0.03976366
0.00156116 -0.03964601
0.00156276 -0.03941073
0.00156436 -0.03929308
0.00156596 -0.03882251
0.00156756 -0.03952837
0.00156916 -0.0398813
0.00157076 -0.03999895
0.00157236 -0.04011659
0.00157396 -0.04070481
0.00157556 -0.04105774
0.00157716 -0.04105774
0.00157876 -0.04105774
0.00158036 -0.04176361
0.00158196 -0.04199889
0.00158356 -0.04235183
0.00158516 -0.04270476
0.00158676 -0.04294004
0.00158836 -0.04258711
0.00158996 -0.04317533
0.00159156 -0.04305769
0.00159316 -0.04329298
0.00159476 -0.04329298
0.00159636 -0.04317533
0.00159796 -0.04317533
0.00159956 -0.04305769
0.00160116 -0.0428224
0.00160276 -0.04317533
0.00160436 -0.04305769
0.00160596 -0.04352826
0.00160756 -0.04341062
0.00160916 -0.04376355
0.00161076 -0.04376355
0.00161236 -0.04446942
0.00161396 -0.04482235
0.00161556 -0.04493999
0.00161716 -0.04517528
0.00161876 -0.04505764
0.00162036 -0.04482235
0.00162196 -0.04446942
0.00162356 -0.04376355
0.00162516 -0.04235183
0.00162676 -0.04141067
0.00162836 -0.04082245
0.00162996 -0.03929308
0.00163156 -0.03870486
0.00163316 -0.037999
0.00163476 -0.03717549
0.00163636 -0.03635198
0.00163796 -0.03599905
0.00163956 -0.03517554
0.00164116 -0.03482261
0.00164276 -0.03423439
0.00164436 -0.03376382
0.00164596 -0.03329324
0.00164756 -0.03294031
0.00164916 -0.03294031
0.00165076 -0.03282266
0.00165236 -0.0331756
0.00165396 -0.03352853
0.00165556 -0.0339991
0.00165716 -0.03411675
0.00165876 -0.0339991
0.00166036 -0.03446968
0.00166196 -0.03435204
0.00166356 -0.03470497
0.00166516 -0.03458732
0.00166676 -0.03470497
0.00166836 -0.03482261
0.00166996 -0.03470497
0.00167156 -0.03411675
0.00167316 -0.03470497
0.00167476 -0.03494026
0.00167636 -0.03599905
0.00167796 -0.0361167
0.00167956 -0.03670492
0.00168116 -0.03717549
0.00168276 -0.03823429
0.00168436 -0.03858722
0.00168596 -0.03976366
0.00168756 -0.0409401
0.00168916 -0.04129303
0.00169076 -0.04235183
0.00169236 -0.04329298
0.00169396 -0.04352826
0.00169556 -0.04446942
0.00169716 -0.04482235
0.00169876 -0.04564586
0.00170036 -0.04635172
0.00170196 -0.04705758
0.00170356 -0.0476458
0.00170516 -0.04846931
0.00170676 -0.04905753
0.00170836 -0.05011633
0.00170996 -0.05105748
0.00171156 -0.05152805
0.00171316 -0.05199863
0.00171476 -0.05293978
0.00171636 -0.05293978
0.00171796 -0.05364565
0.00171956 -0.05376329
0.00172116 -0.05435151
0.00172276 -0.05435151
0.00172436 -0.05470444
0.00172596 -0.05446915
0.00172756 -0.05470444
0.00172916 -0.05423386
0.00173076 -0.05423386
0.00173236 -0.05388093
0.00173396 -0.05341036
0.00173556 -0.05329271
0.00173716 -0.05282214
0.00173876 -0.05258685
0.00174036 -0.05223392
0.00174196 -0.05129277
0.00174356 -0.05129277
0.00174516 -0.05082219
0.00174676 -0.04999868
0.00174836 -0.04952811
0.00174996 -0.04941046
0.00175156 -0.04905753
0.00175316 -0.04882224
0.00175476 -0.04823402
0.00175636 -0.04823402
0.00175796 -0.04788109
0.00175956 -0.04776345
0.00176116 -0.04776345
0.00176276 -0.04799874
0.00176436 -0.04752816
0.00176596 -0.04799874
0.00176756 -0.04835167
0.00176916 -0.04799874
0.00177076 -0.04846931
0.00177236 -0.04823402
0.00177396 -0.04752816
0.00177556 -0.04729287
0.00177716 -0.04705758
0.00177876 -0.04599879
0.00178036 -0.04541057
0.00178196 -0.04446942
0.00178356 -0.04341062
0.00178516 -0.04270476
0.00178676 -0.04176361
0.00178836 -0.0409401
0.00178996 -0.03964601
0.00179156 -0.03917544
0.00179316 -0.03858722
0.00179476 -0.03823429
0.00179636 -0.03741078
0.00179796 -0.03705785
0.00179956 -0.03670492
0.00180116 -0.03658727
0.00180276 -0.03646963
0.00180436 -0.0369402
0.00180596 -0.03646963
0.00180756 -0.03705785
0.00180916 -0.03682256
0.00181076 -0.03741078
0.00181236 -0.03788135
0.00181396 -0.03846957
0.00181556 -0.03870486
0.00181716 -0.03905779
0.00181876 -0.03882251
0.00182036 -0.03929308
0.00182196 -0.03964601
0.00182356 -0.03964601
0.00182516 -0.03929308
0.00182676 -0.03929308
0.00182836 -0.03882251
0.00182996 -0.03823429
0.00183156 -0.03764607
0.00183316 -0.03729313
0.00183476 -0.0361167
0.00183636 -0.03529319
0.00183796 -0.03470497
0.00183956 -0.03388146
0.00184116 -0.03282266
0.00184276 -0.0321168
0.00184436 -0.03117565
0.00184596 -0.03035214
0.00184756 -0.02988157
0.00184916 -0.02905806
0.00185076 -0.02846984
0.00185236 -0.02823455
0.00185396 -0.02705811
0.00185556 -0.02635225
0.00185716 -0.0254111
0.00185876 -0.02470523
0.00186036 -0.02399937
0.00186196 -0.02270528
0.00186356 -0.02129356
0.00186516 -0.0203524
0.00186676 -0.0195289
0.00186836 -0.01811717
0.00186996 -0.01741131
0.00187156 -0.01635251
0.00187316 -0.01564665
0.00187476 -0.01494078
0.00187636 -0.01423492
0.00187796 -0.0136467
0.00187956 -0.01317612
0.00188116 -0.01270555
0.00188276 -0.01247026
0.00188436 -0.01164675
0.00188596 -0.01152911
0.00188756 -0.01105853
0.00188916 -0.01023502
0.00189076 -0.009999736
0.00189236 -0.009882093
0.00189396 -0.009646805
0.00189556 -0.009293873
0.00189716 -0.009293873
0.00189876 -0.009176229
0.00190036 -0.009058585
0.00190196 -0.008823297
0.00190356 -0.009176229
0.00190516 -0.008705653
0.00190676 -0.008588009
0.00190836 -0.008352721
0.00190996 -0.007999789
0.00191156 -0.007882145
0.00191316 -0.007293925
0.00191476 -0.006940994
0.00191636 -0.00623513
0.00191796 -0.005293978
0.00191956 -0.00447047
0.00192116 -0.003764607
0.00192276 -0.002823455
0.00192436 -0.001882303
0.00192596 -0.0007058638
0.00192756 0.0004705758
0.00192916 0.001411728
0.00193076 0.002235235
0.00193236 0.003646963
0.00193396 0.004588114
0.00193556 0.005411622
0.00193716 0.006588062
0.00193876 0.007411569
0.00194036 0.008823297
0.00194196 0.009999736
0.00194356 0.01105853
0.00194516 0.01223497
0.00194676 0.01352906
0.00194836 0.01482314
0.00194996 0.015529
0.00195156 0.01635251
0.00195316 0.01729366
0.00195476 0.01823481
0.00195636 0.01929361
0.00195796 0.02047005
0.00195956 0.02094062
0.00196116 0.02129356
0.00196276 0.02235235
0.00196436 0.02282293
0.00196596 0.02305822
0.00196756 0.02376408
0.00196916 0.02423466
0.00197076 0.02517581
0.00197236 0.02505816
0.00197396 0.0254111
0.00197556 0.02599931
0.00197716 0.02611696
0.00197876 0.02670518
0.00198036 0.02646989
0.00198196 0.02670518
0.00198356 0.02670518
0.00198516 0.0262346
0.00198676 0.02611696
0.00198836 0.02658753
0.00198996 0.02658753
0.00199156 0.02694047
0.00199316 0.02694047
0.00199476 0.02705811
0.00199636 0.02741104
0.00199796 0.02811691
0.00199956 0.02835219
0.00200116 0.02929335
0.00200276 0.03035214
0.00200436 0.03082272
0.00200596 0.03129329
0.00200756 0.03141094
0.00200916 0.03176387
0.00201076 0.03199916
0.00201236 0.03141094
0.00201396 0.03164622
0.00201556 0.03105801
0.00201716 0.03105801
0.00201876 0.0302345
0.00202036 0.03058743
0.00202196 0.03011685
0.00202356 0.03035214
0.00202516 0.03070507
0.00202676 0.03105801
0.00202836 0.03164622
0.00202996 0.03246973
0.00203156 0.03305795
0.00203316 0.03364617
0.00203476 0.03446968
0.00203636 0.03529319
0.00203796 0.03588141
0.00203956 0.03670492
0.00204116 0.03705785
0.00204276 0.03717549
0.00204436 0.03788135
0.00204596 0.03788135
0.00204756 0.037999
0.00204916 0.03823429
0.00205076 0.03811664
0.00205236 0.03811664
0.00205396 0.037999
0.00205556 0.03764607
0.00205716 0.03729313
0.00205876 0.03670492
0.00206036 0.03658727
0.00206196 0.03646963
0.00206356 0.03588141
0.00206516 0.0350579
0.00206676 0.03470497
0.00206836 0.03446968
0.00206996 0.03376382
0.00207156 0.03329324
0.00207316 0.03294031
0.00207476 0.0321168
0.00207636 0.03223444
0.00207796 0.03152858
0.00207956 0.03094036
0.00208116 0.03058743
0.00208276 0.0302345
0.00208436 0.02964628
0.00208596 0.02905806
0.00208756 0.02882277
0.00208916 0.02788162
0.00209076 0.02705811
0.00209236 0.0262346
0.00209396 0.02494052
0.00209556 0.02388172
0.00209716 0.02270528
0.00209876 0.02176413
0.00210036 0.02070534
0.00210196 0.02011712
0.00210356 0.02023476
0.00210516 0.0203524
0.00210676 0.01999947
0.00210836 0.01976419
0.00210996 0.02011712
0.00211156 0.02058769
0.00211316 0.02047005
0.00211476 0.02117591
0.00211636 0.0214112
0.00211796 0.02164649
0.00211956 0.02211706
0.00212116 0.02223471
0.00212276 0.02164649
0.00212436 0.02188178
0.00212596 0.02176413
0.00212756 0.02117591
0.00212916 0.02070534
0.00213076 0.01999947
0.00213236 0.01929361
0.00213396 0.01905832
0.00213556 0.01870539
0.00213716 0.01811717
0.00213876 0.01799953
0.00214036 0.01741131
0.00214196 0.01752895
0.00214356 0.01741131
0.00214516 0.01788188
0.00214676 0.01823481
0.00214836 0.01882303
0.00214996 0.01988183
0.00215156 0.02105827
0.00215316 0.02188178
0.00215476 0.02282293
0.00215636 0.02341115
0.00215796 0.02458759
0.00215956 0.0254111
0.00216116 0.0262346
0.00216276 0.02658753
0.00216436 0.02717575
0.00216596 0.02741104
0.00216756 0.02717575
0.00216916 0.02705811
0.00217076 0.02682282
0.00217236 0.02646989
0.00217396 0.02576403
0.00217556 0.02564638
0.00217716 0.02505816
0.00217876 0.02446994
0.00218036 0.02388172
0.00218196 0.02388172
0.00218356 0.02352879
0.00218516 0.0232935
0.00218676 0.02305822
0.00218836 0.02317586
0.00218996 0.02294057
0.00219156 0.02282293
0.00219316 0.02270528
0.00219476 0.02211706
0.00219636 0.02164649
0.00219796 0.02117591
0.00219956 0.02082298
0.00220116 0.02047005
0.00220276 0.01988183
0.00220436 0.0195289
0.00220596 0.01894068
0.00220756 0.01799953
0.00220916 0.01717602
0.00221076 0.01635251
0.00221236 0.01541136
0.00221396 0.01494078
0.00221556 0.01388199
0.00221716 0.01282319
0.00221876 0.01152911
0.00222036 0.01011738
0.00222196 0.009646805
0.00222356 0.008588009
0.00222516 0.007882145
0.00222676 0.007058638
0.00222836 0.006117486
0.00222996 0.005529266
0.00223156 0.005411622
0.00223316 0.005293978
0.00223476 0.004823402
0.00223636 0.004941046
0.00223796 0.005176334
0.00223956 0.00505869
0.00224116 0.00505869
0.00224276 0.005999842
0.00224436 0.006470418
0.00224596 0.007176281
0.00224756 0.007999789
0.00224916 0.008823297
0.00225076 0.009529161
0.00225236 0.009882093
0.00225396 0.01058796
0.00225556 0.01105853
0.00225716 0.0117644
0.00225876 0.01235262
0.00226036 0.0125879
0.00226196 0.01294084
0.00226356 0.01329377
0.00226516 0.01352906
0.00226676 0.01399963
0.00226836 0.01435256
0.00226996 0.01529371
0.00227156 0.015529
0.00227316 0.01647015
0.00227476 0.01670544
0.00227636 0.01670544
0.00227796 0.01717602
0.00227956 0.01764659
0.00228116 0.01788188
0.00228276 0.01858775
0.00228436 0.01870539
0.00228596 0.0184701
0.00228756 0.01858775
0.00228916 0.01870539
0.00229076 0.0184701
0.00229236 0.01811717
0.00229396 0.01776424
0.00229556 0.01741131
0.00229716 0.0165878
0.00229876 0.01599958
0.00230036 0.01529371
0.00230196 0.01470549
0.00230356 0.0136467
0.00230516 0.01329377
0.00230676 0.01270555
0.00230836 0.0125879
0.00230996 0.01235262
0.00231156 0.01223497
0.00231316 0.01211733
0.00231476 0.01211733
0.00231636 0.01188204
0.00231796 0.01188204
0.00231956 0.01199968
0.00232116 0.01247026
0.00232276 0.01223497
0.00232436 0.01223497
0.00232596 0.01235262
0.00232756 0.01282319
0.00232916 0.01294084
0.00233076 0.01270555
0.00233236 0.01294084
0.00233396 0.01329377
0.00233556 0.01352906
0.00233716 0.01352906
0.00233876 0.01341141
0.00234036 0.01352906
0.00234196 0.01341141
0.00234356 0.0136467
0.00234516 0.01329377
0.00234676 0.01329377
0.00234836 0.01305848
0.00234996 0.0136467
0.00235156 0.01352906
0.00235316 0.01411728
0.00235476 0.01399963
0.00235636 0.01447021
0.00235796 0.01494078
0.00235956 0.01541136
0.00236116 0.01611722
0.00236276 0.01694073
0.00236436 0.01741131
0.00236596 0.01811717
0.00236756 0.01858775
0.00236916 0.01929361
0.00237076 0.01988183
0.00237236 0.02047005
0.00237396 0.02117591
0.00237556 0.0214112
0.00237716 0.02199942
0.00237876 0.02247
0.00238036 0.02258764
0.00238196 0.02317586
0.00238356 0.0232935
0.00238516 0.02341115
0.00238676 0.02388172
0.00238836 0.02376408
0.00238996 0.02376408
0.00239156 0.02364644
0.00239316 0.02388172
0.00239476 0.02388172
0.00239636 0.0232935
0.00239796 0.02352879
0.00239956 0.02388172
0.00240116 0.02388172
0.00240276 0.02376408
0.00240436 0.02446994
0.00240596 0.02470523
0.00240756 0.02517581
0.00240916 0.02576403
0.00241076 0.0262346
0.00241236 0.02705811
0.00241396 0.02694047
0.00241556 0.02788162
0.00241716 0.02846984
0.00241876 0.02905806
0.00242036 0.0291757
0.00242196 0.02976392
0.00242356 0.03035214
0.00242516 0.03094036
0.00242676 0.03141094
0.00242836 0.03188151
0.00242996 0.0321168
0.00243156 0.03270502
0.00243316 0.03305795
0.00243476 0.0331756
0.00243636 0.03364617
0.00243796 0.03329324
0.00243956 0.0339991
0.00244116 0.03364617
0.00244276 0.03376382
0.00244436 0.03388146
0.00244596 0.03364617
0.00244756 0.03376382
0.00244916 0.0331756
0.00245076 0.03352853
0.00245236 0.03329324
0.00245396 0.03270502
0.00245556 0.03270502
0.00245716 0.03258738
0.00245876 0.03246973
0.00246036 0.03270502
0.00246196 0.03223444
0.00246356 0.03246973
0.00246516 0.03258738
0.00246676 0.03294031
0.00246836 0.03294031
0.00246996 0.0331756
0.00247156 0.03352853
0.00247316 0.03411675
0.00247476 0.03458732
0.00247636 0.03494026
0.00247796 0.03529319
0.00247956 0.03623434
0.00248116 0.03717549
0.00248276 0.03717549
0.00248436 0.03811664
0.00248596 0.03894015
0.00248756 0.03964601
0.00248916 0.04058717
0.00249076 0.04176361
0.00249236 0.04223418
0.00249396 0.04341062
0.00249556 0.04376355
0.00249716 0.04446942
0.00249876 0.04482235
0.00250036 0.04564586
0.00250196 0.04623408
0.00250356 0.04670465
0.00250516 0.04752816
0.00250676 0.04788109
0.00250836 0.04823402
0.00250996 0.04905753
0.00251156 0.04929282
0.00251316 0.04988104
0.00251476 0.0505869
0.00251636 0.05117512
0.00251796 0.05129277
0.00251956 0.05152805
0.00252116 0.05223392
0.00252276 0.05223392
0.00252436 0.05235156
0.00252596 0.05223392
0.00252756 0.05211627
0.00252916 0.05176334
0.00253076 0.0516457
0.00253236 0.05129277
0.00253396 0.05082219
0.00253556 0.05011633
0.00253716 0.04941046
0.00253876 0.0487046
0.00254036 0.04823402
0.00254196 0.04729287
0.00254356 0.04635172
0.00254516 0.04541057
0.00254676 0.04435177
0.00254836 0.04435177
0.00254996 0.04305769
0.00255156 0.04199889
0.00255316 0.04164596
0.00255476 0.04117539
0.00255636 0.04058717
0.00255796 0.04046952
0.00255956 0.04011659
0.00256116 0.04011659
0.00256276 0.04011659
0.00256436 0.04035188
0.00256596 0.04058717
0.00256756 0.0409401
0.00256916 0.04152832
0.00257076 0.04152832
0.00257236 0.04211654
0.00257396 0.04317533
0.00257556 0.04352826
0.00257716 0.04411648
0.00257876 0.04458706
0.00258036 0.04505764
0.00258196 0.04588114
0.00258356 0.04646936
0.00258516 0.04693994
0.00258676 0.04776345
0.00258836 0.04811638
0.00258996 0.04893989
0.00259156 0.04952811
0.00259316 0.04964575
0.00259476 0.05011633
0.00259636 0.0505869
0.00259796 0.05105748
0.00259956 0.05082219
0.00260116 0.05129277
0.00260276 0.05188099
0.00260436 0.05176334
0.00260596 0.05199863
0.00260756 0.05199863
0.00260916 0.05188099
0.00261076 0.05188099
0.00261236 0.05117512
0.00261396 0.05117512
0.00261556 0.05046926
0.00261716 0.04976339
0.00261876 0.04941046
0.00262036 0.04858695
0.00262196 0.0476458
0.00262356 0.04705758
0.00262516 0.04646936
0.00262676 0.04564586
0.00262836 0.04529292
0.00262996 0.04435177
0.00263156 0.04399884
0.00263316 0.04376355
0.00263476 0.04294004
0.00263636 0.04294004
0.00263796 0.04270476
0.00263956 0.04270476
0.00264116 0.04235183
0.00264276 0.04258711
0.00264436 0.04258711
0.00264596 0.04270476
0.00264756 0.04270476
0.00264916 0.04258711
0.00265076 0.04270476
0.00265236 0.0428224
0.00265396 0.04305769
0.00265556 0.04317533
0.00265716 0.04341062
0.00265876 0.0438812
0.00266036 0.04399884
0.00266196 0.04435177
0.00266356 0.04458706
0.00266516 0.04529292
0.00266676 0.0457635
0.00266836 0.04635172
0.00266996 0.04693994
0.00267156 0.04729287
0.00267316 0.0487046
0.00267476 0.04917517
0.00267636 0.04964575
0.00267796 0.05093983
0.00267956 0.05082219
0.00268116 0.05176334
0.00268276 0.05223392
0.00268436 0.05246921
0.00268596 0.05270449
0.00268756 0.05282214
0.00268916 0.05282214
0.00269076 0.05293978
0.00269236 0.05282214
0.00269396 0.05246921
0.00269556 0.05211627
0.00269716 0.0516457
0.00269876 0.05141041
0.00270036 0.05070455
0.00270196 0.0505869
0.00270356 0.04988104
0.00270516 0.04976339
0.00270676 0.04988104
0.00270836 0.04952811
0.00270996 0.04917517
0.00271156 0.04952811
0.00271316 0.04893989
0.00271476 0.04905753
0.00271636 0.04893989
0.00271796 0.04917517
0.00271956 0.04882224
0.00272116 0.0487046
0.00272276 0.04846931
0.00272436 0.04846931
0.00272596 0.04823402
0.00272756 0.0476458
0.00272916 0.04741052
0.00273076 0.04717523
0.00273236 0.04670465
0.00273396 0.04635172
0.00273556 0.0457635
0.00273716 0.04505764
0.00273876 0.04493999
0.00274036 0.04446942
0.00274196 0.04364591
0.00274356 0.04329298
0.00274516 0.04258711
0.00274676 0.0428224
0.00274836 0.04223418
0.00274996 0.04223418
0.00275156 0.04211654
0.00275316 0.04199889
0.00275476 0.04235183
0.00275636 0.04223418
0.00275796 0.04211654
0.00275956 0.04235183
0.00276116 0.04246947
0.00276276 0.04246947
0.00276436 0.04270476
0.00276596 0.04270476
0.00276756 0.04235183
0.00276916 0.04246947
0.00277076 0.04223418
0.00277236 0.04211654
0.00277396 0.04188125
0.00277556 0.04199889
0.00277716 0.04164596
0.00277876 0.04117539
0.00278036 0.0409401
0.00278196 0.04035188
0.00278356 0.04011659
0.00278516 0.03999895
0.00278676 0.03941073
0.00278836 0.03917544
0.00278996 0.03870486
0.00279156 0.03835193
0.00279316 0.03788135
0.00279476 0.03764607
0.00279636 0.03776371
0.00279796 0.03717549
0.00279956 0.03741078
0.00280116 0.03717549
0.00280276 0.03717549
0.00280436 0.03752842
0.00280596 0.03776371
0.00280756 0.037999
0.00280916 0.037999
0.00281076 0.03858722
0.00281236 0.03905779
0.00281396 0.03952837
0.00281556 0.03976366
0.00281716 0.04011659
0.00281876 0.04035188
0.00282036 0.0398813
0.00282196 0.04046952
0.00282356 0.04011659
0.00282516 0.03999895
0.00282676 0.03941073
0.00282836 0.03952837
0.00282996 0.03941073
0.00283156 0.03905779
0.00283316 0.03882251
0.00283476 0.03811664
0.00283636 0.03776371
0.00283796 0.03764607
0.00283956 0.03729313
0.00284116 0.03682256
0.00284276 0.03635198
0.00284436 0.03623434
0.00284596 0.03599905
0.00284756 0.03552848
0.00284916 0.03517554
0.00285076 0.03494026
0.00285236 0.03470497
0.00285396 0.03446968
0.00285556 0.03411675
0.00285716 0.03376382
0.00285876 0.03329324
0.00286036 0.0331756
0.00286196 0.03246973
0.00286356 0.03246973
0.00286516 0.03223444
0.00286676 0.03141094
0.00286836 0.03141094
0.00286996 0.03105801
0.00287156 0.03070507
0.00287316 0.03035214
0.00287476 0.0302345
0.00287636 0.02988157
0.00287796 0.02988157
0.00287956 0.02964628
0.00288116 0.02952863
0.00288276 0.02929335
0.00288436 0.02905806
0.00288596 0.0291757
0.00288756 0.02905806
0.00288916 0.02894041
0.00289076 0.02835219
0.00289236 0.02858748
0.00289396 0.02811691
0.00289556 0.02776397
0.00289716 0.02788162
0.00289876 0.02764633
0.00290036 0.0272934
0.00290196 0.02717575
0.00290356 0.02682282
0.00290516 0.02658753
0.00290676 0.02658753
0.00290836 0.0262346
0.00290996 0.02611696
0.00291156 0.02599931
0.00291316 0.02576403
0.00291476 0.02588167
0.00291636 0.02576403
0.00291796 0.0254111
0.00291956 0.02482288
0.00292116 0.02482288
0.00292276 0.0243523
0.00292436 0.02364644
0.00292596 0.0232935
0.00292756 0.02258764
0.00292916 0.02223471
0.00293076 0.0214112
0.00293236 0.02082298
0.00293396 0.02011712
0.00293556 0.01917597
0.00293716 0.01882303
0.00293876 0.01788188
0.00294036 0.01752895
0.00294196 0.0165878
0.00294356 0.01635251
0.00294516 0.01541136
0.00294676 0.01541136
0.00294836 0.01494078
0.00294996 0.01458785
0.00295156 0.0136467
0.00295316 0.01352906
0.00295476 0.01352906
0.00295636 0.01329377
0.00295796 0.01282319
0.00295956 0.01294084
0.00296116 0.01270555
0.00296276 0.01211733
0.00296436 0.01211733
0.00296596 0.0117644
0.00296756 0.01164675
0.00296916 0.01152911
0.00297076 0.01164675
0.00297236 0.01141146
0.00297396 0.0117644
0.00297556 0.01152911
0.00297716 0.01152911
0.00297876 0.01152911
0.00298036 0.01199968
0.00298196 0.0125879
0.00298356 0.0125879
0.00298516 0.01270555
0.00298676 0.01317612
0.00298836 0.0136467
0.00298996 0.01388199
0.00299156 0.01423492
0.00299316 0.01470549
0.00299476 0.01482314
0.00299636 0.01529371
0.00299796 0.01541136
0.00299956 0.01505843
0.00300116 0.01505843
0.00300276 0.01470549
0.00300436 0.01482314
0.00300596 0.01423492
0.00300756 0.01411728
0.00300916 0.01352906
0.00301076 0.01329377
0.00301236 0.01294084
0.00301396 0.0125879
0.00301556 0.01247026
0.00301716 0.01211733
0.00301876 0.01152911
0.00302036 0.01105853
0.00302196 0.0107056
0.00302356 0.0107056
0.00302516 0.009999736
0.00302676 0.009646805
0.00302836 0.009058585
0.00302996 0.007999789
0.00303156 0.007764501
0.00303316 0.007058638
0.00303476 0.006470418
0.00303636 0.005411622
0.00303796 0.005293978
0.00303956 0.004588114
0.00304116 0.003646963
0.00304276 0.003529319
0.00304436 0.003058743
0.00304596 0.002352879
0.00304756 0.001882303
0.00304916 0.001647015
0.00305076 0.001058796
0.00305236 0.0008235077
0.00305396 0.0003529319
0.00305556 -0.0002352879
0.00305716 -0.0002352879
0.00305876 -0.00117644
0.00306036 -0.001529371
0.00306196 -0.002117591
0.00306356 -0.002470523
0.00306516 -0.003176387
0.00306676 -0.003176387
0.00306836 -0.004352826
0.00306996 -0.004588114
0.00307156 -0.004941046
0.00307316 -0.005293978
0.00307476 -0.005529266
0.00307636 -0.005882198
0.00307796 -0.00623513
0.00307956 -0.00623513
0.00308116 -0.006352774
0.00308276 -0.006705706
0.00308436 -0.006705706
0.00308596 -0.007058638
0.00308756 -0.006940994
0.00308916 -0.007646857
0.00309076 -0.008235077
0.00309236 -0.008588009
0.00309396 -0.009058585
0.00309556 -0.009646805
0.00309716 -0.01023502
0.00309876 -0.01129382
0.00310036 -0.0117644
0.00310196 -0.01294084
0.00310356 -0.01376434
0.00310516 -0.01423492
0.00310676 -0.01529371
0.00310836 -0.01635251
0.00310996 -0.01752895
0.00311156 -0.01799953
0.00311316 -0.01870539
0.00311476 -0.01941125
0.00311636 -0.01976419
0.00311796 -0.02047005
0.00311956 -0.0214112
0.00312116 -0.02223471
0.00312276 -0.02258764
0.00312436 -0.02376408
0.00312596 -0.02458759
0.00312756 -0.02529345
0.00312916 -0.02611696
0.00313076 -0.02682282
0.00313236 -0.02788162
0.00313396 -0.02858748
0.00313556 -0.02952863
0.00313716 -0.03046979
0.00313876 -0.03141094
0.00314036 -0.03199916
0.00314196 -0.03282266
0.00314356 -0.03329324
0.00314516 -0.03470497
0.00314676 -0.03517554
0.00314836 -0.0361167
0.00314996 -0.03646963
0.00315156 -0.03729313
0.00315316 -0.03776371
0.00315476 -0.03835193
0.00315636 -0.03905779
0.00315796 -0.0398813
0.00315956 -0.04023423
0.00316116 -0.0409401
0.00316276 -0.04141067
0.00316436 -0.04223418
0.00316596 -0.04294004
0.00316756 -0.04399884
0.00316916 -0.04458706
0.00317076 -0.0457635
0.00317236 -0.0468223
0.00317396 -0.04776345
0.00317556 -0.04858695
0.00317716 -0.04941046
0.00317876 -0.05082219
0.00318036 -0.05129277
0.00318196 -0.05223392
0.00318356 -0.05317507
0.00318516 -0.05411622
0.00318676 -0.05493973
0.00318836 -0.05529266
0.00318996 -0.05599852
0.00319156 -0.05599852
0.00319316 -0.05729261
0.00319476 -0.05729261
0.00319636 -0.05788083
0.00319796 -0.05823376
0.00319956 -0.05823376
0.00320116 -0.05870434
0.00320276 -0.05905727
0.00320436 -0.05929256
0.00320596 -0.05964549
0.00320756 -0.06011606
0.00320916 -0.06046899
0.00321076 -0.0612925
0.00321236 -0.06164543
0.00321396 -0.06258659
0.00321556 -0.06341009
0.00321716 -0.06364538
0.00321876 -0.06482182
0.00322036 -0.0652924
0.00322196 -0.06623355
0.00322356 -0.06682177
0.00322516 -0.06776292
0.00322676 -0.06846878
0.00322836 -0.06893936
0.00322996 -0.06940994
0.00323156 -0.06964522
0.00323316 -0.07035109
0.00323476 -0.07093931
0.00323636 -0.07105695
0.00323796 -0.07152753
0.00323956 -0.07188046
0.00324116 -0.07235103
0.00324276 -0.07258632
0.00324436 -0.07329219
0.00324596 -0.07376276
0.00324756 -0.07435098
0.00324916 -0.07505685
0.00325076 -0.07552742
0.00325236 -0.07623329
0.00325396 -0.07717444
0.00325556 -0.07799794
0.00325716 -0.07858616
0.00325876 -0.07882145
0.00326036 -0.07940967
0.00326196 -0.07988025
0.00326356 -0.08035082
0.00326516 -0.08058611
0.00326676 -0.0808214
0.00326836 -0.08093904
0.00326996 -0.08129198
0.00327156 -0.08105669
0.00327316 -0.08117433
0.00327476 -0.08117433
0.00327636 -0.08093904
0.00327796 -0.08093904
0.00327956 -0.08093904
0.00328116 -0.08058611
0.00328276 -0.08070376
0.00328436 -0.08046847
0.00328596 -0.0808214
0.00328756 -0.08093904
0.00328916 -0.08105669
0.00329076 -0.08117433
0.00329236 -0.08152726
0.00329396 -0.08164491
0.00329556 -0.0818802
0.00329716 -0.08176255
0.00329876 -0.0818802
0.00330036 -0.08211548
0.00330196 -0.08211548
0.00330356 -0.08164491
0.00330516 -0.08211548
0.00330676 -0.08199784
0.00330836 -0.08199784
0.00330996 -0.08129198
0.00331156 -0.08093904
0.00331316 -0.08093904
0.00331476 -0.08046847
0.00331636 -0.08023318
0.00331796 -0.0797626
0.00331956 -0.07940967
0.00332116 -0.07905674
0.00332276 -0.07858616
0.00332436 -0.07858616
0.00332596 -0.07835088
0.00332756 -0.07846852
0.00332916 -0.07776266
0.00333076 -0.07776266
0.00333236 -0.07729208
0.00333396 -0.07705679
0.00333556 -0.0768215
0.00333716 -0.07658622
0.00333876 -0.07670386
0.00334036 -0.07635093
0.00334196 -0.07564507
0.00334356 -0.07529213
0.00334516 -0.07482156
0.00334676 -0.0749392
0.00334836 -0.07399805
0.00334996 -0.07352747
0.00335156 -0.0730569
0.00335316 -0.07258632
0.00335476 -0.07235103
0.00335636 -0.0719981
0.00335796 -0.07176281
0.00335956 -0.0719981
0.00336116 -0.07176281
0.00336276 -0.07164517
0.00336436 -0.07152753
0.00336596 -0.07188046
0.00336756 -0.07235103
0.00336916 -0.07235103
0.00337076 -0.07270397
0.00337236 -0.07329219
0.00337396 -0.07376276
0.00337556 -0.07435098
0.00337716 -0.07446863
0.00337876 -0.0749392
0.00338036 -0.07505685
0.00338196 -0.07505685
0.00338356 -0.07482156
0.00338516 -0.07458627
0.00338676 -0.07458627
0.00338836 -0.07435098
0.00338996 -0.07388041
0.00339156 -0.07364512
0.00339316 -0.0730569
0.00339476 -0.07258632
0.00339636 -0.07223339
0.00339796 -0.0719981
0.00339956 -0.07188046
0.00340116 -0.07152753
0.00340276 -0.07152753
0.00340436 -0.07140988
0.00340596 -0.07082166
0.00340756 -0.07082166
0.00340916 -0.07105695
0.00341076 -0.07082166
0.00341236 -0.07070402
0.00341396 -0.07058638
0.00341556 -0.06999816
0.00341716 -0.06988051
0.00341876 -0.06940994
0.00342036 -0.06917465
0.00342196 -0.06870407
0.00342356 -0.06835114
0.00342516 -0.06776292
0.00342676 -0.06752763
0.00342836 -0.06670412
0.00342996 -0.06599826
0.00343156 -0.06541004
0.00343316 -0.06446889
0.00343476 -0.06399831
0.00343636 -0.06329245
0.00343796 -0.06270423
0.00343956 -0.06211601
0.00344116 -0.06176308
0.00344276 -0.06117486
0.00344436 -0.06141015
0.00344596 -0.06046899
0.00344756 -0.06058664
0.00344916 -0.06093957
0.00345076 -0.06058664
0.00345236 -0.06093957
0.00345396 -0.06105721
0.00345556 -0.06141015
0.00345716 -0.06199837
0.00345876 -0.06270423
0.00346036 -0.06329245
0.00346196 -0.06376303
0.00346356 -0.06470418
0.00346516 -0.06564533
0.00346676 -0.06599826
0.00346836 -0.06693941
0.00346996 -0.06740999
0.00347156 -0.06799821
0.00347316 -0.06835114
0.00347476 -0.06893936
0.00347636 -0.06929229
0.00347796 -0.06988051
0.00347956 -0.06976287
0.00348116 -0.07035109
0.00348276 -0.07035109
0.00348436 -0.07035109
0.00348596 -0.07058638
0.00348756 -0.07093931
0.00348916 -0.07058638
0.00349076 -0.07105695
0.00349236 -0.07105695
0.00349396 -0.07117459
0.00349556 -0.07105695
0.00349716 -0.07093931
0.00349876 -0.07105695
0.00350036 -0.07070402
0.00350196 -0.07070402
0.00350356 -0.07093931
0.00350516 -0.07082166
0.00350676 -0.07093931
0.00350836 -0.07082166
0.00350996 -0.07070402
0.00351156 -0.07058638
0.00351316 -0.07105695
0.00351476 -0.07117459
0.00351636 -0.07093931
0.00351796 -0.07117459
0.00351956 -0.07093931
0.00352116 -0.07129224
0.00352276 -0.07082166
0.00352436 -0.07117459
0.00352596 -0.07129224
0.00352756 -0.07117459
0.00352916 -0.07093931
0.00353076 -0.07105695
0.00353236 -0.07070402
0.00353396 -0.07058638
0.00353556 -0.07035109
0.00353716 -0.0701158
0.00353876 -0.06976287
0.00354036 -0.06976287
0.00354196 -0.06940994
0.00354356 -0.069057
0.00354516 -0.06882172
0.00354676 -0.06858643
0.00354836 -0.0682335
0.00354996 -0.06811585
0.00355156 -0.06776292
0.00355316 -0.06776292
0.00355476 -0.06799821
0.00355636 -0.06752763
0.00355796 -0.0671747
0.00355956 -0.06693941
0.00356116 -0.06705706
0.00356276 -0.06623355
0.00356436 -0.06646884
0.00356596 -0.06635119
0.00356756 -0.06599826
0.00356916 -0.06599826
0.00357076 -0.06588062
0.00357236 -0.0652924
0.00357396 -0.06505711
0.00357556 -0.06470418
0.00357716 -0.06399831
0.00357876 -0.06341009
0.00358036 -0.06329245
0.00358196 -0.06305716
0.00358356 -0.06211601
0.00358516 -0.06164543
0.00358676 -0.06093957
0.00358836 -0.06046899
0.00358996 -0.06035135
0.00359156 -0.06023371
0.00359316 -0.05988077
0.00359476 -0.05999842
0.00359636 -0.0594102
0.00359796 -0.05964549
0.00359956 -0.05929256
0.00360116 -0.05929256
0.00360276 -0.05905727
0.00360436 -0.0594102
0.00360596 -0.05893962
0.00360756 -0.05905727
0.00360916 -0.05917491
0.00361076 -0.05882198
0.00361236 -0.05858669
0.00361396 -0.0583514
0.00361556 -0.05823376
0.00361716 -0.05799847
0.00361876 -0.05729261
0.00362036 -0.05717496
0.00362196 -0.0564691
0.00362356 -0.05623381
0.00362516 -0.05588088
0.00362676 -0.05552795
0.00362836 -0.05529266
0.00362996 -0.05517502
0.00363156 -0.05470444
0.00363316 -0.05446915
0.00363476 -0.0545868
0.00363636 -0.05435151
0.00363796 -0.05446915
0.00363956 -0.05435151
0.00364116 -0.05423386
0.00364276 -0.05446915
0.00364436 -0.05493973
0.00364596 -0.0545868
0.00364756 -0.05470444
0.00364916 -0.05505737
0.00365076 -0.05482208
0.00365236 -0.05493973
0.00365396 -0.05493973
0.00365556 -0.05470444
0.00365716 -0.05517502
0.00365876 -0.05505737
0.00366036 -0.0545868
0.00366196 -0.05435151
0.00366356 -0.05423386
0.00366516 -0.05376329
0.00366676 -0.05341036
0.00366836 -0.05282214
0.00366996 -0.05223392
0.00367156 -0.05152805
0.00367316 -0.05070455
0.00367476 -0.04988104
0.00367636 -0.04941046
0.00367796 -0.04823402
0.00367956 -0.04752816
0.00368116 -0.04658701
0.00368276 -0.04552821
0.00368436 -0.04446942
0.00368596 -0.04376355
0.00368756 -0.04270476
0.00368916 -0.04235183
0.00369076 -0.04105774
0.00369236 -0.04082245
0.00369396 -0.03976366
0.00369556 -0.03882251
0.00369716 -0.03846957
0.00369876 -0.03764607
0.00370036 -0.0369402
0.00370196 -0.03623434
0.00370356 -0.03564612
0.00370516 -0.0350579
0.00370676 -0.03446968
0.00370836 -0.03423439
0.00370996 -0.03376382
0.00371156 -0.0331756
0.00371316 -0.0321168
0.00371476 -0.03176387
0.00371636 -0.03117565
0.00371796 -0.03035214
0.00371956 -0.02964628
0.00372116 -0.02952863
0.00372276 -0.0291757
0.00372436 -0.02858748
0.00372596 -0.02799926
0.00372756 -0.02776397
0.00372916 -0.02694047
0.00373076 -0.0272934
0.00373236 -0.0262346
0.00373396 -0.02611696
0.00373556 -0.02552874
0.00373716 -0.0254111
0.00373876 -0.02446994
0.00374036 -0.02458759
0.00374196 -0.02399937
0.00374356 -0.02341115
0.00374516 -0.02282293
0.00374676 -0.02247
0.00374836 -0.02223471
0.00374996 -0.02164649
0.00375156 -0.02152884
0.00375316 -0.02129356
0.00375476 -0.02117591
0.00375636 -0.02082298
0.00375796 -0.02047005
0.00375956 -0.02047005
0.00376116 -0.02011712
0.00376276 -0.01988183
0.00376436 -0.01976419
0.00376596 -0.01999947
0.00376756 -0.01988183
0.00376916 -0.02011712
0.00377076 -0.01999947
0.00377236 -0.02011712
0.00377396 -0.02047005
0.00377556 -0.02011712
0.00377716 -0.01999947
0.00377876 -0.02070534
0.00378036 -0.0203524
0.00378196 -0.02047005
0.00378356 -0.02047005
0.00378516 -0.02047005
0.00378676 -0.0203524
0.00378836 -0.02047005
0.00378996 -0.0203524
0.00379156 -0.01999947
0.00379316 -0.01988183
0.00379476 -0.01976419
0.00379636 -0.0195289
0.00379796 -0.01905832
0.00379956 -0.01870539
0.00380116 -0.01811717
0.00380276 -0.01764659
0.00380436 -0.01694073
0.00380596 -0.01611722
0.00380756 -0.015529
0.00380916 -0.01470549
0.00381076 -0.01423492
0.00381236 -0.01317612
0.00381396 -0.0125879
0.00381556 -0.01129382
0.00381716 -0.01058796
0.00381876 -0.009529161
0.00382036 -0.008705653
0.00382196 -0.007646857
0.00382356 -0.006352774
0.00382516 -0.005764554
0.00382676 -0.00447047
0.00382836 -0.003646963
0.00382996 -0.002941099
0.00383156 -0.002235235
0.00383316 -0.001294084
0.00383476 -0.00117644
0.00383636 0.000117644
0.00383796 0.0008235077
0.00383956 0.00117644
0.00384116 0.001647015
0.00384276 0.001882303
0.00384436 0.002823455
0.00384596 0.003294031
0.00384756 0.003764607
0.00384916 0.003882251
0.00385076 0.004352826
0.00385236 0.004823402
0.00385396 0.005176334
0.00385556 0.005764554
0.00385716 0.005764554
0.00385876 0.005999842
0.00386036 0.006588062
0.00386196 0.006588062
0.00386356 0.006940994
0.00386516 0.007176281
0.00386676 0.007293925
0.00386836 0.007529213
0.00386996 0.007646857
0.00387156 0.007764501
0.00387316 0.007999789
0.00387476 0.008235077
0.00387636 0.008588009
0.00387796 0.008705653
0.00387956 0.009293873
0.00388116 0.009882093
0.00388276 0.009764449
0.00388436 0.01035267
0.00388596 0.01058796
0.00388756 0.01105853
0.00388916 0.01152911
0.00389076 0.01199968
0.00389236 0.01247026
0.00389396 0.01270555
0.00389556 0.01329377
0.00389716 0.01352906
0.00389876 0.01435256
0.00390036 0.01458785
0.00390196 0.01541136
0.00390356 0.01541136
0.00390516 0.01588193
0.00390676 0.01647015
0.00390836 0.01682309
0.00390996 0.01717602
0.00391156 0.01788188
0.00391316 0.01811717
0.00391476 0.01882303
0.00391636 0.01941125
0.00391796 0.01964654
0.00391956 0.02047005
0.00392116 0.02117591
0.00392276 0.02199942
0.00392436 0.02282293
0.00392596 0.02376408
0.00392756 0.02423466
0.00392916 0.02494052
0.00393076 0.02599931
0.00393236 0.02670518
0.00393396 0.02752869
0.00393556 0.02858748
0.00393716 0.02894041
0.00393876 0.02999921
0.00394036 0.03046979
0.00394196 0.03117565
0.00394356 0.03188151
0.00394516 0.03258738
0.00394676 0.03282266
0.00394836 0.03341088
0.00394996 0.03376382
0.00395156 0.03411675
0.00395316 0.03446968
0.00395476 0.03458732
0.00395636 0.03494026
0.00395796 0.03517554
0.00395956 0.03552848
0.00396116 0.03564612
0.00396276 0.03588141
0.00396436 0.03576376
0.00396596 0.03646963
0.00396756 0.03623434
0.00396916 0.03635198
0.00397076 0.03646963
0.00397236 0.03658727
0.00397396 0.03658727
0.00397556 0.03682256
0.00397716 0.03670492
0.00397876 0.03717549
0.00398036 0.03670492
0.00398196 0.03682256
0.00398356 0.03670492
0.00398516 0.0369402
0.00398676 0.03705785
0.00398836 0.03717549
0.00398996 0.03717549
0.00399156 0.03729313
0.00399316 0.03764607
0.00399476 0.03752842
0.00399636 0.03776371
0.00399796 0.037999
0.00399956 0.03858722
0.00400116 0.03882251
0.00400276 0.03952837
0.00400436 0.03964601
0.00400596 0.04023423
0.00400756 0.04070481
0.00400916 0.04141067
0.00401076 0.04199889
0.00401236 0.04258711
0.00401396 0.04294004
0.00401556 0.04352826
0.00401716 0.04423413
0.00401876 0.0447047
0.00402036 0.04529292
0.00402196 0.0457635
0.00402356 0.04646936
0.00402516 0.04717523
0.00402676 0.04741052
0.00402836 0.04788109
0.00402996 0.04823402
0.00403156 0.04905753
0.00403316 0.04929282
0.00403476 0.04999868
0.00403636 0.05035161
0.00403796 0.05093983
0.00403956 0.05129277
0.00404116 0.05211627
0.00404276 0.05211627
0.00404436 0.05235156
0.00404596 0.05246921
0.00404756 0.05305743
0.00404916 0.05341036
0.00405076 0.05364565
0.00405236 0.05341036
0.00405396 0.05341036
0.00405556 0.05376329
0.00405716 0.05376329
0.00405876 0.05364565
0.00406036 0.05364565
0.00406196 0.05341036
0.00406356 0.05341036
0.00406516 0.05317507
0.00406676 0.053528
0.00406836 0.05341036
0.00406996 0.05341036
0.00407156 0.05376329
0.00407316 0.05411622
0.00407476 0.05446915
0.00407636 0.05470444
0.00407796 0.05552795
0.00407956 0.05552795
0.00408116 0.05599852
0.00408276 0.05705732
0.00408436 0.05799847
0.00408596 0.05858669
0.00408756 0.05905727
0.00408916 0.06035135
0.00409076 0.06093957
0.00409236 0.06199837
0.00409396 0.06282187
0.00409556 0.06388067
0.00409716 0.06470418
0.00409876 0.06564533
0.00410036 0.06705706
0.00410196 0.06811585
0.00410356 0.06882172
0.00410516 0.06952758
0.00410676 0.07082166
0.00410836 0.07152753
0.00410996 0.07258632
0.00411156 0.07317454
0.00411316 0.07399805
0.00411476 0.07482156
0.00411636 0.07588035
0.00411796 0.07658622
0.00411956 0.07729208
0.00412116 0.07799794
0.00412276 0.07870381
0.00412436 0.07905674
0.00412596 0.0797626
0.00412756 0.08035082
0.00412916 0.08093904
0.00413076 0.08140962
0.00413236 0.0818802
0.00413396 0.08235077
0.00413556 0.08258606
0.00413716 0.08282135
0.00413876 0.08305663
0.00414036 0.08305663
0.00414196 0.08364485
0.00414356 0.08364485
0.00414516 0.0837625
0.00414676 0.08388014
0.00414836 0.08423307
0.00414996 0.08446836
0.00415156 0.08470365
0.00415316 0.08482129
0.00415476 0.08552716
0.00415636 0.08540951
0.00415796 0.08599773
0.00415956 0.08611538
0.00416116 0.08646831
0.00416276 0.08682124
0.00416436 0.0867036
0.00416596 0.08729182
0.00416756 0.08740946
0.00416916 0.08776239
0.00417076 0.08788004
0.00417236 0.08811532
0.00417396 0.08823297
0.00417556 0.08835061
0.00417716 0.08846826
0.00417876 0.08893883
0.00418036 0.08905648
0.00418196 0.08917412
0.00418356 0.08976234
0.00418516 0.0896447
0.00418676 0.08999763
0.00418836 0.08999763
0.00418996 0.09058585
0.00419156 0.09058585
0.00419316 0.09105642
0.00419476 0.09117407
0.00419636 0.09164464
0.00419796 0.09199758
0.00419956 0.09211522
0.00420116 0.09293873
