LECROYWS4024HD 19320 Waveform
Segments 1 SegmentSize 3127
Segment TrigTime TimeSinceSegment1
#1 15-May-2024 15:01:46 0                 
Time Ampl
-0.0008002074 0.0002352879
-0.0007986074 -0.0002352879
-0.0007970074 0
-0.0007954074 0.0002352879
-0.0007938074 0
-0.0007922074 -0.0002352879
-0.0007906074 -0.0002352879
-0.0007890074 0.0004705758
-0.0007874074 0
-0.0007858074 0.0002352879
-0.0007842074 -0.0002352879
-0.0007826074 0
-0.0007810074 0.0004705758
-0.0007794074 0.0002352879
-0.0007778074 0.0002352879
-0.0007762074 0.0004705758
-0.0007746074 0
-0.0007730074 0
-0.0007714074 0.0002352879
-0.0007698074 0
-0.0007682074 0.0004705758
-0.0007666074 0.0002352879
-0.0007650074 0
-0.0007634074 0.0002352879
-0.0007618074 0.0004705758
-0.0007602074 0.0002352879
-0.0007586074 0.0002352879
-0.0007570074 0
-0.0007554074 0
-0.0007538074 0.0004705758
-0.0007522074 -0.0004705758
-0.0007506074 0.0004705758
-0.0007490074 0
-0.0007474074 0
-0.0007458074 0
-0.0007442074 0
-0.0007426074 -0.0002352879
-0.0007410074 0
-0.0007394074 0.0002352879
-0.0007378074 0.0002352879
-0.0007362074 -0.0002352879
-0.0007346074 0
-0.0007330074 0
-0.0007314074 0.0007058638
-0.0007298074 -0.0002352879
-0.0007282074 0
-0.0007266074 0.0002352879
-0.0007250074 0.0002352879
-0.0007234074 -0.0002352879
-0.0007218074 0
-0.0007202074 0.0002352879
-0.0007186074 0.0002352879
-0.0007170074 0.0004705758
-0.0007154074 0.0002352879
-0.0007138074 0
-0.0007122074 0.0002352879
-0.0007106074 0
-0.0007090074 0.0009411517
-0.0007074074 0
-0.0007058074 0
-0.0007042074 0
-0.0007026074 -0.0002352879
-0.0007010074 0.0004705758
-0.0006994074 0
-0.0006978074 0
-0.0006962074 -0.0004705758
-0.0006946074 0.0002352879
-0.0006930074 0
-0.0006914074 0.0004705758
-0.0006898074 0
-0.0006882074 0
-0.0006866074 0
-0.0006850074 0
-0.0006834074 -0.0002352879
-0.0006818074 0.0004705758
-0.0006802074 0
-0.0006786074 0.0007058638
-0.0006770074 0.0002352879
-0.0006754074 0.0002352879
-0.0006738074 0
-0.0006722074 -0.0002352879
-0.0006706074 0.0004705758
-0.0006690074 0.0002352879
-0.0006674074 -0.0002352879
-0.0006658074 0
-0.0006642074 0
-0.0006626074 0.0002352879
-0.0006610074 0
-0.0006594074 0.0004705758
-0.0006578074 -0.0002352879
-0.0006562074 0.0002352879
-0.0006546074 -0.0002352879
-0.0006530074 0
-0.0006514074 0
-0.0006498074 0
-0.0006482074 0
-0.0006466074 0.0002352879
-0.0006450074 0.0002352879
-0.0006434074 -0.0002352879
-0.0006418074 0.0004705758
-0.0006402074 0
-0.0006386074 0.0002352879
-0.0006370074 0.0002352879
-0.0006354074 0.0002352879
-0.0006338074 -0.0002352879
-0.0006322074 0.0002352879
-0.0006306074 0.0002352879
-0.0006290074 0
-0.0006274074 0
-0.0006258074 0.0002352879
-0.0006242074 0.0002352879
-0.0006226074 0.0002352879
-0.0006210074 0.0004705758
-0.0006194074 -0.0002352879
-0.0006178074 0
-0.0006162074 0.0004705758
-0.0006146074 0.0002352879
-0.0006130074 -0.0002352879
-0.0006114074 0.0007058638
-0.0006098074 0
-0.0006082074 0
-0.0006066074 0.0002352879
-0.0006050074 0
-0.0006034074 -0.0004705758
-0.0006018074 0.0004705758
-0.0006002074 -0.0002352879
-0.0005986074 0.0002352879
-0.0005970074 0.0002352879
-0.0005954074 0.0004705758
-0.0005938074 0.0004705758
-0.0005922074 0
-0.0005906074 0
-0.0005890074 0.0002352879
-0.0005874074 -0.0002352879
-0.0005858074 0
-0.0005842074 0.0007058638
-0.0005826074 0.0002352879
-0.0005810074 0.0004705758
-0.0005794074 0.0004705758
-0.0005778074 0.0002352879
-0.0005762074 0.0004705758
-0.0005746074 0
-0.0005730074 0.0002352879
-0.0005714074 0
-0.0005698074 0.0002352879
-0.0005682074 0
-0.0005666074 0.0004705758
-0.0005650074 0.0002352879
-0.0005634074 0
-0.0005618074 0.0007058638
-0.0005602074 0.0004705758
-0.0005586074 0
-0.0005570074 0.0002352879
-0.0005554074 -0.0004705758
-0.0005538074 -0.0002352879
-0.0005522074 0.0002352879
-0.0005506074 0.0007058638
-0.0005490074 -0.0002352879
-0.0005474074 0
-0.0005458074 0.0002352879
-0.0005442074 -0.0002352879
-0.0005426074 -0.0002352879
-0.0005410074 0.0002352879
-0.0005394074 0.0004705758
-0.0005378074 0.0002352879
-0.0005362074 0.0007058638
-0.0005346074 0.0002352879
-0.0005330074 0.0004705758
-0.0005314074 0
-0.0005298074 -0.0004705758
-0.0005282074 -0.0002352879
-0.0005266074 0
-0.0005250074 0.0002352879
-0.0005234074 0
-0.0005218074 0
-0.0005202074 0.0002352879
-0.0005186074 0
-0.0005170074 -0.0002352879
-0.0005154074 0
-0.0005138074 0.0002352879
-0.0005122074 0.0002352879
-0.0005106074 0.0002352879
-0.0005090074 0.0002352879
-0.0005074074 0
-0.0005058074 0.0002352879
-0.0005042074 0.0004705758
-0.0005026074 0
-0.0005010074 -0.0004705758
-0.0004994074 0
-0.0004978074 0.0002352879
-0.0004962074 0
-0.0004946074 0.0004705758
-0.0004930074 -0.0002352879
-0.0004914074 0
-0.0004898074 0
-0.0004882074 0.0002352879
-0.0004866074 0.0002352879
-0.0004850074 0
-0.0004834074 0.0004705758
-0.0004818074 0.0002352879
-0.0004802074 0.0002352879
-0.0004786074 -0.0002352879
-0.0004770074 0.0004705758
-0.0004754074 0.0002352879
-0.0004738074 0.0002352879
-0.0004722074 0.0002352879
-0.0004706074 0.0002352879
-0.0004690074 0.0002352879
-0.0004674074 0.0002352879
-0.0004658074 0
-0.0004642074 0.0002352879
-0.0004626074 0.0002352879
-0.0004610074 0
-0.0004594074 0.0004705758
-0.0004578074 0.0002352879
-0.0004562074 0.0004705758
-0.0004546074 0.0004705758
-0.0004530074 0.0002352879
-0.0004514074 0.0004705758
-0.0004498074 0.0002352879
-0.0004482074 0.0002352879
-0.0004466074 0.0002352879
-0.0004450074 0
-0.0004434074 0
-0.0004418074 0.0004705758
-0.0004402074 -0.0002352879
-0.0004386074 0.0004705758
-0.0004370074 0.0002352879
-0.0004354074 0.0002352879
-0.0004338074 0.0002352879
-0.0004322074 0.0004705758
-0.0004306074 0
-0.0004290074 0.0004705758
-0.0004274074 0
-0.0004258074 0.0002352879
-0.0004242074 0
-0.0004226074 0.0004705758
-0.0004210074 0.0002352879
-0.0004194074 0.0004705758
-0.0004178074 0.0002352879
-0.0004162074 -0.0002352879
-0.0004146074 0
-0.0004130074 0
-0.0004114074 -0.0002352879
-0.0004098074 0.0004705758
-0.0004082074 0.0004705758
-0.0004066074 0
-0.0004050074 0.0002352879
-0.0004034074 0.0002352879
-0.0004018074 0
-0.0004002074 0
-0.0003986074 0.0002352879
-0.0003970074 0
-0.0003954074 0.0009411517
-0.0003938074 0.0004705758
-0.0003922074 0.0002352879
-0.0003906074 0.0004705758
-0.0003890074 0.0002352879
-0.0003874074 0.0002352879
-0.0003858074 0.0002352879
-0.0003842074 -0.0002352879
-0.0003826074 -0.0002352879
-0.0003810074 0.0004705758
-0.0003794074 0.0004705758
-0.0003778074 0
-0.0003762074 0.0004705758
-0.0003746074 0.0004705758
-0.0003730074 -0.0002352879
-0.0003714074 0.0007058638
-0.0003698074 0.0002352879
-0.0003682074 0
-0.0003666074 0
-0.0003650074 0.0002352879
-0.0003634074 0.0002352879
-0.0003618074 -0.0002352879
-0.0003602074 0
-0.0003586074 -0.0002352879
-0.0003570074 0.0002352879
-0.0003554074 0.0002352879
-0.0003538074 0.0004705758
-0.0003522074 0
-0.0003506074 0
-0.0003490074 0.0002352879
-0.0003474074 -0.0004705758
-0.0003458074 0.0002352879
-0.0003442074 -0.0002352879
-0.0003426074 -0.0002352879
-0.0003410074 -0.0004705758
-0.0003394074 0.0002352879
-0.0003378074 -0.0002352879
-0.0003362074 0
-0.0003346074 0.0004705758
-0.0003330074 -0.0002352879
-0.0003314074 0.0002352879
-0.0003298074 0
-0.0003282074 0.0004705758
-0.0003266074 0.0002352879
-0.0003250074 0.0002352879
-0.0003234074 0.0002352879
-0.0003218074 0.0002352879
-0.0003202074 0
-0.0003186074 0.0002352879
-0.0003170074 0
-0.0003154074 0
-0.0003138074 0.0002352879
-0.0003122074 0.0002352879
-0.0003106074 0.0004705758
-0.0003090074 -0.0004705758
-0.0003074074 0
-0.0003058074 0
-0.0003042074 0.0007058638
-0.0003026074 0.0002352879
-0.0003010074 0
-0.0002994074 -0.0002352879
-0.0002978074 0.0002352879
-0.0002962074 0.0002352879
-0.0002946074 0
-0.0002930074 0
-0.0002914074 -0.0002352879
-0.0002898074 0.0002352879
-0.0002882074 0.0002352879
-0.0002866074 0
-0.0002850074 0.0002352879
-0.0002834074 -0.0002352879
-0.0002818074 0
-0.0002802074 0.0004705758
-0.0002786074 0.0002352879
-0.0002770074 -0.0002352879
-0.0002754074 0.0002352879
-0.0002738074 0.0002352879
-0.0002722074 0.0004705758
-0.0002706074 0.0002352879
-0.0002690074 0.0004705758
-0.0002674074 -0.0002352879
-0.0002658074 -0.0004705758
-0.0002642074 0
-0.0002626074 0.0002352879
-0.0002610074 0
-0.0002594074 -0.0004705758
-0.0002578074 0.0004705758
-0.0002562074 0.0002352879
-0.0002546074 0.0002352879
-0.0002530074 0.0002352879
-0.0002514074 0.0002352879
-0.0002498074 0
-0.0002482074 0
-0.0002466074 0.0002352879
-0.0002450074 -0.0002352879
-0.0002434074 -0.0002352879
-0.0002418074 0.0002352879
-0.0002402074 0
-0.0002386074 0.0002352879
-0.0002370074 0.0004705758
-0.0002354074 0
-0.0002338074 0
-0.0002322074 0
-0.0002306074 0
-0.0002290074 0.0002352879
-0.0002274074 0
-0.0002258074 0.0002352879
-0.0002242074 0.0007058638
-0.0002226074 0
-0.0002210074 0
-0.0002194074 0
-0.0002178074 0.0004705758
-0.0002162074 -0.0002352879
-0.0002146074 0.0002352879
-0.0002130074 0.0004705758
-0.0002114074 0
-0.0002098074 -0.0002352879
-0.0002082074 0.0004705758
-0.0002066074 0.0002352879
-0.0002050074 0
-0.0002034074 0.0002352879
-0.0002018074 0.0002352879
-0.0002002074 -0.0002352879
-0.0001986074 0
-0.0001970074 0
-0.0001954074 0.0002352879
-0.0001938074 0
-0.0001922074 0.0002352879
-0.0001906074 0.0002352879
-0.0001890074 0
-0.0001874074 -0.0004705758
-0.0001858074 0
-0.0001842074 -0.0002352879
-0.0001826074 0
-0.0001810074 -0.0004705758
-0.0001794074 0
-0.0001778074 0
-0.0001762074 0.0004705758
-0.0001746074 0
-0.0001730074 0.0002352879
-0.0001714074 0.0002352879
-0.0001698074 -0.0002352879
-0.0001682074 -0.0002352879
-0.0001666074 -0.0004705758
-0.0001650074 0.0002352879
-0.0001634074 0
-0.0001618074 0
-0.0001602074 0
-0.0001586074 0
-0.0001570074 0
-0.0001554074 0
-0.0001538074 0
-0.0001522074 0.0002352879
-0.0001506074 0
-0.0001490074 0.0002352879
-0.0001474074 0
-0.0001458074 0.0002352879
-0.0001442074 0.0002352879
-0.0001426074 0
-0.0001410074 -0.0004705758
-0.0001394074 -0.0002352879
-0.0001378074 0
-0.0001362074 0.0002352879
-0.0001346074 -0.0002352879
-0.0001330074 -0.0007058638
-0.0001314074 -0.0004705758
-0.0001298074 0.0004705758
-0.0001282074 -0.0002352879
-0.0001266074 0.0002352879
-0.0001250074 -0.0002352879
-0.0001234074 0.0007058638
-0.0001218074 0
-0.0001202074 -0.0007058638
-0.0001186074 0.0002352879
-0.0001170074 0.0002352879
-0.0001154074 0.0004705758
-0.0001138074 0
-0.0001122074 -0.0007058638
-0.0001106074 0
-0.0001090074 0.0002352879
-0.0001074074 0.0002352879
-0.0001058074 0
-0.0001042074 0
-0.0001026074 0.0002352879
-0.0001010074 0
-9.94074e-005 0
-9.78074e-005 -0.0002352879
-9.62074e-005 0
-9.46074e-005 0
-9.30074e-005 0
-9.14074e-005 0
-8.98074e-005 0
-8.82074e-005 -0.0002352879
-8.66074e-005 0
-8.50074e-005 0
-8.34074e-005 0.0002352879
-8.18074e-005 0.0002352879
-8.02074e-005 0
-7.86074e-005 0
-7.70074e-005 0.0004705758
-7.54074e-005 -0.0004705758
-7.38074e-005 -0.0002352879
-7.22074e-005 0.0004705758
-7.06074e-005 0.0002352879
-6.90074e-005 0
-6.74074e-005 0
-6.58074e-005 0.0004705758
-6.42074e-005 0
-6.26074e-005 0.0002352879
-6.10074e-005 -0.0004705758
-5.94074e-005 -0.0002352879
-5.78074e-005 -0.0007058638
-5.62074e-005 -0.0002352879
-5.46074e-005 0.0004705758
-5.30074e-005 -0.0002352879
-5.14074e-005 0.0007058638
-4.98074e-005 0.001411728
-4.82074e-005 0.002352879
-4.66074e-005 0.005176334
-4.50074e-005 0.008470365
-4.34074e-005 0.01341141
-4.18074e-005 0.01717602
-4.02074e-005 0.01694073
-3.86074e-005 0.008235077
-3.70074e-005 -0.0117644
-3.54074e-005 -0.03811664
-3.38074e-005 -0.06541004
-3.22074e-005 -0.09035056
-3.06074e-005 -0.1089383
-2.90074e-005 -0.1263496
-2.74074e-005 -0.1425845
-2.58074e-005 -0.1555253
-2.42074e-005 -0.1632898
-2.26074e-005 -0.1672897
-2.10074e-005 -0.1649368
-1.94074e-005 -0.1534077
-1.78074e-005 -0.1305848
-1.62074e-005 -0.0992915
-1.46074e-005 -0.06917465
-1.30074e-005 -0.04588114
-1.14074e-005 -0.03246973
-9.8074e-006 -0.02494052
-8.2074e-006 -0.01929361
-6.6074e-006 -0.01482314
-5.0074e-006 -0.01270555
-3.4074e-006 -0.01105853
-1.8074e-006 -0.007293925
-2.074e-007 -0.002352879
1.3926e-006 0.002588167
2.9926e-006 0.00682335
4.5926e-006 0.007529213
6.1926e-006 0.006117486
7.7926e-006 0.006352774
9.3926e-006 0.008235077
1.09926e-005 0.01317612
1.25926e-005 0.01435256
1.41926e-005 0.01058796
1.57926e-005 -0.0009411517
1.73926e-005 -0.01811717
1.89926e-005 -0.03294031
2.05926e-005 -0.04305769
2.21926e-005 -0.04823402
2.37926e-005 -0.04823402
2.53926e-005 -0.04823402
2.69926e-005 -0.04893989
2.85926e-005 -0.05223392
3.01926e-005 -0.05670439
3.17926e-005 -0.06070428
3.33926e-005 -0.06046899
3.49926e-005 -0.05482208
3.65926e-005 -0.04541057
3.81926e-005 -0.03741078
3.97926e-005 -0.03458732
4.13926e-005 -0.03717549
4.29926e-005 -0.04235183
4.45926e-005 -0.04705758
4.61926e-005 -0.04658701
4.77926e-005 -0.04258711
4.93926e-005 -0.03646963
5.09926e-005 -0.03129329
5.25926e-005 -0.03058743
5.41926e-005 -0.0350579
5.57926e-005 -0.04211654
5.73926e-005 -0.05364565
5.89926e-005 -0.06470418
6.05926e-005 -0.07340983
6.21926e-005 -0.07858616
6.37926e-005 -0.08093904
6.53926e-005 -0.08305663
6.69926e-005 -0.08776239
6.85926e-005 -0.09482103
7.01926e-005 -0.1014091
7.17926e-005 -0.1049384
7.33926e-005 -0.1061149
7.49926e-005 -0.1051737
7.65926e-005 -0.1051737
7.81926e-005 -0.103762
7.97926e-005 -0.1016444
8.13926e-005 -0.0974092
8.29926e-005 -0.09129171
8.45926e-005 -0.08329192
8.61926e-005 -0.07529213
8.77926e-005 -0.06658648
8.93926e-005 -0.05741025
9.09926e-005 -0.04964575
9.25926e-005 -0.04211654
9.41926e-005 -0.03411675
9.57926e-005 -0.02799926
9.73926e-005 -0.02376408
9.89926e-005 -0.02282293
0.0001005926 -0.02423466
0.0001021926 -0.02752869
0.0001037926 -0.02964628
0.0001053926 -0.03129329
0.0001069926 -0.03364617
0.0001085926 -0.03576376
0.0001101926 -0.03882251
0.0001117926 -0.04235183
0.0001133926 -0.04517528
0.0001149926 -0.04564586
0.0001165926 -0.04564586
0.0001181926 -0.04588114
0.0001197926 -0.04611643
0.0001213926 -0.04964575
0.0001229926 -0.05552795
0.0001245926 -0.06376303
0.0001261926 -0.0701158
0.0001277926 -0.07623329
0.0001293926 -0.08282135
0.0001309926 -0.08729182
0.0001325926 -0.09035056
0.0001341926 -0.09082114
0.0001357926 -0.08776239
0.0001373926 -0.08329192
0.0001389926 -0.07646857
0.0001405926 -0.07058638
0.0001421926 -0.06258659
0.0001437926 -0.05341036
0.0001453926 -0.04305769
0.0001469926 -0.03411675
0.0001485926 -0.02611696
0.0001501926 -0.01999947
0.0001517926 -0.01647015
0.0001533926 -0.01435256
0.0001549926 -0.01247026
0.0001565926 -0.01270555
0.0001581926 -0.01505843
0.0001597926 -0.01811717
0.0001613926 -0.02117591
0.0001629926 -0.02494052
0.0001645926 -0.02988157
0.0001661926 -0.03599905
0.0001677926 -0.04305769
0.0001693926 -0.04988104
0.0001709926 -0.05599852
0.0001725926 -0.06188072
0.0001741926 -0.06729234
0.0001757926 -0.07152753
0.0001773926 -0.07576271
0.0001789926 -0.08070376
0.0001805926 -0.08635067
0.0001821926 -0.09082114
0.0001837926 -0.09317402
0.0001853926 -0.09223286
0.0001869926 -0.09035056
0.0001885926 -0.08799768
0.0001901926 -0.08470365
0.0001917926 -0.08235077
0.0001933926 -0.07905674
0.0001949926 -0.07576271
0.0001965926 -0.07176281
0.0001981926 -0.06564533
0.0001997926 -0.05858669
0.0002013926 -0.05317507
0.0002029926 -0.04846931
0.0002045926 -0.04517528
0.0002061926 -0.04141067
0.0002077926 -0.03858722
0.0002093926 -0.03670492
0.0002109926 -0.03552848
0.0002125926 -0.0350579
0.0002141926 -0.03482261
0.0002157926 -0.0350579
0.0002173926 -0.0350579
0.0002189926 -0.03717549
0.0002205926 -0.04023423
0.0002221926 -0.04305769
0.0002237926 -0.04635172
0.0002253926 -0.04752816
0.0002269926 -0.04823402
0.0002285926 -0.04705758
0.0002301926 -0.04705758
0.0002317926 -0.0468223
0.0002333926 -0.04823402
0.0002349926 -0.04917517
0.0002365926 -0.04964575
0.0002381926 -0.04988104
0.0002397926 -0.04988104
0.0002413926 -0.05035161
0.0002429926 -0.05129277
0.0002445926 -0.05199863
0.0002461926 -0.05105748
0.0002477926 -0.05011633
0.0002493926 -0.04799874
0.0002509926 -0.04541057
0.0002525926 -0.04164596
0.0002541926 -0.03717549
0.0002557926 -0.03294031
0.0002573926 -0.03011685
0.0002589926 -0.02705811
0.0002605926 -0.02517581
0.0002621926 -0.02423466
0.0002637926 -0.02399937
0.0002653926 -0.02564638
0.0002669926 -0.02799926
0.0002685926 -0.03270502
0.0002701926 -0.03788135
0.0002717926 -0.0428224
0.0002733926 -0.04776345
0.0002749926 -0.04988104
0.0002765926 -0.05082219
0.0002781926 -0.05129277
0.0002797926 -0.04941046
0.0002813926 -0.0487046
0.0002829926 -0.04917517
0.0002845926 -0.04823402
0.0002861926 -0.0468223
0.0002877926 -0.04423413
0.0002893926 -0.04117539
0.0002909926 -0.03764607
0.0002925926 -0.03576376
0.0002941926 -0.03411675
0.0002957926 -0.03246973
0.0002973926 -0.03176387
0.0002989926 -0.02988157
0.0003005926 -0.02823455
0.0003021926 -0.02611696
0.0003037926 -0.02352879
0.0003053926 -0.02094062
0.0003069926 -0.01929361
0.0003085926 -0.01741131
0.0003101926 -0.01694073
0.0003117926 -0.01694073
0.0003133926 -0.01858775
0.0003149926 -0.01976419
0.0003165926 -0.02188178
0.0003181926 -0.02494052
0.0003197926 -0.02846984
0.0003213926 -0.03294031
0.0003229926 -0.0369402
0.0003245926 -0.04070481
0.0003261926 -0.04376355
0.0003277926 -0.04493999
0.0003293926 -0.04376355
0.0003309926 -0.04046952
0.0003325926 -0.03717549
0.0003341926 -0.03411675
0.0003357926 -0.03035214
0.0003373926 -0.02635225
0.0003389926 -0.02070534
0.0003405926 -0.01505843
0.0003421926 -0.01082324
0.0003437926 -0.008235077
0.0003453926 -0.008470365
0.0003469926 -0.008940941
0.0003485926 -0.008940941
0.0003501926 -0.009411517
0.0003517926 -0.01105853
0.0003533926 -0.01388199
0.0003549926 -0.01741131
0.0003565926 -0.01976419
0.0003581926 -0.01999947
0.0003597926 -0.01999947
0.0003613926 -0.01858775
0.0003629926 -0.01788188
0.0003645926 -0.01623487
0.0003661926 -0.01458785
0.0003677926 -0.01247026
0.0003693926 -0.009882093
0.0003709926 -0.008235077
0.0003725926 -0.005882198
0.0003741926 -0.005411622
0.0003757926 -0.003294031
0.0003773926 -0.001647015
0.0003789926 0.002117591
0.0003805926 0.004941046
0.0003821926 0.00682335
0.0003837926 0.008235077
0.0003853926 0.008470365
0.0003869926 0.007529213
0.0003885926 0.005882198
0.0003901926 0.003294031
0.0003917926 0
0.0003933926 -0.003058743
0.0003949926 -0.006352774
0.0003965926 -0.009882093
0.0003981926 -0.0136467
0.0003997926 -0.015529
0.0004013926 -0.01717602
0.0004029926 -0.01670544
0.0004045926 -0.01482314
0.0004061926 -0.01223497
0.0004077926 -0.01035267
0.0004093926 -0.006588062
0.0004109926 -0.002588167
0.0004125926 0.0004705758
0.0004141926 0.003294031
0.0004157926 0.004705758
0.0004173926 0.005882198
0.0004189926 0.006352774
0.0004205926 0.00682335
0.0004221926 0.005882198
0.0004237926 0.003764607
0.0004253926 0.0004705758
0.0004269926 -0.002588167
0.0004285926 -0.003294031
0.0004301926 -0.004235183
0.0004317926 -0.003999895
0.0004333926 -0.004941046
0.0004349926 -0.00447047
0.0004365926 -0.004705758
0.0004381926 -0.003058743
0.0004397926 -0.002117591
0.0004413926 0
0.0004429926 0.001647015
0.0004445926 0.003764607
0.0004461926 0.006352774
0.0004477926 0.008470365
0.0004493926 0.01058796
0.0004509926 0.01035267
0.0004525926 0.009882093
0.0004541926 0.007999789
0.0004557926 0.006588062
0.0004573926 0.00564691
0.0004589926 0.005176334
0.0004605926 0.00564691
0.0004621926 0.008235077
0.0004637926 0.01152911
0.0004653926 0.01270555
0.0004669926 0.01482314
0.0004685926 0.01529371
0.0004701926 0.01599958
0.0004717926 0.01741131
0.0004733926 0.01929361
0.0004749926 0.02070534
0.0004765926 0.02094062
0.0004781926 0.02047005
0.0004797926 0.01999947
0.0004813926 0.0195289
0.0004829926 0.01858775
0.0004845926 0.01764659
0.0004861926 0.01623487
0.0004877926 0.01599958
0.0004893926 0.01623487
0.0004909926 0.01741131
0.0004925926 0.01976419
0.0004941926 0.02164649
0.0004957926 0.0232935
0.0004973926 0.0254111
0.0004989926 0.02776397
0.0005005926 0.02846984
0.0005021926 0.03011685
0.0005037926 0.03011685
0.0005053926 0.03035214
0.0005069926 0.03035214
0.0005085926 0.03105801
0.0005101926 0.03199916
0.0005117926 0.03388146
0.0005133926 0.03364617
0.0005149926 0.03246973
0.0005165926 0.03246973
0.0005181926 0.03152858
0.0005197926 0.03035214
0.0005213926 0.02870513
0.0005229926 0.02611696
0.0005245926 0.02446994
0.0005261926 0.02305822
0.0005277926 0.02070534
0.0005293926 0.01905832
0.0005309926 0.01741131
0.0005325926 0.01694073
0.0005341926 0.01717602
0.0005357926 0.01788188
0.0005373926 0.01882303
0.0005389926 0.02047005
0.0005405926 0.02305822
0.0005421926 0.02588167
0.0005437926 0.02823455
0.0005453926 0.03058743
0.0005469926 0.03199916
0.0005485926 0.03223444
0.0005501926 0.03270502
0.0005517926 0.03294031
0.0005533926 0.03270502
0.0005549926 0.03246973
0.0005565926 0.03246973
0.0005581926 0.03388146
0.0005597926 0.03482261
0.0005613926 0.03623434
0.0005629926 0.03741078
0.0005645926 0.03741078
0.0005661926 0.03764607
0.0005677926 0.03741078
0.0005693926 0.03858722
0.0005709926 0.03952837
0.0005725926 0.04023423
0.0005741926 0.04023423
0.0005757926 0.04046952
0.0005773926 0.03999895
0.0005789926 0.04023423
0.0005805926 0.03929308
0.0005821926 0.03835193
0.0005837926 0.03811664
0.0005853926 0.03764607
0.0005869926 0.03858722
0.0005885926 0.03952837
0.0005901926 0.03929308
0.0005917926 0.03835193
0.0005933926 0.03788135
0.0005949926 0.0369402
0.0005965926 0.03717549
0.0005981926 0.03646963
0.0005997926 0.0369402
0.0006013926 0.03646963
0.0006029926 0.03811664
0.0006045926 0.03882251
0.0006061926 0.03976366
0.0006077926 0.04046952
0.0006093926 0.04023423
0.0006109926 0.04070481
0.0006125926 0.0409401
0.0006141926 0.04117539
0.0006157926 0.04211654
0.0006173926 0.0428224
0.0006189926 0.04164596
0.0006205926 0.04070481
0.0006221926 0.04117539
0.0006237926 0.04046952
0.0006253926 0.03952837
0.0006269926 0.03835193
0.0006285926 0.03741078
0.0006301926 0.03599905
0.0006317926 0.03482261
0.0006333926 0.03411675
0.0006349926 0.03388146
0.0006365926 0.03364617
0.0006381926 0.03552848
0.0006397926 0.03717549
0.0006413926 0.03905779
0.0006429926 0.04070481
0.0006445926 0.04258711
0.0006461926 0.04423413
0.0006477926 0.04564586
0.0006493926 0.04752816
0.0006509926 0.04799874
0.0006525926 0.04799874
0.0006541926 0.04799874
0.0006557926 0.0468223
0.0006573926 0.04541057
0.0006589926 0.04399884
0.0006605926 0.04235183
0.0006621926 0.04070481
0.0006637926 0.03929308
0.0006653926 0.03905779
0.0006669926 0.03929308
0.0006685926 0.04141067
0.0006701926 0.04376355
0.0006717926 0.04658701
0.0006733926 0.04964575
0.0006749926 0.05364565
0.0006765926 0.05717496
0.0006781926 0.06023371
0.0006797926 0.06211601
0.0006813926 0.06352774
0.0006829926 0.06446889
0.0006845926 0.06493947
0.0006861926 0.06517475
0.0006877926 0.06493947
0.0006893926 0.06352774
0.0006909926 0.06282187
0.0006925926 0.06070428
0.0006941926 0.05952784
0.0006957926 0.05741025
0.0006973926 0.0564691
0.0006989926 0.05505737
0.0007005926 0.0545868
0.0007021926 0.0545868
0.0007037926 0.05505737
0.0007053926 0.05411622
0.0007069926 0.05482208
0.0007085926 0.05505737
0.0007101926 0.05599852
0.0007117926 0.05693968
0.0007133926 0.05788083
0.0007149926 0.05811612
0.0007165926 0.05929256
0.0007181926 0.05976313
0.0007197926 0.06164543
0.0007213926 0.06352774
0.0007229926 0.06564533
0.0007245926 0.06752763
0.0007261926 0.06964522
0.0007277926 0.07129224
0.0007293926 0.07340983
0.0007309926 0.07482156
0.0007325926 0.07505685
0.0007341926 0.07482156
0.0007357926 0.07435098
0.0007373926 0.07411569
0.0007389926 0.07317454
0.0007405926 0.07270397
0.0007421926 0.07105695
0.0007437926 0.06940994
0.0007453926 0.06752763
0.0007469926 0.0661159
0.0007485926 0.06470418
0.0007501926 0.0642336
0.0007517926 0.06446889
0.0007533926 0.06399831
0.0007549926 0.06564533
0.0007565926 0.06705706
0.0007581926 0.0682335
0.0007597926 0.06846878
0.0007613926 0.06752763
0.0007629926 0.06776292
0.0007645926 0.06705706
0.0007661926 0.06682177
0.0007677926 0.0661159
0.0007693926 0.06541004
0.0007709926 0.06541004
0.0007725926 0.06564533
0.0007741926 0.0661159
0.0007757926 0.06635119
0.0007773926 0.06705706
0.0007789926 0.06893936
0.0007805926 0.07058638
0.0007821926 0.07270397
0.0007837926 0.07435098
0.0007853926 0.07646857
0.0007869926 0.07811559
0.0007885926 0.07882145
0.0007901926 0.07882145
0.0007917926 0.0778803
0.0007933926 0.07717444
0.0007949926 0.07529213
0.0007965926 0.07293925
0.0007981926 0.06964522
0.0007997926 0.06658648
0.0008013926 0.06399831
0.0008029926 0.06164543
0.0008045926 0.05952784
0.0008061926 0.05882198
0.0008077926 0.05811612
0.0008093926 0.05858669
0.0008109926 0.05882198
0.0008125926 0.05882198
0.0008141926 0.05858669
0.0008157926 0.05811612
0.0008173926 0.05764554
0.0008189926 0.05882198
0.0008205926 0.0583514
0.0008221926 0.05976313
0.0008237926 0.05999842
0.0008253926 0.05999842
0.0008269926 0.05999842
0.0008285926 0.05999842
0.0008301926 0.06046899
0.0008317926 0.06117486
0.0008333926 0.06164543
0.0008349926 0.06282187
0.0008365926 0.0642336
0.0008381926 0.06635119
0.0008397926 0.06752763
0.0008413926 0.06799821
0.0008429926 0.06799821
0.0008445926 0.06846878
0.0008461926 0.06870407
0.0008477926 0.0682335
0.0008493926 0.06752763
0.0008509926 0.06682177
0.0008525926 0.06564533
0.0008541926 0.06541004
0.0008557926 0.06517475
0.0008573926 0.06446889
0.0008589926 0.0642336
0.0008605926 0.06329245
0.0008621926 0.06352774
0.0008637926 0.06305716
0.0008653926 0.06211601
0.0008669926 0.06164543
0.0008685926 0.06117486
0.0008701926 0.05952784
0.0008717926 0.05811612
0.0008733926 0.05693968
0.0008749926 0.05717496
0.0008765926 0.05717496
0.0008781926 0.05717496
0.0008797926 0.05764554
0.0008813926 0.0583514
0.0008829926 0.05976313
0.0008845926 0.06188072
0.0008861926 0.06258659
0.0008877926 0.06399831
0.0008893926 0.06493947
0.0008909926 0.06635119
0.0008925926 0.06682177
0.0008941926 0.06752763
0.0008957926 0.06799821
0.0008973926 0.06682177
0.0008989926 0.0661159
0.0009005926 0.06493947
0.0009021926 0.06305716
0.0009037926 0.06117486
0.0009053926 0.05905727
0.0009069926 0.05811612
0.0009085926 0.05599852
0.0009101926 0.05552795
0.0009117926 0.05505737
0.0009133926 0.0545868
0.0009149926 0.05411622
0.0009165926 0.05411622
0.0009181926 0.05482208
0.0009197926 0.05505737
0.0009213926 0.05576324
0.0009229926 0.05623381
0.0009245926 0.05693968
0.0009261926 0.05741025
0.0009277926 0.05693968
0.0009293926 0.05693968
0.0009309926 0.0564691
0.0009325926 0.05599852
0.0009341926 0.05623381
0.0009357926 0.0564691
0.0009373926 0.05764554
0.0009389926 0.05882198
0.0009405926 0.05976313
0.0009421926 0.0623513
0.0009437926 0.06446889
0.0009453926 0.06658648
0.0009469926 0.06870407
0.0009485926 0.07082166
0.0009501926 0.0719981
0.0009517926 0.07317454
0.0009533926 0.07411569
0.0009549926 0.07529213
0.0009565926 0.07576271
0.0009581926 0.07552742
0.0009597926 0.07411569
0.0009613926 0.07270397
0.0009629926 0.0701158
0.0009645926 0.06846878
0.0009661926 0.0661159
0.0009677926 0.06470418
0.0009693926 0.06305716
0.0009709926 0.06188072
0.0009725926 0.06070428
0.0009741926 0.05952784
0.0009757926 0.0583514
0.0009773926 0.05717496
0.0009789926 0.05599852
0.0009805926 0.05505737
0.0009821926 0.05411622
0.0009837926 0.05364565
0.0009853926 0.05293978
0.0009869926 0.05317507
0.0009885926 0.05317507
0.0009901926 0.05223392
0.0009917926 0.05199863
0.0009933926 0.05129277
0.0009949926 0.0505869
0.0009965926 0.04964575
0.0009981926 0.04964575
0.0009997926 0.04941046
0.001001393 0.04988104
0.001002993 0.05035161
0.001004593 0.05246921
0.001006193 0.05364565
0.001007793 0.05505737
0.001009393 0.05576324
0.001010993 0.05741025
0.001012593 0.05788083
0.001014193 0.05858669
0.001015793 0.05929256
0.001017393 0.05999842
0.001018993 0.05976313
0.001020593 0.06023371
0.001022193 0.05905727
0.001023793 0.05858669
0.001025393 0.05717496
0.001026993 0.05505737
0.001028593 0.05388093
0.001030193 0.05293978
0.001031793 0.05176334
0.001033393 0.0505869
0.001034993 0.05011633
0.001036593 0.05035161
0.001038193 0.04988104
0.001039793 0.04964575
0.001041393 0.04941046
0.001042993 0.04893989
0.001044593 0.04799874
0.001046193 0.04776345
0.001047793 0.04846931
0.001049393 0.0487046
0.001050993 0.04823402
0.001052593 0.04752816
0.001054193 0.04799874
0.001055793 0.04752816
0.001057393 0.04776345
0.001058993 0.04729287
0.001060593 0.0468223
0.001062193 0.04752816
0.001063793 0.04705758
0.001065393 0.04729287
0.001066993 0.04729287
0.001068593 0.04823402
0.001070193 0.04705758
0.001071793 0.04635172
0.001073393 0.04705758
0.001074993 0.04705758
0.001076593 0.04729287
0.001078193 0.04752816
0.001079793 0.04776345
0.001081393 0.04846931
0.001082993 0.04893989
0.001084593 0.04964575
0.001086193 0.05082219
0.001087793 0.05199863
0.001089393 0.05129277
0.001090993 0.05152805
0.001092593 0.05035161
0.001094193 0.04917517
0.001095793 0.04729287
0.001097393 0.04564586
0.001098993 0.04446942
0.001100593 0.0428224
0.001102193 0.04141067
0.001103793 0.0409401
0.001105393 0.03952837
0.001106993 0.03882251
0.001108593 0.03835193
0.001110193 0.03835193
0.001111793 0.03764607
0.001113393 0.03811664
0.001114993 0.03764607
0.001116593 0.03788135
0.001118193 0.03717549
0.001119793 0.03788135
0.001121393 0.03741078
0.001122993 0.03670492
0.001124593 0.03670492
0.001126193 0.0369402
0.001127793 0.03717549
0.001129393 0.03788135
0.001130993 0.03764607
0.001132593 0.03858722
0.001134193 0.03717549
0.001135793 0.03670492
0.001137393 0.03623434
0.001138993 0.03552848
0.001140593 0.03458732
0.001142193 0.03411675
0.001143793 0.03223444
0.001145393 0.03105801
0.001146993 0.03035214
0.001148593 0.02894041
0.001150193 0.02894041
0.001151793 0.02941099
0.001153393 0.03035214
0.001154993 0.03129329
0.001156593 0.03341088
0.001158193 0.03482261
0.001159793 0.03576376
0.001161393 0.03788135
0.001162993 0.03858722
0.001164593 0.03882251
0.001166193 0.03976366
0.001167793 0.03952837
0.001169393 0.03882251
0.001170993 0.03882251
0.001172593 0.03858722
0.001174193 0.03670492
0.001175793 0.03623434
0.001177393 0.03552848
0.001178993 0.03529319
0.001180593 0.03458732
0.001182193 0.03482261
0.001183793 0.03529319
0.001185393 0.03576376
0.001186993 0.03646963
0.001188593 0.03741078
0.001190193 0.03858722
0.001191793 0.03905779
0.001193393 0.04046952
0.001194993 0.0409401
0.001196593 0.0409401
0.001198193 0.04070481
0.001199793 0.04117539
0.001201393 0.03999895
0.001202993 0.03905779
0.001204593 0.03741078
0.001206193 0.03599905
0.001207793 0.03435204
0.001209393 0.03246973
0.001210993 0.03105801
0.001212593 0.0291757
0.001214193 0.02752869
0.001215793 0.02658753
0.001217393 0.02564638
0.001218993 0.02494052
0.001220593 0.02399937
0.001222193 0.0232935
0.001223793 0.02282293
0.001225393 0.02282293
0.001226993 0.02211706
0.001228593 0.02188178
0.001230193 0.02235235
0.001231793 0.02117591
0.001233393 0.0214112
0.001234993 0.0214112
0.001236593 0.02094062
0.001238193 0.02164649
0.001239793 0.0214112
0.001241393 0.0214112
0.001242993 0.02211706
0.001244593 0.02164649
0.001246193 0.02164649
0.001247793 0.0214112
0.001249393 0.02117591
0.001250993 0.01976419
0.001252593 0.01858775
0.001254193 0.01741131
0.001255793 0.01599958
0.001257393 0.01458785
0.001258993 0.01388199
0.001260593 0.01223497
0.001262193 0.01035267
0.001263793 0.009411517
0.001265393 0.009176229
0.001266993 0.008705653
0.001268593 0.009176229
0.001270193 0.008940941
0.001271793 0.008940941
0.001273393 0.009646805
0.001274993 0.01011738
0.001276593 0.009411517
0.001278193 0.009411517
0.001279793 0.008470365
0.001281393 0.008470365
0.001282993 0.007293925
0.001284593 0.006117486
0.001286193 0.005411622
0.001287793 0.003058743
0.001289393 0.002117591
0.001290993 0.0007058638
0.001292593 -0.0007058638
0.001294193 -0.001647015
0.001295793 -0.002117591
0.001297393 -0.003058743
0.001298993 -0.002352879
0.001300593 -0.002117591
0.001302193 -0.0009411517
0.001303793 -0.0002352879
0.001305393 0.0004705758
0.001306993 0.001411728
0.001308593 0.002352879
0.001310193 0.003294031
0.001311793 0.003529319
0.001313393 0.003999895
0.001314993 0.003999895
0.001316593 0.00447047
0.001318193 0.00447047
0.001319793 0.003999895
0.001321393 0.003999895
0.001322993 0.003058743
0.001324593 0.002352879
0.001326193 0.0009411517
0.001327793 0.0009411517
0.001329393 -0.0002352879
0.001330993 -0.001647015
0.001332593 -0.003294031
0.001334193 -0.005176334
0.001335793 -0.00682335
0.001337393 -0.008470365
0.001338993 -0.01058796
0.001340593 -0.01199968
0.001342193 -0.01458785
0.001343793 -0.01599958
0.001345393 -0.01670544
0.001346993 -0.01788188
0.001348593 -0.01882303
0.001350193 -0.01929361
0.001351793 -0.01999947
0.001353393 -0.02023476
0.001354993 -0.02047005
0.001356593 -0.02047005
0.001358193 -0.02023476
0.001359793 -0.02070534
0.001361393 -0.02070534
0.001362993 -0.02164649
0.001364593 -0.0214112
0.001366193 -0.02258764
0.001367793 -0.02282293
0.001369393 -0.02235235
0.001370993 -0.02235235
0.001372593 -0.02235235
0.001374193 -0.02188178
0.001375793 -0.02188178
0.001377393 -0.02047005
0.001378993 -0.01976419
0.001380593 -0.0195289
0.001382193 -0.01976419
0.001383793 -0.02023476
0.001385393 -0.02047005
0.001386993 -0.02117591
0.001388593 -0.02258764
0.001390193 -0.0232935
0.001391793 -0.02446994
0.001393393 -0.02588167
0.001394993 -0.02752869
0.001396593 -0.02870513
0.001398193 -0.03058743
0.001399793 -0.03176387
0.001401393 -0.03223444
0.001402993 -0.0331756
0.001404593 -0.03270502
0.001406193 -0.03294031
0.001407793 -0.03388146
0.001409393 -0.03364617
0.001410993 -0.03364617
0.001412593 -0.0331756
0.001414193 -0.03294031
0.001415793 -0.03364617
0.001417393 -0.03364617
0.001418993 -0.03388146
0.001420593 -0.03458732
0.001422193 -0.03364617
0.001423793 -0.0331756
0.001425393 -0.0331756
0.001426993 -0.03364617
0.001428593 -0.03388146
0.001430193 -0.03435204
0.001431793 -0.0350579
0.001433393 -0.03576376
0.001434993 -0.0369402
0.001436593 -0.03905779
0.001438193 -0.03999895
0.001439793 -0.04235183
0.001441393 -0.04423413
0.001442993 -0.04658701
0.001444593 -0.04799874
0.001446193 -0.04964575
0.001447793 -0.05176334
0.001449393 -0.05293978
0.001450993 -0.05364565
0.001452593 -0.05505737
0.001454193 -0.05552795
0.001455793 -0.05576324
0.001457393 -0.05576324
0.001458993 -0.05623381
0.001460593 -0.05576324
0.001462193 -0.05623381
0.001463793 -0.05576324
0.001465393 -0.05529266
0.001466993 -0.05505737
0.001468593 -0.05505737
0.001470193 -0.05505737
0.001471793 -0.0545868
0.001473393 -0.05505737
0.001474993 -0.05435151
0.001476593 -0.05505737
0.001478193 -0.05599852
0.001479793 -0.05693968
0.001481393 -0.05811612
0.001482993 -0.05882198
0.001484593 -0.05976313
0.001486193 -0.06188072
0.001487793 -0.06305716
0.001489393 -0.0642336
0.001490993 -0.06564533
0.001492593 -0.06658648
0.001494193 -0.06799821
0.001495793 -0.0682335
0.001497393 -0.06917465
0.001498993 -0.06893936
0.001500593 -0.06940994
0.001502193 -0.06870407
0.001503793 -0.06776292
0.001505393 -0.06729234
0.001506993 -0.06635119
0.001508593 -0.06470418
0.001510193 -0.06399831
0.001511793 -0.06352774
0.001513393 -0.06258659
0.001514993 -0.06258659
0.001516593 -0.06282187
0.001518193 -0.06329245
0.001519793 -0.0642336
0.001521393 -0.06493947
0.001522993 -0.06658648
0.001524593 -0.06752763
0.001526193 -0.06846878
0.001527793 -0.06940994
0.001529393 -0.06964522
0.001530993 -0.07058638
0.001532593 -0.07082166
0.001534193 -0.07035109
0.001535793 -0.0701158
0.001537393 -0.06940994
0.001538993 -0.06870407
0.001540593 -0.06776292
0.001542193 -0.06729234
0.001543793 -0.06658648
0.001545393 -0.06588062
0.001546993 -0.06588062
0.001548593 -0.06564533
0.001550193 -0.0661159
0.001551793 -0.06729234
0.001553393 -0.06729234
0.001554993 -0.06776292
0.001556593 -0.0682335
0.001558193 -0.06964522
0.001559793 -0.07035109
0.001561393 -0.0719981
0.001562993 -0.07152753
0.001564593 -0.07317454
0.001566193 -0.07388041
0.001567793 -0.07505685
0.001569393 -0.07482156
0.001570993 -0.07552742
0.001572593 -0.07576271
0.001574193 -0.07646857
0.001575793 -0.07646857
0.001577393 -0.07646857
0.001578993 -0.07552742
0.001580593 -0.075998
0.001582193 -0.07505685
0.001583793 -0.07505685
0.001585393 -0.07435098
0.001586993 -0.07435098
0.001588593 -0.07364512
0.001590193 -0.07364512
0.001591793 -0.07340983
0.001593393 -0.07340983
0.001594993 -0.07293925
0.001596593 -0.07317454
0.001598193 -0.07340983
0.001599793 -0.07482156
0.001601393 -0.07505685
0.001602993 -0.07576271
0.001604593 -0.07670386
0.001606193 -0.07693915
0.001607793 -0.07835088
0.001609393 -0.07952732
0.001610993 -0.07929203
0.001612593 -0.08023318
0.001614193 -0.08070376
0.001615793 -0.08070376
0.001617393 -0.08070376
0.001618993 -0.0797626
0.001620593 -0.07929203
0.001622193 -0.07882145
0.001623793 -0.07740972
0.001625393 -0.07623329
0.001626993 -0.07482156
0.001628593 -0.07458627
0.001630193 -0.07317454
0.001631793 -0.07270397
0.001633393 -0.07152753
0.001634993 -0.07152753
0.001636593 -0.07082166
0.001638193 -0.0701158
0.001639793 -0.06964522
0.001641393 -0.06917465
0.001642993 -0.0682335
0.001644593 -0.06799821
0.001646193 -0.06729234
0.001647793 -0.06635119
0.001649393 -0.06541004
0.001650993 -0.06564533
0.001652593 -0.06470418
0.001654193 -0.06399831
0.001655793 -0.06376303
0.001657393 -0.0642336
0.001658993 -0.0642336
0.001660593 -0.06517475
0.001662193 -0.06635119
0.001663793 -0.06799821
0.001665393 -0.06917465
0.001666993 -0.07105695
0.001668593 -0.07223339
0.001670193 -0.07364512
0.001671793 -0.07505685
0.001673393 -0.075998
0.001674993 -0.07740972
0.001676593 -0.07858616
0.001678193 -0.0797626
0.001679793 -0.08070376
0.001681393 -0.08117433
0.001682993 -0.08211548
0.001684593 -0.08258606
0.001686193 -0.08305663
0.001687793 -0.08235077
0.001689393 -0.08258606
0.001690993 -0.08235077
0.001692593 -0.08211548
0.001694193 -0.08164491
0.001695793 -0.08140962
0.001697393 -0.07999789
0.001698993 -0.07952732
0.001700593 -0.07882145
0.001702193 -0.07835088
0.001703793 -0.07882145
0.001705393 -0.0778803
0.001706993 -0.07740972
0.001708593 -0.07693915
0.001710193 -0.07646857
0.001711793 -0.07646857
0.001713393 -0.07693915
0.001714993 -0.07693915
0.001716593 -0.07740972
0.001718193 -0.07811559
0.001719793 -0.07764501
0.001721393 -0.07811559
0.001722993 -0.07882145
0.001724593 -0.07882145
0.001726193 -0.07905674
0.001727793 -0.07999789
0.001729393 -0.07952732
0.001730993 -0.0797626
0.001732593 -0.0797626
0.001734193 -0.07929203
0.001735793 -0.07882145
0.001737393 -0.07858616
0.001738993 -0.07764501
0.001740593 -0.07670386
0.001742193 -0.07623329
0.001743793 -0.07576271
0.001745393 -0.07505685
0.001746993 -0.07435098
0.001748593 -0.07317454
0.001750193 -0.07293925
0.001751793 -0.07176281
0.001753393 -0.07058638
0.001754993 -0.06988051
0.001756593 -0.06940994
0.001758193 -0.0682335
0.001759793 -0.0682335
0.001761393 -0.06705706
0.001762993 -0.06776292
0.001764593 -0.0661159
0.001766193 -0.06635119
0.001767793 -0.06658648
0.001769393 -0.06752763
0.001770993 -0.06658648
0.001772593 -0.06705706
0.001774193 -0.06799821
0.001775793 -0.06917465
0.001777393 -0.06893936
0.001778993 -0.06964522
0.001780593 -0.07058638
0.001782193 -0.07152753
0.001783793 -0.07293925
0.001785393 -0.07364512
0.001786993 -0.07458627
0.001788593 -0.07552742
0.001790193 -0.075998
0.001791793 -0.07623329
0.001793393 -0.075998
0.001794993 -0.07623329
0.001796593 -0.07529213
0.001798193 -0.07482156
0.001799793 -0.07435098
0.001801393 -0.07317454
0.001802993 -0.0719981
0.001804593 -0.07082166
0.001806193 -0.06988051
0.001807793 -0.06917465
0.001809393 -0.06776292
0.001810993 -0.06752763
0.001812593 -0.06752763
0.001814193 -0.06682177
0.001815793 -0.06682177
0.001817393 -0.06776292
0.001818993 -0.06752763
0.001820593 -0.06752763
0.001822193 -0.06635119
0.001823793 -0.06682177
0.001825393 -0.06658648
0.001826993 -0.0661159
0.001828593 -0.06541004
0.001830193 -0.06517475
0.001831793 -0.06446889
0.001833393 -0.06329245
0.001834993 -0.0623513
0.001836593 -0.06093957
0.001838193 -0.06023371
0.001839793 -0.05929256
0.001841393 -0.05811612
0.001842993 -0.0564691
0.001844593 -0.05529266
0.001846193 -0.05435151
0.001847793 -0.05270449
0.001849393 -0.05152805
0.001850993 -0.05035161
0.001852593 -0.04941046
0.001854193 -0.04823402
0.001855793 -0.04823402
0.001857393 -0.04729287
0.001858993 -0.04729287
0.001860593 -0.0468223
0.001862193 -0.04705758
0.001863793 -0.04799874
0.001865393 -0.04729287
0.001866993 -0.04823402
0.001868593 -0.0487046
0.001870193 -0.04988104
0.001871793 -0.0505869
0.001873393 -0.05035161
0.001874993 -0.05129277
0.001876593 -0.05082219
0.001878193 -0.05199863
0.001879793 -0.05129277
0.001881393 -0.05082219
0.001882993 -0.05152805
0.001884593 -0.05129277
0.001886193 -0.05082219
0.001887793 -0.05082219
0.001889393 -0.04941046
0.001890993 -0.04964575
0.001892593 -0.04893989
0.001894193 -0.0487046
0.001895793 -0.04799874
0.001897393 -0.04752816
0.001898993 -0.04635172
0.001900593 -0.04588114
0.001902193 -0.04493999
0.001903793 -0.04423413
0.001905393 -0.04329298
0.001906993 -0.04211654
0.001908593 -0.0409401
0.001910193 -0.04023423
0.001911793 -0.03999895
0.001913393 -0.03882251
0.001914993 -0.03835193
0.001916593 -0.03788135
0.001918193 -0.03717549
0.001919793 -0.03599905
0.001921393 -0.03529319
0.001922993 -0.0350579
0.001924593 -0.03411675
0.001926193 -0.03341088
0.001927793 -0.03294031
0.001929393 -0.03246973
0.001930993 -0.03152858
0.001932593 -0.03082272
0.001934193 -0.03152858
0.001935793 -0.03058743
0.001937393 -0.03035214
0.001938993 -0.03011685
0.001940593 -0.0291757
0.001942193 -0.02941099
0.001943793 -0.02799926
0.001945393 -0.02846984
0.001946993 -0.02682282
0.001948593 -0.0254111
0.001950193 -0.02470523
0.001951793 -0.02352879
0.001953393 -0.02235235
0.001954993 -0.0214112
0.001956593 -0.01999947
0.001958193 -0.01929361
0.001959793 -0.01788188
0.001961393 -0.01670544
0.001962993 -0.01623487
0.001964593 -0.01623487
0.001966193 -0.01599958
0.001967793 -0.015529
0.001969393 -0.01576429
0.001970993 -0.01647015
0.001972593 -0.01647015
0.001974193 -0.01694073
0.001975793 -0.01694073
0.001977393 -0.01694073
0.001978993 -0.01835246
0.001980593 -0.01811717
0.001982193 -0.01764659
0.001983793 -0.01811717
0.001985393 -0.01764659
0.001986993 -0.01741131
0.001988593 -0.01694073
0.001990193 -0.01599958
0.001991793 -0.01482314
0.001993393 -0.01411728
0.001994993 -0.01270555
0.001996593 -0.01152911
0.001998193 -0.009882093
0.001999793 -0.008705653
0.002001393 -0.007999789
0.002002993 -0.005882198
0.002004593 -0.005176334
0.002006193 -0.003764607
0.002007793 -0.003764607
0.002009393 -0.002588167
0.002010993 -0.003294031
0.002012593 -0.003058743
0.002014193 -0.003058743
0.002015793 -0.002823455
0.002017393 -0.003294031
0.002018993 -0.003529319
0.002020593 -0.003764607
0.002022193 -0.003529319
0.002023793 -0.003764607
0.002025393 -0.003294031
0.002026993 -0.003058743
0.002028593 -0.001882303
0.002030193 -0.0009411517
0.002031793 0
0.002033393 0.0009411517
0.002034993 0.002352879
0.002036593 0.003058743
0.002038193 0.003999895
0.002039793 0.004941046
0.002041393 0.00564691
0.002042993 0.006352774
0.002044593 0.00682335
0.002046193 0.007293925
0.002047793 0.007999789
0.002049393 0.008235077
0.002050993 0.008470365
0.002052593 0.008235077
0.002054193 0.008235077
0.002055793 0.008940941
0.002057393 0.009176229
0.002058993 0.009176229
0.002060593 0.009176229
0.002062193 0.009646805
0.002063793 0.009882093
0.002065393 0.01035267
0.002066993 0.01035267
0.002068593 0.01105853
0.002070193 0.01129382
0.002071793 0.01223497
0.002073393 0.01317612
0.002074993 0.0136467
0.002076593 0.01411728
0.002078193 0.01576429
0.002079793 0.01576429
0.002081393 0.01599958
0.002082993 0.01741131
0.002084593 0.01788188
0.002086193 0.01858775
0.002087793 0.01976419
0.002089393 0.02023476
0.002090993 0.02070534
0.002092593 0.02188178
0.002094193 0.02188178
0.002095793 0.02164649
0.002097393 0.02235235
0.002098993 0.02164649
0.002100593 0.02117591
0.002102193 0.01976419
0.002103793 0.01976419
0.002105393 0.01905832
0.002106993 0.01858775
0.002108593 0.01764659
0.002110193 0.01694073
0.002111793 0.01670544
0.002113393 0.01623487
0.002114993 0.01670544
0.002116593 0.01717602
0.002118193 0.01717602
0.002119793 0.01741131
0.002121393 0.01764659
0.002122993 0.01788188
0.002124593 0.01835246
0.002126193 0.01905832
0.002127793 0.0195289
0.002129393 0.02094062
0.002130993 0.02117591
0.002132593 0.02164649
0.002134193 0.02258764
0.002135793 0.02305822
0.002137393 0.0232935
0.002138993 0.02446994
0.002140593 0.02494052
0.002142193 0.0254111
0.002143793 0.02635225
0.002145393 0.02752869
0.002146993 0.02752869
0.002148593 0.02823455
0.002150193 0.02870513
0.002151793 0.02846984
0.002153393 0.02823455
0.002154993 0.02894041
0.002156593 0.02870513
0.002158193 0.02894041
0.002159793 0.02776397
0.002161393 0.02799926
0.002162993 0.02799926
0.002164593 0.02823455
0.002166193 0.02776397
0.002167793 0.02846984
0.002169393 0.02941099
0.002170993 0.0291757
0.002172593 0.03035214
0.002174193 0.03058743
0.002175793 0.03176387
0.002177393 0.03129329
0.002178993 0.03152858
0.002180593 0.03199916
0.002182193 0.03176387
0.002183793 0.03176387
0.002185393 0.03129329
0.002186993 0.03129329
0.002188593 0.03011685
0.002190193 0.03011685
0.002191793 0.02894041
0.002193393 0.02870513
0.002194993 0.02870513
0.002196593 0.02776397
0.002198193 0.02823455
0.002199793 0.02776397
0.002201393 0.02823455
0.002202993 0.02870513
0.002204593 0.02941099
0.002206193 0.02941099
0.002207793 0.03011685
0.002209393 0.03105801
0.002210993 0.03176387
0.002212593 0.03364617
0.002214193 0.03411675
0.002215793 0.0350579
0.002217393 0.03552848
0.002218993 0.03670492
0.002220593 0.03717549
0.002222193 0.03811664
0.002223793 0.03835193
0.002225393 0.03858722
0.002226993 0.03952837
0.002228593 0.03858722
0.002230193 0.03882251
0.002231793 0.03882251
0.002233393 0.03811664
0.002234993 0.03835193
0.002236593 0.03788135
0.002238193 0.03741078
0.002239793 0.03646963
0.002241393 0.03670492
0.002242993 0.03576376
0.002244593 0.03552848
0.002246193 0.03529319
0.002247793 0.03552848
0.002249393 0.0350579
0.002250993 0.03623434
0.002252593 0.03599905
0.002254193 0.03623434
0.002255793 0.03670492
0.002257393 0.03788135
0.002258993 0.03882251
0.002260593 0.03952837
0.002262193 0.0409401
0.002263793 0.04117539
0.002265393 0.04235183
0.002266993 0.04329298
0.002268593 0.04493999
0.002270193 0.04611643
0.002271793 0.04705758
0.002273393 0.04799874
0.002274993 0.04823402
0.002276593 0.04799874
0.002278193 0.04799874
0.002279793 0.04752816
0.002281393 0.0468223
0.002282993 0.04729287
0.002284593 0.04588114
0.002286193 0.04517528
0.002287793 0.04446942
0.002289393 0.0428224
0.002290993 0.04188125
0.002292593 0.04141067
0.002294193 0.04070481
0.002295793 0.04046952
0.002297393 0.03976366
0.002298993 0.03999895
0.002300593 0.03929308
0.002302193 0.03905779
0.002303793 0.03882251
0.002305393 0.03858722
0.002306993 0.03952837
0.002308593 0.03882251
0.002310193 0.03976366
0.002311793 0.03976366
0.002313393 0.03999895
0.002314993 0.03999895
0.002316593 0.04046952
0.002318193 0.0409401
0.002319793 0.04164596
0.002321393 0.04188125
0.002322993 0.04258711
0.002324593 0.04305769
0.002326193 0.04352826
0.002327793 0.04399884
0.002329393 0.0447047
0.002330993 0.04517528
0.002332593 0.04635172
0.002334193 0.04588114
0.002335793 0.0468223
0.002337393 0.0468223
0.002338993 0.0468223
0.002340593 0.04729287
0.002342193 0.04705758
0.002343793 0.04705758
0.002345393 0.04729287
0.002346993 0.04729287
0.002348593 0.04752816
0.002350193 0.04776345
0.002351793 0.04776345
0.002353393 0.04823402
0.002354993 0.04846931
0.002356593 0.04846931
0.002358193 0.04846931
0.002359793 0.04846931
0.002361393 0.04846931
0.002362993 0.04752816
0.002364593 0.04752816
0.002366193 0.04729287
0.002367793 0.04729287
0.002369393 0.04705758
0.002370993 0.04752816
0.002372593 0.04752816
0.002374193 0.04776345
0.002375793 0.04823402
0.002377393 0.04823402
0.002378993 0.04893989
0.002380593 0.04988104
0.002382193 0.0505869
0.002383793 0.05105748
0.002385393 0.0505869
0.002386993 0.05152805
0.002388593 0.05129277
0.002390193 0.05082219
0.002391793 0.0505869
0.002393393 0.0505869
0.002394993 0.05035161
0.002396593 0.0505869
0.002398193 0.05082219
0.002399793 0.04988104
0.002401393 0.05011633
0.002402993 0.0505869
0.002404593 0.0505869
0.002406193 0.05129277
0.002407793 0.05176334
0.002409393 0.05223392
0.002410993 0.05317507
0.002412593 0.05364565
0.002414193 0.0545868
0.002415793 0.05576324
0.002417393 0.05670439
0.002418993 0.05764554
0.002420593 0.05811612
0.002422193 0.05858669
0.002423793 0.05882198
0.002425393 0.05929256
0.002426993 0.05952784
0.002428593 0.05952784
0.002430193 0.05905727
0.002431793 0.05999842
0.002433393 0.06023371
0.002434993 0.06046899
0.002436593 0.06070428
0.002438193 0.06070428
0.002439793 0.06141015
0.002441393 0.06141015
0.002442993 0.06093957
0.002444593 0.06164543
0.002446193 0.06117486
0.002447793 0.06188072
0.002449393 0.06141015
0.002450993 0.06117486
0.002452593 0.06117486
0.002454193 0.06093957
0.002455793 0.06093957
0.002457393 0.06117486
0.002458993 0.06164543
0.002460593 0.06211601
0.002462193 0.06211601
0.002463793 0.06282187
0.002465393 0.0623513
0.002466993 0.06329245
0.002468593 0.0642336
0.002470193 0.06493947
0.002471793 0.06541004
0.002473393 0.06588062
0.002474993 0.06705706
0.002476593 0.0682335
0.002478193 0.06799821
0.002479793 0.06870407
0.002481393 0.06846878
0.002482993 0.06964522
0.002484593 0.06917465
0.002486193 0.06964522
0.002487793 0.07035109
0.002489393 0.07082166
0.002490993 0.07105695
0.002492593 0.07105695
0.002494193 0.07105695
0.002495793 0.07270397
0.002497393 0.07317454
0.002498993 0.07364512
0.002500593 0.07340983
0.002502193 0.07411569
0.002503793 0.07435098
0.002505393 0.07505685
0.002506993 0.07505685
0.002508593 0.07505685
0.002510193 0.07529213
0.002511793 0.07576271
0.002513393 0.075998
0.002514993 0.07552742
0.002516593 0.07576271
0.002518193 0.07576271
0.002519793 0.075998
0.002521393 0.07529213
0.002522993 0.07529213
0.002524593 0.07552742
0.002526193 0.07505685
0.002527793 0.07505685
0.002529393 0.07435098
0.002530993 0.07458627
0.002532593 0.07505685
0.002534193 0.07505685
0.002535793 0.07458627
0.002537393 0.07552742
0.002538993 0.07552742
0.002540593 0.07623329
0.002542193 0.07670386
0.002543793 0.07740972
0.002545393 0.07835088
0.002546993 0.07952732
0.002548593 0.08070376
0.002550193 0.08117433
0.002551793 0.08235077
0.002553393 0.08282135
0.002554993 0.08305663
0.002556593 0.0837625
0.002558193 0.08352721
0.002559793 0.08329192
0.002561393 0.08329192
0.002562993 0.08282135
0.002564593 0.08258606
0.002566193 0.08211548
0.002567793 0.08070376
0.002569393 0.07999789
0.002570993 0.07882145
0.002572593 0.07811559
0.002574193 0.07670386
0.002575793 0.07623329
0.002577393 0.07505685
0.002578993 0.07435098
0.002580593 0.07388041
0.002582193 0.07317454
0.002583793 0.07293925
0.002585393 0.07270397
0.002586993 0.07270397
0.002588593 0.07340983
0.002590193 0.07270397
0.002591793 0.07435098
0.002593393 0.07458627
0.002594993 0.07529213
0.002596593 0.07623329
0.002598193 0.07693915
0.002599793 0.0778803
0.002601393 0.07905674
0.002602993 0.07905674
0.002604593 0.0797626
0.002606193 0.0797626
0.002607793 0.08093904
0.002609393 0.07999789
0.002610993 0.08070376
0.002612593 0.08070376
0.002614193 0.0797626
0.002615793 0.07999789
0.002617393 0.07952732
0.002618993 0.07952732
0.002620593 0.07858616
0.002622193 0.07882145
0.002623793 0.07740972
0.002625393 0.07835088
0.002626993 0.0778803
0.002628593 0.07740972
0.002630193 0.07764501
0.002631793 0.07764501
0.002633393 0.07811559
0.002634993 0.07811559
0.002636593 0.07835088
0.002638193 0.07929203
0.002639793 0.07929203
0.002641393 0.0797626
0.002642993 0.08023318
0.002644593 0.08046847
0.002646193 0.07999789
0.002647793 0.08023318
0.002649393 0.07952732
0.002650993 0.07905674
0.002652593 0.07905674
0.002654193 0.07858616
0.002655793 0.07811559
0.002657393 0.07717444
0.002658993 0.07646857
0.002660593 0.07576271
0.002662193 0.075998
0.002663793 0.07529213
0.002665393 0.07505685
0.002666993 0.07482156
0.002668593 0.07435098
0.002670193 0.07388041
0.002671793 0.07435098
0.002673393 0.07435098
0.002674993 0.07435098
0.002676593 0.07388041
0.002678193 0.07411569
0.002679793 0.07435098
0.002681393 0.07435098
0.002682993 0.07505685
0.002684593 0.07529213
0.002686193 0.075998
0.002687793 0.07670386
0.002689393 0.07717444
0.002690993 0.0778803
0.002692593 0.07882145
0.002694193 0.07929203
0.002695793 0.07999789
0.002697393 0.08093904
0.002698993 0.08046847
0.002700593 0.08070376
0.002702193 0.08070376
0.002703793 0.08117433
0.002705393 0.07999789
0.002706993 0.07929203
0.002708593 0.07858616
0.002710193 0.07764501
0.002711793 0.07717444
0.002713393 0.07670386
0.002714993 0.07505685
0.002716593 0.07435098
0.002718193 0.07388041
0.002719793 0.07317454
0.002721393 0.07246868
0.002722993 0.07223339
0.002724593 0.07176281
0.002726193 0.07176281
0.002727793 0.07058638
0.002729393 0.07058638
0.002730993 0.07035109
0.002732593 0.07035109
0.002734193 0.0701158
0.002735793 0.0701158
0.002737393 0.06893936
0.002738993 0.0682335
0.002740593 0.06752763
0.002742193 0.06752763
0.002743793 0.06658648
0.002745393 0.06541004
0.002746993 0.06493947
0.002748593 0.0642336
0.002750193 0.06399831
0.002751793 0.06305716
0.002753393 0.06211601
0.002754993 0.06188072
0.002756593 0.06188072
0.002758193 0.06188072
0.002759793 0.06141015
0.002761393 0.06211601
0.002762993 0.06141015
0.002764593 0.06188072
0.002766193 0.06211601
0.002767793 0.06188072
0.002769393 0.06164543
0.002770993 0.06258659
0.002772593 0.06305716
0.002774193 0.06305716
0.002775793 0.06329245
0.002777393 0.06329245
0.002778993 0.06352774
0.002780593 0.06399831
0.002782193 0.06352774
0.002783793 0.06352774
0.002785393 0.06399831
0.002786993 0.06376303
0.002788593 0.06352774
0.002790193 0.06352774
0.002791793 0.06282187
0.002793393 0.06282187
0.002794993 0.06211601
0.002796593 0.06164543
0.002798193 0.06164543
0.002799793 0.06117486
0.002801393 0.06141015
0.002802993 0.06023371
0.002804593 0.05905727
0.002806193 0.05858669
0.002807793 0.05788083
0.002809393 0.05741025
0.002810993 0.05693968
0.002812593 0.05599852
0.002814193 0.05576324
0.002815793 0.05482208
0.002817393 0.05435151
0.002818993 0.05317507
0.002820593 0.05246921
0.002822193 0.05223392
0.002823793 0.05152805
0.002825393 0.05105748
0.002826993 0.0505869
0.002828593 0.04988104
0.002830193 0.04988104
0.002831793 0.0487046
0.002833393 0.04846931
0.002834993 0.04776345
0.002836593 0.04658701
0.002838193 0.04635172
0.002839793 0.04541057
0.002841393 0.04517528
0.002842993 0.0447047
0.002844593 0.04376355
0.002846193 0.04399884
0.002847793 0.04305769
0.002849393 0.04329298
0.002850993 0.04329298
0.002852593 0.04305769
0.002854193 0.04235183
0.002855793 0.04211654
0.002857393 0.04235183
0.002858993 0.04117539
0.002860593 0.04164596
0.002862193 0.04117539
0.002863793 0.04046952
0.002865393 0.04023423
0.002866993 0.03976366
0.002868593 0.03835193
0.002870193 0.03811664
0.002871793 0.03811664
0.002873393 0.03741078
0.002874993 0.03670492
0.002876593 0.03670492
0.002878193 0.03599905
0.002879793 0.03623434
0.002881393 0.03599905
0.002882993 0.03576376
0.002884593 0.03646963
0.002886193 0.03623434
0.002887793 0.03646963
0.002889393 0.03670492
0.002890993 0.03646963
0.002892593 0.03670492
0.002894193 0.03717549
0.002895793 0.0369402
0.002897393 0.03670492
0.002898993 0.03717549
0.002900593 0.03741078
0.002902193 0.03670492
0.002903793 0.03599905
0.002905393 0.03552848
0.002906993 0.03529319
0.002908593 0.03364617
0.002910193 0.03364617
0.002911793 0.03294031
0.002913393 0.03199916
0.002914993 0.03082272
0.002916593 0.02941099
0.002918193 0.02823455
0.002919793 0.02752869
0.002921393 0.02658753
0.002922993 0.02588167
0.002924593 0.02470523
0.002926193 0.02399937
0.002927793 0.02305822
0.002929393 0.02282293
0.002930993 0.02211706
0.002932593 0.02164649
0.002934193 0.02094062
0.002935793 0.0214112
0.002937393 0.02070534
0.002938993 0.02047005
0.002940593 0.01929361
0.002942193 0.01835246
0.002943793 0.01741131
0.002945393 0.01623487
0.002946993 0.01529371
0.002948593 0.01505843
0.002950193 0.01341141
0.002951793 0.01199968
0.002953393 0.01058796
0.002954993 0.01011738
0.002956593 0.008470365
0.002958193 0.008235077
0.002959793 0.007293925
0.002961393 0.005882198
0.002962993 0.005411622
0.002964593 0.005176334
0.002966193 0.003764607
0.002967793 0.003058743
0.002969393 0.003058743
0.002970993 0.002588167
0.002972593 0.001411728
0.002974193 0.0004705758
0.002975793 0.0009411517
0.002977393 0
0.002978993 -0.0007058638
0.002980593 -0.0002352879
0.002982193 -0.0009411517
0.002983793 -0.0009411517
0.002985393 -0.00117644
0.002986993 -0.0004705758
0.002988593 -0.0002352879
0.002990193 -0.0002352879
0.002991793 0.0002352879
0.002993393 0
0.002994993 0.0004705758
0.002996593 0.0004705758
0.002998193 0.0009411517
0.002999793 0.00117644
0.003001393 0.0007058638
0.003002993 0
0.003004593 0
0.003006193 -0.0004705758
0.003007793 -0.00117644
0.003009393 -0.001647015
0.003010993 -0.002117591
0.003012593 -0.003058743
0.003014193 -0.003764607
0.003015793 -0.005176334
0.003017393 -0.006352774
0.003018993 -0.007529213
0.003020593 -0.007999789
0.003022193 -0.008940941
0.003023793 -0.01058796
0.003025393 -0.01105853
0.003026993 -0.01199968
0.003028593 -0.01317612
0.003030193 -0.01388199
0.003031793 -0.01505843
0.003033393 -0.01599958
0.003034993 -0.01670544
0.003036593 -0.01741131
0.003038193 -0.01882303
0.003039793 -0.0195289
0.003041393 -0.02070534
0.003042993 -0.0214112
0.003044593 -0.02282293
0.003046193 -0.0232935
0.003047793 -0.02494052
0.003049393 -0.02494052
0.003050993 -0.02564638
0.003052593 -0.02611696
0.003054193 -0.02705811
0.003055793 -0.02705811
0.003057393 -0.02776397
0.003058993 -0.02799926
0.003060593 -0.02894041
0.003062193 -0.02894041
0.003063793 -0.0291757
0.003065393 -0.0291757
0.003066993 -0.02988157
0.003068593 -0.03058743
0.003070193 -0.03105801
0.003071793 -0.03223444
0.003073393 -0.03270502
0.003074993 -0.0331756
0.003076593 -0.03388146
0.003078193 -0.0350579
0.003079793 -0.03552848
0.003081393 -0.0369402
0.003082993 -0.0369402
0.003084593 -0.03764607
0.003086193 -0.03741078
0.003087793 -0.03788135
0.003089393 -0.03788135
0.003090993 -0.03811664
0.003092593 -0.03835193
0.003094193 -0.03764607
0.003095793 -0.03788135
0.003097393 -0.03811664
0.003098993 -0.03717549
0.003100593 -0.03717549
0.003102193 -0.03741078
0.003103793 -0.03741078
0.003105393 -0.03741078
0.003106993 -0.03788135
0.003108593 -0.03788135
0.003110193 -0.03811664
0.003111793 -0.03905779
0.003113393 -0.03929308
0.003114993 -0.04046952
0.003116593 -0.04164596
0.003118193 -0.04188125
0.003119793 -0.04329298
0.003121393 -0.04423413
0.003122993 -0.04564586
0.003124593 -0.04611643
0.003126193 -0.0468223
0.003127793 -0.04776345
0.003129393 -0.04846931
0.003130993 -0.04941046
0.003132593 -0.05011633
0.003134193 -0.05152805
0.003135793 -0.05199863
0.003137393 -0.05270449
0.003138993 -0.05317507
0.003140593 -0.05529266
0.003142193 -0.05529266
0.003143793 -0.05670439
0.003145393 -0.05693968
0.003146993 -0.05741025
0.003148593 -0.0583514
0.003150193 -0.05858669
0.003151793 -0.05952784
0.003153393 -0.05952784
0.003154993 -0.06046899
0.003156593 -0.06117486
0.003158193 -0.06188072
0.003159793 -0.0623513
0.003161393 -0.06329245
0.003162993 -0.06352774
0.003164593 -0.06446889
0.003166193 -0.06493947
0.003167793 -0.06658648
0.003169393 -0.06705706
0.003170993 -0.0682335
0.003172593 -0.06870407
0.003174193 -0.07058638
0.003175793 -0.07129224
0.003177393 -0.07223339
0.003178993 -0.07317454
0.003180593 -0.07364512
0.003182193 -0.07435098
0.003183793 -0.07505685
0.003185393 -0.07505685
0.003186993 -0.07552742
0.003188593 -0.07623329
0.003190193 -0.07646857
0.003191793 -0.07670386
0.003193393 -0.07764501
0.003194993 -0.07740972
0.003196593 -0.07811559
0.003198193 -0.07764501
0.003199793 -0.07882145
0.003201393 -0.07952732
0.003202993 -0.0797626
0.003204593 -0.07999789
0.003206193 -0.08140962
0.003207793 -0.08117433
0.003209393 -0.08211548
0.003210993 -0.08235077
0.003212593 -0.08329192
0.003214193 -0.08399779
0.003215793 -0.08470365
0.003217393 -0.08540951
0.003218993 -0.08635067
0.003220593 -0.08682124
0.003222193 -0.08776239
0.003223793 -0.08870354
0.003225393 -0.08987998
0.003226993 -0.09035056
0.003228593 -0.091527
0.003230193 -0.09129171
0.003231793 -0.09293873
0.003233393 -0.09317402
0.003234993 -0.09364459
0.003236593 -0.09411517
0.003238193 -0.09505632
0.003239793 -0.09529161
0.003241393 -0.09599747
0.003242993 -0.09623276
0.003244593 -0.09717391
0.003246193 -0.09693862
0.003247793 -0.0974092
0.003249393 -0.09787977
0.003250993 -0.09835035
0.003252593 -0.09835035
0.003254193 -0.09882093
0.003255793 -0.0992915
0.003257393 -0.1002327
0.003258993 -0.1009385
0.003260593 -0.1011738
0.003262193 -0.1018797
0.003263793 -0.1016444
0.003265393 -0.1032914
0.003266993 -0.1044678
0.003268593 -0.1051737
0.003270193 -0.1061149
0.003271793 -0.1068207
0.003273393 -0.1075266
0.003274993 -0.1089383
0.003276593 -0.1096442
0.003278193 -0.1105853
0.003279793 -0.1110559
0.003281393 -0.111997
0.003282993 -0.1124676
0.003284593 -0.1127029
0.003286193 -0.1127029
0.003287793 -0.1127029
0.003289393 -0.1134088
0.003290993 -0.1131735
0.003292593 -0.1129382
0.003294193 -0.1129382
0.003295793 -0.1127029
0.003297393 -0.1127029
0.003298993 -0.1117618
0.003300593 -0.1122323
0.003302193 -0.1122323
0.003303793 -0.1117618
0.003305393 -0.1117618
0.003306993 -0.1110559
0.003308593 -0.1110559
0.003310193 -0.1110559
0.003311793 -0.11035
0.003313393 -0.1105853
0.003314993 -0.1110559
0.003316593 -0.1112912
0.003318193 -0.1105853
0.003319793 -0.1108206
0.003321393 -0.1105853
0.003322993 -0.1112912
0.003324593 -0.1108206
0.003326193 -0.1105853
0.003327793 -0.1110559
0.003329393 -0.1112912
0.003330993 -0.1108206
0.003332593 -0.1115265
0.003334193 -0.1110559
0.003335793 -0.1112912
0.003337393 -0.1117618
0.003338993 -0.1124676
0.003340593 -0.111997
0.003342193 -0.1124676
0.003343793 -0.111997
0.003345393 -0.1129382
0.003346993 -0.1129382
0.003348593 -0.111997
0.003350193 -0.1112912
0.003351793 -0.1112912
0.003353393 -0.1112912
0.003354993 -0.1108206
0.003356593 -0.11035
0.003358193 -0.1101147
0.003359793 -0.1094089
0.003361393 -0.108703
0.003362993 -0.1089383
0.003364593 -0.1075266
0.003366193 -0.1077619
0.003367793 -0.1075266
0.003369393 -0.107056
0.003370993 -0.1065854
0.003372593 -0.1065854
0.003374193 -0.1061149
0.003375793 -0.1063501
0.003377393 -0.1061149
0.003378993 -0.1061149
0.003380593 -0.1061149
0.003382193 -0.1065854
0.003383793 -0.1068207
0.003385393 -0.1065854
0.003386993 -0.1065854
0.003388593 -0.107056
0.003390193 -0.1065854
0.003391793 -0.107056
0.003393393 -0.1063501
0.003394993 -0.1065854
0.003396593 -0.1061149
0.003398193 -0.1063501
0.003399793 -0.1058796
0.003401393 -0.1058796
0.003402993 -0.1049384
0.003404593 -0.1051737
0.003406193 -0.1047031
0.003407793 -0.1049384
0.003409393 -0.1042325
0.003410993 -0.103762
0.003412593 -0.1032914
0.003414193 -0.1030561
0.003415793 -0.1028208
0.003417393 -0.1028208
0.003418993 -0.1023502
0.003420593 -0.1028208
0.003422193 -0.1023502
0.003423793 -0.1032914
0.003425393 -0.1030561
0.003426993 -0.1030561
0.003428593 -0.1032914
0.003430193 -0.1035267
0.003431793 -0.1042325
0.003433393 -0.1049384
0.003434993 -0.1047031
0.003436593 -0.1051737
0.003438193 -0.1056443
0.003439793 -0.1058796
0.003441393 -0.1058796
0.003442993 -0.1068207
0.003444593 -0.1065854
0.003446193 -0.1068207
0.003447793 -0.1061149
0.003449393 -0.1063501
0.003450993 -0.1058796
0.003452593 -0.1049384
0.003454193 -0.1049384
0.003455793 -0.1047031
0.003457393 -0.1042325
0.003458993 -0.1032914
0.003460593 -0.1025855
0.003462193 -0.102115
0.003463793 -0.1023502
0.003465393 -0.1014091
0.003466993 -0.1011738
0.003468593 -0.1011738
0.003470193 -0.1009385
0.003471793 -0.1009385
0.003473393 -0.09999736
0.003474993 -0.09976208
0.003476593 -0.09952679
0.003478193 -0.0992915
0.003479793 -0.09976208
0.003481393 -0.09976208
0.003482993 -0.09835035
0.003484593 -0.09882093
0.003486193 -0.09764449
0.003487793 -0.0974092
0.003489393 -0.09717391
0.003490993 -0.09646805
0.003492593 -0.09599747
0.003494193 -0.09599747
0.003495793 -0.09552689
0.003497393 -0.09505632
0.003498993 -0.09458574
0.003500593 -0.09411517
0.003502193 -0.0934093
0.003503793 -0.09411517
0.003505393 -0.09364459
0.003506993 -0.09435045
0.003508593 -0.09411517
0.003510193 -0.09458574
0.003511793 -0.09364459
0.003513393 -0.09387988
0.003514993 -0.09364459
0.003516593 -0.09435045
0.003518193 -0.09387988
0.003519793 -0.09387988
0.003521393 -0.09411517
0.003522993 -0.0934093
0.003524593 -0.0934093
0.003526193 -0.0934093
0.003527793 -0.09317402
0.003529393 -0.09317402
0.003530993 -0.09246815
0.003532593 -0.09223286
0.003534193 -0.09270344
0.003535793 -0.09223286
0.003537393 -0.09223286
0.003538993 -0.09223286
0.003540593 -0.09223286
0.003542193 -0.09246815
0.003543793 -0.09246815
0.003545393 -0.09199758
0.003546993 -0.09129171
0.003548593 -0.09176229
0.003550193 -0.09176229
0.003551793 -0.09199758
0.003553393 -0.091527
0.003554993 -0.091527
0.003556593 -0.09129171
0.003558193 -0.09129171
0.003559793 -0.09105642
0.003561393 -0.09035056
0.003562993 -0.09011527
0.003564593 -0.09035056
0.003566193 -0.0896447
0.003567793 -0.08940941
0.003569393 -0.08870354
0.003570993 -0.08799768
0.003572593 -0.08752711
0.003574193 -0.08729182
0.003575793 -0.08658595
0.003577393 -0.08658595
0.003578993 -0.08611538
0.003580593 -0.08635067
0.003582193 -0.08540951
0.003583793 -0.08517423
0.003585393 -0.08588009
0.003586993 -0.0856448
0.003588593 -0.08517423
0.003590193 -0.08540951
0.003591793 -0.08540951
0.003593393 -0.08540951
0.003594993 -0.08540951
0.003596593 -0.08588009
0.003598193 -0.08588009
0.003599793 -0.08611538
0.003601393 -0.08611538
0.003602993 -0.08588009
0.003604593 -0.08611538
0.003606193 -0.08588009
0.003607793 -0.08611538
0.003609393 -0.0856448
0.003610993 -0.08517423
0.003612593 -0.08493894
0.003614193 -0.08423307
0.003615793 -0.0837625
0.003617393 -0.08305663
0.003618993 -0.08305663
0.003620593 -0.08164491
0.003622193 -0.0818802
0.003623793 -0.08140962
0.003625393 -0.08140962
0.003626993 -0.08046847
0.003628593 -0.0797626
0.003630193 -0.07952732
0.003631793 -0.07882145
0.003633393 -0.07882145
0.003634993 -0.07835088
0.003636593 -0.07835088
0.003638193 -0.07764501
0.003639793 -0.07740972
0.003641393 -0.07717444
0.003642993 -0.07646857
0.003644593 -0.07623329
0.003646193 -0.07576271
0.003647793 -0.07482156
0.003649393 -0.07388041
0.003650993 -0.07388041
0.003652593 -0.07246868
0.003654193 -0.07223339
0.003655793 -0.07176281
0.003657393 -0.07082166
0.003658993 -0.06988051
0.003660593 -0.06940994
0.003662193 -0.06846878
0.003663793 -0.0682335
0.003665393 -0.06776292
0.003666993 -0.06752763
0.003668593 -0.0661159
0.003670193 -0.0661159
0.003671793 -0.06493947
0.003673393 -0.06446889
0.003674993 -0.0642336
0.003676593 -0.06399831
0.003678193 -0.06329245
0.003679793 -0.06329245
0.003681393 -0.06258659
0.003682993 -0.06211601
0.003684593 -0.06117486
0.003686193 -0.06093957
0.003687793 -0.06070428
0.003689393 -0.06093957
0.003690993 -0.06023371
0.003692593 -0.06023371
0.003694193 -0.05976313
0.003695793 -0.05929256
0.003697393 -0.05905727
0.003698993 -0.05811612
0.003700593 -0.05788083
0.003702193 -0.05811612
0.003703793 -0.0583514
0.003705393 -0.05788083
0.003706993 -0.05741025
0.003708593 -0.05764554
0.003710193 -0.05670439
0.003711793 -0.05670439
0.003713393 -0.05576324
0.003714993 -0.05529266
0.003716593 -0.05435151
0.003718193 -0.05505737
0.003719793 -0.05364565
0.003721393 -0.05293978
0.003722993 -0.05270449
0.003724593 -0.05199863
0.003726193 -0.05129277
0.003727793 -0.05082219
0.003729393 -0.0505869
0.003730993 -0.04964575
0.003732593 -0.04823402
0.003734193 -0.04776345
0.003735793 -0.0468223
0.003737393 -0.04658701
0.003738993 -0.04635172
0.003740593 -0.04564586
0.003742193 -0.04517528
0.003743793 -0.04493999
0.003745393 -0.04446942
0.003746993 -0.04352826
0.003748593 -0.04329298
0.003750193 -0.0428224
0.003751793 -0.04188125
0.003753393 -0.04141067
0.003754993 -0.04070481
0.003756593 -0.03976366
0.003758193 -0.03882251
0.003759793 -0.03811664
0.003761393 -0.03717549
0.003762993 -0.03717549
0.003764593 -0.03646963
0.003766193 -0.03576376
0.003767793 -0.03552848
0.003769393 -0.03458732
0.003770993 -0.03458732
0.003772593 -0.03388146
0.003774193 -0.03364617
0.003775793 -0.03341088
0.003777393 -0.03199916
0.003778993 -0.03152858
0.003780593 -0.03105801
0.003782193 -0.03058743
0.003783793 -0.02964628
0.003785393 -0.0291757
0.003786993 -0.02823455
0.003788593 -0.02799926
0.003790193 -0.02705811
0.003791793 -0.02611696
0.003793393 -0.02517581
0.003794993 -0.02399937
0.003796593 -0.02399937
0.003798193 -0.0232935
0.003799793 -0.02188178
0.003801393 -0.0214112
0.003802993 -0.02117591
0.003804593 -0.02094062
0.003806193 -0.01976419
0.003807793 -0.01929361
0.003809393 -0.01905832
0.003810993 -0.01835246
0.003812593 -0.01764659
0.003814193 -0.01717602
0.003815793 -0.01741131
0.003817393 -0.01647015
0.003818993 -0.01599958
0.003820593 -0.01599958
0.003822193 -0.015529
0.003823793 -0.01505843
0.003825393 -0.01482314
0.003826993 -0.01411728
0.003828593 -0.01341141
0.003830193 -0.01270555
0.003831793 -0.01294084
0.003833393 -0.01082324
0.003834993 -0.01105853
0.003836593 -0.009646805
0.003838193 -0.009176229
0.003839793 -0.008470365
0.003841393 -0.007764501
0.003842993 -0.00682335
0.003844593 -0.006117486
0.003846193 -0.006117486
0.003847793 -0.006352774
0.003849393 -0.004705758
0.003850993 -0.004941046
0.003852593 -0.003999895
0.003854193 -0.003764607
0.003855793 -0.003058743
0.003857393 -0.002588167
0.003858993 -0.002117591
0.003860593 -0.002352879
0.003862193 -0.00117644
0.003863793 -0.00117644
0.003865393 -0.001411728
0.003866993 -0.0002352879
0.003868593 -0.0002352879
0.003870193 0.0004705758
0.003871793 0.0009411517
0.003873393 0.002117591
0.003874993 0.001647015
0.003876593 0.002823455
0.003878193 0.003529319
0.003879793 0.004941046
0.003881393 0.005176334
0.003882993 0.005411622
0.003884593 0.007058638
0.003886193 0.007293925
0.003887793 0.007293925
0.003889393 0.007764501
0.003890993 0.008705653
0.003892593 0.009882093
0.003894193 0.009176229
0.003895793 0.01082324
0.003897393 0.01129382
0.003898993 0.01129382
0.003900593 0.01223497
0.003902193 0.01294084
0.003903793 0.01317612
0.003905393 0.01388199
0.003906993 0.01435256
0.003908593 0.01529371
0.003910193 0.015529
0.003911793 0.01647015
0.003913393 0.01717602
0.003914993 0.01835246
0.003916593 0.01929361
0.003918193 0.02023476
0.003919793 0.02117591
0.003921393 0.02235235
0.003922993 0.02305822
0.003924593 0.02423466
0.003926193 0.02517581
0.003927793 0.02588167
0.003929393 0.0272934
0.003930993 0.02846984
0.003932593 0.02964628
0.003934193 0.03011685
0.003935793 0.03129329
0.003937393 0.03199916
0.003938993 0.03270502
0.003940593 0.0331756
0.003942193 0.03364617
0.003943793 0.03411675
0.003945393 0.03435204
0.003946993 0.03529319
0.003948593 0.03599905
0.003950193 0.03646963
0.003951793 0.03646963
0.003953393 0.03646963
0.003954993 0.03670492
0.003956593 0.03811664
0.003958193 0.03764607
0.003959793 0.03835193
0.003961393 0.03882251
0.003962993 0.03929308
0.003964593 0.03999895
0.003966193 0.04070481
0.003967793 0.04141067
0.003969393 0.04117539
0.003970993 0.04258711
0.003972593 0.04305769
0.003974193 0.04376355
0.003975793 0.04493999
0.003977393 0.04588114
0.003978993 0.04635172
0.003980593 0.04705758
0.003982193 0.04799874
0.003983793 0.04917517
0.003985393 0.04964575
0.003986993 0.05082219
0.003988593 0.05152805
0.003990193 0.05223392
0.003991793 0.05317507
0.003993393 0.05435151
0.003994993 0.05505737
0.003996593 0.05552795
0.003998193 0.05717496
0.003999793 0.05741025
0.004001393 0.05811612
0.004002993 0.05882198
0.004004593 0.05976313
0.004006193 0.06023371
0.004007793 0.06164543
0.004009393 0.06258659
0.004010993 0.06282187
0.004012593 0.06376303
0.004014193 0.06399831
0.004015793 0.06470418
0.004017393 0.06541004
0.004018993 0.0661159
0.004020593 0.06705706
0.004022193 0.06752763
0.004023793 0.06776292
0.004025393 0.06893936
0.004026993 0.06870407
0.004028593 0.06988051
0.004030193 0.07082166
0.004031793 0.0701158
0.004033393 0.07152753
0.004034993 0.07129224
0.004036593 0.07223339
0.004038193 0.07246868
0.004039793 0.07223339
0.004041393 0.07317454
0.004042993 0.07364512
0.004044593 0.07411569
0.004046193 0.07435098
0.004047793 0.07505685
0.004049393 0.07505685
0.004050993 0.075998
0.004052593 0.07529213
0.004054193 0.07552742
0.004055793 0.07623329
0.004057393 0.07693915
0.004058993 0.07717444
0.004060593 0.07764501
0.004062193 0.07740972
0.004063793 0.07835088
0.004065393 0.07882145
0.004066993 0.07882145
0.004068593 0.07929203
0.004070193 0.07999789
0.004071793 0.08046847
0.004073393 0.08093904
0.004074993 0.08117433
0.004076593 0.08140962
0.004078193 0.08235077
0.004079793 0.08258606
0.004081393 0.08329192
0.004082993 0.08329192
0.004084593 0.08352721
0.004086193 0.08423307
0.004087793 0.08423307
0.004089393 0.08493894
0.004090993 0.08493894
0.004092593 0.08446836
0.004094193 0.0856448
0.004095793 0.08517423
0.004097393 0.0856448
0.004098993 0.08635067
0.004100593 0.08611538
0.004102193 0.08705653
0.004103793 0.08705653
0.004105393 0.08823297
0.004106993 0.08846826
0.004108593 0.08917412
0.004110193 0.08987998
0.004111793 0.08940941
0.004113393 0.09011527
0.004114993 0.09105642
0.004116593 0.09199758
0.004118193 0.09270344
0.004119793 0.09223286
0.004121393 0.09246815
0.004122993 0.09364459
0.004124593 0.09411517
0.004126193 0.09435045
0.004127793 0.09529161
0.004129393 0.09599747
0.004130993 0.09646805
0.004132593 0.0974092
0.004134193 0.0974092
0.004135793 0.09858564
0.004137393 0.09835035
0.004138993 0.09882093
0.004140593 0.09999736
0.004142193 0.09999736
0.004143793 0.1009385
0.004145393 0.1018797
0.004146993 0.1018797
0.004148593 0.1025855
0.004150193 0.1035267
0.004151793 0.103762
0.004153393 0.1047031
0.004154993 0.1051737
0.004156593 0.1058796
0.004158193 0.1063501
0.004159793 0.1072913
0.004161393 0.107056
0.004162993 0.1082324
0.004164593 0.108703
0.004166193 0.1094089
0.004167793 0.1096442
0.004169393 0.1108206
0.004170993 0.1110559
0.004172593 0.1115265
0.004174193 0.1117618
0.004175793 0.1122323
0.004177393 0.1127029
0.004178993 0.1136441
0.004180593 0.1141146
0.004182193 0.1138794
0.004183793 0.1143499
0.004185393 0.1145852
0.004186993 0.1150558
0.004188593 0.1159969
0.004190193 0.1157617
0.004191793 0.1159969
0.004193393 0.1162322
0.004194993 0.1162322
0.004196593 0.1162322
0.004198193 0.1169381
0.004199793 0.1167028
0.004201393 0.1171734
