LECROYWS4024HD 19320 Waveform
Segments 1 SegmentSize 3127
Segment TrigTime TimeSinceSegment1
#1 15-May-2024 15:14:40 0                 
Time Ampl
-0.0008004982 0.00117644
-0.0007988982 0.0004705758
-0.0007972982 0.0009411517
-0.0007956982 0.0007058638
-0.0007940982 0.0009411517
-0.0007924982 0.0009411517
-0.0007908982 0.0009411517
-0.0007892982 0.0004705758
-0.0007876982 0.0009411517
-0.0007860982 0.00117644
-0.0007844982 0.0009411517
-0.0007828982 0.0004705758
-0.0007812982 0.0007058638
-0.0007796982 0.0007058638
-0.0007780982 0.0007058638
-0.0007764982 0.0004705758
-0.0007748982 0.0004705758
-0.0007732982 0.0009411517
-0.0007716982 0.0004705758
-0.0007700982 0.0007058638
-0.0007684982 0.0007058638
-0.0007668982 0.0007058638
-0.0007652982 0.0007058638
-0.0007636982 0.0007058638
-0.0007620982 0.0004705758
-0.0007604982 0.0007058638
-0.0007588982 0.0007058638
-0.0007572982 0.0007058638
-0.0007556982 0.0009411517
-0.0007540982 0.0007058638
-0.0007524982 0.0002352879
-0.0007508982 0.0007058638
-0.0007492982 0.0002352879
-0.0007476982 0.0007058638
-0.0007460982 0.0004705758
-0.0007444982 0.0007058638
-0.0007428982 0.00117644
-0.0007412982 0.0004705758
-0.0007396982 0.0007058638
-0.0007380982 0.0004705758
-0.0007364982 0.0004705758
-0.0007348982 0.0007058638
-0.0007332982 0.0007058638
-0.0007316982 0.0007058638
-0.0007300982 0.0007058638
-0.0007284982 0.0009411517
-0.0007268982 0.0002352879
-0.0007252982 0.00117644
-0.0007236982 0.00117644
-0.0007220982 0.00117644
-0.0007204982 0.0007058638
-0.0007188982 0.0007058638
-0.0007172982 0.0007058638
-0.0007156982 0.0004705758
-0.0007140982 0.0007058638
-0.0007124982 0.0009411517
-0.0007108982 0.0009411517
-0.0007092982 0.0009411517
-0.0007076982 0
-0.0007060982 0.0007058638
-0.0007044982 0.0002352879
-0.0007028982 0.0007058638
-0.0007012982 0.0007058638
-0.0006996982 0.0004705758
-0.0006980982 0.0007058638
-0.0006964982 0.0007058638
-0.0006948982 0.0002352879
-0.0006932982 0.0009411517
-0.0006916982 0.0004705758
-0.0006900982 0.0009411517
-0.0006884982 0.0007058638
-0.0006868982 0.0007058638
-0.0006852982 0.0007058638
-0.0006836982 0.0004705758
-0.0006820982 0.0007058638
-0.0006804982 0.0009411517
-0.0006788982 0.0004705758
-0.0006772982 0.0004705758
-0.0006756982 0.0004705758
-0.0006740982 0.0004705758
-0.0006724982 0.0009411517
-0.0006708982 0.00117644
-0.0006692982 0.0009411517
-0.0006676982 0.0007058638
-0.0006660982 0.00117644
-0.0006644982 0.00117644
-0.0006628982 0.0007058638
-0.0006612982 0.0007058638
-0.0006596982 0.00117644
-0.0006580982 0.0007058638
-0.0006564982 0.0007058638
-0.0006548982 0.0009411517
-0.0006532982 0.00117644
-0.0006516982 0.0004705758
-0.0006500982 0.001411728
-0.0006484982 0.0004705758
-0.0006468982 0.0009411517
-0.0006452982 0.0009411517
-0.0006436982 0.0002352879
-0.0006420982 0.0007058638
-0.0006404982 0.0004705758
-0.0006388982 0.0007058638
-0.0006372982 0.0009411517
-0.0006356982 0.0009411517
-0.0006340982 0.00117644
-0.0006324982 0.0007058638
-0.0006308982 0.0004705758
-0.0006292982 0.0009411517
-0.0006276982 0.0007058638
-0.0006260982 0.00117644
-0.0006244982 0.0004705758
-0.0006228982 0.00117644
-0.0006212982 0.00117644
-0.0006196982 0.0007058638
-0.0006180982 0.0007058638
-0.0006164982 0.0004705758
-0.0006148982 0.0009411517
-0.0006132982 0.0004705758
-0.0006116982 0
-0.0006100982 0.0009411517
-0.0006084982 0.0007058638
-0.0006068982 0.0009411517
-0.0006052982 0.0009411517
-0.0006036982 0.0007058638
-0.0006020982 0.0004705758
-0.0006004982 0.0009411517
-0.0005988982 0.001411728
-0.0005972982 0.00117644
-0.0005956982 0.0002352879
-0.0005940982 0.0007058638
-0.0005924982 0.0009411517
-0.0005908982 0.0004705758
-0.0005892982 0.0004705758
-0.0005876982 0.0004705758
-0.0005860982 0.0004705758
-0.0005844982 0.0009411517
-0.0005828982 0.0009411517
-0.0005812982 0.0009411517
-0.0005796982 0.0009411517
-0.0005780982 0.0004705758
-0.0005764982 0.0007058638
-0.0005748982 0.0009411517
-0.0005732982 0.0002352879
-0.0005716982 0.0009411517
-0.0005700982 0.0007058638
-0.0005684982 0.0009411517
-0.0005668982 0.0004705758
-0.0005652982 0.0004705758
-0.0005636982 0.0009411517
-0.0005620982 0.0007058638
-0.0005604982 0.0004705758
-0.0005588982 0.0007058638
-0.0005572982 0.0009411517
-0.0005556982 0.0007058638
-0.0005540982 0.0009411517
-0.0005524982 0.0004705758
-0.0005508982 0.0009411517
-0.0005492982 0.0009411517
-0.0005476982 0.001411728
-0.0005460982 0.0004705758
-0.0005444982 0.0004705758
-0.0005428982 0.0007058638
-0.0005412982 0.0009411517
-0.0005396982 0.0007058638
-0.0005380982 0.0004705758
-0.0005364982 0.0007058638
-0.0005348982 0.0007058638
-0.0005332982 0.0007058638
-0.0005316982 0.0004705758
-0.0005300982 0.0004705758
-0.0005284982 0.0007058638
-0.0005268982 0.0007058638
-0.0005252982 0.0007058638
-0.0005236982 0.0009411517
-0.0005220982 0.00117644
-0.0005204982 0.0007058638
-0.0005188982 0.0009411517
-0.0005172982 0.0007058638
-0.0005156982 0.0002352879
-0.0005140982 0.0007058638
-0.0005124982 -0.0002352879
-0.0005108982 0.0007058638
-0.0005092982 0.00117644
-0.0005076982 0.0004705758
-0.0005060982 0
-0.0005044982 0.0002352879
-0.0005028982 0.0007058638
-0.0005012982 0.0007058638
-0.0004996982 0.0004705758
-0.0004980982 0.0009411517
-0.0004964982 0.0007058638
-0.0004948982 0.0004705758
-0.0004932982 0.0009411517
-0.0004916982 0.0009411517
-0.0004900982 0.0004705758
-0.0004884982 0.00117644
-0.0004868982 0.0007058638
-0.0004852982 0.0004705758
-0.0004836982 0.0004705758
-0.0004820982 0.0007058638
-0.0004804982 0.0004705758
-0.0004788982 0.0007058638
-0.0004772982 0
-0.0004756982 0.0009411517
-0.0004740982 0.0007058638
-0.0004724982 0.0007058638
-0.0004708982 0.0004705758
-0.0004692982 0.0007058638
-0.0004676982 0.0007058638
-0.0004660982 0.0007058638
-0.0004644982 0.0004705758
-0.0004628982 0.0009411517
-0.0004612982 0.0002352879
-0.0004596982 0.0007058638
-0.0004580982 0.0004705758
-0.0004564982 0.0004705758
-0.0004548982 0.0002352879
-0.0004532982 0.0007058638
-0.0004516982 -0.0002352879
-0.0004500982 0.0007058638
-0.0004484982 0.0004705758
-0.0004468982 0.0009411517
-0.0004452982 0.0009411517
-0.0004436982 0.0007058638
-0.0004420982 0.0004705758
-0.0004404982 0.0004705758
-0.0004388982 0.0004705758
-0.0004372982 0.0007058638
-0.0004356982 0.0004705758
-0.0004340982 0.0004705758
-0.0004324982 0.0002352879
-0.0004308982 0.0004705758
-0.0004292982 0.0007058638
-0.0004276982 0.0007058638
-0.0004260982 0.0009411517
-0.0004244982 0.0002352879
-0.0004228982 0.0009411517
-0.0004212982 0.0007058638
-0.0004196982 0.0002352879
-0.0004180982 0.0004705758
-0.0004164982 0.0007058638
-0.0004148982 0.0004705758
-0.0004132982 0.0004705758
-0.0004116982 0.0007058638
-0.0004100982 0.0002352879
-0.0004084982 0.0009411517
-0.0004068982 0.0004705758
-0.0004052982 0
-0.0004036982 0.0007058638
-0.0004020982 0.0009411517
-0.0004004982 0.00117644
-0.0003988982 0.00117644
-0.0003972982 0.0004705758
-0.0003956982 0.0009411517
-0.0003940982 0.0004705758
-0.0003924982 0.0004705758
-0.0003908982 -0.0002352879
-0.0003892982 0.0009411517
-0.0003876982 0.0002352879
-0.0003860982 0.0004705758
-0.0003844982 0.0007058638
-0.0003828982 0.0009411517
-0.0003812982 0.0004705758
-0.0003796982 0.0004705758
-0.0003780982 0.0009411517
-0.0003764982 0.0007058638
-0.0003748982 0.0004705758
-0.0003732982 0.0007058638
-0.0003716982 0.0002352879
-0.0003700982 0.0002352879
-0.0003684982 0.0007058638
-0.0003668982 0.0009411517
-0.0003652982 0.0004705758
-0.0003636982 0.0004705758
-0.0003620982 0.0004705758
-0.0003604982 0.0009411517
-0.0003588982 0.0009411517
-0.0003572982 0.001411728
-0.0003556982 0
-0.0003540982 0.0004705758
-0.0003524982 0.0004705758
-0.0003508982 0.0004705758
-0.0003492982 0.0004705758
-0.0003476982 0.0007058638
-0.0003460982 0.0009411517
-0.0003444982 0.0009411517
-0.0003428982 0.0002352879
-0.0003412982 0.0009411517
-0.0003396982 0.0007058638
-0.0003380982 0.0007058638
-0.0003364982 0.0007058638
-0.0003348982 0.0004705758
-0.0003332982 0.0004705758
-0.0003316982 0.0007058638
-0.0003300982 0.0004705758
-0.0003284982 0.0007058638
-0.0003268982 0.0009411517
-0.0003252982 0.0007058638
-0.0003236982 0.0007058638
-0.0003220982 0.0007058638
-0.0003204982 0.0007058638
-0.0003188982 0.0004705758
-0.0003172982 0.0004705758
-0.0003156982 0.0007058638
-0.0003140982 0.0009411517
-0.0003124982 0.0004705758
-0.0003108982 0.0004705758
-0.0003092982 0.0007058638
-0.0003076982 0.0007058638
-0.0003060982 0
-0.0003044982 0.0002352879
-0.0003028982 0.0007058638
-0.0003012982 0.0004705758
-0.0002996982 0.0007058638
-0.0002980982 0.0007058638
-0.0002964982 0.0004705758
-0.0002948982 0.0004705758
-0.0002932982 0.0007058638
-0.0002916982 0.0007058638
-0.0002900982 0.0007058638
-0.0002884982 0.0007058638
-0.0002868982 0.0007058638
-0.0002852982 0.0007058638
-0.0002836982 0.0007058638
-0.0002820982 0.0004705758
-0.0002804982 0.0004705758
-0.0002788982 0.0007058638
-0.0002772982 0.0007058638
-0.0002756982 0.0004705758
-0.0002740982 0.0007058638
-0.0002724982 0.0002352879
-0.0002708982 0.0007058638
-0.0002692982 0.0004705758
-0.0002676982 0.0007058638
-0.0002660982 0.0002352879
-0.0002644982 0.0009411517
-0.0002628982 0.0004705758
-0.0002612982 0.0004705758
-0.0002596982 0.0004705758
-0.0002580982 0.0004705758
-0.0002564982 0.0007058638
-0.0002548982 0.0004705758
-0.0002532982 0.0009411517
-0.0002516982 0.0004705758
-0.0002500982 0.0007058638
-0.0002484982 0.0009411517
-0.0002468982 0.0004705758
-0.0002452982 0
-0.0002436982 0.0004705758
-0.0002420982 0.0007058638
-0.0002404982 0.0009411517
-0.0002388982 0.0004705758
-0.0002372982 0.00117644
-0.0002356982 0.0007058638
-0.0002340982 0.0002352879
-0.0002324982 0.0007058638
-0.0002308982 0.0007058638
-0.0002292982 0.0004705758
-0.0002276982 0
-0.0002260982 0.0009411517
-0.0002244982 0.0004705758
-0.0002228982 0.0009411517
-0.0002212982 0.0009411517
-0.0002196982 0.0007058638
-0.0002180982 0.0002352879
-0.0002164982 0.0009411517
-0.0002148982 0.0007058638
-0.0002132982 0.0009411517
-0.0002116982 0.0007058638
-0.0002100982 0.0002352879
-0.0002084982 0.0004705758
-0.0002068982 0.0007058638
-0.0002052982 0.0007058638
-0.0002036982 0.0009411517
-0.0002020982 0.0007058638
-0.0002004982 0.0007058638
-0.0001988982 0.0007058638
-0.0001972982 0.0007058638
-0.0001956982 0.0002352879
-0.0001940982 0.0007058638
-0.0001924982 0.0009411517
-0.0001908982 0.0004705758
-0.0001892982 0
-0.0001876982 0.0009411517
-0.0001860982 0
-0.0001844982 0.0004705758
-0.0001828982 0.0009411517
-0.0001812982 0.0004705758
-0.0001796982 0.0007058638
-0.0001780982 0.0009411517
-0.0001764982 0
-0.0001748982 0.00117644
-0.0001732982 0.0007058638
-0.0001716982 0.0007058638
-0.0001700982 0.0007058638
-0.0001684982 0.0009411517
-0.0001668982 0.0007058638
-0.0001652982 0.0007058638
-0.0001636982 0.0009411517
-0.0001620982 0.0004705758
-0.0001604982 0.0004705758
-0.0001588982 0.0009411517
-0.0001572982 0.0004705758
-0.0001556982 0.0004705758
-0.0001540982 0.0004705758
-0.0001524982 0.0007058638
-0.0001508982 0.0004705758
-0.0001492982 0.0007058638
-0.0001476982 0.0009411517
-0.0001460982 0.0002352879
-0.0001444982 0.0004705758
-0.0001428982 0.0007058638
-0.0001412982 0.0002352879
-0.0001396982 0.0009411517
-0.0001380982 0.0009411517
-0.0001364982 0.0007058638
-0.0001348982 0.0002352879
-0.0001332982 0.0009411517
-0.0001316982 0.0004705758
-0.0001300982 0.0007058638
-0.0001284982 0.0004705758
-0.0001268982 0.0009411517
-0.0001252982 0.0007058638
-0.0001236982 0.0009411517
-0.0001220982 0.0007058638
-0.0001204982 0.0007058638
-0.0001188982 0.0004705758
-0.0001172982 0.0007058638
-0.0001156982 0.0004705758
-0.0001140982 0.0004705758
-0.0001124982 0.0009411517
-0.0001108982 0.0004705758
-0.0001092982 0.0007058638
-0.0001076982 0.0007058638
-0.0001060982 -0.0002352879
-0.0001044982 0.0009411517
-0.0001028982 0.0007058638
-0.0001012982 0.00117644
-9.96982e-005 0.0007058638
-9.80982e-005 0.0009411517
-9.64982e-005 0.0004705758
-9.48982e-005 0.001411728
-9.32982e-005 0.0004705758
-9.16982e-005 0.0007058638
-9.00982e-005 0.0004705758
-8.84982e-005 0.00117644
-8.68982e-005 0.0004705758
-8.52982e-005 0.0004705758
-8.36982e-005 0.0004705758
-8.20982e-005 0.0004705758
-8.04982e-005 0.0007058638
-7.88982e-005 0.0002352879
-7.72982e-005 0.0007058638
-7.56982e-005 0.0007058638
-7.40982e-005 0.0007058638
-7.24982e-005 0.0007058638
-7.08982e-005 0.0004705758
-6.92982e-005 0.0007058638
-6.76982e-005 0.0004705758
-6.60982e-005 0.0004705758
-6.44982e-005 0.0007058638
-6.28982e-005 0.0009411517
-6.12982e-005 0.0007058638
-5.96982e-005 0.0009411517
-5.80982e-005 0.001411728
-5.64982e-005 0.00117644
-5.48982e-005 0.001647015
-5.32982e-005 0.001882303
-5.16982e-005 0.002823455
-5.00982e-005 0.0009411517
-4.84982e-005 0
-4.68982e-005 -0.0007058638
-4.52982e-005 -0.003058743
-4.36982e-005 -0.007058638
-4.20982e-005 -0.00682335
-4.04982e-005 -0.007529213
-3.88982e-005 -0.00682335
-3.72982e-005 -0.007999789
-3.56982e-005 -0.007293925
-3.40982e-005 -0.008705653
-3.24982e-005 -0.01082324
-3.08982e-005 -0.01247026
-2.92982e-005 -0.015529
-2.76982e-005 -0.01858775
-2.60982e-005 -0.02564638
-2.44982e-005 -0.03435204
-2.28982e-005 -0.04541057
-2.12982e-005 -0.05505737
-1.96982e-005 -0.06352774
-1.80982e-005 -0.07223339
-1.64982e-005 -0.0818802
-1.48982e-005 -0.09011527
-1.32982e-005 -0.09952679
-1.16982e-005 -0.1049384
-1.00982e-005 -0.1065854
-8.4982e-006 -0.1011738
-6.8982e-006 -0.08987998
-5.2982e-006 -0.07340983
-3.6982e-006 -0.05129277
-2.0982e-006 -0.02846984
-4.982e-007 -0.007293925
1.1018e-006 0.01152911
2.7018e-006 0.02588167
4.3018e-006 0.0369402
5.9018e-006 0.04211654
7.5018e-006 0.04117539
9.1018e-006 0.03529319
1.07018e-005 0.02823455
1.23018e-005 0.02070534
1.39018e-005 0.01388199
1.55018e-005 0.009411517
1.71018e-005 0.005176334
1.87018e-005 -0.0009411517
2.03018e-005 -0.007999789
2.19018e-005 -0.01223497
2.35018e-005 -0.01411728
2.51018e-005 -0.01529371
2.67018e-005 -0.01458785
2.83018e-005 -0.01388199
2.99018e-005 -0.0136467
3.15018e-005 -0.01341141
3.31018e-005 -0.01270555
3.47018e-005 -0.01058796
3.63018e-005 -0.008470365
3.79018e-005 -0.007999789
3.95018e-005 -0.007999789
4.11018e-005 -0.006352774
4.27018e-005 -0.005411622
4.43018e-005 -0.004705758
4.59018e-005 -0.001647015
4.75018e-005 0.0004705758
4.91018e-005 0.003058743
5.07018e-005 0.002588167
5.23018e-005 0.002117591
5.39018e-005 0.0009411517
5.55018e-005 -0.0002352879
5.71018e-005 -0.002588167
5.87018e-005 -0.004705758
6.03018e-005 -0.007293925
6.19018e-005 -0.01270555
6.35018e-005 -0.01811717
6.51018e-005 -0.02188178
6.67018e-005 -0.0254111
6.83018e-005 -0.02635225
6.99018e-005 -0.02611696
7.15018e-005 -0.02588167
7.31018e-005 -0.02399937
7.47018e-005 -0.02258764
7.63018e-005 -0.02211706
7.79018e-005 -0.02094062
7.95018e-005 -0.02211706
8.11018e-005 -0.02305822
8.27018e-005 -0.02588167
8.43018e-005 -0.02823455
8.59018e-005 -0.03058743
8.75018e-005 -0.03294031
8.91018e-005 -0.03623434
9.07018e-005 -0.03905779
9.23018e-005 -0.04258711
9.39018e-005 -0.04729287
9.55018e-005 -0.05105748
9.71018e-005 -0.05435151
9.87018e-005 -0.05811612
0.0001003018 -0.05999842
0.0001019018 -0.06211601
0.0001035018 -0.06282187
0.0001051018 -0.0623513
0.0001067018 -0.05929256
0.0001083018 -0.05576324
0.0001099018 -0.0505869
0.0001115018 -0.04588114
0.0001131018 -0.03999895
0.0001147018 -0.03529319
0.0001163018 -0.02941099
0.0001179018 -0.02494052
0.0001195018 -0.01976419
0.0001211018 -0.015529
0.0001227018 -0.0117644
0.0001243018 -0.007529213
0.0001259018 -0.003529319
0.0001275018 -0.0007058638
0.0001291018 0.002117591
0.0001307018 0.003294031
0.0001323018 0.003529319
0.0001339018 0.001882303
0.0001355018 -0.0002352879
0.0001371018 -0.003294031
0.0001387018 -0.006352774
0.0001403018 -0.009176229
0.0001419018 -0.01223497
0.0001435018 -0.01435256
0.0001451018 -0.01670544
0.0001467018 -0.0195289
0.0001483018 -0.02117591
0.0001499018 -0.02188178
0.0001515018 -0.02070534
0.0001531018 -0.02094062
0.0001547018 -0.02023476
0.0001563018 -0.01905832
0.0001579018 -0.01764659
0.0001595018 -0.01858775
0.0001611018 -0.01858775
0.0001627018 -0.02070534
0.0001643018 -0.0232935
0.0001659018 -0.02564638
0.0001675018 -0.02894041
0.0001691018 -0.03294031
0.0001707018 -0.03599905
0.0001723018 -0.04046952
0.0001739018 -0.04399884
0.0001755018 -0.04752816
0.0001771018 -0.05082219
0.0001787018 -0.05341036
0.0001803018 -0.05270449
0.0001819018 -0.05129277
0.0001835018 -0.04823402
0.0001851018 -0.04423413
0.0001867018 -0.04023423
0.0001883018 -0.03811664
0.0001899018 -0.03646963
0.0001915018 -0.03576376
0.0001931018 -0.03576376
0.0001947018 -0.03717549
0.0001963018 -0.03741078
0.0001979018 -0.03929308
0.0001995018 -0.04046952
0.0002011018 -0.0409401
0.0002027018 -0.04117539
0.0002043018 -0.03882251
0.0002059018 -0.03623434
0.0002075018 -0.03482261
0.0002091018 -0.03411675
0.0002107018 -0.03529319
0.0002123018 -0.03529319
0.0002139018 -0.03599905
0.0002155018 -0.03482261
0.0002171018 -0.03458732
0.0002187018 -0.03364617
0.0002203018 -0.03364617
0.0002219018 -0.03388146
0.0002235018 -0.03458732
0.0002251018 -0.03552848
0.0002267018 -0.0369402
0.0002283018 -0.03741078
0.0002299018 -0.03764607
0.0002315018 -0.03764607
0.0002331018 -0.03717549
0.0002347018 -0.03482261
0.0002363018 -0.03246973
0.0002379018 -0.02823455
0.0002395018 -0.0254111
0.0002411018 -0.02094062
0.0002427018 -0.01788188
0.0002443018 -0.01529371
0.0002459018 -0.01317612
0.0002475018 -0.01082324
0.0002491018 -0.009411517
0.0002507018 -0.009411517
0.0002523018 -0.009411517
0.0002539018 -0.01035267
0.0002555018 -0.01058796
0.0002571018 -0.01105853
0.0002587018 -0.01294084
0.0002603018 -0.01270555
0.0002619018 -0.01435256
0.0002635018 -0.01482314
0.0002651018 -0.015529
0.0002667018 -0.01482314
0.0002683018 -0.01529371
0.0002699018 -0.01576429
0.0002715018 -0.01623487
0.0002731018 -0.01623487
0.0002747018 -0.01811717
0.0002763018 -0.01929361
0.0002779018 -0.02235235
0.0002795018 -0.02376408
0.0002811018 -0.02682282
0.0002827018 -0.02988157
0.0002843018 -0.03105801
0.0002859018 -0.03058743
0.0002875018 -0.03105801
0.0002891018 -0.03035214
0.0002907018 -0.03011685
0.0002923018 -0.02941099
0.0002939018 -0.02941099
0.0002955018 -0.02894041
0.0002971018 -0.02894041
0.0002987018 -0.0291757
0.0003003018 -0.02964628
0.0003019018 -0.03082272
0.0003035018 -0.03199916
0.0003051018 -0.03294031
0.0003067018 -0.03294031
0.0003083018 -0.03176387
0.0003099018 -0.03105801
0.0003115018 -0.02964628
0.0003131018 -0.03058743
0.0003147018 -0.02964628
0.0003163018 -0.02846984
0.0003179018 -0.02752869
0.0003195018 -0.02705811
0.0003211018 -0.02588167
0.0003227018 -0.02588167
0.0003243018 -0.0254111
0.0003259018 -0.02564638
0.0003275018 -0.02470523
0.0003291018 -0.02423466
0.0003307018 -0.02352879
0.0003323018 -0.02376408
0.0003339018 -0.02282293
0.0003355018 -0.02282293
0.0003371018 -0.02164649
0.0003387018 -0.02023476
0.0003403018 -0.01788188
0.0003419018 -0.01670544
0.0003435018 -0.01482314
0.0003451018 -0.01435256
0.0003467018 -0.01341141
0.0003483018 -0.01411728
0.0003499018 -0.01341141
0.0003515018 -0.0136467
0.0003531018 -0.01411728
0.0003547018 -0.01529371
0.0003563018 -0.01482314
0.0003579018 -0.01529371
0.0003595018 -0.01529371
0.0003611018 -0.01623487
0.0003627018 -0.015529
0.0003643018 -0.015529
0.0003659018 -0.01435256
0.0003675018 -0.01458785
0.0003691018 -0.01341141
0.0003707018 -0.01294084
0.0003723018 -0.01294084
0.0003739018 -0.01317612
0.0003755018 -0.01270555
0.0003771018 -0.01317612
0.0003787018 -0.01294084
0.0003803018 -0.01270555
0.0003819018 -0.0117644
0.0003835018 -0.01105853
0.0003851018 -0.01105853
0.0003867018 -0.01105853
0.0003883018 -0.01035267
0.0003899018 -0.009646805
0.0003915018 -0.009646805
0.0003931018 -0.008705653
0.0003947018 -0.007764501
0.0003963018 -0.006117486
0.0003979018 -0.004705758
0.0003995018 -0.003294031
0.0004011018 -0.002352879
0.0004027018 -0.002117591
0.0004043018 -0.002117591
0.0004059018 -0.003058743
0.0004075018 -0.004941046
0.0004091018 -0.007058638
0.0004107018 -0.009646805
0.0004123018 -0.01199968
0.0004139018 -0.01529371
0.0004155018 -0.01858775
0.0004171018 -0.02047005
0.0004187018 -0.02235235
0.0004203018 -0.02235235
0.0004219018 -0.02305822
0.0004235018 -0.02164649
0.0004251018 -0.02164649
0.0004267018 -0.02047005
0.0004283018 -0.01999947
0.0004299018 -0.01882303
0.0004315018 -0.01811717
0.0004331018 -0.01670544
0.0004347018 -0.01647015
0.0004363018 -0.01529371
0.0004379018 -0.01482314
0.0004395018 -0.01341141
0.0004411018 -0.01270555
0.0004427018 -0.01129382
0.0004443018 -0.01011738
0.0004459018 -0.01011738
0.0004475018 -0.01035267
0.0004491018 -0.01129382
0.0004507018 -0.0117644
0.0004523018 -0.01247026
0.0004539018 -0.01341141
0.0004555018 -0.01199968
0.0004571018 -0.01152911
0.0004587018 -0.009882093
0.0004603018 -0.009646805
0.0004619018 -0.008235077
0.0004635018 -0.006588062
0.0004651018 -0.00447047
0.0004667018 -0.003058743
0.0004683018 -0.001647015
0.0004699018 -0.001647015
0.0004715018 -0.001647015
0.0004731018 -0.002117591
0.0004747018 -0.002588167
0.0004763018 -0.003529319
0.0004779018 -0.003999895
0.0004795018 -0.005176334
0.0004811018 -0.006588062
0.0004827018 -0.007058638
0.0004843018 -0.007764501
0.0004859018 -0.008470365
0.0004875018 -0.008940941
0.0004891018 -0.008470365
0.0004907018 -0.007999789
0.0004923018 -0.006588062
0.0004939018 -0.00682335
0.0004955018 -0.00564691
0.0004971018 -0.004941046
0.0004987018 -0.003999895
0.0005003018 -0.002588167
0.0005019018 -0.00117644
0.0005035018 -0.0002352879
0.0005051018 0.0002352879
0.0005067018 0.001882303
0.0005083018 0.003294031
0.0005099018 0.00564691
0.0005115018 0.00682335
0.0005131018 0.008940941
0.0005147018 0.009646805
0.0005163018 0.01105853
0.0005179018 0.01105853
0.0005195018 0.01199968
0.0005211018 0.0117644
0.0005227018 0.0117644
0.0005243018 0.009411517
0.0005259018 0.008470365
0.0005275018 0.006117486
0.0005291018 0.003529319
0.0005307018 0.002588167
0.0005323018 0.0007058638
0.0005339018 -0.0007058638
0.0005355018 -0.003764607
0.0005371018 -0.004705758
0.0005387018 -0.007293925
0.0005403018 -0.007529213
0.0005419018 -0.008705653
0.0005435018 -0.008940941
0.0005451018 -0.008940941
0.0005467018 -0.007529213
0.0005483018 -0.006588062
0.0005499018 -0.00447047
0.0005515018 -0.002823455
0.0005531018 -0.00117644
0.0005547018 0.0004705758
0.0005563018 0.001882303
0.0005579018 0.003764607
0.0005595018 0.005176334
0.0005611018 0.006588062
0.0005627018 0.007764501
0.0005643018 0.008705653
0.0005659018 0.008705653
0.0005675018 0.009646805
0.0005691018 0.009882093
0.0005707018 0.01105853
0.0005723018 0.0117644
0.0005739018 0.01152911
0.0005755018 0.01270555
0.0005771018 0.01388199
0.0005787018 0.01411728
0.0005803018 0.01505843
0.0005819018 0.01576429
0.0005835018 0.01599958
0.0005851018 0.01599958
0.0005867018 0.01576429
0.0005883018 0.015529
0.0005899018 0.01458785
0.0005915018 0.01294084
0.0005931018 0.0117644
0.0005947018 0.01035267
0.0005963018 0.008940941
0.0005979018 0.007058638
0.0005995018 0.006588062
0.0006011018 0.006117486
0.0006027018 0.006352774
0.0006043018 0.006352774
0.0006059018 0.008235077
0.0006075018 0.009176229
0.0006091018 0.01058796
0.0006107018 0.01247026
0.0006123018 0.01317612
0.0006139018 0.01505843
0.0006155018 0.01576429
0.0006171018 0.01647015
0.0006187018 0.01647015
0.0006203018 0.01670544
0.0006219018 0.01717602
0.0006235018 0.01811717
0.0006251018 0.01858775
0.0006267018 0.01905832
0.0006283018 0.01929361
0.0006299018 0.01905832
0.0006315018 0.01905832
0.0006331018 0.01882303
0.0006347018 0.01811717
0.0006363018 0.01647015
0.0006379018 0.01576429
0.0006395018 0.01388199
0.0006411018 0.01247026
0.0006427018 0.01058796
0.0006443018 0.009882093
0.0006459018 0.008470365
0.0006475018 0.007999789
0.0006491018 0.007764501
0.0006507018 0.007999789
0.0006523018 0.008235077
0.0006539018 0.008940941
0.0006555018 0.01011738
0.0006571018 0.01152911
0.0006587018 0.01270555
0.0006603018 0.01317612
0.0006619018 0.01435256
0.0006635018 0.01435256
0.0006651018 0.0136467
0.0006667018 0.01341141
0.0006683018 0.01294084
0.0006699018 0.01317612
0.0006715018 0.01247026
0.0006731018 0.01247026
0.0006747018 0.01270555
0.0006763018 0.01341141
0.0006779018 0.0136467
0.0006795018 0.01435256
0.0006811018 0.01505843
0.0006827018 0.015529
0.0006843018 0.01670544
0.0006859018 0.01764659
0.0006875018 0.01835246
0.0006891018 0.01882303
0.0006907018 0.01905832
0.0006923018 0.01882303
0.0006939018 0.01764659
0.0006955018 0.01694073
0.0006971018 0.015529
0.0006987018 0.01341141
0.0007003018 0.01247026
0.0007019018 0.01223497
0.0007035018 0.0117644
0.0007051018 0.01199968
0.0007067018 0.01294084
0.0007083018 0.01388199
0.0007099018 0.01505843
0.0007115018 0.01670544
0.0007131018 0.01835246
0.0007147018 0.01835246
0.0007163018 0.01999947
0.0007179018 0.02117591
0.0007195018 0.02094062
0.0007211018 0.02188178
0.0007227018 0.02282293
0.0007243018 0.0232935
0.0007259018 0.02352879
0.0007275018 0.0232935
0.0007291018 0.02423466
0.0007307018 0.0254111
0.0007323018 0.0254111
0.0007339018 0.02658753
0.0007355018 0.02611696
0.0007371018 0.02752869
0.0007387018 0.02799926
0.0007403018 0.02752869
0.0007419018 0.02870513
0.0007435018 0.0291757
0.0007451018 0.02988157
0.0007467018 0.03011685
0.0007483018 0.02988157
0.0007499018 0.02964628
0.0007515018 0.02870513
0.0007531018 0.02894041
0.0007547018 0.02894041
0.0007563018 0.0291757
0.0007579018 0.02894041
0.0007595018 0.02846984
0.0007611018 0.02823455
0.0007627018 0.02846984
0.0007643018 0.02846984
0.0007659018 0.02846984
0.0007675018 0.02823455
0.0007691018 0.02799926
0.0007707018 0.02752869
0.0007723018 0.02705811
0.0007739018 0.02682282
0.0007755018 0.02564638
0.0007771018 0.02470523
0.0007787018 0.02376408
0.0007803018 0.02258764
0.0007819018 0.0214112
0.0007835018 0.02094062
0.0007851018 0.02094062
0.0007867018 0.02023476
0.0007883018 0.02023476
0.0007899018 0.02023476
0.0007915018 0.02117591
0.0007931018 0.02094062
0.0007947018 0.02117591
0.0007963018 0.0214112
0.0007979018 0.02117591
0.0007995018 0.02164649
0.0008011018 0.02211706
0.0008027018 0.02070534
0.0008043018 0.02117591
0.0008059018 0.02117591
0.0008075018 0.0214112
0.0008091018 0.02235235
0.0008107018 0.02305822
0.0008123018 0.02376408
0.0008139018 0.02588167
0.0008155018 0.02682282
0.0008171018 0.02941099
0.0008187018 0.03082272
0.0008203018 0.03246973
0.0008219018 0.03388146
0.0008235018 0.03435204
0.0008251018 0.03482261
0.0008267018 0.03529319
0.0008283018 0.03435204
0.0008299018 0.03388146
0.0008315018 0.03364617
0.0008331018 0.03223444
0.0008347018 0.03105801
0.0008363018 0.03105801
0.0008379018 0.03058743
0.0008395018 0.03082272
0.0008411018 0.03011685
0.0008427018 0.03035214
0.0008443018 0.02988157
0.0008459018 0.03011685
0.0008475018 0.03035214
0.0008491018 0.03082272
0.0008507018 0.03082272
0.0008523018 0.03011685
0.0008539018 0.02964628
0.0008555018 0.0291757
0.0008571018 0.02846984
0.0008587018 0.02776397
0.0008603018 0.02658753
0.0008619018 0.02611696
0.0008635018 0.02588167
0.0008651018 0.02564638
0.0008667018 0.02446994
0.0008683018 0.02446994
0.0008699018 0.02376408
0.0008715018 0.02352879
0.0008731018 0.02282293
0.0008747018 0.02258764
0.0008763018 0.02117591
0.0008779018 0.02117591
0.0008795018 0.02023476
0.0008811018 0.02023476
0.0008827018 0.01999947
0.0008843018 0.01976419
0.0008859018 0.01999947
0.0008875018 0.02023476
0.0008891018 0.0214112
0.0008907018 0.02352879
0.0008923018 0.02423466
0.0008939018 0.02588167
0.0008955018 0.02705811
0.0008971018 0.02776397
0.0008987018 0.02870513
0.0009003018 0.02846984
0.0009019018 0.02894041
0.0009035018 0.02870513
0.0009051018 0.02752869
0.0009067018 0.02752869
0.0009083018 0.02658753
0.0009099018 0.02682282
0.0009115018 0.0254111
0.0009131018 0.02611696
0.0009147018 0.02611696
0.0009163018 0.02705811
0.0009179018 0.0272934
0.0009195018 0.02799926
0.0009211018 0.0291757
0.0009227018 0.03035214
0.0009243018 0.03199916
0.0009259018 0.0331756
0.0009275018 0.03388146
0.0009291018 0.03435204
0.0009307018 0.0350579
0.0009323018 0.03458732
0.0009339018 0.0350579
0.0009355018 0.03458732
0.0009371018 0.03341088
0.0009387018 0.03270502
0.0009403018 0.03129329
0.0009419018 0.03082272
0.0009435018 0.03011685
0.0009451018 0.03011685
0.0009467018 0.02988157
0.0009483018 0.02988157
0.0009499018 0.03011685
0.0009515018 0.03129329
0.0009531018 0.03105801
0.0009547018 0.03176387
0.0009563018 0.03223444
0.0009579018 0.03199916
0.0009595018 0.03199916
0.0009611018 0.03105801
0.0009627018 0.03105801
0.0009643018 0.03082272
0.0009659018 0.02988157
0.0009675018 0.02964628
0.0009691018 0.02894041
0.0009707018 0.02941099
0.0009723018 0.02941099
0.0009739018 0.02941099
0.0009755018 0.0291757
0.0009771018 0.02941099
0.0009787018 0.02894041
0.0009803018 0.0291757
0.0009819018 0.02964628
0.0009835018 0.02941099
0.0009851018 0.02894041
0.0009867018 0.0291757
0.0009883018 0.02941099
0.0009899018 0.02941099
0.0009915018 0.02941099
0.0009931018 0.03011685
0.0009947018 0.02988157
0.0009963018 0.03058743
0.0009979018 0.03058743
0.0009995018 0.03129329
0.001001102 0.03129329
0.001002702 0.03176387
0.001004302 0.03129329
0.001005902 0.03199916
0.001007502 0.03152858
0.001009102 0.03129329
0.001010702 0.03058743
0.001012302 0.03082272
0.001013902 0.02964628
0.001015502 0.03011685
0.001017102 0.02964628
0.001018702 0.02870513
0.001020302 0.02776397
0.001021902 0.0272934
0.001023502 0.02658753
0.001025102 0.02611696
0.001026702 0.02470523
0.001028302 0.02494052
0.001029902 0.02423466
0.001031502 0.02399937
0.001033102 0.02376408
0.001034702 0.02470523
0.001036302 0.02446994
0.001037902 0.02564638
0.001039502 0.02564638
0.001041102 0.02682282
0.001042702 0.02752869
0.001044302 0.02894041
0.001045902 0.03011685
0.001047502 0.03058743
0.001049102 0.03176387
0.001050702 0.03294031
0.001052302 0.03270502
0.001053902 0.03294031
0.001055502 0.03294031
0.001057102 0.03294031
0.001058702 0.03223444
0.001060302 0.03199916
0.001061902 0.03199916
0.001063502 0.03105801
0.001065102 0.03058743
0.001066702 0.03011685
0.001068302 0.0291757
0.001069902 0.0291757
0.001071502 0.02823455
0.001073102 0.02752869
0.001074702 0.02635225
0.001076302 0.02635225
0.001077902 0.02517581
0.001079502 0.02446994
0.001081102 0.02352879
0.001082702 0.02282293
0.001084302 0.02235235
0.001085902 0.02235235
0.001087502 0.0214112
0.001089102 0.02164649
0.001090702 0.02164649
0.001092302 0.02164649
0.001093902 0.02211706
0.001095502 0.02235235
0.001097102 0.02305822
0.001098702 0.02446994
0.001100302 0.02611696
0.001101902 0.02635225
0.001103502 0.02799926
0.001105102 0.02941099
0.001106702 0.02988157
0.001108302 0.03129329
0.001109902 0.03199916
0.001111502 0.03199916
0.001113102 0.03199916
0.001114702 0.03152858
0.001116302 0.03058743
0.001117902 0.03011685
0.001119502 0.0291757
0.001121102 0.02799926
0.001122702 0.02752869
0.001124302 0.02705811
0.001125902 0.02635225
0.001127502 0.0254111
0.001129102 0.02376408
0.001130702 0.0232935
0.001132302 0.02188178
0.001133902 0.02188178
0.001135502 0.02117591
0.001137102 0.02164649
0.001138702 0.02117591
0.001140302 0.0214112
0.001141902 0.0214112
0.001143502 0.02258764
0.001145102 0.02235235
0.001146702 0.02305822
0.001148302 0.02352879
0.001149902 0.02423466
0.001151502 0.02399937
0.001153102 0.02376408
0.001154702 0.02376408
0.001156302 0.02352879
0.001157902 0.02399937
0.001159502 0.02376408
0.001161102 0.02446994
0.001162702 0.02446994
0.001164302 0.02517581
0.001165902 0.02611696
0.001167502 0.02658753
0.001169102 0.02799926
0.001170702 0.02988157
0.001172302 0.03058743
0.001173902 0.03152858
0.001175502 0.03294031
0.001177102 0.03388146
0.001178702 0.03552848
0.001180302 0.03529319
0.001181902 0.03576376
0.001183502 0.03576376
0.001185102 0.03529319
0.001186702 0.03458732
0.001188302 0.03388146
0.001189902 0.03270502
0.001191502 0.03129329
0.001193102 0.02988157
0.001194702 0.02846984
0.001196302 0.02682282
0.001197902 0.02588167
0.001199502 0.02470523
0.001201102 0.02376408
0.001202702 0.02235235
0.001204302 0.02164649
0.001205902 0.02070534
0.001207502 0.02047005
0.001209102 0.01999947
0.001210702 0.02047005
0.001212302 0.02117591
0.001213902 0.02070534
0.001215502 0.0214112
0.001217102 0.02164649
0.001218702 0.02235235
0.001220302 0.02258764
0.001221902 0.02258764
0.001223502 0.02352879
0.001225102 0.02423466
0.001226702 0.02446994
0.001228302 0.02470523
0.001229902 0.02494052
0.001231502 0.02564638
0.001233102 0.02564638
0.001234702 0.02564638
0.001236302 0.02564638
0.001237902 0.02470523
0.001239502 0.02399937
0.001241102 0.02305822
0.001242702 0.02282293
0.001244302 0.02070534
0.001245902 0.02047005
0.001247502 0.01929361
0.001249102 0.01788188
0.001250702 0.01694073
0.001252302 0.01623487
0.001253902 0.01482314
0.001255502 0.01435256
0.001257102 0.01341141
0.001258702 0.01341141
0.001260302 0.01294084
0.001261902 0.01270555
0.001263502 0.0136467
0.001265102 0.01435256
0.001266702 0.01505843
0.001268302 0.015529
0.001269902 0.01694073
0.001271502 0.01717602
0.001273102 0.01717602
0.001274702 0.01788188
0.001276302 0.01835246
0.001277902 0.01882303
0.001279502 0.01929361
0.001281102 0.01858775
0.001282702 0.01882303
0.001284302 0.01929361
0.001285902 0.01905832
0.001287502 0.01811717
0.001289102 0.01835246
0.001290702 0.01858775
0.001292302 0.01811717
0.001293902 0.01764659
0.001295502 0.01764659
0.001297102 0.01764659
0.001298702 0.01741131
0.001300302 0.01741131
0.001301902 0.01764659
0.001303502 0.01764659
0.001305102 0.01717602
0.001306702 0.01764659
0.001308302 0.01717602
0.001309902 0.01623487
0.001311502 0.01576429
0.001313102 0.01482314
0.001314702 0.01458785
0.001316302 0.01247026
0.001317902 0.0117644
0.001319502 0.01082324
0.001321102 0.009411517
0.001322702 0.008705653
0.001324302 0.007999789
0.001325902 0.007764501
0.001327502 0.007058638
0.001329102 0.007293925
0.001330702 0.007058638
0.001332302 0.007058638
0.001333902 0.006352774
0.001335502 0.006352774
0.001337102 0.00564691
0.001338702 0.00564691
0.001340302 0.004941046
0.001341902 0.004705758
0.001343502 0.003999895
0.001345102 0.003764607
0.001346702 0.003294031
0.001348302 0.003294031
0.001349902 0.003058743
0.001351502 0.003058743
0.001353102 0.003764607
0.001354702 0.003999895
0.001356302 0.004235183
0.001357902 0.004235183
0.001359502 0.004705758
0.001361102 0.004941046
0.001362702 0.005176334
0.001364302 0.004235183
0.001365902 0.00447047
0.001367502 0.003999895
0.001369102 0.003529319
0.001370702 0.003058743
0.001372302 0.002588167
0.001373902 0.002588167
0.001375502 0.001647015
0.001377102 0.002117591
0.001378702 0.001411728
0.001380302 0.001411728
0.001381902 0.0007058638
0.001383502 0.001411728
0.001385102 0.001882303
0.001386702 0.00117644
0.001388302 0.001882303
0.001389902 0.001882303
0.001391502 0.001882303
0.001393102 0.002588167
0.001394702 0.002588167
0.001396302 0.002588167
0.001397902 0.002588167
0.001399502 0.003058743
0.001401102 0.002823455
0.001402702 0.002823455
0.001404302 0.001882303
0.001405902 0.001882303
0.001407502 0.0007058638
0.001409102 0
0.001410702 -0.0004705758
0.001412302 -0.00117644
0.001413902 -0.002352879
0.001415502 -0.003058743
0.001417102 -0.003764607
0.001418702 -0.005411622
0.001420302 -0.006352774
0.001421902 -0.00682335
0.001423502 -0.007293925
0.001425102 -0.008470365
0.001426702 -0.008705653
0.001428302 -0.009882093
0.001429902 -0.01035267
0.001431502 -0.01011738
0.001433102 -0.01011738
0.001434702 -0.01035267
0.001436302 -0.01082324
0.001437902 -0.01058796
0.001439502 -0.01082324
0.001441102 -0.0117644
0.001442702 -0.01199968
0.001444302 -0.01294084
0.001445902 -0.01388199
0.001447502 -0.01411728
0.001449102 -0.01505843
0.001450702 -0.01623487
0.001452302 -0.01741131
0.001453902 -0.01788188
0.001455502 -0.01835246
0.001457102 -0.01835246
0.001458702 -0.01929361
0.001460302 -0.01905832
0.001461902 -0.0195289
0.001463502 -0.01858775
0.001465102 -0.01835246
0.001466702 -0.01694073
0.001468302 -0.01670544
0.001469902 -0.01599958
0.001471502 -0.015529
0.001473102 -0.01458785
0.001474702 -0.0136467
0.001476302 -0.0136467
0.001477902 -0.0136467
0.001479502 -0.01341141
0.001481102 -0.01388199
0.001482702 -0.01388199
0.001484302 -0.01435256
0.001485902 -0.01435256
0.001487502 -0.01482314
0.001489102 -0.01411728
0.001490702 -0.01482314
0.001492302 -0.01505843
0.001493902 -0.01576429
0.001495502 -0.01529371
0.001497102 -0.01576429
0.001498702 -0.01599958
0.001500302 -0.01694073
0.001501902 -0.01717602
0.001503502 -0.01882303
0.001505102 -0.01905832
0.001506702 -0.02047005
0.001508302 -0.02094062
0.001509902 -0.02305822
0.001511502 -0.02423466
0.001513102 -0.02517581
0.001514702 -0.02611696
0.001516302 -0.02682282
0.001517902 -0.02799926
0.001519502 -0.02846984
0.001521102 -0.02894041
0.001522702 -0.02964628
0.001524302 -0.02988157
0.001525902 -0.02988157
0.001527502 -0.02964628
0.001529102 -0.02941099
0.001530702 -0.02894041
0.001532302 -0.02846984
0.001533902 -0.02776397
0.001535502 -0.02682282
0.001537102 -0.02658753
0.001538702 -0.02635225
0.001540302 -0.02611696
0.001541902 -0.02588167
0.001543502 -0.0254111
0.001545102 -0.0254111
0.001546702 -0.0254111
0.001548302 -0.02588167
0.001549902 -0.02635225
0.001551502 -0.02682282
0.001553102 -0.02682282
0.001554702 -0.02799926
0.001556302 -0.02776397
0.001557902 -0.02988157
0.001559502 -0.03058743
0.001561102 -0.03129329
0.001562702 -0.03199916
0.001564302 -0.03294031
0.001565902 -0.0331756
0.001567502 -0.03411675
0.001569102 -0.03388146
0.001570702 -0.03482261
0.001572302 -0.03364617
0.001573902 -0.03411675
0.001575502 -0.03364617
0.001577102 -0.03364617
0.001578702 -0.03270502
0.001580302 -0.03294031
0.001581902 -0.03223444
0.001583502 -0.03223444
0.001585102 -0.03129329
0.001586702 -0.03058743
0.001588302 -0.03035214
0.001589902 -0.03035214
0.001591502 -0.02964628
0.001593102 -0.02941099
0.001594702 -0.02823455
0.001596302 -0.02846984
0.001597902 -0.02752869
0.001599502 -0.02846984
0.001601102 -0.02799926
0.001602702 -0.02894041
0.001604302 -0.02846984
0.001605902 -0.02941099
0.001607502 -0.03011685
0.001609102 -0.03058743
0.001610702 -0.03105801
0.001612302 -0.03176387
0.001613902 -0.03294031
0.001615502 -0.0331756
0.001617102 -0.03341088
0.001618702 -0.03435204
0.001620302 -0.03388146
0.001621902 -0.03458732
0.001623502 -0.03411675
0.001625102 -0.03388146
0.001626702 -0.03364617
0.001628302 -0.03435204
0.001629902 -0.03364617
0.001631502 -0.03388146
0.001633102 -0.03364617
0.001634702 -0.03388146
0.001636302 -0.03388146
0.001637902 -0.03458732
0.001639502 -0.03388146
0.001641102 -0.03458732
0.001642702 -0.03388146
0.001644302 -0.03529319
0.001645902 -0.03529319
0.001647502 -0.0350579
0.001649102 -0.0350579
0.001650702 -0.03529319
0.001652302 -0.03529319
0.001653902 -0.03576376
0.001655502 -0.03576376
0.001657102 -0.0350579
0.001658702 -0.03552848
0.001660302 -0.03552848
0.001661902 -0.03552848
0.001663502 -0.03529319
0.001665102 -0.03529319
0.001666702 -0.0350579
0.001668302 -0.0350579
0.001669902 -0.03529319
0.001671502 -0.03482261
0.001673102 -0.0350579
0.001674702 -0.03482261
0.001676302 -0.0350579
0.001677902 -0.0350579
0.001679502 -0.03529319
0.001681102 -0.0350579
0.001682702 -0.03552848
0.001684302 -0.03458732
0.001685902 -0.0350579
0.001687502 -0.03411675
0.001689102 -0.03435204
0.001690702 -0.03364617
0.001692302 -0.03411675
0.001693902 -0.03341088
0.001695502 -0.03270502
0.001697102 -0.03294031
0.001698702 -0.03223444
0.001700302 -0.03152858
0.001701902 -0.03176387
0.001703502 -0.03082272
0.001705102 -0.03152858
0.001706702 -0.03082272
0.001708302 -0.03058743
0.001709902 -0.03176387
0.001711502 -0.03152858
0.001713102 -0.03176387
0.001714702 -0.03246973
0.001716302 -0.03270502
0.001717902 -0.0331756
0.001719502 -0.03341088
0.001721102 -0.03458732
0.001722702 -0.03458732
0.001724302 -0.03552848
0.001725902 -0.03576376
0.001727502 -0.03646963
0.001729102 -0.03717549
0.001730702 -0.03788135
0.001732302 -0.03764607
0.001733902 -0.03858722
0.001735502 -0.03858722
0.001737102 -0.03952837
0.001738702 -0.03858722
0.001740302 -0.03835193
0.001741902 -0.03811664
0.001743502 -0.03835193
0.001745102 -0.03717549
0.001746702 -0.0369402
0.001748302 -0.03646963
0.001749902 -0.03646963
0.001751502 -0.03552848
0.001753102 -0.03552848
0.001754702 -0.03482261
0.001756302 -0.03482261
0.001757902 -0.0350579
0.001759502 -0.0350579
0.001761102 -0.03482261
0.001762702 -0.03552848
0.001764302 -0.0350579
0.001765902 -0.03576376
0.001767502 -0.03576376
0.001769102 -0.03623434
0.001770702 -0.03599905
0.001772302 -0.03623434
0.001773902 -0.03576376
0.001775502 -0.03552848
0.001777102 -0.03552848
0.001778702 -0.03552848
0.001780302 -0.03529319
0.001781902 -0.03529319
0.001783502 -0.03529319
0.001785102 -0.03529319
0.001786702 -0.03482261
0.001788302 -0.0350579
0.001789902 -0.03482261
0.001791502 -0.03411675
0.001793102 -0.03388146
0.001794702 -0.03411675
0.001796302 -0.03388146
0.001797902 -0.03411675
0.001799502 -0.03341088
0.001801102 -0.03364617
0.001802702 -0.03270502
0.001804302 -0.0331756
0.001805902 -0.03246973
0.001807502 -0.03152858
0.001809102 -0.03129329
0.001810702 -0.03058743
0.001812302 -0.03058743
0.001813902 -0.03058743
0.001815502 -0.03058743
0.001817102 -0.03011685
0.001818702 -0.02964628
0.001820302 -0.03035214
0.001821902 -0.02988157
0.001823502 -0.02988157
0.001825102 -0.02941099
0.001826702 -0.02964628
0.001828302 -0.02964628
0.001829902 -0.0291757
0.001831502 -0.02870513
0.001833102 -0.02823455
0.001834702 -0.02752869
0.001836302 -0.02752869
0.001837902 -0.02682282
0.001839502 -0.02635225
0.001841102 -0.02517581
0.001842702 -0.02564638
0.001844302 -0.02423466
0.001845902 -0.02399937
0.001847502 -0.02282293
0.001849102 -0.0232935
0.001850702 -0.02211706
0.001852302 -0.02258764
0.001853902 -0.02211706
0.001855502 -0.02211706
0.001857102 -0.0214112
0.001858702 -0.02188178
0.001860302 -0.02164649
0.001861902 -0.02235235
0.001863502 -0.02211706
0.001865102 -0.02305822
0.001866702 -0.02282293
0.001868302 -0.02352879
0.001869902 -0.02399937
0.001871502 -0.02446994
0.001873102 -0.0254111
0.001874702 -0.02517581
0.001876302 -0.02588167
0.001877902 -0.02682282
0.001879502 -0.02682282
0.001881102 -0.02776397
0.001882702 -0.02776397
0.001884302 -0.02870513
0.001885902 -0.02894041
0.001887502 -0.0291757
0.001889102 -0.02870513
0.001890702 -0.0291757
0.001892302 -0.0291757
0.001893902 -0.02870513
0.001895502 -0.02799926
0.001897102 -0.02799926
0.001898702 -0.02658753
0.001900302 -0.02658753
0.001901902 -0.02564638
0.001903502 -0.02517581
0.001905102 -0.02423466
0.001906702 -0.02399937
0.001908302 -0.02376408
0.001909902 -0.02305822
0.001911502 -0.02305822
0.001913102 -0.02282293
0.001914702 -0.02188178
0.001916302 -0.02211706
0.001917902 -0.02188178
0.001919502 -0.02094062
0.001921102 -0.0214112
0.001922702 -0.02117591
0.001924302 -0.02117591
0.001925902 -0.02070534
0.001927502 -0.01999947
0.001929102 -0.02023476
0.001930702 -0.02070534
0.001932302 -0.02094062
0.001933902 -0.02117591
0.001935502 -0.02117591
0.001937102 -0.0214112
0.001938702 -0.0214112
0.001940302 -0.02117591
0.001941902 -0.02211706
0.001943502 -0.02164649
0.001945102 -0.02211706
0.001946702 -0.02164649
0.001948302 -0.02235235
0.001949902 -0.02094062
0.001951502 -0.0214112
0.001953102 -0.02070534
0.001954702 -0.02070534
0.001956302 -0.01976419
0.001957902 -0.01999947
0.001959502 -0.01858775
0.001961102 -0.01858775
0.001962702 -0.01882303
0.001964302 -0.01858775
0.001965902 -0.01858775
0.001967502 -0.01858775
0.001969102 -0.01811717
0.001970702 -0.01858775
0.001972302 -0.01811717
0.001973902 -0.01858775
0.001975502 -0.01811717
0.001977102 -0.01835246
0.001978702 -0.01858775
0.001980302 -0.01835246
0.001981902 -0.01788188
0.001983502 -0.01905832
0.001985102 -0.01835246
0.001986702 -0.01882303
0.001988302 -0.01905832
0.001989902 -0.01999947
0.001991502 -0.0195289
0.001993102 -0.02023476
0.001994702 -0.02023476
0.001996302 -0.02070534
0.001997902 -0.02070534
0.001999502 -0.02070534
0.002001102 -0.02047005
0.002002702 -0.02070534
0.002004302 -0.0195289
0.002005902 -0.01905832
0.002007502 -0.01858775
0.002009102 -0.01788188
0.002010702 -0.01741131
0.002012302 -0.01717602
0.002013902 -0.01623487
0.002015502 -0.01599958
0.002017102 -0.01529371
0.002018702 -0.01529371
0.002020302 -0.01482314
0.002021902 -0.01529371
0.002023502 -0.01458785
0.002025102 -0.01435256
0.002026702 -0.01388199
0.002028302 -0.01411728
0.002029902 -0.01411728
0.002031502 -0.01294084
0.002033102 -0.01294084
0.002034702 -0.01223497
0.002036302 -0.01152911
0.002037902 -0.01105853
0.002039502 -0.01058796
0.002041102 -0.009882093
0.002042702 -0.009646805
0.002044302 -0.008940941
0.002045902 -0.008940941
0.002047502 -0.007764501
0.002049102 -0.007058638
0.002050702 -0.005882198
0.002052302 -0.00564691
0.002053902 -0.004941046
0.002055502 -0.004941046
0.002057102 -0.003764607
0.002058702 -0.003294031
0.002060302 -0.003764607
0.002061902 -0.003529319
0.002063502 -0.003999895
0.002065102 -0.004235183
0.002066702 -0.00447047
0.002068302 -0.006117486
0.002069902 -0.006352774
0.002071502 -0.007529213
0.002073102 -0.007764501
0.002074702 -0.009176229
0.002076302 -0.009411517
0.002077902 -0.01035267
0.002079502 -0.01058796
0.002081102 -0.01105853
0.002082702 -0.01035267
0.002084302 -0.01058796
0.002085902 -0.01058796
0.002087502 -0.01011738
0.002089102 -0.009411517
0.002090702 -0.009176229
0.002092302 -0.008235077
0.002093902 -0.008470365
0.002095502 -0.007058638
0.002097102 -0.007293925
0.002098702 -0.006352774
0.002100302 -0.006117486
0.002101902 -0.006352774
0.002103502 -0.006352774
0.002105102 -0.005882198
0.002106702 -0.006352774
0.002108302 -0.005882198
0.002109902 -0.006588062
0.002111502 -0.007058638
0.002113102 -0.007529213
0.002114702 -0.007764501
0.002116302 -0.008235077
0.002117902 -0.008705653
0.002119502 -0.009176229
0.002121102 -0.009882093
0.002122702 -0.01058796
0.002124302 -0.01082324
0.002125902 -0.01105853
0.002127502 -0.01152911
0.002129102 -0.01199968
0.002130702 -0.01152911
0.002132302 -0.01105853
0.002133902 -0.01152911
0.002135502 -0.01105853
0.002137102 -0.01058796
0.002138702 -0.01058796
0.002140302 -0.009646805
0.002141902 -0.008705653
0.002143502 -0.008235077
0.002145102 -0.007999789
0.002146702 -0.007058638
0.002148302 -0.006117486
0.002149902 -0.005176334
0.002151502 -0.005176334
0.002153102 -0.00447047
0.002154702 -0.003529319
0.002156302 -0.003058743
0.002157902 -0.002588167
0.002159502 -0.002352879
0.002161102 -0.001411728
0.002162702 -0.00117644
0.002164302 0.0002352879
0.002165902 0.0002352879
0.002167502 0.0002352879
0.002169102 0.0009411517
0.002170702 0.001411728
0.002172302 0.001411728
0.002173902 0.00117644
0.002175502 0.0007058638
0.002177102 0.0007058638
0.002178702 -0.0002352879
0.002180302 0
0.002181902 -0.0007058638
0.002183502 -0.001411728
0.002185102 -0.002352879
0.002186702 -0.002823455
0.002188302 -0.003058743
0.002189902 -0.003058743
0.002191502 -0.003999895
0.002193102 -0.003999895
0.002194702 -0.004235183
0.002196302 -0.005176334
0.002197902 -0.004705758
0.002199502 -0.004705758
0.002201102 -0.003764607
0.002202702 -0.003764607
0.002204302 -0.003999895
0.002205902 -0.004235183
0.002207502 -0.003529319
0.002209102 -0.003294031
0.002210702 -0.002823455
0.002212302 -0.002352879
0.002213902 -0.001882303
0.002215502 -0.001882303
0.002217102 -0.001882303
0.002218702 -0.0007058638
0.002220302 -0.0009411517
0.002221902 -0.0002352879
0.002223502 -0.0002352879
0.002225102 0.0004705758
0.002226702 0.0004705758
0.002228302 0.001411728
0.002229902 0.002117591
0.002231502 0.001882303
0.002233102 0.002823455
0.002234702 0.003058743
0.002236302 0.003058743
0.002237902 0.003058743
0.002239502 0.003764607
0.002241102 0.003764607
0.002242702 0.004235183
0.002244302 0.00447047
0.002245902 0.00447047
0.002247502 0.004941046
0.002249102 0.00447047
0.002250702 0.005411622
0.002252302 0.00447047
0.002253902 0.004941046
0.002255502 0.004941046
0.002257102 0.005411622
0.002258702 0.004705758
0.002260302 0.00564691
0.002261902 0.005882198
0.002263502 0.006117486
0.002265102 0.006352774
0.002266702 0.00682335
0.002268302 0.007058638
0.002269902 0.007293925
0.002271502 0.007529213
0.002273102 0.008470365
0.002274702 0.008235077
0.002276302 0.008470365
0.002277902 0.008940941
0.002279502 0.009882093
0.002281102 0.009882093
0.002282702 0.01035267
0.002284302 0.01058796
0.002285902 0.01082324
0.002287502 0.01105853
0.002289102 0.01058796
0.002290702 0.01035267
0.002292302 0.009646805
0.002293902 0.01011738
0.002295502 0.009882093
0.002297102 0.008705653
0.002298702 0.009176229
0.002300302 0.007764501
0.002301902 0.007529213
0.002303502 0.00682335
0.002305102 0.007058638
0.002306702 0.006117486
0.002308302 0.006117486
0.002309902 0.006352774
0.002311502 0.006117486
0.002313102 0.005882198
0.002314702 0.006117486
0.002316302 0.006352774
0.002317902 0.00682335
0.002319502 0.006588062
0.002321102 0.007999789
0.002322702 0.007764501
0.002324302 0.008705653
0.002325902 0.008940941
0.002327502 0.009176229
0.002329102 0.009882093
0.002330702 0.01011738
0.002332302 0.01058796
0.002333902 0.01082324
0.002335502 0.01129382
0.002337102 0.01129382
0.002338702 0.01199968
0.002340302 0.01199968
0.002341902 0.01223497
0.002343502 0.01199968
0.002345102 0.01247026
0.002346702 0.01294084
0.002348302 0.01270555
0.002349902 0.01270555
0.002351502 0.01294084
0.002353102 0.01294084
0.002354702 0.01341141
0.002356302 0.01317612
0.002357902 0.01270555
0.002359502 0.01317612
0.002361102 0.01294084
0.002362702 0.01247026
0.002364302 0.01199968
0.002365902 0.01199968
0.002367502 0.01152911
0.002369102 0.0117644
0.002370702 0.0117644
0.002372302 0.01199968
0.002373902 0.0117644
0.002375502 0.0117644
0.002377102 0.01223497
0.002378702 0.01223497
0.002380302 0.01317612
0.002381902 0.01317612
0.002383502 0.01388199
0.002385102 0.01388199
0.002386702 0.01435256
0.002388302 0.01505843
0.002389902 0.015529
0.002391502 0.015529
0.002393102 0.01576429
0.002394702 0.01599958
0.002396302 0.01599958
0.002397902 0.01623487
0.002399502 0.01670544
0.002401102 0.01623487
0.002402702 0.01670544
0.002404302 0.01647015
0.002405902 0.01647015
0.002407502 0.01623487
0.002409102 0.01623487
0.002410702 0.01599958
0.002412302 0.01599958
0.002413902 0.01529371
0.002415502 0.01505843
0.002417102 0.01482314
0.002418702 0.01529371
0.002420302 0.01482314
0.002421902 0.01505843
0.002423502 0.01482314
0.002425102 0.01482314
0.002426702 0.01411728
0.002428302 0.01505843
0.002429902 0.01482314
0.002431502 0.01458785
0.002433102 0.01435256
0.002434702 0.01482314
0.002436302 0.01482314
0.002437902 0.01435256
0.002439502 0.01458785
0.002441102 0.01458785
0.002442702 0.01435256
0.002444302 0.01435256
0.002445902 0.01505843
0.002447502 0.01505843
0.002449102 0.01482314
0.002450702 0.01529371
0.002452302 0.015529
0.002453902 0.01576429
0.002455502 0.01576429
0.002457102 0.01599958
0.002458702 0.01623487
0.002460302 0.01647015
0.002461902 0.01694073
0.002463502 0.01741131
0.002465102 0.01811717
0.002466702 0.01835246
0.002468302 0.01835246
0.002469902 0.01882303
0.002471502 0.01882303
0.002473102 0.01976419
0.002474702 0.01999947
0.002476302 0.02023476
0.002477902 0.02070534
0.002479502 0.02023476
0.002481102 0.02047005
0.002482702 0.01976419
0.002484302 0.02047005
0.002485902 0.02023476
0.002487502 0.02023476
0.002489102 0.01999947
0.002490702 0.01999947
0.002492302 0.01929361
0.002493902 0.02023476
0.002495502 0.01976419
0.002497102 0.01999947
0.002498702 0.02047005
0.002500302 0.02070534
0.002501902 0.02117591
0.002503502 0.02211706
0.002505102 0.02164649
0.002506702 0.02258764
0.002508302 0.02282293
0.002509902 0.02352879
0.002511502 0.02399937
0.002513102 0.02446994
0.002514702 0.02423466
0.002516302 0.02446994
0.002517902 0.02423466
0.002519502 0.02352879
0.002521102 0.0232935
0.002522702 0.02282293
0.002524302 0.02258764
0.002525902 0.02235235
0.002527502 0.0214112
0.002529102 0.02211706
0.002530702 0.02211706
0.002532302 0.02188178
0.002533902 0.02235235
0.002535502 0.0232935
0.002537102 0.02282293
0.002538702 0.02399937
0.002540302 0.02376408
0.002541902 0.02352879
0.002543502 0.02376408
0.002545102 0.02446994
0.002546702 0.02423466
0.002548302 0.02399937
0.002549902 0.02399937
0.002551502 0.02423466
0.002553102 0.02470523
0.002554702 0.02399937
0.002556302 0.02399937
0.002557902 0.02494052
0.002559502 0.02494052
0.002561102 0.02446994
0.002562702 0.02446994
0.002564302 0.0254111
0.002565902 0.02470523
0.002567502 0.02517581
0.002569102 0.02494052
0.002570702 0.02494052
0.002572302 0.02446994
0.002573902 0.02446994
0.002575502 0.02470523
0.002577102 0.02446994
0.002578702 0.02470523
0.002580302 0.02470523
0.002581902 0.02470523
0.002583502 0.02564638
0.002585102 0.02494052
0.002586702 0.02635225
0.002588302 0.02564638
0.002589902 0.02611696
0.002591502 0.02635225
0.002593102 0.02682282
0.002594702 0.02658753
0.002596302 0.02682282
0.002597902 0.02635225
0.002599502 0.02705811
0.002601102 0.02705811
0.002602702 0.02799926
0.002604302 0.02776397
0.002605902 0.02799926
0.002607502 0.02799926
0.002609102 0.02823455
0.002610702 0.02799926
0.002612302 0.02823455
0.002613902 0.02870513
0.002615502 0.02894041
0.002617102 0.02870513
0.002618702 0.0291757
0.002620302 0.02964628
0.002621902 0.02964628
0.002623502 0.03011685
0.002625102 0.03035214
0.002626702 0.02988157
0.002628302 0.03035214
0.002629902 0.03105801
0.002631502 0.03152858
0.002633102 0.03152858
0.002634702 0.03223444
0.002636302 0.03199916
0.002637902 0.03199916
0.002639502 0.03176387
0.002641102 0.03152858
0.002642702 0.03152858
0.002644302 0.03129329
0.002645902 0.03082272
0.002647502 0.03035214
0.002649102 0.03035214
0.002650702 0.02988157
0.002652302 0.02964628
0.002653902 0.03011685
0.002655502 0.03011685
0.002657102 0.03011685
0.002658702 0.02988157
0.002660302 0.03082272
0.002661902 0.03035214
0.002663502 0.03082272
0.002665102 0.03129329
0.002666702 0.03176387
0.002668302 0.03199916
0.002669902 0.03223444
0.002671502 0.03246973
0.002673102 0.03246973
0.002674702 0.03223444
0.002676302 0.03246973
0.002677902 0.03294031
0.002679502 0.0331756
0.002681102 0.03341088
0.002682702 0.03435204
0.002684302 0.03388146
0.002685902 0.03482261
0.002687502 0.03529319
0.002689102 0.03552848
0.002690702 0.03646963
0.002692302 0.03670492
0.002693902 0.03599905
0.002695502 0.0369402
0.002697102 0.03741078
0.002698702 0.03741078
0.002700302 0.03764607
0.002701902 0.03764607
0.002703502 0.03741078
0.002705102 0.03764607
0.002706702 0.03811664
0.002708302 0.03764607
0.002709902 0.03835193
0.002711502 0.03811664
0.002713102 0.03811664
0.002714702 0.03835193
0.002716302 0.03882251
0.002717902 0.03952837
0.002719502 0.03905779
0.002721102 0.03976366
0.002722702 0.03976366
0.002724302 0.04070481
0.002725902 0.0409401
0.002727502 0.04070481
0.002729102 0.04141067
0.002730702 0.04188125
0.002732302 0.04117539
0.002733902 0.04188125
0.002735502 0.04235183
0.002737102 0.04188125
0.002738702 0.04164596
0.002740302 0.04188125
0.002741902 0.04141067
0.002743502 0.04188125
0.002745102 0.04070481
0.002746702 0.04070481
0.002748302 0.04046952
0.002749902 0.03976366
0.002751502 0.03976366
0.002753102 0.03952837
0.002754702 0.03882251
0.002756302 0.03858722
0.002757902 0.03788135
0.002759502 0.03764607
0.002761102 0.03764607
0.002762702 0.03741078
0.002764302 0.03623434
0.002765902 0.03717549
0.002767502 0.03670492
0.002769102 0.03717549
0.002770702 0.0369402
0.002772302 0.03788135
0.002773902 0.0369402
0.002775502 0.03811664
0.002777102 0.03835193
0.002778702 0.03858722
0.002780302 0.03929308
0.002781902 0.03929308
0.002783502 0.04023423
0.002785102 0.04023423
0.002786702 0.04023423
0.002788302 0.0409401
0.002789902 0.04046952
0.002791502 0.04070481
0.002793102 0.04023423
0.002794702 0.04046952
0.002796302 0.03999895
0.002797902 0.03999895
0.002799502 0.03929308
0.002801102 0.03905779
0.002802702 0.03882251
0.002804302 0.03882251
0.002805902 0.03858722
0.002807502 0.03811664
0.002809102 0.03835193
0.002810702 0.03764607
0.002812302 0.03741078
0.002813902 0.03788135
0.002815502 0.03811664
0.002817102 0.03741078
0.002818702 0.03788135
0.002820302 0.03788135
0.002821902 0.03835193
0.002823502 0.03858722
0.002825102 0.03835193
0.002826702 0.03905779
0.002828302 0.03952837
0.002829902 0.03929308
0.002831502 0.03905779
0.002833102 0.03952837
0.002834702 0.03929308
0.002836302 0.03976366
0.002837902 0.03976366
0.002839502 0.03952837
0.002841102 0.03976366
0.002842702 0.03976366
0.002844302 0.03999895
0.002845902 0.03999895
0.002847502 0.03999895
0.002849102 0.03952837
0.002850702 0.03882251
0.002852302 0.03882251
0.002853902 0.03858722
0.002855502 0.03858722
0.002857102 0.03835193
0.002858702 0.03811664
0.002860302 0.03835193
0.002861902 0.03764607
0.002863502 0.03741078
0.002865102 0.03764607
0.002866702 0.03670492
0.002868302 0.03646963
0.002869902 0.03670492
0.002871502 0.03599905
0.002873102 0.03599905
0.002874702 0.03670492
0.002876302 0.03599905
0.002877902 0.03599905
0.002879502 0.03552848
0.002881102 0.03576376
0.002882702 0.03529319
0.002884302 0.03576376
0.002885902 0.03552848
0.002887502 0.03552848
0.002889102 0.03576376
0.002890702 0.03552848
0.002892302 0.03576376
0.002893902 0.03599905
0.002895502 0.03646963
0.002897102 0.03646963
0.002898702 0.03670492
0.002900302 0.03670492
0.002901902 0.03717549
0.002903502 0.0369402
0.002905102 0.0369402
0.002906702 0.03741078
0.002908302 0.03717549
0.002909902 0.0369402
0.002911502 0.03717549
0.002913102 0.03646963
0.002914702 0.03670492
0.002916302 0.03670492
0.002917902 0.03623434
0.002919502 0.03552848
0.002921102 0.03599905
0.002922702 0.03599905
0.002924302 0.03552848
0.002925902 0.03458732
0.002927502 0.03388146
0.002929102 0.03435204
0.002930702 0.03388146
0.002932302 0.03388146
0.002933902 0.03364617
0.002935502 0.03341088
0.002937102 0.03341088
0.002938702 0.03364617
0.002940302 0.0331756
0.002941902 0.0331756
0.002943502 0.03294031
0.002945102 0.03341088
0.002946702 0.03341088
0.002948302 0.03294031
0.002949902 0.0331756
0.002951502 0.03341088
0.002953102 0.03294031
0.002954702 0.03294031
0.002956302 0.03294031
0.002957902 0.03270502
0.002959502 0.03223444
0.002961102 0.03246973
0.002962702 0.03176387
0.002964302 0.03082272
0.002965902 0.03129329
0.002967502 0.03082272
0.002969102 0.03035214
0.002970702 0.02988157
0.002972302 0.02941099
0.002973902 0.0291757
0.002975502 0.02846984
0.002977102 0.02799926
0.002978702 0.02705811
0.002980302 0.02682282
0.002981902 0.02588167
0.002983502 0.02588167
0.002985102 0.02494052
0.002986702 0.02470523
0.002988302 0.02352879
0.002989902 0.02352879
0.002991502 0.02305822
0.002993102 0.02282293
0.002994702 0.02282293
0.002996302 0.02258764
0.002997902 0.02211706
0.002999502 0.0214112
0.003001102 0.02164649
0.003002702 0.0214112
0.003004302 0.0214112
0.003005902 0.02094062
0.003007502 0.02023476
0.003009102 0.01999947
0.003010702 0.01976419
0.003012302 0.01976419
0.003013902 0.01905832
0.003015502 0.01882303
0.003017102 0.01858775
0.003018702 0.01764659
0.003020302 0.01717602
0.003021902 0.01670544
0.003023502 0.01647015
0.003025102 0.015529
0.003026702 0.01529371
0.003028302 0.01458785
0.003029902 0.01458785
0.003031502 0.01317612
0.003033102 0.01317612
0.003034702 0.01223497
0.003036302 0.01199968
0.003037902 0.01129382
0.003039502 0.01129382
0.003041102 0.01105853
0.003042702 0.01082324
0.003044302 0.009882093
0.003045902 0.009646805
0.003047502 0.009646805
0.003049102 0.009411517
0.003050702 0.009411517
0.003052302 0.009882093
0.003053902 0.009646805
0.003055502 0.009176229
0.003057102 0.009882093
0.003058702 0.009411517
0.003060302 0.009176229
0.003061902 0.009882093
0.003063502 0.009646805
0.003065102 0.009646805
0.003066702 0.01011738
0.003068302 0.009411517
0.003069902 0.009646805
0.003071502 0.009882093
0.003073102 0.01011738
0.003074702 0.009411517
0.003076302 0.009882093
0.003077902 0.009646805
0.003079502 0.01011738
0.003081102 0.009882093
0.003082702 0.009646805
0.003084302 0.009176229
0.003085902 0.009411517
0.003087502 0.008940941
0.003089102 0.008235077
0.003090702 0.007764501
0.003092302 0.007293925
0.003093902 0.006588062
0.003095502 0.006352774
0.003097102 0.00564691
0.003098702 0.005176334
0.003100302 0.004235183
0.003101902 0.004235183
0.003103502 0.003294031
0.003105102 0.003294031
0.003106702 0.002588167
0.003108302 0.002117591
0.003109902 0.001647015
0.003111502 0.001411728
0.003113102 0.0004705758
0.003114702 0.0007058638
0.003116302 -0.0002352879
0.003117902 -0.0002352879
0.003119502 -0.0007058638
0.003121102 -0.0004705758
0.003122702 -0.0007058638
0.003124302 -0.0002352879
0.003125902 -0.0009411517
0.003127502 -0.0004705758
0.003129102 -0.00117644
0.003130702 -0.00117644
0.003132302 -0.001411728
0.003133902 -0.001411728
0.003135502 -0.001647015
0.003137102 -0.001882303
0.003138702 -0.002352879
0.003140302 -0.002588167
0.003141902 -0.002588167
0.003143502 -0.003999895
0.003145102 -0.003999895
0.003146702 -0.005176334
0.003148302 -0.004941046
0.003149902 -0.005176334
0.003151502 -0.00564691
0.003153102 -0.006352774
0.003154702 -0.006352774
0.003156302 -0.007058638
0.003157902 -0.006588062
0.003159502 -0.007529213
0.003161102 -0.007764501
0.003162702 -0.007999789
0.003164302 -0.008235077
0.003165902 -0.008705653
0.003167502 -0.008705653
0.003169102 -0.008940941
0.003170702 -0.009411517
0.003172302 -0.01011738
0.003173902 -0.01035267
0.003175502 -0.01011738
0.003177102 -0.01105853
0.003178702 -0.01082324
0.003180302 -0.01105853
0.003181902 -0.01129382
0.003183502 -0.01105853
0.003185102 -0.01199968
0.003186702 -0.01152911
0.003188302 -0.01105853
0.003189902 -0.01129382
0.003191502 -0.0117644
0.003193102 -0.01152911
0.003194702 -0.0117644
0.003196302 -0.01152911
0.003197902 -0.01129382
0.003199502 -0.0117644
0.003201102 -0.01199968
0.003202702 -0.0117644
0.003204302 -0.01223497
0.003205902 -0.01270555
0.003207502 -0.01247026
0.003209102 -0.01411728
0.003210702 -0.0136467
0.003212302 -0.01411728
0.003213902 -0.015529
0.003215502 -0.015529
0.003217102 -0.01623487
0.003218702 -0.01670544
0.003220302 -0.01694073
0.003221902 -0.01835246
0.003223502 -0.01882303
0.003225102 -0.01905832
0.003226702 -0.01858775
0.003228302 -0.01929361
0.003229902 -0.01976419
0.003231502 -0.01976419
0.003233102 -0.01976419
0.003234702 -0.02023476
0.003236302 -0.02023476
0.003237902 -0.02094062
0.003239502 -0.02094062
0.003241102 -0.02094062
0.003242702 -0.0214112
0.003244302 -0.0214112
0.003245902 -0.02164649
0.003247502 -0.02235235
0.003249102 -0.02235235
0.003250702 -0.02258764
0.003252302 -0.0232935
0.003253902 -0.02352879
0.003255502 -0.02282293
0.003257102 -0.02305822
0.003258702 -0.02352879
0.003260302 -0.02399937
0.003261902 -0.02352879
0.003263502 -0.02376408
0.003265102 -0.02352879
0.003266702 -0.02399937
0.003268302 -0.02399937
0.003269902 -0.02376408
0.003271502 -0.02376408
0.003273102 -0.0232935
0.003274702 -0.02399937
0.003276302 -0.02446994
0.003277902 -0.02399937
0.003279502 -0.02423466
0.003281102 -0.02399937
0.003282702 -0.02423466
0.003284302 -0.02446994
0.003285902 -0.02376408
0.003287502 -0.02446994
0.003289102 -0.02423466
0.003290702 -0.02423466
0.003292302 -0.02446994
0.003293902 -0.02399937
0.003295502 -0.02517581
0.003297102 -0.0254111
0.003298702 -0.02517581
0.003300302 -0.02564638
0.003301902 -0.02635225
0.003303502 -0.02682282
0.003305102 -0.02705811
0.003306702 -0.02776397
0.003308302 -0.02776397
0.003309902 -0.02846984
0.003311502 -0.02870513
0.003313102 -0.02894041
0.003314702 -0.02964628
0.003316302 -0.02964628
0.003317902 -0.03011685
0.003319502 -0.03035214
0.003321102 -0.03058743
0.003322702 -0.03105801
0.003324302 -0.03058743
0.003325902 -0.03082272
0.003327502 -0.03082272
0.003329102 -0.03035214
0.003330702 -0.03011685
0.003332302 -0.02988157
0.003333902 -0.02941099
0.003335502 -0.03035214
0.003337102 -0.02988157
0.003338702 -0.02941099
0.003340302 -0.03011685
0.003341902 -0.03011685
0.003343502 -0.03058743
0.003345102 -0.03058743
0.003346702 -0.03105801
0.003348302 -0.03129329
0.003349902 -0.03223444
0.003351502 -0.03223444
0.003353102 -0.03341088
0.003354702 -0.03364617
0.003356302 -0.03435204
0.003357902 -0.03435204
0.003359502 -0.0350579
0.003361102 -0.03482261
0.003362702 -0.0350579
0.003364302 -0.03458732
0.003365902 -0.0350579
0.003367502 -0.03458732
0.003369102 -0.03435204
0.003370702 -0.03435204
0.003372302 -0.03435204
0.003373902 -0.03364617
0.003375502 -0.03388146
0.003377102 -0.0331756
0.003378702 -0.03294031
0.003380302 -0.03294031
0.003381902 -0.03223444
0.003383502 -0.03223444
0.003385102 -0.03223444
0.003386702 -0.03199916
0.003388302 -0.03223444
0.003389902 -0.03176387
0.003391502 -0.03223444
0.003393102 -0.03176387
0.003394702 -0.03223444
0.003396302 -0.03199916
0.003397902 -0.03270502
0.003399502 -0.03199916
0.003401102 -0.03246973
0.003402702 -0.03246973
0.003404302 -0.03294031
0.003405902 -0.0331756
0.003407502 -0.03294031
0.003409102 -0.03364617
0.003410702 -0.03364617
0.003412302 -0.03364617
0.003413902 -0.03388146
0.003415502 -0.03388146
0.003417102 -0.03411675
0.003418702 -0.03411675
0.003420302 -0.03529319
0.003421902 -0.03482261
0.003423502 -0.03529319
0.003425102 -0.03576376
0.003426702 -0.03599905
0.003428302 -0.03576376
0.003429902 -0.03623434
0.003431502 -0.03670492
0.003433102 -0.03670492
0.003434702 -0.03670492
0.003436302 -0.03717549
0.003437902 -0.03670492
0.003439502 -0.03741078
0.003441102 -0.03741078
0.003442702 -0.03835193
0.003444302 -0.03764607
0.003445902 -0.03811664
0.003447502 -0.03764607
0.003449102 -0.03811664
0.003450702 -0.03811664
0.003452302 -0.03835193
0.003453902 -0.03835193
0.003455502 -0.03952837
0.003457102 -0.03882251
0.003458702 -0.03905779
0.003460302 -0.03882251
0.003461902 -0.03929308
0.003463502 -0.03976366
0.003465102 -0.03952837
0.003466702 -0.03952837
0.003468302 -0.04023423
0.003469902 -0.03999895
0.003471502 -0.04046952
0.003473102 -0.04046952
0.003474702 -0.04117539
0.003476302 -0.04023423
0.003477902 -0.04117539
0.003479502 -0.04070481
0.003481102 -0.04141067
0.003482702 -0.04141067
0.003484302 -0.04211654
0.003485902 -0.04188125
0.003487502 -0.04164596
0.003489102 -0.04141067
0.003490702 -0.04164596
0.003492302 -0.0409401
0.003493902 -0.04046952
0.003495502 -0.04023423
0.003497102 -0.04070481
0.003498702 -0.03999895
0.003500302 -0.04023423
0.003501902 -0.03952837
0.003503502 -0.03976366
0.003505102 -0.03929308
0.003506702 -0.03929308
0.003508302 -0.03952837
0.003509902 -0.03976366
0.003511502 -0.03882251
0.003513102 -0.03905779
0.003514702 -0.03882251
0.003516302 -0.03905779
0.003517902 -0.03882251
0.003519502 -0.03929308
0.003521102 -0.03929308
0.003522702 -0.03952837
0.003524302 -0.03905779
0.003525902 -0.03929308
0.003527502 -0.03952837
0.003529102 -0.03952837
0.003530702 -0.03976366
0.003532302 -0.03952837
0.003533902 -0.04023423
0.003535502 -0.03999895
0.003537102 -0.04046952
0.003538702 -0.04070481
0.003540302 -0.04046952
0.003541902 -0.04070481
0.003543502 -0.0409401
0.003545102 -0.04141067
0.003546702 -0.04164596
0.003548302 -0.04211654
0.003549902 -0.04188125
0.003551502 -0.04235183
0.003553102 -0.04164596
0.003554702 -0.04211654
0.003556302 -0.04141067
0.003557902 -0.04117539
0.003559502 -0.04117539
0.003561102 -0.04141067
0.003562702 -0.0409401
0.003564302 -0.0409401
0.003565902 -0.03999895
0.003567502 -0.04046952
0.003569102 -0.04046952
0.003570702 -0.04023423
0.003572302 -0.04023423
0.003573902 -0.04046952
0.003575502 -0.03999895
0.003577102 -0.03999895
0.003578702 -0.03976366
0.003580302 -0.04070481
0.003581902 -0.04023423
0.003583502 -0.04046952
0.003585102 -0.03999895
0.003586702 -0.04023423
0.003588302 -0.04023423
0.003589902 -0.03999895
0.003591502 -0.03976366
0.003593102 -0.04023423
0.003594702 -0.03952837
0.003596302 -0.03929308
0.003597902 -0.03905779
0.003599502 -0.03905779
0.003601102 -0.03858722
0.003602702 -0.03905779
0.003604302 -0.03811664
0.003605902 -0.03858722
0.003607502 -0.03858722
0.003609102 -0.03882251
0.003610702 -0.03835193
0.003612302 -0.03882251
0.003613902 -0.03811664
0.003615502 -0.03835193
0.003617102 -0.03811664
0.003618702 -0.03835193
0.003620302 -0.03835193
0.003621902 -0.03788135
0.003623502 -0.03764607
0.003625102 -0.03811664
0.003626702 -0.03788135
0.003628302 -0.03741078
0.003629902 -0.03788135
0.003631502 -0.03717549
0.003633102 -0.0369402
0.003634702 -0.0369402
0.003636302 -0.0369402
0.003637902 -0.03670492
0.003639502 -0.03646963
0.003641102 -0.03646963
0.003642702 -0.03646963
0.003644302 -0.0369402
0.003645902 -0.03623434
0.003647502 -0.03576376
0.003649102 -0.03646963
0.003650702 -0.03599905
0.003652302 -0.03599905
0.003653902 -0.03646963
0.003655502 -0.03670492
0.003657102 -0.0369402
0.003658702 -0.03670492
0.003660302 -0.03741078
0.003661902 -0.03741078
0.003663502 -0.03741078
0.003665102 -0.03717549
0.003666702 -0.03788135
0.003668302 -0.03788135
0.003669902 -0.03764607
0.003671502 -0.03741078
0.003673102 -0.03858722
0.003674702 -0.03764607
0.003676302 -0.03764607
0.003677902 -0.03764607
0.003679502 -0.03835193
0.003681102 -0.03835193
0.003682702 -0.03811664
0.003684302 -0.03835193
0.003685902 -0.03788135
0.003687502 -0.03741078
0.003689102 -0.03764607
0.003690702 -0.03788135
0.003692302 -0.03764607
0.003693902 -0.03788135
0.003695502 -0.03764607
0.003697102 -0.03717549
0.003698702 -0.03670492
0.003700302 -0.03646963
0.003701902 -0.03623434
0.003703502 -0.03599905
0.003705102 -0.03599905
0.003706702 -0.0350579
0.003708302 -0.03482261
0.003709902 -0.03435204
0.003711502 -0.03411675
0.003713102 -0.03435204
0.003714702 -0.03364617
0.003716302 -0.03341088
0.003717902 -0.03341088
0.003719502 -0.03294031
0.003721102 -0.03270502
0.003722702 -0.03199916
0.003724302 -0.03199916
0.003725902 -0.03129329
0.003727502 -0.03129329
0.003729102 -0.03035214
0.003730702 -0.03058743
0.003732302 -0.02988157
0.003733902 -0.03011685
0.003735502 -0.02964628
0.003737102 -0.02988157
0.003738702 -0.02964628
0.003740302 -0.02964628
0.003741902 -0.0291757
0.003743502 -0.02964628
0.003745102 -0.02988157
0.003746702 -0.02988157
0.003748302 -0.02964628
0.003749902 -0.02988157
0.003751502 -0.0291757
0.003753102 -0.0291757
0.003754702 -0.02988157
0.003756302 -0.03011685
0.003757902 -0.0291757
0.003759502 -0.03011685
0.003761102 -0.02964628
0.003762702 -0.02964628
0.003764302 -0.02988157
0.003765902 -0.02988157
0.003767502 -0.02964628
0.003769102 -0.02988157
0.003770702 -0.02988157
0.003772302 -0.02941099
0.003773902 -0.02941099
0.003775502 -0.0291757
0.003777102 -0.02894041
0.003778702 -0.0291757
0.003780302 -0.02894041
0.003781902 -0.02870513
0.003783502 -0.02870513
0.003785102 -0.02799926
0.003786702 -0.02870513
0.003788302 -0.02823455
0.003789902 -0.02799926
0.003791502 -0.02705811
0.003793102 -0.02705811
0.003794702 -0.02705811
0.003796302 -0.02658753
0.003797902 -0.02611696
0.003799502 -0.02517581
0.003801102 -0.02494052
0.003802702 -0.02470523
0.003804302 -0.02376408
0.003805902 -0.02352879
0.003807502 -0.02305822
0.003809102 -0.02211706
0.003810702 -0.02235235
0.003812302 -0.02117591
0.003813902 -0.02164649
0.003815502 -0.02094062
0.003817102 -0.02070534
0.003818702 -0.02047005
0.003820302 -0.02023476
0.003821902 -0.0195289
0.003823502 -0.02023476
0.003825102 -0.01976419
0.003826702 -0.01976419
0.003828302 -0.01929361
0.003829902 -0.01929361
0.003831502 -0.01929361
0.003833102 -0.01929361
0.003834702 -0.01929361
0.003836302 -0.01905832
0.003837902 -0.01929361
0.003839502 -0.01976419
0.003841102 -0.01929361
0.003842702 -0.01999947
0.003844302 -0.0195289
0.003845902 -0.01976419
0.003847502 -0.01905832
0.003849102 -0.01976419
0.003850702 -0.01976419
0.003852302 -0.01999947
0.003853902 -0.0195289
0.003855502 -0.01976419
0.003857102 -0.01929361
0.003858702 -0.0195289
0.003860302 -0.01905832
0.003861902 -0.01882303
0.003863502 -0.01858775
0.003865102 -0.01882303
0.003866702 -0.01811717
0.003868302 -0.01835246
0.003869902 -0.01811717
0.003871502 -0.01811717
0.003873102 -0.01741131
0.003874702 -0.01741131
0.003876302 -0.01741131
0.003877902 -0.01788188
0.003879502 -0.01788188
0.003881102 -0.01788188
0.003882702 -0.01741131
0.003884302 -0.01835246
0.003885902 -0.01741131
0.003887502 -0.01788188
0.003889102 -0.01764659
0.003890702 -0.01741131
0.003892302 -0.01741131
0.003893902 -0.01764659
0.003895502 -0.01694073
0.003897102 -0.01670544
0.003898702 -0.01599958
0.003900302 -0.01623487
0.003901902 -0.01599958
0.003903502 -0.01599958
0.003905102 -0.01529371
0.003906702 -0.01482314
0.003908302 -0.01458785
0.003909902 -0.01482314
0.003911502 -0.01435256
0.003913102 -0.01411728
0.003914702 -0.01411728
0.003916302 -0.01388199
0.003917902 -0.01317612
0.003919502 -0.0136467
0.003921102 -0.01317612
0.003922702 -0.01317612
0.003924302 -0.01317612
0.003925902 -0.01247026
0.003927502 -0.01247026
0.003929102 -0.01223497
0.003930702 -0.01152911
0.003932302 -0.0117644
0.003933902 -0.0117644
0.003935502 -0.01129382
0.003937102 -0.01105853
0.003938702 -0.01129382
0.003940302 -0.01058796
0.003941902 -0.009882093
0.003943502 -0.01035267
0.003945102 -0.01011738
0.003946702 -0.01035267
0.003948302 -0.009411517
0.003949902 -0.009411517
0.003951502 -0.007764501
0.003953102 -0.008705653
0.003954702 -0.008470365
0.003956302 -0.007999789
0.003957902 -0.00682335
0.003959502 -0.007293925
0.003961102 -0.006352774
0.003962702 -0.006588062
0.003964302 -0.00564691
0.003965902 -0.005882198
0.003967502 -0.005411622
0.003969102 -0.005882198
0.003970702 -0.005411622
0.003972302 -0.00564691
0.003973902 -0.004941046
0.003975502 -0.005176334
0.003977102 -0.004941046
0.003978702 -0.004705758
0.003980302 -0.004235183
0.003981902 -0.004705758
0.003983502 -0.003999895
0.003985102 -0.003764607
0.003986702 -0.003294031
0.003988302 -0.003058743
0.003989902 -0.002588167
0.003991502 -0.002352879
0.003993102 -0.001882303
0.003994702 -0.001882303
0.003996302 -0.001647015
0.003997902 -0.0004705758
0.003999502 0.0002352879
0.004001102 0.0009411517
0.004002702 0.0009411517
0.004004302 0.001882303
0.004005902 0.002588167
0.004007502 0.002823455
0.004009102 0.003294031
0.004010702 0.003764607
0.004012302 0.003999895
0.004013902 0.00447047
0.004015502 0.004235183
0.004017102 0.004941046
0.004018702 0.005411622
0.004020302 0.005176334
0.004021902 0.005411622
0.004023502 0.00564691
0.004025102 0.005411622
0.004026702 0.006352774
0.004028302 0.005882198
0.004029902 0.006352774
0.004031502 0.005882198
0.004033102 0.006117486
0.004034702 0.006117486
0.004036302 0.006588062
0.004037902 0.006588062
0.004039502 0.006117486
0.004041102 0.006117486
0.004042702 0.00682335
0.004044302 0.006117486
0.004045902 0.006352774
0.004047502 0.006352774
0.004049102 0.007293925
0.004050702 0.00682335
0.004052302 0.007058638
0.004053902 0.00682335
0.004055502 0.007999789
0.004057102 0.007999789
0.004058702 0.008940941
0.004060302 0.008705653
0.004061902 0.009411517
0.004063502 0.009646805
0.004065102 0.009411517
0.004066702 0.01035267
0.004068302 0.01035267
0.004069902 0.01082324
0.004071502 0.01152911
0.004073102 0.0117644
0.004074702 0.01223497
0.004076302 0.01270555
0.004077902 0.01294084
0.004079502 0.01341141
0.004081102 0.01388199
0.004082702 0.01411728
0.004084302 0.01435256
0.004085902 0.01482314
0.004087502 0.01435256
0.004089102 0.01505843
0.004090702 0.01482314
0.004092302 0.01576429
0.004093902 0.01576429
0.004095502 0.01576429
0.004097102 0.01576429
0.004098702 0.01670544
0.004100302 0.01599958
0.004101902 0.01623487
0.004103502 0.01623487
0.004105102 0.01670544
0.004106702 0.01694073
0.004108302 0.01717602
0.004109902 0.01717602
0.004111502 0.01741131
0.004113102 0.01741131
0.004114702 0.01788188
0.004116302 0.01835246
0.004117902 0.01858775
0.004119502 0.01835246
0.004121102 0.01858775
0.004122702 0.01929361
0.004124302 0.01929361
0.004125902 0.01976419
0.004127502 0.0195289
0.004129102 0.02070534
0.004130702 0.02047005
0.004132302 0.02047005
0.004133902 0.02094062
0.004135502 0.02094062
0.004137102 0.02094062
0.004138702 0.0214112
0.004140302 0.02117591
0.004141902 0.0214112
0.004143502 0.0214112
0.004145102 0.02188178
0.004146702 0.02188178
0.004148302 0.02211706
0.004149902 0.02282293
0.004151502 0.02305822
0.004153102 0.02282293
0.004154702 0.02376408
0.004156302 0.02352879
0.004157902 0.02470523
0.004159502 0.02423466
0.004161102 0.02517581
0.004162702 0.02517581
0.004164302 0.02682282
0.004165902 0.02705811
0.004167502 0.02776397
0.004169102 0.02846984
0.004170702 0.02846984
0.004172302 0.02964628
0.004173902 0.03011685
0.004175502 0.02988157
0.004177102 0.03058743
0.004178702 0.03152858
0.004180302 0.03176387
0.004181902 0.03176387
0.004183502 0.03246973
0.004185102 0.03270502
0.004186702 0.03364617
0.004188302 0.03364617
0.004189902 0.03388146
0.004191502 0.03435204
0.004193102 0.0350579
0.004194702 0.03458732
0.004196302 0.03552848
0.004197902 0.03552848
0.004199502 0.03576376
0.004201102 0.03670492
