LECROYWS4024HD 19320 Waveform
Segments 1 SegmentSize 3127
Segment TrigTime TimeSinceSegment1
#1 15-May-2024 15:16:57 0                 
Time Ampl
-0.0008010158 -0.0009411517
-0.0007994158 -0.00117644
-0.0007978158 -0.0009411517
-0.0007962158 -0.0007058638
-0.0007946158 -0.001411728
-0.0007930158 -0.0009411517
-0.0007914158 -0.00117644
-0.0007898158 -0.001411728
-0.0007882158 -0.0009411517
-0.0007866158 -0.0004705758
-0.0007850158 -0.00117644
-0.0007834158 -0.0002352879
-0.0007818158 -0.001411728
-0.0007802158 -0.00117644
-0.0007786158 -0.00117644
-0.0007770158 -0.001647015
-0.0007754158 -0.0007058638
-0.0007738158 -0.0009411517
-0.0007722158 -0.0009411517
-0.0007706158 -0.00117644
-0.0007690158 -0.0009411517
-0.0007674158 -0.00117644
-0.0007658158 -0.0009411517
-0.0007642158 -0.0009411517
-0.0007626158 -0.0009411517
-0.0007610158 -0.00117644
-0.0007594158 -0.0009411517
-0.0007578158 -0.0009411517
-0.0007562158 -0.0009411517
-0.0007546158 -0.001411728
-0.0007530158 -0.001647015
-0.0007514158 -0.00117644
-0.0007498158 -0.00117644
-0.0007482158 -0.00117644
-0.0007466158 -0.0009411517
-0.0007450158 -0.0009411517
-0.0007434158 -0.00117644
-0.0007418158 -0.0004705758
-0.0007402158 -0.0009411517
-0.0007386158 -0.00117644
-0.0007370158 -0.0009411517
-0.0007354158 -0.0009411517
-0.0007338158 -0.00117644
-0.0007322158 -0.0007058638
-0.0007306158 -0.00117644
-0.0007290158 -0.0009411517
-0.0007274158 -0.001647015
-0.0007258158 -0.0007058638
-0.0007242158 -0.00117644
-0.0007226158 -0.0009411517
-0.0007210158 -0.001647015
-0.0007194158 -0.00117644
-0.0007178158 -0.0009411517
-0.0007162158 -0.0009411517
-0.0007146158 -0.00117644
-0.0007130158 -0.0009411517
-0.0007114158 -0.0009411517
-0.0007098158 -0.0007058638
-0.0007082158 -0.0007058638
-0.0007066158 -0.00117644
-0.0007050158 -0.0009411517
-0.0007034158 -0.001411728
-0.0007018158 -0.0007058638
-0.0007002158 -0.00117644
-0.0006986158 -0.0007058638
-0.0006970158 -0.0007058638
-0.0006954158 -0.0004705758
-0.0006938158 -0.0009411517
-0.0006922158 -0.0007058638
-0.0006906158 -0.0007058638
-0.0006890158 -0.00117644
-0.0006874158 -0.001411728
-0.0006858158 -0.0009411517
-0.0006842158 -0.0009411517
-0.0006826158 -0.00117644
-0.0006810158 -0.00117644
-0.0006794158 -0.00117644
-0.0006778158 -0.00117644
-0.0006762158 -0.0007058638
-0.0006746158 -0.001411728
-0.0006730158 -0.00117644
-0.0006714158 -0.001647015
-0.0006698158 -0.00117644
-0.0006682158 -0.0009411517
-0.0006666158 -0.001411728
-0.0006650158 -0.00117644
-0.0006634158 -0.0009411517
-0.0006618158 -0.0009411517
-0.0006602158 -0.0009411517
-0.0006586158 -0.00117644
-0.0006570158 -0.0009411517
-0.0006554158 -0.001411728
-0.0006538158 -0.001411728
-0.0006522158 -0.00117644
-0.0006506158 -0.00117644
-0.0006490158 -0.0007058638
-0.0006474158 -0.0009411517
-0.0006458158 -0.00117644
-0.0006442158 -0.0009411517
-0.0006426158 -0.0007058638
-0.0006410158 -0.00117644
-0.0006394158 -0.001411728
-0.0006378158 -0.00117644
-0.0006362158 -0.0009411517
-0.0006346158 -0.00117644
-0.0006330158 -0.0009411517
-0.0006314158 -0.0009411517
-0.0006298158 -0.00117644
-0.0006282158 -0.001411728
-0.0006266158 -0.0009411517
-0.0006250158 -0.0007058638
-0.0006234158 -0.00117644
-0.0006218158 -0.001411728
-0.0006202158 -0.0009411517
-0.0006186158 -0.0007058638
-0.0006170158 -0.00117644
-0.0006154158 -0.001411728
-0.0006138158 -0.0007058638
-0.0006122158 -0.00117644
-0.0006106158 -0.0009411517
-0.0006090158 -0.00117644
-0.0006074158 -0.0009411517
-0.0006058158 -0.00117644
-0.0006042158 -0.0007058638
-0.0006026158 -0.00117644
-0.0006010158 -0.0009411517
-0.0005994158 -0.001411728
-0.0005978158 -0.001411728
-0.0005962158 -0.0009411517
-0.0005946158 -0.00117644
-0.0005930158 -0.00117644
-0.0005914158 -0.00117644
-0.0005898158 -0.0009411517
-0.0005882158 -0.0007058638
-0.0005866158 -0.0009411517
-0.0005850158 -0.0007058638
-0.0005834158 -0.001647015
-0.0005818158 -0.001411728
-0.0005802158 -0.00117644
-0.0005786158 -0.001411728
-0.0005770158 -0.001411728
-0.0005754158 -0.00117644
-0.0005738158 -0.00117644
-0.0005722158 -0.00117644
-0.0005706158 -0.0009411517
-0.0005690158 -0.001647015
-0.0005674158 -0.001411728
-0.0005658158 -0.001411728
-0.0005642158 -0.0009411517
-0.0005626158 -0.0007058638
-0.0005610158 -0.0009411517
-0.0005594158 -0.0007058638
-0.0005578158 -0.001411728
-0.0005562158 -0.00117644
-0.0005546158 -0.001411728
-0.0005530158 -0.0009411517
-0.0005514158 -0.00117644
-0.0005498158 -0.00117644
-0.0005482158 -0.00117644
-0.0005466158 -0.00117644
-0.0005450158 -0.0007058638
-0.0005434158 -0.001411728
-0.0005418158 -0.001411728
-0.0005402158 -0.0009411517
-0.0005386158 -0.0009411517
-0.0005370158 -0.0009411517
-0.0005354158 -0.00117644
-0.0005338158 -0.001411728
-0.0005322158 -0.001647015
-0.0005306158 -0.00117644
-0.0005290158 -0.00117644
-0.0005274158 -0.00117644
-0.0005258158 -0.00117644
-0.0005242158 -0.00117644
-0.0005226158 -0.0009411517
-0.0005210158 -0.001411728
-0.0005194158 -0.00117644
-0.0005178158 -0.00117644
-0.0005162158 -0.0007058638
-0.0005146158 -0.00117644
-0.0005130158 -0.001411728
-0.0005114158 -0.00117644
-0.0005098158 -0.00117644
-0.0005082158 -0.001411728
-0.0005066158 -0.0009411517
-0.0005050158 -0.00117644
-0.0005034158 -0.0009411517
-0.0005018158 -0.00117644
-0.0005002158 -0.00117644
-0.0004986158 -0.001411728
-0.0004970158 -0.00117644
-0.0004954158 -0.001411728
-0.0004938158 -0.00117644
-0.0004922158 -0.00117644
-0.0004906158 -0.001411728
-0.0004890158 -0.001411728
-0.0004874158 -0.0009411517
-0.0004858158 -0.0007058638
-0.0004842158 -0.00117644
-0.0004826158 -0.0009411517
-0.0004810158 -0.001411728
-0.0004794158 -0.0009411517
-0.0004778158 -0.001411728
-0.0004762158 -0.001411728
-0.0004746158 -0.0009411517
-0.0004730158 -0.001647015
-0.0004714158 -0.0007058638
-0.0004698158 -0.001411728
-0.0004682158 -0.00117644
-0.0004666158 -0.0009411517
-0.0004650158 -0.00117644
-0.0004634158 -0.0009411517
-0.0004618158 -0.001411728
-0.0004602158 -0.0009411517
-0.0004586158 -0.001411728
-0.0004570158 -0.001411728
-0.0004554158 -0.0009411517
-0.0004538158 -0.00117644
-0.0004522158 -0.001411728
-0.0004506158 -0.0007058638
-0.0004490158 -0.00117644
-0.0004474158 -0.0009411517
-0.0004458158 -0.0009411517
-0.0004442158 -0.001411728
-0.0004426158 -0.00117644
-0.0004410158 -0.0009411517
-0.0004394158 -0.00117644
-0.0004378158 -0.00117644
-0.0004362158 -0.00117644
-0.0004346158 -0.0009411517
-0.0004330158 -0.0009411517
-0.0004314158 -0.00117644
-0.0004298158 -0.00117644
-0.0004282158 -0.00117644
-0.0004266158 -0.0007058638
-0.0004250158 -0.00117644
-0.0004234158 -0.00117644
-0.0004218158 -0.00117644
-0.0004202158 -0.0009411517
-0.0004186158 -0.00117644
-0.0004170158 -0.00117644
-0.0004154158 -0.0009411517
-0.0004138158 -0.0009411517
-0.0004122158 -0.0009411517
-0.0004106158 -0.0009411517
-0.0004090158 -0.001411728
-0.0004074158 -0.0009411517
-0.0004058158 -0.001647015
-0.0004042158 -0.001647015
-0.0004026158 -0.0009411517
-0.0004010158 -0.00117644
-0.0003994158 -0.00117644
-0.0003978158 -0.0009411517
-0.0003962158 -0.0007058638
-0.0003946158 -0.0007058638
-0.0003930158 -0.0009411517
-0.0003914158 -0.0004705758
-0.0003898158 -0.0004705758
-0.0003882158 -0.00117644
-0.0003866158 -0.00117644
-0.0003850158 -0.0009411517
-0.0003834158 -0.0007058638
-0.0003818158 -0.001411728
-0.0003802158 -0.0009411517
-0.0003786158 -0.00117644
-0.0003770158 -0.0009411517
-0.0003754158 -0.0007058638
-0.0003738158 -0.001411728
-0.0003722158 -0.0009411517
-0.0003706158 -0.0009411517
-0.0003690158 -0.00117644
-0.0003674158 -0.0009411517
-0.0003658158 -0.0009411517
-0.0003642158 -0.00117644
-0.0003626158 -0.0009411517
-0.0003610158 -0.0007058638
-0.0003594158 -0.001411728
-0.0003578158 -0.0009411517
-0.0003562158 -0.001411728
-0.0003546158 -0.001647015
-0.0003530158 -0.001411728
-0.0003514158 -0.0004705758
-0.0003498158 -0.0007058638
-0.0003482158 -0.0007058638
-0.0003466158 -0.0009411517
-0.0003450158 -0.001411728
-0.0003434158 -0.00117644
-0.0003418158 -0.0007058638
-0.0003402158 -0.001411728
-0.0003386158 -0.00117644
-0.0003370158 -0.0007058638
-0.0003354158 -0.0009411517
-0.0003338158 -0.00117644
-0.0003322158 -0.0007058638
-0.0003306158 -0.001647015
-0.0003290158 -0.001411728
-0.0003274158 -0.0007058638
-0.0003258158 -0.0002352879
-0.0003242158 -0.001411728
-0.0003226158 -0.00117644
-0.0003210158 -0.00117644
-0.0003194158 -0.0009411517
-0.0003178158 -0.0009411517
-0.0003162158 -0.0009411517
-0.0003146158 -0.00117644
-0.0003130158 -0.0007058638
-0.0003114158 -0.00117644
-0.0003098158 -0.0009411517
-0.0003082158 -0.00117644
-0.0003066158 -0.001411728
-0.0003050158 -0.00117644
-0.0003034158 -0.00117644
-0.0003018158 -0.0009411517
-0.0003002158 -0.0009411517
-0.0002986158 -0.0009411517
-0.0002970158 -0.00117644
-0.0002954158 -0.001411728
-0.0002938158 -0.00117644
-0.0002922158 -0.0009411517
-0.0002906158 -0.0004705758
-0.0002890158 -0.0007058638
-0.0002874158 -0.001411728
-0.0002858158 -0.0007058638
-0.0002842158 -0.0009411517
-0.0002826158 -0.001411728
-0.0002810158 -0.0007058638
-0.0002794158 -0.0009411517
-0.0002778158 -0.00117644
-0.0002762158 -0.001411728
-0.0002746158 -0.0009411517
-0.0002730158 -0.00117644
-0.0002714158 -0.0009411517
-0.0002698158 -0.0009411517
-0.0002682158 -0.0009411517
-0.0002666158 -0.00117644
-0.0002650158 -0.0004705758
-0.0002634158 -0.0009411517
-0.0002618158 -0.001647015
-0.0002602158 -0.001647015
-0.0002586158 -0.0009411517
-0.0002570158 -0.001411728
-0.0002554158 -0.001647015
-0.0002538158 -0.0009411517
-0.0002522158 -0.0007058638
-0.0002506158 -0.0009411517
-0.0002490158 -0.0009411517
-0.0002474158 -0.0007058638
-0.0002458158 -0.00117644
-0.0002442158 -0.00117644
-0.0002426158 -0.0009411517
-0.0002410158 -0.00117644
-0.0002394158 -0.0009411517
-0.0002378158 -0.0007058638
-0.0002362158 -0.0009411517
-0.0002346158 -0.00117644
-0.0002330158 -0.0004705758
-0.0002314158 -0.0009411517
-0.0002298158 -0.0007058638
-0.0002282158 -0.0009411517
-0.0002266158 -0.0009411517
-0.0002250158 -0.00117644
-0.0002234158 -0.001411728
-0.0002218158 -0.0009411517
-0.0002202158 -0.0004705758
-0.0002186158 -0.0004705758
-0.0002170158 -0.0007058638
-0.0002154158 -0.00117644
-0.0002138158 -0.0009411517
-0.0002122158 -0.00117644
-0.0002106158 -0.0009411517
-0.0002090158 -0.00117644
-0.0002074158 -0.00117644
-0.0002058158 -0.00117644
-0.0002042158 -0.0009411517
-0.0002026158 -0.0009411517
-0.0002010158 -0.00117644
-0.0001994158 -0.00117644
-0.0001978158 -0.0009411517
-0.0001962158 -0.0009411517
-0.0001946158 -0.0007058638
-0.0001930158 -0.0009411517
-0.0001914158 -0.001411728
-0.0001898158 -0.0009411517
-0.0001882158 -0.0009411517
-0.0001866158 -0.0009411517
-0.0001850158 -0.00117644
-0.0001834158 -0.001411728
-0.0001818158 -0.0007058638
-0.0001802158 -0.0007058638
-0.0001786158 -0.0009411517
-0.0001770158 -0.0009411517
-0.0001754158 -0.001411728
-0.0001738158 -0.0009411517
-0.0001722158 -0.0009411517
-0.0001706158 -0.001411728
-0.0001690158 -0.001647015
-0.0001674158 -0.001647015
-0.0001658158 -0.00117644
-0.0001642158 -0.00117644
-0.0001626158 -0.00117644
-0.0001610158 -0.0007058638
-0.0001594158 -0.0007058638
-0.0001578158 -0.00117644
-0.0001562158 -0.0009411517
-0.0001546158 -0.00117644
-0.0001530158 -0.0009411517
-0.0001514158 -0.0009411517
-0.0001498158 -0.001647015
-0.0001482158 -0.0007058638
-0.0001466158 -0.001411728
-0.0001450158 -0.0009411517
-0.0001434158 -0.0007058638
-0.0001418158 -0.0009411517
-0.0001402158 -0.0009411517
-0.0001386158 -0.00117644
-0.0001370158 -0.001411728
-0.0001354158 -0.00117644
-0.0001338158 -0.0009411517
-0.0001322158 -0.0009411517
-0.0001306158 -0.00117644
-0.0001290158 -0.00117644
-0.0001274158 -0.001411728
-0.0001258158 -0.00117644
-0.0001242158 -0.0009411517
-0.0001226158 -0.00117644
-0.0001210158 -0.001411728
-0.0001194158 -0.00117644
-0.0001178158 -0.0009411517
-0.0001162158 -0.0009411517
-0.0001146158 -0.0009411517
-0.0001130158 -0.00117644
-0.0001114158 -0.00117644
-0.0001098158 -0.00117644
-0.0001082158 -0.0007058638
-0.0001066158 -0.00117644
-0.0001050158 -0.0009411517
-0.0001034158 -0.001411728
-0.0001018158 -0.00117644
-0.0001002158 -0.001411728
-9.86158e-005 -0.0009411517
-9.70158e-005 -0.001411728
-9.54158e-005 -0.0009411517
-9.38158e-005 -0.0007058638
-9.22158e-005 -0.001411728
-9.06158e-005 -0.001411728
-8.90158e-005 -0.0007058638
-8.74158e-005 -0.0009411517
-8.58158e-005 -0.0002352879
-8.42158e-005 -0.0002352879
-8.26158e-005 0.001647015
-8.10158e-005 0.00447047
-7.94158e-005 0.0117644
-7.78158e-005 0.01152911
-7.62158e-005 0.01529371
-7.46158e-005 0.006352774
-7.30158e-005 -0.002117591
-7.14158e-005 -0.015529
-6.98158e-005 -0.02446994
-6.82158e-005 -0.008470365
-6.66158e-005 -0.005882198
-6.50158e-005 -0.01341141
-6.34158e-005 -0.0254111
-6.18158e-005 -0.05199863
-6.02158e-005 -0.06517475
-5.86158e-005 -0.08352721
-5.70158e-005 -0.1002327
-5.54158e-005 -0.1056443
-5.38158e-005 -0.1247026
-5.22158e-005 -0.1251732
-5.06158e-005 -0.1178792
-4.90158e-005 -0.1108206
-4.74158e-005 -0.1042325
-4.58158e-005 -0.09646805
-4.42158e-005 -0.09529161
-4.26158e-005 -0.09717391
-4.10158e-005 -0.09717391
-3.94158e-005 -0.09270344
-3.78158e-005 -0.08258606
-3.62158e-005 -0.07176281
-3.46158e-005 -0.06517475
-3.30158e-005 -0.05741025
-3.14158e-005 -0.05270449
-2.98158e-005 -0.0447047
-2.82158e-005 -0.03858722
-2.66158e-005 -0.0331756
-2.50158e-005 -0.02517581
-2.34158e-005 -0.02376408
-2.18158e-005 -0.0214112
-2.02158e-005 -0.02117591
-1.86158e-005 -0.01623487
-1.70158e-005 -0.01317612
-1.54158e-005 -0.01435256
-1.38158e-005 -0.01623487
-1.22158e-005 -0.01670544
-1.06158e-005 -0.01882303
-9.0158e-006 -0.01835246
-7.4158e-006 -0.01694073
-5.8158e-006 -0.01199968
-4.2158e-006 -0.01082324
-2.6158e-006 -0.009646805
-1.0158e-006 -0.009176229
5.842e-007 -0.002117591
2.1842e-006 0.003294031
3.7842e-006 0.009882093
5.3842e-006 0.01223497
6.9842e-006 0.008940941
8.5842e-006 0.003294031
1.01842e-005 -0.00447047
1.17842e-005 -0.01294084
1.33842e-005 -0.02188178
1.49842e-005 -0.03152858
1.65842e-005 -0.04258711
1.81842e-005 -0.05482208
1.97842e-005 -0.06305716
2.13842e-005 -0.07223339
2.29842e-005 -0.07882145
2.45842e-005 -0.08470365
2.61842e-005 -0.08517423
2.77842e-005 -0.0837625
2.93842e-005 -0.08305663
3.09842e-005 -0.07905674
3.25842e-005 -0.07670386
3.41842e-005 -0.07435098
3.57842e-005 -0.07270397
3.73842e-005 -0.0701158
3.89842e-005 -0.06870407
4.05842e-005 -0.06799821
4.21842e-005 -0.06635119
4.37842e-005 -0.06470418
4.53842e-005 -0.06682177
4.69842e-005 -0.06940994
4.85842e-005 -0.07035109
5.01842e-005 -0.07388041
5.17842e-005 -0.07670386
5.33842e-005 -0.07717444
5.49842e-005 -0.08117433
5.65842e-005 -0.08235077
5.81842e-005 -0.0837625
5.97842e-005 -0.08470365
6.13842e-005 -0.08588009
6.29842e-005 -0.08658595
6.45842e-005 -0.08705653
6.61842e-005 -0.08917412
6.77842e-005 -0.09105642
6.93842e-005 -0.09529161
7.09842e-005 -0.0992915
7.25842e-005 -0.1011738
7.41842e-005 -0.102115
7.57842e-005 -0.09976208
7.73842e-005 -0.09976208
7.89842e-005 -0.1018797
8.05842e-005 -0.1028208
8.21842e-005 -0.1032914
8.37842e-005 -0.1009385
8.53842e-005 -0.09717391
8.69842e-005 -0.09293873
8.85842e-005 -0.08799768
9.01842e-005 -0.08470365
9.17842e-005 -0.07740972
9.33842e-005 -0.06588062
9.49842e-005 -0.0545868
9.65842e-005 -0.04352826
9.81842e-005 -0.03670492
9.97842e-005 -0.03364617
0.0001013842 -0.03011685
0.0001029842 -0.02846984
0.0001045842 -0.02894041
0.0001061842 -0.03270502
0.0001077842 -0.03858722
0.0001093842 -0.04493999
0.0001109842 -0.04917517
0.0001125842 -0.05129277
0.0001141842 -0.05129277
0.0001157842 -0.05199863
0.0001173842 -0.05364565
0.0001189842 -0.05364565
0.0001205842 -0.05199863
0.0001221842 -0.04752816
0.0001237842 -0.04329298
0.0001253842 -0.03670492
0.0001269842 -0.03341088
0.0001285842 -0.03082272
0.0001301842 -0.02988157
0.0001317842 -0.02823455
0.0001333842 -0.02635225
0.0001349842 -0.02611696
0.0001365842 -0.0272934
0.0001381842 -0.02870513
0.0001397842 -0.03270502
0.0001413842 -0.03411675
0.0001429842 -0.03458732
0.0001445842 -0.03552848
0.0001461842 -0.0369402
0.0001477842 -0.03929308
0.0001493842 -0.04046952
0.0001509842 -0.04046952
0.0001525842 -0.03858722
0.0001541842 -0.03599905
0.0001557842 -0.03341088
0.0001573842 -0.03011685
0.0001589842 -0.0272934
0.0001605842 -0.02423466
0.0001621842 -0.02282293
0.0001637842 -0.02399937
0.0001653842 -0.02776397
0.0001669842 -0.03364617
0.0001685842 -0.04235183
0.0001701842 -0.0505869
0.0001717842 -0.05717496
0.0001733842 -0.06188072
0.0001749842 -0.06470418
0.0001765842 -0.06870407
0.0001781842 -0.07058638
0.0001797842 -0.07317454
0.0001813842 -0.07411569
0.0001829842 -0.07482156
0.0001845842 -0.07270397
0.0001861842 -0.07058638
0.0001877842 -0.06799821
0.0001893842 -0.06493947
0.0001909842 -0.06305716
0.0001925842 -0.06282187
0.0001941842 -0.06493947
0.0001957842 -0.06705706
0.0001973842 -0.07082166
0.0001989842 -0.07340983
0.0002005842 -0.07388041
0.0002021842 -0.07388041
0.0002037842 -0.07435098
0.0002053842 -0.07176281
0.0002069842 -0.06893936
0.0002085842 -0.06493947
0.0002101842 -0.06023371
0.0002117842 -0.0564691
0.0002133842 -0.05435151
0.0002149842 -0.05105748
0.0002165842 -0.04776345
0.0002181842 -0.04399884
0.0002197842 -0.04023423
0.0002213842 -0.03858722
0.0002229842 -0.03811664
0.0002245842 -0.03764607
0.0002261842 -0.03858722
0.0002277842 -0.03882251
0.0002293842 -0.03929308
0.0002309842 -0.03835193
0.0002325842 -0.03882251
0.0002341842 -0.03764607
0.0002357842 -0.03670492
0.0002373842 -0.0350579
0.0002389842 -0.03482261
0.0002405842 -0.03599905
0.0002421842 -0.03529319
0.0002437842 -0.03341088
0.0002453842 -0.03152858
0.0002469842 -0.02894041
0.0002485842 -0.02635225
0.0002501842 -0.02423466
0.0002517842 -0.02282293
0.0002533842 -0.02117591
0.0002549842 -0.01905832
0.0002565842 -0.01599958
0.0002581842 -0.01388199
0.0002597842 -0.01199968
0.0002613842 -0.01129382
0.0002629842 -0.01129382
0.0002645842 -0.01317612
0.0002661842 -0.01505843
0.0002677842 -0.01647015
0.0002693842 -0.01717602
0.0002709842 -0.01717602
0.0002725842 -0.01741131
0.0002741842 -0.01717602
0.0002757842 -0.01788188
0.0002773842 -0.0195289
0.0002789842 -0.02117591
0.0002805842 -0.02258764
0.0002821842 -0.02446994
0.0002837842 -0.02611696
0.0002853842 -0.02682282
0.0002869842 -0.02682282
0.0002885842 -0.02588167
0.0002901842 -0.0254111
0.0002917842 -0.02564638
0.0002933842 -0.02776397
0.0002949842 -0.02964628
0.0002965842 -0.03129329
0.0002981842 -0.03082272
0.0002997842 -0.02941099
0.0003013842 -0.02705811
0.0003029842 -0.02588167
0.0003045842 -0.02305822
0.0003061842 -0.02023476
0.0003077842 -0.01788188
0.0003093842 -0.015529
0.0003109842 -0.01482314
0.0003125842 -0.015529
0.0003141842 -0.01647015
0.0003157842 -0.01929361
0.0003173842 -0.02094062
0.0003189842 -0.02423466
0.0003205842 -0.02658753
0.0003221842 -0.02846984
0.0003237842 -0.03058743
0.0003253842 -0.03129329
0.0003269842 -0.03223444
0.0003285842 -0.03364617
0.0003301842 -0.0331756
0.0003317842 -0.03294031
0.0003333842 -0.03105801
0.0003349842 -0.03129329
0.0003365842 -0.03223444
0.0003381842 -0.03341088
0.0003397842 -0.03458732
0.0003413842 -0.03552848
0.0003429842 -0.03646963
0.0003445842 -0.03764607
0.0003461842 -0.03976366
0.0003477842 -0.04211654
0.0003493842 -0.04211654
0.0003509842 -0.04117539
0.0003525842 -0.03858722
0.0003541842 -0.03623434
0.0003557842 -0.03388146
0.0003573842 -0.03223444
0.0003589842 -0.03035214
0.0003605842 -0.02799926
0.0003621842 -0.02564638
0.0003637842 -0.0232935
0.0003653842 -0.02164649
0.0003669842 -0.0195289
0.0003685842 -0.01694073
0.0003701842 -0.01411728
0.0003717842 -0.01199968
0.0003733842 -0.01035267
0.0003749842 -0.009411517
0.0003765842 -0.007999789
0.0003781842 -0.006117486
0.0003797842 -0.00447047
0.0003813842 -0.002352879
0.0003829842 -0.0007058638
0.0003845842 0
0.0003861842 0.0004705758
0.0003877842 0.0007058638
0.0003893842 0.0009411517
0.0003909842 0.001647015
0.0003925842 0.002352879
0.0003941842 0.002823455
0.0003957842 0.003529319
0.0003973842 0.003058743
0.0003989842 0.001647015
0.0004005842 -0.0004705758
0.0004021842 -0.0009411517
0.0004037842 -0.0009411517
0.0004053842 -0.00117644
0.0004069842 -0.0002352879
0.0004085842 -0.0007058638
0.0004101842 0
0.0004117842 0.00117644
0.0004133842 0.002352879
0.0004149842 0.003294031
0.0004165842 0.002823455
0.0004181842 0.0007058638
0.0004197842 -0.002117591
0.0004213842 -0.004235183
0.0004229842 -0.005176334
0.0004245842 -0.00447047
0.0004261842 -0.003764607
0.0004277842 -0.003764607
0.0004293842 -0.003294031
0.0004309842 -0.003058743
0.0004325842 -0.001882303
0.0004341842 0.0002352879
0.0004357842 0.002117591
0.0004373842 0.00447047
0.0004389842 0.004941046
0.0004405842 0.006588062
0.0004421842 0.008235077
0.0004437842 0.009176229
0.0004453842 0.009882093
0.0004469842 0.009646805
0.0004485842 0.008470365
0.0004501842 0.005882198
0.0004517842 0.003999895
0.0004533842 0.0002352879
0.0004549842 -0.002352879
0.0004565842 -0.004235183
0.0004581842 -0.00564691
0.0004597842 -0.007293925
0.0004613842 -0.008705653
0.0004629842 -0.01035267
0.0004645842 -0.01105853
0.0004661842 -0.01247026
0.0004677842 -0.01247026
0.0004693842 -0.01152911
0.0004709842 -0.01011738
0.0004725842 -0.007293925
0.0004741842 -0.003999895
0.0004757842 -0.001411728
0.0004773842 0.001647015
0.0004789842 0.004235183
0.0004805842 0.006117486
0.0004821842 0.007764501
0.0004837842 0.009646805
0.0004853842 0.01082324
0.0004869842 0.01152911
0.0004885842 0.01317612
0.0004901842 0.01505843
0.0004917842 0.01623487
0.0004933842 0.01647015
0.0004949842 0.01670544
0.0004965842 0.01741131
0.0004981842 0.01835246
0.0004997842 0.0195289
0.0005013842 0.02094062
0.0005029842 0.02352879
0.0005045842 0.0254111
0.0005061842 0.02682282
0.0005077842 0.02870513
0.0005093842 0.02988157
0.0005109842 0.03152858
0.0005125842 0.03199916
0.0005141842 0.03246973
0.0005157842 0.03129329
0.0005173842 0.02988157
0.0005189842 0.02894041
0.0005205842 0.02776397
0.0005221842 0.02564638
0.0005237842 0.02352879
0.0005253842 0.02164649
0.0005269842 0.01999947
0.0005285842 0.01882303
0.0005301842 0.01811717
0.0005317842 0.0195289
0.0005333842 0.02023476
0.0005349842 0.02117591
0.0005365842 0.02164649
0.0005381842 0.02258764
0.0005397842 0.02446994
0.0005413842 0.02517581
0.0005429842 0.02658753
0.0005445842 0.02682282
0.0005461842 0.02705811
0.0005477842 0.02776397
0.0005493842 0.02894041
0.0005509842 0.02988157
0.0005525842 0.03105801
0.0005541842 0.03129329
0.0005557842 0.03105801
0.0005573842 0.03058743
0.0005589842 0.03152858
0.0005605842 0.03176387
0.0005621842 0.03246973
0.0005637842 0.03152858
0.0005653842 0.03105801
0.0005669842 0.03011685
0.0005685842 0.02941099
0.0005701842 0.02870513
0.0005717842 0.02870513
0.0005733842 0.02752869
0.0005749842 0.02682282
0.0005765842 0.02564638
0.0005781842 0.02352879
0.0005797842 0.02282293
0.0005813842 0.0214112
0.0005829842 0.02023476
0.0005845842 0.01905832
0.0005861842 0.01764659
0.0005877842 0.01764659
0.0005893842 0.01835246
0.0005909842 0.01976419
0.0005925842 0.02188178
0.0005941842 0.02258764
0.0005957842 0.02399937
0.0005973842 0.02470523
0.0005989842 0.02588167
0.0006005842 0.02776397
0.0006021842 0.02846984
0.0006037842 0.0291757
0.0006053842 0.02988157
0.0006069842 0.03035214
0.0006085842 0.03176387
0.0006101842 0.03270502
0.0006117842 0.03411675
0.0006133842 0.03529319
0.0006149842 0.03576376
0.0006165842 0.03670492
0.0006181842 0.03882251
0.0006197842 0.04141067
0.0006213842 0.04352826
0.0006229842 0.04588114
0.0006245842 0.04752816
0.0006261842 0.0487046
0.0006277842 0.05011633
0.0006293842 0.05105748
0.0006309842 0.05199863
0.0006325842 0.05199863
0.0006341842 0.05152805
0.0006357842 0.05011633
0.0006373842 0.04823402
0.0006389842 0.0468223
0.0006405842 0.04517528
0.0006421842 0.04352826
0.0006437842 0.0409401
0.0006453842 0.03835193
0.0006469842 0.03435204
0.0006485842 0.03223444
0.0006501842 0.03035214
0.0006517842 0.02894041
0.0006533842 0.02776397
0.0006549842 0.02635225
0.0006565842 0.02564638
0.0006581842 0.02658753
0.0006597842 0.02752869
0.0006613842 0.02870513
0.0006629842 0.02964628
0.0006645842 0.03011685
0.0006661842 0.03058743
0.0006677842 0.03105801
0.0006693842 0.03105801
0.0006709842 0.03082272
0.0006725842 0.03058743
0.0006741842 0.02988157
0.0006757842 0.0291757
0.0006773842 0.0291757
0.0006789842 0.0291757
0.0006805842 0.0291757
0.0006821842 0.02988157
0.0006837842 0.02941099
0.0006853842 0.02870513
0.0006869842 0.02894041
0.0006885842 0.03058743
0.0006901842 0.03388146
0.0006917842 0.03788135
0.0006933842 0.0409401
0.0006949842 0.04399884
0.0006965842 0.04823402
0.0006981842 0.05176334
0.0006997842 0.05482208
0.0007013842 0.05741025
0.0007029842 0.05811612
0.0007045842 0.05858669
0.0007061842 0.0583514
0.0007077842 0.05764554
0.0007093842 0.05741025
0.0007109842 0.05693968
0.0007125842 0.05576324
0.0007141842 0.05411622
0.0007157842 0.05317507
0.0007173842 0.05199863
0.0007189842 0.05082219
0.0007205842 0.05082219
0.0007221842 0.04941046
0.0007237842 0.04846931
0.0007253842 0.04799874
0.0007269842 0.04705758
0.0007285842 0.04658701
0.0007301842 0.04611643
0.0007317842 0.04588114
0.0007333842 0.04635172
0.0007349842 0.04635172
0.0007365842 0.04729287
0.0007381842 0.04776345
0.0007397842 0.04893989
0.0007413842 0.0487046
0.0007429842 0.04846931
0.0007445842 0.04799874
0.0007461842 0.04799874
0.0007477842 0.04705758
0.0007493842 0.04729287
0.0007509842 0.04635172
0.0007525842 0.04493999
0.0007541842 0.0428224
0.0007557842 0.04046952
0.0007573842 0.03905779
0.0007589842 0.03788135
0.0007605842 0.03623434
0.0007621842 0.03552848
0.0007637842 0.03411675
0.0007653842 0.03270502
0.0007669842 0.03199916
0.0007685842 0.03152858
0.0007701842 0.03199916
0.0007717842 0.03270502
0.0007733842 0.03294031
0.0007749842 0.0331756
0.0007765842 0.03458732
0.0007781842 0.03599905
0.0007797842 0.03788135
0.0007813842 0.03976366
0.0007829842 0.04235183
0.0007845842 0.04329298
0.0007861842 0.04564586
0.0007877842 0.04729287
0.0007893842 0.04917517
0.0007909842 0.05035161
0.0007925842 0.0505869
0.0007941842 0.05129277
0.0007957842 0.05035161
0.0007973842 0.05035161
0.0007989842 0.04964575
0.0008005842 0.04846931
0.0008021842 0.0487046
0.0008037842 0.04776345
0.0008053842 0.04705758
0.0008069842 0.04705758
0.0008085842 0.04588114
0.0008101842 0.04635172
0.0008117842 0.04658701
0.0008133842 0.04705758
0.0008149842 0.0468223
0.0008165842 0.04705758
0.0008181842 0.04658701
0.0008197842 0.04752816
0.0008213842 0.0468223
0.0008229842 0.04705758
0.0008245842 0.04611643
0.0008261842 0.04588114
0.0008277842 0.04517528
0.0008293842 0.04541057
0.0008309842 0.04493999
0.0008325842 0.0447047
0.0008341842 0.04493999
0.0008357842 0.04423413
0.0008373842 0.04423413
0.0008389842 0.04376355
0.0008405842 0.04399884
0.0008421842 0.0447047
0.0008437842 0.04376355
0.0008453842 0.04376355
0.0008469842 0.04329298
0.0008485842 0.04305769
0.0008501842 0.0428224
0.0008517842 0.04235183
0.0008533842 0.04117539
0.0008549842 0.04023423
0.0008565842 0.03929308
0.0008581842 0.03882251
0.0008597842 0.03882251
0.0008613842 0.03882251
0.0008629842 0.03835193
0.0008645842 0.03882251
0.0008661842 0.03976366
0.0008677842 0.0409401
0.0008693842 0.04188125
0.0008709842 0.0428224
0.0008725842 0.04399884
0.0008741842 0.04423413
0.0008757842 0.0447047
0.0008773842 0.04517528
0.0008789842 0.04493999
0.0008805842 0.04446942
0.0008821842 0.04399884
0.0008837842 0.04376355
0.0008853842 0.04258711
0.0008869842 0.04188125
0.0008885842 0.04117539
0.0008901842 0.04070481
0.0008917842 0.04164596
0.0008933842 0.04117539
0.0008949842 0.04188125
0.0008965842 0.04258711
0.0008981842 0.04376355
0.0008997842 0.0447047
0.0009013842 0.04611643
0.0009029842 0.04799874
0.0009045842 0.04964575
0.0009061842 0.05011633
0.0009077842 0.05035161
0.0009093842 0.05082219
0.0009109842 0.05082219
0.0009125842 0.05129277
0.0009141842 0.05176334
0.0009157842 0.05223392
0.0009173842 0.05199863
0.0009189842 0.05176334
0.0009205842 0.05246921
0.0009221842 0.05246921
0.0009237842 0.05270449
0.0009253842 0.05270449
0.0009269842 0.05246921
0.0009285842 0.05270449
0.0009301842 0.05270449
0.0009317842 0.05223392
0.0009333842 0.05176334
0.0009349842 0.05105748
0.0009365842 0.04964575
0.0009381842 0.04823402
0.0009397842 0.0468223
0.0009413842 0.0447047
0.0009429842 0.0428224
0.0009445842 0.04070481
0.0009461842 0.03858722
0.0009477842 0.03623434
0.0009493842 0.03435204
0.0009509842 0.03246973
0.0009525842 0.03152858
0.0009541842 0.03082272
0.0009557842 0.03058743
0.0009573842 0.03058743
0.0009589842 0.03058743
0.0009605842 0.03199916
0.0009621842 0.03270502
0.0009637842 0.03435204
0.0009653842 0.03552848
0.0009669842 0.03788135
0.0009685842 0.03952837
0.0009701842 0.04164596
0.0009717842 0.04423413
0.0009733842 0.04658701
0.0009749842 0.0487046
0.0009765842 0.05011633
0.0009781842 0.0505869
0.0009797842 0.05129277
0.0009813842 0.05105748
0.0009829842 0.05082219
0.0009845842 0.0505869
0.0009861842 0.05035161
0.0009877842 0.05011633
0.0009893842 0.05011633
0.0009909842 0.04941046
0.0009925842 0.05011633
0.0009941842 0.04941046
0.0009957842 0.04964575
0.0009973842 0.04917517
0.0009989842 0.04964575
0.001000584 0.05011633
0.001002184 0.0505869
0.001003784 0.05082219
0.001005384 0.05199863
0.001006984 0.05246921
0.001008584 0.05270449
0.001010184 0.05364565
0.001011784 0.05364565
0.001013384 0.05411622
0.001014984 0.0545868
0.001016584 0.05552795
0.001018184 0.05505737
0.001019784 0.05482208
0.001021384 0.05552795
0.001022984 0.05505737
0.001024584 0.05505737
0.001026184 0.05552795
0.001027784 0.05576324
0.001029384 0.05529266
0.001030984 0.05505737
0.001032584 0.0545868
0.001034184 0.0545868
0.001035784 0.05388093
0.001037384 0.05411622
0.001038984 0.05388093
0.001040584 0.05435151
0.001042184 0.05388093
0.001043784 0.05364565
0.001045384 0.05317507
0.001046984 0.05246921
0.001048584 0.05105748
0.001050184 0.05035161
0.001051784 0.0487046
0.001053384 0.04658701
0.001054984 0.04517528
0.001056584 0.04399884
0.001058184 0.04258711
0.001059784 0.04211654
0.001061384 0.04070481
0.001062984 0.0409401
0.001064584 0.0409401
0.001066184 0.04141067
0.001067784 0.04211654
0.001069384 0.04329298
0.001070984 0.0447047
0.001072584 0.04588114
0.001074184 0.0468223
0.001075784 0.04799874
0.001077384 0.0487046
0.001078984 0.04941046
0.001080584 0.04917517
0.001082184 0.04988104
0.001083784 0.05011633
0.001085384 0.04964575
0.001086984 0.04941046
0.001088584 0.04941046
0.001090184 0.04964575
0.001091784 0.04941046
0.001093384 0.04893989
0.001094984 0.04893989
0.001096584 0.04917517
0.001098184 0.04964575
0.001099784 0.04988104
0.001101384 0.0505869
0.001102984 0.05129277
0.001104584 0.05176334
0.001106184 0.05223392
0.001107784 0.05246921
0.001109384 0.05317507
0.001110984 0.05388093
0.001112584 0.05341036
0.001114184 0.05388093
0.001115784 0.05411622
0.001117384 0.05364565
0.001118984 0.05411622
0.001120584 0.05388093
0.001122184 0.05317507
0.001123784 0.05317507
0.001125384 0.05317507
0.001126984 0.05317507
0.001128584 0.05317507
0.001130184 0.05341036
0.001131784 0.05341036
0.001133384 0.05270449
0.001134984 0.05341036
0.001136584 0.05364565
0.001138184 0.05482208
0.001139784 0.05505737
0.001141384 0.0564691
0.001142984 0.05693968
0.001144584 0.05764554
0.001146184 0.05882198
0.001147784 0.05999842
0.001149384 0.06093957
0.001150984 0.06188072
0.001152584 0.06188072
0.001154184 0.06329245
0.001155784 0.06282187
0.001157384 0.06305716
0.001158984 0.06305716
0.001160584 0.06282187
0.001162184 0.06258659
0.001163784 0.0623513
0.001165384 0.06164543
0.001166984 0.06070428
0.001168584 0.06046899
0.001170184 0.05999842
0.001171784 0.05858669
0.001173384 0.05693968
0.001174984 0.05576324
0.001176584 0.05482208
0.001178184 0.05364565
0.001179784 0.05246921
0.001181384 0.05199863
0.001182984 0.05082219
0.001184584 0.04964575
0.001186184 0.04846931
0.001187784 0.04846931
0.001189384 0.04752816
0.001190984 0.04635172
0.001192584 0.04541057
0.001194184 0.04517528
0.001195784 0.04493999
0.001197384 0.04493999
0.001198984 0.04517528
0.001200584 0.0447047
0.001202184 0.04517528
0.001203784 0.04493999
0.001205384 0.04399884
0.001206984 0.04446942
0.001208584 0.04446942
0.001210184 0.04399884
0.001211784 0.04376355
0.001213384 0.04352826
0.001214984 0.04352826
0.001216584 0.04235183
0.001218184 0.04305769
0.001219784 0.04235183
0.001221384 0.04211654
0.001222984 0.04188125
0.001224584 0.04164596
0.001226184 0.04141067
0.001227784 0.04258711
0.001229384 0.04329298
0.001230984 0.04329298
0.001232584 0.04399884
0.001234184 0.04446942
0.001235784 0.04493999
0.001237384 0.04588114
0.001238984 0.04635172
0.001240584 0.04705758
0.001242184 0.04776345
0.001243784 0.04823402
0.001245384 0.04846931
0.001246984 0.04846931
0.001248584 0.04846931
0.001250184 0.04893989
0.001251784 0.04846931
0.001253384 0.04752816
0.001254984 0.0468223
0.001256584 0.04635172
0.001258184 0.04588114
0.001259784 0.04541057
0.001261384 0.04493999
0.001262984 0.04423413
0.001264584 0.04446942
0.001266184 0.04446942
0.001267784 0.04423413
0.001269384 0.04423413
0.001270984 0.0447047
0.001272584 0.04399884
0.001274184 0.04352826
0.001275784 0.0428224
0.001277384 0.04188125
0.001278984 0.04188125
0.001280584 0.04117539
0.001282184 0.03999895
0.001283784 0.03905779
0.001285384 0.03811664
0.001286984 0.03670492
0.001288584 0.03623434
0.001290184 0.03482261
0.001291784 0.03458732
0.001293384 0.03364617
0.001294984 0.03341088
0.001296584 0.03246973
0.001298184 0.03223444
0.001299784 0.03105801
0.001301384 0.03129329
0.001302984 0.03011685
0.001304584 0.02894041
0.001306184 0.02823455
0.001307784 0.02658753
0.001309384 0.02588167
0.001310984 0.02446994
0.001312584 0.0232935
0.001314184 0.02094062
0.001315784 0.01999947
0.001317384 0.01835246
0.001318984 0.01647015
0.001320584 0.01435256
0.001322184 0.0136467
0.001323784 0.01199968
0.001325384 0.01105853
0.001326984 0.009411517
0.001328584 0.009176229
0.001330184 0.008470365
0.001331784 0.007529213
0.001333384 0.007999789
0.001334984 0.007058638
0.001336584 0.007058638
0.001338184 0.00682335
0.001339784 0.006588062
0.001341384 0.00682335
0.001342984 0.00682335
0.001344584 0.00682335
0.001346184 0.00682335
0.001347784 0.007293925
0.001349384 0.007529213
0.001350984 0.007058638
0.001352584 0.007058638
0.001354184 0.007529213
0.001355784 0.007293925
0.001357384 0.007764501
0.001358984 0.007293925
0.001360584 0.007529213
0.001362184 0.007999789
0.001363784 0.007764501
0.001365384 0.007999789
0.001366984 0.008470365
0.001368584 0.008705653
0.001370184 0.008940941
0.001371784 0.009411517
0.001373384 0.01011738
0.001374984 0.01011738
0.001376584 0.01129382
0.001378184 0.01152911
0.001379784 0.01223497
0.001381384 0.01223497
0.001382984 0.0117644
0.001384584 0.01129382
0.001386184 0.01152911
0.001387784 0.01058796
0.001389384 0.009646805
0.001390984 0.007764501
0.001392584 0.006352774
0.001394184 0.005176334
0.001395784 0.003058743
0.001397384 0.001647015
0.001398984 0
0.001400584 -0.002352879
0.001402184 -0.003764607
0.001403784 -0.004705758
0.001405384 -0.00682335
0.001406984 -0.007764501
0.001408584 -0.009176229
0.001410184 -0.009646805
0.001411784 -0.01082324
0.001413384 -0.0117644
0.001414984 -0.01247026
0.001416584 -0.01317612
0.001418184 -0.01435256
0.001419784 -0.015529
0.001421384 -0.01576429
0.001422984 -0.01623487
0.001424584 -0.01670544
0.001426184 -0.01717602
0.001427784 -0.01670544
0.001429384 -0.01717602
0.001430984 -0.01741131
0.001432584 -0.01670544
0.001434184 -0.01717602
0.001435784 -0.01717602
0.001437384 -0.01741131
0.001438984 -0.01811717
0.001440584 -0.01788188
0.001442184 -0.01905832
0.001443784 -0.01976419
0.001445384 -0.02070534
0.001446984 -0.02164649
0.001448584 -0.02282293
0.001450184 -0.02376408
0.001451784 -0.0254111
0.001453384 -0.02658753
0.001454984 -0.02823455
0.001456584 -0.0291757
0.001458184 -0.03152858
0.001459784 -0.03270502
0.001461384 -0.03388146
0.001462984 -0.03458732
0.001464584 -0.0350579
0.001466184 -0.03552848
0.001467784 -0.03552848
0.001469384 -0.03529319
0.001470984 -0.03482261
0.001472584 -0.03341088
0.001474184 -0.03223444
0.001475784 -0.03129329
0.001477384 -0.03058743
0.001478984 -0.02846984
0.001480584 -0.02799926
0.001482184 -0.02705811
0.001483784 -0.02682282
0.001485384 -0.02588167
0.001486984 -0.02588167
0.001488584 -0.02588167
0.001490184 -0.02611696
0.001491784 -0.02635225
0.001493384 -0.02752869
0.001494984 -0.02799926
0.001496584 -0.02941099
0.001498184 -0.02964628
0.001499784 -0.03082272
0.001501384 -0.03129329
0.001502984 -0.03223444
0.001504584 -0.0331756
0.001506184 -0.03435204
0.001507784 -0.0350579
0.001509384 -0.03646963
0.001510984 -0.03670492
0.001512584 -0.03764607
0.001514184 -0.03882251
0.001515784 -0.03929308
0.001517384 -0.04070481
0.001518984 -0.0409401
0.001520584 -0.04164596
0.001522184 -0.04258711
0.001523784 -0.04305769
0.001525384 -0.04399884
0.001526984 -0.04423413
0.001528584 -0.04446942
0.001530184 -0.04423413
0.001531784 -0.04446942
0.001533384 -0.04376355
0.001534984 -0.04446942
0.001536584 -0.04399884
0.001538184 -0.04305769
0.001539784 -0.04376355
0.001541384 -0.04329298
0.001542984 -0.04329298
0.001544584 -0.04329298
0.001546184 -0.04376355
0.001547784 -0.04352826
0.001549384 -0.04258711
0.001550984 -0.04329298
0.001552584 -0.04352826
0.001554184 -0.04329298
0.001555784 -0.04258711
0.001557384 -0.0428224
0.001558984 -0.04211654
0.001560584 -0.04164596
0.001562184 -0.04164596
0.001563784 -0.04164596
0.001565384 -0.04046952
0.001566984 -0.0409401
0.001568584 -0.04023423
0.001570184 -0.0409401
0.001571784 -0.0409401
0.001573384 -0.04235183
0.001574984 -0.04211654
0.001576584 -0.0428224
0.001578184 -0.04352826
0.001579784 -0.04493999
0.001581384 -0.04493999
0.001582984 -0.04564586
0.001584584 -0.04541057
0.001586184 -0.04635172
0.001587784 -0.04658701
0.001589384 -0.0468223
0.001590984 -0.0468223
0.001592584 -0.0468223
0.001594184 -0.04611643
0.001595784 -0.04658701
0.001597384 -0.04588114
0.001598984 -0.04493999
0.001600584 -0.04517528
0.001602184 -0.04446942
0.001603784 -0.04423413
0.001605384 -0.04376355
0.001606984 -0.04329298
0.001608584 -0.04399884
0.001610184 -0.04446942
0.001611784 -0.04517528
0.001613384 -0.04588114
0.001614984 -0.04705758
0.001616584 -0.04799874
0.001618184 -0.04893989
0.001619784 -0.05011633
0.001621384 -0.05152805
0.001622984 -0.05293978
0.001624584 -0.05388093
0.001626184 -0.05388093
0.001627784 -0.0545868
0.001629384 -0.05482208
0.001630984 -0.05529266
0.001632584 -0.05435151
0.001634184 -0.05435151
0.001635784 -0.05435151
0.001637384 -0.05435151
0.001638984 -0.05341036
0.001640584 -0.05364565
0.001642184 -0.05223392
0.001643784 -0.05105748
0.001645384 -0.05082219
0.001646984 -0.0505869
0.001648584 -0.04988104
0.001650184 -0.04988104
0.001651784 -0.05035161
0.001653384 -0.04964575
0.001654984 -0.04988104
0.001656584 -0.04988104
0.001658184 -0.05035161
0.001659784 -0.05105748
0.001661384 -0.05129277
0.001662984 -0.05199863
0.001664584 -0.05152805
0.001666184 -0.05176334
0.001667784 -0.05129277
0.001669384 -0.05082219
0.001670984 -0.05105748
0.001672584 -0.0505869
0.001674184 -0.05082219
0.001675784 -0.05082219
0.001677384 -0.05082219
0.001678984 -0.05129277
0.001680584 -0.05105748
0.001682184 -0.05152805
0.001683784 -0.05293978
0.001685384 -0.05364565
0.001686984 -0.05435151
0.001688584 -0.05505737
0.001690184 -0.05599852
0.001691784 -0.05623381
0.001693384 -0.05670439
0.001694984 -0.05670439
0.001696584 -0.05717496
0.001698184 -0.0564691
0.001699784 -0.05599852
0.001701384 -0.05599852
0.001702984 -0.05529266
0.001704584 -0.05482208
0.001706184 -0.05341036
0.001707784 -0.05293978
0.001709384 -0.05199863
0.001710984 -0.05223392
0.001712584 -0.05129277
0.001714184 -0.05152805
0.001715784 -0.05129277
0.001717384 -0.05223392
0.001718984 -0.05341036
0.001720584 -0.05411622
0.001722184 -0.05505737
0.001723784 -0.05599852
0.001725384 -0.05693968
0.001726984 -0.05811612
0.001728584 -0.05811612
0.001730184 -0.05976313
0.001731784 -0.05976313
0.001733384 -0.06070428
0.001734984 -0.06070428
0.001736584 -0.06141015
0.001738184 -0.06141015
0.001739784 -0.06141015
0.001741384 -0.06141015
0.001742984 -0.06070428
0.001744584 -0.06093957
0.001746184 -0.06117486
0.001747784 -0.06093957
0.001749384 -0.06117486
0.001750984 -0.06070428
0.001752584 -0.06141015
0.001754184 -0.05999842
0.001755784 -0.06070428
0.001757384 -0.06046899
0.001758984 -0.06070428
0.001760584 -0.06070428
0.001762184 -0.06023371
0.001763784 -0.05952784
0.001765384 -0.05976313
0.001766984 -0.05929256
0.001768584 -0.05976313
0.001770184 -0.05952784
0.001771784 -0.05976313
0.001773384 -0.05929256
0.001774984 -0.05976313
0.001776584 -0.05882198
0.001778184 -0.05882198
0.001779784 -0.05929256
0.001781384 -0.05882198
0.001782984 -0.05811612
0.001784584 -0.05741025
0.001786184 -0.05741025
0.001787784 -0.05670439
0.001789384 -0.05623381
0.001790984 -0.05505737
0.001792584 -0.05411622
0.001794184 -0.05388093
0.001795784 -0.05341036
0.001797384 -0.05270449
0.001798984 -0.05176334
0.001800584 -0.05152805
0.001802184 -0.05082219
0.001803784 -0.05035161
0.001805384 -0.04964575
0.001806984 -0.0487046
0.001808584 -0.04846931
0.001810184 -0.04823402
0.001811784 -0.04752816
0.001813384 -0.04776345
0.001814984 -0.04776345
0.001816584 -0.04776345
0.001818184 -0.04729287
0.001819784 -0.04776345
0.001821384 -0.04729287
0.001822984 -0.04705758
0.001824584 -0.04705758
0.001826184 -0.04541057
0.001827784 -0.04423413
0.001829384 -0.04376355
0.001830984 -0.04235183
0.001832584 -0.04211654
0.001834184 -0.0409401
0.001835784 -0.03952837
0.001837384 -0.03858722
0.001838984 -0.03835193
0.001840584 -0.03717549
0.001842184 -0.03764607
0.001843784 -0.03717549
0.001845384 -0.03717549
0.001846984 -0.03670492
0.001848584 -0.03670492
0.001850184 -0.0369402
0.001851784 -0.03717549
0.001853384 -0.03717549
0.001854984 -0.03717549
0.001856584 -0.03646963
0.001858184 -0.03576376
0.001859784 -0.03576376
0.001861384 -0.03576376
0.001862984 -0.0350579
0.001864584 -0.03435204
0.001866184 -0.0331756
0.001867784 -0.03270502
0.001869384 -0.03176387
0.001870984 -0.03129329
0.001872584 -0.03058743
0.001874184 -0.02988157
0.001875784 -0.0291757
0.001877384 -0.02894041
0.001878984 -0.0272934
0.001880584 -0.02705811
0.001882184 -0.02611696
0.001883784 -0.02564638
0.001885384 -0.02564638
0.001886984 -0.02564638
0.001888584 -0.02494052
0.001890184 -0.02470523
0.001891784 -0.02470523
0.001893384 -0.02399937
0.001894984 -0.02399937
0.001896584 -0.02399937
0.001898184 -0.02305822
0.001899784 -0.02376408
0.001901384 -0.02352879
0.001902984 -0.0232935
0.001904584 -0.02282293
0.001906184 -0.02258764
0.001907784 -0.02235235
0.001909384 -0.0214112
0.001910984 -0.02164649
0.001912584 -0.02070534
0.001914184 -0.02070534
0.001915784 -0.01999947
0.001917384 -0.01858775
0.001918984 -0.01835246
0.001920584 -0.01811717
0.001922184 -0.01741131
0.001923784 -0.01647015
0.001925384 -0.01623487
0.001926984 -0.01623487
0.001928584 -0.01599958
0.001930184 -0.015529
0.001931784 -0.015529
0.001933384 -0.015529
0.001934984 -0.01505843
0.001936584 -0.01482314
0.001938184 -0.01435256
0.001939784 -0.01482314
0.001941384 -0.01388199
0.001942984 -0.01411728
0.001944584 -0.0136467
0.001946184 -0.01388199
0.001947784 -0.01341141
0.001949384 -0.01341141
0.001950984 -0.0136467
0.001952584 -0.01388199
0.001954184 -0.01411728
0.001955784 -0.01458785
0.001957384 -0.01482314
0.001958984 -0.01529371
0.001960584 -0.01505843
0.001962184 -0.01599958
0.001963784 -0.01694073
0.001965384 -0.01717602
0.001966984 -0.01694073
0.001968584 -0.01647015
0.001970184 -0.01717602
0.001971784 -0.01647015
0.001973384 -0.01670544
0.001974984 -0.01670544
0.001976584 -0.01647015
0.001978184 -0.01599958
0.001979784 -0.01529371
0.001981384 -0.01505843
0.001982984 -0.01411728
0.001984584 -0.01411728
0.001986184 -0.01341141
0.001987784 -0.01341141
0.001989384 -0.01270555
0.001990984 -0.01247026
0.001992584 -0.01223497
0.001994184 -0.01129382
0.001995784 -0.01105853
0.001997384 -0.01058796
0.001998984 -0.01011738
0.002000584 -0.009411517
0.002002184 -0.009411517
0.002003784 -0.008940941
0.002005384 -0.008235077
0.002006984 -0.007764501
0.002008584 -0.007293925
0.002010184 -0.00682335
0.002011784 -0.006352774
0.002013384 -0.007058638
0.002014984 -0.007293925
0.002016584 -0.007764501
0.002018184 -0.008235077
0.002019784 -0.008940941
0.002021384 -0.009646805
0.002022984 -0.01058796
0.002024584 -0.01129382
0.002026184 -0.01247026
0.002027784 -0.01341141
0.002029384 -0.01505843
0.002030984 -0.01529371
0.002032584 -0.01576429
0.002034184 -0.01670544
0.002035784 -0.01717602
0.002037384 -0.01741131
0.002038984 -0.01811717
0.002040584 -0.01811717
0.002042184 -0.01764659
0.002043784 -0.01741131
0.002045384 -0.01694073
0.002046984 -0.01694073
0.002048584 -0.01647015
0.002050184 -0.01647015
0.002051784 -0.01599958
0.002053384 -0.015529
0.002054984 -0.01529371
0.002056584 -0.01505843
0.002058184 -0.01505843
0.002059784 -0.01505843
0.002061384 -0.01435256
0.002062984 -0.01435256
0.002064584 -0.01458785
0.002066184 -0.01411728
0.002067784 -0.01411728
0.002069384 -0.01435256
0.002070984 -0.01505843
0.002072584 -0.01529371
0.002074184 -0.01505843
0.002075784 -0.01529371
0.002077384 -0.01505843
0.002078984 -0.01505843
0.002080584 -0.01529371
0.002082184 -0.01599958
0.002083784 -0.01647015
0.002085384 -0.01694073
0.002086984 -0.01741131
0.002088584 -0.01858775
0.002090184 -0.01929361
0.002091784 -0.0195289
0.002093384 -0.02070534
0.002094984 -0.02117591
0.002096584 -0.02235235
0.002098184 -0.02188178
0.002099784 -0.02211706
0.002101384 -0.02211706
0.002102984 -0.02188178
0.002104584 -0.02188178
0.002106184 -0.02117591
0.002107784 -0.02094062
0.002109384 -0.02023476
0.002110984 -0.01929361
0.002112584 -0.01835246
0.002114184 -0.01811717
0.002115784 -0.01694073
0.002117384 -0.015529
0.002118984 -0.01576429
0.002120584 -0.01505843
0.002122184 -0.01458785
0.002123784 -0.01411728
0.002125384 -0.0136467
0.002126984 -0.0136467
0.002128584 -0.0136467
0.002130184 -0.0136467
0.002131784 -0.01317612
0.002133384 -0.01294084
0.002134984 -0.01294084
0.002136584 -0.01199968
0.002138184 -0.01270555
0.002139784 -0.01247026
0.002141384 -0.01247026
0.002142984 -0.01223497
0.002144584 -0.01199968
0.002146184 -0.01247026
0.002147784 -0.01247026
0.002149384 -0.01294084
0.002150984 -0.0136467
0.002152584 -0.01458785
0.002154184 -0.015529
0.002155784 -0.01623487
0.002157384 -0.01694073
0.002158984 -0.01764659
0.002160584 -0.01929361
0.002162184 -0.01976419
0.002163784 -0.02070534
0.002165384 -0.02094062
0.002166984 -0.02164649
0.002168584 -0.02164649
0.002170184 -0.02188178
0.002171784 -0.02164649
0.002173384 -0.02117591
0.002174984 -0.0214112
0.002176584 -0.0214112
0.002178184 -0.02164649
0.002179784 -0.02094062
0.002181384 -0.02094062
0.002182984 -0.02117591
0.002184584 -0.02070534
0.002186184 -0.02094062
0.002187784 -0.02094062
0.002189384 -0.02070534
0.002190984 -0.0214112
0.002192584 -0.0214112
0.002194184 -0.02117591
0.002195784 -0.02117591
0.002197384 -0.02117591
0.002198984 -0.02094062
0.002200584 -0.0214112
0.002202184 -0.02117591
0.002203784 -0.02047005
0.002205384 -0.01929361
0.002206984 -0.01929361
0.002208584 -0.01858775
0.002210184 -0.01788188
0.002211784 -0.01764659
0.002213384 -0.01647015
0.002214984 -0.015529
0.002216584 -0.01458785
0.002218184 -0.01435256
0.002219784 -0.01341141
0.002221384 -0.01317612
0.002222984 -0.01199968
0.002224584 -0.01223497
0.002226184 -0.01152911
0.002227784 -0.01129382
0.002229384 -0.01129382
0.002230984 -0.01105853
0.002232584 -0.01152911
0.002234184 -0.01035267
0.002235784 -0.01035267
0.002237384 -0.01035267
0.002238984 -0.009882093
0.002240584 -0.01035267
0.002242184 -0.009882093
0.002243784 -0.009882093
0.002245384 -0.009646805
0.002246984 -0.01011738
0.002248584 -0.01011738
0.002250184 -0.009882093
0.002251784 -0.01011738
0.002253384 -0.01035267
0.002254984 -0.01011738
0.002256584 -0.01058796
0.002258184 -0.01105853
0.002259784 -0.01082324
0.002261384 -0.01105853
0.002262984 -0.01105853
0.002264584 -0.0117644
0.002266184 -0.01129382
0.002267784 -0.01152911
0.002269384 -0.01105853
0.002270984 -0.0117644
0.002272584 -0.01199968
0.002274184 -0.01223497
0.002275784 -0.0117644
0.002277384 -0.01270555
0.002278984 -0.01247026
0.002280584 -0.01294084
0.002282184 -0.01294084
0.002283784 -0.01317612
0.002285384 -0.01411728
0.002286984 -0.01341141
0.002288584 -0.0136467
0.002290184 -0.0136467
0.002291784 -0.01341141
0.002293384 -0.0136467
0.002294984 -0.01270555
0.002296584 -0.01223497
0.002298184 -0.01223497
0.002299784 -0.01152911
0.002301384 -0.01082324
0.002302984 -0.009646805
0.002304584 -0.009176229
0.002306184 -0.008235077
0.002307784 -0.007529213
0.002309384 -0.006588062
0.002310984 -0.005176334
0.002312584 -0.004705758
0.002314184 -0.00447047
0.002315784 -0.003294031
0.002317384 -0.003058743
0.002318984 -0.001882303
0.002320584 -0.00117644
0.002322184 -0.0007058638
0.002323784 0
0.002325384 0.00117644
0.002326984 0.001647015
0.002328584 0.002588167
0.002330184 0.003058743
0.002331784 0.003999895
0.002333384 0.003999895
0.002334984 0.004941046
0.002336584 0.005176334
0.002338184 0.00564691
0.002339784 0.00564691
0.002341384 0.005411622
0.002342984 0.006117486
0.002344584 0.005882198
0.002346184 0.005176334
0.002347784 0.005176334
0.002349384 0.004705758
0.002350984 0.00447047
0.002352584 0.003529319
0.002354184 0.003294031
0.002355784 0.003294031
0.002357384 0.002823455
0.002358984 0.003058743
0.002360584 0.002588167
0.002362184 0.002117591
0.002363784 0.002117591
0.002365384 0.002117591
0.002366984 0.001882303
0.002368584 0.001411728
0.002370184 0.00117644
0.002371784 0.00117644
0.002373384 0.0009411517
0.002374984 0.0007058638
0.002376584 0.0004705758
0.002378184 0.0009411517
0.002379784 0.0002352879
0.002381384 0.0007058638
0.002382984 0.0007058638
0.002384584 0.0009411517
0.002386184 0.0009411517
0.002387784 0.00117644
0.002389384 0.00117644
0.002390984 0.001647015
0.002392584 0.00117644
0.002394184 0.001647015
0.002395784 0.001882303
0.002397384 0.002588167
0.002398984 0.002117591
0.002400584 0.002588167
0.002402184 0.002823455
0.002403784 0.002588167
0.002405384 0.003294031
0.002406984 0.003529319
0.002408584 0.003294031
0.002410184 0.004235183
0.002411784 0.005411622
0.002413384 0.00564691
0.002414984 0.006117486
0.002416584 0.006588062
0.002418184 0.007293925
0.002419784 0.008235077
0.002421384 0.009176229
0.002422984 0.009411517
0.002424584 0.01035267
0.002426184 0.01082324
0.002427784 0.01199968
0.002429384 0.01247026
0.002430984 0.01341141
0.002432584 0.0136467
0.002434184 0.01435256
0.002435784 0.015529
0.002437384 0.01623487
0.002438984 0.01647015
0.002440584 0.01717602
0.002442184 0.01788188
0.002443784 0.01811717
0.002445384 0.01905832
0.002446984 0.0195289
0.002448584 0.01976419
0.002450184 0.01999947
0.002451784 0.02070534
0.002453384 0.02094062
0.002454984 0.02094062
0.002456584 0.02047005
0.002458184 0.02070534
0.002459784 0.02047005
0.002461384 0.01999947
0.002462984 0.01976419
0.002464584 0.0195289
0.002466184 0.0195289
0.002467784 0.01882303
0.002469384 0.01811717
0.002470984 0.01858775
0.002472584 0.01835246
0.002474184 0.01811717
0.002475784 0.01764659
0.002477384 0.01741131
0.002478984 0.01741131
0.002480584 0.01717602
0.002482184 0.01694073
0.002483784 0.01764659
0.002485384 0.01717602
0.002486984 0.01694073
0.002488584 0.01647015
0.002490184 0.01670544
0.002491784 0.01694073
0.002493384 0.01647015
0.002494984 0.01647015
0.002496584 0.01741131
0.002498184 0.01788188
0.002499784 0.01788188
0.002501384 0.01858775
0.002502984 0.0195289
0.002504584 0.02023476
0.002506184 0.0214112
0.002507784 0.02188178
0.002509384 0.02305822
0.002510984 0.0254111
0.002512584 0.02635225
0.002514184 0.02752869
0.002515784 0.0291757
0.002517384 0.02988157
0.002518984 0.03129329
0.002520584 0.03246973
0.002522184 0.0331756
0.002523784 0.03364617
0.002525384 0.03388146
0.002526984 0.03458732
0.002528584 0.0350579
0.002530184 0.03482261
0.002531784 0.0350579
0.002533384 0.03552848
0.002534984 0.0350579
0.002536584 0.03529319
0.002538184 0.03576376
0.002539784 0.03458732
0.002541384 0.03458732
0.002542984 0.03482261
0.002544584 0.03458732
0.002546184 0.03458732
0.002547784 0.03411675
0.002549384 0.03458732
0.002550984 0.03435204
0.002552584 0.03435204
0.002554184 0.03435204
0.002555784 0.03458732
0.002557384 0.03458732
0.002558984 0.03435204
0.002560584 0.03458732
0.002562184 0.0350579
0.002563784 0.03576376
0.002565384 0.03576376
0.002566984 0.0369402
0.002568584 0.03623434
0.002570184 0.03646963
0.002571784 0.0369402
0.002573384 0.0369402
0.002574984 0.03670492
0.002576584 0.03811664
0.002578184 0.03882251
0.002579784 0.03905779
0.002581384 0.03952837
0.002582984 0.04046952
0.002584584 0.04023423
0.002586184 0.04211654
0.002587784 0.04164596
0.002589384 0.04188125
0.002590984 0.04235183
0.002592584 0.04258711
0.002594184 0.04258711
0.002595784 0.04305769
0.002597384 0.04258711
0.002598984 0.04235183
0.002600584 0.04235183
0.002602184 0.04235183
0.002603784 0.04211654
0.002605384 0.04164596
0.002606984 0.04188125
0.002608584 0.04164596
0.002610184 0.04141067
0.002611784 0.04188125
0.002613384 0.04211654
0.002614984 0.04188125
0.002616584 0.04235183
0.002618184 0.04329298
0.002619784 0.04399884
0.002621384 0.0447047
0.002622984 0.04517528
0.002624584 0.04588114
0.002626184 0.0468223
0.002627784 0.04729287
0.002629384 0.04799874
0.002630984 0.04893989
0.002632584 0.04964575
0.002634184 0.05011633
0.002635784 0.0505869
0.002637384 0.05152805
0.002638984 0.05199863
0.002640584 0.05223392
0.002642184 0.05270449
0.002643784 0.05364565
0.002645384 0.05364565
0.002646984 0.05411622
0.002648584 0.05505737
0.002650184 0.05529266
0.002651784 0.05599852
0.002653384 0.05670439
0.002654984 0.05717496
0.002656584 0.05788083
0.002658184 0.05858669
0.002659784 0.05882198
0.002661384 0.05976313
0.002662984 0.05952784
0.002664584 0.05976313
0.002666184 0.06023371
0.002667784 0.06046899
0.002669384 0.06046899
0.002670984 0.06046899
0.002672584 0.06070428
0.002674184 0.06164543
0.002675784 0.06211601
0.002677384 0.06258659
0.002678984 0.0623513
0.002680584 0.06329245
0.002682184 0.06399831
0.002683784 0.06470418
0.002685384 0.06493947
0.002686984 0.06541004
0.002688584 0.06541004
0.002690184 0.0661159
0.002691784 0.06635119
0.002693384 0.06752763
0.002694984 0.06776292
0.002696584 0.06752763
0.002698184 0.06846878
0.002699784 0.06893936
0.002701384 0.06870407
0.002702984 0.06917465
0.002704584 0.06917465
0.002706184 0.06940994
0.002707784 0.06940994
0.002709384 0.06964522
0.002710984 0.06964522
0.002712584 0.06964522
0.002714184 0.0701158
0.002715784 0.06964522
0.002717384 0.06964522
0.002718984 0.06917465
0.002720584 0.06988051
0.002722184 0.06964522
0.002723784 0.06964522
0.002725384 0.06917465
0.002726984 0.06846878
0.002728584 0.06799821
0.002730184 0.0682335
0.002731784 0.06776292
0.002733384 0.06776292
0.002734984 0.06752763
0.002736584 0.06752763
0.002738184 0.0682335
0.002739784 0.0682335
0.002741384 0.0682335
0.002742984 0.06799821
0.002744584 0.06893936
0.002746184 0.06893936
0.002747784 0.07035109
0.002749384 0.07082166
0.002750984 0.07176281
0.002752584 0.07246868
0.002754184 0.07411569
0.002755784 0.07576271
0.002757384 0.075998
0.002758984 0.07717444
0.002760584 0.07811559
0.002762184 0.07905674
0.002763784 0.0797626
0.002765384 0.07999789
0.002766984 0.08070376
0.002768584 0.08164491
0.002770184 0.08211548
0.002771784 0.08235077
0.002773384 0.08282135
0.002774984 0.08282135
0.002776584 0.08329192
0.002778184 0.08282135
0.002779784 0.08305663
0.002781384 0.08305663
0.002782984 0.08235077
0.002784584 0.08282135
0.002786184 0.0818802
0.002787784 0.08211548
0.002789384 0.08140962
0.002790984 0.08117433
0.002792584 0.08046847
0.002794184 0.07952732
0.002795784 0.07882145
0.002797384 0.07811559
0.002798984 0.07717444
0.002800584 0.07623329
0.002802184 0.07552742
0.002803784 0.07411569
0.002805384 0.07388041
0.002806984 0.07270397
0.002808584 0.07246868
0.002810184 0.07129224
0.002811784 0.07105695
0.002813384 0.0701158
0.002814984 0.06940994
0.002816584 0.06964522
0.002818184 0.06917465
0.002819784 0.06940994
0.002821384 0.06917465
0.002822984 0.06893936
0.002824584 0.06917465
0.002826184 0.06846878
0.002827784 0.06846878
0.002829384 0.0682335
0.002830984 0.0682335
0.002832584 0.06752763
0.002834184 0.06682177
0.002835784 0.06752763
0.002837384 0.06682177
0.002838984 0.06682177
0.002840584 0.06682177
0.002842184 0.06635119
0.002843784 0.06682177
0.002845384 0.0661159
0.002846984 0.06658648
0.002848584 0.06658648
0.002850184 0.06752763
0.002851784 0.06752763
0.002853384 0.06752763
0.002854984 0.06729234
0.002856584 0.06776292
0.002858184 0.06729234
0.002859784 0.06752763
0.002861384 0.06682177
0.002862984 0.06635119
0.002864584 0.06564533
0.002866184 0.06564533
0.002867784 0.06517475
0.002869384 0.06493947
0.002870984 0.06352774
0.002872584 0.0623513
0.002874184 0.06188072
0.002875784 0.06093957
0.002877384 0.05976313
0.002878984 0.05976313
0.002880584 0.05811612
0.002882184 0.05788083
0.002883784 0.0564691
0.002885384 0.05623381
0.002886984 0.05552795
0.002888584 0.05505737
0.002890184 0.05388093
0.002891784 0.05388093
0.002893384 0.05341036
0.002894984 0.05293978
0.002896584 0.05246921
0.002898184 0.05223392
0.002899784 0.05199863
0.002901384 0.05199863
0.002902984 0.05152805
0.002904584 0.05152805
0.002906184 0.05082219
0.002907784 0.05035161
0.002909384 0.05105748
0.002910984 0.05082219
0.002912584 0.05035161
0.002914184 0.05011633
0.002915784 0.04941046
0.002917384 0.04988104
0.002918984 0.04941046
0.002920584 0.04893989
0.002922184 0.04893989
0.002923784 0.04846931
0.002925384 0.04823402
0.002926984 0.04846931
0.002928584 0.04823402
0.002930184 0.04752816
0.002931784 0.04729287
0.002933384 0.0468223
0.002934984 0.04635172
0.002936584 0.04611643
0.002938184 0.04564586
0.002939784 0.04541057
0.002941384 0.04493999
0.002942984 0.0447047
0.002944584 0.04376355
0.002946184 0.04329298
0.002947784 0.04235183
0.002949384 0.04188125
0.002950984 0.0409401
0.002952584 0.04023423
0.002954184 0.03882251
0.002955784 0.03741078
0.002957384 0.03788135
0.002958984 0.03670492
0.002960584 0.0350579
0.002962184 0.03388146
0.002963784 0.03270502
0.002965384 0.03246973
0.002966984 0.03129329
0.002968584 0.03035214
0.002970184 0.0291757
0.002971784 0.02894041
0.002973384 0.02776397
0.002974984 0.02705811
0.002976584 0.02611696
0.002978184 0.02564638
0.002979784 0.02470523
0.002981384 0.02399937
0.002982984 0.02352879
0.002984584 0.02282293
0.002986184 0.02164649
0.002987784 0.0214112
0.002989384 0.02070534
0.002990984 0.01999947
0.002992584 0.01882303
0.002994184 0.01788188
0.002995784 0.01741131
0.002997384 0.01741131
0.002998984 0.01670544
0.003000584 0.01599958
0.003002184 0.01599958
0.003003784 0.01482314
0.003005384 0.01482314
0.003006984 0.01482314
0.003008584 0.01388199
0.003010184 0.01317612
0.003011784 0.01341141
0.003013384 0.01317612
0.003014984 0.01223497
0.003016584 0.0117644
0.003018184 0.0117644
0.003019784 0.01082324
0.003021384 0.01058796
0.003022984 0.01011738
0.003024584 0.009646805
0.003026184 0.009411517
0.003027784 0.009176229
0.003029384 0.008705653
0.003030984 0.008470365
0.003032584 0.007529213
0.003034184 0.007764501
0.003035784 0.007058638
0.003037384 0.007293925
0.003038984 0.00682335
0.003040584 0.006117486
0.003042184 0.006117486
0.003043784 0.00564691
0.003045384 0.00564691
0.003046984 0.004941046
0.003048584 0.004941046
0.003050184 0.004235183
0.003051784 0.003764607
0.003053384 0.003294031
0.003054984 0.001882303
0.003056584 0.00117644
0.003058184 0.0002352879
0.003059784 -0.0002352879
0.003061384 -0.00117644
0.003062984 -0.002352879
0.003064584 -0.003999895
0.003066184 -0.00447047
0.003067784 -0.006352774
0.003069384 -0.007058638
0.003070984 -0.008940941
0.003072584 -0.009411517
0.003074184 -0.01035267
0.003075784 -0.01082324
0.003077384 -0.01152911
0.003078984 -0.0117644
0.003080584 -0.01317612
0.003082184 -0.01341141
0.003083784 -0.01435256
0.003085384 -0.01458785
0.003086984 -0.01505843
0.003088584 -0.01505843
0.003090184 -0.01599958
0.003091784 -0.01670544
0.003093384 -0.01694073
0.003094984 -0.01741131
0.003096584 -0.01741131
0.003098184 -0.01788188
0.003099784 -0.01858775
0.003101384 -0.01929361
0.003102984 -0.01929361
0.003104584 -0.0195289
0.003106184 -0.02047005
0.003107784 -0.02047005
0.003109384 -0.02094062
0.003110984 -0.02117591
0.003112584 -0.02164649
0.003114184 -0.02188178
0.003115784 -0.0232935
0.003117384 -0.02376408
0.003118984 -0.02446994
0.003120584 -0.02376408
0.003122184 -0.02446994
0.003123784 -0.02470523
0.003125384 -0.0254111
0.003126984 -0.02494052
0.003128584 -0.02611696
0.003130184 -0.0254111
0.003131784 -0.02611696
0.003133384 -0.02635225
0.003134984 -0.02611696
0.003136584 -0.02658753
0.003138184 -0.02658753
0.003139784 -0.02588167
0.003141384 -0.02658753
0.003142984 -0.02705811
0.003144584 -0.0272934
0.003146184 -0.02752869
0.003147784 -0.02799926
0.003149384 -0.02846984
0.003150984 -0.02846984
0.003152584 -0.02988157
0.003154184 -0.03011685
0.003155784 -0.03105801
0.003157384 -0.03199916
0.003158984 -0.03199916
0.003160584 -0.03294031
0.003162184 -0.03341088
0.003163784 -0.03482261
0.003165384 -0.0350579
0.003166984 -0.03576376
0.003168584 -0.03670492
0.003170184 -0.03741078
0.003171784 -0.03811664
0.003173384 -0.03882251
0.003174984 -0.03952837
0.003176584 -0.03952837
0.003178184 -0.03999895
0.003179784 -0.04046952
0.003181384 -0.0409401
0.003182984 -0.04164596
0.003184584 -0.04188125
0.003186184 -0.04258711
0.003187784 -0.04235183
0.003189384 -0.04329298
0.003190984 -0.04329298
0.003192584 -0.04376355
0.003194184 -0.04423413
0.003195784 -0.04446942
0.003197384 -0.0447047
0.003198984 -0.04611643
0.003200584 -0.04588114
0.003202184 -0.04658701
0.003203784 -0.04705758
0.003205384 -0.04776345
0.003206984 -0.04799874
0.003208584 -0.04846931
0.003210184 -0.04917517
0.003211784 -0.04917517
0.003213384 -0.04941046
0.003214984 -0.04988104
0.003216584 -0.05011633
0.003218184 -0.05035161
0.003219784 -0.0505869
0.003221384 -0.05082219
0.003222984 -0.05082219
0.003224584 -0.05152805
0.003226184 -0.05129277
0.003227784 -0.05176334
0.003229384 -0.05176334
0.003230984 -0.05199863
0.003232584 -0.05223392
0.003234184 -0.05246921
0.003235784 -0.05176334
0.003237384 -0.05223392
0.003238984 -0.05199863
0.003240584 -0.05223392
0.003242184 -0.05176334
0.003243784 -0.05199863
0.003245384 -0.05246921
0.003246984 -0.05223392
0.003248584 -0.05246921
0.003250184 -0.05293978
0.003251784 -0.05270449
0.003253384 -0.05246921
0.003254984 -0.05293978
0.003256584 -0.05246921
0.003258184 -0.05293978
0.003259784 -0.05293978
0.003261384 -0.05293978
0.003262984 -0.05341036
0.003264584 -0.05341036
0.003266184 -0.05435151
0.003267784 -0.05388093
0.003269384 -0.05435151
0.003270984 -0.05411622
0.003272584 -0.0545868
0.003274184 -0.05505737
0.003275784 -0.05576324
0.003277384 -0.05552795
0.003278984 -0.05599852
0.003280584 -0.05623381
0.003282184 -0.0564691
0.003283784 -0.05670439
0.003285384 -0.05764554
0.003286984 -0.05788083
0.003288584 -0.05764554
0.003290184 -0.0583514
0.003291784 -0.05788083
0.003293384 -0.05811612
0.003294984 -0.0583514
0.003296584 -0.05882198
0.003298184 -0.05811612
0.003299784 -0.0583514
0.003301384 -0.05858669
0.003302984 -0.0583514
0.003304584 -0.05811612
0.003306184 -0.05764554
0.003307784 -0.0583514
0.003309384 -0.05764554
0.003310984 -0.05788083
0.003312584 -0.05693968
0.003314184 -0.05741025
0.003315784 -0.05693968
0.003317384 -0.05741025
0.003318984 -0.05741025
0.003320584 -0.05764554
0.003322184 -0.05764554
0.003323784 -0.05764554
0.003325384 -0.05811612
0.003326984 -0.05905727
0.003328584 -0.05858669
0.003330184 -0.05952784
0.003331784 -0.05905727
0.003333384 -0.05999842
0.003334984 -0.05999842
0.003336584 -0.05976313
0.003338184 -0.06046899
0.003339784 -0.06070428
0.003341384 -0.06023371
0.003342984 -0.06093957
0.003344584 -0.06046899
0.003346184 -0.06046899
0.003347784 -0.06046899
0.003349384 -0.06070428
0.003350984 -0.06046899
0.003352584 -0.06070428
0.003354184 -0.06070428
0.003355784 -0.06093957
0.003357384 -0.06046899
0.003358984 -0.06117486
0.003360584 -0.06141015
0.003362184 -0.06070428
0.003363784 -0.06117486
0.003365384 -0.06117486
0.003366984 -0.06023371
0.003368584 -0.06093957
0.003370184 -0.06023371
0.003371784 -0.06046899
0.003373384 -0.05929256
0.003374984 -0.05952784
0.003376584 -0.05905727
0.003378184 -0.05952784
0.003379784 -0.05882198
0.003381384 -0.05858669
0.003382984 -0.05811612
0.003384584 -0.05764554
0.003386184 -0.05788083
0.003387784 -0.05788083
0.003389384 -0.05788083
0.003390984 -0.05741025
0.003392584 -0.05741025
0.003394184 -0.05811612
0.003395784 -0.05764554
0.003397384 -0.05811612
0.003398984 -0.05788083
0.003400584 -0.0583514
0.003402184 -0.0583514
0.003403784 -0.05905727
0.003405384 -0.05929256
0.003406984 -0.05929256
0.003408584 -0.05929256
0.003410184 -0.05952784
0.003411784 -0.05999842
0.003413384 -0.06023371
0.003414984 -0.06046899
0.003416584 -0.06046899
0.003418184 -0.06117486
0.003419784 -0.06141015
0.003421384 -0.06164543
0.003422984 -0.06258659
0.003424584 -0.0623513
0.003426184 -0.06305716
0.003427784 -0.06329245
0.003429384 -0.06376303
0.003430984 -0.06399831
0.003432584 -0.06470418
0.003434184 -0.0642336
0.003435784 -0.06446889
0.003437384 -0.06470418
0.003438984 -0.06493947
0.003440584 -0.06446889
0.003442184 -0.0642336
0.003443784 -0.06376303
0.003445384 -0.06352774
0.003446984 -0.06329245
0.003448584 -0.06352774
0.003450184 -0.06282187
0.003451784 -0.06305716
0.003453384 -0.0623513
0.003454984 -0.06211601
0.003456584 -0.06211601
0.003458184 -0.06117486
0.003459784 -0.06141015
0.003461384 -0.06093957
0.003462984 -0.06046899
0.003464584 -0.06070428
0.003466184 -0.06046899
0.003467784 -0.06117486
0.003469384 -0.06070428
0.003470984 -0.06117486
0.003472584 -0.06141015
0.003474184 -0.06141015
0.003475784 -0.06093957
0.003477384 -0.06164543
0.003478984 -0.06093957
0.003480584 -0.06117486
0.003482184 -0.06070428
0.003483784 -0.06117486
0.003485384 -0.06023371
0.003486984 -0.06023371
0.003488584 -0.06023371
0.003490184 -0.06023371
0.003491784 -0.06023371
0.003493384 -0.05999842
0.003494984 -0.05929256
0.003496584 -0.05952784
0.003498184 -0.05882198
0.003499784 -0.05929256
0.003501384 -0.05976313
0.003502984 -0.06046899
0.003504584 -0.05999842
0.003506184 -0.06046899
0.003507784 -0.06093957
0.003509384 -0.06093957
0.003510984 -0.06164543
0.003512584 -0.06305716
0.003514184 -0.06305716
0.003515784 -0.06376303
0.003517384 -0.0642336
0.003518984 -0.06470418
0.003520584 -0.06493947
0.003522184 -0.06541004
0.003523784 -0.06588062
0.003525384 -0.0661159
0.003526984 -0.06635119
0.003528584 -0.06705706
0.003530184 -0.06635119
0.003531784 -0.06705706
0.003533384 -0.06705706
0.003534984 -0.06705706
0.003536584 -0.06682177
0.003538184 -0.06682177
0.003539784 -0.0661159
0.003541384 -0.06635119
0.003542984 -0.0661159
0.003544584 -0.06517475
0.003546184 -0.06470418
0.003547784 -0.0642336
0.003549384 -0.06376303
0.003550984 -0.06352774
0.003552584 -0.06329245
0.003554184 -0.06258659
0.003555784 -0.06141015
0.003557384 -0.06188072
0.003558984 -0.06117486
0.003560584 -0.06070428
0.003562184 -0.05999842
0.003563784 -0.05999842
0.003565384 -0.05858669
0.003566984 -0.05858669
0.003568584 -0.05811612
0.003570184 -0.05788083
0.003571784 -0.05788083
0.003573384 -0.05764554
0.003574984 -0.05764554
0.003576584 -0.05764554
0.003578184 -0.05741025
0.003579784 -0.05741025
0.003581384 -0.05717496
0.003582984 -0.05764554
0.003584584 -0.0564691
0.003586184 -0.05670439
0.003587784 -0.05693968
0.003589384 -0.0564691
0.003590984 -0.0564691
0.003592584 -0.05670439
0.003594184 -0.05599852
0.003595784 -0.0564691
0.003597384 -0.05623381
0.003598984 -0.0564691
0.003600584 -0.0564691
0.003602184 -0.05599852
0.003603784 -0.05623381
0.003605384 -0.0564691
0.003606984 -0.05623381
0.003608584 -0.0564691
0.003610184 -0.05623381
0.003611784 -0.05599852
0.003613384 -0.05552795
0.003614984 -0.05552795
0.003616584 -0.05482208
0.003618184 -0.05411622
0.003619784 -0.05388093
0.003621384 -0.05270449
0.003622984 -0.05246921
0.003624584 -0.05199863
0.003626184 -0.05152805
0.003627784 -0.05105748
0.003629384 -0.05035161
0.003630984 -0.05011633
0.003632584 -0.04917517
0.003634184 -0.04917517
0.003635784 -0.04823402
0.003637384 -0.04776345
0.003638984 -0.04729287
0.003640584 -0.0468223
0.003642184 -0.0468223
0.003643784 -0.0468223
0.003645384 -0.04588114
0.003646984 -0.04588114
0.003648584 -0.0447047
0.003650184 -0.04541057
0.003651784 -0.0447047
0.003653384 -0.0447047
0.003654984 -0.0447047
0.003656584 -0.0447047
0.003658184 -0.04423413
0.003659784 -0.0447047
0.003661384 -0.04446942
0.003662984 -0.04399884
0.003664584 -0.04399884
0.003666184 -0.04423413
0.003667784 -0.04352826
0.003669384 -0.04376355
0.003670984 -0.04352826
0.003672584 -0.04376355
0.003674184 -0.04376355
0.003675784 -0.04329298
0.003677384 -0.04235183
0.003678984 -0.04329298
0.003680584 -0.04235183
0.003682184 -0.04235183
0.003683784 -0.04164596
0.003685384 -0.04211654
0.003686984 -0.04141067
0.003688584 -0.04141067
0.003690184 -0.04070481
0.003691784 -0.0409401
0.003693384 -0.04023423
0.003694984 -0.04046952
0.003696584 -0.03976366
0.003698184 -0.03976366
0.003699784 -0.03952837
0.003701384 -0.03976366
0.003702984 -0.03929308
0.003704584 -0.03929308
0.003706184 -0.03882251
0.003707784 -0.03882251
0.003709384 -0.03835193
0.003710984 -0.03788135
0.003712584 -0.03811664
0.003714184 -0.03764607
0.003715784 -0.03670492
0.003717384 -0.03646963
0.003718984 -0.03646963
0.003720584 -0.03599905
0.003722184 -0.03552848
0.003723784 -0.03576376
0.003725384 -0.03435204
0.003726984 -0.03411675
0.003728584 -0.03364617
0.003730184 -0.03294031
0.003731784 -0.03294031
0.003733384 -0.03270502
0.003734984 -0.03223444
0.003736584 -0.03223444
0.003738184 -0.03105801
0.003739784 -0.03105801
0.003741384 -0.03105801
0.003742984 -0.03058743
0.003744584 -0.03035214
0.003746184 -0.03011685
0.003747784 -0.03035214
0.003749384 -0.03035214
0.003750984 -0.02941099
0.003752584 -0.02964628
0.003754184 -0.02941099
0.003755784 -0.02941099
0.003757384 -0.02941099
0.003758984 -0.0291757
0.003760584 -0.0291757
0.003762184 -0.02941099
0.003763784 -0.0291757
0.003765384 -0.0291757
0.003766984 -0.02870513
0.003768584 -0.02894041
0.003770184 -0.02870513
0.003771784 -0.02894041
0.003773384 -0.02894041
0.003774984 -0.02941099
0.003776584 -0.0291757
0.003778184 -0.02964628
0.003779784 -0.0291757
0.003781384 -0.02988157
0.003782984 -0.02964628
0.003784584 -0.03011685
0.003786184 -0.03058743
0.003787784 -0.03082272
0.003789384 -0.03082272
0.003790984 -0.03176387
0.003792584 -0.03129329
0.003794184 -0.03199916
0.003795784 -0.03176387
0.003797384 -0.03199916
0.003798984 -0.03199916
0.003800584 -0.03223444
0.003802184 -0.03176387
0.003803784 -0.03199916
0.003805384 -0.03152858
0.003806984 -0.03105801
0.003808584 -0.03082272
0.003810184 -0.03105801
0.003811784 -0.03011685
0.003813384 -0.02964628
0.003814984 -0.02964628
0.003816584 -0.02964628
0.003818184 -0.02894041
0.003819784 -0.02964628
0.003821384 -0.0291757
0.003822984 -0.02870513
0.003824584 -0.02870513
0.003826184 -0.0291757
0.003827784 -0.02799926
0.003829384 -0.02870513
0.003830984 -0.02799926
0.003832584 -0.02894041
0.003834184 -0.02846984
0.003835784 -0.02846984
0.003837384 -0.02799926
0.003838984 -0.02823455
0.003840584 -0.02705811
0.003842184 -0.02705811
0.003843784 -0.02682282
0.003845384 -0.02658753
0.003846984 -0.02635225
0.003848584 -0.02635225
0.003850184 -0.02611696
0.003851784 -0.02611696
0.003853384 -0.02564638
0.003854984 -0.02611696
0.003856584 -0.02494052
0.003858184 -0.0254111
0.003859784 -0.02588167
0.003861384 -0.0254111
0.003862984 -0.0254111
0.003864584 -0.02611696
0.003866184 -0.0254111
0.003867784 -0.02588167
0.003869384 -0.0254111
0.003870984 -0.02564638
0.003872584 -0.0254111
0.003874184 -0.02588167
0.003875784 -0.02611696
0.003877384 -0.0254111
0.003878984 -0.02494052
0.003880584 -0.02564638
0.003882184 -0.02470523
0.003883784 -0.02494052
0.003885384 -0.02399937
0.003886984 -0.02423466
0.003888584 -0.02376408
0.003890184 -0.02399937
0.003891784 -0.02352879
0.003893384 -0.0232935
0.003894984 -0.02282293
0.003896584 -0.02305822
0.003898184 -0.02305822
0.003899784 -0.02305822
0.003901384 -0.02211706
0.003902984 -0.02211706
0.003904584 -0.0214112
0.003906184 -0.02211706
0.003907784 -0.0214112
0.003909384 -0.02117591
0.003910984 -0.02117591
0.003912584 -0.02070534
0.003914184 -0.02023476
0.003915784 -0.02023476
0.003917384 -0.02047005
0.003918984 -0.01999947
0.003920584 -0.01999947
0.003922184 -0.01976419
0.003923784 -0.01976419
0.003925384 -0.01999947
0.003926984 -0.0195289
0.003928584 -0.01929361
0.003930184 -0.01929361
0.003931784 -0.01905832
0.003933384 -0.01882303
0.003934984 -0.01882303
0.003936584 -0.01811717
0.003938184 -0.01858775
0.003939784 -0.01811717
0.003941384 -0.01764659
0.003942984 -0.01694073
0.003944584 -0.01694073
0.003946184 -0.01694073
0.003947784 -0.01694073
0.003949384 -0.01599958
0.003950984 -0.01599958
0.003952584 -0.01576429
0.003954184 -0.01576429
0.003955784 -0.015529
0.003957384 -0.01505843
0.003958984 -0.01482314
0.003960584 -0.01411728
0.003962184 -0.01388199
0.003963784 -0.0136467
0.003965384 -0.01317612
0.003966984 -0.01294084
0.003968584 -0.01247026
0.003970184 -0.0117644
0.003971784 -0.01105853
0.003973384 -0.01058796
0.003974984 -0.01011738
0.003976584 -0.009176229
0.003978184 -0.009176229
0.003979784 -0.008940941
0.003981384 -0.007999789
0.003982984 -0.007293925
0.003984584 -0.006352774
0.003986184 -0.005882198
0.003987784 -0.00564691
0.003989384 -0.005176334
0.003990984 -0.00447047
0.003992584 -0.00447047
0.003994184 -0.003294031
0.003995784 -0.003058743
0.003997384 -0.003058743
0.003998984 -0.003058743
0.004000584 -0.002117591
0.004002184 -0.001647015
0.004003784 -0.00117644
0.004005384 -0.0004705758
0.004006984 -0.0002352879
0.004008584 0.0004705758
0.004010184 0.00117644
0.004011784 0.001882303
0.004013384 0.002823455
0.004014984 0.003294031
0.004016584 0.003999895
0.004018184 0.003999895
0.004019784 0.00447047
0.004021384 0.005411622
0.004022984 0.005882198
0.004024584 0.006588062
0.004026184 0.00682335
0.004027784 0.007293925
0.004029384 0.007999789
0.004030984 0.007999789
0.004032584 0.009176229
0.004034184 0.008940941
0.004035784 0.009411517
0.004037384 0.01011738
0.004038984 0.009882093
0.004040584 0.01058796
0.004042184 0.01082324
0.004043784 0.01129382
0.004045384 0.01129382
0.004046984 0.01105853
0.004048584 0.01223497
0.004050184 0.01247026
0.004051784 0.01270555
0.004053384 0.01317612
0.004054984 0.0136467
0.004056584 0.0136467
0.004058184 0.01458785
0.004059784 0.01529371
0.004061384 0.01529371
0.004062984 0.01576429
0.004064584 0.01647015
0.004066184 0.01694073
0.004067784 0.01764659
0.004069384 0.01835246
0.004070984 0.01905832
0.004072584 0.0195289
0.004074184 0.02023476
0.004075784 0.0214112
0.004077384 0.02188178
0.004078984 0.02258764
0.004080584 0.0232935
0.004082184 0.02423466
0.004083784 0.02517581
0.004085384 0.02658753
0.004086984 0.0272934
0.004088584 0.02823455
0.004090184 0.02941099
0.004091784 0.03035214
0.004093384 0.03082272
0.004094984 0.03129329
0.004096584 0.03270502
0.004098184 0.03411675
0.004099784 0.0350579
0.004101384 0.03529319
0.004102984 0.03623434
0.004104584 0.03646963
0.004106184 0.03811664
0.004107784 0.03858722
0.004109384 0.03905779
0.004110984 0.04046952
0.004112584 0.0409401
0.004114184 0.04070481
0.004115784 0.04141067
0.004117384 0.04141067
0.004118984 0.04258711
0.004120584 0.0428224
0.004122184 0.04235183
0.004123784 0.04376355
0.004125384 0.04329298
0.004126984 0.04399884
0.004128584 0.04423413
0.004130184 0.0447047
0.004131784 0.04517528
0.004133384 0.04493999
0.004134984 0.04517528
0.004136584 0.04517528
0.004138184 0.04564586
0.004139784 0.04588114
0.004141384 0.04658701
0.004142984 0.0468223
0.004144584 0.04635172
0.004146184 0.04705758
0.004147784 0.04799874
0.004149384 0.04776345
0.004150984 0.04846931
0.004152584 0.04893989
0.004154184 0.04941046
0.004155784 0.05011633
0.004157384 0.05082219
0.004158984 0.05129277
0.004160584 0.05176334
0.004162184 0.05270449
0.004163784 0.05364565
0.004165384 0.05435151
0.004166984 0.05552795
0.004168584 0.05552795
0.004170184 0.05670439
0.004171784 0.05741025
0.004173384 0.05882198
0.004174984 0.05905727
0.004176584 0.05999842
0.004178184 0.06117486
0.004179784 0.06164543
0.004181384 0.06258659
0.004182984 0.06329245
0.004184584 0.06399831
0.004186184 0.06493947
0.004187784 0.06541004
0.004189384 0.0661159
0.004190984 0.06682177
0.004192584 0.06658648
0.004194184 0.06752763
0.004195784 0.06799821
0.004197384 0.0682335
0.004198984 0.06799821
0.004200584 0.06799821
