LECROYWS4024HD 19320 Waveform
Segments 1 SegmentSize 3127
Segment TrigTime TimeSinceSegment1
#1 15-May-2024 15:39:29 0                 
Time Ampl
-0.0008015422 -0.0004705758
-0.0007999422 0
-0.0007983422 0.0004705758
-0.0007967422 0
-0.0007951422 0
-0.0007935422 0.0002352879
-0.0007919422 0
-0.0007903422 0
-0.0007887422 -0.0004705758
-0.0007871422 0
-0.0007855422 -0.0002352879
-0.0007839422 0
-0.0007823422 -0.0007058638
-0.0007807422 0
-0.0007791422 0
-0.0007775422 0
-0.0007759422 -0.00117644
-0.0007743422 0.0004705758
-0.0007727422 -0.0004705758
-0.0007711422 0
-0.0007695422 -0.0004705758
-0.0007679422 0.0002352879
-0.0007663422 -0.0004705758
-0.0007647422 0.0002352879
-0.0007631422 -0.0004705758
-0.0007615422 -0.0007058638
-0.0007599422 0.0002352879
-0.0007583422 0.0004705758
-0.0007567422 0
-0.0007551422 0.0002352879
-0.0007535422 0.0002352879
-0.0007519422 0
-0.0007503422 -0.0002352879
-0.0007487422 -0.0007058638
-0.0007471422 -0.0004705758
-0.0007455422 -0.0007058638
-0.0007439422 -0.0004705758
-0.0007423422 0
-0.0007407422 0
-0.0007391422 0.0002352879
-0.0007375422 0.0002352879
-0.0007359422 -0.0002352879
-0.0007343422 0.0007058638
-0.0007327422 0.0002352879
-0.0007311422 0.0002352879
-0.0007295422 0.0007058638
-0.0007279422 0.0002352879
-0.0007263422 0.0004705758
-0.0007247422 -0.0002352879
-0.0007231422 -0.0002352879
-0.0007215422 0
-0.0007199422 0.0004705758
-0.0007183422 -0.0002352879
-0.0007167422 -0.00117644
-0.0007151422 -0.0004705758
-0.0007135422 0.0002352879
-0.0007119422 0.0002352879
-0.0007103422 0
-0.0007087422 -0.0004705758
-0.0007071422 0.0009411517
-0.0007055422 0
-0.0007039422 0
-0.0007023422 0
-0.0007007422 0.0009411517
-0.0006991422 0.0002352879
-0.0006975422 -0.0007058638
-0.0006959422 0
-0.0006943422 -0.0004705758
-0.0006927422 -0.0002352879
-0.0006911422 0
-0.0006895422 0.0002352879
-0.0006879422 0.0002352879
-0.0006863422 -0.0002352879
-0.0006847422 -0.0007058638
-0.0006831422 -0.0002352879
-0.0006815422 -0.0002352879
-0.0006799422 -0.0004705758
-0.0006783422 -0.0004705758
-0.0006767422 0
-0.0006751422 0.0002352879
-0.0006735422 -0.0002352879
-0.0006719422 0.0002352879
-0.0006703422 -0.0002352879
-0.0006687422 0.0002352879
-0.0006671422 0.0002352879
-0.0006655422 -0.0004705758
-0.0006639422 0.0002352879
-0.0006623422 0
-0.0006607422 0.0002352879
-0.0006591422 0
-0.0006575422 0
-0.0006559422 0.0002352879
-0.0006543422 0.0007058638
-0.0006527422 0.0002352879
-0.0006511422 0.0007058638
-0.0006495422 0
-0.0006479422 -0.0004705758
-0.0006463422 0
-0.0006447422 -0.0002352879
-0.0006431422 -0.0002352879
-0.0006415422 -0.00117644
-0.0006399422 -0.0002352879
-0.0006383422 -0.0002352879
-0.0006367422 -0.0007058638
-0.0006351422 0
-0.0006335422 0
-0.0006319422 -0.0002352879
-0.0006303422 0.0004705758
-0.0006287422 0.0002352879
-0.0006271422 0.0002352879
-0.0006255422 0
-0.0006239422 0
-0.0006223422 0.0002352879
-0.0006207422 0
-0.0006191422 0.0002352879
-0.0006175422 0.0002352879
-0.0006159422 -0.0004705758
-0.0006143422 0
-0.0006127422 0.0004705758
-0.0006111422 0.0002352879
-0.0006095422 0
-0.0006079422 0
-0.0006063422 0.0002352879
-0.0006047422 0
-0.0006031422 0
-0.0006015422 0
-0.0005999422 -0.0004705758
-0.0005983422 0.0002352879
-0.0005967422 0.0002352879
-0.0005951422 -0.0002352879
-0.0005935422 0
-0.0005919422 -0.0002352879
-0.0005903422 -0.0004705758
-0.0005887422 -0.0002352879
-0.0005871422 -0.0002352879
-0.0005855422 -0.0002352879
-0.0005839422 0
-0.0005823422 0
-0.0005807422 0.0002352879
-0.0005791422 0
-0.0005775422 0.0004705758
-0.0005759422 0
-0.0005743422 0.0002352879
-0.0005727422 0.0002352879
-0.0005711422 0
-0.0005695422 0.0002352879
-0.0005679422 0
-0.0005663422 -0.0002352879
-0.0005647422 -0.0002352879
-0.0005631422 0
-0.0005615422 0
-0.0005599422 0.0004705758
-0.0005583422 0.0002352879
-0.0005567422 0
-0.0005551422 -0.0002352879
-0.0005535422 0
-0.0005519422 0.0002352879
-0.0005503422 0.0002352879
-0.0005487422 0
-0.0005471422 -0.0002352879
-0.0005455422 0.0002352879
-0.0005439422 -0.0002352879
-0.0005423422 0.0004705758
-0.0005407422 0.0002352879
-0.0005391422 0
-0.0005375422 0.0002352879
-0.0005359422 0.0002352879
-0.0005343422 0.0007058638
-0.0005327422 0.0002352879
-0.0005311422 0
-0.0005295422 0
-0.0005279422 0
-0.0005263422 0.0009411517
-0.0005247422 0.0007058638
-0.0005231422 -0.0002352879
-0.0005215422 0
-0.0005199422 0.0002352879
-0.0005183422 0.0004705758
-0.0005167422 -0.0002352879
-0.0005151422 0
-0.0005135422 0.0007058638
-0.0005119422 0
-0.0005103422 0
-0.0005087422 0
-0.0005071422 0.0002352879
-0.0005055422 0.0002352879
-0.0005039422 0.0002352879
-0.0005023422 0
-0.0005007422 -0.0002352879
-0.0004991422 -0.0004705758
-0.0004975422 -0.0002352879
-0.0004959422 0
-0.0004943422 -0.0002352879
-0.0004927422 0
-0.0004911422 -0.0002352879
-0.0004895422 0.0002352879
-0.0004879422 -0.0002352879
-0.0004863422 -0.0002352879
-0.0004847422 0
-0.0004831422 0
-0.0004815422 -0.0002352879
-0.0004799422 -0.0002352879
-0.0004783422 -0.0002352879
-0.0004767422 -0.0002352879
-0.0004751422 0.0002352879
-0.0004735422 0
-0.0004719422 -0.0002352879
-0.0004703422 0
-0.0004687422 0.0004705758
-0.0004671422 -0.0002352879
-0.0004655422 0.0002352879
-0.0004639422 -0.0002352879
-0.0004623422 0.0004705758
-0.0004607422 0.0002352879
-0.0004591422 0
-0.0004575422 0.0002352879
-0.0004559422 -0.0007058638
-0.0004543422 0
-0.0004527422 0
-0.0004511422 0
-0.0004495422 0.0002352879
-0.0004479422 -0.0002352879
-0.0004463422 -0.0004705758
-0.0004447422 0
-0.0004431422 0
-0.0004415422 -0.0009411517
-0.0004399422 -0.0002352879
-0.0004383422 -0.0002352879
-0.0004367422 0
-0.0004351422 -0.0007058638
-0.0004335422 0
-0.0004319422 0
-0.0004303422 0
-0.0004287422 -0.0002352879
-0.0004271422 -0.0007058638
-0.0004255422 -0.0002352879
-0.0004239422 -0.0004705758
-0.0004223422 -0.0002352879
-0.0004207422 -0.0002352879
-0.0004191422 0
-0.0004175422 0
-0.0004159422 0
-0.0004143422 0.0002352879
-0.0004127422 0.0002352879
-0.0004111422 -0.0002352879
-0.0004095422 0.0004705758
-0.0004079422 0
-0.0004063422 0.0002352879
-0.0004047422 0.0002352879
-0.0004031422 -0.0004705758
-0.0004015422 -0.0002352879
-0.0003999422 0.0002352879
-0.0003983422 0
-0.0003967422 0.0002352879
-0.0003951422 0.0002352879
-0.0003935422 0
-0.0003919422 0.0002352879
-0.0003903422 -0.0002352879
-0.0003887422 -0.0002352879
-0.0003871422 0.0002352879
-0.0003855422 0
-0.0003839422 0.0002352879
-0.0003823422 0.0002352879
-0.0003807422 0
-0.0003791422 -0.0004705758
-0.0003775422 -0.0002352879
-0.0003759422 0.0002352879
-0.0003743422 0
-0.0003727422 0
-0.0003711422 0.0002352879
-0.0003695422 -0.0002352879
-0.0003679422 0.0002352879
-0.0003663422 -0.0004705758
-0.0003647422 0.0002352879
-0.0003631422 0.0002352879
-0.0003615422 0.0002352879
-0.0003599422 0.0002352879
-0.0003583422 0.0007058638
-0.0003567422 0.0002352879
-0.0003551422 0.0002352879
-0.0003535422 0
-0.0003519422 -0.0004705758
-0.0003503422 -0.0004705758
-0.0003487422 0.0007058638
-0.0003471422 -0.0002352879
-0.0003455422 0
-0.0003439422 0.0002352879
-0.0003423422 0
-0.0003407422 0
-0.0003391422 0.0007058638
-0.0003375422 0
-0.0003359422 0
-0.0003343422 -0.0004705758
-0.0003327422 0.0009411517
-0.0003311422 0
-0.0003295422 0.0009411517
-0.0003279422 0
-0.0003263422 -0.0002352879
-0.0003247422 -0.0007058638
-0.0003231422 0
-0.0003215422 -0.0002352879
-0.0003199422 0.0009411517
-0.0003183422 0
-0.0003167422 0.0004705758
-0.0003151422 0
-0.0003135422 -0.0002352879
-0.0003119422 -0.0002352879
-0.0003103422 0
-0.0003087422 -0.0004705758
-0.0003071422 0
-0.0003055422 -0.0007058638
-0.0003039422 -0.0002352879
-0.0003023422 0
-0.0003007422 -0.0004705758
-0.0002991422 0.0002352879
-0.0002975422 0.0002352879
-0.0002959422 -0.0002352879
-0.0002943422 -0.0002352879
-0.0002927422 -0.0002352879
-0.0002911422 -0.0002352879
-0.0002895422 -0.0004705758
-0.0002879422 0
-0.0002863422 0
-0.0002847422 0
-0.0002831422 0.0002352879
-0.0002815422 -0.0007058638
-0.0002799422 0
-0.0002783422 0.0002352879
-0.0002767422 0
-0.0002751422 0
-0.0002735422 0
-0.0002719422 -0.0002352879
-0.0002703422 0.0002352879
-0.0002687422 0
-0.0002671422 -0.0002352879
-0.0002655422 0.0002352879
-0.0002639422 0.0004705758
-0.0002623422 0.0002352879
-0.0002607422 0.0002352879
-0.0002591422 0
-0.0002575422 -0.0002352879
-0.0002559422 0.0002352879
-0.0002543422 -0.0007058638
-0.0002527422 0.0004705758
-0.0002511422 -0.0004705758
-0.0002495422 0
-0.0002479422 0.0004705758
-0.0002463422 0.0002352879
-0.0002447422 -0.0004705758
-0.0002431422 -0.0002352879
-0.0002415422 -0.0002352879
-0.0002399422 0
-0.0002383422 -0.0004705758
-0.0002367422 -0.0007058638
-0.0002351422 0
-0.0002335422 0
-0.0002319422 0
-0.0002303422 0.0009411517
-0.0002287422 -0.0002352879
-0.0002271422 0.0007058638
-0.0002255422 -0.0002352879
-0.0002239422 0.0002352879
-0.0002223422 0.0002352879
-0.0002207422 -0.0002352879
-0.0002191422 -0.0007058638
-0.0002175422 -0.0002352879
-0.0002159422 0.0002352879
-0.0002143422 -0.0002352879
-0.0002127422 0.0002352879
-0.0002111422 0
-0.0002095422 0.0002352879
-0.0002079422 0
-0.0002063422 -0.0002352879
-0.0002047422 0.0002352879
-0.0002031422 -0.0002352879
-0.0002015422 0.0004705758
-0.0001999422 0.0002352879
-0.0001983422 -0.0002352879
-0.0001967422 -0.0002352879
-0.0001951422 0
-0.0001935422 0.0007058638
-0.0001919422 0.0002352879
-0.0001903422 0.0002352879
-0.0001887422 0.0004705758
-0.0001871422 -0.0002352879
-0.0001855422 0.0004705758
-0.0001839422 -0.0002352879
-0.0001823422 0
-0.0001807422 -0.0002352879
-0.0001791422 0
-0.0001775422 0.0004705758
-0.0001759422 -0.0002352879
-0.0001743422 0
-0.0001727422 0
-0.0001711422 0.0007058638
-0.0001695422 0.0002352879
-0.0001679422 -0.0002352879
-0.0001663422 0.0004705758
-0.0001647422 -0.0004705758
-0.0001631422 0.0002352879
-0.0001615422 0
-0.0001599422 0.0004705758
-0.0001583422 0.0002352879
-0.0001567422 -0.0002352879
-0.0001551422 -0.0002352879
-0.0001535422 0.0004705758
-0.0001519422 -0.0002352879
-0.0001503422 -0.0002352879
-0.0001487422 -0.0002352879
-0.0001471422 -0.0004705758
-0.0001455422 -0.0004705758
-0.0001439422 0
-0.0001423422 -0.0004705758
-0.0001407422 0.0002352879
-0.0001391422 0.0002352879
-0.0001375422 0.0004705758
-0.0001359422 -0.0002352879
-0.0001343422 -0.0002352879
-0.0001327422 0.0002352879
-0.0001311422 -0.0002352879
-0.0001295422 -0.0004705758
-0.0001279422 -0.0007058638
-0.0001263422 0
-0.0001247422 0
-0.0001231422 0.0002352879
-0.0001215422 0
-0.0001199422 0
-0.0001183422 0.0002352879
-0.0001167422 -0.0004705758
-0.0001151422 -0.0002352879
-0.0001135422 0.0002352879
-0.0001119422 -0.0002352879
-0.0001103422 -0.0002352879
-0.0001087422 0
-0.0001071422 -0.0004705758
-0.0001055422 0
-0.0001039422 -0.0007058638
-0.0001023422 -0.0002352879
-0.0001007422 0
-9.91422e-005 0
-9.75422e-005 0.0002352879
-9.59422e-005 -0.0002352879
-9.43422e-005 -0.0002352879
-9.27422e-005 0.0002352879
-9.11422e-005 0
-8.95422e-005 0.0004705758
-8.79422e-005 -0.0009411517
-8.63422e-005 0
-8.47422e-005 -0.0002352879
-8.31422e-005 0
-8.15422e-005 0.0002352879
-7.99422e-005 0.0002352879
-7.83422e-005 0.0002352879
-7.67422e-005 0
-7.51422e-005 0.0002352879
-7.35422e-005 0
-7.19422e-005 -0.0004705758
-7.03422e-005 0.0007058638
-6.87422e-005 0.001647015
-6.71422e-005 0.005411622
-6.55422e-005 0.0117644
-6.39422e-005 0.01858775
-6.23422e-005 0.0214112
-6.07422e-005 0.01458785
-5.91422e-005 -0.002117591
-5.75422e-005 -0.02047005
-5.59422e-005 -0.02964628
-5.43422e-005 -0.02423466
-5.27422e-005 -0.01458785
-5.11422e-005 -0.009646805
-4.95422e-005 -0.01505843
-4.79422e-005 -0.03152858
-4.63422e-005 -0.05411622
-4.47422e-005 -0.07058638
-4.31422e-005 -0.07435098
-4.15422e-005 -0.06305716
-3.99422e-005 -0.04941046
-3.83422e-005 -0.04729287
-3.67422e-005 -0.05882198
-3.51422e-005 -0.07717444
-3.35422e-005 -0.09223286
-3.19422e-005 -0.09670333
-3.03422e-005 -0.08870354
-2.87422e-005 -0.0682335
-2.71422e-005 -0.04823402
-2.55422e-005 -0.03717549
-2.39422e-005 -0.0369402
-2.23422e-005 -0.04588114
-2.07422e-005 -0.05293978
-1.91422e-005 -0.0545868
-1.75422e-005 -0.05035161
-1.59422e-005 -0.04329298
-1.43422e-005 -0.0369402
-1.27422e-005 -0.03058743
-1.11422e-005 -0.0254111
-9.5422e-006 -0.02070534
-7.9422e-006 -0.01623487
-6.3422e-006 -0.01152911
-4.7422e-006 -0.009176229
-3.1422e-006 -0.007529213
-1.5422e-006 -0.006588062
5.78e-008 -0.002588167
1.6578e-006 0.001411728
3.2578e-006 0.002352879
4.8578e-006 -0.0009411517
6.4578e-006 -0.003294031
8.0578e-006 -0.008470365
9.6578e-006 -0.01199968
1.12578e-005 -0.01223497
1.28578e-005 -0.01082324
1.44578e-005 -0.01152911
1.60578e-005 -0.01317612
1.76578e-005 -0.01505843
1.92578e-005 -0.01623487
2.08578e-005 -0.015529
2.24578e-005 -0.01647015
2.40578e-005 -0.01811717
2.56578e-005 -0.02188178
2.72578e-005 -0.02517581
2.88578e-005 -0.02705811
3.04578e-005 -0.0254111
3.20578e-005 -0.02188178
3.36578e-005 -0.0195289
3.52578e-005 -0.01905832
3.68578e-005 -0.01999947
3.84578e-005 -0.02282293
4.00578e-005 -0.02682282
4.16578e-005 -0.02894041
4.32578e-005 -0.02846984
4.48578e-005 -0.02517581
4.64578e-005 -0.02470523
4.80578e-005 -0.02635225
4.96578e-005 -0.03082272
5.12578e-005 -0.03341088
5.28578e-005 -0.03458732
5.44578e-005 -0.03341088
5.60578e-005 -0.03435204
5.76578e-005 -0.03670492
5.92578e-005 -0.03882251
6.08578e-005 -0.04046952
6.24578e-005 -0.04258711
6.40578e-005 -0.04446942
6.56578e-005 -0.04635172
6.72578e-005 -0.04705758
6.88578e-005 -0.04823402
7.04578e-005 -0.05082219
7.20578e-005 -0.0545868
7.36578e-005 -0.05741025
7.52578e-005 -0.05717496
7.68578e-005 -0.05670439
7.84578e-005 -0.05764554
8.00578e-005 -0.06093957
8.16578e-005 -0.06705706
8.32578e-005 -0.07246868
8.48578e-005 -0.07411569
8.64578e-005 -0.07552742
8.80578e-005 -0.07435098
8.96578e-005 -0.07317454
9.12578e-005 -0.07270397
9.28578e-005 -0.07317454
9.44578e-005 -0.07246868
9.60578e-005 -0.07035109
9.76578e-005 -0.06588062
9.92578e-005 -0.06305716
0.0001008578 -0.05929256
0.0001024578 -0.05670439
0.0001040578 -0.05364565
0.0001056578 -0.04846931
0.0001072578 -0.04211654
0.0001088578 -0.03670492
0.0001104578 -0.03341088
0.0001120578 -0.03199916
0.0001136578 -0.03058743
0.0001152578 -0.02823455
0.0001168578 -0.02305822
0.0001184578 -0.01905832
0.0001200578 -0.01858775
0.0001216578 -0.0214112
0.0001232578 -0.0254111
0.0001248578 -0.02870513
0.0001264578 -0.02870513
0.0001280578 -0.02611696
0.0001296578 -0.02564638
0.0001312578 -0.02588167
0.0001328578 -0.02894041
0.0001344578 -0.03176387
0.0001360578 -0.03294031
0.0001376578 -0.03482261
0.0001392578 -0.03552848
0.0001408578 -0.03623434
0.0001424578 -0.03623434
0.0001440578 -0.03717549
0.0001456578 -0.03764607
0.0001472578 -0.03646963
0.0001488578 -0.03294031
0.0001504578 -0.02964628
0.0001520578 -0.02635225
0.0001536578 -0.02446994
0.0001552578 -0.02282293
0.0001568578 -0.0195289
0.0001584578 -0.01647015
0.0001600578 -0.01199968
0.0001616578 -0.009176229
0.0001632578 -0.008470365
0.0001648578 -0.009646805
0.0001664578 -0.01152911
0.0001680578 -0.01317612
0.0001696578 -0.01435256
0.0001712578 -0.01529371
0.0001728578 -0.01741131
0.0001744578 -0.02117591
0.0001760578 -0.02894041
0.0001776578 -0.03646963
0.0001792578 -0.04141067
0.0001808578 -0.04588114
0.0001824578 -0.04941046
0.0001840578 -0.05176334
0.0001856578 -0.0545868
0.0001872578 -0.05599852
0.0001888578 -0.05670439
0.0001904578 -0.05552795
0.0001920578 -0.05482208
0.0001936578 -0.05552795
0.0001952578 -0.05976313
0.0001968578 -0.06141015
0.0001984578 -0.06258659
0.0002000578 -0.06258659
0.0002016578 -0.06258659
0.0002032578 -0.06376303
0.0002048578 -0.06541004
0.0002064578 -0.06776292
0.0002080578 -0.06776292
0.0002096578 -0.06658648
0.0002112578 -0.06164543
0.0002128578 -0.05670439
0.0002144578 -0.05388093
0.0002160578 -0.05293978
0.0002176578 -0.05223392
0.0002192578 -0.04941046
0.0002208578 -0.04776345
0.0002224578 -0.04541057
0.0002240578 -0.04235183
0.0002256578 -0.03858722
0.0002272578 -0.03646963
0.0002288578 -0.03576376
0.0002304578 -0.03435204
0.0002320578 -0.0331756
0.0002336578 -0.03152858
0.0002352578 -0.03058743
0.0002368578 -0.02870513
0.0002384578 -0.02776397
0.0002400578 -0.02776397
0.0002416578 -0.02823455
0.0002432578 -0.0291757
0.0002448578 -0.03011685
0.0002464578 -0.02941099
0.0002480578 -0.02776397
0.0002496578 -0.02611696
0.0002512578 -0.02588167
0.0002528578 -0.02611696
0.0002544578 -0.02752869
0.0002560578 -0.02776397
0.0002576578 -0.02635225
0.0002592578 -0.0232935
0.0002608578 -0.01999947
0.0002624578 -0.01694073
0.0002640578 -0.01458785
0.0002656578 -0.01317612
0.0002672578 -0.01294084
0.0002688578 -0.01152911
0.0002704578 -0.009176229
0.0002720578 -0.006588062
0.0002736578 -0.006588062
0.0002752578 -0.006117486
0.0002768578 -0.007293925
0.0002784578 -0.009646805
0.0002800578 -0.01199968
0.0002816578 -0.0136467
0.0002832578 -0.01411728
0.0002848578 -0.01388199
0.0002864578 -0.01647015
0.0002880578 -0.01999947
0.0002896578 -0.02399937
0.0002912578 -0.02823455
0.0002928578 -0.02964628
0.0002944578 -0.03058743
0.0002960578 -0.03011685
0.0002976578 -0.03129329
0.0002992578 -0.03364617
0.0003008578 -0.0369402
0.0003024578 -0.03999895
0.0003040578 -0.0409401
0.0003056578 -0.0409401
0.0003072578 -0.04023423
0.0003088578 -0.04117539
0.0003104578 -0.0428224
0.0003120578 -0.04352826
0.0003136578 -0.04446942
0.0003152578 -0.04399884
0.0003168578 -0.04329298
0.0003184578 -0.04399884
0.0003200578 -0.04423413
0.0003216578 -0.04305769
0.0003232578 -0.04117539
0.0003248578 -0.03788135
0.0003264578 -0.03435204
0.0003280578 -0.03082272
0.0003296578 -0.02894041
0.0003312578 -0.0272934
0.0003328578 -0.02470523
0.0003344578 -0.02188178
0.0003360578 -0.0195289
0.0003376578 -0.01811717
0.0003392578 -0.01858775
0.0003408578 -0.01929361
0.0003424578 -0.01835246
0.0003440578 -0.01623487
0.0003456578 -0.01223497
0.0003472578 -0.01035267
0.0003488578 -0.009176229
0.0003504578 -0.008940941
0.0003520578 -0.009882093
0.0003536578 -0.008235077
0.0003552578 -0.006117486
0.0003568578 -0.004705758
0.0003584578 -0.00447047
0.0003600578 -0.007293925
0.0003616578 -0.01082324
0.0003632578 -0.01388199
0.0003648578 -0.01435256
0.0003664578 -0.01435256
0.0003680578 -0.01388199
0.0003696578 -0.01317612
0.0003712578 -0.01458785
0.0003728578 -0.01623487
0.0003744578 -0.01764659
0.0003760578 -0.01647015
0.0003776578 -0.01623487
0.0003792578 -0.01482314
0.0003808578 -0.01529371
0.0003824578 -0.01599958
0.0003840578 -0.01670544
0.0003856578 -0.01505843
0.0003872578 -0.01411728
0.0003888578 -0.01199968
0.0003904578 -0.009882093
0.0003920578 -0.01011738
0.0003936578 -0.009882093
0.0003952578 -0.01105853
0.0003968578 -0.009882093
0.0003984578 -0.008705653
0.0004000578 -0.00682335
0.0004016578 -0.00682335
0.0004032578 -0.007529213
0.0004048578 -0.008940941
0.0004064578 -0.009176229
0.0004080578 -0.009882093
0.0004096578 -0.009882093
0.0004112578 -0.009646805
0.0004128578 -0.01129382
0.0004144578 -0.01294084
0.0004160578 -0.01270555
0.0004176578 -0.01341141
0.0004192578 -0.01294084
0.0004208578 -0.01341141
0.0004224578 -0.01482314
0.0004240578 -0.01623487
0.0004256578 -0.01694073
0.0004272578 -0.01647015
0.0004288578 -0.01529371
0.0004304578 -0.01458785
0.0004320578 -0.01576429
0.0004336578 -0.01670544
0.0004352578 -0.01835246
0.0004368578 -0.01835246
0.0004384578 -0.01717602
0.0004400578 -0.01505843
0.0004416578 -0.01294084
0.0004432578 -0.0136467
0.0004448578 -0.01388199
0.0004464578 -0.01458785
0.0004480578 -0.01388199
0.0004496578 -0.01035267
0.0004512578 -0.007058638
0.0004528578 -0.00447047
0.0004544578 -0.001882303
0.0004560578 -0.0009411517
0.0004576578 0.00117644
0.0004592578 0.003529319
0.0004608578 0.00682335
0.0004624578 0.01082324
0.0004640578 0.01388199
0.0004656578 0.01623487
0.0004672578 0.01599958
0.0004688578 0.01647015
0.0004704578 0.01694073
0.0004720578 0.01764659
0.0004736578 0.01741131
0.0004752578 0.01811717
0.0004768578 0.01670544
0.0004784578 0.01435256
0.0004800578 0.01199968
0.0004816578 0.01105853
0.0004832578 0.01058796
0.0004848578 0.01058796
0.0004864578 0.008705653
0.0004880578 0.007058638
0.0004896578 0.005411622
0.0004912578 0.00447047
0.0004928578 0.005411622
0.0004944578 0.006117486
0.0004960578 0.006588062
0.0004976578 0.006588062
0.0004992578 0.007058638
0.0005008578 0.007293925
0.0005024578 0.007999789
0.0005040578 0.009882093
0.0005056578 0.009411517
0.0005072578 0.008235077
0.0005088578 0.006588062
0.0005104578 0.004941046
0.0005120578 0.004705758
0.0005136578 0.004235183
0.0005152578 0.003058743
0.0005168578 0.002117591
0.0005184578 -0.0007058638
0.0005200578 -0.003529319
0.0005216578 -0.005176334
0.0005232578 -0.005411622
0.0005248578 -0.003764607
0.0005264578 -0.003999895
0.0005280578 -0.004705758
0.0005296578 -0.006117486
0.0005312578 -0.006588062
0.0005328578 -0.00564691
0.0005344578 -0.004235183
0.0005360578 -0.002117591
0.0005376578 0.0004705758
0.0005392578 0.00117644
0.0005408578 0.003294031
0.0005424578 0.00564691
0.0005440578 0.007764501
0.0005456578 0.009176229
0.0005472578 0.009411517
0.0005488578 0.009646805
0.0005504578 0.008940941
0.0005520578 0.008705653
0.0005536578 0.009646805
0.0005552578 0.01058796
0.0005568578 0.01082324
0.0005584578 0.009882093
0.0005600578 0.008940941
0.0005616578 0.006588062
0.0005632578 0.005882198
0.0005648578 0.006588062
0.0005664578 0.008705653
0.0005680578 0.009646805
0.0005696578 0.01035267
0.0005712578 0.009882093
0.0005728578 0.009411517
0.0005744578 0.01058796
0.0005760578 0.01247026
0.0005776578 0.01505843
0.0005792578 0.01717602
0.0005808578 0.01788188
0.0005824578 0.01905832
0.0005840578 0.02023476
0.0005856578 0.02235235
0.0005872578 0.02352879
0.0005888578 0.02517581
0.0005904578 0.02658753
0.0005920578 0.02776397
0.0005936578 0.02988157
0.0005952578 0.03105801
0.0005968578 0.03199916
0.0005984578 0.03246973
0.0006000578 0.03176387
0.0006016578 0.02988157
0.0006032578 0.0291757
0.0006048578 0.02823455
0.0006064578 0.02799926
0.0006080578 0.0272934
0.0006096578 0.02588167
0.0006112578 0.02399937
0.0006128578 0.02352879
0.0006144578 0.02352879
0.0006160578 0.02376408
0.0006176578 0.02446994
0.0006192578 0.02423466
0.0006208578 0.02282293
0.0006224578 0.02211706
0.0006240578 0.02211706
0.0006256578 0.02235235
0.0006272578 0.02235235
0.0006288578 0.02188178
0.0006304578 0.01999947
0.0006320578 0.01741131
0.0006336578 0.015529
0.0006352578 0.01411728
0.0006368578 0.01294084
0.0006384578 0.01105853
0.0006400578 0.008940941
0.0006416578 0.006588062
0.0006432578 0.003999895
0.0006448578 0.002588167
0.0006464578 0.00117644
0.0006480578 0.002117591
0.0006496578 0.002352879
0.0006512578 0.002352879
0.0006528578 0.002588167
0.0006544578 0.003529319
0.0006560578 0.004705758
0.0006576578 0.005411622
0.0006592578 0.007293925
0.0006608578 0.008235077
0.0006624578 0.01011738
0.0006640578 0.0117644
0.0006656578 0.01294084
0.0006672578 0.01458785
0.0006688578 0.01435256
0.0006704578 0.01411728
0.0006720578 0.01576429
0.0006736578 0.01647015
0.0006752578 0.01741131
0.0006768578 0.01882303
0.0006784578 0.0195289
0.0006800578 0.02070534
0.0006816578 0.02117591
0.0006832578 0.02211706
0.0006848578 0.02282293
0.0006864578 0.02470523
0.0006880578 0.02658753
0.0006896578 0.02846984
0.0006912578 0.03082272
0.0006928578 0.03058743
0.0006944578 0.03152858
0.0006960578 0.03199916
0.0006976578 0.03364617
0.0006992578 0.0350579
0.0007008578 0.03764607
0.0007024578 0.03882251
0.0007040578 0.03952837
0.0007056578 0.03929308
0.0007072578 0.03905779
0.0007088578 0.03835193
0.0007104578 0.03999895
0.0007120578 0.04023423
0.0007136578 0.04070481
0.0007152578 0.04070481
0.0007168578 0.04023423
0.0007184578 0.03929308
0.0007200578 0.03764607
0.0007216578 0.03670492
0.0007232578 0.03717549
0.0007248578 0.03788135
0.0007264578 0.03858722
0.0007280578 0.03976366
0.0007296578 0.04023423
0.0007312578 0.04023423
0.0007328578 0.04023423
0.0007344578 0.04188125
0.0007360578 0.04258711
0.0007376578 0.04329298
0.0007392578 0.04423413
0.0007408578 0.04423413
0.0007424578 0.04376355
0.0007440578 0.04211654
0.0007456578 0.0409401
0.0007472578 0.03999895
0.0007488578 0.03905779
0.0007504578 0.03811664
0.0007520578 0.03717549
0.0007536578 0.03482261
0.0007552578 0.03223444
0.0007568578 0.03082272
0.0007584578 0.02894041
0.0007600578 0.02870513
0.0007616578 0.02823455
0.0007632578 0.02635225
0.0007648578 0.02517581
0.0007664578 0.02305822
0.0007680578 0.02211706
0.0007696578 0.0214112
0.0007712578 0.02188178
0.0007728578 0.02188178
0.0007744578 0.02211706
0.0007760578 0.02258764
0.0007776578 0.02235235
0.0007792578 0.02235235
0.0007808578 0.02423466
0.0007824578 0.02564638
0.0007840578 0.02611696
0.0007856578 0.02705811
0.0007872578 0.02682282
0.0007888578 0.0272934
0.0007904578 0.02682282
0.0007920578 0.02799926
0.0007936578 0.0291757
0.0007952578 0.03058743
0.0007968578 0.03152858
0.0007984578 0.03176387
0.0008000578 0.03246973
0.0008016578 0.03246973
0.0008032578 0.03364617
0.0008048578 0.03482261
0.0008064578 0.03435204
0.0008080578 0.03482261
0.0008096578 0.03341088
0.0008112578 0.03246973
0.0008128578 0.03246973
0.0008144578 0.03270502
0.0008160578 0.03294031
0.0008176578 0.03294031
0.0008192578 0.03246973
0.0008208578 0.03223444
0.0008224578 0.03129329
0.0008240578 0.03129329
0.0008256578 0.03176387
0.0008272578 0.03105801
0.0008288578 0.03129329
0.0008304578 0.03176387
0.0008320578 0.03152858
0.0008336578 0.03058743
0.0008352578 0.03082272
0.0008368578 0.03176387
0.0008384578 0.03294031
0.0008400578 0.03341088
0.0008416578 0.03482261
0.0008432578 0.0350579
0.0008448578 0.03482261
0.0008464578 0.03482261
0.0008480578 0.03529319
0.0008496578 0.03552848
0.0008512578 0.03552848
0.0008528578 0.0350579
0.0008544578 0.03458732
0.0008560578 0.03435204
0.0008576578 0.03388146
0.0008592578 0.03388146
0.0008608578 0.03388146
0.0008624578 0.03388146
0.0008640578 0.03270502
0.0008656578 0.03364617
0.0008672578 0.03294031
0.0008688578 0.03411675
0.0008704578 0.03364617
0.0008720578 0.0331756
0.0008736578 0.03341088
0.0008752578 0.03435204
0.0008768578 0.03482261
0.0008784578 0.03552848
0.0008800578 0.03599905
0.0008816578 0.03646963
0.0008832578 0.0369402
0.0008848578 0.03670492
0.0008864578 0.03717549
0.0008880578 0.03788135
0.0008896578 0.03741078
0.0008912578 0.03717549
0.0008928578 0.03623434
0.0008944578 0.03482261
0.0008960578 0.03388146
0.0008976578 0.03246973
0.0008992578 0.03129329
0.0009008578 0.03129329
0.0009024578 0.02988157
0.0009040578 0.02870513
0.0009056578 0.02752869
0.0009072578 0.02611696
0.0009088578 0.02564638
0.0009104578 0.02658753
0.0009120578 0.02611696
0.0009136578 0.02564638
0.0009152578 0.02446994
0.0009168578 0.02258764
0.0009184578 0.02258764
0.0009200578 0.02305822
0.0009216578 0.0232935
0.0009232578 0.0254111
0.0009248578 0.02658753
0.0009264578 0.02682282
0.0009280578 0.02823455
0.0009296578 0.0291757
0.0009312578 0.03129329
0.0009328578 0.03294031
0.0009344578 0.03458732
0.0009360578 0.03741078
0.0009376578 0.03882251
0.0009392578 0.04070481
0.0009408578 0.04235183
0.0009424578 0.04211654
0.0009440578 0.0428224
0.0009456578 0.0428224
0.0009472578 0.0428224
0.0009488578 0.04235183
0.0009504578 0.04164596
0.0009520578 0.04046952
0.0009536578 0.03835193
0.0009552578 0.03670492
0.0009568578 0.03435204
0.0009584578 0.03364617
0.0009600578 0.03199916
0.0009616578 0.03105801
0.0009632578 0.03011685
0.0009648578 0.02776397
0.0009664578 0.02705811
0.0009680578 0.02752869
0.0009696578 0.02658753
0.0009712578 0.0272934
0.0009728578 0.02799926
0.0009744578 0.02870513
0.0009760578 0.02823455
0.0009776578 0.0291757
0.0009792578 0.02988157
0.0009808578 0.03129329
0.0009824578 0.03388146
0.0009840578 0.03458732
0.0009856578 0.03458732
0.0009872578 0.03599905
0.0009888578 0.03670492
0.0009904578 0.03905779
0.0009920578 0.04141067
0.0009936578 0.0428224
0.0009952578 0.04352826
0.0009968578 0.04446942
0.0009984578 0.04399884
0.001000058 0.04517528
0.001001658 0.0447047
0.001003258 0.04541057
0.001004858 0.04564586
0.001006458 0.04493999
0.001008058 0.04399884
0.001009658 0.04329298
0.001011258 0.0428224
0.001012858 0.04399884
0.001014458 0.04423413
0.001016058 0.04329298
0.001017658 0.04329298
0.001019258 0.04235183
0.001020858 0.04258711
0.001022458 0.04188125
0.001024058 0.04235183
0.001025658 0.0409401
0.001027258 0.03999895
0.001028858 0.03858722
0.001030458 0.03717549
0.001032058 0.03741078
0.001033658 0.03646963
0.001035258 0.03482261
0.001036858 0.03388146
0.001038458 0.03176387
0.001040058 0.03082272
0.001041658 0.03035214
0.001043258 0.03011685
0.001044858 0.0291757
0.001046458 0.02894041
0.001048058 0.02752869
0.001049658 0.02705811
0.001051258 0.02682282
0.001052858 0.02682282
0.001054458 0.02752869
0.001056058 0.02776397
0.001057658 0.0272934
0.001059258 0.0272934
0.001060858 0.02705811
0.001062458 0.02705811
0.001064058 0.02752869
0.001065658 0.02799926
0.001067258 0.02846984
0.001068858 0.0291757
0.001070458 0.02988157
0.001072058 0.03035214
0.001073658 0.03129329
0.001075258 0.03176387
0.001076858 0.03176387
0.001078458 0.03246973
0.001080058 0.03223444
0.001081658 0.03294031
0.001083258 0.03388146
0.001084858 0.03364617
0.001086458 0.03411675
0.001088058 0.03364617
0.001089658 0.03341088
0.001091258 0.03294031
0.001092858 0.03411675
0.001094458 0.03482261
0.001096058 0.0350579
0.001097658 0.03435204
0.001099258 0.03388146
0.001100858 0.0331756
0.001102458 0.03411675
0.001104058 0.03411675
0.001105658 0.03599905
0.001107258 0.03623434
0.001108858 0.03599905
0.001110458 0.0350579
0.001112058 0.03482261
0.001113658 0.03411675
0.001115258 0.03482261
0.001116858 0.03552848
0.001118458 0.03599905
0.001120058 0.03529319
0.001121658 0.03435204
0.001123258 0.03411675
0.001124858 0.03364617
0.001126458 0.03411675
0.001128058 0.03482261
0.001129658 0.03458732
0.001131258 0.03388146
0.001132858 0.03411675
0.001134458 0.03458732
0.001136058 0.03435204
0.001137658 0.03552848
0.001139258 0.03552848
0.001140858 0.03623434
0.001142458 0.03646963
0.001144058 0.03670492
0.001145658 0.03764607
0.001147258 0.03929308
0.001148858 0.04070481
0.001150458 0.0428224
0.001152058 0.04352826
0.001153658 0.04493999
0.001155258 0.04588114
0.001156858 0.0468223
0.001158458 0.04799874
0.001160058 0.04964575
0.001161658 0.04941046
0.001163258 0.04917517
0.001164858 0.04988104
0.001166458 0.04964575
0.001168058 0.04964575
0.001169658 0.04917517
0.001171258 0.04846931
0.001172858 0.04799874
0.001174458 0.04635172
0.001176058 0.04446942
0.001177658 0.04235183
0.001179258 0.04117539
0.001180858 0.03882251
0.001182458 0.03717549
0.001184058 0.03458732
0.001185658 0.03270502
0.001187258 0.03082272
0.001188858 0.03058743
0.001190458 0.02894041
0.001192058 0.0272934
0.001193658 0.02564638
0.001195258 0.02446994
0.001196858 0.02305822
0.001198458 0.02258764
0.001200058 0.02235235
0.001201658 0.0232935
0.001203258 0.02282293
0.001204858 0.02282293
0.001206458 0.02305822
0.001208058 0.02282293
0.001209658 0.02352879
0.001211258 0.02470523
0.001212858 0.0254111
0.001214458 0.0254111
0.001216058 0.02494052
0.001217658 0.0254111
0.001219258 0.02517581
0.001220858 0.02611696
0.001222458 0.02658753
0.001224058 0.02705811
0.001225658 0.02705811
0.001227258 0.02705811
0.001228858 0.02658753
0.001230458 0.0272934
0.001232058 0.02846984
0.001233658 0.0291757
0.001235258 0.02988157
0.001236858 0.02870513
0.001238458 0.02941099
0.001240058 0.02894041
0.001241658 0.02894041
0.001243258 0.02870513
0.001244858 0.02941099
0.001246458 0.03011685
0.001248058 0.03011685
0.001249658 0.03082272
0.001251258 0.03082272
0.001252858 0.03199916
0.001254458 0.03270502
0.001256058 0.03411675
0.001257658 0.03458732
0.001259258 0.03552848
0.001260858 0.0350579
0.001262458 0.03623434
0.001264058 0.0369402
0.001265658 0.03764607
0.001267258 0.03811664
0.001268858 0.03905779
0.001270458 0.03952837
0.001272058 0.03905779
0.001273658 0.03882251
0.001275258 0.03882251
0.001276858 0.03882251
0.001278458 0.03882251
0.001280058 0.03929308
0.001281658 0.03858722
0.001283258 0.03811664
0.001284858 0.03717549
0.001286458 0.03552848
0.001288058 0.03411675
0.001289658 0.03294031
0.001291258 0.03129329
0.001292858 0.03011685
0.001294458 0.02823455
0.001296058 0.02635225
0.001297658 0.02376408
0.001299258 0.02164649
0.001300858 0.01976419
0.001302458 0.01835246
0.001304058 0.01717602
0.001305658 0.01647015
0.001307258 0.01599958
0.001308858 0.01529371
0.001310458 0.01482314
0.001312058 0.01458785
0.001313658 0.01435256
0.001315258 0.01623487
0.001316858 0.01576429
0.001318458 0.01529371
0.001320058 0.01599958
0.001321658 0.01599958
0.001323258 0.01694073
0.001324858 0.01694073
0.001326458 0.01741131
0.001328058 0.01694073
0.001329658 0.01811717
0.001331258 0.01694073
0.001332858 0.01694073
0.001334458 0.01576429
0.001336058 0.01482314
0.001337658 0.0136467
0.001339258 0.01317612
0.001340858 0.01199968
0.001342458 0.01129382
0.001344058 0.01035267
0.001345658 0.007999789
0.001347258 0.007058638
0.001348858 0.007293925
0.001350458 0.00682335
0.001352058 0.006588062
0.001353658 0.006588062
0.001355258 0.006588062
0.001356858 0.006117486
0.001358458 0.006352774
0.001360058 0.007058638
0.001361658 0.007529213
0.001363258 0.007999789
0.001364858 0.008940941
0.001366458 0.008705653
0.001368058 0.009411517
0.001369658 0.009646805
0.001371258 0.01011738
0.001372858 0.01011738
0.001374458 0.01082324
0.001376058 0.01035267
0.001377658 0.01035267
0.001379258 0.01035267
0.001380858 0.01058796
0.001382458 0.009646805
0.001384058 0.008705653
0.001385658 0.008940941
0.001387258 0.007529213
0.001388858 0.007529213
0.001390458 0.007058638
0.001392058 0.006117486
0.001393658 0.005411622
0.001395258 0.004941046
0.001396858 0.005411622
0.001398458 0.00447047
0.001400058 0.004705758
0.001401658 0.005176334
0.001403258 0.005411622
0.001404858 0.00564691
0.001406458 0.005176334
0.001408058 0.005882198
0.001409658 0.005882198
0.001411258 0.007293925
0.001412858 0.007529213
0.001414458 0.008940941
0.001416058 0.008470365
0.001417658 0.008235077
0.001419258 0.008705653
0.001420858 0.008235077
0.001422458 0.009176229
0.001424058 0.008940941
0.001425658 0.008470365
0.001427258 0.008235077
0.001428858 0.00682335
0.001430458 0.006352774
0.001432058 0.005176334
0.001433658 0.004941046
0.001435258 0.004235183
0.001436858 0.003999895
0.001438458 0.003529319
0.001440058 0.002117591
0.001441658 0.001411728
0.001443258 0.0002352879
0.001444858 0
0.001446458 -0.0007058638
0.001448058 -0.002117591
0.001449658 -0.002352879
0.001451258 -0.002588167
0.001452858 -0.002588167
0.001454458 -0.003764607
0.001456058 -0.003764607
0.001457658 -0.003999895
0.001459258 -0.00447047
0.001460858 -0.004705758
0.001462458 -0.00564691
0.001464058 -0.004941046
0.001465658 -0.006588062
0.001467258 -0.007058638
0.001468858 -0.008470365
0.001470458 -0.008470365
0.001472058 -0.009176229
0.001473658 -0.01058796
0.001475258 -0.01152911
0.001476858 -0.01247026
0.001478458 -0.01341141
0.001480058 -0.01388199
0.001481658 -0.01458785
0.001483258 -0.015529
0.001484858 -0.01694073
0.001486458 -0.01764659
0.001488058 -0.01788188
0.001489658 -0.01882303
0.001491258 -0.01929361
0.001492858 -0.02023476
0.001494458 -0.02070534
0.001496058 -0.0214112
0.001497658 -0.02235235
0.001499258 -0.02305822
0.001500858 -0.02376408
0.001502458 -0.0232935
0.001504058 -0.02376408
0.001505658 -0.02352879
0.001507258 -0.02376408
0.001508858 -0.02376408
0.001510458 -0.02305822
0.001512058 -0.0232935
0.001513658 -0.02282293
0.001515258 -0.02235235
0.001516858 -0.02188178
0.001518458 -0.0214112
0.001520058 -0.02094062
0.001521658 -0.02047005
0.001523258 -0.01976419
0.001524858 -0.01882303
0.001526458 -0.01858775
0.001528058 -0.01811717
0.001529658 -0.01788188
0.001531258 -0.01670544
0.001532858 -0.01529371
0.001534458 -0.01576429
0.001536058 -0.01505843
0.001537658 -0.01435256
0.001539258 -0.01482314
0.001540858 -0.0136467
0.001542458 -0.01317612
0.001544058 -0.01270555
0.001545658 -0.01199968
0.001547258 -0.01270555
0.001548858 -0.0117644
0.001550458 -0.0117644
0.001552058 -0.01129382
0.001553658 -0.01082324
0.001555258 -0.01082324
0.001556858 -0.01058796
0.001558458 -0.0117644
0.001560058 -0.01105853
0.001561658 -0.01105853
0.001563258 -0.01105853
0.001564858 -0.01058796
0.001566458 -0.01011738
0.001568058 -0.01082324
0.001569658 -0.01082324
0.001571258 -0.01105853
0.001572858 -0.0117644
0.001574458 -0.01294084
0.001576058 -0.01294084
0.001577658 -0.01458785
0.001579258 -0.01623487
0.001580858 -0.01788188
0.001582458 -0.01999947
0.001584058 -0.02211706
0.001585658 -0.02352879
0.001587258 -0.02564638
0.001588858 -0.02705811
0.001590458 -0.02870513
0.001592058 -0.02964628
0.001593658 -0.03129329
0.001595258 -0.03270502
0.001596858 -0.03294031
0.001598458 -0.03270502
0.001600058 -0.03388146
0.001601658 -0.03458732
0.001603258 -0.03435204
0.001604858 -0.03411675
0.001606458 -0.03435204
0.001608058 -0.03435204
0.001609658 -0.03411675
0.001611258 -0.03435204
0.001612858 -0.0331756
0.001614458 -0.03270502
0.001616058 -0.03152858
0.001617658 -0.03152858
0.001619258 -0.03129329
0.001620858 -0.03058743
0.001622458 -0.03105801
0.001624058 -0.03035214
0.001625658 -0.03011685
0.001627258 -0.02964628
0.001628858 -0.02988157
0.001630458 -0.03011685
0.001632058 -0.02988157
0.001633658 -0.02964628
0.001635258 -0.02964628
0.001636858 -0.02823455
0.001638458 -0.0291757
0.001640058 -0.02823455
0.001641658 -0.02870513
0.001643258 -0.02846984
0.001644858 -0.02941099
0.001646458 -0.02799926
0.001648058 -0.02776397
0.001649658 -0.02705811
0.001651258 -0.02635225
0.001652858 -0.02635225
0.001654458 -0.0272934
0.001656058 -0.02705811
0.001657658 -0.02682282
0.001659258 -0.02635225
0.001660858 -0.02564638
0.001662458 -0.02470523
0.001664058 -0.02588167
0.001665658 -0.02611696
0.001667258 -0.02611696
0.001668858 -0.02658753
0.001670458 -0.02682282
0.001672058 -0.02611696
0.001673658 -0.02799926
0.001675258 -0.02682282
0.001676858 -0.02752869
0.001678458 -0.02752869
0.001680058 -0.02894041
0.001681658 -0.02941099
0.001683258 -0.02941099
0.001684858 -0.03011685
0.001686458 -0.03011685
0.001688058 -0.03152858
0.001689658 -0.03176387
0.001691258 -0.03270502
0.001692858 -0.03388146
0.001694458 -0.03388146
0.001696058 -0.03435204
0.001697658 -0.03458732
0.001699258 -0.03435204
0.001700858 -0.03341088
0.001702458 -0.03411675
0.001704058 -0.03364617
0.001705658 -0.03364617
0.001707258 -0.03294031
0.001708858 -0.03199916
0.001710458 -0.03223444
0.001712058 -0.03199916
0.001713658 -0.03152858
0.001715258 -0.03082272
0.001716858 -0.02988157
0.001718458 -0.02964628
0.001720058 -0.02846984
0.001721658 -0.0291757
0.001723258 -0.02799926
0.001724858 -0.02799926
0.001726458 -0.02752869
0.001728058 -0.02823455
0.001729658 -0.02846984
0.001731258 -0.02894041
0.001732858 -0.0291757
0.001734458 -0.03058743
0.001736058 -0.03176387
0.001737658 -0.03341088
0.001739258 -0.03411675
0.001740858 -0.03482261
0.001742458 -0.03623434
0.001744058 -0.03646963
0.001745658 -0.03858722
0.001747258 -0.03905779
0.001748858 -0.04070481
0.001750458 -0.04164596
0.001752058 -0.04235183
0.001753658 -0.04352826
0.001755258 -0.04423413
0.001756858 -0.04423413
0.001758458 -0.04376355
0.001760058 -0.04588114
0.001761658 -0.04517528
0.001763258 -0.04517528
0.001764858 -0.04493999
0.001766458 -0.04493999
0.001768058 -0.04446942
0.001769658 -0.04352826
0.001771258 -0.04399884
0.001772858 -0.04258711
0.001774458 -0.04188125
0.001776058 -0.04117539
0.001777658 -0.03952837
0.001779258 -0.03858722
0.001780858 -0.03764607
0.001782458 -0.0369402
0.001784058 -0.03599905
0.001785658 -0.03529319
0.001787258 -0.0350579
0.001788858 -0.03435204
0.001790458 -0.0331756
0.001792058 -0.03199916
0.001793658 -0.03199916
0.001795258 -0.03129329
0.001796858 -0.03058743
0.001798458 -0.03082272
0.001800058 -0.0291757
0.001801658 -0.0291757
0.001803258 -0.02870513
0.001804858 -0.02894041
0.001806458 -0.02823455
0.001808058 -0.02846984
0.001809658 -0.0291757
0.001811258 -0.02846984
0.001812858 -0.02823455
0.001814458 -0.02870513
0.001816058 -0.02894041
0.001817658 -0.02964628
0.001819258 -0.02964628
0.001820858 -0.03058743
0.001822458 -0.03058743
0.001824058 -0.03176387
0.001825658 -0.03176387
0.001827258 -0.03129329
0.001828858 -0.03223444
0.001830458 -0.03223444
0.001832058 -0.03246973
0.001833658 -0.03246973
0.001835258 -0.03270502
0.001836858 -0.03294031
0.001838458 -0.03246973
0.001840058 -0.03223444
0.001841658 -0.03152858
0.001843258 -0.03082272
0.001844858 -0.03058743
0.001846458 -0.03011685
0.001848058 -0.03035214
0.001849658 -0.02894041
0.001851258 -0.02823455
0.001852858 -0.02776397
0.001854458 -0.02752869
0.001856058 -0.02752869
0.001857658 -0.02799926
0.001859258 -0.02823455
0.001860858 -0.0272934
0.001862458 -0.02776397
0.001864058 -0.02752869
0.001865658 -0.0272934
0.001867258 -0.02776397
0.001868858 -0.02776397
0.001870458 -0.02894041
0.001872058 -0.02846984
0.001873658 -0.02894041
0.001875258 -0.02941099
0.001876858 -0.02846984
0.001878458 -0.0291757
0.001880058 -0.02870513
0.001881658 -0.02894041
0.001883258 -0.02941099
0.001884858 -0.02870513
0.001886458 -0.02894041
0.001888058 -0.02870513
0.001889658 -0.02799926
0.001891258 -0.02776397
0.001892858 -0.02799926
0.001894458 -0.02705811
0.001896058 -0.02705811
0.001897658 -0.02682282
0.001899258 -0.02682282
0.001900858 -0.02635225
0.001902458 -0.02635225
0.001904058 -0.02588167
0.001905658 -0.02564638
0.001907258 -0.0254111
0.001908858 -0.02446994
0.001910458 -0.02305822
0.001912058 -0.02282293
0.001913658 -0.02211706
0.001915258 -0.02117591
0.001916858 -0.02070534
0.001918458 -0.01999947
0.001920058 -0.01929361
0.001921658 -0.01858775
0.001923258 -0.01764659
0.001924858 -0.01811717
0.001926458 -0.01647015
0.001928058 -0.01717602
0.001929658 -0.01670544
0.001931258 -0.01741131
0.001932858 -0.01741131
0.001934458 -0.01670544
0.001936058 -0.01694073
0.001937658 -0.01694073
0.001939258 -0.01717602
0.001940858 -0.01764659
0.001942458 -0.01764659
0.001944058 -0.01788188
0.001945658 -0.01788188
0.001947258 -0.01764659
0.001948858 -0.01764659
0.001950458 -0.01835246
0.001952058 -0.01764659
0.001953658 -0.01811717
0.001955258 -0.01788188
0.001956858 -0.01835246
0.001958458 -0.01835246
0.001960058 -0.01764659
0.001961658 -0.01858775
0.001963258 -0.01858775
0.001964858 -0.01835246
0.001966458 -0.01811717
0.001968058 -0.01811717
0.001969658 -0.01811717
0.001971258 -0.01835246
0.001972858 -0.01835246
0.001974458 -0.01788188
0.001976058 -0.01694073
0.001977658 -0.01741131
0.001979258 -0.01647015
0.001980858 -0.01623487
0.001982458 -0.01576429
0.001984058 -0.01482314
0.001985658 -0.01458785
0.001987258 -0.01388199
0.001988858 -0.01388199
0.001990458 -0.01247026
0.001992058 -0.01270555
0.001993658 -0.01270555
0.001995258 -0.01152911
0.001996858 -0.01105853
0.001998458 -0.01035267
0.002000058 -0.01105853
0.002001658 -0.01105853
0.002003258 -0.009882093
0.002004858 -0.01058796
0.002006458 -0.01058796
0.002008058 -0.0117644
0.002009658 -0.01082324
0.002011258 -0.01082324
0.002012858 -0.01129382
0.002014458 -0.01035267
0.002016058 -0.01082324
0.002017658 -0.01035267
0.002019258 -0.01058796
0.002020858 -0.009882093
0.002022458 -0.01011738
0.002024058 -0.01011738
0.002025658 -0.009176229
0.002027258 -0.009176229
0.002028858 -0.008470365
0.002030458 -0.008235077
0.002032058 -0.007999789
0.002033658 -0.007999789
0.002035258 -0.007764501
0.002036858 -0.00682335
0.002038458 -0.007293925
0.002040058 -0.007293925
0.002041658 -0.007058638
0.002043258 -0.00682335
0.002044858 -0.007058638
0.002046458 -0.007999789
0.002048058 -0.007293925
0.002049658 -0.007999789
0.002051258 -0.007058638
0.002052858 -0.007058638
0.002054458 -0.007529213
0.002056058 -0.007529213
0.002057658 -0.007293925
0.002059258 -0.007764501
0.002060858 -0.008940941
0.002062458 -0.008705653
0.002064058 -0.009176229
0.002065658 -0.008940941
0.002067258 -0.008940941
0.002068858 -0.009646805
0.002070458 -0.009411517
0.002072058 -0.01035267
0.002073658 -0.01105853
0.002075258 -0.01058796
0.002076858 -0.01035267
0.002078458 -0.01011738
0.002080058 -0.01035267
0.002081658 -0.01129382
0.002083258 -0.01082324
0.002084858 -0.01082324
0.002086458 -0.009882093
0.002088058 -0.009882093
0.002089658 -0.009176229
0.002091258 -0.008705653
0.002092858 -0.008470365
0.002094458 -0.007999789
0.002096058 -0.007764501
0.002097658 -0.007058638
0.002099258 -0.007058638
0.002100858 -0.007058638
0.002102458 -0.00682335
0.002104058 -0.006352774
0.002105658 -0.006352774
0.002107258 -0.005411622
0.002108858 -0.005882198
0.002110458 -0.005411622
0.002112058 -0.00564691
0.002113658 -0.00564691
0.002115258 -0.00447047
0.002116858 -0.005411622
0.002118458 -0.005411622
0.002120058 -0.004941046
0.002121658 -0.005882198
0.002123258 -0.00564691
0.002124858 -0.006117486
0.002126458 -0.005882198
0.002128058 -0.006588062
0.002129658 -0.007764501
0.002131258 -0.007293925
0.002132858 -0.008235077
0.002134458 -0.007764501
0.002136058 -0.007529213
0.002137658 -0.008940941
0.002139258 -0.008235077
0.002140858 -0.008705653
0.002142458 -0.009411517
0.002144058 -0.009176229
0.002145658 -0.009411517
0.002147258 -0.008705653
0.002148858 -0.008235077
0.002150458 -0.007764501
0.002152058 -0.007764501
0.002153658 -0.007764501
0.002155258 -0.007293925
0.002156858 -0.007058638
0.002158458 -0.006588062
0.002160058 -0.006352774
0.002161658 -0.006588062
0.002163258 -0.00682335
0.002164858 -0.00682335
0.002166458 -0.00682335
0.002168058 -0.006588062
0.002169658 -0.006588062
0.002171258 -0.006588062
0.002172858 -0.007293925
0.002174458 -0.007058638
0.002176058 -0.007764501
0.002177658 -0.007764501
0.002179258 -0.007529213
0.002180858 -0.007764501
0.002182458 -0.008705653
0.002184058 -0.007764501
0.002185658 -0.007764501
0.002187258 -0.007764501
0.002188858 -0.006588062
0.002190458 -0.00682335
0.002192058 -0.006117486
0.002193658 -0.007058638
0.002195258 -0.00682335
0.002196858 -0.006352774
0.002198458 -0.007529213
0.002200058 -0.006352774
0.002201658 -0.00682335
0.002203258 -0.007058638
0.002204858 -0.007293925
0.002206458 -0.007293925
0.002208058 -0.007529213
0.002209658 -0.007529213
0.002211258 -0.007529213
0.002212858 -0.008235077
0.002214458 -0.007999789
0.002216058 -0.007764501
0.002217658 -0.008235077
0.002219258 -0.007999789
0.002220858 -0.007764501
0.002222458 -0.007999789
0.002224058 -0.007999789
0.002225658 -0.007999789
0.002227258 -0.006352774
0.002228858 -0.007293925
0.002230458 -0.006117486
0.002232058 -0.005176334
0.002233658 -0.004705758
0.002235258 -0.005176334
0.002236858 -0.003999895
0.002238458 -0.004235183
0.002240058 -0.004235183
0.002241658 -0.002352879
0.002243258 -0.002117591
0.002244858 -0.002117591
0.002246458 -0.001411728
0.002248058 -0.001411728
0.002249658 -0.00117644
0.002251258 -0.001411728
0.002252858 -0.0007058638
0.002254458 -0.0007058638
0.002256058 0
0.002257658 0.0002352879
0.002259258 0.0002352879
0.002260858 -0.0004705758
0.002262458 0
0.002264058 0.0002352879
0.002265658 0.0007058638
0.002267258 0.0007058638
0.002268858 0.0004705758
0.002270458 0.0002352879
0.002272058 -0.0002352879
0.002273658 0
0.002275258 0
0.002276858 0
0.002278458 0.0002352879
0.002280058 -0.0009411517
0.002281658 -0.001882303
0.002283258 -0.002117591
0.002284858 -0.003764607
0.002286458 -0.003764607
0.002288058 -0.003764607
0.002289658 -0.00564691
0.002291258 -0.006352774
0.002292858 -0.00682335
0.002294458 -0.008235077
0.002296058 -0.008235077
0.002297658 -0.009411517
0.002299258 -0.01011738
0.002300858 -0.01035267
0.002302458 -0.01035267
0.002304058 -0.01129382
0.002305658 -0.01199968
0.002307258 -0.01199968
0.002308858 -0.01341141
0.002310458 -0.01317612
0.002312058 -0.01270555
0.002313658 -0.01199968
0.002315258 -0.01294084
0.002316858 -0.01270555
0.002318458 -0.01223497
0.002320058 -0.01199968
0.002321658 -0.01129382
0.002323258 -0.009411517
0.002324858 -0.009882093
0.002326458 -0.008235077
0.002328058 -0.007999789
0.002329658 -0.007529213
0.002331258 -0.006588062
0.002332858 -0.005176334
0.002334458 -0.004941046
0.002336058 -0.003999895
0.002337658 -0.003529319
0.002339258 -0.002588167
0.002340858 -0.001647015
0.002342458 -0.0009411517
0.002344058 -0.0004705758
0.002345658 0.0007058638
0.002347258 0.00117644
0.002348858 0.002588167
0.002350458 0.003529319
0.002352058 0.003999895
0.002353658 0.004235183
0.002355258 0.004941046
0.002356858 0.00564691
0.002358458 0.005882198
0.002360058 0.00682335
0.002361658 0.006588062
0.002363258 0.007293925
0.002364858 0.007529213
0.002366458 0.007293925
0.002368058 0.007529213
0.002369658 0.007058638
0.002371258 0.007764501
0.002372858 0.007529213
0.002374458 0.00682335
0.002376058 0.007293925
0.002377658 0.006117486
0.002379258 0.006588062
0.002380858 0.005411622
0.002382458 0.005176334
0.002384058 0.005176334
0.002385658 0.005176334
0.002387258 0.004235183
0.002388858 0.003764607
0.002390458 0.003529319
0.002392058 0.002588167
0.002393658 0.002117591
0.002395258 0.0002352879
0.002396858 0.001882303
0.002398458 0.001647015
0.002400058 0.0004705758
0.002401658 0.001411728
0.002403258 0
0.002404858 0
0.002406458 -0.0002352879
0.002408058 -0.0004705758
0.002409658 -0.0004705758
0.002411258 -0.0007058638
0.002412858 -0.0004705758
0.002414458 -0.00117644
0.002416058 -0.001411728
0.002417658 -0.00117644
0.002419258 -0.00117644
0.002420858 0.001882303
0.002422458 -0.0002352879
0.002424058 -0.0004705758
0.002425658 0.0002352879
0.002427258 0
0.002428858 0.00117644
0.002430458 0.002588167
0.002432058 0.001882303
0.002433658 0.002823455
0.002435258 0.002823455
0.002436858 0.003999895
0.002438458 0.003764607
0.002440058 0.003058743
0.002441658 0.004235183
0.002443258 0.00447047
0.002444858 0.00447047
0.002446458 0.004941046
0.002448058 0.00447047
0.002449658 0.00447047
0.002451258 0.004705758
0.002452858 0.004705758
0.002454458 0.004705758
0.002456058 0.005176334
0.002457658 0.004941046
0.002459258 0.005882198
0.002460858 0.005411622
0.002462458 0.006117486
0.002464058 0.00682335
0.002465658 0.007529213
0.002467258 0.008705653
0.002468858 0.009646805
0.002470458 0.009411517
0.002472058 0.01105853
0.002473658 0.01247026
0.002475258 0.01317612
0.002476858 0.01388199
0.002478458 0.015529
0.002480058 0.015529
0.002481658 0.01741131
0.002483258 0.01670544
0.002484858 0.01858775
0.002486458 0.01976419
0.002488058 0.02023476
0.002489658 0.02023476
0.002491258 0.0214112
0.002492858 0.0214112
0.002494458 0.02117591
0.002496058 0.02070534
0.002497658 0.02117591
0.002499258 0.02117591
0.002500858 0.02023476
0.002502458 0.01929361
0.002504058 0.01999947
0.002505658 0.01929361
0.002507258 0.01905832
0.002508858 0.01788188
0.002510458 0.01788188
0.002512058 0.01741131
0.002513658 0.01670544
0.002515258 0.01717602
0.002516858 0.01647015
0.002518458 0.01576429
0.002520058 0.01529371
0.002521658 0.01458785
0.002523258 0.01435256
0.002524858 0.01411728
0.002526458 0.01435256
0.002528058 0.01599958
0.002529658 0.01388199
0.002531258 0.01458785
0.002532858 0.01411728
0.002534458 0.01411728
0.002536058 0.01458785
0.002537658 0.01717602
0.002539258 0.01576429
0.002540858 0.01576429
0.002542458 0.01623487
0.002544058 0.01670544
0.002545658 0.01717602
0.002547258 0.01788188
0.002548858 0.01811717
0.002550458 0.01929361
0.002552058 0.02023476
0.002553658 0.02094062
0.002555258 0.02117591
0.002556858 0.02164649
0.002558458 0.02282293
0.002560058 0.02282293
0.002561658 0.0232935
0.002563258 0.02423466
0.002564858 0.02399937
0.002566458 0.02470523
0.002568058 0.02470523
0.002569658 0.02446994
0.002571258 0.02494052
0.002572858 0.02517581
0.002574458 0.02470523
0.002576058 0.02517581
0.002577658 0.02564638
0.002579258 0.02588167
0.002580858 0.02658753
0.002582458 0.0254111
0.002584058 0.0254111
0.002585658 0.02517581
0.002587258 0.0254111
0.002588858 0.02588167
0.002590458 0.02658753
0.002592058 0.02588167
0.002593658 0.02635225
0.002595258 0.02635225
0.002596858 0.02658753
0.002598458 0.02611696
0.002600058 0.02799926
0.002601658 0.02635225
0.002603258 0.02682282
0.002604858 0.02682282
0.002606458 0.02635225
0.002608058 0.02658753
0.002609658 0.02611696
0.002611258 0.02635225
0.002612858 0.02682282
0.002614458 0.02611696
0.002616058 0.0272934
0.002617658 0.02658753
0.002619258 0.02682282
0.002620858 0.02635225
0.002622458 0.02682282
0.002624058 0.02682282
0.002625658 0.03035214
0.002627258 0.02658753
0.002628858 0.02588167
0.002630458 0.02635225
0.002632058 0.02588167
0.002633658 0.02658753
0.002635258 0.02823455
0.002636858 0.02682282
0.002638458 0.02705811
0.002640058 0.02682282
0.002641658 0.02682282
0.002643258 0.02682282
0.002644858 0.02682282
0.002646458 0.02823455
0.002648058 0.02823455
0.002649658 0.02894041
0.002651258 0.02823455
0.002652858 0.02894041
0.002654458 0.02752869
0.002656058 0.02894041
0.002657658 0.02870513
0.002659258 0.02941099
0.002660858 0.02988157
0.002662458 0.03011685
0.002664058 0.03011685
0.002665658 0.03129329
0.002667258 0.03058743
0.002668858 0.03176387
0.002670458 0.03035214
0.002672058 0.03223444
0.002673658 0.03270502
0.002675258 0.03270502
0.002676858 0.03294031
0.002678458 0.03341088
0.002680058 0.0350579
0.002681658 0.03458732
0.002683258 0.03576376
0.002684858 0.03576376
0.002686458 0.03599905
0.002688058 0.03717549
0.002689658 0.03717549
0.002691258 0.03811664
0.002692858 0.03858722
0.002694458 0.03952837
0.002696058 0.03929308
0.002697658 0.03882251
0.002699258 0.03952837
0.002700858 0.03952837
0.002702458 0.03929308
0.002704058 0.03999895
0.002705658 0.03835193
0.002707258 0.03976366
0.002708858 0.03811664
0.002710458 0.03764607
0.002712058 0.03646963
0.002713658 0.03670492
0.002715258 0.03623434
0.002716858 0.03623434
0.002718458 0.03529319
0.002720058 0.0331756
0.002721658 0.03364617
0.002723258 0.03223444
0.002724858 0.03199916
0.002726458 0.03176387
0.002728058 0.03105801
0.002729658 0.03082272
0.002731258 0.03129329
0.002732858 0.03082272
0.002734458 0.03082272
0.002736058 0.03011685
0.002737658 0.03035214
0.002739258 0.02988157
0.002740858 0.03035214
0.002742458 0.03058743
0.002744058 0.03035214
0.002745658 0.03105801
0.002747258 0.03082272
0.002748858 0.03105801
0.002750458 0.03105801
0.002752058 0.03129329
0.002753658 0.03223444
0.002755258 0.03199916
0.002756858 0.03246973
0.002758458 0.03223444
0.002760058 0.0331756
0.002761658 0.03294031
0.002763258 0.03246973
0.002764858 0.03294031
0.002766458 0.0331756
0.002768058 0.03341088
0.002769658 0.03341088
0.002771258 0.03341088
0.002772858 0.03388146
0.002774458 0.03411675
0.002776058 0.0350579
0.002777658 0.03458732
0.002779258 0.03576376
0.002780858 0.03552848
0.002782458 0.03552848
0.002784058 0.03576376
0.002785658 0.03599905
0.002787258 0.0369402
0.002788858 0.03764607
0.002790458 0.03811664
0.002792058 0.03858722
0.002793658 0.03835193
0.002795258 0.03811664
0.002796858 0.03858722
0.002798458 0.03929308
0.002800058 0.03905779
0.002801658 0.03929308
0.002803258 0.03999895
0.002804858 0.03976366
0.002806458 0.04117539
0.002808058 0.04023423
0.002809658 0.0409401
0.002811258 0.04046952
0.002812858 0.04117539
0.002814458 0.04258711
0.002816058 0.04117539
0.002817658 0.04164596
0.002819258 0.04164596
0.002820858 0.04188125
0.002822458 0.04188125
0.002824058 0.04164596
0.002825658 0.04141067
0.002827258 0.04046952
0.002828858 0.04070481
0.002830458 0.04023423
0.002832058 0.04023423
0.002833658 0.03929308
0.002835258 0.03905779
0.002836858 0.03835193
0.002838458 0.03717549
0.002840058 0.03717549
0.002841658 0.03599905
0.002843258 0.03529319
0.002844858 0.03388146
0.002846458 0.03294031
0.002848058 0.03294031
0.002849658 0.03199916
0.002851258 0.03129329
0.002852858 0.03082272
0.002854458 0.03011685
0.002856058 0.02941099
0.002857658 0.02799926
0.002859258 0.02776397
0.002860858 0.02776397
0.002862458 0.02705811
0.002864058 0.02588167
0.002865658 0.02658753
0.002867258 0.02588167
0.002868858 0.0254111
0.002870458 0.02517581
0.002872058 0.0254111
0.002873658 0.02564638
0.002875258 0.02658753
0.002876858 0.02564638
0.002878458 0.02635225
0.002880058 0.02658753
0.002881658 0.0272934
0.002883258 0.02705811
0.002884858 0.0272934
0.002886458 0.02988157
0.002888058 0.02941099
0.002889658 0.03082272
0.002891258 0.03152858
0.002892858 0.03223444
0.002894458 0.03294031
0.002896058 0.03341088
0.002897658 0.03388146
0.002899258 0.03435204
0.002900858 0.0350579
0.002902458 0.0350579
0.002904058 0.03529319
0.002905658 0.03529319
0.002907258 0.03529319
0.002908858 0.0350579
0.002910458 0.0350579
0.002912058 0.03458732
0.002913658 0.03435204
0.002915258 0.03364617
0.002916858 0.03341088
0.002918458 0.03270502
0.002920058 0.03246973
0.002921658 0.03176387
0.002923258 0.03058743
0.002924858 0.03035214
0.002926458 0.0291757
0.002928058 0.0291757
0.002929658 0.02799926
0.002931258 0.02823455
0.002932858 0.02799926
0.002934458 0.02776397
0.002936058 0.02776397
0.002937658 0.02611696
0.002939258 0.02705811
0.002940858 0.02682282
0.002942458 0.0272934
0.002944058 0.02705811
0.002945658 0.02682282
0.002947258 0.02682282
0.002948858 0.02682282
0.002950458 0.02635225
0.002952058 0.02588167
0.002953658 0.0254111
0.002955258 0.02564638
0.002956858 0.02446994
0.002958458 0.02423466
0.002960058 0.0232935
0.002961658 0.02282293
0.002963258 0.02235235
0.002964858 0.0214112
0.002966458 0.02047005
0.002968058 0.01929361
0.002969658 0.01882303
0.002971258 0.01858775
0.002972858 0.01717602
0.002974458 0.01670544
0.002976058 0.01623487
0.002977658 0.01647015
0.002979258 0.01505843
0.002980858 0.01482314
0.002982458 0.01435256
0.002984058 0.01435256
0.002985658 0.0136467
0.002987258 0.01388199
0.002988858 0.01317612
0.002990458 0.01341141
0.002992058 0.01341141
0.002993658 0.01388199
0.002995258 0.01294084
0.002996858 0.01294084
0.002998458 0.01223497
0.003000058 0.01270555
0.003001658 0.01223497
0.003003258 0.01294084
0.003004858 0.01270555
0.003006458 0.01247026
0.003008058 0.01247026
0.003009658 0.01082324
0.003011258 0.01082324
0.003012858 0.01035267
0.003014458 0.01011738
0.003016058 0.01011738
0.003017658 0.01011738
0.003019258 0.009882093
0.003020858 0.008705653
0.003022458 0.008705653
0.003024058 0.008470365
0.003025658 0.008470365
0.003027258 0.007999789
0.003028858 0.008470365
0.003030458 0.008470365
0.003032058 0.008235077
0.003033658 0.007999789
0.003035258 0.008470365
0.003036858 0.008705653
0.003038458 0.009646805
0.003040058 0.009176229
0.003041658 0.01011738
0.003043258 0.01058796
0.003044858 0.01082324
0.003046458 0.01105853
0.003048058 0.01105853
0.003049658 0.01223497
0.003051258 0.01199968
0.003052858 0.01223497
0.003054458 0.01223497
0.003056058 0.01247026
0.003057658 0.01317612
0.003059258 0.0136467
0.003060858 0.01411728
0.003062458 0.01411728
0.003064058 0.01388199
0.003065658 0.01388199
0.003067258 0.01388199
0.003068858 0.01435256
0.003070458 0.0136467
0.003072058 0.0136467
0.003073658 0.01247026
0.003075258 0.01247026
0.003076858 0.01152911
0.003078458 0.01082324
0.003080058 0.01058796
0.003081658 0.009646805
0.003083258 0.008705653
0.003084858 0.007293925
0.003086458 0.006588062
0.003088058 0.005411622
0.003089658 0.004705758
0.003091258 0.004235183
0.003092858 0.002823455
0.003094458 0.002117591
0.003096058 0.001882303
0.003097658 0.0004705758
0.003099258 -0.0002352879
0.003100858 -0.0007058638
0.003102458 -0.00117644
0.003104058 -0.00117644
0.003105658 -0.002352879
0.003107258 -0.002588167
0.003108858 -0.003529319
0.003110458 -0.002823455
0.003112058 -0.004235183
0.003113658 -0.00447047
0.003115258 -0.004235183
0.003116858 -0.004705758
0.003118458 -0.004705758
0.003120058 -0.005176334
0.003121658 -0.005411622
0.003123258 -0.004705758
0.003124858 -0.004235183
0.003126458 -0.004235183
0.003128058 -0.00564691
0.003129658 -0.003764607
0.003131258 -0.004235183
0.003132858 -0.003999895
0.003134458 -0.003529319
0.003136058 -0.003764607
0.003137658 -0.003294031
0.003139258 -0.00447047
0.003140858 -0.003764607
0.003142458 -0.003999895
0.003144058 -0.004235183
0.003145658 -0.003764607
0.003147258 -0.005411622
0.003148858 -0.004941046
0.003150458 -0.005882198
0.003152058 -0.006117486
0.003153658 -0.007764501
0.003155258 -0.007529213
0.003156858 -0.007999789
0.003158458 -0.009411517
0.003160058 -0.009176229
0.003161658 -0.01035267
0.003163258 -0.01058796
0.003164858 -0.01035267
0.003166458 -0.01058796
0.003168058 -0.01152911
0.003169658 -0.0117644
0.003171258 -0.01199968
0.003172858 -0.0117644
0.003174458 -0.01199968
0.003176058 -0.01199968
0.003177658 -0.01223497
0.003179258 -0.01247026
0.003180858 -0.01270555
0.003182458 -0.01294084
0.003184058 -0.01247026
0.003185658 -0.01317612
0.003187258 -0.01317612
0.003188858 -0.01435256
0.003190458 -0.01458785
0.003192058 -0.01529371
0.003193658 -0.015529
0.003195258 -0.01576429
0.003196858 -0.01623487
0.003198458 -0.01811717
0.003200058 -0.01882303
0.003201658 -0.0195289
0.003203258 -0.01999947
0.003204858 -0.02047005
0.003206458 -0.02117591
0.003208058 -0.02235235
0.003209658 -0.02235235
0.003211258 -0.02258764
0.003212858 -0.02446994
0.003214458 -0.02305822
0.003216058 -0.02446994
0.003217658 -0.02399937
0.003219258 -0.02423466
0.003220858 -0.02399937
0.003222458 -0.02494052
0.003224058 -0.02494052
0.003225658 -0.02446994
0.003227258 -0.02423466
0.003228858 -0.02376408
0.003230458 -0.02446994
0.003232058 -0.02399937
0.003233658 -0.02376408
0.003235258 -0.02399937
0.003236858 -0.0232935
0.003238458 -0.0232935
0.003240058 -0.02282293
0.003241658 -0.02305822
0.003243258 -0.02305822
0.003244858 -0.02352879
0.003246458 -0.02258764
0.003248058 -0.02305822
0.003249658 -0.0232935
0.003251258 -0.02305822
0.003252858 -0.0232935
0.003254458 -0.02352879
0.003256058 -0.02305822
0.003257658 -0.02399937
0.003259258 -0.02376408
0.003260858 -0.02376408
0.003262458 -0.02376408
0.003264058 -0.02399937
0.003265658 -0.02399937
0.003267258 -0.02517581
0.003268858 -0.02423466
0.003270458 -0.02446994
0.003272058 -0.02470523
0.003273658 -0.02494052
0.003275258 -0.02517581
0.003276858 -0.02470523
0.003278458 -0.02423466
0.003280058 -0.02517581
0.003281658 -0.02517581
0.003283258 -0.02517581
0.003284858 -0.02588167
0.003286458 -0.02611696
0.003288058 -0.02611696
0.003289658 -0.02635225
0.003291258 -0.02658753
0.003292858 -0.02752869
0.003294458 -0.02752869
0.003296058 -0.02894041
0.003297658 -0.02964628
0.003299258 -0.02964628
0.003300858 -0.02988157
0.003302458 -0.03058743
0.003304058 -0.03082272
0.003305658 -0.03176387
0.003307258 -0.03270502
0.003308858 -0.0331756
0.003310458 -0.03341088
0.003312058 -0.0331756
0.003313658 -0.03388146
0.003315258 -0.03364617
0.003316858 -0.03388146
0.003318458 -0.03435204
0.003320058 -0.03411675
0.003321658 -0.03388146
0.003323258 -0.03364617
0.003324858 -0.03435204
0.003326458 -0.03388146
0.003328058 -0.03364617
0.003329658 -0.03341088
0.003331258 -0.03270502
0.003332858 -0.03294031
0.003334458 -0.03270502
0.003336058 -0.03246973
0.003337658 -0.03246973
0.003339258 -0.03199916
0.003340858 -0.03176387
0.003342458 -0.03199916
0.003344058 -0.03199916
0.003345658 -0.03129329
0.003347258 -0.03129329
0.003348858 -0.03105801
0.003350458 -0.03105801
0.003352058 -0.03058743
0.003353658 -0.03082272
0.003355258 -0.03082272
0.003356858 -0.03129329
0.003358458 -0.03082272
0.003360058 -0.03105801
0.003361658 -0.03129329
0.003363258 -0.03058743
0.003364858 -0.03129329
0.003366458 -0.03105801
0.003368058 -0.03058743
0.003369658 -0.03082272
0.003371258 -0.03082272
0.003372858 -0.03011685
0.003374458 -0.03058743
0.003376058 -0.03058743
0.003377658 -0.03082272
0.003379258 -0.03011685
0.003380858 -0.03058743
0.003382458 -0.02988157
0.003384058 -0.03058743
0.003385658 -0.02988157
0.003387258 -0.03035214
0.003388858 -0.02988157
0.003390458 -0.03011685
0.003392058 -0.02988157
0.003393658 -0.03011685
0.003395258 -0.03035214
0.003396858 -0.03011685
0.003398458 -0.03082272
0.003400058 -0.03035214
0.003401658 -0.03011685
0.003403258 -0.03035214
0.003404858 -0.02964628
0.003406458 -0.03011685
0.003408058 -0.03058743
0.003409658 -0.02988157
0.003411258 -0.03035214
0.003412858 -0.03058743
0.003414458 -0.03011685
0.003416058 -0.03105801
0.003417658 -0.03011685
0.003419258 -0.03035214
0.003420858 -0.03152858
0.003422458 -0.03176387
0.003424058 -0.03199916
0.003425658 -0.03246973
0.003427258 -0.03199916
0.003428858 -0.03270502
0.003430458 -0.03294031
0.003432058 -0.03294031
0.003433658 -0.0331756
0.003435258 -0.03341088
0.003436858 -0.03341088
0.003438458 -0.03388146
0.003440058 -0.03411675
0.003441658 -0.03388146
0.003443258 -0.03388146
0.003444858 -0.03388146
0.003446458 -0.03364617
0.003448058 -0.03388146
0.003449658 -0.0331756
0.003451258 -0.03294031
0.003452858 -0.03294031
0.003454458 -0.03270502
0.003456058 -0.0331756
0.003457658 -0.03223444
0.003459258 -0.03246973
0.003460858 -0.03246973
0.003462458 -0.03223444
0.003464058 -0.03152858
0.003465658 -0.03176387
0.003467258 -0.03152858
0.003468858 -0.03011685
0.003470458 -0.03105801
0.003472058 -0.03082272
0.003473658 -0.03176387
0.003475258 -0.03129329
0.003476858 -0.03129329
0.003478458 -0.03105801
0.003480058 -0.03058743
0.003481658 -0.03058743
0.003483258 -0.03105801
0.003484858 -0.03082272
0.003486458 -0.03058743
0.003488058 -0.03129329
0.003489658 -0.03105801
0.003491258 -0.03035214
0.003492858 -0.03058743
0.003494458 -0.03035214
0.003496058 -0.03105801
0.003497658 -0.03058743
0.003499258 -0.03105801
0.003500858 -0.03058743
0.003502458 -0.03035214
0.003504058 -0.03011685
0.003505658 -0.03058743
0.003507258 -0.03035214
0.003508858 -0.03058743
0.003510458 -0.03035214
0.003512058 -0.03058743
0.003513658 -0.02988157
0.003515258 -0.02988157
0.003516858 -0.02988157
0.003518458 -0.02988157
0.003520058 -0.03011685
0.003521658 -0.02988157
0.003523258 -0.03011685
0.003524858 -0.02988157
0.003526458 -0.03058743
0.003528058 -0.02988157
0.003529658 -0.02964628
0.003531258 -0.03011685
0.003532858 -0.03035214
0.003534458 -0.03082272
0.003536058 -0.03082272
0.003537658 -0.03152858
0.003539258 -0.03176387
0.003540858 -0.03199916
0.003542458 -0.03199916
0.003544058 -0.03223444
0.003545658 -0.03270502
0.003547258 -0.03294031
0.003548858 -0.0331756
0.003550458 -0.03364617
0.003552058 -0.03411675
0.003553658 -0.03435204
0.003555258 -0.0350579
0.003556858 -0.03482261
0.003558458 -0.0350579
0.003560058 -0.03552848
0.003561658 -0.03552848
0.003563258 -0.03599905
0.003564858 -0.03646963
0.003566458 -0.03646963
0.003568058 -0.03623434
0.003569658 -0.03623434
0.003571258 -0.03623434
0.003572858 -0.03599905
0.003574458 -0.03576376
0.003576058 -0.03599905
0.003577658 -0.03576376
0.003579258 -0.0350579
0.003580858 -0.03435204
0.003582458 -0.03411675
0.003584058 -0.03364617
0.003585658 -0.03364617
0.003587258 -0.03223444
0.003588858 -0.03176387
0.003590458 -0.03152858
0.003592058 -0.03129329
0.003593658 -0.03058743
0.003595258 -0.03035214
0.003596858 -0.02988157
0.003598458 -0.03011685
0.003600058 -0.0291757
0.003601658 -0.0291757
0.003603258 -0.02870513
0.003604858 -0.02870513
0.003606458 -0.02799926
0.003608058 -0.02846984
0.003609658 -0.02752869
0.003611258 -0.02752869
0.003612858 -0.02799926
0.003614458 -0.0272934
0.003616058 -0.0272934
0.003617658 -0.02658753
0.003619258 -0.02682282
0.003620858 -0.02588167
0.003622458 -0.02517581
0.003624058 -0.02564638
0.003625658 -0.02611696
0.003627258 -0.02470523
0.003628858 -0.02494052
0.003630458 -0.02399937
0.003632058 -0.02423466
0.003633658 -0.02446994
0.003635258 -0.02423466
0.003636858 -0.02446994
0.003638458 -0.02399937
0.003640058 -0.02470523
0.003641658 -0.02446994
0.003643258 -0.02517581
0.003644858 -0.02564638
0.003646458 -0.02611696
0.003648058 -0.02564638
0.003649658 -0.02658753
0.003651258 -0.02611696
0.003652858 -0.0272934
0.003654458 -0.02776397
0.003656058 -0.02776397
0.003657658 -0.02846984
0.003659258 -0.02846984
0.003660858 -0.02894041
0.003662458 -0.02941099
0.003664058 -0.02870513
0.003665658 -0.02870513
0.003667258 -0.0291757
0.003668858 -0.0291757
0.003670458 -0.02870513
0.003672058 -0.02846984
0.003673658 -0.02776397
0.003675258 -0.02823455
0.003676858 -0.0272934
0.003678458 -0.02682282
0.003680058 -0.02611696
0.003681658 -0.02635225
0.003683258 -0.02517581
0.003684858 -0.0254111
0.003686458 -0.02470523
0.003688058 -0.02423466
0.003689658 -0.02352879
0.003691258 -0.02352879
0.003692858 -0.02282293
0.003694458 -0.02282293
0.003696058 -0.02282293
0.003697658 -0.02258764
0.003699258 -0.02164649
0.003700858 -0.02117591
0.003702458 -0.02094062
0.003704058 -0.0214112
0.003705658 -0.02094062
0.003707258 -0.02094062
0.003708858 -0.02117591
0.003710458 -0.02094062
0.003712058 -0.02023476
0.003713658 -0.02094062
0.003715258 -0.02047005
0.003716858 -0.01999947
0.003718458 -0.01999947
0.003720058 -0.02047005
0.003721658 -0.02070534
0.003723258 -0.02047005
0.003724858 -0.01999947
0.003726458 -0.02070534
0.003728058 -0.02117591
0.003729658 -0.02047005
0.003731258 -0.02070534
0.003732858 -0.02070534
0.003734458 -0.01999947
0.003736058 -0.02023476
0.003737658 -0.01976419
0.003739258 -0.01976419
0.003740858 -0.0195289
0.003742458 -0.01929361
0.003744058 -0.01905832
0.003745658 -0.01788188
0.003747258 -0.01788188
0.003748858 -0.01788188
0.003750458 -0.01741131
0.003752058 -0.01694073
0.003753658 -0.01694073
0.003755258 -0.01670544
0.003756858 -0.01670544
0.003758458 -0.01647015
0.003760058 -0.01647015
0.003761658 -0.01647015
0.003763258 -0.01576429
0.003764858 -0.01576429
0.003766458 -0.01599958
0.003768058 -0.01576429
0.003769658 -0.01623487
0.003771258 -0.01694073
0.003772858 -0.01647015
0.003774458 -0.01670544
0.003776058 -0.01788188
0.003777658 -0.01741131
0.003779258 -0.01788188
0.003780858 -0.01811717
0.003782458 -0.01788188
0.003784058 -0.01811717
0.003785658 -0.01858775
0.003787258 -0.01882303
0.003788858 -0.01858775
0.003790458 -0.01882303
0.003792058 -0.01905832
0.003793658 -0.01999947
0.003795258 -0.01929361
0.003796858 -0.0195289
0.003798458 -0.01999947
0.003800058 -0.02047005
0.003801658 -0.02023476
0.003803258 -0.02117591
0.003804858 -0.02070534
0.003806458 -0.02047005
0.003808058 -0.02094062
0.003809658 -0.0214112
0.003811258 -0.02211706
0.003812858 -0.02235235
0.003814458 -0.02164649
0.003816058 -0.0232935
0.003817658 -0.02305822
0.003819258 -0.02235235
0.003820858 -0.02235235
0.003822458 -0.02211706
0.003824058 -0.02211706
0.003825658 -0.02211706
0.003827258 -0.02164649
0.003828858 -0.02211706
0.003830458 -0.02117591
0.003832058 -0.0214112
0.003833658 -0.02070534
0.003835258 -0.02047005
0.003836858 -0.02070534
0.003838458 -0.02047005
0.003840058 -0.0195289
0.003841658 -0.01905832
0.003843258 -0.01835246
0.003844858 -0.01811717
0.003846458 -0.01788188
0.003848058 -0.01835246
0.003849658 -0.01741131
0.003851258 -0.01741131
0.003852858 -0.01741131
0.003854458 -0.01741131
0.003856058 -0.01741131
0.003857658 -0.01694073
0.003859258 -0.01788188
0.003860858 -0.01694073
0.003862458 -0.01694073
0.003864058 -0.01694073
0.003865658 -0.01788188
0.003867258 -0.01788188
0.003868858 -0.01811717
0.003870458 -0.01811717
0.003872058 -0.01858775
0.003873658 -0.01858775
0.003875258 -0.01882303
0.003876858 -0.01882303
0.003878458 -0.01905832
0.003880058 -0.01929361
0.003881658 -0.01999947
0.003883258 -0.01976419
0.003884858 -0.01999947
0.003886458 -0.01999947
0.003888058 -0.01929361
0.003889658 -0.01882303
0.003891258 -0.0195289
0.003892858 -0.01929361
0.003894458 -0.01905832
0.003896058 -0.01858775
0.003897658 -0.01811717
0.003899258 -0.01764659
0.003900858 -0.01764659
0.003902458 -0.01670544
0.003904058 -0.01647015
0.003905658 -0.01623487
0.003907258 -0.01623487
0.003908858 -0.01670544
0.003910458 -0.01505843
0.003912058 -0.01458785
0.003913658 -0.01482314
0.003915258 -0.01482314
0.003916858 -0.01576429
0.003918458 -0.01388199
0.003920058 -0.01388199
0.003921658 -0.0136467
0.003923258 -0.01341141
0.003924858 -0.01317612
0.003926458 -0.01317612
0.003928058 -0.01270555
0.003929658 -0.01270555
0.003931258 -0.01294084
0.003932858 -0.01294084
0.003934458 -0.01270555
0.003936058 -0.01294084
0.003937658 -0.01247026
0.003939258 -0.01199968
0.003940858 -0.01152911
0.003942458 -0.01223497
0.003944058 -0.01247026
0.003945658 -0.01223497
0.003947258 -0.01294084
0.003948858 -0.01247026
0.003950458 -0.01223497
0.003952058 -0.01223497
0.003953658 -0.01199968
0.003955258 -0.0117644
0.003956858 -0.0117644
0.003958458 -0.0117644
0.003960058 -0.01270555
0.003961658 -0.01199968
0.003963258 -0.0117644
0.003964858 -0.01223497
0.003966458 -0.01223497
0.003968058 -0.01152911
0.003969658 -0.01129382
0.003971258 -0.01129382
0.003972858 -0.01035267
0.003974458 -0.01082324
0.003976058 -0.009411517
0.003977658 -0.009646805
0.003979258 -0.008940941
0.003980858 -0.009176229
0.003982458 -0.008235077
0.003984058 -0.007999789
0.003985658 -0.007529213
0.003987258 -0.007529213
0.003988858 -0.007293925
0.003990458 -0.00682335
0.003992058 -0.006352774
0.003993658 -0.006117486
0.003995258 -0.005882198
0.003996858 -0.00564691
0.003998458 -0.005411622
0.004000058 -0.004941046
0.004001658 -0.00447047
0.004003258 -0.003764607
0.004004858 -0.003999895
0.004006458 -0.003058743
0.004008058 -0.003294031
0.004009658 -0.002823455
0.004011258 -0.002588167
0.004012858 -0.001647015
0.004014458 -0.002117591
0.004016058 -0.001411728
0.004017658 -0.001882303
0.004019258 -0.001882303
0.004020858 -0.002117591
0.004022458 -0.00117644
0.004024058 -0.002117591
0.004025658 -0.002117591
0.004027258 -0.001411728
0.004028858 -0.0009411517
0.004030458 -0.002117591
0.004032058 -0.001411728
0.004033658 -0.002117591
0.004035258 -0.0009411517
0.004036858 -0.001411728
0.004038458 -0.001411728
0.004040058 -0.001882303
0.004041658 -0.00117644
0.004043258 -0.001411728
0.004044858 -0.0004705758
0.004046458 -0.0004705758
0.004048058 0
0.004049658 -0.0002352879
0.004051258 0.0002352879
0.004052858 0.0002352879
0.004054458 0.0009411517
0.004056058 0.0002352879
0.004057658 0.0007058638
0.004059258 0.001411728
0.004060858 0.001882303
0.004062458 0.002352879
0.004064058 0.002823455
0.004065658 0.003058743
0.004067258 0.003294031
0.004068858 0.004235183
0.004070458 0.003999895
0.004072058 0.004705758
0.004073658 0.004941046
0.004075258 0.005176334
0.004076858 0.00564691
0.004078458 0.00564691
0.004080058 0.006588062
0.004081658 0.00682335
0.004083258 0.00682335
0.004084858 0.007058638
0.004086458 0.007529213
0.004088058 0.008235077
0.004089658 0.007999789
0.004091258 0.008470365
0.004092858 0.008705653
0.004094458 0.009176229
0.004096058 0.008705653
0.004097658 0.008940941
0.004099258 0.009176229
0.004100858 0.009882093
0.004102458 0.009411517
0.004104058 0.009176229
0.004105658 0.009882093
0.004107258 0.009882093
0.004108858 0.009411517
0.004110458 0.009646805
0.004112058 0.009646805
0.004113658 0.01035267
0.004115258 0.009882093
0.004116858 0.01035267
0.004118458 0.01058796
0.004120058 0.01129382
0.004121658 0.01035267
0.004123258 0.01152911
0.004124858 0.01129382
0.004126458 0.0117644
0.004128058 0.01223497
0.004129658 0.01199968
0.004131258 0.01317612
0.004132858 0.01341141
0.004134458 0.01341141
0.004136058 0.01435256
0.004137658 0.01482314
0.004139258 0.01529371
0.004140858 0.01576429
0.004142458 0.01576429
0.004144058 0.01647015
0.004145658 0.01717602
0.004147258 0.01741131
0.004148858 0.01811717
0.004150458 0.01929361
0.004152058 0.01905832
0.004153658 0.01929361
0.004155258 0.02094062
0.004156858 0.02070534
0.004158458 0.0214112
0.004160058 0.02211706
0.004161658 0.02164649
0.004163258 0.02282293
0.004164858 0.02352879
0.004166458 0.02305822
0.004168058 0.02352879
0.004169658 0.02352879
0.004171258 0.02399937
0.004172858 0.02446994
0.004174458 0.02517581
0.004176058 0.02517581
0.004177658 0.02564638
0.004179258 0.0254111
0.004180858 0.02588167
0.004182458 0.02588167
0.004184058 0.02588167
0.004185658 0.02635225
0.004187258 0.02635225
0.004188858 0.02658753
0.004190458 0.02705811
0.004192058 0.0272934
0.004193658 0.0272934
0.004195258 0.02776397
0.004196858 0.02823455
0.004198458 0.02823455
0.004200058 0.02823455
