LECROYWS4024HD 19320 Waveform
Segments 1 SegmentSize 3127
Segment TrigTime TimeSinceSegment1
#1 15-May-2024 15:59:42 0                 
Time Ampl
-0.000800285 0.0009411517
-0.000798685 0.00117644
-0.000797085 0.0004705758
-0.000795485 0.0004705758
-0.000793885 0.0004705758
-0.000792285 0.0007058638
-0.000790685 0.0004705758
-0.000789085 0.0002352879
-0.000787485 0.0009411517
-0.000785885 0.0002352879
-0.000784285 0.0007058638
-0.000782685 0.0007058638
-0.000781085 0.0004705758
-0.000779485 0.0004705758
-0.000777885 0.0002352879
-0.000776285 0.0007058638
-0.000774685 0.0007058638
-0.000773085 0.0009411517
-0.000771485 0.0009411517
-0.000769885 0.0004705758
-0.000768285 0.0002352879
-0.000766685 0.0004705758
-0.000765085 0.00117644
-0.000763485 0.0009411517
-0.000761885 0.0007058638
-0.000760285 0.0007058638
-0.000758685 0.00117644
-0.000757085 0.0004705758
-0.000755485 0.0009411517
-0.000753885 0.0007058638
-0.000752285 0.0007058638
-0.000750685 0.0007058638
-0.000749085 0.0009411517
-0.000747485 0.0007058638
-0.000745885 0.0007058638
-0.000744285 0.0004705758
-0.000742685 0.0004705758
-0.000741085 0.0007058638
-0.000739485 0.001647015
-0.000737885 0.0007058638
-0.000736285 0.0002352879
-0.000734685 0.001411728
-0.000733085 0.0007058638
-0.000731485 0.00117644
-0.000729885 0.00117644
-0.000728285 0.00117644
-0.000726685 0.0009411517
-0.000725085 0.0004705758
-0.000723485 0.0007058638
-0.000721885 0.0004705758
-0.000720285 0.0009411517
-0.000718685 0.0002352879
-0.000717085 0.0004705758
-0.000715485 0.0007058638
-0.000713885 0.0007058638
-0.000712285 0.00117644
-0.000710685 0.0007058638
-0.000709085 0.0007058638
-0.000707485 0.0009411517
-0.000705885 0.0004705758
-0.000704285 0.00117644
-0.000702685 0.00117644
-0.000701085 0.0009411517
-0.000699485 0.0007058638
-0.000697885 0.0009411517
-0.000696285 0.0007058638
-0.000694685 0.0004705758
-0.000693085 0.0007058638
-0.000691485 0.0004705758
-0.000689885 0.0007058638
-0.000688285 0.0009411517
-0.000686685 0.0004705758
-0.000685085 0.0007058638
-0.000683485 0.0007058638
-0.000681885 0.0007058638
-0.000680285 0.0002352879
-0.000678685 0.0002352879
-0.000677085 0.0007058638
-0.000675485 0.0004705758
-0.000673885 0.0004705758
-0.000672285 0.0007058638
-0.000670685 0.0004705758
-0.000669085 0.0007058638
-0.000667485 0.0002352879
-0.000665885 0.0007058638
-0.000664285 0.0007058638
-0.000662685 0
-0.000661085 0.0004705758
-0.000659485 0.0002352879
-0.000657885 0.0009411517
-0.000656285 0.0007058638
-0.000654685 0.0009411517
-0.000653085 0.0004705758
-0.000651485 0.0009411517
-0.000649885 0.0004705758
-0.000648285 0.0009411517
-0.000646685 0.0004705758
-0.000645085 0.0004705758
-0.000643485 0.0002352879
-0.000641885 0.0004705758
-0.000640285 0.0007058638
-0.000638685 0.0004705758
-0.000637085 0.0007058638
-0.000635485 0.0007058638
-0.000633885 0.0007058638
-0.000632285 0.0004705758
-0.000630685 0.0004705758
-0.000629085 0.0007058638
-0.000627485 0.0002352879
-0.000625885 0.0002352879
-0.000624285 0.0007058638
-0.000622685 0.0002352879
-0.000621085 0.0004705758
-0.000619485 0.0007058638
-0.000617885 0.0004705758
-0.000616285 0.0004705758
-0.000614685 0.0004705758
-0.000613085 0.0002352879
-0.000611485 0.0004705758
-0.000609885 0.0007058638
-0.000608285 0.00117644
-0.000606685 0.0007058638
-0.000605085 0.00117644
-0.000603485 0.0004705758
-0.000601885 0.0007058638
-0.000600285 0.0007058638
-0.000598685 0.0004705758
-0.000597085 0.0002352879
-0.000595485 0.0007058638
-0.000593885 0
-0.000592285 0.0004705758
-0.000590685 0
-0.000589085 0.0004705758
-0.000587485 0.00117644
-0.000585885 0.0002352879
-0.000584285 0.0004705758
-0.000582685 0.0007058638
-0.000581085 0.0004705758
-0.000579485 0.0002352879
-0.000577885 0.0007058638
-0.000576285 0.0009411517
-0.000574685 0.0004705758
-0.000573085 0.0004705758
-0.000571485 0.0007058638
-0.000569885 0.0007058638
-0.000568285 0.0004705758
-0.000566685 0.0004705758
-0.000565085 0.0002352879
-0.000563485 0.0007058638
-0.000561885 0.0007058638
-0.000560285 0.0007058638
-0.000558685 0.0007058638
-0.000557085 0.0009411517
-0.000555485 0.0007058638
-0.000553885 0.0002352879
-0.000552285 0.0009411517
-0.000550685 0.0002352879
-0.000549085 0.0009411517
-0.000547485 0.0002352879
-0.000545885 0.0002352879
-0.000544285 0.0004705758
-0.000542685 0.0004705758
-0.000541085 0.0004705758
-0.000539485 0.00117644
-0.000537885 0.0004705758
-0.000536285 0.0007058638
-0.000534685 0.0002352879
-0.000533085 0.0007058638
-0.000531485 0.0002352879
-0.000529885 0.0004705758
-0.000528285 0.0004705758
-0.000526685 0.0004705758
-0.000525085 0.0004705758
-0.000523485 0.0004705758
-0.000521885 0.00117644
-0.000520285 0.0007058638
-0.000518685 0.0004705758
-0.000517085 0.0007058638
-0.000515485 0.0007058638
-0.000513885 0
-0.000512285 0.0009411517
-0.000510685 0.0002352879
-0.000509085 0.0009411517
-0.000507485 0.0009411517
-0.000505885 0.0002352879
-0.000504285 0.0004705758
-0.000502685 0.0009411517
-0.000501085 0.0007058638
-0.000499485 0.0004705758
-0.000497885 0.0007058638
-0.000496285 0.0007058638
-0.000494685 0.0002352879
-0.000493085 0.0007058638
-0.000491485 0.0007058638
-0.000489885 0.00117644
-0.000488285 0.0004705758
-0.000486685 0.0009411517
-0.000485085 0.0002352879
-0.000483485 0.0007058638
-0.000481885 0.0004705758
-0.000480285 0.0007058638
-0.000478685 0.0007058638
-0.000477085 0.0004705758
-0.000475485 0.0007058638
-0.000473885 0.0007058638
-0.000472285 0.0009411517
-0.000470685 0.0009411517
-0.000469085 0.0002352879
-0.000467485 0.0004705758
-0.000465885 0.0002352879
-0.000464285 0.0004705758
-0.000462685 0.0002352879
-0.000461085 0.0007058638
-0.000459485 0.0004705758
-0.000457885 0.0009411517
-0.000456285 0.0007058638
-0.000454685 0.0004705758
-0.000453085 0.0009411517
-0.000451485 0.0004705758
-0.000449885 0.0004705758
-0.000448285 0.0002352879
-0.000446685 0.00117644
-0.000445085 0.0002352879
-0.000443485 0.0007058638
-0.000441885 0.0004705758
-0.000440285 0.0007058638
-0.000438685 0.0004705758
-0.000437085 0.0002352879
-0.000435485 0.0002352879
-0.000433885 0.0007058638
-0.000432285 0.0002352879
-0.000430685 0.0004705758
-0.000429085 0
-0.000427485 0.0004705758
-0.000425885 0.0007058638
-0.000424285 0.0002352879
-0.000422685 0.0007058638
-0.000421085 0.0004705758
-0.000419485 0.0002352879
-0.000417885 0.0004705758
-0.000416285 0.0004705758
-0.000414685 0.0004705758
-0.000413085 0
-0.000411485 0.0002352879
-0.000409885 0.0009411517
-0.000408285 0.0004705758
-0.000406685 0.0004705758
-0.000405085 0.0007058638
-0.000403485 0.0007058638
-0.000401885 0.0004705758
-0.000400285 0.0002352879
-0.000398685 0.0004705758
-0.000397085 0.0002352879
-0.000395485 0.0002352879
-0.000393885 0.0004705758
-0.000392285 0.0002352879
-0.000390685 0.0002352879
-0.000389085 0.0004705758
-0.000387485 0.0002352879
-0.000385885 0.0004705758
-0.000384285 0.0002352879
-0.000382685 0.0002352879
-0.000381085 0.0007058638
-0.000379485 0.0004705758
-0.000377885 0.0004705758
-0.000376285 0.0002352879
-0.000374685 0.0002352879
-0.000373085 0.0002352879
-0.000371485 0.0004705758
-0.000369885 0.0004705758
-0.000368285 0.0007058638
-0.000366685 0.0002352879
-0.000365085 0.0007058638
-0.000363485 0.0002352879
-0.000361885 0.0002352879
-0.000360285 0.0007058638
-0.000358685 0.0004705758
-0.000357085 0.0002352879
-0.000355485 -0.0002352879
-0.000353885 0.0004705758
-0.000352285 0
-0.000350685 0.0004705758
-0.000349085 0.0002352879
-0.000347485 0.0002352879
-0.000345885 0.0004705758
-0.000344285 0.0002352879
-0.000342685 0.0002352879
-0.000341085 0.0007058638
-0.000339485 0.0002352879
-0.000337885 0.0002352879
-0.000336285 0.0004705758
-0.000334685 0.0007058638
-0.000333085 0.0004705758
-0.000331485 0.0004705758
-0.000329885 0.0004705758
-0.000328285 0.0007058638
-0.000326685 0.0002352879
-0.000325085 0.0004705758
-0.000323485 0.0004705758
-0.000321885 0.0007058638
-0.000320285 0.0004705758
-0.000318685 0.0007058638
-0.000317085 0.0004705758
-0.000315485 0.0004705758
-0.000313885 0.00117644
-0.000312285 0.0002352879
-0.000310685 0.0002352879
-0.000309085 0
-0.000307485 0
-0.000305885 0.0002352879
-0.000304285 0
-0.000302685 0
-0.000301085 0
-0.000299485 0.0007058638
-0.000297885 0
-0.000296285 0.0002352879
-0.000294685 0.0002352879
-0.000293085 0
-0.000291485 0.0007058638
-0.000289885 0.0002352879
-0.000288285 0.0007058638
-0.000286685 0.0007058638
-0.000285085 0.0002352879
-0.000283485 0.0002352879
-0.000281885 0.0007058638
-0.000280285 0.0007058638
-0.000278685 0.0004705758
-0.000277085 0
-0.000275485 0
-0.000273885 0.0007058638
-0.000272285 0.0004705758
-0.000270685 0.0004705758
-0.000269085 0.0004705758
-0.000267485 0.0004705758
-0.000265885 -0.0002352879
-0.000264285 0.0002352879
-0.000262685 0.0002352879
-0.000261085 0.0002352879
-0.000259485 0.0004705758
-0.000257885 0.0004705758
-0.000256285 0.0009411517
-0.000254685 0.0007058638
-0.000253085 0.0002352879
-0.000251485 0.0002352879
-0.000249885 0.0009411517
-0.000248285 0.0002352879
-0.000246685 0
-0.000245085 0.0002352879
-0.000243485 0.0004705758
-0.000241885 0.0002352879
-0.000240285 0
-0.000238685 0.0007058638
-0.000237085 -0.0002352879
-0.000235485 0.0009411517
-0.000233885 0.0002352879
-0.000232285 0.0004705758
-0.000230685 -0.0002352879
-0.000229085 0.0007058638
-0.000227485 0.0004705758
-0.000225885 0.0009411517
-0.000224285 0.0002352879
-0.000222685 0.0002352879
-0.000221085 0.0007058638
-0.000219485 0.0004705758
-0.000217885 0.0002352879
-0.000216285 0.0004705758
-0.000214685 0
-0.000213085 0.0004705758
-0.000211485 0.00117644
-0.000209885 0.0007058638
-0.000208285 0.0002352879
-0.000206685 0.0004705758
-0.000205085 0.0002352879
-0.000203485 0.0002352879
-0.000201885 0.0004705758
-0.000200285 0.0007058638
-0.000198685 0.0002352879
-0.000197085 0.0004705758
-0.000195485 0.0002352879
-0.000193885 0.0007058638
-0.000192285 -0.0002352879
-0.000190685 0
-0.000189085 0
-0.000187485 0.0002352879
-0.000185885 0
-0.000184285 0.0004705758
-0.000182685 0.0004705758
-0.000181085 0.0002352879
-0.000179485 0.0004705758
-0.000177885 0.0004705758
-0.000176285 0.0002352879
-0.000174685 0
-0.000173085 0.0002352879
-0.000171485 0.0004705758
-0.000169885 0.0007058638
-0.000168285 0.0002352879
-0.000166685 0
-0.000165085 0.0004705758
-0.000163485 0
-0.000161885 0.0002352879
-0.000160285 0.0004705758
-0.000158685 0.0009411517
-0.000157085 -0.0002352879
-0.000155485 0.0004705758
-0.000153885 0.0002352879
-0.000152285 0.0002352879
-0.000150685 0.0004705758
-0.000149085 0
-0.000147485 0.0004705758
-0.000145885 0
-0.000144285 0.0004705758
-0.000142685 0.0007058638
-0.000141085 0
-0.000139485 0
-0.000137885 0.0002352879
-0.000136285 0
-0.000134685 0.0004705758
-0.000133085 0.0002352879
-0.000131485 -0.0002352879
-0.000129885 0.0002352879
-0.000128285 0.0002352879
-0.000126685 -0.0004705758
-0.000125085 0.0002352879
-0.000123485 0
-0.000121885 0
-0.000120285 0
-0.000118685 0.0007058638
-0.000117085 0.0009411517
-0.000115485 0.0002352879
-0.000113885 0.0002352879
-0.000112285 0.0004705758
-0.000110685 0.0002352879
-0.000109085 0
-0.000107485 0.0004705758
-0.000105885 -0.0002352879
-0.000104285 0.0009411517
-0.000102685 0.0002352879
-0.000101085 0
-9.9485e-005 -0.0002352879
-9.7885e-005 0.0004705758
-9.6285e-005 0.0002352879
-9.4685e-005 0
-9.3085e-005 -0.0002352879
-9.1485e-005 0
-8.9885e-005 0.0002352879
-8.8285e-005 0
-8.6685e-005 -0.0004705758
-8.5085e-005 0.0002352879
-8.3485e-005 0.0004705758
-8.1885e-005 -0.0004705758
-8.0285e-005 0
-7.8685e-005 -0.0002352879
-7.7085e-005 0.0002352879
-7.5485e-005 0
-7.3885e-005 -0.0002352879
-7.2285e-005 -0.0002352879
-7.0685e-005 0.0002352879
-6.9085e-005 0.0002352879
-6.7485e-005 -0.0002352879
-6.5885e-005 0.0004705758
-6.4285e-005 0
-6.2685e-005 -0.0002352879
-6.1085e-005 0.0002352879
-5.9485e-005 0.0004705758
-5.7885e-005 -0.0002352879
-5.6285e-005 -0.0002352879
-5.4685e-005 -0.0002352879
-5.3085e-005 0.001647015
-5.1485e-005 0.002823455
-4.9885e-005 0.003294031
-4.8285e-005 0.002352879
-4.6685e-005 0.0004705758
-4.5085e-005 -0.0007058638
-4.3485e-005 -0.002588167
-4.1885e-005 -0.007529213
-4.0285e-005 -0.01576429
-3.8685e-005 -0.02470523
-3.7085e-005 -0.03270502
-3.5485e-005 -0.04258711
-3.3885e-005 -0.0545868
-3.2285e-005 -0.06541004
-3.0685e-005 -0.07082166
-2.9085e-005 -0.07693915
-2.7485e-005 -0.09129171
-2.5885e-005 -0.1152911
-2.4285e-005 -0.1449374
-2.2685e-005 -0.1698779
-2.1085e-005 -0.1882303
-1.9485e-005 -0.20023
-1.7885e-005 -0.210818
-1.6285e-005 -0.2237588
-1.4685e-005 -0.2392878
-1.3085e-005 -0.2522286
-1.1485e-005 -0.2614049
-9.885e-006 -0.2592873
-8.285e-006 -0.243523
-6.685e-006 -0.2122297
-5.085e-006 -0.1639957
-3.485e-006 -0.1089383
-1.885e-006 -0.05552795
-2.85e-007 -0.007529213
1.315e-006 0.02352879
2.915e-006 0.04141067
4.515e-006 0.04893989
6.115e-006 0.05011633
7.715e-006 0.04752816
9.315e-006 0.04541057
1.0915e-005 0.04446942
1.2515e-005 0.04164596
1.4115e-005 0.0369402
1.5715e-005 0.03223444
1.7315e-005 0.02799926
1.8915e-005 0.02352879
2.0515e-005 0.01999947
2.2115e-005 0.01882303
2.3715e-005 0.01741131
2.5315e-005 0.01929361
2.6915e-005 0.02094062
2.8515e-005 0.02117591
3.0115e-005 0.01929361
3.1715e-005 0.01599958
3.3315e-005 0.01199968
3.4915e-005 0.007529213
3.6515e-005 0.003058743
3.8115e-005 -0.004705758
3.9715e-005 -0.01623487
4.1315e-005 -0.02752869
4.2915e-005 -0.03858722
4.4515e-005 -0.04941046
4.6115e-005 -0.05788083
4.7715e-005 -0.06470418
4.9315e-005 -0.06752763
5.0915e-005 -0.06588062
5.2515e-005 -0.05976313
5.4115e-005 -0.05152805
5.5715e-005 -0.04564586
5.7315e-005 -0.04399884
5.8915e-005 -0.04564586
6.0515e-005 -0.04893989
6.2115e-005 -0.05388093
6.3715e-005 -0.05693968
6.5315e-005 -0.0564691
6.6915e-005 -0.05270449
6.8515e-005 -0.04893989
7.0115e-005 -0.0428224
7.1715e-005 -0.03929308
7.3315e-005 -0.03835193
7.4915e-005 -0.03929308
7.6515e-005 -0.04329298
7.8115e-005 -0.04823402
7.9715e-005 -0.05317507
8.1315e-005 -0.05764554
8.2915e-005 -0.05976313
8.4515e-005 -0.06141015
8.6115e-005 -0.06329245
8.7715e-005 -0.06635119
8.9315e-005 -0.07058638
9.0915e-005 -0.07552742
9.2515e-005 -0.08070376
9.4115e-005 -0.0856448
9.5715e-005 -0.09035056
9.7315e-005 -0.09246815
9.8915e-005 -0.09058585
0.000100515 -0.08799768
0.000102115 -0.08352721
0.000103715 -0.08093904
0.000105315 -0.07952732
0.000106915 -0.07882145
0.000108515 -0.07576271
0.000110115 -0.07129224
0.000111715 -0.06470418
0.000113315 -0.05717496
0.000114915 -0.04917517
0.000116515 -0.04188125
0.000118115 -0.03646963
0.000119715 -0.03105801
0.000121315 -0.0272934
0.000122915 -0.02635225
0.000124515 -0.02705811
0.000126115 -0.03105801
0.000127715 -0.03599905
0.000129315 -0.04329298
0.000130915 -0.0505869
0.000132515 -0.05741025
0.000134115 -0.06329245
0.000135715 -0.06893936
0.000137315 -0.06988051
0.000138915 -0.06776292
0.000140515 -0.06211601
0.000142115 -0.05411622
0.000143715 -0.04541057
0.000145315 -0.03529319
0.000146915 -0.02776397
0.000148515 -0.02047005
0.000150115 -0.01576429
0.000151715 -0.01035267
0.000153315 -0.006117486
0.000154915 -0.002823455
0.000156515 -0.001882303
0.000158115 -0.002823455
0.000159715 -0.006588062
0.000161315 -0.0117644
0.000162915 -0.01599958
0.000164515 -0.01976419
0.000166115 -0.02070534
0.000167715 -0.02047005
0.000169315 -0.01835246
0.000170915 -0.01694073
0.000172515 -0.01505843
0.000174115 -0.0136467
0.000175715 -0.0136467
0.000177315 -0.0117644
0.000178915 -0.01317612
0.000180515 -0.01482314
0.000182115 -0.01929361
0.000183715 -0.02611696
0.000185315 -0.03364617
0.000186915 -0.04188125
0.000188515 -0.04799874
0.000190115 -0.0545868
0.000191715 -0.06070428
0.000193315 -0.06799821
0.000194915 -0.07552742
0.000196515 -0.08423307
0.000198115 -0.09176229
0.000199715 -0.09670333
0.000201315 -0.09787977
0.000202915 -0.09529161
0.000204515 -0.08658595
0.000206115 -0.07505685
0.000207715 -0.0623513
0.000209315 -0.05011633
0.000210915 -0.0409401
0.000212515 -0.03199916
0.000214115 -0.02611696
0.000215715 -0.02235235
0.000217315 -0.01858775
0.000218915 -0.01694073
0.000220515 -0.01599958
0.000222115 -0.015529
0.000223715 -0.01670544
0.000225315 -0.01788188
0.000226915 -0.02023476
0.000228515 -0.02258764
0.000230115 -0.02399937
0.000231715 -0.0254111
0.000233315 -0.02588167
0.000234915 -0.02776397
0.000236515 -0.03011685
0.000238115 -0.03411675
0.000239715 -0.03882251
0.000241315 -0.04423413
0.000242915 -0.04823402
0.000244515 -0.05129277
0.000246115 -0.05129277
0.000247715 -0.0505869
0.000249315 -0.05011633
0.000250915 -0.04964575
0.000252515 -0.04964575
0.000254115 -0.05105748
0.000255715 -0.05293978
0.000257315 -0.05670439
0.000258915 -0.05929256
0.000260515 -0.06164543
0.000262115 -0.06188072
0.000263715 -0.06258659
0.000265315 -0.0623513
0.000266915 -0.06211601
0.000268515 -0.06117486
0.000270115 -0.05952784
0.000271715 -0.0564691
0.000273315 -0.05388093
0.000274915 -0.05105748
0.000276515 -0.04729287
0.000278115 -0.0428224
0.000279715 -0.03858722
0.000281315 -0.03599905
0.000282915 -0.03599905
0.000284515 -0.03764607
0.000286115 -0.04070481
0.000287715 -0.0447047
0.000289315 -0.04917517
0.000290915 -0.05364565
0.000292515 -0.05788083
0.000294115 -0.06282187
0.000295715 -0.06658648
0.000297315 -0.0682335
0.000298915 -0.06752763
0.000300515 -0.0642336
0.000302115 -0.06093957
0.000303715 -0.05435151
0.000305315 -0.04776345
0.000306915 -0.03999895
0.000308515 -0.03294031
0.000310115 -0.02611696
0.000311715 -0.02047005
0.000313315 -0.01599958
0.000314915 -0.01270555
0.000316515 -0.01011738
0.000318115 -0.008470365
0.000319715 -0.007058638
0.000321315 -0.007058638
0.000322915 -0.007058638
0.000324515 -0.005176334
0.000326115 -0.003764607
0.000327715 -0.001647015
0.000329315 -0.0009411517
0.000330915 -0.002352879
0.000332515 -0.006588062
0.000334115 -0.01105853
0.000335715 -0.01576429
0.000337315 -0.01976419
0.000338915 -0.02188178
0.000340515 -0.02376408
0.000342115 -0.02446994
0.000343715 -0.02423466
0.000345315 -0.02494052
0.000346915 -0.02588167
0.000348515 -0.02752869
0.000350115 -0.02964628
0.000351715 -0.03105801
0.000353315 -0.03199916
0.000354915 -0.03199916
0.000356515 -0.03129329
0.000358115 -0.03058743
0.000359715 -0.03176387
0.000361315 -0.03270502
0.000362915 -0.03341088
0.000364515 -0.03411675
0.000366115 -0.03458732
0.000367715 -0.03529319
0.000369315 -0.03670492
0.000370915 -0.03858722
0.000372515 -0.04164596
0.000374115 -0.0447047
0.000375715 -0.04776345
0.000377315 -0.04964575
0.000378915 -0.05152805
0.000380515 -0.05152805
0.000382115 -0.05105748
0.000383715 -0.04988104
0.000385315 -0.0487046
0.000386915 -0.04635172
0.000388515 -0.04541057
0.000390115 -0.04352826
0.000391715 -0.04070481
0.000393315 -0.03905779
0.000394915 -0.03788135
0.000396515 -0.03717549
0.000398115 -0.03788135
0.000399715 -0.03717549
0.000401315 -0.03623434
0.000402915 -0.03435204
0.000404515 -0.03011685
0.000406115 -0.02752869
0.000407715 -0.02399937
0.000409315 -0.02047005
0.000410915 -0.01811717
0.000412515 -0.01458785
0.000414115 -0.01058796
0.000415715 -0.006352774
0.000417315 -0.0002352879
0.000418915 0.004941046
0.000420515 0.009411517
0.000422115 0.01411728
0.000423715 0.01576429
0.000425315 0.01717602
0.000426915 0.01764659
0.000428515 0.01811717
0.000430115 0.01811717
0.000431715 0.01999947
0.000433315 0.02070534
0.000434915 0.0214112
0.000436515 0.02117591
0.000438115 0.02070534
0.000439715 0.02023476
0.000441315 0.01929361
0.000442915 0.01835246
0.000444515 0.01647015
0.000446115 0.01388199
0.000447715 0.01082324
0.000449315 0.006117486
0.000450915 0.001882303
0.000452515 -0.00447047
0.000454115 -0.009882093
0.000455715 -0.01599958
0.000457315 -0.02305822
0.000458915 -0.02776397
0.000460515 -0.03341088
0.000462115 -0.03646963
0.000463715 -0.03882251
0.000465315 -0.03764607
0.000466915 -0.03529319
0.000468515 -0.03152858
0.000470115 -0.02752869
0.000471715 -0.02352879
0.000473315 -0.02023476
0.000474915 -0.01694073
0.000476515 -0.01388199
0.000478115 -0.01129382
0.000479715 -0.009411517
0.000481315 -0.007529213
0.000482915 -0.00564691
0.000484515 -0.003058743
0.000486115 -0.00117644
0.000487715 0.00117644
0.000489315 0.003058743
0.000490915 0.003294031
0.000492515 0.004235183
0.000494115 0.004705758
0.000495715 0.005882198
0.000497315 0.007058638
0.000498915 0.008235077
0.000500515 0.008705653
0.000502115 0.007999789
0.000503715 0.006588062
0.000505315 0.004941046
0.000506915 0.003058743
0.000508515 0.001647015
0.000510115 -0.0004705758
0.000511715 -0.002352879
0.000513315 -0.003764607
0.000514915 -0.004705758
0.000516515 -0.004235183
0.000518115 -0.003294031
0.000519715 -0.001647015
0.000521315 0.0004705758
0.000522915 0.002588167
0.000524515 0.007764501
0.000526115 0.01152911
0.000527715 0.01623487
0.000529315 0.01905832
0.000530915 0.02211706
0.000532515 0.02352879
0.000534115 0.02423466
0.000535715 0.02399937
0.000537315 0.02352879
0.000538915 0.02211706
0.000540515 0.01929361
0.000542115 0.01717602
0.000543715 0.015529
0.000545315 0.01317612
0.000546915 0.01270555
0.000548515 0.01129382
0.000550115 0.01058796
0.000551715 0.009176229
0.000553315 0.009411517
0.000554915 0.008470365
0.000556515 0.008470365
0.000558115 0.008235077
0.000559715 0.008470365
0.000561315 0.008470365
0.000562915 0.009176229
0.000564515 0.009176229
0.000566115 0.009882093
0.000567715 0.009882093
0.000569315 0.01129382
0.000570915 0.01247026
0.000572515 0.01341141
0.000574115 0.01482314
0.000575715 0.01482314
0.000577315 0.01458785
0.000578915 0.0136467
0.000580515 0.01270555
0.000582115 0.01152911
0.000583715 0.01058796
0.000585315 0.01035267
0.000586915 0.01035267
0.000588515 0.01223497
0.000590115 0.01482314
0.000591715 0.01811717
0.000593315 0.01999947
0.000594915 0.02164649
0.000596515 0.02282293
0.000598115 0.02352879
0.000599715 0.02305822
0.000601315 0.02117591
0.000602915 0.01905832
0.000604515 0.01717602
0.000606115 0.01435256
0.000607715 0.01294084
0.000609315 0.01152911
0.000610915 0.01129382
0.000612515 0.01294084
0.000614115 0.01388199
0.000615715 0.01576429
0.000617315 0.01929361
0.000618915 0.02070534
0.000620515 0.02282293
0.000622115 0.02376408
0.000623715 0.02470523
0.000625315 0.0254111
0.000626915 0.02705811
0.000628515 0.02752869
0.000630115 0.02799926
0.000631715 0.0291757
0.000633315 0.02988157
0.000634915 0.03105801
0.000636515 0.03223444
0.000638115 0.03199916
0.000639715 0.03294031
0.000641315 0.03294031
0.000642915 0.03341088
0.000644515 0.03364617
0.000646115 0.03482261
0.000647715 0.03576376
0.000649315 0.03788135
0.000650915 0.03905779
0.000652515 0.04023423
0.000654115 0.04164596
0.000655715 0.0428224
0.000657315 0.04235183
0.000658915 0.04235183
0.000660515 0.04211654
0.000662115 0.04188125
0.000663715 0.04070481
0.000665315 0.04023423
0.000666915 0.03952837
0.000668515 0.03835193
0.000670115 0.03741078
0.000671715 0.03623434
0.000673315 0.03552848
0.000674915 0.03482261
0.000676515 0.03341088
0.000678115 0.03246973
0.000679715 0.03223444
0.000681315 0.03152858
0.000682915 0.03129329
0.000684515 0.03058743
0.000686115 0.03058743
0.000687715 0.03058743
0.000689315 0.02988157
0.000690915 0.02894041
0.000692515 0.02823455
0.000694115 0.02799926
0.000695715 0.02682282
0.000697315 0.02752869
0.000698915 0.02823455
0.000700515 0.03058743
0.000702115 0.03270502
0.000703715 0.03576376
0.000705315 0.03952837
0.000706915 0.0428224
0.000708515 0.04705758
0.000710115 0.05105748
0.000711715 0.05341036
0.000713315 0.05435151
0.000714915 0.0545868
0.000716515 0.05364565
0.000718115 0.05129277
0.000719715 0.04893989
0.000721315 0.04635172
0.000722915 0.04352826
0.000724515 0.04235183
0.000726115 0.04188125
0.000727715 0.04329298
0.000729315 0.04493999
0.000730915 0.04846931
0.000732515 0.05246921
0.000734115 0.05788083
0.000735715 0.06258659
0.000737315 0.06870407
0.000738915 0.07340983
0.000740515 0.07835088
0.000742115 0.08140962
0.000743715 0.08517423
0.000745315 0.08658595
0.000746915 0.08870354
0.000748515 0.0896447
0.000750115 0.08987998
0.000751715 0.09011527
0.000753315 0.08987998
0.000754915 0.08893883
0.000756515 0.08752711
0.000758115 0.08446836
0.000759715 0.08140962
0.000761315 0.0778803
0.000762915 0.07388041
0.000764515 0.06917465
0.000766115 0.06493947
0.000767715 0.06164543
0.000769315 0.05929256
0.000770915 0.05788083
0.000772515 0.05717496
0.000774115 0.05741025
0.000775715 0.05882198
0.000777315 0.06093957
0.000778915 0.06329245
0.000780515 0.06682177
0.000782115 0.06940994
0.000783715 0.07317454
0.000785315 0.07623329
0.000786915 0.07882145
0.000788515 0.08235077
0.000790115 0.08423307
0.000791715 0.0856448
0.000793315 0.08635067
0.000794915 0.08470365
0.000796515 0.08329192
0.000798115 0.08117433
0.000799715 0.07858616
0.000801315 0.07693915
0.000802915 0.07458627
0.000804515 0.07223339
0.000806115 0.06988051
0.000807715 0.06776292
0.000809315 0.06588062
0.000810915 0.06399831
0.000812515 0.0623513
0.000814115 0.06164543
0.000815715 0.06046899
0.000817315 0.06023371
0.000818915 0.06046899
0.000820515 0.06141015
0.000822115 0.06141015
0.000823715 0.06282187
0.000825315 0.06399831
0.000826915 0.06541004
0.000828515 0.06729234
0.000830115 0.06870407
0.000831715 0.07058638
0.000833315 0.07270397
0.000834915 0.07364512
0.000836515 0.07482156
0.000838115 0.07482156
0.000839715 0.07364512
0.000841315 0.07105695
0.000842915 0.06917465
0.000844515 0.06588062
0.000846115 0.06352774
0.000847715 0.06141015
0.000849315 0.05952784
0.000850915 0.0583514
0.000852515 0.05717496
0.000854115 0.05670439
0.000855715 0.0564691
0.000857315 0.05811612
0.000858915 0.05905727
0.000860515 0.06141015
0.000862115 0.06376303
0.000863715 0.06493947
0.000865315 0.06588062
0.000866915 0.06635119
0.000868515 0.06682177
0.000870115 0.06729234
0.000871715 0.06799821
0.000873315 0.06846878
0.000874915 0.06988051
0.000876515 0.07035109
0.000878115 0.0701158
0.000879715 0.06846878
0.000881315 0.06752763
0.000882915 0.06564533
0.000884515 0.06329245
0.000886115 0.06164543
0.000887715 0.05976313
0.000889315 0.05905727
0.000890915 0.0583514
0.000892515 0.05858669
0.000894115 0.05952784
0.000895715 0.05999842
0.000897315 0.06093957
0.000898915 0.06093957
0.000900515 0.06093957
0.000902115 0.06046899
0.000903715 0.05999842
0.000905315 0.05929256
0.000906915 0.05929256
0.000908515 0.05764554
0.000910115 0.05741025
0.000911715 0.05552795
0.000913315 0.05482208
0.000914915 0.05411622
0.000916515 0.05364565
0.000918115 0.05364565
0.000919715 0.0545868
0.000921315 0.05576324
0.000922915 0.0564691
0.000924515 0.05741025
0.000926115 0.05858669
0.000927715 0.05882198
0.000929315 0.05858669
0.000930915 0.05741025
0.000932515 0.05576324
0.000934115 0.05388093
0.000935715 0.05129277
0.000937315 0.04964575
0.000938915 0.04846931
0.000940515 0.04776345
0.000942115 0.04823402
0.000943715 0.04823402
0.000945315 0.04917517
0.000946915 0.05152805
0.000948515 0.05341036
0.000950115 0.05623381
0.000951715 0.0583514
0.000953315 0.06141015
0.000954915 0.06352774
0.000956515 0.06541004
0.000958115 0.06705706
0.000959715 0.0682335
0.000961315 0.07058638
0.000962915 0.07246868
0.000964515 0.07388041
0.000966115 0.07482156
0.000967715 0.075998
0.000969315 0.07670386
0.000970915 0.07693915
0.000972515 0.07764501
0.000974115 0.07835088
0.000975715 0.07764501
0.000977315 0.07764501
0.000978915 0.07740972
0.000980515 0.07646857
0.000982115 0.07482156
0.000983715 0.07270397
0.000985315 0.06988051
0.000986915 0.06729234
0.000988515 0.06541004
0.000990115 0.06329245
0.000991715 0.06117486
0.000993315 0.05905727
0.000994915 0.05717496
0.000996515 0.05576324
0.000998115 0.05435151
0.000999715 0.05270449
0.001001315 0.05129277
0.001002915 0.04964575
0.001004515 0.04823402
0.001006115 0.04705758
0.001007715 0.04658701
0.001009315 0.04635172
0.001010915 0.04493999
0.001012515 0.04564586
0.001014115 0.04611643
0.001015715 0.04823402
0.001017315 0.05011633
0.001018915 0.05293978
0.001020515 0.0545868
0.001022115 0.05693968
0.001023715 0.05858669
0.001025315 0.05976313
0.001026915 0.06141015
0.001028515 0.06188072
0.001030115 0.06188072
0.001031715 0.06188072
0.001033315 0.06164543
0.001034915 0.06141015
0.001036515 0.06093957
0.001038115 0.06117486
0.001039715 0.06093957
0.001041315 0.06070428
0.001042915 0.06023371
0.001044515 0.05976313
0.001046115 0.05952784
0.001047715 0.05882198
0.001049315 0.05693968
0.001050915 0.05623381
0.001052515 0.05411622
0.001054115 0.05270449
0.001055715 0.0505869
0.001057315 0.04917517
0.001058915 0.04658701
0.001060515 0.04541057
0.001062115 0.04423413
0.001063715 0.04376355
0.001065315 0.04211654
0.001066915 0.04188125
0.001068515 0.0409401
0.001070115 0.03976366
0.001071715 0.03858722
0.001073315 0.03811664
0.001074915 0.03788135
0.001076515 0.03717549
0.001078115 0.0369402
0.001079715 0.03717549
0.001081315 0.03835193
0.001082915 0.03858722
0.001084515 0.04046952
0.001086115 0.04235183
0.001087715 0.04423413
0.001089315 0.04658701
0.001090915 0.04964575
0.001092515 0.05223392
0.001094115 0.05435151
0.001095715 0.05670439
0.001097315 0.05717496
0.001098915 0.0583514
0.001100515 0.05858669
0.001102115 0.05717496
0.001103715 0.05576324
0.001105315 0.05482208
0.001106915 0.05341036
0.001108515 0.05176334
0.001110115 0.05035161
0.001111715 0.0487046
0.001113315 0.04729287
0.001114915 0.04517528
0.001116515 0.04517528
0.001118115 0.04446942
0.001119715 0.04376355
0.001121315 0.04399884
0.001122915 0.04376355
0.001124515 0.04376355
0.001126115 0.04423413
0.001127715 0.04376355
0.001129315 0.04329298
0.001130915 0.04329298
0.001132515 0.04399884
0.001134115 0.04493999
0.001135715 0.04493999
0.001137315 0.04588114
0.001138915 0.04658701
0.001140515 0.04658701
0.001142115 0.04658701
0.001143715 0.04517528
0.001145315 0.04376355
0.001146915 0.04211654
0.001148515 0.03905779
0.001150115 0.03576376
0.001151715 0.03364617
0.001153315 0.03035214
0.001154915 0.02870513
0.001156515 0.02658753
0.001158115 0.02588167
0.001159715 0.02517581
0.001161315 0.0254111
0.001162915 0.02494052
0.001164515 0.02517581
0.001166115 0.02446994
0.001167715 0.02423466
0.001169315 0.02376408
0.001170915 0.02305822
0.001172515 0.02282293
0.001174115 0.02235235
0.001175715 0.02164649
0.001177315 0.02258764
0.001178915 0.02282293
0.001180515 0.0232935
0.001182115 0.02470523
0.001183715 0.02588167
0.001185315 0.02776397
0.001186915 0.03082272
0.001188515 0.03388146
0.001190115 0.03623434
0.001191715 0.03882251
0.001193315 0.04070481
0.001194915 0.04376355
0.001196515 0.04564586
0.001198115 0.04635172
0.001199715 0.04823402
0.001201315 0.04823402
0.001202915 0.0487046
0.001204515 0.04964575
0.001206115 0.04988104
0.001207715 0.04964575
0.001209315 0.04846931
0.001210915 0.04799874
0.001212515 0.0468223
0.001214115 0.0447047
0.001215715 0.04211654
0.001217315 0.03929308
0.001218915 0.0350579
0.001220515 0.03082272
0.001222115 0.02658753
0.001223715 0.02235235
0.001225315 0.01835246
0.001226915 0.01458785
0.001228515 0.01223497
0.001230115 0.009882093
0.001231715 0.008235077
0.001233315 0.007058638
0.001234915 0.006352774
0.001236515 0.007058638
0.001238115 0.007058638
0.001239715 0.007058638
0.001241315 0.007999789
0.001242915 0.009411517
0.001244515 0.01058796
0.001246115 0.01270555
0.001247715 0.01435256
0.001249315 0.01647015
0.001250915 0.01835246
0.001252515 0.01999947
0.001254115 0.0214112
0.001255715 0.02164649
0.001257315 0.02258764
0.001258915 0.02305822
0.001260515 0.02282293
0.001262115 0.02235235
0.001263715 0.0214112
0.001265315 0.01976419
0.001266915 0.01858775
0.001268515 0.01670544
0.001270115 0.01529371
0.001271715 0.01341141
0.001273315 0.0117644
0.001274915 0.009882093
0.001276515 0.007764501
0.001278115 0.00564691
0.001279715 0.004705758
0.001281315 0.002117591
0.001282915 0.0004705758
0.001284515 -0.0007058638
0.001286115 -0.0004705758
0.001287715 -0.0009411517
0.001289315 -0.0004705758
0.001290915 0.0009411517
0.001292515 0.001647015
0.001294115 0.002823455
0.001295715 0.003529319
0.001297315 0.00447047
0.001298915 0.005882198
0.001300515 0.006117486
0.001302115 0.00564691
0.001303715 0.005176334
0.001305315 0.003999895
0.001306915 0.002352879
0.001308515 0.0007058638
0.001310115 -0.002117591
0.001311715 -0.005176334
0.001313315 -0.007058638
0.001314915 -0.009646805
0.001316515 -0.01011738
0.001318115 -0.01152911
0.001319715 -0.01247026
0.001321315 -0.01317612
0.001322915 -0.01317612
0.001324515 -0.01317612
0.001326115 -0.01270555
0.001327715 -0.01247026
0.001329315 -0.01223497
0.001330915 -0.01199968
0.001332515 -0.01082324
0.001334115 -0.01011738
0.001335715 -0.009176229
0.001337315 -0.007058638
0.001338915 -0.00564691
0.001340515 -0.003529319
0.001342115 -0.0004705758
0.001343715 0.003294031
0.001345315 0.004941046
0.001346915 0.008235077
0.001348515 0.01082324
0.001350115 0.01270555
0.001351715 0.0136467
0.001353315 0.01529371
0.001354915 0.01411728
0.001356515 0.01458785
0.001358115 0.01294084
0.001359715 0.01152911
0.001361315 0.008705653
0.001362915 0.005882198
0.001364515 0.002352879
0.001366115 -0.001647015
0.001367715 -0.005411622
0.001369315 -0.009646805
0.001370915 -0.01388199
0.001372515 -0.01741131
0.001374115 -0.02117591
0.001375715 -0.02423466
0.001377315 -0.02682282
0.001378915 -0.02846984
0.001380515 -0.03058743
0.001382115 -0.03294031
0.001383715 -0.03435204
0.001385315 -0.03458732
0.001386915 -0.03458732
0.001388515 -0.03364617
0.001390115 -0.03246973
0.001391715 -0.03129329
0.001393315 -0.02964628
0.001394915 -0.02752869
0.001396515 -0.0254111
0.001398115 -0.02305822
0.001399715 -0.02047005
0.001401315 -0.01811717
0.001402915 -0.01647015
0.001404515 -0.01435256
0.001406115 -0.01294084
0.001407715 -0.0117644
0.001409315 -0.01129382
0.001410915 -0.01105853
0.001412515 -0.01152911
0.001414115 -0.0117644
0.001415715 -0.01388199
0.001417315 -0.01599958
0.001418915 -0.01835246
0.001420515 -0.02117591
0.001422115 -0.02446994
0.001423715 -0.02682282
0.001425315 -0.02941099
0.001426915 -0.03199916
0.001428515 -0.03411675
0.001430115 -0.03599905
0.001431715 -0.03764607
0.001433315 -0.03882251
0.001434915 -0.03882251
0.001436515 -0.03835193
0.001438115 -0.03788135
0.001439715 -0.0369402
0.001441315 -0.03529319
0.001442915 -0.03364617
0.001444515 -0.03129329
0.001446115 -0.02941099
0.001447715 -0.02776397
0.001449315 -0.02611696
0.001450915 -0.02470523
0.001452515 -0.02352879
0.001454115 -0.02282293
0.001455715 -0.02188178
0.001457315 -0.02211706
0.001458915 -0.02258764
0.001460515 -0.02258764
0.001462115 -0.02258764
0.001463715 -0.02282293
0.001465315 -0.0232935
0.001466915 -0.02423466
0.001468515 -0.02423466
0.001470115 -0.02470523
0.001471715 -0.02470523
0.001473315 -0.02588167
0.001474915 -0.02682282
0.001476515 -0.02799926
0.001478115 -0.0291757
0.001479715 -0.03105801
0.001481315 -0.03294031
0.001482915 -0.03435204
0.001484515 -0.03576376
0.001486115 -0.03741078
0.001487715 -0.03882251
0.001489315 -0.04070481
0.001490915 -0.04141067
0.001492515 -0.04305769
0.001494115 -0.04352826
0.001495715 -0.04517528
0.001497315 -0.04588114
0.001498915 -0.04588114
0.001500515 -0.0468223
0.001502115 -0.04658701
0.001503715 -0.04705758
0.001505315 -0.04752816
0.001506915 -0.04893989
0.001508515 -0.04893989
0.001510115 -0.05082219
0.001511715 -0.05293978
0.001513315 -0.0545868
0.001514915 -0.05670439
0.001516515 -0.05905727
0.001518115 -0.06093957
0.001519715 -0.0623513
0.001521315 -0.06446889
0.001522915 -0.06493947
0.001524515 -0.06588062
0.001526115 -0.06541004
0.001527715 -0.06446889
0.001529315 -0.06399831
0.001530915 -0.06258659
0.001532515 -0.06070428
0.001534115 -0.05976313
0.001535715 -0.05717496
0.001537315 -0.05623381
0.001538915 -0.05411622
0.001540515 -0.05270449
0.001542115 -0.05035161
0.001543715 -0.04752816
0.001545315 -0.04517528
0.001546915 -0.0428224
0.001548515 -0.04070481
0.001550115 -0.03811664
0.001551715 -0.03599905
0.001553315 -0.03529319
0.001554915 -0.03411675
0.001556515 -0.03364617
0.001558115 -0.03388146
0.001559715 -0.0350579
0.001561315 -0.0369402
0.001562915 -0.03741078
0.001564515 -0.03858722
0.001566115 -0.04023423
0.001567715 -0.04164596
0.001569315 -0.04376355
0.001570915 -0.04517528
0.001572515 -0.04705758
0.001574115 -0.04941046
0.001575715 -0.05199863
0.001577315 -0.05411622
0.001578915 -0.05693968
0.001580515 -0.05952784
0.001582115 -0.06305716
0.001583715 -0.06517475
0.001585315 -0.06752763
0.001586915 -0.0682335
0.001588515 -0.06988051
0.001590115 -0.07035109
0.001591715 -0.07082166
0.001593315 -0.07058638
0.001594915 -0.0701158
0.001596515 -0.06870407
0.001598115 -0.06705706
0.001599715 -0.06564533
0.001601315 -0.06376303
0.001602915 -0.06164543
0.001604515 -0.05882198
0.001606115 -0.0564691
0.001607715 -0.05435151
0.001609315 -0.05199863
0.001610915 -0.0505869
0.001612515 -0.04846931
0.001614115 -0.04705758
0.001615715 -0.04588114
0.001617315 -0.04541057
0.001618915 -0.04541057
0.001620515 -0.04493999
0.001622115 -0.04517528
0.001623715 -0.04611643
0.001625315 -0.04658701
0.001626915 -0.04752816
0.001628515 -0.04893989
0.001630115 -0.05035161
0.001631715 -0.05152805
0.001633315 -0.05270449
0.001634915 -0.05435151
0.001636515 -0.05576324
0.001638115 -0.0564691
0.001639715 -0.05717496
0.001641315 -0.05741025
0.001642915 -0.05788083
0.001644515 -0.05717496
0.001646115 -0.05717496
0.001647715 -0.0564691
0.001649315 -0.05599852
0.001650915 -0.05552795
0.001652515 -0.05576324
0.001654115 -0.05529266
0.001655715 -0.05576324
0.001657315 -0.05482208
0.001658915 -0.05599852
0.001660515 -0.05552795
0.001662115 -0.05552795
0.001663715 -0.05505737
0.001665315 -0.05576324
0.001666915 -0.05505737
0.001668515 -0.05505737
0.001670115 -0.05364565
0.001671715 -0.05270449
0.001673315 -0.05176334
0.001674915 -0.05129277
0.001676515 -0.0505869
0.001678115 -0.05082219
0.001679715 -0.05082219
0.001681315 -0.05082219
0.001682915 -0.05223392
0.001684515 -0.05317507
0.001686115 -0.05411622
0.001687715 -0.05576324
0.001689315 -0.05717496
0.001690915 -0.05858669
0.001692515 -0.05999842
0.001694115 -0.06070428
0.001695715 -0.06164543
0.001697315 -0.06258659
0.001698915 -0.06305716
0.001700515 -0.06376303
0.001702115 -0.06376303
0.001703715 -0.06376303
0.001705315 -0.06329245
0.001706915 -0.06446889
0.001708515 -0.06470418
0.001710115 -0.0661159
0.001711715 -0.06729234
0.001713315 -0.0682335
0.001714915 -0.06917465
0.001716515 -0.07082166
0.001718115 -0.07176281
0.001719715 -0.0719981
0.001721315 -0.0719981
0.001722915 -0.07246868
0.001724515 -0.07176281
0.001726115 -0.0719981
0.001727715 -0.07105695
0.001729315 -0.07082166
0.001730915 -0.06940994
0.001732515 -0.06940994
0.001734115 -0.06846878
0.001735715 -0.06846878
0.001737315 -0.0682335
0.001738915 -0.06846878
0.001740515 -0.06917465
0.001742115 -0.06964522
0.001743715 -0.07058638
0.001745315 -0.07223339
0.001746915 -0.07223339
0.001748515 -0.07411569
0.001750115 -0.07482156
0.001751715 -0.07670386
0.001753315 -0.0778803
0.001754915 -0.07882145
0.001756515 -0.07999789
0.001758115 -0.08140962
0.001759715 -0.08140962
0.001761315 -0.08235077
0.001762915 -0.08235077
0.001764515 -0.08282135
0.001766115 -0.08211548
0.001767715 -0.08140962
0.001769315 -0.08023318
0.001770915 -0.07999789
0.001772515 -0.07905674
0.001774115 -0.07764501
0.001775715 -0.07693915
0.001777315 -0.075998
0.001778915 -0.07576271
0.001780515 -0.07482156
0.001782115 -0.07435098
0.001783715 -0.07388041
0.001785315 -0.07317454
0.001786915 -0.07223339
0.001788515 -0.07105695
0.001790115 -0.07035109
0.001791715 -0.06917465
0.001793315 -0.0682335
0.001794915 -0.06705706
0.001796515 -0.0661159
0.001798115 -0.06564533
0.001799715 -0.06564533
0.001801315 -0.06517475
0.001802915 -0.06564533
0.001804515 -0.06564533
0.001806115 -0.06658648
0.001807715 -0.06635119
0.001809315 -0.06846878
0.001810915 -0.0682335
0.001812515 -0.06940994
0.001814115 -0.0701158
0.001815715 -0.07035109
0.001817315 -0.07035109
0.001818915 -0.07105695
0.001820515 -0.0701158
0.001822115 -0.07058638
0.001823715 -0.06964522
0.001825315 -0.06940994
0.001826915 -0.06917465
0.001828515 -0.06846878
0.001830115 -0.06776292
0.001831715 -0.06705706
0.001833315 -0.0661159
0.001834915 -0.06564533
0.001836515 -0.06470418
0.001838115 -0.06399831
0.001839715 -0.0623513
0.001841315 -0.06211601
0.001842915 -0.06117486
0.001844515 -0.06117486
0.001846115 -0.05999842
0.001847715 -0.05999842
0.001849315 -0.05999842
0.001850915 -0.05999842
0.001852515 -0.06023371
0.001854115 -0.06117486
0.001855715 -0.06141015
0.001857315 -0.06164543
0.001858915 -0.06211601
0.001860515 -0.06188072
0.001862115 -0.06305716
0.001863715 -0.0623513
0.001865315 -0.0623513
0.001866915 -0.06282187
0.001868515 -0.06211601
0.001870115 -0.06282187
0.001871715 -0.06211601
0.001873315 -0.06258659
0.001874915 -0.0623513
0.001876515 -0.06258659
0.001878115 -0.0623513
0.001879715 -0.06258659
0.001881315 -0.06188072
0.001882915 -0.06188072
0.001884515 -0.06141015
0.001886115 -0.06188072
0.001887715 -0.06070428
0.001889315 -0.05929256
0.001890915 -0.0583514
0.001892515 -0.05717496
0.001894115 -0.05552795
0.001895715 -0.05505737
0.001897315 -0.05341036
0.001898915 -0.05246921
0.001900515 -0.05082219
0.001902115 -0.05011633
0.001903715 -0.04893989
0.001905315 -0.04917517
0.001906915 -0.04776345
0.001908515 -0.04823402
0.001910115 -0.04846931
0.001911715 -0.04893989
0.001913315 -0.04846931
0.001914915 -0.0487046
0.001916515 -0.04941046
0.001918115 -0.0487046
0.001919715 -0.04964575
0.001921315 -0.04846931
0.001922915 -0.04776345
0.001924515 -0.04658701
0.001926115 -0.0447047
0.001927715 -0.04305769
0.001929315 -0.04070481
0.001930915 -0.03858722
0.001932515 -0.03576376
0.001934115 -0.03435204
0.001935715 -0.03223444
0.001937315 -0.02894041
0.001938915 -0.0272934
0.001940515 -0.02564638
0.001942115 -0.02446994
0.001943715 -0.02305822
0.001945315 -0.02235235
0.001946915 -0.02211706
0.001948515 -0.02188178
0.001950115 -0.02235235
0.001951715 -0.02235235
0.001953315 -0.02423466
0.001954915 -0.02494052
0.001956515 -0.02611696
0.001958115 -0.02752869
0.001959715 -0.0291757
0.001961315 -0.03105801
0.001962915 -0.03270502
0.001964515 -0.03388146
0.001966115 -0.03529319
0.001967715 -0.03599905
0.001969315 -0.03717549
0.001970915 -0.03741078
0.001972515 -0.03717549
0.001974115 -0.03764607
0.001975715 -0.03788135
0.001977315 -0.03741078
0.001978915 -0.0369402
0.001980515 -0.03717549
0.001982115 -0.03741078
0.001983715 -0.0369402
0.001985315 -0.03670492
0.001986915 -0.03623434
0.001988515 -0.03646963
0.001990115 -0.03670492
0.001991715 -0.03599905
0.001993315 -0.03599905
0.001994915 -0.03529319
0.001996515 -0.03411675
0.001998115 -0.0331756
0.001999715 -0.03223444
0.002001315 -0.03035214
0.002002915 -0.02894041
0.002004515 -0.02752869
0.002006115 -0.02564638
0.002007715 -0.02423466
0.002009315 -0.02211706
0.002010915 -0.02047005
0.002012515 -0.01905832
0.002014115 -0.01694073
0.002015715 -0.01576429
0.002017315 -0.01435256
0.002018915 -0.01270555
0.002020515 -0.01105853
0.002022115 -0.009646805
0.002023715 -0.007999789
0.002025315 -0.005882198
0.002026915 -0.00447047
0.002028515 -0.003764607
0.002030115 -0.001882303
0.002031715 -0.0007058638
0.002033315 0.001411728
0.002034915 0.001647015
0.002036515 0.002823455
0.002038115 0.003764607
0.002039715 0.004235183
0.002041315 0.004235183
0.002042915 0.00447047
0.002044515 0.005176334
0.002046115 0.004941046
0.002047715 0.004235183
0.002049315 0.003764607
0.002050915 0.003058743
0.002052515 0.002588167
0.002054115 0.0009411517
0.002055715 -0.0002352879
0.002057315 -0.001647015
0.002058915 -0.002823455
0.002060515 -0.004705758
0.002062115 -0.00564691
0.002063715 -0.007293925
0.002065315 -0.008235077
0.002066915 -0.009646805
0.002068515 -0.01082324
0.002070115 -0.01199968
0.002071715 -0.01270555
0.002073315 -0.01341141
0.002074915 -0.0136467
0.002076515 -0.01317612
0.002078115 -0.01247026
0.002079715 -0.01199968
0.002081315 -0.01058796
0.002082915 -0.01011738
0.002084515 -0.008235077
0.002086115 -0.007058638
0.002087715 -0.00564691
0.002089315 -0.004235183
0.002090915 -0.003058743
0.002092515 -0.001882303
0.002094115 -0.00117644
0.002095715 0.0002352879
0.002097315 0.0007058638
0.002098915 0.0004705758
0.002100515 0.002117591
0.002102115 0.001647015
0.002103715 0.001647015
0.002105315 0.00117644
0.002106915 0.001411728
0.002108515 0.0009411517
0.002110115 0.0007058638
0.002111715 0.0002352879
0.002113315 0.0004705758
0.002114915 0.0004705758
0.002116515 0.0009411517
0.002118115 0.001647015
0.002119715 0.002823455
0.002121315 0.003999895
0.002122915 0.00564691
0.002124515 0.006588062
0.002126115 0.008705653
0.002127715 0.009411517
0.002129315 0.01152911
0.002130915 0.01388199
0.002132515 0.015529
0.002134115 0.01764659
0.002135715 0.01882303
0.002137315 0.01999947
0.002138915 0.02164649
0.002140515 0.02282293
0.002142115 0.02352879
0.002143715 0.02446994
0.002145315 0.02446994
0.002146915 0.02399937
0.002148515 0.02376408
0.002150115 0.02352879
0.002151715 0.02235235
0.002153315 0.02164649
0.002154915 0.02023476
0.002156515 0.0195289
0.002158115 0.01811717
0.002159715 0.01788188
0.002161315 0.01717602
0.002162915 0.01576429
0.002164515 0.01411728
0.002166115 0.01341141
0.002167715 0.01247026
0.002169315 0.0117644
0.002170915 0.01035267
0.002172515 0.01082324
0.002174115 0.009882093
0.002175715 0.01058796
0.002177315 0.01058796
0.002178915 0.01129382
0.002180515 0.01199968
0.002182115 0.01317612
0.002183715 0.01388199
0.002185315 0.01599958
0.002186915 0.01694073
0.002188515 0.01882303
0.002190115 0.01929361
0.002191715 0.02047005
0.002193315 0.0214112
0.002194915 0.02188178
0.002196515 0.02235235
0.002198115 0.02211706
0.002199715 0.02211706
0.002201315 0.02258764
0.002202915 0.02258764
0.002204515 0.02305822
0.002206115 0.02258764
0.002207715 0.0232935
0.002209315 0.02258764
0.002210915 0.0232935
0.002212515 0.02399937
0.002214115 0.02399937
0.002215715 0.02494052
0.002217315 0.02588167
0.002218915 0.02635225
0.002220515 0.02752869
0.002222115 0.02870513
0.002223715 0.02988157
0.002225315 0.03105801
0.002226915 0.03246973
0.002228515 0.03270502
0.002230115 0.03411675
0.002231715 0.0350579
0.002233315 0.03552848
0.002234915 0.03599905
0.002236515 0.03552848
0.002238115 0.03552848
0.002239715 0.03482261
0.002241315 0.03482261
0.002242915 0.03435204
0.002244515 0.03435204
0.002246115 0.03388146
0.002247715 0.03388146
0.002249315 0.03435204
0.002250915 0.03411675
0.002252515 0.03458732
0.002254115 0.03529319
0.002255715 0.03482261
0.002257315 0.03482261
0.002258915 0.03435204
0.002260515 0.03435204
0.002262115 0.03435204
0.002263715 0.03388146
0.002265315 0.03364617
0.002266915 0.03388146
0.002268515 0.0331756
0.002270115 0.03341088
0.002271715 0.0331756
0.002273315 0.03270502
0.002274915 0.0331756
0.002276515 0.03176387
0.002278115 0.03129329
0.002279715 0.03082272
0.002281315 0.03011685
0.002282915 0.02988157
0.002284515 0.02941099
0.002286115 0.0291757
0.002287715 0.02964628
0.002289315 0.02941099
0.002290915 0.03035214
0.002292515 0.03082272
0.002294115 0.03176387
0.002295715 0.03199916
0.002297315 0.03341088
0.002298915 0.03435204
0.002300515 0.03552848
0.002302115 0.0369402
0.002303715 0.03858722
0.002305315 0.04023423
0.002306915 0.04188125
0.002308515 0.04399884
0.002310115 0.04517528
0.002311715 0.04635172
0.002313315 0.04799874
0.002314915 0.04893989
0.002316515 0.04988104
0.002318115 0.05011633
0.002319715 0.0505869
0.002321315 0.05105748
0.002322915 0.0505869
0.002324515 0.0505869
0.002326115 0.04988104
0.002327715 0.04893989
0.002329315 0.04776345
0.002330915 0.04635172
0.002332515 0.04517528
0.002334115 0.04423413
0.002335715 0.04329298
0.002337315 0.04211654
0.002338915 0.0409401
0.002340515 0.04070481
0.002342115 0.04023423
0.002343715 0.04023423
0.002345315 0.04046952
0.002346915 0.04070481
0.002348515 0.0409401
0.002350115 0.04188125
0.002351715 0.0428224
0.002353315 0.04258711
0.002354915 0.0428224
0.002356515 0.04352826
0.002358115 0.04399884
0.002359715 0.04493999
0.002361315 0.0447047
0.002362915 0.04541057
0.002364515 0.04541057
0.002366115 0.04588114
0.002367715 0.04635172
0.002369315 0.04658701
0.002370915 0.04729287
0.002372515 0.04705758
0.002374115 0.04729287
0.002375715 0.04729287
0.002377315 0.0468223
0.002378915 0.0468223
0.002380515 0.0468223
0.002382115 0.04588114
0.002383715 0.04588114
0.002385315 0.04564586
0.002386915 0.04611643
0.002388515 0.04635172
0.002390115 0.04635172
0.002391715 0.04611643
0.002393315 0.04729287
0.002394915 0.04776345
0.002396515 0.04941046
0.002398115 0.0505869
0.002399715 0.05176334
0.002401315 0.05317507
0.002402915 0.05482208
0.002404515 0.05576324
0.002406115 0.05764554
0.002407715 0.05929256
0.002409315 0.06093957
0.002410915 0.06188072
0.002412515 0.06305716
0.002414115 0.06376303
0.002415715 0.06493947
0.002417315 0.0661159
0.002418915 0.06564533
0.002420515 0.06635119
0.002422115 0.06682177
0.002423715 0.06705706
0.002425315 0.06729234
0.002426915 0.06752763
0.002428515 0.06752763
0.002430115 0.06893936
0.002431715 0.06846878
0.002433315 0.06964522
0.002434915 0.06988051
0.002436515 0.0701158
0.002438115 0.06988051
0.002439715 0.06988051
0.002441315 0.07058638
0.002442915 0.07152753
0.002444515 0.07152753
0.002446115 0.0719981
0.002447715 0.07223339
0.002449315 0.07270397
0.002450915 0.07388041
0.002452515 0.07435098
0.002454115 0.07529213
0.002455715 0.07552742
0.002457315 0.07670386
0.002458915 0.075998
0.002460515 0.07646857
0.002462115 0.07670386
0.002463715 0.07717444
0.002465315 0.07646857
0.002466915 0.07717444
0.002468515 0.07670386
0.002470115 0.07693915
0.002471715 0.07646857
0.002473315 0.07717444
0.002474915 0.07764501
0.002476515 0.0778803
0.002478115 0.07835088
0.002479715 0.07811559
0.002481315 0.07835088
0.002482915 0.07811559
0.002484515 0.07764501
0.002486115 0.07740972
0.002487715 0.0778803
0.002489315 0.0778803
0.002490915 0.07740972
0.002492515 0.07670386
0.002494115 0.07717444
0.002495715 0.07670386
0.002497315 0.07693915
0.002498915 0.07740972
0.002500515 0.07764501
0.002502115 0.07811559
0.002503715 0.07882145
0.002505315 0.07999789
0.002506915 0.0818802
0.002508515 0.08329192
0.002510115 0.08517423
0.002511715 0.08799768
0.002513315 0.0896447
0.002514915 0.09246815
0.002516515 0.09458574
0.002518115 0.09764449
0.002519715 0.09976208
0.002521315 0.1018797
0.002522915 0.1044678
0.002524515 0.105409
0.002526115 0.1077619
0.002527715 0.108703
0.002529315 0.1098795
0.002530915 0.1110559
0.002532515 0.1108206
0.002534115 0.1108206
0.002535715 0.1105853
0.002537315 0.1098795
0.002538915 0.1089383
0.002540515 0.1079972
0.002542115 0.1068207
0.002543715 0.1049384
0.002545315 0.103762
0.002546915 0.1023502
0.002548515 0.1004679
0.002550115 0.09905621
0.002551715 0.09717391
0.002553315 0.09599747
0.002554915 0.09387988
0.002556515 0.09270344
0.002558115 0.091527
0.002559715 0.08987998
0.002561315 0.08870354
0.002562915 0.08729182
0.002564515 0.08682124
0.002566115 0.08588009
0.002567715 0.0856448
0.002569315 0.08423307
0.002570915 0.08329192
0.002572515 0.0837625
0.002574115 0.08258606
0.002575715 0.08305663
0.002577315 0.08258606
0.002578915 0.08211548
0.002580515 0.08235077
0.002582115 0.08329192
0.002583715 0.08329192
0.002585315 0.08399779
0.002586915 0.08493894
0.002588515 0.08493894
0.002590115 0.0856448
0.002591715 0.0856448
0.002593315 0.08611538
0.002594915 0.08658595
0.002596515 0.08682124
0.002598115 0.08682124
0.002599715 0.08611538
0.002601315 0.08658595
0.002602915 0.08658595
0.002604515 0.08658595
0.002606115 0.08658595
0.002607715 0.08611538
0.002609315 0.08658595
0.002610915 0.08635067
0.002612515 0.08705653
0.002614115 0.08658595
0.002615715 0.08682124
0.002617315 0.08705653
0.002618915 0.08776239
0.002620515 0.08799768
0.002622115 0.08870354
0.002623715 0.08917412
0.002625315 0.08917412
0.002626915 0.08940941
0.002628515 0.08893883
0.002630115 0.08870354
0.002631715 0.08870354
0.002633315 0.08870354
0.002634915 0.08799768
0.002636515 0.08752711
0.002638115 0.08658595
0.002639715 0.08588009
0.002641315 0.08446836
0.002642915 0.08423307
0.002644515 0.08329192
0.002646115 0.08235077
0.002647715 0.08140962
0.002649315 0.08023318
0.002650915 0.07952732
0.002652515 0.07882145
0.002654115 0.0778803
0.002655715 0.07717444
0.002657315 0.07552742
0.002658915 0.07576271
0.002660515 0.07552742
0.002662115 0.07458627
0.002663715 0.07458627
0.002665315 0.07411569
0.002666915 0.07388041
0.002668515 0.07388041
0.002670115 0.07340983
0.002671715 0.07293925
0.002673315 0.07340983
0.002674915 0.07364512
0.002676515 0.07388041
0.002678115 0.07411569
0.002679715 0.07411569
0.002681315 0.07364512
0.002682915 0.07388041
0.002684515 0.07317454
0.002686115 0.07364512
0.002687715 0.07270397
0.002689315 0.07270397
0.002690915 0.07246868
0.002692515 0.07223339
0.002694115 0.07223339
0.002695715 0.07223339
0.002697315 0.07223339
0.002698915 0.07246868
0.002700515 0.07246868
0.002702115 0.07246868
0.002703715 0.07246868
0.002705315 0.07270397
0.002706915 0.07246868
0.002708515 0.07293925
0.002710115 0.07293925
0.002711715 0.07293925
0.002713315 0.07293925
0.002714915 0.07317454
0.002716515 0.07364512
0.002718115 0.07411569
0.002719715 0.07411569
0.002721315 0.07482156
0.002722915 0.07529213
0.002724515 0.07623329
0.002726115 0.07670386
0.002727715 0.07623329
0.002729315 0.07670386
0.002730915 0.075998
0.002732515 0.07646857
0.002734115 0.07623329
0.002735715 0.07623329
0.002737315 0.07623329
0.002738915 0.07623329
0.002740515 0.07552742
0.002742115 0.07576271
0.002743715 0.07529213
0.002745315 0.07505685
0.002746915 0.07435098
0.002748515 0.07388041
0.002750115 0.07340983
0.002751715 0.07317454
0.002753315 0.07176281
0.002754915 0.07058638
0.002756515 0.06917465
0.002758115 0.06799821
0.002759715 0.06682177
0.002761315 0.06564533
0.002762915 0.06470418
0.002764515 0.06376303
0.002766115 0.06211601
0.002767715 0.06023371
0.002769315 0.05999842
0.002770915 0.05905727
0.002772515 0.05811612
0.002774115 0.05811612
0.002775715 0.05811612
0.002777315 0.05811612
0.002778915 0.05858669
0.002780515 0.05882198
0.002782115 0.05929256
0.002783715 0.06023371
0.002785315 0.06046899
0.002786915 0.06141015
0.002788515 0.06141015
0.002790115 0.06211601
0.002791715 0.06282187
0.002793315 0.0623513
0.002794915 0.06258659
0.002796515 0.06329245
0.002798115 0.06282187
0.002799715 0.06282187
0.002801315 0.06188072
0.002802915 0.06141015
0.002804515 0.06046899
0.002806115 0.05976313
0.002807715 0.0583514
0.002809315 0.05717496
0.002810915 0.0564691
0.002812515 0.05505737
0.002814115 0.05341036
0.002815715 0.05246921
0.002817315 0.05152805
0.002818915 0.0505869
0.002820515 0.04964575
0.002822115 0.0487046
0.002823715 0.04799874
0.002825315 0.04729287
0.002826915 0.0468223
0.002828515 0.04588114
0.002830115 0.04517528
0.002831715 0.04493999
0.002833315 0.0447047
0.002834915 0.04423413
0.002836515 0.04446942
0.002838115 0.04423413
0.002839715 0.04446942
0.002841315 0.04446942
0.002842915 0.04493999
0.002844515 0.04423413
0.002846115 0.04399884
0.002847715 0.04305769
0.002849315 0.04235183
0.002850915 0.04141067
0.002852515 0.04070481
0.002854115 0.03976366
0.002855715 0.03764607
0.002857315 0.03670492
0.002858915 0.03646963
0.002860515 0.03552848
0.002862115 0.03435204
0.002863715 0.03341088
0.002865315 0.03246973
0.002866915 0.03223444
0.002868515 0.03129329
0.002870115 0.03152858
0.002871715 0.03082272
0.002873315 0.03035214
0.002874915 0.03058743
0.002876515 0.02988157
0.002878115 0.03058743
0.002879715 0.03035214
0.002881315 0.03105801
0.002882915 0.03105801
0.002884515 0.03129329
0.002886115 0.03105801
0.002887715 0.03105801
0.002889315 0.03105801
0.002890915 0.03105801
0.002892515 0.03082272
0.002894115 0.03058743
0.002895715 0.03011685
0.002897315 0.02988157
0.002898915 0.02870513
0.002900515 0.02752869
0.002902115 0.02658753
0.002903715 0.02517581
0.002905315 0.02470523
0.002906915 0.02352879
0.002908515 0.02258764
0.002910115 0.0214112
0.002911715 0.02117591
0.002913315 0.02070534
0.002914915 0.01999947
0.002916515 0.02023476
0.002918115 0.02047005
0.002919715 0.01999947
0.002921315 0.01976419
0.002922915 0.02047005
0.002924515 0.02047005
0.002926115 0.02070534
0.002927715 0.02094062
0.002929315 0.01976419
0.002930915 0.02047005
0.002932515 0.01882303
0.002934115 0.01929361
0.002935715 0.01811717
0.002937315 0.01717602
0.002938915 0.01647015
0.002940515 0.01576429
0.002942115 0.01435256
0.002943715 0.01411728
0.002945315 0.01247026
0.002946915 0.01105853
0.002948515 0.009646805
0.002950115 0.008940941
0.002951715 0.006352774
0.002953315 0.005882198
0.002954915 0.004235183
0.002956515 0.002588167
0.002958115 0.001411728
0.002959715 0
0.002961315 -0.00117644
0.002962915 -0.002117591
0.002964515 -0.002352879
0.002966115 -0.003999895
0.002967715 -0.003764607
0.002969315 -0.004235183
0.002970915 -0.004941046
0.002972515 -0.004941046
0.002974115 -0.004705758
0.002975715 -0.004941046
0.002977315 -0.004941046
0.002978915 -0.00564691
0.002980515 -0.005176334
0.002982115 -0.005411622
0.002983715 -0.004705758
0.002985315 -0.005176334
0.002986915 -0.004941046
0.002988515 -0.004941046
0.002990115 -0.003999895
0.002991715 -0.004705758
0.002993315 -0.004235183
0.002994915 -0.003529319
0.002996515 -0.003058743
0.002998115 -0.003058743
0.002999715 -0.002823455
0.003001315 -0.003529319
0.003002915 -0.003294031
0.003004515 -0.003529319
0.003006115 -0.003529319
0.003007715 -0.00447047
0.003009315 -0.005176334
0.003010915 -0.005882198
0.003012515 -0.006117486
0.003014115 -0.00682335
0.003015715 -0.007293925
0.003017315 -0.008235077
0.003018915 -0.009176229
0.003020515 -0.01011738
0.003022115 -0.01082324
0.003023715 -0.01152911
0.003025315 -0.01270555
0.003026915 -0.01482314
0.003028515 -0.01623487
0.003030115 -0.01764659
0.003031715 -0.0195289
0.003033315 -0.02023476
0.003034915 -0.02258764
0.003036515 -0.02399937
0.003038115 -0.02564638
0.003039715 -0.02705811
0.003041315 -0.02870513
0.003042915 -0.02964628
0.003044515 -0.03082272
0.003046115 -0.03129329
0.003047715 -0.03246973
0.003049315 -0.03294031
0.003050915 -0.03364617
0.003052515 -0.03388146
0.003054115 -0.03458732
0.003055715 -0.03435204
0.003057315 -0.03529319
0.003058915 -0.03529319
0.003060515 -0.03576376
0.003062115 -0.03529319
0.003063715 -0.03576376
0.003065315 -0.03599905
0.003066915 -0.03623434
0.003068515 -0.03646963
0.003070115 -0.03623434
0.003071715 -0.03599905
0.003073315 -0.03646963
0.003074915 -0.03576376
0.003076515 -0.03529319
0.003078115 -0.03482261
0.003079715 -0.03411675
0.003081315 -0.03294031
0.003082915 -0.03176387
0.003084515 -0.03011685
0.003086115 -0.02894041
0.003087715 -0.0272934
0.003089315 -0.02658753
0.003090915 -0.0254111
0.003092515 -0.02423466
0.003094115 -0.02282293
0.003095715 -0.02211706
0.003097315 -0.02070534
0.003098915 -0.02047005
0.003100515 -0.02047005
0.003102115 -0.02023476
0.003103715 -0.01999947
0.003105315 -0.01999947
0.003106915 -0.02094062
0.003108515 -0.02164649
0.003110115 -0.02282293
0.003111715 -0.02470523
0.003113315 -0.02517581
0.003114915 -0.02658753
0.003116515 -0.02894041
0.003118115 -0.03105801
0.003119715 -0.03294031
0.003121315 -0.03529319
0.003122915 -0.03717549
0.003124515 -0.03905779
0.003126115 -0.0409401
0.003127715 -0.0428224
0.003129315 -0.04423413
0.003130915 -0.04541057
0.003132515 -0.04705758
0.003134115 -0.0487046
0.003135715 -0.04941046
0.003137315 -0.05105748
0.003138915 -0.05152805
0.003140515 -0.05341036
0.003142115 -0.05364565
0.003143715 -0.05505737
0.003145315 -0.05529266
0.003146915 -0.05623381
0.003148515 -0.05670439
0.003150115 -0.05741025
0.003151715 -0.05788083
0.003153315 -0.05811612
0.003154915 -0.05858669
0.003156515 -0.05929256
0.003158115 -0.05882198
0.003159715 -0.05929256
0.003161315 -0.05929256
0.003162915 -0.05905727
0.003164515 -0.05905727
0.003166115 -0.05929256
0.003167715 -0.05905727
0.003169315 -0.05882198
0.003170915 -0.05882198
0.003172515 -0.05788083
0.003174115 -0.0583514
0.003175715 -0.05764554
0.003177315 -0.05764554
0.003178915 -0.05788083
0.003180515 -0.0583514
0.003182115 -0.05882198
0.003183715 -0.05882198
0.003185315 -0.05952784
0.003186915 -0.05999842
0.003188515 -0.06141015
0.003190115 -0.06141015
0.003191715 -0.06211601
0.003193315 -0.06305716
0.003194915 -0.06446889
0.003196515 -0.06470418
0.003198115 -0.06588062
0.003199715 -0.06658648
0.003201315 -0.06776292
0.003202915 -0.06729234
0.003204515 -0.06870407
0.003206115 -0.06846878
0.003207715 -0.06940994
0.003209315 -0.06940994
0.003210915 -0.07058638
0.003212515 -0.07035109
0.003214115 -0.07082166
0.003215715 -0.07105695
0.003217315 -0.0719981
0.003218915 -0.0719981
0.003220515 -0.07270397
0.003222115 -0.07317454
0.003223715 -0.07435098
0.003225315 -0.07552742
0.003226915 -0.075998
0.003228515 -0.07670386
0.003230115 -0.07811559
0.003231715 -0.07811559
0.003233315 -0.07905674
0.003234915 -0.0797626
0.003236515 -0.08046847
0.003238115 -0.08140962
0.003239715 -0.08282135
0.003241315 -0.08352721
0.003242915 -0.08470365
0.003244515 -0.08540951
0.003246115 -0.08682124
0.003247715 -0.08705653
0.003249315 -0.08917412
0.003250915 -0.08987998
0.003252515 -0.09199758
0.003254115 -0.09246815
0.003255715 -0.09364459
0.003257315 -0.09505632
0.003258915 -0.09599747
0.003260515 -0.09670333
0.003262115 -0.09693862
0.003263715 -0.09717391
0.003265315 -0.09787977
0.003266915 -0.09811506
0.003268515 -0.09787977
0.003270115 -0.0974092
0.003271715 -0.09764449
0.003273315 -0.09835035
0.003274915 -0.09764449
0.003276515 -0.09764449
0.003278115 -0.09764449
0.003279715 -0.09835035
0.003281315 -0.09858564
0.003282915 -0.09858564
0.003284515 -0.09882093
0.003286115 -0.09905621
0.003287715 -0.0992915
0.003289315 -0.09999736
0.003290915 -0.1002327
0.003292515 -0.1007032
0.003294115 -0.1009385
0.003295715 -0.1011738
0.003297315 -0.1018797
0.003298915 -0.1023502
0.003300515 -0.1028208
0.003302115 -0.1032914
0.003303715 -0.1035267
0.003305315 -0.105409
0.003306915 -0.105409
0.003308515 -0.1051737
0.003310115 -0.105409
0.003311715 -0.1058796
0.003313315 -0.1056443
0.003314915 -0.1063501
0.003316515 -0.1065854
0.003318115 -0.1065854
0.003319715 -0.1065854
0.003321315 -0.1065854
0.003322915 -0.1063501
0.003324515 -0.1065854
0.003326115 -0.1068207
0.003327715 -0.1065854
0.003329315 -0.1058796
0.003330915 -0.1051737
0.003332515 -0.105409
0.003334115 -0.1049384
0.003335715 -0.1039973
0.003337315 -0.1028208
0.003338915 -0.102115
0.003340515 -0.1023502
0.003342115 -0.1011738
0.003343715 -0.1009385
0.003345315 -0.1009385
0.003346915 -0.1007032
0.003348515 -0.1002327
0.003350115 -0.09999736
0.003351715 -0.09976208
0.003353315 -0.09976208
0.003354915 -0.1002327
0.003356515 -0.09999736
0.003358115 -0.1002327
0.003359715 -0.1004679
0.003361315 -0.1004679
0.003362915 -0.1007032
0.003364515 -0.1018797
0.003366115 -0.1018797
0.003367715 -0.1025855
0.003369315 -0.1018797
0.003370915 -0.1025855
0.003372515 -0.1023502
0.003374115 -0.1014091
0.003375715 -0.1011738
0.003377315 -0.1009385
0.003378915 -0.1002327
0.003380515 -0.1002327
0.003382115 -0.09905621
0.003383715 -0.09882093
0.003385315 -0.09787977
0.003386915 -0.0974092
0.003388515 -0.09670333
0.003390115 -0.09599747
0.003391715 -0.09646805
0.003393315 -0.09505632
0.003394915 -0.09482103
0.003396515 -0.09529161
0.003398115 -0.09387988
0.003399715 -0.0934093
0.003401315 -0.09293873
0.003402915 -0.09317402
0.003404515 -0.09176229
0.003406115 -0.09199758
0.003407715 -0.09199758
0.003409315 -0.09176229
0.003410915 -0.091527
0.003412515 -0.09199758
0.003414115 -0.091527
0.003415715 -0.09105642
0.003417315 -0.09035056
0.003418915 -0.09129171
0.003420515 -0.09058585
0.003422115 -0.09082114
0.003423715 -0.09105642
0.003425315 -0.09082114
0.003426915 -0.09129171
0.003428515 -0.09105642
0.003430115 -0.09082114
0.003431715 -0.09105642
0.003433315 -0.09176229
0.003434915 -0.09176229
0.003436515 -0.091527
0.003438115 -0.09199758
0.003439715 -0.09176229
0.003441315 -0.09199758
0.003442915 -0.09176229
0.003444515 -0.091527
0.003446115 -0.09223286
0.003447715 -0.09176229
0.003449315 -0.091527
0.003450915 -0.09176229
0.003452515 -0.09176229
0.003454115 -0.091527
0.003455715 -0.091527
0.003457315 -0.09129171
0.003458915 -0.09105642
0.003460515 -0.09176229
0.003462115 -0.09129171
0.003463715 -0.09176229
0.003465315 -0.09199758
0.003466915 -0.09246815
0.003468515 -0.09246815
0.003470115 -0.09223286
0.003471715 -0.09246815
0.003473315 -0.09199758
0.003474915 -0.091527
0.003476515 -0.091527
0.003478115 -0.09035056
0.003479715 -0.09035056
0.003481315 -0.08893883
0.003482915 -0.08870354
0.003484515 -0.08752711
0.003486115 -0.08752711
0.003487715 -0.08635067
0.003489315 -0.08611538
0.003490915 -0.08682124
0.003492515 -0.08540951
0.003494115 -0.08470365
0.003495715 -0.08493894
0.003497315 -0.08352721
0.003498915 -0.08423307
0.003500515 -0.08329192
0.003502115 -0.08258606
0.003503715 -0.08211548
0.003505315 -0.08235077
0.003506915 -0.08164491
0.003508515 -0.0818802
0.003510115 -0.08140962
0.003511715 -0.08140962
0.003513315 -0.08117433
0.003514915 -0.08164491
0.003516515 -0.08164491
0.003518115 -0.08235077
0.003519715 -0.08258606
0.003521315 -0.08305663
0.003522915 -0.08352721
0.003524515 -0.08399779
0.003526115 -0.08423307
0.003527715 -0.08493894
0.003529315 -0.08493894
0.003530915 -0.08493894
0.003532515 -0.08493894
0.003534115 -0.08517423
0.003535715 -0.08446836
0.003537315 -0.08493894
0.003538915 -0.08446836
0.003540515 -0.08399779
0.003542115 -0.08399779
0.003543715 -0.08423307
0.003545315 -0.08329192
0.003546915 -0.08352721
0.003548515 -0.08305663
0.003550115 -0.0837625
0.003551715 -0.08329192
0.003553315 -0.08399779
0.003554915 -0.08282135
0.003556515 -0.08305663
0.003558115 -0.08282135
0.003559715 -0.08258606
0.003561315 -0.08140962
0.003562915 -0.08093904
0.003564515 -0.07999789
0.003566115 -0.0797626
0.003567715 -0.07905674
0.003569315 -0.07811559
0.003570915 -0.07717444
0.003572515 -0.07670386
0.003574115 -0.07576271
0.003575715 -0.07505685
0.003577315 -0.07435098
0.003578915 -0.07435098
0.003580515 -0.07270397
0.003582115 -0.07270397
0.003583715 -0.07152753
0.003585315 -0.07129224
0.003586915 -0.06988051
0.003588515 -0.0701158
0.003590115 -0.06940994
0.003591715 -0.06917465
0.003593315 -0.06846878
0.003594915 -0.06799821
0.003596515 -0.06776292
0.003598115 -0.06799821
0.003599715 -0.06705706
0.003601315 -0.06682177
0.003602915 -0.06682177
0.003604515 -0.06635119
0.003606115 -0.06588062
0.003607715 -0.0661159
0.003609315 -0.06564533
0.003610915 -0.06541004
0.003612515 -0.06493947
0.003614115 -0.06517475
0.003615715 -0.0642336
0.003617315 -0.06399831
0.003618915 -0.06329245
0.003620515 -0.06305716
0.003622115 -0.06211601
0.003623715 -0.06141015
0.003625315 -0.06023371
0.003626915 -0.06046899
0.003628515 -0.05952784
0.003630115 -0.0583514
0.003631715 -0.05788083
0.003633315 -0.05741025
0.003634915 -0.05741025
0.003636515 -0.05717496
0.003638115 -0.05670439
0.003639715 -0.05623381
0.003641315 -0.05623381
0.003642915 -0.05670439
0.003644515 -0.05623381
0.003646115 -0.05576324
0.003647715 -0.05599852
0.003649315 -0.05552795
0.003650915 -0.0545868
0.003652515 -0.0545868
0.003654115 -0.05317507
0.003655715 -0.05270449
0.003657315 -0.05129277
0.003658915 -0.05105748
0.003660515 -0.05035161
0.003662115 -0.04893989
0.003663715 -0.04823402
0.003665315 -0.04729287
0.003666915 -0.04658701
0.003668515 -0.04588114
0.003670115 -0.04493999
0.003671715 -0.04423413
0.003673315 -0.04329298
0.003674915 -0.04258711
0.003676515 -0.04188125
0.003678115 -0.04164596
0.003679715 -0.04046952
0.003681315 -0.04046952
0.003682915 -0.03952837
0.003684515 -0.03929308
0.003686115 -0.03882251
0.003687715 -0.03882251
0.003689315 -0.03811664
0.003690915 -0.03835193
0.003692515 -0.03788135
0.003694115 -0.03764607
0.003695715 -0.0369402
0.003697315 -0.03764607
0.003698915 -0.03741078
0.003700515 -0.0369402
0.003702115 -0.03741078
0.003703715 -0.03717549
0.003705315 -0.03717549
0.003706915 -0.03741078
0.003708515 -0.03788135
0.003710115 -0.03717549
0.003711715 -0.03646963
0.003713315 -0.03670492
0.003714915 -0.0369402
0.003716515 -0.03670492
0.003718115 -0.03599905
0.003719715 -0.03529319
0.003721315 -0.03482261
0.003722915 -0.03411675
0.003724515 -0.03388146
0.003726115 -0.03341088
0.003727715 -0.03223444
0.003729315 -0.03105801
0.003730915 -0.03035214
0.003732515 -0.02964628
0.003734115 -0.02752869
0.003735715 -0.02658753
0.003737315 -0.02494052
0.003738915 -0.02399937
0.003740515 -0.02235235
0.003742115 -0.02047005
0.003743715 -0.01929361
0.003745315 -0.01764659
0.003746915 -0.01647015
0.003748515 -0.01529371
0.003750115 -0.0136467
0.003751715 -0.01270555
0.003753315 -0.0117644
0.003754915 -0.009882093
0.003756515 -0.009411517
0.003758115 -0.008235077
0.003759715 -0.007764501
0.003761315 -0.007058638
0.003762915 -0.006117486
0.003764515 -0.004705758
0.003766115 -0.004705758
0.003767715 -0.003058743
0.003769315 -0.003529319
0.003770915 -0.002588167
0.003772515 -0.00117644
0.003774115 0
0.003775715 0
0.003777315 0.0004705758
0.003778915 0.001411728
0.003780515 0.001411728
0.003782115 0.002352879
0.003783715 0.002823455
0.003785315 0.003529319
0.003786915 0.003999895
0.003788515 0.00447047
0.003790115 0.00447047
0.003791715 0.005176334
0.003793315 0.004941046
0.003794915 0.004941046
0.003796515 0.005176334
0.003798115 0.005176334
0.003799715 0.004941046
0.003801315 0.005411622
0.003802915 0.004941046
0.003804515 0.005176334
0.003806115 0.004941046
0.003807715 0.004941046
0.003809315 0.00447047
0.003810915 0.004941046
0.003812515 0.004705758
0.003814115 0.00447047
0.003815715 0.004705758
0.003817315 0.004705758
0.003818915 0.004705758
0.003820515 0.00447047
0.003822115 0.004235183
0.003823715 0.004705758
0.003825315 0.00447047
0.003826915 0.004705758
0.003828515 0.005176334
0.003830115 0.005882198
0.003831715 0.006117486
0.003833315 0.006588062
0.003834915 0.00682335
0.003836515 0.007764501
0.003838115 0.008235077
0.003839715 0.008705653
0.003841315 0.009411517
0.003842915 0.01035267
0.003844515 0.0117644
0.003846115 0.01199968
0.003847715 0.01199968
0.003849315 0.01341141
0.003850915 0.01435256
0.003852515 0.01458785
0.003854115 0.01505843
0.003855715 0.01694073
0.003857315 0.01717602
0.003858915 0.01788188
0.003860515 0.01835246
0.003862115 0.01835246
0.003863715 0.01905832
0.003865315 0.01929361
0.003866915 0.01976419
0.003868515 0.02047005
0.003870115 0.02047005
0.003871715 0.0214112
0.003873315 0.0214112
0.003874915 0.02094062
0.003876515 0.02235235
0.003878115 0.02164649
0.003879715 0.02211706
0.003881315 0.02164649
0.003882915 0.02188178
0.003884515 0.02211706
0.003886115 0.02258764
0.003887715 0.02258764
0.003889315 0.0232935
0.003890915 0.0232935
0.003892515 0.02446994
0.003894115 0.02494052
0.003895715 0.02517581
0.003897315 0.02705811
0.003898915 0.02776397
0.003900515 0.02964628
0.003902115 0.03035214
0.003903715 0.03129329
0.003905315 0.03246973
0.003906915 0.03364617
0.003908515 0.03529319
0.003910115 0.03599905
0.003911715 0.0369402
0.003913315 0.03811664
0.003914915 0.03858722
0.003916515 0.03905779
0.003918115 0.04046952
0.003919715 0.04070481
0.003921315 0.04070481
0.003922915 0.0409401
0.003924515 0.04117539
0.003926115 0.0409401
0.003927715 0.04141067
0.003929315 0.04070481
0.003930915 0.04117539
0.003932515 0.04117539
0.003934115 0.0409401
0.003935715 0.04046952
0.003937315 0.04070481
0.003938915 0.0409401
0.003940515 0.04141067
0.003942115 0.04164596
0.003943715 0.04188125
0.003945315 0.0428224
0.003946915 0.04235183
0.003948515 0.04399884
0.003950115 0.04399884
0.003951715 0.04446942
0.003953315 0.04588114
0.003954915 0.0468223
0.003956515 0.04752816
0.003958115 0.04846931
0.003959715 0.04988104
0.003961315 0.05011633
0.003962915 0.05082219
0.003964515 0.05223392
0.003966115 0.05246921
0.003967715 0.05435151
0.003969315 0.05505737
0.003970915 0.05529266
0.003972515 0.05623381
0.003974115 0.0564691
0.003975715 0.05717496
0.003977315 0.05741025
0.003978915 0.05788083
0.003980515 0.0583514
0.003982115 0.05858669
0.003983715 0.05905727
0.003985315 0.05976313
0.003986915 0.06023371
0.003988515 0.06070428
0.003990115 0.06141015
0.003991715 0.06211601
0.003993315 0.06258659
0.003994915 0.06329245
0.003996515 0.06446889
0.003998115 0.06517475
0.003999715 0.06588062
0.004001315 0.06752763
0.004002915 0.0682335
0.004004515 0.06964522
0.004006115 0.07105695
0.004007715 0.07152753
0.004009315 0.07317454
0.004010915 0.07364512
0.004012515 0.07505685
0.004014115 0.07623329
0.004015715 0.07717444
0.004017315 0.07882145
0.004018915 0.07905674
0.004020515 0.08023318
0.004022115 0.08070376
0.004023715 0.08117433
0.004025315 0.08164491
0.004026915 0.08235077
0.004028515 0.0837625
0.004030115 0.08329192
0.004031715 0.08423307
0.004033315 0.08446836
0.004034915 0.0856448
0.004036515 0.08540951
0.004038115 0.08588009
0.004039715 0.08611538
0.004041315 0.08658595
0.004042915 0.08588009
0.004044515 0.08682124
0.004046115 0.08705653
0.004047715 0.08729182
0.004049315 0.08776239
0.004050915 0.08799768
0.004052515 0.08846826
0.004054115 0.08870354
0.004055715 0.08893883
0.004057315 0.08940941
0.004058915 0.08940941
0.004060515 0.09011527
0.004062115 0.08940941
0.004063715 0.09058585
0.004065315 0.09035056
0.004066915 0.09035056
0.004068515 0.09011527
0.004070115 0.09011527
0.004071715 0.09105642
0.004073315 0.09011527
0.004074915 0.09082114
0.004076515 0.09082114
0.004078115 0.09082114
0.004079715 0.091527
0.004081315 0.09105642
0.004082915 0.09176229
0.004084515 0.09129171
0.004086115 0.09129171
0.004087715 0.09176229
0.004089315 0.09199758
0.004090915 0.09223286
0.004092515 0.09176229
0.004094115 0.09246815
0.004095715 0.09246815
0.004097315 0.09293873
0.004098915 0.09317402
0.004100515 0.09317402
0.004102115 0.09435045
0.004103715 0.09387988
0.004105315 0.09458574
0.004106915 0.09482103
0.004108515 0.09552689
0.004110115 0.09599747
0.004111715 0.09693862
0.004113315 0.09764449
0.004114915 0.09787977
0.004116515 0.09858564
0.004118115 0.09976208
0.004119715 0.1007032
0.004121315 0.1007032
0.004122915 0.1018797
0.004124515 0.1018797
0.004126115 0.1032914
0.004127715 0.1032914
0.004129315 0.1039973
0.004130915 0.1039973
0.004132515 0.1049384
0.004134115 0.105409
0.004135715 0.1047031
0.004137315 0.1051737
0.004138915 0.1051737
0.004140515 0.1049384
0.004142115 0.1051737
0.004143715 0.1049384
0.004145315 0.105409
0.004146915 0.105409
0.004148515 0.1056443
0.004150115 0.1061149
0.004151715 0.1058796
0.004153315 0.1065854
0.004154915 0.1065854
0.004156515 0.1065854
0.004158115 0.107056
0.004159715 0.107056
0.004161315 0.107056
0.004162915 0.1072913
0.004164515 0.107056
0.004166115 0.1075266
0.004167715 0.1077619
0.004169315 0.1082324
0.004170915 0.1077619
0.004172515 0.1079972
0.004174115 0.1084677
0.004175715 0.1082324
0.004177315 0.1082324
0.004178915 0.1079972
0.004180515 0.1077619
0.004182115 0.1077619
0.004183715 0.1075266
0.004185315 0.1075266
0.004186915 0.107056
0.004188515 0.1072913
0.004190115 0.107056
0.004191715 0.107056
0.004193315 0.1072913
0.004194915 0.1072913
0.004196515 0.1068207
0.004198115 0.107056
0.004199715 0.1075266
0.004201315 0.1084677
