LECROYWS4024HD 19320 Waveform
Segments 1 SegmentSize 3127
Segment TrigTime TimeSinceSegment1
#1 15-May-2024 16:01:09 0                 
Time Ampl
-0.0008009878 0.001647015
-0.0007993878 0.001647015
-0.0007977878 0.001411728
-0.0007961878 0.001411728
-0.0007945878 0.00117644
-0.0007929878 0.001411728
-0.0007913878 0.00117644
-0.0007897878 0.001647015
-0.0007881878 0.0009411517
-0.0007865878 0.00117644
-0.0007849878 0.001882303
-0.0007833878 0.001647015
-0.0007817878 0.001882303
-0.0007801878 0.00117644
-0.0007785878 0.001647015
-0.0007769878 0.001411728
-0.0007753878 0.00117644
-0.0007737878 0.0007058638
-0.0007721878 0.001647015
-0.0007705878 0.00117644
-0.0007689878 0.0009411517
-0.0007673878 0.001411728
-0.0007657878 0.001647015
-0.0007641878 0.001882303
-0.0007625878 0.00117644
-0.0007609878 0.001882303
-0.0007593878 0.001411728
-0.0007577878 0.001411728
-0.0007561878 0.001411728
-0.0007545878 0.001411728
-0.0007529878 0.001411728
-0.0007513878 0.001647015
-0.0007497878 0.00117644
-0.0007481878 0.00117644
-0.0007465878 0.0009411517
-0.0007449878 0.001411728
-0.0007433878 0.00117644
-0.0007417878 0.00117644
-0.0007401878 0.001411728
-0.0007385878 0.001882303
-0.0007369878 0.00117644
-0.0007353878 0.001411728
-0.0007337878 0.00117644
-0.0007321878 0.001647015
-0.0007305878 0.00117644
-0.0007289878 0.0009411517
-0.0007273878 0.00117644
-0.0007257878 0.001647015
-0.0007241878 0.001647015
-0.0007225878 0.00117644
-0.0007209878 0.001647015
-0.0007193878 0.001411728
-0.0007177878 0.0007058638
-0.0007161878 0.001411728
-0.0007145878 0.001411728
-0.0007129878 0.001411728
-0.0007113878 0.002117591
-0.0007097878 0.001411728
-0.0007081878 0.001411728
-0.0007065878 0.001411728
-0.0007049878 0.00117644
-0.0007033878 0.00117644
-0.0007017878 0.00117644
-0.0007001878 0.001411728
-0.0006985878 0.00117644
-0.0006969878 0.001411728
-0.0006953878 0.001647015
-0.0006937878 0.001647015
-0.0006921878 0.00117644
-0.0006905878 0.001411728
-0.0006889878 0.001882303
-0.0006873878 0.001411728
-0.0006857878 0.00117644
-0.0006841878 0.001411728
-0.0006825878 0.001411728
-0.0006809878 0.00117644
-0.0006793878 0.001411728
-0.0006777878 0.001411728
-0.0006761878 0.001882303
-0.0006745878 0.001647015
-0.0006729878 0.00117644
-0.0006713878 0.00117644
-0.0006697878 0.001647015
-0.0006681878 0.00117644
-0.0006665878 0.001647015
-0.0006649878 0.001411728
-0.0006633878 0.0009411517
-0.0006617878 0.001411728
-0.0006601878 0.001647015
-0.0006585878 0.001411728
-0.0006569878 0.00117644
-0.0006553878 0.001411728
-0.0006537878 0.001411728
-0.0006521878 0.001411728
-0.0006505878 0.001647015
-0.0006489878 0.001411728
-0.0006473878 0.001411728
-0.0006457878 0.0009411517
-0.0006441878 0.001411728
-0.0006425878 0.00117644
-0.0006409878 0.00117644
-0.0006393878 0.00117644
-0.0006377878 0.001647015
-0.0006361878 0.001647015
-0.0006345878 0.00117644
-0.0006329878 0.001411728
-0.0006313878 0.001882303
-0.0006297878 0.0009411517
-0.0006281878 0.00117644
-0.0006265878 0.001411728
-0.0006249878 0.001411728
-0.0006233878 0.00117644
-0.0006217878 0.00117644
-0.0006201878 0.00117644
-0.0006185878 0.001647015
-0.0006169878 0.001411728
-0.0006153878 0.001411728
-0.0006137878 0.0009411517
-0.0006121878 0.00117644
-0.0006105878 0.001411728
-0.0006089878 0.001647015
-0.0006073878 0.001647015
-0.0006057878 0.001411728
-0.0006041878 0.0009411517
-0.0006025878 0.00117644
-0.0006009878 0.001411728
-0.0005993878 0.001411728
-0.0005977878 0.001411728
-0.0005961878 0.001411728
-0.0005945878 0.0007058638
-0.0005929878 0.001882303
-0.0005913878 0.002117591
-0.0005897878 0.001411728
-0.0005881878 0.00117644
-0.0005865878 0.001647015
-0.0005849878 0.001411728
-0.0005833878 0.001411728
-0.0005817878 0.001411728
-0.0005801878 0.00117644
-0.0005785878 0.001647015
-0.0005769878 0.0009411517
-0.0005753878 0.00117644
-0.0005737878 0.00117644
-0.0005721878 0.0009411517
-0.0005705878 0.00117644
-0.0005689878 0.001647015
-0.0005673878 0.0007058638
-0.0005657878 0.0007058638
-0.0005641878 0.001647015
-0.0005625878 0.001647015
-0.0005609878 0.001647015
-0.0005593878 0.001411728
-0.0005577878 0.001647015
-0.0005561878 0.00117644
-0.0005545878 0.00117644
-0.0005529878 0.00117644
-0.0005513878 0.001647015
-0.0005497878 0.00117644
-0.0005481878 0.00117644
-0.0005465878 0.00117644
-0.0005449878 0.001411728
-0.0005433878 0.001411728
-0.0005417878 0.001411728
-0.0005401878 0.001882303
-0.0005385878 0.001411728
-0.0005369878 0.00117644
-0.0005353878 0.001411728
-0.0005337878 0.0009411517
-0.0005321878 0.001882303
-0.0005305878 0.001882303
-0.0005289878 0.001647015
-0.0005273878 0.001411728
-0.0005257878 0.001647015
-0.0005241878 0.001647015
-0.0005225878 0.001411728
-0.0005209878 0.00117644
-0.0005193878 0.001411728
-0.0005177878 0.001411728
-0.0005161878 0.001411728
-0.0005145878 0.001647015
-0.0005129878 0.001882303
-0.0005113878 0.001411728
-0.0005097878 0.001411728
-0.0005081878 0.001411728
-0.0005065878 0.001647015
-0.0005049878 0.001647015
-0.0005033878 0.001411728
-0.0005017878 0.0009411517
-0.0005001878 0.001647015
-0.0004985878 0.00117644
-0.0004969878 0.001411728
-0.0004953878 0.001882303
-0.0004937878 0.001647015
-0.0004921878 0.0009411517
-0.0004905878 0.001882303
-0.0004889878 0.0007058638
-0.0004873878 0.001647015
-0.0004857878 0.0009411517
-0.0004841878 0.00117644
-0.0004825878 0.00117644
-0.0004809878 0.001411728
-0.0004793878 0.001411728
-0.0004777878 0.0009411517
-0.0004761878 0.001647015
-0.0004745878 0.001882303
-0.0004729878 0.001647015
-0.0004713878 0.001411728
-0.0004697878 0.001647015
-0.0004681878 0.00117644
-0.0004665878 0.001411728
-0.0004649878 0.001411728
-0.0004633878 0.0009411517
-0.0004617878 0.0004705758
-0.0004601878 0.001411728
-0.0004585878 0.0009411517
-0.0004569878 0.00117644
-0.0004553878 0.00117644
-0.0004537878 0.00117644
-0.0004521878 0.0009411517
-0.0004505878 0.00117644
-0.0004489878 0.001882303
-0.0004473878 0.001411728
-0.0004457878 0.001411728
-0.0004441878 0.001411728
-0.0004425878 0.001647015
-0.0004409878 0.00117644
-0.0004393878 0.001411728
-0.0004377878 0.00117644
-0.0004361878 0.00117644
-0.0004345878 0.001411728
-0.0004329878 0.00117644
-0.0004313878 0.0007058638
-0.0004297878 0.00117644
-0.0004281878 0.001647015
-0.0004265878 0.001647015
-0.0004249878 0.001882303
-0.0004233878 0.00117644
-0.0004217878 0.00117644
-0.0004201878 0.001411728
-0.0004185878 0.001411728
-0.0004169878 0.001411728
-0.0004153878 0.001411728
-0.0004137878 0.001647015
-0.0004121878 0.00117644
-0.0004105878 0.001882303
-0.0004089878 0.001411728
-0.0004073878 0.001411728
-0.0004057878 0.0009411517
-0.0004041878 0.00117644
-0.0004025878 0.001411728
-0.0004009878 0.001411728
-0.0003993878 0.00117644
-0.0003977878 0.001647015
-0.0003961878 0.002117591
-0.0003945878 0.00117644
-0.0003929878 0.00117644
-0.0003913878 0.00117644
-0.0003897878 0.00117644
-0.0003881878 0.001411728
-0.0003865878 0.001647015
-0.0003849878 0.001882303
-0.0003833878 0.001647015
-0.0003817878 0.001647015
-0.0003801878 0.00117644
-0.0003785878 0.0007058638
-0.0003769878 0.001882303
-0.0003753878 0.001647015
-0.0003737878 0.0009411517
-0.0003721878 0.001882303
-0.0003705878 0.00117644
-0.0003689878 0.001411728
-0.0003673878 0.001411728
-0.0003657878 0.001411728
-0.0003641878 0.001411728
-0.0003625878 0.001411728
-0.0003609878 0.001647015
-0.0003593878 0.001411728
-0.0003577878 0.0009411517
-0.0003561878 0.001411728
-0.0003545878 0.001411728
-0.0003529878 0.0004705758
-0.0003513878 0.001411728
-0.0003497878 0.001647015
-0.0003481878 0.001411728
-0.0003465878 0.00117644
-0.0003449878 0.00117644
-0.0003433878 0.001882303
-0.0003417878 0.001647015
-0.0003401878 0.001882303
-0.0003385878 0.00117644
-0.0003369878 0.00117644
-0.0003353878 0.001647015
-0.0003337878 0.001647015
-0.0003321878 0.00117644
-0.0003305878 0.0009411517
-0.0003289878 0.001882303
-0.0003273878 0.001411728
-0.0003257878 0.001647015
-0.0003241878 0.001411728
-0.0003225878 0.001647015
-0.0003209878 0.001647015
-0.0003193878 0.001411728
-0.0003177878 0.00117644
-0.0003161878 0.001647015
-0.0003145878 0.001647015
-0.0003129878 0.001411728
-0.0003113878 0.001647015
-0.0003097878 0.001647015
-0.0003081878 0.001411728
-0.0003065878 0.001647015
-0.0003049878 0.00117644
-0.0003033878 0.0009411517
-0.0003017878 0.001647015
-0.0003001878 0.001411728
-0.0002985878 0.00117644
-0.0002969878 0.001647015
-0.0002953878 0.001647015
-0.0002937878 0.0009411517
-0.0002921878 0.00117644
-0.0002905878 0.001411728
-0.0002889878 0.00117644
-0.0002873878 0.001411728
-0.0002857878 0.0009411517
-0.0002841878 0.00117644
-0.0002825878 0.001411728
-0.0002809878 0.001411728
-0.0002793878 0.001411728
-0.0002777878 0.00117644
-0.0002761878 0.001411728
-0.0002745878 0.001411728
-0.0002729878 0.001411728
-0.0002713878 0.001411728
-0.0002697878 0.0009411517
-0.0002681878 0.00117644
-0.0002665878 0.00117644
-0.0002649878 0.0007058638
-0.0002633878 0.001411728
-0.0002617878 0.001411728
-0.0002601878 0.001411728
-0.0002585878 0.001411728
-0.0002569878 0.0007058638
-0.0002553878 0.00117644
-0.0002537878 0.001411728
-0.0002521878 0.001411728
-0.0002505878 0.001411728
-0.0002489878 0.001411728
-0.0002473878 0.00117644
-0.0002457878 0.001411728
-0.0002441878 0.001882303
-0.0002425878 0.0009411517
-0.0002409878 0.001411728
-0.0002393878 0.001411728
-0.0002377878 0.001647015
-0.0002361878 0.001647015
-0.0002345878 0.001411728
-0.0002329878 0.00117644
-0.0002313878 0.001411728
-0.0002297878 0.001411728
-0.0002281878 0.001411728
-0.0002265878 0.001647015
-0.0002249878 0.001647015
-0.0002233878 0.001647015
-0.0002217878 0.001647015
-0.0002201878 0.001411728
-0.0002185878 0.001882303
-0.0002169878 0.001411728
-0.0002153878 0.001647015
-0.0002137878 0.001411728
-0.0002121878 0.002117591
-0.0002105878 0.001411728
-0.0002089878 0.001411728
-0.0002073878 0.00117644
-0.0002057878 0.0009411517
-0.0002041878 0.001647015
-0.0002025878 0.001647015
-0.0002009878 0.00117644
-0.0001993878 0.001411728
-0.0001977878 0.00117644
-0.0001961878 0.001411728
-0.0001945878 0.001647015
-0.0001929878 0.001411728
-0.0001913878 0.0009411517
-0.0001897878 0.001411728
-0.0001881878 0.0009411517
-0.0001865878 0.001647015
-0.0001849878 0.001411728
-0.0001833878 0.001647015
-0.0001817878 0.001647015
-0.0001801878 0.0009411517
-0.0001785878 0.001882303
-0.0001769878 0.001882303
-0.0001753878 0.001411728
-0.0001737878 0.001647015
-0.0001721878 0.001882303
-0.0001705878 0.001411728
-0.0001689878 0.001882303
-0.0001673878 0.00117644
-0.0001657878 0.00117644
-0.0001641878 0.001411728
-0.0001625878 0.0009411517
-0.0001609878 0.001411728
-0.0001593878 0.001647015
-0.0001577878 0.001411728
-0.0001561878 0.00117644
-0.0001545878 0.00117644
-0.0001529878 0.0009411517
-0.0001513878 0.001647015
-0.0001497878 0.00117644
-0.0001481878 0.001882303
-0.0001465878 0.002117591
-0.0001449878 0.001647015
-0.0001433878 0.0009411517
-0.0001417878 0.0009411517
-0.0001401878 0.00117644
-0.0001385878 0.001411728
-0.0001369878 0.001647015
-0.0001353878 0.001647015
-0.0001337878 0.001411728
-0.0001321878 0.001411728
-0.0001305878 0.001647015
-0.0001289878 0.001411728
-0.0001273878 0.00117644
-0.0001257878 0.001411728
-0.0001241878 0.001411728
-0.0001225878 0.001411728
-0.0001209878 0.001411728
-0.0001193878 0.001411728
-0.0001177878 0.001411728
-0.0001161878 0.001411728
-0.0001145878 0.00117644
-0.0001129878 0.001647015
-0.0001113878 0.001647015
-0.0001097878 0.0009411517
-0.0001081878 0.001411728
-0.0001065878 0.001411728
-0.0001049878 0.00117644
-0.0001033878 0.001882303
-0.0001017878 0.001411728
-0.0001001878 0.00117644
-9.85878e-005 0.001411728
-9.69878e-005 0.001411728
-9.53878e-005 0.001647015
-9.37878e-005 0.00117644
-9.21878e-005 0.001882303
-9.05878e-005 0.001647015
-8.89878e-005 0.00117644
-8.73878e-005 0.001411728
-8.57878e-005 0.00117644
-8.41878e-005 0.001647015
-8.25878e-005 0.0009411517
-8.09878e-005 0.001882303
-7.93878e-005 0.001882303
-7.77878e-005 0.001647015
-7.61878e-005 0.001647015
-7.45878e-005 0.001411728
-7.29878e-005 0.001647015
-7.13878e-005 0.001647015
-6.97878e-005 0.001411728
-6.81878e-005 0.00117644
-6.65878e-005 0.00117644
-6.49878e-005 0.001647015
-6.33878e-005 0.0009411517
-6.17878e-005 0.001411728
-6.01878e-005 0.001647015
-5.85878e-005 0.001411728
-5.69878e-005 0.001647015
-5.53878e-005 0.00117644
-5.37878e-005 0.00117644
-5.21878e-005 0.001411728
-5.05878e-005 0.001647015
-4.89878e-005 0.002117591
-4.73878e-005 0.002352879
-4.57878e-005 0.001882303
-4.41878e-005 0.002352879
-4.25878e-005 0.003058743
-4.09878e-005 0.003294031
-3.93878e-005 0.003294031
-3.77878e-005 0.003294031
-3.61878e-005 0.002117591
-3.45878e-005 0.0002352879
-3.29878e-005 -0.002588167
-3.13878e-005 -0.007293925
-2.97878e-005 -0.01317612
-2.81878e-005 -0.01929361
-2.65878e-005 -0.0272934
-2.49878e-005 -0.03670492
-2.33878e-005 -0.04988104
-2.17878e-005 -0.06493947
-2.01878e-005 -0.08140962
-1.85878e-005 -0.09999736
-1.69878e-005 -0.1178792
-1.53878e-005 -0.1322318
-1.37878e-005 -0.1437609
-1.21878e-005 -0.1512901
-1.05878e-005 -0.1557606
-8.9878e-006 -0.1541136
-7.3878e-006 -0.1428198
-5.7878e-006 -0.1216439
-4.1878e-006 -0.08987998
-2.5878e-006 -0.05388093
-9.878e-007 -0.01882303
6.122e-007 0.007058638
2.2122e-006 0.02117591
3.8122e-006 0.02399937
5.4122e-006 0.01976419
7.0122e-006 0.01458785
8.6122e-006 0.01082324
1.02122e-005 0.007293925
1.18122e-005 0.007058638
1.34122e-005 0.006352774
1.50122e-005 0.007293925
1.66122e-005 0.008940941
1.82122e-005 0.01058796
1.98122e-005 0.0117644
2.14122e-005 0.01082324
2.30122e-005 0.005176334
2.46122e-005 -0.006352774
2.62122e-005 -0.02423466
2.78122e-005 -0.04329298
2.94122e-005 -0.06211601
3.10122e-005 -0.07505685
3.26122e-005 -0.08093904
3.42122e-005 -0.0778803
3.58122e-005 -0.06635119
3.74122e-005 -0.05152805
3.90122e-005 -0.03529319
4.06122e-005 -0.02070534
4.22122e-005 -0.01082324
4.38122e-005 -0.00564691
4.54122e-005 -0.00564691
4.70122e-005 -0.006588062
4.86122e-005 -0.007058638
5.02122e-005 -0.00564691
5.18122e-005 -0.003294031
5.34122e-005 -0.0007058638
5.50122e-005 0.0009411517
5.66122e-005 0.002588167
5.82122e-005 0.002117591
5.98122e-005 -0.0007058638
6.14122e-005 -0.006352774
6.30122e-005 -0.015529
6.46122e-005 -0.02752869
6.62122e-005 -0.04164596
6.78122e-005 -0.05764554
6.94122e-005 -0.07293925
7.10122e-005 -0.08635067
7.26122e-005 -0.09458574
7.42122e-005 -0.09976208
7.58122e-005 -0.1032914
7.74122e-005 -0.1051737
7.90122e-005 -0.1068207
8.06122e-005 -0.1077619
8.22122e-005 -0.1089383
8.38122e-005 -0.1096442
8.54122e-005 -0.1079972
8.70122e-005 -0.1047031
8.86122e-005 -0.09811506
9.02122e-005 -0.091527
9.18122e-005 -0.08399779
9.34122e-005 -0.07717444
9.50122e-005 -0.07082166
9.66122e-005 -0.06588062
9.82122e-005 -0.06188072
9.98122e-005 -0.05858669
0.0001014122 -0.05435151
0.0001030122 -0.05105748
0.0001046122 -0.04752816
0.0001062122 -0.04493999
0.0001078122 -0.04211654
0.0001094122 -0.03882251
0.0001110122 -0.0331756
0.0001126122 -0.02588167
0.0001142122 -0.015529
0.0001158122 -0.006352774
0.0001174122 0.001882303
0.0001190122 0.005882198
0.0001206122 0.006588062
0.0001222122 0.004705758
0.0001238122 0.001411728
0.0001254122 -0.0009411517
0.0001270122 -0.00447047
0.0001286122 -0.00682335
0.0001302122 -0.009411517
0.0001318122 -0.01199968
0.0001334122 -0.01411728
0.0001350122 -0.01670544
0.0001366122 -0.01858775
0.0001382122 -0.02164649
0.0001398122 -0.02423466
0.0001414122 -0.02964628
0.0001430122 -0.03552848
0.0001446122 -0.04211654
0.0001462122 -0.04752816
0.0001478122 -0.05152805
0.0001494122 -0.05246921
0.0001510122 -0.05341036
0.0001526122 -0.05246921
0.0001542122 -0.05199863
0.0001558122 -0.05152805
0.0001574122 -0.05223392
0.0001590122 -0.05199863
0.0001606122 -0.05293978
0.0001622122 -0.05505737
0.0001638122 -0.05717496
0.0001654122 -0.05858669
0.0001670122 -0.05999842
0.0001686122 -0.06023371
0.0001702122 -0.06141015
0.0001718122 -0.06188072
0.0001734122 -0.06141015
0.0001750122 -0.05905727
0.0001766122 -0.05599852
0.0001782122 -0.05246921
0.0001798122 -0.04823402
0.0001814122 -0.04399884
0.0001830122 -0.04211654
0.0001846122 -0.04023423
0.0001862122 -0.03858722
0.0001878122 -0.03717549
0.0001894122 -0.0369402
0.0001910122 -0.03646963
0.0001926122 -0.0369402
0.0001942122 -0.0369402
0.0001958122 -0.03741078
0.0001974122 -0.03623434
0.0001990122 -0.03599905
0.0002006122 -0.03435204
0.0002022122 -0.0331756
0.0002038122 -0.03294031
0.0002054122 -0.03411675
0.0002070122 -0.03529319
0.0002086122 -0.03741078
0.0002102122 -0.03858722
0.0002118122 -0.03905779
0.0002134122 -0.03905779
0.0002150122 -0.03999895
0.0002166122 -0.04070481
0.0002182122 -0.04046952
0.0002198122 -0.03858722
0.0002214122 -0.03552848
0.0002230122 -0.03129329
0.0002246122 -0.0291757
0.0002262122 -0.02682282
0.0002278122 -0.02635225
0.0002294122 -0.02823455
0.0002310122 -0.03105801
0.0002326122 -0.03388146
0.0002342122 -0.03670492
0.0002358122 -0.03905779
0.0002374122 -0.04141067
0.0002390122 -0.04235183
0.0002406122 -0.04423413
0.0002422122 -0.04658701
0.0002438122 -0.04941046
0.0002454122 -0.05293978
0.0002470122 -0.05693968
0.0002486122 -0.06046899
0.0002502122 -0.06399831
0.0002518122 -0.06564533
0.0002534122 -0.0661159
0.0002550122 -0.06470418
0.0002566122 -0.06376303
0.0002582122 -0.06164543
0.0002598122 -0.05976313
0.0002614122 -0.05717496
0.0002630122 -0.05529266
0.0002646122 -0.05293978
0.0002662122 -0.04964575
0.0002678122 -0.04517528
0.0002694122 -0.04070481
0.0002710122 -0.03576376
0.0002726122 -0.03058743
0.0002742122 -0.02517581
0.0002758122 -0.02070534
0.0002774122 -0.01788188
0.0002790122 -0.01623487
0.0002806122 -0.01694073
0.0002822122 -0.01929361
0.0002838122 -0.02305822
0.0002854122 -0.02799926
0.0002870122 -0.0331756
0.0002886122 -0.03858722
0.0002902122 -0.0428224
0.0002918122 -0.04517528
0.0002934122 -0.04611643
0.0002950122 -0.04729287
0.0002966122 -0.04588114
0.0002982122 -0.04493999
0.0002998122 -0.04329298
0.0003014122 -0.0409401
0.0003030122 -0.03882251
0.0003046122 -0.03717549
0.0003062122 -0.03623434
0.0003078122 -0.03529319
0.0003094122 -0.0350579
0.0003110122 -0.03529319
0.0003126122 -0.03623434
0.0003142122 -0.03741078
0.0003158122 -0.03882251
0.0003174122 -0.03999895
0.0003190122 -0.03976366
0.0003206122 -0.03952837
0.0003222122 -0.03882251
0.0003238122 -0.03835193
0.0003254122 -0.03811664
0.0003270122 -0.03741078
0.0003286122 -0.03835193
0.0003302122 -0.03905779
0.0003318122 -0.03976366
0.0003334122 -0.03999895
0.0003350122 -0.03905779
0.0003366122 -0.03764607
0.0003382122 -0.03552848
0.0003398122 -0.03411675
0.0003414122 -0.03129329
0.0003430122 -0.02988157
0.0003446122 -0.0272934
0.0003462122 -0.02564638
0.0003478122 -0.02399937
0.0003494122 -0.0232935
0.0003510122 -0.02588167
0.0003526122 -0.02846984
0.0003542122 -0.03270502
0.0003558122 -0.03599905
0.0003574122 -0.03905779
0.0003590122 -0.03952837
0.0003606122 -0.03929308
0.0003622122 -0.03788135
0.0003638122 -0.03458732
0.0003654122 -0.03246973
0.0003670122 -0.02988157
0.0003686122 -0.02941099
0.0003702122 -0.02964628
0.0003718122 -0.03082272
0.0003734122 -0.03152858
0.0003750122 -0.03199916
0.0003766122 -0.03199916
0.0003782122 -0.03152858
0.0003798122 -0.03199916
0.0003814122 -0.03270502
0.0003830122 -0.03364617
0.0003846122 -0.0331756
0.0003862122 -0.03364617
0.0003878122 -0.0331756
0.0003894122 -0.03270502
0.0003910122 -0.03105801
0.0003926122 -0.02894041
0.0003942122 -0.02611696
0.0003958122 -0.02211706
0.0003974122 -0.01670544
0.0003990122 -0.01199968
0.0004006122 -0.007529213
0.0004022122 -0.00447047
0.0004038122 -0.001882303
0.0004054122 -0.0007058638
0.0004070122 0.0007058638
0.0004086122 0.0009411517
0.0004102122 0.0002352879
0.0004118122 -0.002352879
0.0004134122 -0.005882198
0.0004150122 -0.009882093
0.0004166122 -0.01411728
0.0004182122 -0.01717602
0.0004198122 -0.0195289
0.0004214122 -0.02047005
0.0004230122 -0.02117591
0.0004246122 -0.01999947
0.0004262122 -0.01811717
0.0004278122 -0.01670544
0.0004294122 -0.01599958
0.0004310122 -0.015529
0.0004326122 -0.01670544
0.0004342122 -0.01811717
0.0004358122 -0.01929361
0.0004374122 -0.0195289
0.0004390122 -0.01976419
0.0004406122 -0.02023476
0.0004422122 -0.02070534
0.0004438122 -0.02258764
0.0004454122 -0.02446994
0.0004470122 -0.02776397
0.0004486122 -0.03105801
0.0004502122 -0.03435204
0.0004518122 -0.0369402
0.0004534122 -0.03811664
0.0004550122 -0.03811664
0.0004566122 -0.03623434
0.0004582122 -0.03270502
0.0004598122 -0.02870513
0.0004614122 -0.02470523
0.0004630122 -0.01976419
0.0004646122 -0.015529
0.0004662122 -0.01011738
0.0004678122 -0.00564691
0.0004694122 -0.002588167
0.0004710122 0.0009411517
0.0004726122 0.001882303
0.0004742122 0.001647015
0.0004758122 0.0009411517
0.0004774122 0.0009411517
0.0004790122 0.0007058638
0.0004806122 0
0.0004822122 -0.0007058638
0.0004838122 -0.001882303
0.0004854122 -0.00447047
0.0004870122 -0.006588062
0.0004886122 -0.008470365
0.0004902122 -0.009411517
0.0004918122 -0.01035267
0.0004934122 -0.009646805
0.0004950122 -0.009176229
0.0004966122 -0.006352774
0.0004982122 -0.003764607
0.0004998122 -0.0002352879
0.0005014122 0.002352879
0.0005030122 0.003999895
0.0005046122 0.005176334
0.0005062122 0.004235183
0.0005078122 0.003529319
0.0005094122 0.001882303
0.0005110122 0.001882303
0.0005126122 0.001882303
0.0005142122 0.002823455
0.0005158122 0.00447047
0.0005174122 0.007058638
0.0005190122 0.00682335
0.0005206122 0.009176229
0.0005222122 0.009882093
0.0005238122 0.01082324
0.0005254122 0.01058796
0.0005270122 0.009882093
0.0005286122 0.008235077
0.0005302122 0.006588062
0.0005318122 0.005176334
0.0005334122 0.003058743
0.0005350122 0.002588167
0.0005366122 0.001411728
0.0005382122 0.0009411517
0.0005398122 -0.0002352879
0.0005414122 -0.001411728
0.0005430122 -0.002588167
0.0005446122 -0.00447047
0.0005462122 -0.00682335
0.0005478122 -0.009646805
0.0005494122 -0.0136467
0.0005510122 -0.01741131
0.0005526122 -0.02023476
0.0005542122 -0.02188178
0.0005558122 -0.02258764
0.0005574122 -0.02282293
0.0005590122 -0.02258764
0.0005606122 -0.02188178
0.0005622122 -0.02023476
0.0005638122 -0.01811717
0.0005654122 -0.01599958
0.0005670122 -0.01435256
0.0005686122 -0.01270555
0.0005702122 -0.01105853
0.0005718122 -0.008940941
0.0005734122 -0.007058638
0.0005750122 -0.004705758
0.0005766122 -0.002117591
0.0005782122 -0.0004705758
0.0005798122 0.001882303
0.0005814122 0.002352879
0.0005830122 0.003294031
0.0005846122 0.003764607
0.0005862122 0.00447047
0.0005878122 0.005411622
0.0005894122 0.006117486
0.0005910122 0.007529213
0.0005926122 0.007999789
0.0005942122 0.01082324
0.0005958122 0.01294084
0.0005974122 0.01670544
0.0005990122 0.01976419
0.0006006122 0.02376408
0.0006022122 0.0272934
0.0006038122 0.0291757
0.0006054122 0.03082272
0.0006070122 0.03011685
0.0006086122 0.02894041
0.0006102122 0.02517581
0.0006118122 0.02117591
0.0006134122 0.01741131
0.0006150122 0.01388199
0.0006166122 0.01035267
0.0006182122 0.007293925
0.0006198122 0.006117486
0.0006214122 0.003999895
0.0006230122 0.002823455
0.0006246122 0.002117591
0.0006262122 0.003058743
0.0006278122 0.004941046
0.0006294122 0.007293925
0.0006310122 0.01035267
0.0006326122 0.01317612
0.0006342122 0.01599958
0.0006358122 0.0195289
0.0006374122 0.02164649
0.0006390122 0.02470523
0.0006406122 0.02635225
0.0006422122 0.0272934
0.0006438122 0.02658753
0.0006454122 0.0254111
0.0006470122 0.02376408
0.0006486122 0.02188178
0.0006502122 0.01999947
0.0006518122 0.01835246
0.0006534122 0.01670544
0.0006550122 0.01694073
0.0006566122 0.01647015
0.0006582122 0.01599958
0.0006598122 0.01647015
0.0006614122 0.01694073
0.0006630122 0.01764659
0.0006646122 0.01858775
0.0006662122 0.01929361
0.0006678122 0.02094062
0.0006694122 0.02258764
0.0006710122 0.02258764
0.0006726122 0.02164649
0.0006742122 0.02047005
0.0006758122 0.01835246
0.0006774122 0.01647015
0.0006790122 0.01341141
0.0006806122 0.01105853
0.0006822122 0.009176229
0.0006838122 0.007058638
0.0006854122 0.00682335
0.0006870122 0.007529213
0.0006886122 0.01011738
0.0006902122 0.01388199
0.0006918122 0.01788188
0.0006934122 0.02305822
0.0006950122 0.02752869
0.0006966122 0.03129329
0.0006982122 0.03529319
0.0006998122 0.03905779
0.0007014122 0.04258711
0.0007030122 0.0447047
0.0007046122 0.04588114
0.0007062122 0.04635172
0.0007078122 0.0447047
0.0007094122 0.04211654
0.0007110122 0.04070481
0.0007126122 0.03811664
0.0007142122 0.0369402
0.0007158122 0.03646963
0.0007174122 0.03529319
0.0007190122 0.03435204
0.0007206122 0.03388146
0.0007222122 0.03388146
0.0007238122 0.03435204
0.0007254122 0.03482261
0.0007270122 0.03599905
0.0007286122 0.03811664
0.0007302122 0.0409401
0.0007318122 0.04399884
0.0007334122 0.04752816
0.0007350122 0.05223392
0.0007366122 0.05576324
0.0007382122 0.05882198
0.0007398122 0.06141015
0.0007414122 0.06258659
0.0007430122 0.0642336
0.0007446122 0.0642336
0.0007462122 0.06446889
0.0007478122 0.06352774
0.0007494122 0.06282187
0.0007510122 0.06117486
0.0007526122 0.05999842
0.0007542122 0.05811612
0.0007558122 0.05599852
0.0007574122 0.05388093
0.0007590122 0.05199863
0.0007606122 0.04941046
0.0007622122 0.04752816
0.0007638122 0.04541057
0.0007654122 0.04446942
0.0007670122 0.04258711
0.0007686122 0.04188125
0.0007702122 0.04164596
0.0007718122 0.04070481
0.0007734122 0.04023423
0.0007750122 0.03976366
0.0007766122 0.03952837
0.0007782122 0.03835193
0.0007798122 0.03811664
0.0007814122 0.03670492
0.0007830122 0.03646963
0.0007846122 0.0369402
0.0007862122 0.03717549
0.0007878122 0.03741078
0.0007894122 0.03811664
0.0007910122 0.03835193
0.0007926122 0.03905779
0.0007942122 0.03976366
0.0007958122 0.04046952
0.0007974122 0.04141067
0.0007990122 0.04305769
0.0008006122 0.04399884
0.0008022122 0.04564586
0.0008038122 0.0468223
0.0008054122 0.04799874
0.0008070122 0.04823402
0.0008086122 0.04893989
0.0008102122 0.04846931
0.0008118122 0.04799874
0.0008134122 0.04658701
0.0008150122 0.04399884
0.0008166122 0.04188125
0.0008182122 0.03882251
0.0008198122 0.03552848
0.0008214122 0.03270502
0.0008230122 0.03152858
0.0008246122 0.03035214
0.0008262122 0.03058743
0.0008278122 0.03129329
0.0008294122 0.0331756
0.0008310122 0.03482261
0.0008326122 0.03788135
0.0008342122 0.04046952
0.0008358122 0.04376355
0.0008374122 0.04635172
0.0008390122 0.04917517
0.0008406122 0.0505869
0.0008422122 0.05223392
0.0008438122 0.05246921
0.0008454122 0.05246921
0.0008470122 0.05317507
0.0008486122 0.05341036
0.0008502122 0.05364565
0.0008518122 0.0545868
0.0008534122 0.05529266
0.0008550122 0.05599852
0.0008566122 0.05693968
0.0008582122 0.05788083
0.0008598122 0.0583514
0.0008614122 0.05905727
0.0008630122 0.05952784
0.0008646122 0.05952784
0.0008662122 0.0583514
0.0008678122 0.05693968
0.0008694122 0.05576324
0.0008710122 0.05364565
0.0008726122 0.05129277
0.0008742122 0.04964575
0.0008758122 0.04752816
0.0008774122 0.04564586
0.0008790122 0.04352826
0.0008806122 0.04164596
0.0008822122 0.03952837
0.0008838122 0.03788135
0.0008854122 0.03670492
0.0008870122 0.03717549
0.0008886122 0.03835193
0.0008902122 0.03929308
0.0008918122 0.04070481
0.0008934122 0.04329298
0.0008950122 0.04588114
0.0008966122 0.04799874
0.0008982122 0.05082219
0.0008998122 0.05246921
0.0009014122 0.05388093
0.0009030122 0.05411622
0.0009046122 0.05435151
0.0009062122 0.0545868
0.0009078122 0.05435151
0.0009094122 0.05529266
0.0009110122 0.05599852
0.0009126122 0.05670439
0.0009142122 0.05576324
0.0009158122 0.05576324
0.0009174122 0.05435151
0.0009190122 0.05176334
0.0009206122 0.0505869
0.0009222122 0.04893989
0.0009238122 0.0468223
0.0009254122 0.04564586
0.0009270122 0.04399884
0.0009286122 0.04376355
0.0009302122 0.04329298
0.0009318122 0.04376355
0.0009334122 0.04399884
0.0009350122 0.04423413
0.0009366122 0.0447047
0.0009382122 0.04493999
0.0009398122 0.04564586
0.0009414122 0.04564586
0.0009430122 0.04611643
0.0009446122 0.04705758
0.0009462122 0.04705758
0.0009478122 0.04823402
0.0009494122 0.04846931
0.0009510122 0.04988104
0.0009526122 0.05129277
0.0009542122 0.05223392
0.0009558122 0.05293978
0.0009574122 0.05341036
0.0009590122 0.05411622
0.0009606122 0.05341036
0.0009622122 0.05341036
0.0009638122 0.05246921
0.0009654122 0.05011633
0.0009670122 0.04799874
0.0009686122 0.04635172
0.0009702122 0.04517528
0.0009718122 0.04399884
0.0009734122 0.04517528
0.0009750122 0.04588114
0.0009766122 0.04799874
0.0009782122 0.05011633
0.0009798122 0.05270449
0.0009814122 0.05529266
0.0009830122 0.05788083
0.0009846122 0.05999842
0.0009862122 0.06282187
0.0009878122 0.06376303
0.0009894122 0.06493947
0.0009910122 0.06493947
0.0009926122 0.06470418
0.0009942122 0.06470418
0.0009958122 0.06329245
0.0009974122 0.06282187
0.0009990122 0.06188072
0.001000612 0.06093957
0.001002212 0.05952784
0.001003812 0.05764554
0.001005412 0.05741025
0.001007012 0.05599852
0.001008612 0.05623381
0.001010212 0.05552795
0.001011812 0.05482208
0.001013412 0.0545868
0.001015012 0.05482208
0.001016612 0.05505737
0.001018212 0.05552795
0.001019812 0.05576324
0.001021412 0.0564691
0.001023012 0.05576324
0.001024612 0.05529266
0.001026212 0.05364565
0.001027812 0.05152805
0.001029412 0.04893989
0.001031012 0.04611643
0.001032612 0.04258711
0.001034212 0.03905779
0.001035812 0.03646963
0.001037412 0.0331756
0.001039012 0.03082272
0.001040612 0.02941099
0.001042212 0.02870513
0.001043812 0.02894041
0.001045412 0.02894041
0.001047012 0.02988157
0.001048612 0.02964628
0.001050212 0.03011685
0.001051812 0.03129329
0.001053412 0.03129329
0.001055012 0.03223444
0.001056612 0.03341088
0.001058212 0.03411675
0.001059812 0.03529319
0.001061412 0.03576376
0.001063012 0.0369402
0.001064612 0.03788135
0.001066212 0.03905779
0.001067812 0.03999895
0.001069412 0.04046952
0.001071012 0.04023423
0.001072612 0.04023423
0.001074212 0.03858722
0.001075812 0.03929308
0.001077412 0.03811664
0.001079012 0.03764607
0.001080612 0.03670492
0.001082212 0.03670492
0.001083812 0.03623434
0.001085412 0.03623434
0.001087012 0.03646963
0.001088612 0.03646963
0.001090212 0.03646963
0.001091812 0.03646963
0.001093412 0.03670492
0.001095012 0.03764607
0.001096612 0.03835193
0.001098212 0.03882251
0.001099812 0.03905779
0.001101412 0.03999895
0.001103012 0.03976366
0.001104612 0.04070481
0.001106212 0.04117539
0.001107812 0.04235183
0.001109412 0.04235183
0.001111012 0.04376355
0.001112612 0.04399884
0.001114212 0.04423413
0.001115812 0.04446942
0.001117412 0.0447047
0.001119012 0.04446942
0.001120612 0.0447047
0.001122212 0.0447047
0.001123812 0.04446942
0.001125412 0.04376355
0.001127012 0.04305769
0.001128612 0.04235183
0.001130212 0.04188125
0.001131812 0.04117539
0.001133412 0.04141067
0.001135012 0.04023423
0.001136612 0.04070481
0.001138212 0.04023423
0.001139812 0.03976366
0.001141412 0.03976366
0.001143012 0.03976366
0.001144612 0.03858722
0.001146212 0.03835193
0.001147812 0.03717549
0.001149412 0.0369402
0.001151012 0.03623434
0.001152612 0.0350579
0.001154212 0.0350579
0.001155812 0.03529319
0.001157412 0.03576376
0.001159012 0.03599905
0.001160612 0.0369402
0.001162212 0.03788135
0.001163812 0.03835193
0.001165412 0.03929308
0.001167012 0.03952837
0.001168612 0.03882251
0.001170212 0.03882251
0.001171812 0.03835193
0.001173412 0.03670492
0.001175012 0.0369402
0.001176612 0.03576376
0.001178212 0.0350579
0.001179812 0.03482261
0.001181412 0.03411675
0.001183012 0.03411675
0.001184612 0.0331756
0.001186212 0.03388146
0.001187812 0.03435204
0.001189412 0.03411675
0.001191012 0.03364617
0.001192612 0.03411675
0.001194212 0.0350579
0.001195812 0.03599905
0.001197412 0.03599905
0.001199012 0.03764607
0.001200612 0.03788135
0.001202212 0.03905779
0.001203812 0.03976366
0.001205412 0.03999895
0.001207012 0.03999895
0.001208612 0.03999895
0.001210212 0.04046952
0.001211812 0.03952837
0.001213412 0.04046952
0.001215012 0.04046952
0.001216612 0.04046952
0.001218212 0.04141067
0.001219812 0.0409401
0.001221412 0.04117539
0.001223012 0.04070481
0.001224612 0.04046952
0.001226212 0.04046952
0.001227812 0.04070481
0.001229412 0.04117539
0.001231012 0.04046952
0.001232612 0.04070481
0.001234212 0.04070481
0.001235812 0.03976366
0.001237412 0.03905779
0.001239012 0.03811664
0.001240612 0.03646963
0.001242212 0.03458732
0.001243812 0.03246973
0.001245412 0.03082272
0.001247012 0.02823455
0.001248612 0.02611696
0.001250212 0.02399937
0.001251812 0.02188178
0.001253412 0.01999947
0.001255012 0.01858775
0.001256612 0.01647015
0.001258212 0.01529371
0.001259812 0.01529371
0.001261412 0.01458785
0.001263012 0.01576429
0.001264612 0.01717602
0.001266212 0.01929361
0.001267812 0.02047005
0.001269412 0.02188178
0.001271012 0.0232935
0.001272612 0.02423466
0.001274212 0.02517581
0.001275812 0.02635225
0.001277412 0.02635225
0.001279012 0.02658753
0.001280612 0.02588167
0.001282212 0.02611696
0.001283812 0.02517581
0.001285412 0.02446994
0.001287012 0.02258764
0.001288612 0.0214112
0.001290212 0.01999947
0.001291812 0.01905832
0.001293412 0.01858775
0.001295012 0.01835246
0.001296612 0.01835246
0.001298212 0.01858775
0.001299812 0.01929361
0.001301412 0.0195289
0.001303012 0.01976419
0.001304612 0.01882303
0.001306212 0.01811717
0.001307812 0.01741131
0.001309412 0.01647015
0.001311012 0.01529371
0.001312612 0.01411728
0.001314212 0.01388199
0.001315812 0.01435256
0.001317412 0.01505843
0.001319012 0.01576429
0.001320612 0.01717602
0.001322212 0.01788188
0.001323812 0.01811717
0.001325412 0.01882303
0.001327012 0.01905832
0.001328612 0.01835246
0.001330212 0.01811717
0.001331812 0.01717602
0.001333412 0.01623487
0.001335012 0.01576429
0.001336612 0.0136467
0.001338212 0.01317612
0.001339812 0.01199968
0.001341412 0.0117644
0.001343012 0.01247026
0.001344612 0.01105853
0.001346212 0.01129382
0.001347812 0.01082324
0.001349412 0.01011738
0.001351012 0.01035267
0.001352612 0.01035267
0.001354212 0.01035267
0.001355812 0.01035267
0.001357412 0.01011738
0.001359012 0.01011738
0.001360612 0.009882093
0.001362212 0.009882093
0.001363812 0.009411517
0.001365412 0.009411517
0.001367012 0.008940941
0.001368612 0.007764501
0.001370212 0.006588062
0.001371812 0.00564691
0.001373412 0.00447047
0.001375012 0.003764607
0.001376612 0.003058743
0.001378212 0.001882303
0.001379812 0.0009411517
0.001381412 0
0.001383012 -0.001411728
0.001384612 -0.002117591
0.001386212 -0.002352879
0.001387812 -0.002823455
0.001389412 -0.002588167
0.001391012 -0.002588167
0.001392612 -0.002352879
0.001394212 -0.001882303
0.001395812 -0.001647015
0.001397412 -0.001647015
0.001399012 -0.001882303
0.001400612 -0.002117591
0.001402212 -0.002352879
0.001403812 -0.002823455
0.001405412 -0.003058743
0.001407012 -0.003999895
0.001408612 -0.005411622
0.001410212 -0.006117486
0.001411812 -0.006588062
0.001413412 -0.007529213
0.001415012 -0.008470365
0.001416612 -0.008235077
0.001418212 -0.007999789
0.001419812 -0.008235077
0.001421412 -0.008235077
0.001423012 -0.008235077
0.001424612 -0.008235077
0.001426212 -0.007999789
0.001427812 -0.008235077
0.001429412 -0.007999789
0.001431012 -0.007999789
0.001432612 -0.007293925
0.001434212 -0.007529213
0.001435812 -0.006588062
0.001437412 -0.006588062
0.001439012 -0.005882198
0.001440612 -0.005176334
0.001442212 -0.00447047
0.001443812 -0.003999895
0.001445412 -0.003764607
0.001447012 -0.003529319
0.001448612 -0.004235183
0.001450212 -0.003999895
0.001451812 -0.004705758
0.001453412 -0.005411622
0.001455012 -0.006117486
0.001456612 -0.006588062
0.001458212 -0.00682335
0.001459812 -0.007293925
0.001461412 -0.007999789
0.001463012 -0.008235077
0.001464612 -0.009176229
0.001466212 -0.01058796
0.001467812 -0.0117644
0.001469412 -0.01294084
0.001471012 -0.01505843
0.001472612 -0.01599958
0.001474212 -0.01670544
0.001475812 -0.01717602
0.001477412 -0.01811717
0.001479012 -0.01788188
0.001480612 -0.01858775
0.001482212 -0.0195289
0.001483812 -0.01929361
0.001485412 -0.01905832
0.001487012 -0.01858775
0.001488612 -0.01835246
0.001490212 -0.01788188
0.001491812 -0.01717602
0.001493412 -0.01670544
0.001495012 -0.01576429
0.001496612 -0.01576429
0.001498212 -0.015529
0.001499812 -0.01576429
0.001501412 -0.01576429
0.001503012 -0.01505843
0.001504612 -0.01670544
0.001506212 -0.01764659
0.001507812 -0.01858775
0.001509412 -0.01999947
0.001511012 -0.02117591
0.001512612 -0.02211706
0.001514212 -0.0232935
0.001515812 -0.02423466
0.001517412 -0.02564638
0.001519012 -0.02705811
0.001520612 -0.02799926
0.001522212 -0.02846984
0.001523812 -0.0291757
0.001525412 -0.02964628
0.001527012 -0.02894041
0.001528612 -0.02870513
0.001530212 -0.02823455
0.001531812 -0.02682282
0.001533412 -0.02588167
0.001535012 -0.02470523
0.001536612 -0.02399937
0.001538212 -0.02235235
0.001539812 -0.02117591
0.001541412 -0.02047005
0.001543012 -0.01976419
0.001544612 -0.01882303
0.001546212 -0.01858775
0.001547812 -0.01788188
0.001549412 -0.01717602
0.001551012 -0.01647015
0.001552612 -0.01599958
0.001554212 -0.01599958
0.001555812 -0.01599958
0.001557412 -0.01623487
0.001559012 -0.01694073
0.001560612 -0.01741131
0.001562212 -0.01882303
0.001563812 -0.01976419
0.001565412 -0.02047005
0.001567012 -0.02117591
0.001568612 -0.02258764
0.001570212 -0.02258764
0.001571812 -0.0232935
0.001573412 -0.02282293
0.001575012 -0.02258764
0.001576612 -0.02235235
0.001578212 -0.02164649
0.001579812 -0.02164649
0.001581412 -0.02094062
0.001583012 -0.02023476
0.001584612 -0.01999947
0.001586212 -0.01976419
0.001587812 -0.01929361
0.001589412 -0.01929361
0.001591012 -0.01929361
0.001592612 -0.0195289
0.001594212 -0.01999947
0.001595812 -0.02047005
0.001597412 -0.0214112
0.001599012 -0.02235235
0.001600612 -0.02352879
0.001602212 -0.02399937
0.001603812 -0.02517581
0.001605412 -0.02658753
0.001607012 -0.02799926
0.001608612 -0.02870513
0.001610212 -0.02941099
0.001611812 -0.02964628
0.001613412 -0.02964628
0.001615012 -0.02870513
0.001616612 -0.02870513
0.001618212 -0.0272934
0.001619812 -0.02635225
0.001621412 -0.02517581
0.001623012 -0.02423466
0.001624612 -0.02352879
0.001626212 -0.0232935
0.001627812 -0.02258764
0.001629412 -0.02258764
0.001631012 -0.02235235
0.001632612 -0.02235235
0.001634212 -0.02235235
0.001635812 -0.02211706
0.001637412 -0.02258764
0.001639012 -0.02211706
0.001640612 -0.02211706
0.001642212 -0.02305822
0.001643812 -0.02305822
0.001645412 -0.02352879
0.001647012 -0.02376408
0.001648612 -0.02352879
0.001650212 -0.02376408
0.001651812 -0.02352879
0.001653412 -0.02352879
0.001655012 -0.02352879
0.001656612 -0.02376408
0.001658212 -0.02399937
0.001659812 -0.02352879
0.001661412 -0.02399937
0.001663012 -0.02376408
0.001664612 -0.02399937
0.001666212 -0.02399937
0.001667812 -0.02352879
0.001669412 -0.02376408
0.001671012 -0.02399937
0.001672612 -0.02399937
0.001674212 -0.02423466
0.001675812 -0.02446994
0.001677412 -0.02446994
0.001679012 -0.02470523
0.001680612 -0.02446994
0.001682212 -0.02470523
0.001683812 -0.02446994
0.001685412 -0.02423466
0.001687012 -0.02399937
0.001688612 -0.02423466
0.001690212 -0.02423466
0.001691812 -0.02399937
0.001693412 -0.02470523
0.001695012 -0.02470523
0.001696612 -0.0254111
0.001698212 -0.02564638
0.001699812 -0.02611696
0.001701412 -0.02635225
0.001703012 -0.02611696
0.001704612 -0.02588167
0.001706212 -0.02635225
0.001707812 -0.02588167
0.001709412 -0.02564638
0.001711012 -0.02517581
0.001712612 -0.02517581
0.001714212 -0.02494052
0.001715812 -0.02470523
0.001717412 -0.02446994
0.001719012 -0.02423466
0.001720612 -0.02470523
0.001722212 -0.0254111
0.001723812 -0.02517581
0.001725412 -0.02635225
0.001727012 -0.02752869
0.001728612 -0.02846984
0.001730212 -0.02941099
0.001731812 -0.03035214
0.001733412 -0.03129329
0.001735012 -0.03176387
0.001736612 -0.03246973
0.001738212 -0.03341088
0.001739812 -0.03364617
0.001741412 -0.03482261
0.001743012 -0.03552848
0.001744612 -0.03623434
0.001746212 -0.03717549
0.001747812 -0.03764607
0.001749412 -0.03811664
0.001751012 -0.03835193
0.001752612 -0.03788135
0.001754212 -0.03835193
0.001755812 -0.03882251
0.001757412 -0.03858722
0.001759012 -0.03811664
0.001760612 -0.03788135
0.001762212 -0.03811664
0.001763812 -0.03788135
0.001765412 -0.0369402
0.001767012 -0.03717549
0.001768612 -0.03623434
0.001770212 -0.03599905
0.001771812 -0.03646963
0.001773412 -0.03552848
0.001775012 -0.03458732
0.001776612 -0.03435204
0.001778212 -0.03411675
0.001779812 -0.03388146
0.001781412 -0.03364617
0.001783012 -0.03270502
0.001784612 -0.03270502
0.001786212 -0.03223444
0.001787812 -0.03294031
0.001789412 -0.03364617
0.001791012 -0.03435204
0.001792612 -0.03529319
0.001794212 -0.03599905
0.001795812 -0.03741078
0.001797412 -0.03882251
0.001799012 -0.03976366
0.001800612 -0.0409401
0.001802212 -0.04188125
0.001803812 -0.04188125
0.001805412 -0.04235183
0.001807012 -0.04305769
0.001808612 -0.04235183
0.001810212 -0.04235183
0.001811812 -0.04164596
0.001813412 -0.03999895
0.001815012 -0.03952837
0.001816612 -0.03764607
0.001818212 -0.03599905
0.001819812 -0.03435204
0.001821412 -0.03223444
0.001823012 -0.03058743
0.001824612 -0.02894041
0.001826212 -0.02705811
0.001827812 -0.0254111
0.001829412 -0.02399937
0.001831012 -0.02352879
0.001832612 -0.02258764
0.001834212 -0.02164649
0.001835812 -0.02188178
0.001837412 -0.02211706
0.001839012 -0.02235235
0.001840612 -0.02188178
0.001842212 -0.02235235
0.001843812 -0.0232935
0.001845412 -0.02352879
0.001847012 -0.02423466
0.001848612 -0.02376408
0.001850212 -0.02494052
0.001851812 -0.02494052
0.001853412 -0.02494052
0.001855012 -0.02564638
0.001856612 -0.02658753
0.001858212 -0.02752869
0.001859812 -0.02799926
0.001861412 -0.02870513
0.001863012 -0.02964628
0.001864612 -0.03058743
0.001866212 -0.03058743
0.001867812 -0.03129329
0.001869412 -0.03246973
0.001871012 -0.03270502
0.001872612 -0.0331756
0.001874212 -0.03246973
0.001875812 -0.03364617
0.001877412 -0.03364617
0.001879012 -0.03411675
0.001880612 -0.03411675
0.001882212 -0.03458732
0.001883812 -0.03435204
0.001885412 -0.03529319
0.001887012 -0.03576376
0.001888612 -0.03599905
0.001890212 -0.03670492
0.001891812 -0.03741078
0.001893412 -0.03670492
0.001895012 -0.03717549
0.001896612 -0.0369402
0.001898212 -0.03646963
0.001899812 -0.03576376
0.001901412 -0.0350579
0.001903012 -0.0331756
0.001904612 -0.03199916
0.001906212 -0.03058743
0.001907812 -0.02964628
0.001909412 -0.02799926
0.001911012 -0.0272934
0.001912612 -0.02588167
0.001914212 -0.02470523
0.001915812 -0.02376408
0.001917412 -0.02305822
0.001919012 -0.0214112
0.001920612 -0.02070534
0.001922212 -0.01999947
0.001923812 -0.0195289
0.001925412 -0.01999947
0.001927012 -0.02047005
0.001928612 -0.02047005
0.001930212 -0.02070534
0.001931812 -0.0214112
0.001933412 -0.02258764
0.001935012 -0.02235235
0.001936612 -0.02352879
0.001938212 -0.02352879
0.001939812 -0.02352879
0.001941412 -0.02446994
0.001943012 -0.02399937
0.001944612 -0.02399937
0.001946212 -0.02376408
0.001947812 -0.02376408
0.001949412 -0.02282293
0.001951012 -0.02164649
0.001952612 -0.02023476
0.001954212 -0.0195289
0.001955812 -0.01788188
0.001957412 -0.01670544
0.001959012 -0.015529
0.001960612 -0.01458785
0.001962212 -0.01317612
0.001963812 -0.01388199
0.001965412 -0.01317612
0.001967012 -0.0136467
0.001968612 -0.01435256
0.001970212 -0.015529
0.001971812 -0.01670544
0.001973412 -0.01764659
0.001975012 -0.01929361
0.001976612 -0.02070534
0.001978212 -0.0214112
0.001979812 -0.02258764
0.001981412 -0.02282293
0.001983012 -0.0232935
0.001984612 -0.02352879
0.001986212 -0.02376408
0.001987812 -0.02352879
0.001989412 -0.02282293
0.001991012 -0.02258764
0.001992612 -0.02211706
0.001994212 -0.02117591
0.001995812 -0.02070534
0.001997412 -0.01976419
0.001999012 -0.01882303
0.002000612 -0.01835246
0.002002212 -0.01741131
0.002003812 -0.01623487
0.002005412 -0.015529
0.002007012 -0.01411728
0.002008612 -0.0136467
0.002010212 -0.01294084
0.002011812 -0.01152911
0.002013412 -0.01152911
0.002015012 -0.009882093
0.002016612 -0.009411517
0.002018212 -0.007999789
0.002019812 -0.006352774
0.002021412 -0.006117486
0.002023012 -0.004705758
0.002024612 -0.003294031
0.002026212 -0.002823455
0.002027812 -0.001882303
0.002029412 -0.001882303
0.002031012 -0.0002352879
0.002032612 -0.0007058638
0.002034212 -0.0002352879
0.002035812 -0.0002352879
0.002037412 0
0.002039012 0
0.002040612 0.0002352879
0.002042212 0.0002352879
0.002043812 0.0002352879
0.002045412 0
0.002047012 -0.0004705758
0.002048612 -0.0009411517
0.002050212 -0.00117644
0.002051812 -0.002352879
0.002053412 -0.002588167
0.002055012 -0.003058743
0.002056612 -0.003764607
0.002058212 -0.004941046
0.002059812 -0.00447047
0.002061412 -0.004941046
0.002063012 -0.005411622
0.002064612 -0.005882198
0.002066212 -0.005882198
0.002067812 -0.00682335
0.002069412 -0.006588062
0.002071012 -0.00682335
0.002072612 -0.00682335
0.002074212 -0.007999789
0.002075812 -0.007764501
0.002077412 -0.008235077
0.002079012 -0.008705653
0.002080612 -0.008940941
0.002082212 -0.008940941
0.002083812 -0.009176229
0.002085412 -0.009882093
0.002087012 -0.009411517
0.002088612 -0.01011738
0.002090212 -0.009882093
0.002091812 -0.009882093
0.002093412 -0.009882093
0.002095012 -0.009882093
0.002096612 -0.009646805
0.002098212 -0.009882093
0.002099812 -0.009176229
0.002101412 -0.009411517
0.002103012 -0.009646805
0.002104612 -0.009411517
0.002106212 -0.008705653
0.002107812 -0.008705653
0.002109412 -0.009176229
0.002111012 -0.009176229
0.002112612 -0.008705653
0.002114212 -0.008235077
0.002115812 -0.007764501
0.002117412 -0.007529213
0.002119012 -0.007058638
0.002120612 -0.006117486
0.002122212 -0.004941046
0.002123812 -0.00447047
0.002125412 -0.003764607
0.002127012 -0.002823455
0.002128612 -0.002823455
0.002130212 -0.002588167
0.002131812 -0.002352879
0.002133412 -0.001882303
0.002135012 -0.003058743
0.002136612 -0.003294031
0.002138212 -0.003529319
0.002139812 -0.003294031
0.002141412 -0.003294031
0.002143012 -0.003294031
0.002144612 -0.003294031
0.002146212 -0.003764607
0.002147812 -0.003999895
0.002149412 -0.003999895
0.002151012 -0.003764607
0.002152612 -0.004705758
0.002154212 -0.004705758
0.002155812 -0.005411622
0.002157412 -0.005411622
0.002159012 -0.005882198
0.002160612 -0.006588062
0.002162212 -0.007293925
0.002163812 -0.007529213
0.002165412 -0.008470365
0.002167012 -0.008705653
0.002168612 -0.008940941
0.002170212 -0.01011738
0.002171812 -0.009882093
0.002173412 -0.01058796
0.002175012 -0.01082324
0.002176612 -0.01082324
0.002178212 -0.01105853
0.002179812 -0.01152911
0.002181412 -0.01129382
0.002183012 -0.01199968
0.002184612 -0.01270555
0.002186212 -0.01247026
0.002187812 -0.01270555
0.002189412 -0.01341141
0.002191012 -0.01317612
0.002192612 -0.0136467
0.002194212 -0.01388199
0.002195812 -0.01388199
0.002197412 -0.0136467
0.002199012 -0.01388199
0.002200612 -0.01317612
0.002202212 -0.01199968
0.002203812 -0.0117644
0.002205412 -0.0117644
0.002207012 -0.01035267
0.002208612 -0.009176229
0.002210212 -0.008705653
0.002211812 -0.008235077
0.002213412 -0.007058638
0.002215012 -0.007529213
0.002216612 -0.00682335
0.002218212 -0.006588062
0.002219812 -0.006117486
0.002221412 -0.005411622
0.002223012 -0.006117486
0.002224612 -0.005411622
0.002226212 -0.00564691
0.002227812 -0.005176334
0.002229412 -0.005411622
0.002231012 -0.006117486
0.002232612 -0.006117486
0.002234212 -0.00682335
0.002235812 -0.007293925
0.002237412 -0.007529213
0.002239012 -0.007764501
0.002240612 -0.008235077
0.002242212 -0.007529213
0.002243812 -0.008235077
0.002245412 -0.008235077
0.002247012 -0.007529213
0.002248612 -0.007293925
0.002250212 -0.006588062
0.002251812 -0.00682335
0.002253412 -0.006588062
0.002255012 -0.007058638
0.002256612 -0.007293925
0.002258212 -0.007058638
0.002259812 -0.008235077
0.002261412 -0.009176229
0.002263012 -0.009646805
0.002264612 -0.01011738
0.002266212 -0.01105853
0.002267812 -0.01105853
0.002269412 -0.01223497
0.002271012 -0.01199968
0.002272612 -0.01270555
0.002274212 -0.01223497
0.002275812 -0.01199968
0.002277412 -0.01247026
0.002279012 -0.0117644
0.002280612 -0.01152911
0.002282212 -0.01105853
0.002283812 -0.01011738
0.002285412 -0.009646805
0.002287012 -0.009411517
0.002288612 -0.009176229
0.002290212 -0.008470365
0.002291812 -0.007999789
0.002293412 -0.007764501
0.002295012 -0.008470365
0.002296612 -0.007764501
0.002298212 -0.008470365
0.002299812 -0.008235077
0.002301412 -0.008705653
0.002303012 -0.008705653
0.002304612 -0.009411517
0.002306212 -0.009646805
0.002307812 -0.008940941
0.002309412 -0.008940941
0.002311012 -0.009176229
0.002312612 -0.008470365
0.002314212 -0.008705653
0.002315812 -0.008705653
0.002317412 -0.008705653
0.002319012 -0.008470365
0.002320612 -0.008705653
0.002322212 -0.008470365
0.002323812 -0.009176229
0.002325412 -0.009882093
0.002327012 -0.01035267
0.002328612 -0.01082324
0.002330212 -0.01105853
0.002331812 -0.0117644
0.002333412 -0.01247026
0.002335012 -0.01294084
0.002336612 -0.01341141
0.002338212 -0.01435256
0.002339812 -0.01458785
0.002341412 -0.01458785
0.002343012 -0.015529
0.002344612 -0.01576429
0.002346212 -0.01576429
0.002347812 -0.015529
0.002349412 -0.015529
0.002351012 -0.01576429
0.002352612 -0.01623487
0.002354212 -0.01647015
0.002355812 -0.01670544
0.002357412 -0.01694073
0.002359012 -0.01694073
0.002360612 -0.01670544
0.002362212 -0.01694073
0.002363812 -0.01717602
0.002365412 -0.01599958
0.002367012 -0.01576429
0.002368612 -0.01576429
0.002370212 -0.01529371
0.002371812 -0.01458785
0.002373412 -0.01388199
0.002375012 -0.01317612
0.002376612 -0.01294084
0.002378212 -0.01247026
0.002379812 -0.0117644
0.002381412 -0.01129382
0.002383012 -0.01058796
0.002384612 -0.01011738
0.002386212 -0.009411517
0.002387812 -0.008940941
0.002389412 -0.007764501
0.002391012 -0.007058638
0.002392612 -0.006117486
0.002394212 -0.00564691
0.002395812 -0.004941046
0.002397412 -0.00447047
0.002399012 -0.003764607
0.002400612 -0.003058743
0.002402212 -0.002823455
0.002403812 -0.002588167
0.002405412 -0.002117591
0.002407012 -0.001647015
0.002408612 -0.0009411517
0.002410212 0.0002352879
0.002411812 0.0004705758
0.002413412 0.0009411517
0.002415012 0.002117591
0.002416612 0.002117591
0.002418212 0.002588167
0.002419812 0.002117591
0.002421412 0.002352879
0.002423012 0.001882303
0.002424612 0.001411728
0.002426212 0.0002352879
0.002427812 -0.0009411517
0.002429412 -0.002117591
0.002431012 -0.003529319
0.002432612 -0.004705758
0.002434212 -0.006352774
0.002435812 -0.007293925
0.002437412 -0.008705653
0.002439012 -0.009411517
0.002440612 -0.01011738
0.002442212 -0.01035267
0.002443812 -0.01129382
0.002445412 -0.01105853
0.002447012 -0.01058796
0.002448612 -0.01035267
0.002450212 -0.009411517
0.002451812 -0.009176229
0.002453412 -0.008705653
0.002455012 -0.007764501
0.002456612 -0.006352774
0.002458212 -0.00564691
0.002459812 -0.00447047
0.002461412 -0.003999895
0.002463012 -0.003529319
0.002464612 -0.002352879
0.002466212 -0.001647015
0.002467812 -0.0002352879
0.002469412 0.0007058638
0.002471012 0.002352879
0.002472612 0.003529319
0.002474212 0.004941046
0.002475812 0.006352774
0.002477412 0.007764501
0.002479012 0.008705653
0.002480612 0.008940941
0.002482212 0.01082324
0.002483812 0.01129382
0.002485412 0.01247026
0.002487012 0.01294084
0.002488612 0.01435256
0.002490212 0.01458785
0.002491812 0.01505843
0.002493412 0.01505843
0.002495012 0.015529
0.002496612 0.01576429
0.002498212 0.01576429
0.002499812 0.015529
0.002501412 0.01599958
0.002503012 0.01623487
0.002504612 0.01694073
0.002506212 0.01741131
0.002507812 0.01764659
0.002509412 0.01788188
0.002511012 0.01905832
0.002512612 0.01905832
0.002514212 0.01976419
0.002515812 0.01999947
0.002517412 0.02070534
0.002519012 0.02117591
0.002520612 0.02094062
0.002522212 0.02023476
0.002523812 0.02117591
0.002525412 0.02070534
0.002527012 0.0214112
0.002528612 0.02047005
0.002530212 0.02094062
0.002531812 0.02047005
0.002533412 0.02094062
0.002535012 0.0214112
0.002536612 0.02117591
0.002538212 0.02117591
0.002539812 0.02211706
0.002541412 0.02235235
0.002543012 0.02305822
0.002544612 0.02305822
0.002546212 0.02352879
0.002547812 0.02399937
0.002549412 0.02494052
0.002551012 0.02470523
0.002552612 0.02517581
0.002554212 0.02494052
0.002555812 0.02494052
0.002557412 0.02470523
0.002559012 0.02446994
0.002560612 0.02517581
0.002562212 0.02423466
0.002563812 0.02376408
0.002565412 0.02399937
0.002567012 0.02376408
0.002568612 0.02399937
0.002570212 0.02494052
0.002571812 0.02446994
0.002573412 0.02494052
0.002575012 0.02517581
0.002576612 0.0254111
0.002578212 0.02564638
0.002579812 0.02564638
0.002581412 0.02635225
0.002583012 0.02705811
0.002584612 0.0272934
0.002586212 0.02705811
0.002587812 0.02823455
0.002589412 0.02823455
0.002591012 0.02894041
0.002592612 0.02964628
0.002594212 0.02964628
0.002595812 0.03011685
0.002597412 0.03035214
0.002599012 0.03058743
0.002600612 0.03058743
0.002602212 0.03105801
0.002603812 0.03082272
0.002605412 0.03152858
0.002607012 0.03223444
0.002608612 0.03270502
0.002610212 0.03294031
0.002611812 0.03364617
0.002613412 0.03411675
0.002615012 0.03458732
0.002616612 0.03529319
0.002618212 0.03576376
0.002619812 0.03576376
0.002621412 0.03599905
0.002623012 0.03552848
0.002624612 0.0350579
0.002626212 0.03552848
0.002627812 0.0350579
0.002629412 0.03458732
0.002631012 0.03411675
0.002632612 0.03458732
0.002634212 0.03364617
0.002635812 0.0331756
0.002637412 0.0331756
0.002639012 0.03223444
0.002640612 0.03199916
0.002642212 0.03223444
0.002643812 0.03105801
0.002645412 0.03176387
0.002647012 0.03176387
0.002648612 0.03176387
0.002650212 0.03129329
0.002651812 0.03176387
0.002653412 0.03223444
0.002655012 0.03223444
0.002656612 0.03270502
0.002658212 0.0331756
0.002659812 0.0331756
0.002661412 0.03411675
0.002663012 0.03435204
0.002664612 0.0350579
0.002666212 0.03552848
0.002667812 0.0350579
0.002669412 0.03599905
0.002671012 0.03576376
0.002672612 0.03529319
0.002674212 0.03552848
0.002675812 0.03599905
0.002677412 0.03529319
0.002679012 0.03529319
0.002680612 0.03482261
0.002682212 0.03458732
0.002683812 0.03435204
0.002685412 0.03458732
0.002687012 0.03482261
0.002688612 0.03529319
0.002690212 0.03599905
0.002691812 0.03646963
0.002693412 0.03670492
0.002695012 0.03811664
0.002696612 0.03882251
0.002698212 0.03976366
0.002699812 0.0409401
0.002701412 0.04235183
0.002703012 0.04329298
0.002704612 0.04399884
0.002706212 0.0447047
0.002707812 0.04446942
0.002709412 0.04541057
0.002711012 0.04564586
0.002712612 0.04611643
0.002714212 0.04588114
0.002715812 0.04564586
0.002717412 0.04611643
0.002719012 0.04541057
0.002720612 0.04564586
0.002722212 0.04517528
0.002723812 0.04493999
0.002725412 0.04423413
0.002727012 0.04423413
0.002728612 0.04423413
0.002730212 0.04446942
0.002731812 0.04423413
0.002733412 0.04399884
0.002735012 0.04352826
0.002736612 0.04329298
0.002738212 0.04258711
0.002739812 0.04211654
0.002741412 0.04211654
0.002743012 0.04141067
0.002744612 0.04117539
0.002746212 0.03999895
0.002747812 0.03999895
0.002749412 0.03929308
0.002751012 0.03929308
0.002752612 0.03811664
0.002754212 0.03788135
0.002755812 0.03811664
0.002757412 0.03788135
0.002759012 0.03811664
0.002760612 0.03788135
0.002762212 0.03835193
0.002763812 0.03858722
0.002765412 0.03882251
0.002767012 0.03976366
0.002768612 0.03952837
0.002770212 0.03929308
0.002771812 0.04023423
0.002773412 0.03976366
0.002775012 0.04023423
0.002776612 0.03976366
0.002778212 0.04023423
0.002779812 0.03999895
0.002781412 0.03976366
0.002783012 0.03929308
0.002784612 0.03929308
0.002786212 0.03882251
0.002787812 0.03835193
0.002789412 0.03835193
0.002791012 0.03764607
0.002792612 0.03858722
0.002794212 0.03858722
0.002795812 0.03882251
0.002797412 0.03882251
0.002799012 0.03976366
0.002800612 0.04046952
0.002802212 0.04164596
0.002803812 0.04188125
0.002805412 0.04329298
0.002807012 0.04352826
0.002808612 0.04423413
0.002810212 0.04564586
0.002811812 0.04658701
0.002813412 0.0468223
0.002815012 0.04752816
0.002816612 0.04799874
0.002818212 0.04823402
0.002819812 0.04917517
0.002821412 0.0487046
0.002823012 0.0487046
0.002824612 0.0487046
0.002826212 0.04846931
0.002827812 0.04846931
0.002829412 0.04776345
0.002831012 0.04705758
0.002832612 0.04705758
0.002834212 0.04635172
0.002835812 0.04588114
0.002837412 0.04493999
0.002839012 0.04423413
0.002840612 0.04329298
0.002842212 0.04329298
0.002843812 0.04211654
0.002845412 0.04188125
0.002847012 0.03999895
0.002848612 0.03929308
0.002850212 0.03905779
0.002851812 0.03811664
0.002853412 0.03741078
0.002855012 0.0369402
0.002856612 0.03646963
0.002858212 0.03623434
0.002859812 0.03599905
0.002861412 0.03552848
0.002863012 0.0350579
0.002864612 0.03552848
0.002866212 0.03599905
0.002867812 0.03552848
0.002869412 0.03552848
0.002871012 0.03599905
0.002872612 0.03529319
0.002874212 0.03576376
0.002875812 0.03552848
0.002877412 0.03576376
0.002879012 0.03576376
0.002880612 0.03482261
0.002882212 0.03552848
0.002883812 0.03552848
0.002885412 0.03623434
0.002887012 0.03576376
0.002888612 0.03646963
0.002890212 0.03646963
0.002891812 0.03717549
0.002893412 0.03764607
0.002895012 0.03811664
0.002896612 0.03882251
0.002898212 0.03929308
0.002899812 0.03999895
0.002901412 0.04023423
0.002903012 0.04117539
0.002904612 0.04188125
0.002906212 0.04188125
0.002907812 0.04188125
0.002909412 0.04235183
0.002911012 0.04305769
0.002912612 0.04305769
0.002914212 0.0428224
0.002915812 0.04352826
0.002917412 0.04376355
0.002919012 0.04446942
0.002920612 0.04446942
0.002922212 0.04446942
0.002923812 0.04399884
0.002925412 0.04541057
0.002927012 0.04564586
0.002928612 0.04564586
0.002930212 0.04588114
0.002931812 0.04588114
0.002933412 0.04611643
0.002935012 0.04611643
0.002936612 0.04776345
0.002938212 0.0468223
0.002939812 0.04658701
0.002941412 0.04752816
0.002943012 0.04705758
0.002944612 0.04705758
0.002946212 0.0468223
0.002947812 0.04658701
0.002949412 0.0468223
0.002951012 0.04635172
0.002952612 0.04541057
0.002954212 0.04493999
0.002955812 0.04446942
0.002957412 0.04329298
0.002959012 0.04305769
0.002960612 0.04211654
0.002962212 0.0409401
0.002963812 0.04023423
0.002965412 0.03999895
0.002967012 0.03999895
0.002968612 0.03858722
0.002970212 0.03858722
0.002971812 0.03835193
0.002973412 0.03741078
0.002975012 0.03670492
0.002976612 0.03670492
0.002978212 0.03576376
0.002979812 0.03599905
0.002981412 0.03552848
0.002983012 0.0350579
0.002984612 0.03552848
0.002986212 0.03458732
0.002987812 0.03458732
0.002989412 0.03388146
0.002991012 0.03388146
0.002992612 0.03294031
0.002994212 0.03199916
0.002995812 0.03176387
0.002997412 0.03105801
0.002999012 0.03011685
0.003000612 0.03011685
0.003002212 0.03011685
0.003003812 0.02941099
0.003005412 0.02988157
0.003007012 0.02988157
0.003008612 0.03011685
0.003010212 0.02988157
0.003011812 0.03035214
0.003013412 0.03035214
0.003015012 0.03152858
0.003016612 0.03105801
0.003018212 0.03129329
0.003019812 0.03152858
0.003021412 0.03199916
0.003023012 0.03246973
0.003024612 0.03294031
0.003026212 0.03364617
0.003027812 0.03364617
0.003029412 0.03411675
0.003031012 0.03435204
0.003032612 0.03482261
0.003034212 0.03458732
0.003035812 0.03482261
0.003037412 0.0350579
0.003039012 0.03458732
0.003040612 0.03458732
0.003042212 0.03458732
0.003043812 0.03482261
0.003045412 0.03482261
0.003047012 0.03482261
0.003048612 0.03482261
0.003050212 0.03458732
0.003051812 0.03482261
0.003053412 0.03529319
0.003055012 0.03552848
0.003056612 0.03599905
0.003058212 0.03552848
0.003059812 0.03576376
0.003061412 0.03552848
0.003063012 0.03552848
0.003064612 0.03529319
0.003066212 0.03529319
0.003067812 0.03411675
0.003069412 0.03411675
0.003071012 0.03294031
0.003072612 0.03152858
0.003074212 0.03199916
0.003075812 0.03058743
0.003077412 0.02988157
0.003079012 0.0291757
0.003080612 0.02823455
0.003082212 0.02799926
0.003083812 0.0272934
0.003085412 0.02705811
0.003087012 0.02705811
0.003088612 0.02635225
0.003090212 0.02682282
0.003091812 0.02682282
0.003093412 0.0272934
0.003095012 0.0272934
0.003096612 0.02776397
0.003098212 0.02846984
0.003099812 0.02846984
0.003101412 0.02846984
0.003103012 0.02870513
0.003104612 0.02823455
0.003106212 0.02964628
0.003107812 0.02941099
0.003109412 0.0291757
0.003111012 0.02894041
0.003112612 0.0291757
0.003114212 0.02894041
0.003115812 0.02823455
0.003117412 0.0272934
0.003119012 0.02682282
0.003120612 0.02658753
0.003122212 0.02588167
0.003123812 0.02564638
0.003125412 0.02517581
0.003127012 0.02470523
0.003128612 0.02423466
0.003130212 0.02352879
0.003131812 0.02305822
0.003133412 0.02258764
0.003135012 0.02211706
0.003136612 0.0214112
0.003138212 0.02070534
0.003139812 0.02094062
0.003141412 0.01976419
0.003143012 0.01976419
0.003144612 0.0195289
0.003146212 0.01858775
0.003147812 0.01788188
0.003149412 0.01741131
0.003151012 0.01694073
0.003152612 0.01623487
0.003154212 0.01576429
0.003155812 0.01435256
0.003157412 0.0136467
0.003159012 0.01341141
0.003160612 0.01223497
0.003162212 0.01105853
0.003163812 0.01058796
0.003165412 0.009411517
0.003167012 0.009411517
0.003168612 0.007999789
0.003170212 0.007999789
0.003171812 0.007529213
0.003173412 0.007529213
0.003175012 0.006352774
0.003176612 0.00682335
0.003178212 0.006588062
0.003179812 0.006352774
0.003181412 0.005882198
0.003183012 0.005882198
0.003184612 0.005176334
0.003186212 0.005176334
0.003187812 0.004235183
0.003189412 0.004235183
0.003191012 0.004235183
0.003192612 0.003294031
0.003194212 0.002588167
0.003195812 0.001882303
0.003197412 0.0009411517
0.003199012 0.0002352879
0.003200612 -0.0007058638
0.003202212 -0.0009411517
0.003203812 -0.00117644
0.003205412 -0.001647015
0.003207012 -0.002117591
0.003208612 -0.002823455
0.003210212 -0.002823455
0.003211812 -0.003058743
0.003213412 -0.002823455
0.003215012 -0.003764607
0.003216612 -0.003529319
0.003218212 -0.00447047
0.003219812 -0.004705758
0.003221412 -0.005176334
0.003223012 -0.005411622
0.003224612 -0.005882198
0.003226212 -0.007293925
0.003227812 -0.007529213
0.003229412 -0.008940941
0.003231012 -0.009176229
0.003232612 -0.009882093
0.003234212 -0.01152911
0.003235812 -0.01152911
0.003237412 -0.01223497
0.003239012 -0.01341141
0.003240612 -0.01435256
0.003242212 -0.01529371
0.003243812 -0.015529
0.003245412 -0.01623487
0.003247012 -0.01741131
0.003248612 -0.01764659
0.003250212 -0.01835246
0.003251812 -0.01929361
0.003253412 -0.01976419
0.003255012 -0.02047005
0.003256612 -0.02094062
0.003258212 -0.02094062
0.003259812 -0.02235235
0.003261412 -0.02258764
0.003263012 -0.02282293
0.003264612 -0.02399937
0.003266212 -0.02399937
0.003267812 -0.02470523
0.003269412 -0.02517581
0.003271012 -0.02517581
0.003272612 -0.02588167
0.003274212 -0.02611696
0.003275812 -0.02611696
0.003277412 -0.02635225
0.003279012 -0.02682282
0.003280612 -0.02658753
0.003282212 -0.02705811
0.003283812 -0.02635225
0.003285412 -0.02658753
0.003287012 -0.02635225
0.003288612 -0.02611696
0.003290212 -0.02564638
0.003291812 -0.02588167
0.003293412 -0.02611696
0.003295012 -0.02635225
0.003296612 -0.02635225
0.003298212 -0.02658753
0.003299812 -0.02658753
0.003301412 -0.02752869
0.003303012 -0.02799926
0.003304612 -0.02823455
0.003306212 -0.02941099
0.003307812 -0.02964628
0.003309412 -0.02988157
0.003311012 -0.03058743
0.003312612 -0.03082272
0.003314212 -0.03129329
0.003315812 -0.03129329
0.003317412 -0.03223444
0.003319012 -0.03199916
0.003320612 -0.03223444
0.003322212 -0.03270502
0.003323812 -0.03270502
0.003325412 -0.03294031
0.003327012 -0.03294031
0.003328612 -0.03341088
0.003330212 -0.03294031
0.003331812 -0.03341088
0.003333412 -0.03435204
0.003335012 -0.03411675
0.003336612 -0.03458732
0.003338212 -0.03576376
0.003339812 -0.03576376
0.003341412 -0.03552848
0.003343012 -0.0369402
0.003344612 -0.03764607
0.003346212 -0.03788135
0.003347812 -0.03764607
0.003349412 -0.03764607
0.003351012 -0.03788135
0.003352612 -0.03858722
0.003354212 -0.03882251
0.003355812 -0.03929308
0.003357412 -0.03905779
0.003359012 -0.03905779
0.003360612 -0.03905779
0.003362212 -0.03905779
0.003363812 -0.03905779
0.003365412 -0.03929308
0.003367012 -0.03835193
0.003368612 -0.03858722
0.003370212 -0.03858722
0.003371812 -0.03858722
0.003373412 -0.03764607
0.003375012 -0.03717549
0.003376612 -0.03623434
0.003378212 -0.03599905
0.003379812 -0.03623434
0.003381412 -0.03552848
0.003383012 -0.0350579
0.003384612 -0.03435204
0.003386212 -0.03435204
0.003387812 -0.03388146
0.003389412 -0.03341088
0.003391012 -0.03388146
0.003392612 -0.03341088
0.003394212 -0.0331756
0.003395812 -0.0331756
0.003397412 -0.0331756
0.003399012 -0.03341088
0.003400612 -0.03411675
0.003402212 -0.03435204
0.003403812 -0.03388146
0.003405412 -0.03458732
0.003407012 -0.03482261
0.003408612 -0.03458732
0.003410212 -0.03482261
0.003411812 -0.03529319
0.003413412 -0.0350579
0.003415012 -0.03482261
0.003416612 -0.03529319
0.003418212 -0.0350579
0.003419812 -0.0350579
0.003421412 -0.03458732
0.003423012 -0.03529319
0.003424612 -0.03529319
0.003426212 -0.03529319
0.003427812 -0.03529319
0.003429412 -0.03529319
0.003431012 -0.03599905
0.003432612 -0.03576376
0.003434212 -0.03646963
0.003435812 -0.03646963
0.003437412 -0.03623434
0.003439012 -0.03670492
0.003440612 -0.03717549
0.003442212 -0.03717549
0.003443812 -0.03741078
0.003445412 -0.03788135
0.003447012 -0.03764607
0.003448612 -0.03764607
0.003450212 -0.03788135
0.003451812 -0.03858722
0.003453412 -0.03788135
0.003455012 -0.03835193
0.003456612 -0.03811664
0.003458212 -0.03858722
0.003459812 -0.03882251
0.003461412 -0.03952837
0.003463012 -0.04023423
0.003464612 -0.03976366
0.003466212 -0.04070481
0.003467812 -0.0409401
0.003469412 -0.04141067
0.003471012 -0.04164596
0.003472612 -0.04141067
0.003474212 -0.04188125
0.003475812 -0.04164596
0.003477412 -0.0409401
0.003479012 -0.0409401
0.003480612 -0.04046952
0.003482212 -0.04023423
0.003483812 -0.03929308
0.003485412 -0.03976366
0.003487012 -0.03929308
0.003488612 -0.03976366
0.003490212 -0.03905779
0.003491812 -0.03976366
0.003493412 -0.03952837
0.003495012 -0.03999895
0.003496612 -0.03952837
0.003498212 -0.03976366
0.003499812 -0.03952837
0.003501412 -0.04070481
0.003503012 -0.04023423
0.003504612 -0.0409401
0.003506212 -0.0409401
0.003507812 -0.04141067
0.003509412 -0.04117539
0.003511012 -0.04117539
0.003512612 -0.04188125
0.003514212 -0.04258711
0.003515812 -0.04258711
0.003517412 -0.04258711
0.003519012 -0.04305769
0.003520612 -0.04352826
0.003522212 -0.04352826
0.003523812 -0.04423413
0.003525412 -0.04446942
0.003527012 -0.04446942
0.003528612 -0.04541057
0.003530212 -0.04588114
0.003531812 -0.04541057
0.003533412 -0.04541057
0.003535012 -0.04611643
0.003536612 -0.04635172
0.003538212 -0.0468223
0.003539812 -0.0468223
0.003541412 -0.04705758
0.003543012 -0.04705758
0.003544612 -0.04658701
0.003546212 -0.04611643
0.003547812 -0.04658701
0.003549412 -0.04658701
0.003551012 -0.04658701
0.003552612 -0.04658701
0.003554212 -0.04658701
0.003555812 -0.04564586
0.003557412 -0.04611643
0.003559012 -0.04588114
0.003560612 -0.04564586
0.003562212 -0.04541057
0.003563812 -0.04517528
0.003565412 -0.04541057
0.003567012 -0.04588114
0.003568612 -0.04588114
0.003570212 -0.04611643
0.003571812 -0.04658701
0.003573412 -0.04611643
0.003575012 -0.0468223
0.003576612 -0.0468223
0.003578212 -0.04729287
0.003579812 -0.04752816
0.003581412 -0.04776345
0.003583012 -0.04729287
0.003584612 -0.04799874
0.003586212 -0.04893989
0.003587812 -0.04823402
0.003589412 -0.0487046
0.003591012 -0.04846931
0.003592612 -0.04846931
0.003594212 -0.04846931
0.003595812 -0.04823402
0.003597412 -0.04846931
0.003599012 -0.04776345
0.003600612 -0.04776345
0.003602212 -0.0468223
0.003603812 -0.0468223
0.003605412 -0.04658701
0.003607012 -0.04588114
0.003608612 -0.04564586
0.003610212 -0.04541057
0.003611812 -0.04517528
0.003613412 -0.0447047
0.003615012 -0.04446942
0.003616612 -0.04423413
0.003618212 -0.04399884
0.003619812 -0.04399884
0.003621412 -0.04399884
0.003623012 -0.04352826
0.003624612 -0.04399884
0.003626212 -0.04446942
0.003627812 -0.04446942
0.003629412 -0.0447047
0.003631012 -0.04517528
0.003632612 -0.04541057
0.003634212 -0.04517528
0.003635812 -0.04588114
0.003637412 -0.04588114
0.003639012 -0.04611643
0.003640612 -0.04611643
0.003642212 -0.04564586
0.003643812 -0.04517528
0.003645412 -0.0447047
0.003647012 -0.04446942
0.003648612 -0.04399884
0.003650212 -0.04399884
0.003651812 -0.04352826
0.003653412 -0.0428224
0.003655012 -0.0428224
0.003656612 -0.04258711
0.003658212 -0.04258711
0.003659812 -0.04235183
0.003661412 -0.04188125
0.003663012 -0.04235183
0.003664612 -0.04211654
0.003666212 -0.04117539
0.003667812 -0.04141067
0.003669412 -0.04117539
0.003671012 -0.04188125
0.003672612 -0.04141067
0.003674212 -0.04023423
0.003675812 -0.04023423
0.003677412 -0.03999895
0.003679012 -0.03976366
0.003680612 -0.03976366
0.003682212 -0.03882251
0.003683812 -0.03835193
0.003685412 -0.03788135
0.003687012 -0.03741078
0.003688612 -0.03741078
0.003690212 -0.0369402
0.003691812 -0.0369402
0.003693412 -0.0369402
0.003695012 -0.0369402
0.003696612 -0.03670492
0.003698212 -0.03646963
0.003699812 -0.03670492
0.003701412 -0.03670492
0.003703012 -0.03717549
0.003704612 -0.03670492
0.003706212 -0.0369402
0.003707812 -0.03717549
0.003709412 -0.0369402
0.003711012 -0.03717549
0.003712612 -0.03764607
0.003714212 -0.03764607
0.003715812 -0.03717549
0.003717412 -0.03741078
0.003719012 -0.03764607
0.003720612 -0.03717549
0.003722212 -0.03741078
0.003723812 -0.0369402
0.003725412 -0.03717549
0.003727012 -0.03717549
0.003728612 -0.03741078
0.003730212 -0.0369402
0.003731812 -0.03741078
0.003733412 -0.03717549
0.003735012 -0.03717549
0.003736612 -0.03764607
0.003738212 -0.03670492
0.003739812 -0.03623434
0.003741412 -0.03646963
0.003743012 -0.03623434
0.003744612 -0.03552848
0.003746212 -0.0350579
0.003747812 -0.03458732
0.003749412 -0.03388146
0.003751012 -0.03411675
0.003752612 -0.03341088
0.003754212 -0.03341088
0.003755812 -0.0331756
0.003757412 -0.0331756
0.003759012 -0.03246973
0.003760612 -0.03246973
0.003762212 -0.03246973
0.003763812 -0.03199916
0.003765412 -0.03176387
0.003767012 -0.03199916
0.003768612 -0.03152858
0.003770212 -0.03152858
0.003771812 -0.03129329
0.003773412 -0.03152858
0.003775012 -0.03082272
0.003776612 -0.03129329
0.003778212 -0.03082272
0.003779812 -0.03129329
0.003781412 -0.03082272
0.003783012 -0.03105801
0.003784612 -0.03058743
0.003786212 -0.03035214
0.003787812 -0.03082272
0.003789412 -0.03105801
0.003791012 -0.03129329
0.003792612 -0.03152858
0.003794212 -0.03105801
0.003795812 -0.03152858
0.003797412 -0.03199916
0.003799012 -0.03199916
0.003800612 -0.03152858
0.003802212 -0.03129329
0.003803812 -0.03082272
0.003805412 -0.03058743
0.003807012 -0.03011685
0.003808612 -0.02988157
0.003810212 -0.02894041
0.003811812 -0.02776397
0.003813412 -0.02658753
0.003815012 -0.02611696
0.003816612 -0.02564638
0.003818212 -0.02446994
0.003819812 -0.02446994
0.003821412 -0.02352879
0.003823012 -0.02352879
0.003824612 -0.02305822
0.003826212 -0.02258764
0.003827812 -0.02258764
0.003829412 -0.02305822
0.003831012 -0.02352879
0.003832612 -0.0232935
0.003834212 -0.02376408
0.003835812 -0.02399937
0.003837412 -0.02446994
0.003839012 -0.02399937
0.003840612 -0.02517581
0.003842212 -0.02494052
0.003843812 -0.02517581
0.003845412 -0.02588167
0.003847012 -0.02564638
0.003848612 -0.02658753
0.003850212 -0.02635225
0.003851812 -0.02682282
0.003853412 -0.02682282
0.003855012 -0.02752869
0.003856612 -0.02705811
0.003858212 -0.02776397
0.003859812 -0.02752869
0.003861412 -0.02705811
0.003863012 -0.02682282
0.003864612 -0.02776397
0.003866212 -0.02635225
0.003867812 -0.02588167
0.003869412 -0.02658753
0.003871012 -0.02588167
0.003872612 -0.0254111
0.003874212 -0.02517581
0.003875812 -0.02564638
0.003877412 -0.02470523
0.003879012 -0.02446994
0.003880612 -0.02376408
0.003882212 -0.02305822
0.003883812 -0.02305822
0.003885412 -0.02235235
0.003887012 -0.02188178
0.003888612 -0.02164649
0.003890212 -0.02094062
0.003891812 -0.01976419
0.003893412 -0.0195289
0.003895012 -0.01905832
0.003896612 -0.01811717
0.003898212 -0.01741131
0.003899812 -0.01647015
0.003901412 -0.01647015
0.003903012 -0.01482314
0.003904612 -0.01435256
0.003906212 -0.0136467
0.003907812 -0.01294084
0.003909412 -0.01199968
0.003911012 -0.01105853
0.003912612 -0.01058796
0.003914212 -0.009646805
0.003915812 -0.009411517
0.003917412 -0.008470365
0.003919012 -0.008235077
0.003920612 -0.007764501
0.003922212 -0.007293925
0.003923812 -0.006588062
0.003925412 -0.006588062
0.003927012 -0.005882198
0.003928612 -0.006352774
0.003930212 -0.005882198
0.003931812 -0.004941046
0.003933412 -0.004941046
0.003935012 -0.005411622
0.003936612 -0.004941046
0.003938212 -0.00447047
0.003939812 -0.003999895
0.003941412 -0.00447047
0.003943012 -0.003764607
0.003944612 -0.003294031
0.003946212 -0.003058743
0.003947812 -0.003058743
0.003949412 -0.002117591
0.003951012 -0.002352879
0.003952612 -0.002117591
0.003954212 -0.002117591
0.003955812 -0.002117591
0.003957412 -0.002117591
0.003959012 -0.002352879
0.003960612 -0.002352879
0.003962212 -0.002352879
0.003963812 -0.002352879
0.003965412 -0.001882303
0.003967012 -0.001411728
0.003968612 -0.001647015
0.003970212 -0.0009411517
0.003971812 -0.001411728
0.003973412 0
0.003975012 0.0002352879
0.003976612 0.0004705758
0.003978212 0.0007058638
0.003979812 0.001411728
0.003981412 0.001411728
0.003983012 0.002588167
0.003984612 0.003294031
0.003986212 0.003529319
0.003987812 0.004705758
0.003989412 0.00564691
0.003991012 0.006352774
0.003992612 0.00682335
0.003994212 0.007058638
0.003995812 0.007529213
0.003997412 0.009176229
0.003999012 0.009411517
0.004000612 0.01035267
0.004002212 0.01082324
0.004003812 0.01105853
0.004005412 0.01152911
0.004007012 0.01199968
0.004008612 0.0117644
0.004010212 0.01223497
0.004011812 0.0117644
0.004013412 0.01199968
0.004015012 0.01152911
0.004016612 0.01199968
0.004018212 0.01152911
0.004019812 0.01152911
0.004021412 0.01129382
0.004023012 0.01105853
0.004024612 0.01082324
0.004026212 0.01129382
0.004027812 0.01129382
0.004029412 0.0117644
0.004031012 0.01199968
0.004032612 0.01223497
0.004034212 0.01247026
0.004035812 0.01341141
0.004037412 0.01411728
0.004039012 0.01411728
0.004040612 0.01458785
0.004042212 0.01482314
0.004043812 0.01599958
0.004045412 0.01623487
0.004047012 0.01670544
0.004048612 0.01764659
0.004050212 0.01835246
0.004051812 0.01835246
0.004053412 0.01882303
0.004055012 0.01858775
0.004056612 0.01882303
0.004058212 0.01858775
0.004059812 0.01905832
0.004061412 0.01788188
0.004063012 0.01835246
0.004064612 0.01788188
0.004066212 0.01835246
0.004067812 0.01741131
0.004069412 0.01858775
0.004071012 0.01788188
0.004072612 0.01811717
0.004074212 0.01811717
0.004075812 0.01835246
0.004077412 0.01835246
0.004079012 0.01858775
0.004080612 0.01929361
0.004082212 0.0195289
0.004083812 0.02047005
0.004085412 0.02070534
0.004087012 0.02117591
0.004088612 0.02094062
0.004090212 0.0214112
0.004091812 0.02188178
0.004093412 0.02164649
0.004095012 0.02211706
0.004096612 0.02235235
0.004098212 0.02258764
0.004099812 0.02258764
0.004101412 0.02188178
0.004103012 0.02258764
0.004104612 0.02258764
0.004106212 0.02258764
0.004107812 0.02282293
0.004109412 0.02352879
0.004111012 0.0232935
0.004112612 0.02352879
0.004114212 0.02352879
0.004115812 0.02399937
0.004117412 0.02423466
0.004119012 0.02423466
0.004120612 0.02399937
0.004122212 0.02470523
0.004123812 0.02517581
0.004125412 0.0254111
0.004127012 0.02611696
0.004128612 0.02517581
0.004130212 0.02635225
0.004131812 0.02588167
0.004133412 0.0272934
0.004135012 0.02658753
0.004136612 0.02682282
0.004138212 0.02705811
0.004139812 0.0272934
0.004141412 0.0272934
0.004143012 0.02846984
0.004144612 0.02776397
0.004146212 0.02823455
0.004147812 0.02894041
0.004149412 0.02941099
0.004151012 0.02964628
0.004152612 0.02988157
0.004154212 0.03035214
0.004155812 0.03105801
0.004157412 0.03105801
0.004159012 0.03152858
0.004160612 0.03199916
0.004162212 0.03223444
0.004163812 0.03223444
0.004165412 0.0331756
0.004167012 0.03246973
0.004168612 0.03388146
0.004170212 0.0331756
0.004171812 0.0331756
0.004173412 0.03364617
0.004175012 0.03388146
0.004176612 0.03341088
0.004178212 0.03458732
0.004179812 0.03411675
0.004181412 0.03435204
0.004183012 0.03482261
0.004184612 0.03482261
0.004186212 0.03435204
0.004187812 0.03529319
0.004189412 0.03529319
0.004191012 0.03599905
0.004192612 0.03646963
0.004194212 0.0369402
0.004195812 0.03741078
0.004197412 0.03764607
0.004199012 0.03788135
0.004200612 0.03835193
