LECROYWS4024HD 19320 Waveform
Segments 1 SegmentSize 3127
Segment TrigTime TimeSinceSegment1
#1 15-May-2024 15:53:14 0                 
Time Ampl
-0.0008009114 -0.0002352879
-0.0007993114 -0.0002352879
-0.0007977114 -0.0007058638
-0.0007961114 -0.0002352879
-0.0007945114 -0.0004705758
-0.0007929114 -0.0007058638
-0.0007913114 -0.0002352879
-0.0007897114 -0.0002352879
-0.0007881114 -0.0004705758
-0.0007865114 -0.0002352879
-0.0007849114 -0.0002352879
-0.0007833114 -0.0009411517
-0.0007817114 -0.0004705758
-0.0007801114 -0.0004705758
-0.0007785114 -0.0004705758
-0.0007769114 -0.0004705758
-0.0007753114 -0.0002352879
-0.0007737114 -0.0004705758
-0.0007721114 -0.0002352879
-0.0007705114 -0.0002352879
-0.0007689114 -0.0004705758
-0.0007673114 0.0002352879
-0.0007657114 -0.0004705758
-0.0007641114 0
-0.0007625114 -0.0004705758
-0.0007609114 -0.0007058638
-0.0007593114 -0.0002352879
-0.0007577114 -0.0004705758
-0.0007561114 -0.0004705758
-0.0007545114 0
-0.0007529114 0
-0.0007513114 0
-0.0007497114 -0.0004705758
-0.0007481114 -0.0007058638
-0.0007465114 -0.0007058638
-0.0007449114 -0.0002352879
-0.0007433114 -0.0002352879
-0.0007417114 -0.0007058638
-0.0007401114 -0.0007058638
-0.0007385114 -0.0002352879
-0.0007369114 -0.0002352879
-0.0007353114 -0.0007058638
-0.0007337114 -0.0007058638
-0.0007321114 -0.0002352879
-0.0007305114 -0.0004705758
-0.0007289114 -0.0002352879
-0.0007273114 -0.0004705758
-0.0007257114 0
-0.0007241114 -0.0002352879
-0.0007225114 0
-0.0007209114 -0.0004705758
-0.0007193114 -0.0007058638
-0.0007177114 0
-0.0007161114 -0.0002352879
-0.0007145114 0
-0.0007129114 -0.0004705758
-0.0007113114 -0.0007058638
-0.0007097114 -0.0002352879
-0.0007081114 -0.0007058638
-0.0007065114 -0.0002352879
-0.0007049114 -0.0007058638
-0.0007033114 -0.0002352879
-0.0007017114 -0.0007058638
-0.0007001114 -0.0002352879
-0.0006985114 -0.0007058638
-0.0006969114 -0.0004705758
-0.0006953114 -0.0007058638
-0.0006937114 -0.0002352879
-0.0006921114 -0.0004705758
-0.0006905114 -0.0002352879
-0.0006889114 -0.0009411517
-0.0006873114 -0.0007058638
-0.0006857114 -0.0004705758
-0.0006841114 0
-0.0006825114 -0.0007058638
-0.0006809114 -0.0004705758
-0.0006793114 -0.0002352879
-0.0006777114 -0.0002352879
-0.0006761114 -0.0009411517
-0.0006745114 -0.0002352879
-0.0006729114 -0.0007058638
-0.0006713114 -0.0007058638
-0.0006697114 -0.0004705758
-0.0006681114 -0.0004705758
-0.0006665114 -0.0004705758
-0.0006649114 -0.0002352879
-0.0006633114 0
-0.0006617114 -0.0007058638
-0.0006601114 -0.0002352879
-0.0006585114 -0.0004705758
-0.0006569114 -0.0002352879
-0.0006553114 -0.0004705758
-0.0006537114 -0.0007058638
-0.0006521114 -0.0007058638
-0.0006505114 -0.0004705758
-0.0006489114 -0.0004705758
-0.0006473114 0
-0.0006457114 -0.0007058638
-0.0006441114 -0.0004705758
-0.0006425114 -0.0004705758
-0.0006409114 0.0002352879
-0.0006393114 -0.0004705758
-0.0006377114 -0.0002352879
-0.0006361114 -0.0002352879
-0.0006345114 -0.0007058638
-0.0006329114 -0.0004705758
-0.0006313114 -0.0004705758
-0.0006297114 -0.0002352879
-0.0006281114 -0.0004705758
-0.0006265114 -0.0002352879
-0.0006249114 0
-0.0006233114 -0.0002352879
-0.0006217114 -0.0002352879
-0.0006201114 -0.0007058638
-0.0006185114 -0.0004705758
-0.0006169114 -0.0002352879
-0.0006153114 -0.0002352879
-0.0006137114 -0.0007058638
-0.0006121114 -0.0007058638
-0.0006105114 -0.0002352879
-0.0006089114 -0.0004705758
-0.0006073114 -0.0004705758
-0.0006057114 -0.0002352879
-0.0006041114 -0.0002352879
-0.0006025114 0
-0.0006009114 -0.0007058638
-0.0005993114 -0.0004705758
-0.0005977114 -0.0007058638
-0.0005961114 -0.0007058638
-0.0005945114 0
-0.0005929114 -0.0004705758
-0.0005913114 -0.0002352879
-0.0005897114 -0.0002352879
-0.0005881114 0
-0.0005865114 -0.0004705758
-0.0005849114 -0.0002352879
-0.0005833114 -0.0004705758
-0.0005817114 -0.0002352879
-0.0005801114 -0.0004705758
-0.0005785114 -0.0007058638
-0.0005769114 -0.0004705758
-0.0005753114 -0.0004705758
-0.0005737114 -0.0004705758
-0.0005721114 0
-0.0005705114 -0.0002352879
-0.0005689114 -0.0004705758
-0.0005673114 -0.0002352879
-0.0005657114 -0.0002352879
-0.0005641114 -0.0004705758
-0.0005625114 -0.0004705758
-0.0005609114 -0.0002352879
-0.0005593114 0
-0.0005577114 -0.00117644
-0.0005561114 0
-0.0005545114 -0.0004705758
-0.0005529114 0
-0.0005513114 -0.0007058638
-0.0005497114 -0.0002352879
-0.0005481114 0
-0.0005465114 -0.0004705758
-0.0005449114 -0.0002352879
-0.0005433114 0
-0.0005417114 -0.0007058638
-0.0005401114 -0.0004705758
-0.0005385114 -0.0004705758
-0.0005369114 -0.0007058638
-0.0005353114 -0.0002352879
-0.0005337114 -0.0004705758
-0.0005321114 -0.0002352879
-0.0005305114 -0.0009411517
-0.0005289114 -0.0004705758
-0.0005273114 -0.0002352879
-0.0005257114 -0.0009411517
-0.0005241114 -0.0002352879
-0.0005225114 -0.0004705758
-0.0005209114 -0.0007058638
-0.0005193114 0
-0.0005177114 -0.0002352879
-0.0005161114 -0.0004705758
-0.0005145114 0
-0.0005129114 -0.0004705758
-0.0005113114 -0.0007058638
-0.0005097114 -0.0002352879
-0.0005081114 0
-0.0005065114 -0.0007058638
-0.0005049114 0.0002352879
-0.0005033114 -0.0007058638
-0.0005017114 -0.0007058638
-0.0005001114 -0.0004705758
-0.0004985114 0
-0.0004969114 -0.0004705758
-0.0004953114 -0.0002352879
-0.0004937114 -0.0002352879
-0.0004921114 -0.0002352879
-0.0004905114 0
-0.0004889114 0
-0.0004873114 -0.0002352879
-0.0004857114 -0.0004705758
-0.0004841114 -0.0002352879
-0.0004825114 -0.0009411517
-0.0004809114 0
-0.0004793114 0
-0.0004777114 -0.0004705758
-0.0004761114 0
-0.0004745114 -0.0004705758
-0.0004729114 0
-0.0004713114 -0.0007058638
-0.0004697114 -0.0009411517
-0.0004681114 0
-0.0004665114 -0.0002352879
-0.0004649114 -0.0002352879
-0.0004633114 -0.0002352879
-0.0004617114 -0.0007058638
-0.0004601114 -0.0004705758
-0.0004585114 -0.0004705758
-0.0004569114 0.0002352879
-0.0004553114 -0.0002352879
-0.0004537114 0
-0.0004521114 -0.0007058638
-0.0004505114 -0.0004705758
-0.0004489114 -0.0007058638
-0.0004473114 -0.0009411517
-0.0004457114 -0.0004705758
-0.0004441114 -0.0004705758
-0.0004425114 -0.0004705758
-0.0004409114 0.0002352879
-0.0004393114 -0.0002352879
-0.0004377114 -0.0004705758
-0.0004361114 -0.0007058638
-0.0004345114 -0.0002352879
-0.0004329114 -0.0009411517
-0.0004313114 -0.0002352879
-0.0004297114 -0.0002352879
-0.0004281114 0
-0.0004265114 -0.0007058638
-0.0004249114 0.0002352879
-0.0004233114 0.0002352879
-0.0004217114 -0.0002352879
-0.0004201114 -0.0007058638
-0.0004185114 0
-0.0004169114 -0.0002352879
-0.0004153114 -0.0002352879
-0.0004137114 0.0002352879
-0.0004121114 -0.0002352879
-0.0004105114 -0.0007058638
-0.0004089114 -0.0007058638
-0.0004073114 -0.0004705758
-0.0004057114 -0.0002352879
-0.0004041114 -0.0004705758
-0.0004025114 0
-0.0004009114 0.0002352879
-0.0003993114 -0.0004705758
-0.0003977114 0
-0.0003961114 0.0002352879
-0.0003945114 -0.0002352879
-0.0003929114 -0.0004705758
-0.0003913114 -0.0002352879
-0.0003897114 -0.0002352879
-0.0003881114 -0.0002352879
-0.0003865114 -0.0007058638
-0.0003849114 -0.0007058638
-0.0003833114 -0.0004705758
-0.0003817114 -0.0004705758
-0.0003801114 -0.0004705758
-0.0003785114 -0.0002352879
-0.0003769114 0
-0.0003753114 -0.0002352879
-0.0003737114 -0.0004705758
-0.0003721114 -0.0002352879
-0.0003705114 0
-0.0003689114 -0.0007058638
-0.0003673114 -0.0004705758
-0.0003657114 -0.0002352879
-0.0003641114 0
-0.0003625114 -0.0002352879
-0.0003609114 -0.0004705758
-0.0003593114 -0.0007058638
-0.0003577114 0
-0.0003561114 -0.0007058638
-0.0003545114 -0.0002352879
-0.0003529114 -0.0004705758
-0.0003513114 -0.0009411517
-0.0003497114 -0.0002352879
-0.0003481114 -0.0004705758
-0.0003465114 -0.0004705758
-0.0003449114 -0.0002352879
-0.0003433114 0
-0.0003417114 -0.0007058638
-0.0003401114 -0.0002352879
-0.0003385114 -0.0002352879
-0.0003369114 -0.0004705758
-0.0003353114 -0.0007058638
-0.0003337114 0
-0.0003321114 -0.0002352879
-0.0003305114 0
-0.0003289114 -0.0002352879
-0.0003273114 -0.0009411517
-0.0003257114 0
-0.0003241114 -0.0007058638
-0.0003225114 -0.0007058638
-0.0003209114 0
-0.0003193114 -0.0004705758
-0.0003177114 -0.0004705758
-0.0003161114 -0.0002352879
-0.0003145114 -0.0004705758
-0.0003129114 0.0002352879
-0.0003113114 -0.0002352879
-0.0003097114 -0.0007058638
-0.0003081114 -0.0004705758
-0.0003065114 -0.0004705758
-0.0003049114 -0.0004705758
-0.0003033114 -0.0004705758
-0.0003017114 0
-0.0003001114 0
-0.0002985114 0
-0.0002969114 -0.0004705758
-0.0002953114 0
-0.0002937114 -0.0007058638
-0.0002921114 -0.0002352879
-0.0002905114 -0.0002352879
-0.0002889114 0
-0.0002873114 0
-0.0002857114 -0.0002352879
-0.0002841114 0.0002352879
-0.0002825114 -0.0002352879
-0.0002809114 -0.0004705758
-0.0002793114 0
-0.0002777114 -0.0004705758
-0.0002761114 -0.0004705758
-0.0002745114 -0.0009411517
-0.0002729114 -0.0002352879
-0.0002713114 -0.0004705758
-0.0002697114 -0.0004705758
-0.0002681114 0
-0.0002665114 -0.0009411517
-0.0002649114 0
-0.0002633114 0
-0.0002617114 -0.0004705758
-0.0002601114 -0.0007058638
-0.0002585114 -0.0007058638
-0.0002569114 -0.0002352879
-0.0002553114 -0.0004705758
-0.0002537114 -0.0009411517
-0.0002521114 -0.0004705758
-0.0002505114 -0.0004705758
-0.0002489114 -0.0007058638
-0.0002473114 -0.0007058638
-0.0002457114 0
-0.0002441114 -0.0007058638
-0.0002425114 0.0002352879
-0.0002409114 0.0004705758
-0.0002393114 -0.0004705758
-0.0002377114 -0.0009411517
-0.0002361114 -0.0002352879
-0.0002345114 -0.0002352879
-0.0002329114 0
-0.0002313114 -0.0002352879
-0.0002297114 -0.0002352879
-0.0002281114 0
-0.0002265114 -0.0004705758
-0.0002249114 0
-0.0002233114 0
-0.0002217114 0.0002352879
-0.0002201114 -0.0004705758
-0.0002185114 -0.0002352879
-0.0002169114 -0.0004705758
-0.0002153114 -0.0002352879
-0.0002137114 0
-0.0002121114 -0.0004705758
-0.0002105114 -0.0004705758
-0.0002089114 -0.0007058638
-0.0002073114 -0.0002352879
-0.0002057114 -0.0002352879
-0.0002041114 0
-0.0002025114 -0.0007058638
-0.0002009114 -0.0004705758
-0.0001993114 -0.0004705758
-0.0001977114 -0.0007058638
-0.0001961114 -0.0002352879
-0.0001945114 -0.0002352879
-0.0001929114 -0.0004705758
-0.0001913114 -0.0007058638
-0.0001897114 0
-0.0001881114 -0.0007058638
-0.0001865114 -0.0004705758
-0.0001849114 -0.0004705758
-0.0001833114 -0.0004705758
-0.0001817114 -0.0002352879
-0.0001801114 0
-0.0001785114 0
-0.0001769114 -0.0004705758
-0.0001753114 0.0002352879
-0.0001737114 -0.0004705758
-0.0001721114 -0.0004705758
-0.0001705114 -0.0009411517
-0.0001689114 -0.0004705758
-0.0001673114 -0.0002352879
-0.0001657114 -0.0004705758
-0.0001641114 -0.0002352879
-0.0001625114 0.0002352879
-0.0001609114 -0.0002352879
-0.0001593114 0
-0.0001577114 -0.0002352879
-0.0001561114 -0.0004705758
-0.0001545114 -0.0004705758
-0.0001529114 0
-0.0001513114 0
-0.0001497114 -0.0002352879
-0.0001481114 -0.0002352879
-0.0001465114 0
-0.0001449114 -0.0002352879
-0.0001433114 -0.0004705758
-0.0001417114 -0.0004705758
-0.0001401114 0
-0.0001385114 0
-0.0001369114 0.0004705758
-0.0001353114 0
-0.0001337114 -0.0002352879
-0.0001321114 0
-0.0001305114 0
-0.0001289114 -0.0004705758
-0.0001273114 -0.0002352879
-0.0001257114 -0.0002352879
-0.0001241114 0
-0.0001225114 0
-0.0001209114 0.0002352879
-0.0001193114 0
-0.0001177114 -0.0004705758
-0.0001161114 -0.0004705758
-0.0001145114 0
-0.0001129114 -0.0002352879
-0.0001113114 -0.0002352879
-0.0001097114 -0.0002352879
-0.0001081114 -0.0007058638
-0.0001065114 -0.0002352879
-0.0001049114 -0.0002352879
-0.0001033114 -0.0002352879
-0.0001017114 0
-0.0001001114 -0.0002352879
-9.85114e-005 -0.0002352879
-9.69114e-005 -0.0004705758
-9.53114e-005 -0.0004705758
-9.37114e-005 0
-9.21114e-005 -0.0007058638
-9.05114e-005 -0.0002352879
-8.89114e-005 -0.0004705758
-8.73114e-005 -0.0002352879
-8.57114e-005 0
-8.41114e-005 -0.0002352879
-8.25114e-005 -0.0002352879
-8.09114e-005 -0.0004705758
-7.93114e-005 -0.0009411517
-7.77114e-005 0.0002352879
-7.61114e-005 -0.0007058638
-7.45114e-005 -0.0007058638
-7.29114e-005 0
-7.13114e-005 -0.0002352879
-6.97114e-005 -0.0002352879
-6.81114e-005 -0.0002352879
-6.65114e-005 0
-6.49114e-005 -0.0004705758
-6.33114e-005 -0.0004705758
-6.17114e-005 0
-6.01114e-005 -0.0004705758
-5.85114e-005 -0.0004705758
-5.69114e-005 0.0002352879
-5.53114e-005 -0.0002352879
-5.37114e-005 -0.0002352879
-5.21114e-005 -0.0007058638
-5.05114e-005 -0.0002352879
-4.89114e-005 -0.0002352879
-4.73114e-005 0
-4.57114e-005 -0.0002352879
-4.41114e-005 0.0004705758
-4.25114e-005 0.0002352879
-4.09114e-005 0.0007058638
-3.93114e-005 0.0009411517
-3.77114e-005 0.0009411517
-3.61114e-005 -0.0007058638
-3.45114e-005 -0.001411728
-3.29114e-005 -0.002588167
-3.13114e-005 -0.003294031
-2.97114e-005 -0.00564691
-2.81114e-005 -0.009411517
-2.65114e-005 -0.01764659
-2.49114e-005 -0.02776397
-2.33114e-005 -0.03717549
-2.17114e-005 -0.04799874
-2.01114e-005 -0.05999842
-1.85114e-005 -0.0719981
-1.69114e-005 -0.08658595
-1.53114e-005 -0.102115
-1.37114e-005 -0.1157617
-1.21114e-005 -0.1289378
-1.05114e-005 -0.138114
-8.9114e-006 -0.1428198
-7.3114e-006 -0.1407022
-5.7114e-006 -0.1287025
-4.1114e-006 -0.1028208
-2.5114e-006 -0.06470418
-9.114e-007 -0.0232935
6.886e-007 0.01317612
2.2886e-006 0.03599905
3.8886e-006 0.04235183
5.4886e-006 0.03905779
7.0886e-006 0.03152858
8.6886e-006 0.02682282
1.02886e-005 0.02752869
1.18886e-005 0.03435204
1.34886e-005 0.04046952
1.50886e-005 0.04188125
1.66886e-005 0.03835193
1.82886e-005 0.02776397
1.98886e-005 0.01317612
2.14886e-005 -0.001411728
2.30886e-005 -0.01270555
2.46886e-005 -0.02117591
2.62886e-005 -0.02588167
2.78886e-005 -0.02988157
2.94886e-005 -0.03199916
3.10886e-005 -0.03011685
3.26886e-005 -0.02658753
3.42886e-005 -0.02235235
3.58886e-005 -0.01882303
3.74886e-005 -0.01670544
3.90886e-005 -0.01529371
4.06886e-005 -0.01105853
4.22886e-005 -0.003058743
4.38886e-005 0.005882198
4.54886e-005 0.01435256
4.70886e-005 0.01905832
4.86886e-005 0.01741131
5.02886e-005 0.0117644
5.18886e-005 0.00564691
5.34886e-005 0.00117644
5.50886e-005 -0.0007058638
5.66886e-005 -0.001411728
5.82886e-005 -0.0009411517
5.98886e-005 -0.002117591
6.14886e-005 -0.003058743
6.30886e-005 -0.007058638
6.46886e-005 -0.01223497
6.62886e-005 -0.01905832
6.78886e-005 -0.02799926
6.94886e-005 -0.03529319
7.10886e-005 -0.04117539
7.26886e-005 -0.04399884
7.42886e-005 -0.04329298
7.58886e-005 -0.0409401
7.74886e-005 -0.03670492
7.90886e-005 -0.03176387
8.06886e-005 -0.02752869
8.22886e-005 -0.02517581
8.38886e-005 -0.02399937
8.54886e-005 -0.02423466
8.70886e-005 -0.02399937
8.86886e-005 -0.02470523
9.02886e-005 -0.02658753
9.18886e-005 -0.02870513
9.34886e-005 -0.03082272
9.50886e-005 -0.03199916
9.66886e-005 -0.02964628
9.82886e-005 -0.02611696
9.98886e-005 -0.02164649
0.0001014886 -0.01717602
0.0001030886 -0.01435256
0.0001046886 -0.01247026
0.0001062886 -0.01152911
0.0001078886 -0.01105853
0.0001094886 -0.01105853
0.0001110886 -0.009882093
0.0001126886 -0.009176229
0.0001142886 -0.009411517
0.0001158886 -0.009411517
0.0001174886 -0.01058796
0.0001190886 -0.01129382
0.0001206886 -0.01199968
0.0001222886 -0.01270555
0.0001238886 -0.01411728
0.0001254886 -0.01458785
0.0001270886 -0.01529371
0.0001286886 -0.01505843
0.0001302886 -0.01411728
0.0001318886 -0.01341141
0.0001334886 -0.01270555
0.0001350886 -0.01270555
0.0001366886 -0.01317612
0.0001382886 -0.01247026
0.0001398886 -0.01199968
0.0001414886 -0.01129382
0.0001430886 -0.01129382
0.0001446886 -0.01247026
0.0001462886 -0.01411728
0.0001478886 -0.0136467
0.0001494886 -0.01270555
0.0001510886 -0.009411517
0.0001526886 -0.006588062
0.0001542886 -0.003764607
0.0001558886 -0.002117591
0.0001574886 -0.0004705758
0.0001590886 0.0002352879
0.0001606886 0.0007058638
0.0001622886 -0.0007058638
0.0001638886 -0.003529319
0.0001654886 -0.00682335
0.0001670886 -0.01082324
0.0001686886 -0.01341141
0.0001702886 -0.01505843
0.0001718886 -0.01576429
0.0001734886 -0.01647015
0.0001750886 -0.015529
0.0001766886 -0.0136467
0.0001782886 -0.01035267
0.0001798886 -0.007529213
0.0001814886 -0.004705758
0.0001830886 -0.003529319
0.0001846886 -0.003294031
0.0001862886 -0.002823455
0.0001878886 -0.004235183
0.0001894886 -0.005882198
0.0001910886 -0.007529213
0.0001926886 -0.009882093
0.0001942886 -0.01247026
0.0001958886 -0.01505843
0.0001974886 -0.01647015
0.0001990886 -0.01741131
0.0002006886 -0.01858775
0.0002022886 -0.0195289
0.0002038886 -0.01929361
0.0002054886 -0.01717602
0.0002070886 -0.015529
0.0002086886 -0.01294084
0.0002102886 -0.01035267
0.0002118886 -0.007293925
0.0002134886 -0.005176334
0.0002150886 -0.003764607
0.0002166886 -0.003764607
0.0002182886 -0.00447047
0.0002198886 -0.00682335
0.0002214886 -0.009176229
0.0002230886 -0.01247026
0.0002246886 -0.01341141
0.0002262886 -0.01505843
0.0002278886 -0.015529
0.0002294886 -0.01435256
0.0002310886 -0.01294084
0.0002326886 -0.01223497
0.0002342886 -0.01270555
0.0002358886 -0.01482314
0.0002374886 -0.01717602
0.0002390886 -0.01976419
0.0002406886 -0.02235235
0.0002422886 -0.02376408
0.0002438886 -0.02494052
0.0002454886 -0.02588167
0.0002470886 -0.02588167
0.0002486886 -0.02470523
0.0002502886 -0.02258764
0.0002518886 -0.02070534
0.0002534886 -0.01835246
0.0002550886 -0.01717602
0.0002566886 -0.01505843
0.0002582886 -0.01411728
0.0002598886 -0.01294084
0.0002614886 -0.01129382
0.0002630886 -0.009882093
0.0002646886 -0.009646805
0.0002662886 -0.01152911
0.0002678886 -0.01270555
0.0002694886 -0.01482314
0.0002710886 -0.01623487
0.0002726886 -0.01694073
0.0002742886 -0.01623487
0.0002758886 -0.01458785
0.0002774886 -0.01247026
0.0002790886 -0.01058796
0.0002806886 -0.008235077
0.0002822886 -0.006588062
0.0002838886 -0.005882198
0.0002854886 -0.006352774
0.0002870886 -0.007999789
0.0002886886 -0.01058796
0.0002902886 -0.01388199
0.0002918886 -0.01529371
0.0002934886 -0.01647015
0.0002950886 -0.01717602
0.0002966886 -0.01788188
0.0002982886 -0.01835246
0.0002998886 -0.01929361
0.0003014886 -0.02023476
0.0003030886 -0.02047005
0.0003046886 -0.0195289
0.0003062886 -0.01858775
0.0003078886 -0.01717602
0.0003094886 -0.01576429
0.0003110886 -0.01317612
0.0003126886 -0.01223497
0.0003142886 -0.01105853
0.0003158886 -0.01129382
0.0003174886 -0.01223497
0.0003190886 -0.0136467
0.0003206886 -0.01599958
0.0003222886 -0.01670544
0.0003238886 -0.01788188
0.0003254886 -0.01788188
0.0003270886 -0.01741131
0.0003286886 -0.01623487
0.0003302886 -0.01576429
0.0003318886 -0.01599958
0.0003334886 -0.01623487
0.0003350886 -0.01623487
0.0003366886 -0.01482314
0.0003382886 -0.0136467
0.0003398886 -0.01270555
0.0003414886 -0.01270555
0.0003430886 -0.01199968
0.0003446886 -0.01247026
0.0003462886 -0.01223497
0.0003478886 -0.01247026
0.0003494886 -0.01270555
0.0003510886 -0.01388199
0.0003526886 -0.01388199
0.0003542886 -0.01411728
0.0003558886 -0.01270555
0.0003574886 -0.01247026
0.0003590886 -0.01129382
0.0003606886 -0.01058796
0.0003622886 -0.01082324
0.0003638886 -0.01035267
0.0003654886 -0.009411517
0.0003670886 -0.008705653
0.0003686886 -0.008235077
0.0003702886 -0.00682335
0.0003718886 -0.005411622
0.0003734886 -0.004235183
0.0003750886 -0.002588167
0.0003766886 -0.001411728
0.0003782886 0
0.0003798886 -0.0004705758
0.0003814886 -0.0004705758
0.0003830886 -0.002352879
0.0003846886 -0.003294031
0.0003862886 -0.004941046
0.0003878886 -0.00564691
0.0003894886 -0.00564691
0.0003910886 -0.004941046
0.0003926886 -0.00447047
0.0003942886 -0.003294031
0.0003958886 -0.002352879
0.0003974886 -0.00117644
0.0003990886 0.0002352879
0.0004006886 0.002352879
0.0004022886 0.005176334
0.0004038886 0.007529213
0.0004054886 0.009411517
0.0004070886 0.01082324
0.0004086886 0.01199968
0.0004102886 0.01011738
0.0004118886 0.009411517
0.0004134886 0.007529213
0.0004150886 0.005411622
0.0004166886 0.002352879
0.0004182886 0.0004705758
0.0004198886 -0.001882303
0.0004214886 -0.004235183
0.0004230886 -0.005882198
0.0004246886 -0.007293925
0.0004262886 -0.008470365
0.0004278886 -0.01011738
0.0004294886 -0.01105853
0.0004310886 -0.0117644
0.0004326886 -0.01105853
0.0004342886 -0.009411517
0.0004358886 -0.007293925
0.0004374886 -0.004705758
0.0004390886 -0.001647015
0.0004406886 0.0009411517
0.0004422886 0.003999895
0.0004438886 0.007058638
0.0004454886 0.009411517
0.0004470886 0.01152911
0.0004486886 0.0117644
0.0004502886 0.01199968
0.0004518886 0.01011738
0.0004534886 0.009176229
0.0004550886 0.007529213
0.0004566886 0.005882198
0.0004582886 0.00447047
0.0004598886 0.003764607
0.0004614886 0.003294031
0.0004630886 0.003058743
0.0004646886 0.003294031
0.0004662886 0.003764607
0.0004678886 0.003764607
0.0004694886 0.005411622
0.0004710886 0.00564691
0.0004726886 0.006352774
0.0004742886 0.006588062
0.0004758886 0.006117486
0.0004774886 0.00564691
0.0004790886 0.005176334
0.0004806886 0.00564691
0.0004822886 0.00682335
0.0004838886 0.007529213
0.0004854886 0.008705653
0.0004870886 0.009411517
0.0004886886 0.01082324
0.0004902886 0.01082324
0.0004918886 0.01199968
0.0004934886 0.01082324
0.0004950886 0.01011738
0.0004966886 0.009176229
0.0004982886 0.007999789
0.0004998886 0.007529213
0.0005014886 0.006117486
0.0005030886 0.005411622
0.0005046886 0.00564691
0.0005062886 0.004941046
0.0005078886 0.004235183
0.0005094886 0.004705758
0.0005110886 0.004705758
0.0005126886 0.005176334
0.0005142886 0.00564691
0.0005158886 0.00564691
0.0005174886 0.006352774
0.0005190886 0.007293925
0.0005206886 0.007764501
0.0005222886 0.008940941
0.0005238886 0.009176229
0.0005254886 0.009176229
0.0005270886 0.009646805
0.0005286886 0.009646805
0.0005302886 0.009882093
0.0005318886 0.01082324
0.0005334886 0.01129382
0.0005350886 0.01223497
0.0005366886 0.01388199
0.0005382886 0.01482314
0.0005398886 0.01482314
0.0005414886 0.01341141
0.0005430886 0.0117644
0.0005446886 0.009882093
0.0005462886 0.008235077
0.0005478886 0.006117486
0.0005494886 0.004705758
0.0005510886 0.004941046
0.0005526886 0.004941046
0.0005542886 0.004941046
0.0005558886 0.006117486
0.0005574886 0.007529213
0.0005590886 0.008470365
0.0005606886 0.009411517
0.0005622886 0.01082324
0.0005638886 0.01152911
0.0005654886 0.01199968
0.0005670886 0.01270555
0.0005686886 0.01294084
0.0005702886 0.01247026
0.0005718886 0.01294084
0.0005734886 0.01247026
0.0005750886 0.01270555
0.0005766886 0.01199968
0.0005782886 0.01223497
0.0005798886 0.01247026
0.0005814886 0.01270555
0.0005830886 0.01247026
0.0005846886 0.01294084
0.0005862886 0.01223497
0.0005878886 0.01223497
0.0005894886 0.0117644
0.0005910886 0.01129382
0.0005926886 0.01082324
0.0005942886 0.01082324
0.0005958886 0.01011738
0.0005974886 0.009176229
0.0005990886 0.009176229
0.0006006886 0.008470365
0.0006022886 0.007999789
0.0006038886 0.008705653
0.0006054886 0.008940941
0.0006070886 0.009176229
0.0006086886 0.009411517
0.0006102886 0.01011738
0.0006118886 0.009646805
0.0006134886 0.008470365
0.0006150886 0.007293925
0.0006166886 0.006117486
0.0006182886 0.005411622
0.0006198886 0.003999895
0.0006214886 0.002588167
0.0006230886 0.0009411517
0.0006246886 -0.0002352879
0.0006262886 -0.001411728
0.0006278886 -0.003058743
0.0006294886 -0.003529319
0.0006310886 -0.004235183
0.0006326886 -0.005882198
0.0006342886 -0.005882198
0.0006358886 -0.006352774
0.0006374886 -0.006117486
0.0006390886 -0.005882198
0.0006406886 -0.004941046
0.0006422886 -0.003764607
0.0006438886 -0.002823455
0.0006454886 -0.001411728
0.0006470886 -0.0002352879
0.0006486886 0.001882303
0.0006502886 0.003058743
0.0006518886 0.003999895
0.0006534886 0.00447047
0.0006550886 0.004705758
0.0006566886 0.00447047
0.0006582886 0.003999895
0.0006598886 0.004235183
0.0006614886 0.00447047
0.0006630886 0.00564691
0.0006646886 0.006588062
0.0006662886 0.007764501
0.0006678886 0.008470365
0.0006694886 0.009176229
0.0006710886 0.009646805
0.0006726886 0.009646805
0.0006742886 0.01011738
0.0006758886 0.01011738
0.0006774886 0.01082324
0.0006790886 0.01082324
0.0006806886 0.01129382
0.0006822886 0.01152911
0.0006838886 0.01105853
0.0006854886 0.01129382
0.0006870886 0.0117644
0.0006886886 0.01105853
0.0006902886 0.01129382
0.0006918886 0.01199968
0.0006934886 0.01152911
0.0006950886 0.01152911
0.0006966886 0.01105853
0.0006982886 0.01105853
0.0006998886 0.01082324
0.0007014886 0.01082324
0.0007030886 0.01058796
0.0007046886 0.01058796
0.0007062886 0.009176229
0.0007078886 0.009646805
0.0007094886 0.009411517
0.0007110886 0.007999789
0.0007126886 0.006588062
0.0007142886 0.005411622
0.0007158886 0.002823455
0.0007174886 0.0002352879
0.0007190886 -0.001882303
0.0007206886 -0.002823455
0.0007222886 -0.005176334
0.0007238886 -0.00564691
0.0007254886 -0.006117486
0.0007270886 -0.005411622
0.0007286886 -0.004235183
0.0007302886 -0.002352879
0.0007318886 -0.0002352879
0.0007334886 0.001882303
0.0007350886 0.003764607
0.0007366886 0.005411622
0.0007382886 0.006588062
0.0007398886 0.00682335
0.0007414886 0.007058638
0.0007430886 0.007058638
0.0007446886 0.007764501
0.0007462886 0.008940941
0.0007478886 0.009176229
0.0007494886 0.01035267
0.0007510886 0.009882093
0.0007526886 0.01035267
0.0007542886 0.01105853
0.0007558886 0.0117644
0.0007574886 0.01223497
0.0007590886 0.01270555
0.0007606886 0.01247026
0.0007622886 0.01270555
0.0007638886 0.01199968
0.0007654886 0.01247026
0.0007670886 0.01341141
0.0007686886 0.01317612
0.0007702886 0.01411728
0.0007718886 0.01529371
0.0007734886 0.01670544
0.0007750886 0.01623487
0.0007766886 0.01717602
0.0007782886 0.01717602
0.0007798886 0.01764659
0.0007814886 0.01764659
0.0007830886 0.01788188
0.0007846886 0.01717602
0.0007862886 0.01647015
0.0007878886 0.01670544
0.0007894886 0.01764659
0.0007910886 0.01788188
0.0007926886 0.01741131
0.0007942886 0.01694073
0.0007958886 0.01576429
0.0007974886 0.01411728
0.0007990886 0.01223497
0.0008006886 0.01082324
0.0008022886 0.009646805
0.0008038886 0.007529213
0.0008054886 0.007058638
0.0008070886 0.006117486
0.0008086886 0.005882198
0.0008102886 0.004941046
0.0008118886 0.005411622
0.0008134886 0.006117486
0.0008150886 0.006352774
0.0008166886 0.00682335
0.0008182886 0.007293925
0.0008198886 0.007764501
0.0008214886 0.007764501
0.0008230886 0.007764501
0.0008246886 0.007999789
0.0008262886 0.007764501
0.0008278886 0.009176229
0.0008294886 0.01035267
0.0008310886 0.01223497
0.0008326886 0.01411728
0.0008342886 0.015529
0.0008358886 0.01694073
0.0008374886 0.01764659
0.0008390886 0.01764659
0.0008406886 0.01788188
0.0008422886 0.01717602
0.0008438886 0.01694073
0.0008454886 0.01647015
0.0008470886 0.01529371
0.0008486886 0.01411728
0.0008502886 0.01294084
0.0008518886 0.01223497
0.0008534886 0.01223497
0.0008550886 0.0117644
0.0008566886 0.01199968
0.0008582886 0.01152911
0.0008598886 0.01199968
0.0008614886 0.01199968
0.0008630886 0.01223497
0.0008646886 0.01152911
0.0008662886 0.01058796
0.0008678886 0.009646805
0.0008694886 0.008705653
0.0008710886 0.007764501
0.0008726886 0.007058638
0.0008742886 0.006352774
0.0008758886 0.005882198
0.0008774886 0.00564691
0.0008790886 0.005176334
0.0008806886 0.00447047
0.0008822886 0.00447047
0.0008838886 0.00447047
0.0008854886 0.004941046
0.0008870886 0.00447047
0.0008886886 0.004705758
0.0008902886 0.00447047
0.0008918886 0.003058743
0.0008934886 0.002117591
0.0008950886 0.001882303
0.0008966886 0.0009411517
0.0008982886 0.001411728
0.0008998886 0.00117644
0.0009014886 0.001647015
0.0009030886 0.0009411517
0.0009046886 0.0009411517
0.0009062886 0.001411728
0.0009078886 0.001882303
0.0009094886 0.002352879
0.0009110886 0.002117591
0.0009126886 0.002588167
0.0009142886 0.003764607
0.0009158886 0.004235183
0.0009174886 0.004941046
0.0009190886 0.005882198
0.0009206886 0.007058638
0.0009222886 0.008470365
0.0009238886 0.01058796
0.0009254886 0.01294084
0.0009270886 0.01458785
0.0009286886 0.01623487
0.0009302886 0.01858775
0.0009318886 0.01882303
0.0009334886 0.01929361
0.0009350886 0.01999947
0.0009366886 0.01905832
0.0009382886 0.01858775
0.0009398886 0.01717602
0.0009414886 0.015529
0.0009430886 0.01411728
0.0009446886 0.01199968
0.0009462886 0.01105853
0.0009478886 0.01035267
0.0009494886 0.008940941
0.0009510886 0.008705653
0.0009526886 0.007764501
0.0009542886 0.007058638
0.0009558886 0.00564691
0.0009574886 0.004235183
0.0009590886 0.002588167
0.0009606886 0.001882303
0.0009622886 0.0009411517
0.0009638886 0.0004705758
0.0009654886 0
0.0009670886 -0.001411728
0.0009686886 -0.002117591
0.0009702886 -0.002588167
0.0009718886 -0.003999895
0.0009734886 -0.003999895
0.0009750886 -0.00564691
0.0009766886 -0.006588062
0.0009782886 -0.007293925
0.0009798886 -0.007999789
0.0009814886 -0.008940941
0.0009830886 -0.008470365
0.0009846886 -0.008470365
0.0009862886 -0.007764501
0.0009878886 -0.006352774
0.0009894886 -0.004235183
0.0009910886 -0.002823455
0.0009926886 0
0.0009942886 0.002117591
0.0009958886 0.003294031
0.0009974886 0.00564691
0.0009990886 0.007058638
0.001000689 0.007764501
0.001002289 0.008235077
0.001003889 0.008705653
0.001005489 0.009411517
0.001007089 0.009882093
0.001008689 0.009882093
0.001010289 0.009882093
0.001011889 0.01035267
0.001013489 0.01129382
0.001015089 0.01152911
0.001016689 0.01152911
0.001018289 0.01223497
0.001019889 0.01247026
0.001021489 0.01223497
0.001023089 0.0117644
0.001024689 0.01105853
0.001026289 0.01035267
0.001027889 0.009176229
0.001029489 0.008470365
0.001031089 0.007529213
0.001032689 0.007529213
0.001034289 0.007529213
0.001035889 0.007529213
0.001037489 0.007764501
0.001039089 0.007999789
0.001040689 0.008235077
0.001042289 0.008235077
0.001043889 0.007999789
0.001045489 0.00682335
0.001047089 0.006352774
0.001048689 0.00564691
0.001050289 0.004235183
0.001051889 0.002823455
0.001053489 0.001411728
0.001055089 -0.00117644
0.001056689 -0.003294031
0.001058289 -0.005176334
0.001059889 -0.00564691
0.001061489 -0.006352774
0.001063089 -0.006588062
0.001064689 -0.007058638
0.001066289 -0.007529213
0.001067889 -0.007293925
0.001069489 -0.006588062
0.001071089 -0.006352774
0.001072689 -0.005411622
0.001074289 -0.00447047
0.001075889 -0.002823455
0.001077489 -0.001882303
0.001079089 -0.0004705758
0.001080689 0.002117591
0.001082289 0.004235183
0.001083889 0.006117486
0.001085489 0.007999789
0.001087089 0.009646805
0.001088689 0.01105853
0.001090289 0.01223497
0.001091889 0.01317612
0.001093489 0.01411728
0.001095089 0.01435256
0.001096689 0.01411728
0.001098289 0.01388199
0.001099889 0.01199968
0.001101489 0.01270555
0.001103089 0.01270555
0.001104689 0.01247026
0.001106289 0.01294084
0.001107889 0.0136467
0.001109489 0.01388199
0.001111089 0.01388199
0.001112689 0.0136467
0.001114289 0.0136467
0.001115889 0.01388199
0.001117489 0.01223497
0.001119089 0.01270555
0.001120689 0.01105853
0.001122289 0.01058796
0.001123889 0.009176229
0.001125489 0.008235077
0.001127089 0.007058638
0.001128689 0.006588062
0.001130289 0.00564691
0.001131889 0.005176334
0.001133489 0.004941046
0.001135089 0.004705758
0.001136689 0.004705758
0.001138289 0.004705758
0.001139889 0.003999895
0.001141489 0.003999895
0.001143089 0.003999895
0.001144689 0.003294031
0.001146289 0.003058743
0.001147889 0.003529319
0.001149489 0.002352879
0.001151089 0.003058743
0.001152689 0.003058743
0.001154289 0.003529319
0.001155889 0.003764607
0.001157489 0.004235183
0.001159089 0.005176334
0.001160689 0.00682335
0.001162289 0.007764501
0.001163889 0.009411517
0.001165489 0.01082324
0.001167089 0.01294084
0.001168689 0.01341141
0.001170289 0.01435256
0.001171889 0.01458785
0.001173489 0.01599958
0.001175089 0.01623487
0.001176689 0.01670544
0.001178289 0.01811717
0.001179889 0.01858775
0.001181489 0.01929361
0.001183089 0.01929361
0.001184689 0.01999947
0.001186289 0.02047005
0.001187889 0.02023476
0.001189489 0.02070534
0.001191089 0.02047005
0.001192689 0.02047005
0.001194289 0.0195289
0.001195889 0.01905832
0.001197489 0.01905832
0.001199089 0.0195289
0.001200689 0.01905832
0.001202289 0.01905832
0.001203889 0.01858775
0.001205489 0.01717602
0.001207089 0.01623487
0.001208689 0.01435256
0.001210289 0.01294084
0.001211889 0.01129382
0.001213489 0.009411517
0.001215089 0.008235077
0.001216689 0.007764501
0.001218289 0.006588062
0.001219889 0.006117486
0.001221489 0.00564691
0.001223089 0.005411622
0.001224689 0.005411622
0.001226289 0.004941046
0.001227889 0.005411622
0.001229489 0.00447047
0.001231089 0.003999895
0.001232689 0.003764607
0.001234289 0.003058743
0.001235889 0.002352879
0.001237489 0.002117591
0.001239089 0.001411728
0.001240689 0.0002352879
0.001242289 0.0007058638
0.001243889 0.0002352879
0.001245489 0.0007058638
0.001247089 0.0004705758
0.001248689 0.001647015
0.001250289 0.002117591
0.001251889 0.003058743
0.001253489 0.003999895
0.001255089 0.00447047
0.001256689 0.004941046
0.001258289 0.007058638
0.001259889 0.007764501
0.001261489 0.008940941
0.001263089 0.009882093
0.001264689 0.01011738
0.001266289 0.01011738
0.001267889 0.01011738
0.001269489 0.01035267
0.001271089 0.009646805
0.001272689 0.009882093
0.001274289 0.009882093
0.001275889 0.009646805
0.001277489 0.01058796
0.001279089 0.01152911
0.001280689 0.01105853
0.001282289 0.01152911
0.001283889 0.01199968
0.001285489 0.01247026
0.001287089 0.01294084
0.001288689 0.01270555
0.001290289 0.01270555
0.001291889 0.01294084
0.001293489 0.01223497
0.001295089 0.01223497
0.001296689 0.01152911
0.001298289 0.01152911
0.001299889 0.01152911
0.001301489 0.01129382
0.001303089 0.01129382
0.001304689 0.01082324
0.001306289 0.01129382
0.001307889 0.01082324
0.001309489 0.008940941
0.001311089 0.008940941
0.001312689 0.008470365
0.001314289 0.007764501
0.001315889 0.007529213
0.001317489 0.006352774
0.001319089 0.005882198
0.001320689 0.006117486
0.001322289 0.00564691
0.001323889 0.005411622
0.001325489 0.00564691
0.001327089 0.004941046
0.001328689 0.005411622
0.001330289 0.005411622
0.001331889 0.005882198
0.001333489 0.006117486
0.001335089 0.006352774
0.001336689 0.007058638
0.001338289 0.006588062
0.001339889 0.007058638
0.001341489 0.008940941
0.001343089 0.009176229
0.001344689 0.01011738
0.001346289 0.01082324
0.001347889 0.01129382
0.001349489 0.01199968
0.001351089 0.01223497
0.001352689 0.01199968
0.001354289 0.0117644
0.001355889 0.01058796
0.001357489 0.01035267
0.001359089 0.009882093
0.001360689 0.008940941
0.001362289 0.007999789
0.001363889 0.007293925
0.001365489 0.00682335
0.001367089 0.00682335
0.001368689 0.00682335
0.001370289 0.006588062
0.001371889 0.008470365
0.001373489 0.007999789
0.001375089 0.008940941
0.001376689 0.009411517
0.001378289 0.009411517
0.001379889 0.01011738
0.001381489 0.01011738
0.001383089 0.009411517
0.001384689 0.009176229
0.001386289 0.009176229
0.001387889 0.008470365
0.001389489 0.007764501
0.001391089 0.007764501
0.001392689 0.006588062
0.001394289 0.005882198
0.001395889 0.006352774
0.001397489 0.005176334
0.001399089 0.005411622
0.001400689 0.004941046
0.001402289 0.005411622
0.001403889 0.00564691
0.001405489 0.006588062
0.001407089 0.007058638
0.001408689 0.007529213
0.001410289 0.008940941
0.001411889 0.009646805
0.001413489 0.01058796
0.001415089 0.01152911
0.001416689 0.0117644
0.001418289 0.01270555
0.001419889 0.01294084
0.001421489 0.01317612
0.001423089 0.01341141
0.001424689 0.01388199
0.001426289 0.01388199
0.001427889 0.01411728
0.001429489 0.01435256
0.001431089 0.01435256
0.001432689 0.0136467
0.001434289 0.01341141
0.001435889 0.01294084
0.001437489 0.01317612
0.001439089 0.01294084
0.001440689 0.01270555
0.001442289 0.01270555
0.001443889 0.01270555
0.001445489 0.01199968
0.001447089 0.0117644
0.001448689 0.0117644
0.001450289 0.01152911
0.001451889 0.01105853
0.001453489 0.01082324
0.001455089 0.01082324
0.001456689 0.01035267
0.001458289 0.009882093
0.001459889 0.009411517
0.001461489 0.008940941
0.001463089 0.008705653
0.001464689 0.007764501
0.001466289 0.007764501
0.001467889 0.007058638
0.001469489 0.007293925
0.001471089 0.007293925
0.001472689 0.007764501
0.001474289 0.007999789
0.001475889 0.008470365
0.001477489 0.008940941
0.001479089 0.009176229
0.001480689 0.01035267
0.001482289 0.01035267
0.001483889 0.01035267
0.001485489 0.01035267
0.001487089 0.01105853
0.001488689 0.01058796
0.001490289 0.01035267
0.001491889 0.01035267
0.001493489 0.008940941
0.001495089 0.008940941
0.001496689 0.008940941
0.001498289 0.007999789
0.001499889 0.007999789
0.001501489 0.00682335
0.001503089 0.007058638
0.001504689 0.006117486
0.001506289 0.006117486
0.001507889 0.006117486
0.001509489 0.006352774
0.001511089 0.006117486
0.001512689 0.007529213
0.001514289 0.007058638
0.001515889 0.007293925
0.001517489 0.007764501
0.001519089 0.008470365
0.001520689 0.007999789
0.001522289 0.008235077
0.001523889 0.008235077
0.001525489 0.008705653
0.001527089 0.008940941
0.001528689 0.009411517
0.001530289 0.009411517
0.001531889 0.01011738
0.001533489 0.009411517
0.001535089 0.009411517
0.001536689 0.009176229
0.001538289 0.009882093
0.001539889 0.008940941
0.001541489 0.008470365
0.001543089 0.007293925
0.001544689 0.007058638
0.001546289 0.006117486
0.001547889 0.005176334
0.001549489 0.003764607
0.001551089 0.003058743
0.001552689 0.002823455
0.001554289 0.001647015
0.001555889 0.0009411517
0.001557489 0.0007058638
0.001559089 0.00117644
0.001560689 0.001882303
0.001562289 0.002588167
0.001563889 0.003294031
0.001565489 0.004235183
0.001567089 0.00447047
0.001568689 0.005411622
0.001570289 0.00564691
0.001571889 0.005411622
0.001573489 0.005176334
0.001575089 0.004705758
0.001576689 0.004705758
0.001578289 0.003999895
0.001579889 0.003999895
0.001581489 0.003294031
0.001583089 0.003058743
0.001584689 0.002823455
0.001586289 0.002117591
0.001587889 0.002117591
0.001589489 0.002117591
0.001591089 0.001882303
0.001592689 0.001411728
0.001594289 0.001647015
0.001595889 0.001882303
0.001597489 0.002117591
0.001599089 0.002352879
0.001600689 0.002352879
0.001602289 0.002823455
0.001603889 0.003058743
0.001605489 0.002588167
0.001607089 0.003529319
0.001608689 0.003764607
0.001610289 0.003999895
0.001611889 0.003764607
0.001613489 0.003999895
0.001615089 0.003529319
0.001616689 0.003999895
0.001618289 0.003529319
0.001619889 0.003294031
0.001621489 0.003058743
0.001623089 0.002352879
0.001624689 0.002352879
0.001626289 0.002117591
0.001627889 0.001411728
0.001629489 0.001647015
0.001631089 0.001882303
0.001632689 0.001647015
0.001634289 0.0007058638
0.001635889 0.001882303
0.001637489 0.00117644
0.001639089 0.00117644
0.001640689 0.0004705758
0.001642289 -0.0002352879
0.001643889 -0.0004705758
0.001645489 -0.001411728
0.001647089 -0.001647015
0.001648689 -0.001647015
0.001650289 -0.002352879
0.001651889 -0.001882303
0.001653489 -0.002352879
0.001655089 -0.002117591
0.001656689 -0.001647015
0.001658289 -0.0007058638
0.001659889 -0.0002352879
0.001661489 0.0002352879
0.001663089 0.001882303
0.001664689 0.002588167
0.001666289 0.003294031
0.001667889 0.005882198
0.001669489 0.006588062
0.001671089 0.008235077
0.001672689 0.008235077
0.001674289 0.009176229
0.001675889 0.009646805
0.001677489 0.009411517
0.001679089 0.01011738
0.001680689 0.009882093
0.001682289 0.009882093
0.001683889 0.009882093
0.001685489 0.009646805
0.001687089 0.008940941
0.001688689 0.007999789
0.001690289 0.007764501
0.001691889 0.007058638
0.001693489 0.006352774
0.001695089 0.005882198
0.001696689 0.005411622
0.001698289 0.00447047
0.001699889 0.004705758
0.001701489 0.004235183
0.001703089 0.003529319
0.001704689 0.003999895
0.001706289 0.003999895
0.001707889 0.003529319
0.001709489 0.003764607
0.001711089 0.003764607
0.001712689 0.003529319
0.001714289 0.002588167
0.001715889 0.002588167
0.001717489 0.001647015
0.001719089 0.00117644
0.001720689 0
0.001722289 -0.0004705758
0.001723889 -0.0009411517
0.001725489 -0.001647015
0.001727089 -0.002117591
0.001728689 -0.001411728
0.001730289 -0.001882303
0.001731889 -0.001647015
0.001733489 -0.0004705758
0.001735089 0.0007058638
0.001736689 0.001882303
0.001738289 0.002823455
0.001739889 0.003294031
0.001741489 0.003999895
0.001743089 0.00447047
0.001744689 0.004941046
0.001746289 0.005882198
0.001747889 0.006352774
0.001749489 0.007293925
0.001751089 0.007529213
0.001752689 0.007999789
0.001754289 0.008705653
0.001755889 0.009646805
0.001757489 0.009882093
0.001759089 0.01082324
0.001760689 0.01035267
0.001762289 0.01082324
0.001763889 0.01058796
0.001765489 0.009882093
0.001767089 0.009411517
0.001768689 0.007999789
0.001770289 0.007764501
0.001771889 0.007293925
0.001773489 0.00682335
0.001775089 0.006117486
0.001776689 0.006117486
0.001778289 0.006352774
0.001779889 0.006352774
0.001781489 0.006352774
0.001783089 0.005882198
0.001784689 0.005882198
0.001786289 0.005882198
0.001787889 0.00564691
0.001789489 0.00564691
0.001791089 0.005882198
0.001792689 0.005882198
0.001794289 0.005411622
0.001795889 0.005882198
0.001797489 0.005882198
0.001799089 0.006352774
0.001800689 0.006352774
0.001802289 0.006588062
0.001803889 0.006352774
0.001805489 0.005882198
0.001807089 0.006117486
0.001808689 0.006588062
0.001810289 0.006352774
0.001811889 0.006117486
0.001813489 0.006588062
0.001815089 0.007058638
0.001816689 0.007293925
0.001818289 0.007764501
0.001819889 0.009176229
0.001821489 0.009646805
0.001823089 0.01058796
0.001824689 0.01199968
0.001826289 0.01294084
0.001827889 0.01435256
0.001829489 0.01505843
0.001831089 0.01576429
0.001832689 0.01717602
0.001834289 0.01788188
0.001835889 0.01882303
0.001837489 0.01929361
0.001839089 0.0195289
0.001840689 0.01999947
0.001842289 0.01905832
0.001843889 0.01882303
0.001845489 0.01905832
0.001847089 0.01811717
0.001848689 0.01717602
0.001850289 0.01670544
0.001851889 0.01576429
0.001853489 0.01505843
0.001855089 0.01388199
0.001856689 0.01317612
0.001858289 0.0117644
0.001859889 0.01247026
0.001861489 0.01129382
0.001863089 0.01082324
0.001864689 0.01082324
0.001866289 0.01082324
0.001867889 0.01058796
0.001869489 0.01058796
0.001871089 0.01011738
0.001872689 0.009882093
0.001874289 0.009411517
0.001875889 0.009646805
0.001877489 0.008940941
0.001879089 0.009176229
0.001880689 0.008705653
0.001882289 0.008470365
0.001883889 0.007764501
0.001885489 0.007999789
0.001887089 0.007529213
0.001888689 0.007293925
0.001890289 0.007999789
0.001891889 0.008470365
0.001893489 0.007764501
0.001895089 0.008235077
0.001896689 0.008940941
0.001898289 0.008940941
0.001899889 0.009411517
0.001901489 0.009411517
0.001903089 0.009882093
0.001904689 0.01129382
0.001906289 0.01105853
0.001907889 0.01152911
0.001909489 0.01223497
0.001911089 0.01199968
0.001912689 0.01199968
0.001914289 0.01223497
0.001915889 0.01223497
0.001917489 0.01223497
0.001919089 0.01294084
0.001920689 0.01247026
0.001922289 0.01223497
0.001923889 0.01270555
0.001925489 0.0136467
0.001927089 0.0136467
0.001928689 0.0136467
0.001930289 0.01458785
0.001931889 0.015529
0.001933489 0.01576429
0.001935089 0.01694073
0.001936689 0.01717602
0.001938289 0.01741131
0.001939889 0.01858775
0.001941489 0.01835246
0.001943089 0.01858775
0.001944689 0.01882303
0.001946289 0.01764659
0.001947889 0.01764659
0.001949489 0.01717602
0.001951089 0.01670544
0.001952689 0.015529
0.001954289 0.0136467
0.001955889 0.0136467
0.001957489 0.01270555
0.001959089 0.01199968
0.001960689 0.01152911
0.001962289 0.01105853
0.001963889 0.009646805
0.001965489 0.009882093
0.001967089 0.009176229
0.001968689 0.008235077
0.001970289 0.008470365
0.001971889 0.008470365
0.001973489 0.007764501
0.001975089 0.007293925
0.001976689 0.007293925
0.001978289 0.007293925
0.001979889 0.007293925
0.001981489 0.007058638
0.001983089 0.007529213
0.001984689 0.007293925
0.001986289 0.007764501
0.001987889 0.007999789
0.001989489 0.008235077
0.001991089 0.008940941
0.001992689 0.009176229
0.001994289 0.009646805
0.001995889 0.01035267
0.001997489 0.01105853
0.001999089 0.01129382
0.002000689 0.01199968
0.002002289 0.01317612
0.002003889 0.0136467
0.002005489 0.01505843
0.002007089 0.01529371
0.002008689 0.01599958
0.002010289 0.01647015
0.002011889 0.01670544
0.002013489 0.01717602
0.002015089 0.01694073
0.002016689 0.01599958
0.002018289 0.01599958
0.002019889 0.01505843
0.002021489 0.01435256
0.002023089 0.0136467
0.002024689 0.0136467
0.002026289 0.01294084
0.002027889 0.01270555
0.002029489 0.01247026
0.002031089 0.01223497
0.002032689 0.01199968
0.002034289 0.01152911
0.002035889 0.01105853
0.002037489 0.01058796
0.002039089 0.009882093
0.002040689 0.009176229
0.002042289 0.008940941
0.002043889 0.008705653
0.002045489 0.007764501
0.002047089 0.007529213
0.002048689 0.00682335
0.002050289 0.007058638
0.002051889 0.00564691
0.002053489 0.005411622
0.002055089 0.005176334
0.002056689 0.00447047
0.002058289 0.004705758
0.002059889 0.003999895
0.002061489 0.004235183
0.002063089 0.003529319
0.002064689 0.003529319
0.002066289 0.00447047
0.002067889 0.00447047
0.002069489 0.005176334
0.002071089 0.00564691
0.002072689 0.006588062
0.002074289 0.007529213
0.002075889 0.007764501
0.002077489 0.008705653
0.002079089 0.008940941
0.002080689 0.009176229
0.002082289 0.01058796
0.002083889 0.01082324
0.002085489 0.01129382
0.002087089 0.01129382
0.002088689 0.01152911
0.002090289 0.0117644
0.002091889 0.01129382
0.002093489 0.01105853
0.002095089 0.01105853
0.002096689 0.01082324
0.002098289 0.01058796
0.002099889 0.01082324
0.002101489 0.01082324
0.002103089 0.01035267
0.002104689 0.009882093
0.002106289 0.009411517
0.002107889 0.008705653
0.002109489 0.008940941
0.002111089 0.008705653
0.002112689 0.008235077
0.002114289 0.007999789
0.002115889 0.007764501
0.002117489 0.006588062
0.002119089 0.006352774
0.002120689 0.005411622
0.002122289 0.005176334
0.002123889 0.004235183
0.002125489 0.003529319
0.002127089 0.002588167
0.002128689 0.001647015
0.002130289 0.0009411517
0.002131889 0.0007058638
0.002133489 0.0007058638
0.002135089 0.0002352879
0.002136689 -0.0002352879
0.002138289 -0.0004705758
0.002139889 -0.0007058638
0.002141489 -0.0004705758
0.002143089 -0.0007058638
0.002144689 -0.0002352879
0.002146289 0
0.002147889 -0.0002352879
0.002149489 -0.001411728
0.002151089 0
0.002152689 -0.0007058638
0.002154289 0
0.002155889 -0.0002352879
0.002157489 0.0004705758
0.002159089 0.00117644
0.002160689 0.001882303
0.002162289 0.001647015
0.002163889 0.002117591
0.002165489 0.002823455
0.002167089 0.003764607
0.002168689 0.003999895
0.002170289 0.00447047
0.002171889 0.004235183
0.002173489 0.004941046
0.002175089 0.004705758
0.002176689 0.004705758
0.002178289 0.004235183
0.002179889 0.004705758
0.002181489 0.003999895
0.002183089 0.003999895
0.002184689 0.004235183
0.002186289 0.004235183
0.002187889 0.004235183
0.002189489 0.004235183
0.002191089 0.004235183
0.002192689 0.00447047
0.002194289 0.004705758
0.002195889 0.004235183
0.002197489 0.004235183
0.002199089 0.003999895
0.002200689 0.003999895
0.002202289 0.002823455
0.002203889 0.002588167
0.002205489 0.002588167
0.002207089 0.001647015
0.002208689 0.0009411517
0.002210289 0
0.002211889 0.0002352879
0.002213489 -0.0007058638
0.002215089 -0.001411728
0.002216689 -0.001882303
0.002218289 -0.001882303
0.002219889 -0.002588167
0.002221489 -0.002823455
0.002223089 -0.003764607
0.002224689 -0.003294031
0.002226289 -0.003764607
0.002227889 -0.004235183
0.002229489 -0.003999895
0.002231089 -0.003999895
0.002232689 -0.004235183
0.002234289 -0.00447047
0.002235889 -0.004705758
0.002237489 -0.004705758
0.002239089 -0.00447047
0.002240689 -0.00447047
0.002242289 -0.004235183
0.002243889 -0.005176334
0.002245489 -0.004705758
0.002247089 -0.004941046
0.002248689 -0.004941046
0.002250289 -0.004705758
0.002251889 -0.005411622
0.002253489 -0.005176334
0.002255089 -0.005882198
0.002256689 -0.006117486
0.002258289 -0.00682335
0.002259889 -0.006352774
0.002261489 -0.00682335
0.002263089 -0.00682335
0.002264689 -0.007293925
0.002266289 -0.007058638
0.002267889 -0.00682335
0.002269489 -0.007293925
0.002271089 -0.007293925
0.002272689 -0.007058638
0.002274289 -0.006352774
0.002275889 -0.007293925
0.002277489 -0.00682335
0.002279089 -0.007293925
0.002280689 -0.007293925
0.002282289 -0.007058638
0.002283889 -0.007999789
0.002285489 -0.008470365
0.002287089 -0.009176229
0.002288689 -0.009882093
0.002290289 -0.01058796
0.002291889 -0.01152911
0.002293489 -0.01199968
0.002295089 -0.01341141
0.002296689 -0.01435256
0.002298289 -0.01435256
0.002299889 -0.01576429
0.002301489 -0.01670544
0.002303089 -0.01694073
0.002304689 -0.01741131
0.002306289 -0.01717602
0.002307889 -0.01741131
0.002309489 -0.01811717
0.002311089 -0.01811717
0.002312689 -0.01788188
0.002314289 -0.01811717
0.002315889 -0.01811717
0.002317489 -0.01811717
0.002319089 -0.01835246
0.002320689 -0.01905832
0.002322289 -0.01905832
0.002323889 -0.01858775
0.002325489 -0.0195289
0.002327089 -0.02023476
0.002328689 -0.01999947
0.002330289 -0.01999947
0.002331889 -0.01999947
0.002333489 -0.02023476
0.002335089 -0.02023476
0.002336689 -0.0195289
0.002338289 -0.01976419
0.002339889 -0.01905832
0.002341489 -0.01905832
0.002343089 -0.01858775
0.002344689 -0.01811717
0.002346289 -0.01764659
0.002347889 -0.01764659
0.002349489 -0.01717602
0.002351089 -0.01764659
0.002352689 -0.01741131
0.002354289 -0.01741131
0.002355889 -0.01717602
0.002357489 -0.01788188
0.002359089 -0.01788188
0.002360689 -0.01858775
0.002362289 -0.01858775
0.002363889 -0.01905832
0.002365489 -0.01976419
0.002367089 -0.02023476
0.002368689 -0.02023476
0.002370289 -0.02070534
0.002371889 -0.02117591
0.002373489 -0.0214112
0.002375089 -0.02164649
0.002376689 -0.02164649
0.002378289 -0.0214112
0.002379889 -0.02164649
0.002381489 -0.02188178
0.002383089 -0.02188178
0.002384689 -0.02164649
0.002386289 -0.02235235
0.002387889 -0.02235235
0.002389489 -0.02258764
0.002391089 -0.02164649
0.002392689 -0.02282293
0.002394289 -0.02305822
0.002395889 -0.02305822
0.002397489 -0.02399937
0.002399089 -0.02399937
0.002400689 -0.02423466
0.002402289 -0.02446994
0.002403889 -0.02470523
0.002405489 -0.02494052
0.002407089 -0.02494052
0.002408689 -0.02517581
0.002410289 -0.02470523
0.002411889 -0.02423466
0.002413489 -0.02470523
0.002415089 -0.02399937
0.002416689 -0.0232935
0.002418289 -0.02282293
0.002419889 -0.02282293
0.002421489 -0.02258764
0.002423089 -0.02164649
0.002424689 -0.02117591
0.002426289 -0.02094062
0.002427889 -0.02070534
0.002429489 -0.02094062
0.002431089 -0.02047005
0.002432689 -0.01999947
0.002434289 -0.01999947
0.002435889 -0.02023476
0.002437489 -0.02023476
0.002439089 -0.01999947
0.002440689 -0.01976419
0.002442289 -0.01976419
0.002443889 -0.01976419
0.002445489 -0.02023476
0.002447089 -0.02023476
0.002448689 -0.01976419
0.002450289 -0.01905832
0.002451889 -0.0195289
0.002453489 -0.01929361
0.002455089 -0.01905832
0.002456689 -0.01882303
0.002458289 -0.01811717
0.002459889 -0.01905832
0.002461489 -0.01811717
0.002463089 -0.01788188
0.002464689 -0.01741131
0.002466289 -0.01717602
0.002467889 -0.01764659
0.002469489 -0.01694073
0.002471089 -0.01717602
0.002472689 -0.01717602
0.002474289 -0.01741131
0.002475889 -0.01647015
0.002477489 -0.01670544
0.002479089 -0.01741131
0.002480689 -0.01717602
0.002482289 -0.01717602
0.002483889 -0.01670544
0.002485489 -0.01647015
0.002487089 -0.01670544
0.002488689 -0.01694073
0.002490289 -0.01670544
0.002491889 -0.01647015
0.002493489 -0.01741131
0.002495089 -0.01741131
0.002496689 -0.01764659
0.002498289 -0.01811717
0.002499889 -0.01858775
0.002501489 -0.01858775
0.002503089 -0.01905832
0.002504689 -0.01905832
0.002506289 -0.01905832
0.002507889 -0.0195289
0.002509489 -0.0195289
0.002511089 -0.01976419
0.002512689 -0.02023476
0.002514289 -0.01999947
0.002515889 -0.0195289
0.002517489 -0.01976419
0.002519089 -0.0195289
0.002520689 -0.0195289
0.002522289 -0.01929361
0.002523889 -0.0195289
0.002525489 -0.01905832
0.002527089 -0.01905832
0.002528689 -0.01929361
0.002530289 -0.01882303
0.002531889 -0.01811717
0.002533489 -0.01858775
0.002535089 -0.01882303
0.002536689 -0.01976419
0.002538289 -0.0195289
0.002539889 -0.01999947
0.002541489 -0.02047005
0.002543089 -0.02164649
0.002544689 -0.02164649
0.002546289 -0.02211706
0.002547889 -0.02211706
0.002549489 -0.02235235
0.002551089 -0.02188178
0.002552689 -0.02235235
0.002554289 -0.02211706
0.002555889 -0.02211706
0.002557489 -0.02188178
0.002559089 -0.02164649
0.002560689 -0.02047005
0.002562289 -0.02070534
0.002563889 -0.01976419
0.002565489 -0.01905832
0.002567089 -0.01858775
0.002568689 -0.01858775
0.002570289 -0.01811717
0.002571889 -0.01764659
0.002573489 -0.01694073
0.002575089 -0.01717602
0.002576689 -0.01694073
0.002578289 -0.01717602
0.002579889 -0.01741131
0.002581489 -0.01741131
0.002583089 -0.01764659
0.002584689 -0.01764659
0.002586289 -0.01835246
0.002587889 -0.01811717
0.002589489 -0.01858775
0.002591089 -0.01858775
0.002592689 -0.01905832
0.002594289 -0.01882303
0.002595889 -0.01858775
0.002597489 -0.01858775
0.002599089 -0.01882303
0.002600689 -0.01858775
0.002602289 -0.01835246
0.002603889 -0.01835246
0.002605489 -0.01835246
0.002607089 -0.01882303
0.002608689 -0.01929361
0.002610289 -0.01976419
0.002611889 -0.02023476
0.002613489 -0.02047005
0.002615089 -0.02117591
0.002616689 -0.02211706
0.002618289 -0.02164649
0.002619889 -0.02258764
0.002621489 -0.02305822
0.002623089 -0.02352879
0.002624689 -0.02446994
0.002626289 -0.02446994
0.002627889 -0.02446994
0.002629489 -0.02494052
0.002631089 -0.02470523
0.002632689 -0.02517581
0.002634289 -0.02494052
0.002635889 -0.02470523
0.002637489 -0.02470523
0.002639089 -0.02494052
0.002640689 -0.02517581
0.002642289 -0.02494052
0.002643889 -0.02446994
0.002645489 -0.02399937
0.002647089 -0.0232935
0.002648689 -0.02352879
0.002650289 -0.02258764
0.002651889 -0.02235235
0.002653489 -0.02188178
0.002655089 -0.02094062
0.002656689 -0.02047005
0.002658289 -0.01999947
0.002659889 -0.01882303
0.002661489 -0.01835246
0.002663089 -0.01835246
0.002664689 -0.01788188
0.002666289 -0.01717602
0.002667889 -0.01647015
0.002669489 -0.01599958
0.002671089 -0.01529371
0.002672689 -0.01482314
0.002674289 -0.01435256
0.002675889 -0.01458785
0.002677489 -0.01411728
0.002679089 -0.0136467
0.002680689 -0.01294084
0.002682289 -0.01270555
0.002683889 -0.01341141
0.002685489 -0.01270555
0.002687089 -0.01270555
0.002688689 -0.01270555
0.002690289 -0.01199968
0.002691889 -0.01223497
0.002693489 -0.01223497
0.002695089 -0.0117644
0.002696689 -0.01247026
0.002698289 -0.01199968
0.002699889 -0.0117644
0.002701489 -0.0117644
0.002703089 -0.01199968
0.002704689 -0.01152911
0.002706289 -0.01152911
0.002707889 -0.01082324
0.002709489 -0.01082324
0.002711089 -0.01035267
0.002712689 -0.009646805
0.002714289 -0.009882093
0.002715889 -0.01011738
0.002717489 -0.009882093
0.002719089 -0.009176229
0.002720689 -0.008940941
0.002722289 -0.009176229
0.002723889 -0.008940941
0.002725489 -0.008940941
0.002727089 -0.008940941
0.002728689 -0.009411517
0.002730289 -0.009646805
0.002731889 -0.009646805
0.002733489 -0.009411517
0.002735089 -0.009646805
0.002736689 -0.009176229
0.002738289 -0.009176229
0.002739889 -0.008940941
0.002741489 -0.008940941
0.002743089 -0.007999789
0.002744689 -0.007529213
0.002746289 -0.006588062
0.002747889 -0.006352774
0.002749489 -0.00564691
0.002751089 -0.005882198
0.002752689 -0.005176334
0.002754289 -0.004235183
0.002755889 -0.003764607
0.002757489 -0.003294031
0.002759089 -0.002352879
0.002760689 -0.002588167
0.002762289 -0.002117591
0.002763889 -0.002117591
0.002765489 -0.001411728
0.002767089 -0.001411728
0.002768689 -0.001882303
0.002770289 -0.002352879
0.002771889 -0.002352879
0.002773489 -0.002352879
0.002775089 -0.001882303
0.002776689 -0.003058743
0.002778289 -0.002823455
0.002779889 -0.003058743
0.002781489 -0.002588167
0.002783089 -0.003294031
0.002784689 -0.002823455
0.002786289 -0.002588167
0.002787889 -0.001882303
0.002789489 -0.002117591
0.002791089 -0.001411728
0.002792689 -0.0009411517
0.002794289 -0.0004705758
0.002795889 -0.0004705758
0.002797489 0.0002352879
0.002799089 0.0002352879
0.002800689 0.0004705758
0.002802289 0.0004705758
0.002803889 0.0004705758
0.002805489 0.0004705758
0.002807089 0.0007058638
0.002808689 0.0007058638
0.002810289 0
0.002811889 0.0004705758
0.002813489 0
0.002815089 0.0002352879
0.002816689 0.0002352879
0.002818289 0.0004705758
0.002819889 0.0009411517
0.002821489 0.001882303
0.002823089 0.002588167
0.002824689 0.002823455
0.002826289 0.003294031
0.002827889 0.003294031
0.002829489 0.003999895
0.002831089 0.00447047
0.002832689 0.004235183
0.002834289 0.003999895
0.002835889 0.00447047
0.002837489 0.003999895
0.002839089 0.003764607
0.002840689 0.003999895
0.002842289 0.003529319
0.002843889 0.003294031
0.002845489 0.002823455
0.002847089 0.002588167
0.002848689 0.002352879
0.002850289 0.002117591
0.002851889 0.001411728
0.002853489 0.0009411517
0.002855089 0.00117644
0.002856689 0.00117644
0.002858289 0.0009411517
0.002859889 0.0009411517
0.002861489 0.0007058638
0.002863089 0.00117644
0.002864689 0.001647015
0.002866289 0.001882303
0.002867889 0.001882303
0.002869489 0.002117591
0.002871089 0.002823455
0.002872689 0.002588167
0.002874289 0.002352879
0.002875889 0.002823455
0.002877489 0.002588167
0.002879089 0.002117591
0.002880689 0.001411728
0.002882289 0.001882303
0.002883889 0.001647015
0.002885489 0.001411728
0.002887089 0.0009411517
0.002888689 0.0007058638
0.002890289 0.0004705758
0.002891889 0.0009411517
0.002893489 0.001411728
0.002895089 0.00117644
0.002896689 0.001411728
0.002898289 0.002117591
0.002899889 0.002823455
0.002901489 0.003764607
0.002903089 0.003999895
0.002904689 0.005176334
0.002906289 0.00564691
0.002907889 0.006352774
0.002909489 0.007293925
0.002911089 0.007764501
0.002912689 0.007999789
0.002914289 0.008705653
0.002915889 0.009176229
0.002917489 0.008940941
0.002919089 0.009176229
0.002920689 0.009411517
0.002922289 0.009646805
0.002923889 0.009411517
0.002925489 0.009176229
0.002927089 0.008940941
0.002928689 0.008470365
0.002930289 0.007764501
0.002931889 0.007293925
0.002933489 0.007529213
0.002935089 0.00682335
0.002936689 0.006352774
0.002938289 0.005882198
0.002939889 0.006352774
0.002941489 0.005176334
0.002943089 0.004705758
0.002944689 0.004705758
0.002946289 0.003764607
0.002947889 0.003294031
0.002949489 0.002823455
0.002951089 0.002823455
0.002952689 0.002588167
0.002954289 0.002352879
0.002955889 0.001882303
0.002957489 0.002117591
0.002959089 0.001647015
0.002960689 0.001647015
0.002962289 0.00117644
0.002963889 0.002117591
0.002965489 0.002117591
0.002967089 0.002117591
0.002968689 0.002588167
0.002970289 0.002117591
0.002971889 0.002352879
0.002973489 0.003058743
0.002975089 0.002823455
0.002976689 0.003999895
0.002978289 0.003999895
0.002979889 0.004235183
0.002981489 0.004235183
0.002983089 0.004235183
0.002984689 0.004941046
0.002986289 0.00447047
0.002987889 0.005176334
0.002989489 0.004941046
0.002991089 0.004941046
0.002992689 0.005176334
0.002994289 0.00564691
0.002995889 0.004941046
0.002997489 0.005176334
0.002999089 0.005411622
0.003000689 0.004941046
0.003002289 0.004941046
0.003003889 0.004941046
0.003005489 0.004941046
0.003007089 0.005411622
0.003008689 0.005176334
0.003010289 0.004235183
0.003011889 0.00447047
0.003013489 0.004235183
0.003015089 0.004235183
0.003016689 0.00447047
0.003018289 0.004235183
0.003019889 0.004235183
0.003021489 0.003764607
0.003023089 0.004235183
0.003024689 0.00447047
0.003026289 0.004235183
0.003027889 0.00447047
0.003029489 0.004705758
0.003031089 0.005176334
0.003032689 0.004941046
0.003034289 0.005411622
0.003035889 0.005411622
0.003037489 0.005882198
0.003039089 0.005882198
0.003040689 0.005411622
0.003042289 0.005882198
0.003043889 0.00564691
0.003045489 0.00564691
0.003047089 0.005176334
0.003048689 0.005411622
0.003050289 0.005882198
0.003051889 0.005176334
0.003053489 0.005882198
0.003055089 0.005411622
0.003056689 0.005411622
0.003058289 0.005882198
0.003059889 0.005411622
0.003061489 0.006117486
0.003063089 0.006352774
0.003064689 0.006117486
0.003066289 0.00682335
0.003067889 0.007058638
0.003069489 0.007058638
0.003071089 0.007764501
0.003072689 0.008705653
0.003074289 0.009176229
0.003075889 0.009411517
0.003077489 0.009646805
0.003079089 0.01035267
0.003080689 0.01152911
0.003082289 0.01223497
0.003083889 0.01223497
0.003085489 0.0117644
0.003087089 0.01270555
0.003088689 0.01199968
0.003090289 0.01247026
0.003091889 0.01294084
0.003093489 0.01270555
0.003095089 0.01223497
0.003096689 0.01199968
0.003098289 0.01152911
0.003099889 0.01129382
0.003101489 0.01011738
0.003103089 0.01011738
0.003104689 0.009882093
0.003106289 0.009882093
0.003107889 0.009411517
0.003109489 0.009411517
0.003111089 0.008705653
0.003112689 0.008705653
0.003114289 0.007999789
0.003115889 0.007999789
0.003117489 0.007764501
0.003119089 0.007293925
0.003120689 0.007293925
0.003122289 0.007058638
0.003123889 0.007058638
0.003125489 0.006352774
0.003127089 0.007058638
0.003128689 0.007058638
0.003130289 0.007058638
0.003131889 0.007293925
0.003133489 0.007293925
0.003135089 0.007764501
0.003136689 0.007999789
0.003138289 0.008705653
0.003139889 0.007999789
0.003141489 0.008235077
0.003143089 0.008940941
0.003144689 0.008940941
0.003146289 0.009646805
0.003147889 0.009411517
0.003149489 0.01035267
0.003151089 0.01011738
0.003152689 0.01011738
0.003154289 0.01082324
0.003155889 0.01082324
0.003157489 0.01105853
0.003159089 0.01152911
0.003160689 0.01129382
0.003162289 0.01152911
0.003163889 0.01199968
0.003165489 0.01152911
0.003167089 0.01199968
0.003168689 0.01129382
0.003170289 0.01129382
0.003171889 0.01129382
0.003173489 0.01129382
0.003175089 0.01035267
0.003176689 0.01035267
0.003178289 0.01035267
0.003179889 0.009882093
0.003181489 0.009176229
0.003183089 0.008940941
0.003184689 0.008705653
0.003186289 0.008940941
0.003187889 0.009176229
0.003189489 0.008705653
0.003191089 0.009646805
0.003192689 0.008940941
0.003194289 0.009411517
0.003195889 0.009882093
0.003197489 0.009411517
0.003199089 0.009411517
0.003200689 0.009411517
0.003202289 0.009646805
0.003203889 0.009176229
0.003205489 0.009176229
0.003207089 0.009411517
0.003208689 0.009176229
0.003210289 0.008705653
0.003211889 0.009411517
0.003213489 0.009176229
0.003215089 0.008470365
0.003216689 0.008235077
0.003218289 0.008705653
0.003219889 0.008470365
0.003221489 0.008235077
0.003223089 0.007529213
0.003224689 0.007529213
0.003226289 0.006588062
0.003227889 0.005882198
0.003229489 0.005882198
0.003231089 0.00564691
0.003232689 0.005411622
0.003234289 0.005411622
0.003235889 0.005176334
0.003237489 0.003999895
0.003239089 0.00447047
0.003240689 0.004235183
0.003242289 0.003764607
0.003243889 0.004235183
0.003245489 0.003999895
0.003247089 0.003764607
0.003248689 0.003764607
0.003250289 0.00447047
0.003251889 0.00447047
0.003253489 0.004941046
0.003255089 0.005411622
0.003256689 0.005411622
0.003258289 0.006588062
0.003259889 0.006352774
0.003261489 0.006588062
0.003263089 0.006588062
0.003264689 0.007293925
0.003266289 0.007058638
0.003267889 0.00682335
0.003269489 0.006588062
0.003271089 0.006588062
0.003272689 0.005882198
0.003274289 0.00564691
0.003275889 0.004941046
0.003277489 0.004235183
0.003279089 0.004235183
0.003280689 0.003294031
0.003282289 0.003058743
0.003283889 0.002588167
0.003285489 0.001882303
0.003287089 0.00117644
0.003288689 0.001411728
0.003290289 0.0009411517
0.003291889 0.001411728
0.003293489 0.001411728
0.003295089 0.0009411517
0.003296689 0.0007058638
0.003298289 0.0007058638
0.003299889 0.0004705758
0.003301489 0.0004705758
0.003303089 0.0007058638
0.003304689 0.0004705758
0.003306289 0.0002352879
0.003307889 0.0002352879
0.003309489 0.0007058638
0.003311089 -0.0002352879
0.003312689 0
0.003314289 0
0.003315889 0.0002352879
0.003317489 0.0002352879
0.003319089 0.0004705758
0.003320689 -0.0002352879
0.003322289 0.0002352879
0.003323889 0.0007058638
0.003325489 0.0007058638
0.003327089 0.0002352879
0.003328689 0.0004705758
0.003330289 0.0007058638
0.003331889 0.0007058638
0.003333489 0.001882303
0.003335089 0.00117644
0.003336689 0.002352879
0.003338289 0.002117591
0.003339889 0.002352879
0.003341489 0.002352879
0.003343089 0.003294031
0.003344689 0.003764607
0.003346289 0.003999895
0.003347889 0.004235183
0.003349489 0.003999895
0.003351089 0.004235183
0.003352689 0.004705758
0.003354289 0.004705758
0.003355889 0.005176334
0.003357489 0.004705758
0.003359089 0.005411622
0.003360689 0.00564691
0.003362289 0.004941046
0.003363889 0.005176334
0.003365489 0.005411622
0.003367089 0.00564691
0.003368689 0.005411622
0.003370289 0.005176334
0.003371889 0.005411622
0.003373489 0.005411622
0.003375089 0.005176334
0.003376689 0.005176334
0.003378289 0.005411622
0.003379889 0.00447047
0.003381489 0.005176334
0.003383089 0.004705758
0.003384689 0.00564691
0.003386289 0.004941046
0.003387889 0.004941046
0.003389489 0.004941046
0.003391089 0.004705758
0.003392689 0.004705758
0.003394289 0.004235183
0.003395889 0.003999895
0.003397489 0.004941046
0.003399089 0.00447047
0.003400689 0.00447047
0.003402289 0.00447047
0.003403889 0.005176334
0.003405489 0.004941046
0.003407089 0.005176334
0.003408689 0.00564691
0.003410289 0.00564691
0.003411889 0.006117486
0.003413489 0.006352774
0.003415089 0.00682335
0.003416689 0.007764501
0.003418289 0.007764501
0.003419889 0.008470365
0.003421489 0.008940941
0.003423089 0.009176229
0.003424689 0.009646805
0.003426289 0.01058796
0.003427889 0.01152911
0.003429489 0.0117644
0.003431089 0.0117644
0.003432689 0.0117644
0.003434289 0.01270555
0.003435889 0.0136467
0.003437489 0.01341141
0.003439089 0.01317612
0.003440689 0.01317612
0.003442289 0.0136467
0.003443889 0.01294084
0.003445489 0.01270555
0.003447089 0.01294084
0.003448689 0.01294084
0.003450289 0.01199968
0.003451889 0.01199968
0.003453489 0.0117644
0.003455089 0.01082324
0.003456689 0.0117644
0.003458289 0.01105853
0.003459889 0.01105853
0.003461489 0.01082324
0.003463089 0.01058796
0.003464689 0.01035267
0.003466289 0.009882093
0.003467889 0.01011738
0.003469489 0.009646805
0.003471089 0.009411517
0.003472689 0.008705653
0.003474289 0.009176229
0.003475889 0.008705653
0.003477489 0.008705653
0.003479089 0.008235077
0.003480689 0.007999789
0.003482289 0.007999789
0.003483889 0.008235077
0.003485489 0.008705653
0.003487089 0.008705653
0.003488689 0.008235077
0.003490289 0.008235077
0.003491889 0.007999789
0.003493489 0.008940941
0.003495089 0.008940941
0.003496689 0.008940941
0.003498289 0.008705653
0.003499889 0.008470365
0.003501489 0.009411517
0.003503089 0.009176229
0.003504689 0.009411517
0.003506289 0.008705653
0.003507889 0.008940941
0.003509489 0.009176229
0.003511089 0.009176229
0.003512689 0.008940941
0.003514289 0.008705653
0.003515889 0.008940941
0.003517489 0.008940941
0.003519089 0.008940941
0.003520689 0.009176229
0.003522289 0.008235077
0.003523889 0.008940941
0.003525489 0.008470365
0.003527089 0.008235077
0.003528689 0.007764501
0.003530289 0.007764501
0.003531889 0.007529213
0.003533489 0.007293925
0.003535089 0.007058638
0.003536689 0.007058638
0.003538289 0.006588062
0.003539889 0.00682335
0.003541489 0.006588062
0.003543089 0.006352774
0.003544689 0.006117486
0.003546289 0.005882198
0.003547889 0.005882198
0.003549489 0.005882198
0.003551089 0.00564691
0.003552689 0.00564691
0.003554289 0.005176334
0.003555889 0.005176334
0.003557489 0.005411622
0.003559089 0.005176334
0.003560689 0.00447047
0.003562289 0.005176334
0.003563889 0.004705758
0.003565489 0.004941046
0.003567089 0.005411622
0.003568689 0.005176334
0.003570289 0.005882198
0.003571889 0.005411622
0.003573489 0.005411622
0.003575089 0.006117486
0.003576689 0.006352774
0.003578289 0.006117486
0.003579889 0.00564691
0.003581489 0.005411622
0.003583089 0.005882198
0.003584689 0.00564691
0.003586289 0.005411622
0.003587889 0.005176334
0.003589489 0.004941046
0.003591089 0.004705758
0.003592689 0.004941046
0.003594289 0.004235183
0.003595889 0.003999895
0.003597489 0.00447047
0.003599089 0.003529319
0.003600689 0.00447047
0.003602289 0.003294031
0.003603889 0.003999895
0.003605489 0.004235183
0.003607089 0.00447047
0.003608689 0.003999895
0.003610289 0.003999895
0.003611889 0.004235183
0.003613489 0.003294031
0.003615089 0.003529319
0.003616689 0.003529319
0.003618289 0.003294031
0.003619889 0.003529319
0.003621489 0.003529319
0.003623089 0.003058743
0.003624689 0.003058743
0.003626289 0.003294031
0.003627889 0.003058743
0.003629489 0.003294031
0.003631089 0.003294031
0.003632689 0.003529319
0.003634289 0.003529319
0.003635889 0.00447047
0.003637489 0.004235183
0.003639089 0.004235183
0.003640689 0.00447047
0.003642289 0.005176334
0.003643889 0.005176334
0.003645489 0.005411622
0.003647089 0.00564691
0.003648689 0.006117486
0.003650289 0.005882198
0.003651889 0.005882198
0.003653489 0.006588062
0.003655089 0.006352774
0.003656689 0.006588062
0.003658289 0.006117486
0.003659889 0.006352774
0.003661489 0.00682335
0.003663089 0.006588062
0.003664689 0.006117486
0.003666289 0.005882198
0.003667889 0.005882198
0.003669489 0.006352774
0.003671089 0.00564691
0.003672689 0.005882198
0.003674289 0.006352774
0.003675889 0.00564691
0.003677489 0.006352774
0.003679089 0.006588062
0.003680689 0.006352774
0.003682289 0.006588062
0.003683889 0.006117486
0.003685489 0.006588062
0.003687089 0.00682335
0.003688689 0.00682335
0.003690289 0.00682335
0.003691889 0.007058638
0.003693489 0.006117486
0.003695089 0.006588062
0.003696689 0.006352774
0.003698289 0.006117486
0.003699889 0.006352774
0.003701489 0.005882198
0.003703089 0.005882198
0.003704689 0.006117486
0.003706289 0.006588062
0.003707889 0.006117486
0.003709489 0.006588062
0.003711089 0.006588062
0.003712689 0.006588062
0.003714289 0.006588062
0.003715889 0.007058638
0.003717489 0.007058638
0.003719089 0.007293925
0.003720689 0.007764501
0.003722289 0.007293925
0.003723889 0.007999789
0.003725489 0.007764501
0.003727089 0.008470365
0.003728689 0.008235077
0.003730289 0.008470365
0.003731889 0.008705653
0.003733489 0.008705653
0.003735089 0.008940941
0.003736689 0.009411517
0.003738289 0.008705653
0.003739889 0.009411517
0.003741489 0.009646805
0.003743089 0.009411517
0.003744689 0.009646805
0.003746289 0.009646805
0.003747889 0.009646805
0.003749489 0.009646805
0.003751089 0.009882093
0.003752689 0.009882093
0.003754289 0.009646805
0.003755889 0.01011738
0.003757489 0.01035267
0.003759089 0.01105853
0.003760689 0.01011738
0.003762289 0.009646805
0.003763889 0.009646805
0.003765489 0.009411517
0.003767089 0.009176229
0.003768689 0.009646805
0.003770289 0.009176229
0.003771889 0.009176229
0.003773489 0.008235077
0.003775089 0.008470365
0.003776689 0.008705653
0.003778289 0.008235077
0.003779889 0.008235077
0.003781489 0.008235077
0.003783089 0.008235077
0.003784689 0.007764501
0.003786289 0.007764501
0.003787889 0.007764501
0.003789489 0.007058638
0.003791089 0.007293925
0.003792689 0.007529213
0.003794289 0.006588062
0.003795889 0.007058638
0.003797489 0.006588062
0.003799089 0.006588062
0.003800689 0.005882198
0.003802289 0.00682335
0.003803889 0.006352774
0.003805489 0.006352774
0.003807089 0.006352774
0.003808689 0.006588062
0.003810289 0.006588062
0.003811889 0.006352774
0.003813489 0.006117486
0.003815089 0.005882198
0.003816689 0.006117486
0.003818289 0.005882198
0.003819889 0.005882198
0.003821489 0.005882198
0.003823089 0.00564691
0.003824689 0.005882198
0.003826289 0.006352774
0.003827889 0.006117486
0.003829489 0.00564691
0.003831089 0.006117486
0.003832689 0.005882198
0.003834289 0.005411622
0.003835889 0.005882198
0.003837489 0.005882198
0.003839089 0.005176334
0.003840689 0.00564691
0.003842289 0.004941046
0.003843889 0.005411622
0.003845489 0.004941046
0.003847089 0.00447047
0.003848689 0.004705758
0.003850289 0.004235183
0.003851889 0.003764607
0.003853489 0.003764607
0.003855089 0.003294031
0.003856689 0.003529319
0.003858289 0.003058743
0.003859889 0.002352879
0.003861489 0.002352879
0.003863089 0.002117591
0.003864689 0.001882303
0.003866289 0.001647015
0.003867889 0.00117644
0.003869489 0.0007058638
0.003871089 0.0004705758
0.003872689 0.0004705758
0.003874289 0.0002352879
0.003875889 0.0002352879
0.003877489 0.0002352879
0.003879089 0.0002352879
0.003880689 -0.0002352879
0.003882289 -0.0007058638
0.003883889 -0.0004705758
0.003885489 -0.0002352879
0.003887089 -0.0009411517
0.003888689 -0.0007058638
0.003890289 -0.0007058638
0.003891889 -0.001411728
0.003893489 -0.00117644
0.003895089 -0.001882303
0.003896689 -0.001882303
0.003898289 -0.001882303
0.003899889 -0.002117591
0.003901489 -0.002352879
0.003903089 -0.002117591
0.003904689 -0.002352879
0.003906289 -0.002823455
0.003907889 -0.001882303
0.003909489 -0.002823455
0.003911089 -0.002117591
0.003912689 -0.002588167
0.003914289 -0.001882303
0.003915889 -0.002352879
0.003917489 -0.001411728
0.003919089 -0.001647015
0.003920689 -0.0009411517
0.003922289 -0.001647015
0.003923889 -0.0004705758
0.003925489 -0.0007058638
0.003927089 0
0.003928689 -0.0004705758
0.003930289 0
0.003931889 0.0007058638
0.003933489 0.0002352879
0.003935089 0.0004705758
0.003936689 0
0.003938289 0.0007058638
0.003939889 0.0002352879
0.003941489 0.0002352879
0.003943089 0
0.003944689 0.0009411517
0.003946289 0.0004705758
0.003947889 0.0002352879
0.003949489 0.0004705758
0.003951089 0
0.003952689 0
0.003954289 0.0004705758
0.003955889 -0.0002352879
0.003957489 -0.0004705758
0.003959089 -0.0002352879
0.003960689 -0.0004705758
0.003962289 -0.0009411517
0.003963889 -0.0009411517
0.003965489 -0.00117644
0.003967089 -0.0004705758
0.003968689 -0.00117644
0.003970289 -0.00117644
0.003971889 -0.00117644
0.003973489 -0.0007058638
0.003975089 -0.0007058638
0.003976689 -0.001411728
0.003978289 -0.001882303
0.003979889 -0.001882303
0.003981489 -0.001882303
0.003983089 -0.002352879
0.003984689 -0.002117591
0.003986289 -0.002117591
0.003987889 -0.002117591
0.003989489 -0.002352879
0.003991089 -0.002352879
0.003992689 -0.002588167
0.003994289 -0.002352879
0.003995889 -0.002352879
0.003997489 -0.002117591
0.003999089 -0.002117591
0.004000689 -0.001411728
0.004002289 -0.00117644
0.004003889 -0.002117591
0.004005489 -0.00117644
0.004007089 -0.001411728
0.004008689 -0.002352879
0.004010289 -0.001647015
0.004011889 -0.001647015
0.004013489 -0.00117644
0.004015089 -0.00117644
0.004016689 -0.0009411517
0.004018289 -0.0007058638
0.004019889 -0.0004705758
0.004021489 -0.0007058638
0.004023089 -0.0002352879
0.004024689 0
0.004026289 0.0004705758
0.004027889 0.0009411517
0.004029489 0.0002352879
0.004031089 0.0007058638
0.004032689 0.0009411517
0.004034289 0.0009411517
0.004035889 0.001647015
0.004037489 0.001882303
0.004039089 0.002352879
0.004040689 0.001882303
0.004042289 0.002117591
0.004043889 0.002117591
0.004045489 0.002823455
0.004047089 0.002588167
0.004048689 0.002117591
0.004050289 0.001882303
0.004051889 0.002117591
0.004053489 0.002352879
0.004055089 0.002588167
0.004056689 0.002823455
0.004058289 0.002352879
0.004059889 0.002117591
0.004061489 0.002588167
0.004063089 0.002352879
0.004064689 0.002588167
0.004066289 0.002823455
0.004067889 0.003058743
0.004069489 0.003058743
0.004071089 0.003764607
0.004072689 0.003999895
0.004074289 0.003999895
0.004075889 0.004941046
0.004077489 0.00447047
0.004079089 0.004941046
0.004080689 0.005176334
0.004082289 0.005176334
0.004083889 0.00564691
0.004085489 0.005176334
0.004087089 0.005411622
0.004088689 0.005176334
0.004090289 0.004705758
0.004091889 0.004235183
0.004093489 0.005176334
0.004095089 0.00447047
0.004096689 0.003999895
0.004098289 0.003764607
0.004099889 0.002823455
0.004101489 0.003294031
0.004103089 0.003058743
0.004104689 0.002823455
0.004106289 0.002588167
0.004107889 0.002588167
0.004109489 0.001882303
0.004111089 0.002117591
0.004112689 0.002588167
0.004114289 0.001882303
0.004115889 0.002352879
0.004117489 0.001882303
0.004119089 0.002823455
0.004120689 0.002352879
0.004122289 0.002823455
0.004123889 0.002117591
0.004125489 0.003529319
0.004127089 0.002823455
0.004128689 0.003529319
0.004130289 0.003294031
0.004131889 0.003058743
0.004133489 0.002823455
0.004135089 0.002823455
0.004136689 0.003529319
0.004138289 0.003529319
0.004139889 0.003058743
0.004141489 0.003529319
0.004143089 0.002823455
0.004144689 0.002352879
0.004146289 0.003294031
0.004147889 0.002352879
0.004149489 0.003294031
0.004151089 0.002588167
0.004152689 0.003058743
0.004154289 0.002823455
0.004155889 0.003294031
0.004157489 0.003764607
0.004159089 0.003294031
0.004160689 0.003294031
0.004162289 0.003294031
0.004163889 0.003764607
0.004165489 0.003529319
0.004167089 0.003058743
0.004168689 0.004235183
0.004170289 0.003999895
0.004171889 0.003999895
0.004173489 0.003294031
0.004175089 0.003764607
0.004176689 0.003764607
0.004178289 0.003764607
0.004179889 0.003764607
0.004181489 0.003999895
0.004183089 0.003529319
0.004184689 0.003764607
0.004186289 0.004235183
0.004187889 0.00447047
0.004189489 0.003999895
0.004191089 0.003999895
0.004192689 0.003529319
0.004194289 0.003764607
0.004195889 0.00447047
0.004197489 0.003764607
0.004199089 0.00447047
0.004200689 0.003529319
