LECROYWS4024HD 19320 Waveform
Segments 1 SegmentSize 3127
Segment TrigTime TimeSinceSegment1
#1 16-May-2024 16:38:45 0                 
Time Ampl
-0.000801297 -0.0004705758
-0.000799697 -0.0002352879
-0.000798097 -0.0002352879
-0.000796497 0.0007058638
-0.000794897 0.0002352879
-0.000793297 0.0002352879
-0.000791697 0
-0.000790097 -0.0007058638
-0.000788497 0.0004705758
-0.000786897 0
-0.000785297 0.0002352879
-0.000783697 0.0002352879
-0.000782097 -0.0002352879
-0.000780497 0.0007058638
-0.000778897 0.0004705758
-0.000777297 0.0004705758
-0.000775697 0.0007058638
-0.000774097 0.0004705758
-0.000772497 -0.0004705758
-0.000770897 0.0009411517
-0.000769297 0
-0.000767697 0
-0.000766097 0.0002352879
-0.000764497 0.0004705758
-0.000762897 -0.0004705758
-0.000761297 0.0002352879
-0.000759697 0
-0.000758097 -0.0004705758
-0.000756497 0.0004705758
-0.000754897 0.0004705758
-0.000753297 0.0004705758
-0.000751697 0.0007058638
-0.000750097 0
-0.000748497 0.0002352879
-0.000746897 0
-0.000745297 0.0004705758
-0.000743697 -0.0002352879
-0.000742097 0.0002352879
-0.000740497 0
-0.000738897 0.0004705758
-0.000737297 0.0002352879
-0.000735697 0
-0.000734097 -0.0002352879
-0.000732497 0
-0.000730897 -0.0002352879
-0.000729297 0
-0.000727697 -0.0002352879
-0.000726097 0.0004705758
-0.000724497 0
-0.000722897 0.0004705758
-0.000721297 -0.0007058638
-0.000719697 0.0004705758
-0.000718097 -0.0002352879
-0.000716497 0.0002352879
-0.000714897 0.0007058638
-0.000713297 0.0002352879
-0.000711697 -0.0002352879
-0.000710097 0.0004705758
-0.000708497 0
-0.000706897 -0.0002352879
-0.000705297 0
-0.000703697 -0.0002352879
-0.000702097 -0.0004705758
-0.000700497 0
-0.000698897 -0.0002352879
-0.000697297 0.0002352879
-0.000695697 -0.0004705758
-0.000694097 -0.0002352879
-0.000692497 0.0004705758
-0.000690897 0.0002352879
-0.000689297 0
-0.000687697 -0.0002352879
-0.000686097 0
-0.000684497 0.0004705758
-0.000682897 -0.0002352879
-0.000681297 0.0007058638
-0.000679697 -0.0002352879
-0.000678097 0
-0.000676497 0
-0.000674897 0
-0.000673297 0
-0.000671697 0.0002352879
-0.000670097 0.0004705758
-0.000668497 -0.0002352879
-0.000666897 0
-0.000665297 0
-0.000663697 -0.0004705758
-0.000662097 0.0007058638
-0.000660497 -0.0002352879
-0.000658897 0.0004705758
-0.000657297 0
-0.000655697 0.0002352879
-0.000654097 0.0004705758
-0.000652497 0.0004705758
-0.000650897 0.0004705758
-0.000649297 0.0002352879
-0.000647697 0
-0.000646097 0.0009411517
-0.000644497 0.0004705758
-0.000642897 0.0002352879
-0.000641297 0
-0.000639697 -0.0002352879
-0.000638097 0
-0.000636497 0.0002352879
-0.000634897 0
-0.000633297 0
-0.000631697 0
-0.000630097 0
-0.000628497 0.0004705758
-0.000626897 0.0002352879
-0.000625297 0.0002352879
-0.000623697 0.0007058638
-0.000622097 -0.0002352879
-0.000620497 0.0002352879
-0.000618897 -0.0002352879
-0.000617297 0.0002352879
-0.000615697 -0.0004705758
-0.000614097 0.0002352879
-0.000612497 -0.0002352879
-0.000610897 0.0002352879
-0.000609297 0
-0.000607697 0.0002352879
-0.000606097 0
-0.000604497 0.0002352879
-0.000602897 -0.0002352879
-0.000601297 0
-0.000599697 0.0002352879
-0.000598097 0
-0.000596497 -0.0002352879
-0.000594897 0.0002352879
-0.000593297 0.0004705758
-0.000591697 0.0004705758
-0.000590097 0
-0.000588497 -0.0002352879
-0.000586897 0.0004705758
-0.000585297 0.0007058638
-0.000583697 0
-0.000582097 -0.0002352879
-0.000580497 0.0002352879
-0.000578897 0
-0.000577297 -0.0004705758
-0.000575697 -0.0004705758
-0.000574097 -0.0002352879
-0.000572497 0.0002352879
-0.000570897 0
-0.000569297 0.0007058638
-0.000567697 0.0007058638
-0.000566097 -0.0002352879
-0.000564497 -0.0004705758
-0.000562897 0
-0.000561297 0
-0.000559697 0.0002352879
-0.000558097 0.0002352879
-0.000556497 0.0004705758
-0.000554897 0.0002352879
-0.000553297 0.0004705758
-0.000551697 -0.0002352879
-0.000550097 -0.0002352879
-0.000548497 0.0002352879
-0.000546897 0.0004705758
-0.000545297 0
-0.000543697 0.0002352879
-0.000542097 0
-0.000540497 0
-0.000538897 -0.0004705758
-0.000537297 0.0004705758
-0.000535697 0.0002352879
-0.000534097 0.0002352879
-0.000532497 -0.0007058638
-0.000530897 0.0004705758
-0.000529297 0
-0.000527697 0.0002352879
-0.000526097 0
-0.000524497 -0.0004705758
-0.000522897 0
-0.000521297 0.0007058638
-0.000519697 0
-0.000518097 0.0002352879
-0.000516497 -0.0002352879
-0.000514897 0.0002352879
-0.000513297 0.0002352879
-0.000511697 0.0007058638
-0.000510097 -0.0004705758
-0.000508497 0
-0.000506897 -0.0004705758
-0.000505297 0.0004705758
-0.000503697 -0.0002352879
-0.000502097 0.0004705758
-0.000500497 0.0002352879
-0.000498897 0.0002352879
-0.000497297 -0.0004705758
-0.000495697 0.0002352879
-0.000494097 -0.0004705758
-0.000492497 0
-0.000490897 -0.0004705758
-0.000489297 0.0002352879
-0.000487697 0.0002352879
-0.000486097 0.0007058638
-0.000484497 -0.0004705758
-0.000482897 0.0002352879
-0.000481297 -0.0004705758
-0.000479697 0.0004705758
-0.000478097 0
-0.000476497 0.0004705758
-0.000474897 -0.0007058638
-0.000473297 0.0002352879
-0.000471697 -0.0002352879
-0.000470097 0.0004705758
-0.000468497 -0.0002352879
-0.000466897 -0.0002352879
-0.000465297 0
-0.000463697 -0.0002352879
-0.000462097 0
-0.000460497 0.0004705758
-0.000458897 0
-0.000457297 0.0004705758
-0.000455697 -0.0002352879
-0.000454097 0.0002352879
-0.000452497 0
-0.000450897 0.0004705758
-0.000449297 0
-0.000447697 0.0004705758
-0.000446097 -0.0002352879
-0.000444497 0
-0.000442897 -0.0002352879
-0.000441297 0.0004705758
-0.000439697 -0.0002352879
-0.000438097 0.0002352879
-0.000436497 0.0002352879
-0.000434897 0.0002352879
-0.000433297 0.0002352879
-0.000431697 -0.0002352879
-0.000430097 -0.0004705758
-0.000428497 0
-0.000426897 -0.0002352879
-0.000425297 0.0004705758
-0.000423697 -0.0004705758
-0.000422097 0.0007058638
-0.000420497 0
-0.000418897 0.0002352879
-0.000417297 0.0002352879
-0.000415697 0.0002352879
-0.000414097 -0.0004705758
-0.000412497 0.0002352879
-0.000410897 0.0002352879
-0.000409297 0.0002352879
-0.000407697 0
-0.000406097 0.0004705758
-0.000404497 0.0002352879
-0.000402897 0.0002352879
-0.000401297 -0.0002352879
-0.000399697 -0.0004705758
-0.000398097 0.0002352879
-0.000396497 0
-0.000394897 -0.0004705758
-0.000393297 0.0004705758
-0.000391697 -0.0004705758
-0.000390097 0
-0.000388497 -0.0002352879
-0.000386897 0.0002352879
-0.000385297 0.0002352879
-0.000383697 -0.0004705758
-0.000382097 -0.0002352879
-0.000380497 0
-0.000378897 -0.0002352879
-0.000377297 0.0002352879
-0.000375697 -0.0004705758
-0.000374097 -0.0002352879
-0.000372497 0.0002352879
-0.000370897 -0.0002352879
-0.000369297 -0.0002352879
-0.000367697 0.0004705758
-0.000366097 0
-0.000364497 0.0002352879
-0.000362897 0
-0.000361297 -0.0004705758
-0.000359697 0
-0.000358097 0.0002352879
-0.000356497 0.0004705758
-0.000354897 0.0004705758
-0.000353297 0
-0.000351697 -0.0002352879
-0.000350097 -0.0004705758
-0.000348497 0.0002352879
-0.000346897 0.0002352879
-0.000345297 0.0004705758
-0.000343697 0.0002352879
-0.000342097 0
-0.000340497 0
-0.000338897 0.0004705758
-0.000337297 0
-0.000335697 0.0002352879
-0.000334097 -0.0002352879
-0.000332497 0
-0.000330897 0.0002352879
-0.000329297 0.0002352879
-0.000327697 0
-0.000326097 -0.0004705758
-0.000324497 0.0002352879
-0.000322897 -0.0002352879
-0.000321297 0
-0.000319697 0
-0.000318097 0
-0.000316497 -0.0004705758
-0.000314897 -0.0002352879
-0.000313297 0.0002352879
-0.000311697 -0.0002352879
-0.000310097 0.0002352879
-0.000308497 -0.0002352879
-0.000306897 0
-0.000305297 0
-0.000303697 0.0004705758
-0.000302097 0
-0.000300497 0
-0.000298897 -0.0002352879
-0.000297297 0.0007058638
-0.000295697 -0.0002352879
-0.000294097 -0.0002352879
-0.000292497 0.0002352879
-0.000290897 0.0002352879
-0.000289297 0
-0.000287697 0.0002352879
-0.000286097 0.0002352879
-0.000284497 0.0004705758
-0.000282897 -0.0004705758
-0.000281297 0.0002352879
-0.000279697 0.0002352879
-0.000278097 0.0002352879
-0.000276497 0.0002352879
-0.000274897 0.0004705758
-0.000273297 0.0004705758
-0.000271697 0.0004705758
-0.000270097 -0.0004705758
-0.000268497 -0.0004705758
-0.000266897 0
-0.000265297 0.0007058638
-0.000263697 -0.0002352879
-0.000262097 0.0002352879
-0.000260497 0.0007058638
-0.000258897 0.0002352879
-0.000257297 0.0002352879
-0.000255697 -0.0002352879
-0.000254097 0.0002352879
-0.000252497 0.0007058638
-0.000250897 0
-0.000249297 0
-0.000247697 0.0004705758
-0.000246097 0.0002352879
-0.000244497 0
-0.000242897 0.0002352879
-0.000241297 -0.0007058638
-0.000239697 -0.0002352879
-0.000238097 0
-0.000236497 0.0002352879
-0.000234897 0.0002352879
-0.000233297 0.0002352879
-0.000231697 0.0002352879
-0.000230097 0.0004705758
-0.000228497 -0.0002352879
-0.000226897 0.0007058638
-0.000225297 0.0002352879
-0.000223697 0
-0.000222097 0.0002352879
-0.000220497 0
-0.000218897 -0.0002352879
-0.000217297 0.0002352879
-0.000215697 -0.0002352879
-0.000214097 0.0002352879
-0.000212497 -0.0002352879
-0.000210897 0.0004705758
-0.000209297 -0.0002352879
-0.000207697 0.0009411517
-0.000206097 -0.0002352879
-0.000204497 0.0004705758
-0.000202897 0
-0.000201297 0.0004705758
-0.000199697 0
-0.000198097 0.0007058638
-0.000196497 0.0002352879
-0.000194897 -0.0004705758
-0.000193297 0
-0.000191697 0.0007058638
-0.000190097 0.0002352879
-0.000188497 -0.0002352879
-0.000186897 0.0004705758
-0.000185297 0.0007058638
-0.000183697 0.0002352879
-0.000182097 0.0004705758
-0.000180497 0.0004705758
-0.000178897 0.0002352879
-0.000177297 0.0004705758
-0.000175697 0.0004705758
-0.000174097 0.0002352879
-0.000172497 0.0007058638
-0.000170897 0
-0.000169297 0.0002352879
-0.000167697 -0.0002352879
-0.000166097 0.0007058638
-0.000164497 -0.0004705758
-0.000162897 0.0007058638
-0.000161297 -0.0002352879
-0.000159697 -0.0002352879
-0.000158097 0
-0.000156497 0.0002352879
-0.000154897 0.0002352879
-0.000153297 0
-0.000151697 0
-0.000150097 0.0002352879
-0.000148497 0
-0.000146897 0.0009411517
-0.000145297 0
-0.000143697 0.0007058638
-0.000142097 0.0002352879
-0.000140497 0.0004705758
-0.000138897 0
-0.000137297 0.0007058638
-0.000135697 0.0002352879
-0.000134097 0.0002352879
-0.000132497 0
-0.000130897 0.0002352879
-0.000129297 0.0002352879
-0.000127697 0.0007058638
-0.000126097 -0.0002352879
-0.000124497 0.0007058638
-0.000122897 0.0002352879
-0.000121297 0.0004705758
-0.000119697 0.0004705758
-0.000118097 0.0004705758
-0.000116497 0.0002352879
-0.000114897 0
-0.000113297 0
-0.000111697 0.0002352879
-0.000110097 0.0007058638
-0.000108497 0.0004705758
-0.000106897 -0.0002352879
-0.000105297 0.0004705758
-0.000103697 0.0002352879
-0.000102097 0
-0.000100497 0.0004705758
-9.8897e-005 0.0002352879
-9.7297e-005 -0.0002352879
-9.5697e-005 0.0009411517
-9.4097e-005 0.0002352879
-9.2497e-005 0.0004705758
-9.0897e-005 -0.0002352879
-8.9297e-005 0.0007058638
-8.7697e-005 0.0004705758
-8.6097e-005 0.0002352879
-8.4497e-005 0
-8.2897e-005 0.0004705758
-8.1297e-005 0.0002352879
-7.9697e-005 -0.0004705758
-7.8097e-005 0.0002352879
-7.6497e-005 0.0002352879
-7.4897e-005 0.0002352879
-7.3297e-005 0.0002352879
-7.1697e-005 -0.0002352879
-7.0097e-005 0.0004705758
-6.8497e-005 0.0002352879
-6.6897e-005 0
-6.5297e-005 0.0004705758
-6.3697e-005 0.0009411517
-6.2097e-005 0.0002352879
-6.0497e-005 0.0004705758
-5.8897e-005 0
-5.7297e-005 0.0004705758
-5.5697e-005 0
-5.4097e-005 0.0002352879
-5.2497e-005 -0.0002352879
-5.0897e-005 0.0002352879
-4.9297e-005 0.0004705758
-4.7697e-005 0.0009411517
-4.6097e-005 0.0004705758
-4.4497e-005 -0.0002352879
-4.2897e-005 0.0004705758
-4.1297e-005 0.0004705758
-3.9697e-005 0.0009411517
-3.8097e-005 0.001647015
-3.6497e-005 0.003294031
-3.4897e-005 0.00564691
-3.3297e-005 0.004705758
-3.1697e-005 -0.003058743
-3.0097e-005 -0.0195289
-2.8497e-005 -0.03905779
-2.6897e-005 -0.05623381
-2.5297e-005 -0.07058638
-2.3697e-005 -0.08046847
-2.2097e-005 -0.08705653
-2.0497e-005 -0.09199758
-1.8897e-005 -0.1016444
-1.7297e-005 -0.1218791
-1.5697e-005 -0.141408
-1.4097e-005 -0.153643
-1.2497e-005 -0.1576429
-1.0897e-005 -0.1543489
-9.297e-006 -0.1442315
-7.697e-006 -0.1272908
-6.097e-006 -0.1051737
-4.497e-006 -0.08070376
-2.897e-006 -0.05293978
-1.297e-006 -0.02423466
3.03e-007 0.003529319
1.903e-006 0.02094062
3.503e-006 0.02964628
5.103e-006 0.03435204
6.703e-006 0.0331756
8.303e-006 0.02846984
9.903e-006 0.02399937
1.1503e-005 0.01694073
1.3103e-005 0.01247026
1.4703e-005 0.006117486
1.6303e-005 0.0002352879
1.7903e-005 -0.001411728
1.9503e-005 -0.002588167
2.1103e-005 -0.0009411517
2.2703e-005 0.002823455
2.4303e-005 0.005411622
2.5903e-005 0.007058638
2.7503e-005 0.007529213
2.9103e-005 0.008235077
3.0703e-005 0.01011738
3.2303e-005 0.01388199
3.3903e-005 0.01599958
3.5503e-005 0.01717602
3.7103e-005 0.01647015
3.8703e-005 0.01317612
4.0303e-005 0.007529213
4.1903e-005 0
4.3503e-005 -0.006588062
4.5103e-005 -0.01388199
4.6703e-005 -0.01905832
4.8303e-005 -0.0232935
4.9903e-005 -0.02752869
5.1503e-005 -0.02894041
5.3103e-005 -0.03176387
5.4703e-005 -0.03199916
5.6303e-005 -0.03199916
5.7903e-005 -0.03035214
5.9503e-005 -0.02658753
6.1103e-005 -0.02658753
6.2703e-005 -0.02470523
6.4303e-005 -0.02188178
6.5903e-005 -0.02117591
6.7503e-005 -0.01788188
6.9103e-005 -0.01576429
7.0703e-005 -0.01599958
7.2303e-005 -0.01576429
7.3903e-005 -0.01835246
7.5503e-005 -0.02446994
7.7103e-005 -0.02964628
7.8703e-005 -0.03529319
8.0303e-005 -0.03952837
8.1903e-005 -0.04493999
8.3503e-005 -0.04799874
8.5103e-005 -0.0505869
8.6703e-005 -0.05176334
8.8303e-005 -0.05152805
8.9903e-005 -0.0487046
9.1503e-005 -0.04541057
9.3103e-005 -0.04211654
9.4703e-005 -0.03905779
9.6303e-005 -0.03623434
9.7903e-005 -0.03411675
9.9503e-005 -0.03011685
0.000101103 -0.02705811
0.000102703 -0.02258764
0.000104303 -0.01999947
0.000105903 -0.01976419
0.000107503 -0.02211706
0.000109103 -0.02517581
0.000110703 -0.02894041
0.000112303 -0.03011685
0.000113903 -0.03246973
0.000115503 -0.0331756
0.000117103 -0.0331756
0.000118703 -0.03246973
0.000120303 -0.03364617
0.000121903 -0.03552848
0.000123503 -0.03599905
0.000125103 -0.03788135
0.000126703 -0.03952837
0.000128303 -0.03905779
0.000129903 -0.03835193
0.000131503 -0.03623434
0.000133103 -0.03435204
0.000134703 -0.03270502
0.000136303 -0.03223444
0.000137903 -0.03152858
0.000139503 -0.03035214
0.000141103 -0.02846984
0.000142703 -0.02776397
0.000144303 -0.02635225
0.000145903 -0.02682282
0.000147503 -0.02635225
0.000149103 -0.02658753
0.000150703 -0.0254111
0.000152303 -0.0232935
0.000153903 -0.01976419
0.000155503 -0.01599958
0.000157103 -0.01105853
0.000158703 -0.004235183
0.000160303 0.002588167
0.000161903 0.007999789
0.000163503 0.01199968
0.000165103 0.01317612
0.000166703 0.01388199
0.000168303 0.01529371
0.000169903 0.015529
0.000171503 0.01247026
0.000173103 0.008470365
0.000174703 0.0009411517
0.000176303 -0.005411622
0.000177903 -0.01129382
0.000179503 -0.015529
0.000181103 -0.01835246
0.000182703 -0.02258764
0.000184303 -0.02635225
0.000185903 -0.02941099
0.000187503 -0.03270502
0.000189103 -0.03435204
0.000190703 -0.03599905
0.000192303 -0.03788135
0.000193903 -0.03905779
0.000195503 -0.04046952
0.000197103 -0.04211654
0.000198703 -0.04305769
0.000200303 -0.04493999
0.000201903 -0.04541057
0.000203503 -0.04611643
0.000205103 -0.04635172
0.000206703 -0.0468223
0.000208303 -0.04611643
0.000209903 -0.04446942
0.000211503 -0.04046952
0.000213103 -0.0350579
0.000214703 -0.02846984
0.000216303 -0.0214112
0.000217903 -0.01599958
0.000219503 -0.0117644
0.000221103 -0.009176229
0.000222703 -0.008235077
0.000224303 -0.007058638
0.000225903 -0.007764501
0.000227503 -0.008940941
0.000229103 -0.009646805
0.000230703 -0.01129382
0.000232303 -0.01270555
0.000233903 -0.01341141
0.000235503 -0.01435256
0.000237103 -0.01317612
0.000238703 -0.01458785
0.000240303 -0.015529
0.000241903 -0.01811717
0.000243503 -0.01976419
0.000245103 -0.02258764
0.000246703 -0.02376408
0.000248303 -0.0232935
0.000249903 -0.02258764
0.000251503 -0.02164649
0.000253103 -0.02117591
0.000254703 -0.02211706
0.000256303 -0.02258764
0.000257903 -0.02352879
0.000259503 -0.02352879
0.000261103 -0.02399937
0.000262703 -0.02376408
0.000264303 -0.02517581
0.000265903 -0.02494052
0.000267503 -0.02399937
0.000269103 -0.02211706
0.000270703 -0.0214112
0.000272303 -0.02023476
0.000273903 -0.02094062
0.000275503 -0.02352879
0.000277103 -0.02823455
0.000278703 -0.03199916
0.000280303 -0.03529319
0.000281903 -0.03882251
0.000283503 -0.04258711
0.000285103 -0.04446942
0.000286703 -0.04517528
0.000288303 -0.04446942
0.000289903 -0.04235183
0.000291503 -0.03882251
0.000293103 -0.03552848
0.000294703 -0.03223444
0.000296303 -0.0291757
0.000297903 -0.02705811
0.000299503 -0.02588167
0.000301103 -0.02494052
0.000302703 -0.02564638
0.000304303 -0.02588167
0.000305903 -0.02588167
0.000307503 -0.02752869
0.000309103 -0.0291757
0.000310703 -0.02988157
0.000312303 -0.03011685
0.000313903 -0.02846984
0.000315503 -0.02682282
0.000317103 -0.02564638
0.000318703 -0.02446994
0.000320303 -0.02235235
0.000321903 -0.02094062
0.000323503 -0.01717602
0.000325103 -0.015529
0.000326703 -0.01294084
0.000328303 -0.01199968
0.000329903 -0.009176229
0.000331503 -0.006352774
0.000333103 -0.003058743
0.000334703 0.0002352879
0.000336303 0.001647015
0.000337903 0.003294031
0.000339503 0.002823455
0.000341103 0.001647015
0.000342703 0.0009411517
0.000344303 -0.0004705758
0.000345903 -0.00447047
0.000347503 -0.009411517
0.000349103 -0.01411728
0.000350703 -0.01905832
0.000352303 -0.02352879
0.000353903 -0.02705811
0.000355503 -0.02846984
0.000357103 -0.02964628
0.000358703 -0.02894041
0.000360303 -0.02823455
0.000361903 -0.0272934
0.000363503 -0.02799926
0.000365103 -0.02823455
0.000366703 -0.02964628
0.000368303 -0.03105801
0.000369903 -0.03270502
0.000371503 -0.03435204
0.000373103 -0.03576376
0.000374703 -0.03717549
0.000376303 -0.03835193
0.000377903 -0.03788135
0.000379503 -0.03741078
0.000381103 -0.03741078
0.000382703 -0.03764607
0.000384303 -0.03835193
0.000385903 -0.03858722
0.000387503 -0.03788135
0.000389103 -0.03670492
0.000390703 -0.03435204
0.000392303 -0.03270502
0.000393903 -0.03082272
0.000395503 -0.0291757
0.000397103 -0.02776397
0.000398703 -0.02635225
0.000400303 -0.02446994
0.000401903 -0.02376408
0.000403503 -0.02376408
0.000405103 -0.0232935
0.000406703 -0.0232935
0.000408303 -0.02282293
0.000409903 -0.02235235
0.000411503 -0.02258764
0.000413103 -0.02164649
0.000414703 -0.01976419
0.000416303 -0.01788188
0.000417903 -0.01670544
0.000419503 -0.01505843
0.000421103 -0.01388199
0.000422703 -0.01341141
0.000424303 -0.01411728
0.000425903 -0.01270555
0.000427503 -0.0117644
0.000429103 -0.01058796
0.000430703 -0.008705653
0.000432303 -0.008235077
0.000433903 -0.007529213
0.000435503 -0.007293925
0.000437103 -0.007058638
0.000438703 -0.006352774
0.000440303 -0.00564691
0.000441903 -0.005411622
0.000443503 -0.004705758
0.000445103 -0.005411622
0.000446703 -0.005882198
0.000448303 -0.006117486
0.000449903 -0.006588062
0.000451503 -0.007764501
0.000453103 -0.008940941
0.000454703 -0.01035267
0.000456303 -0.01317612
0.000457903 -0.01482314
0.000459503 -0.01717602
0.000461103 -0.0195289
0.000462703 -0.02164649
0.000464303 -0.0232935
0.000465903 -0.02588167
0.000467503 -0.02752869
0.000469103 -0.0291757
0.000470703 -0.02964628
0.000472303 -0.03082272
0.000473903 -0.03129329
0.000475503 -0.03082272
0.000477103 -0.03058743
0.000478703 -0.03035214
0.000480303 -0.02964628
0.000481903 -0.0291757
0.000483503 -0.02682282
0.000485103 -0.02423466
0.000486703 -0.0214112
0.000488303 -0.01976419
0.000489903 -0.01835246
0.000491503 -0.01811717
0.000493103 -0.01811717
0.000494703 -0.01811717
0.000496303 -0.01788188
0.000497903 -0.01811717
0.000499503 -0.01811717
0.000501103 -0.0195289
0.000502703 -0.01999947
0.000504303 -0.02117591
0.000505903 -0.02117591
0.000507503 -0.0214112
0.000509103 -0.0214112
0.000510703 -0.02117591
0.000512303 -0.02094062
0.000513903 -0.02188178
0.000515503 -0.02164649
0.000517103 -0.02164649
0.000518703 -0.02094062
0.000520303 -0.0195289
0.000521903 -0.01741131
0.000523503 -0.01505843
0.000525103 -0.01270555
0.000526703 -0.009646805
0.000528303 -0.006588062
0.000529903 -0.004705758
0.000531503 -0.0007058638
0.000533103 0.0009411517
0.000534703 0.001411728
0.000536303 0.0009411517
0.000537903 -0.0009411517
0.000539503 -0.002352879
0.000541103 -0.005882198
0.000542703 -0.008705653
0.000544303 -0.01199968
0.000545903 -0.015529
0.000547503 -0.01858775
0.000549103 -0.02258764
0.000550703 -0.02517581
0.000552303 -0.0272934
0.000553903 -0.02776397
0.000555503 -0.02799926
0.000557103 -0.02635225
0.000558703 -0.02423466
0.000560303 -0.02117591
0.000561903 -0.01882303
0.000563503 -0.01576429
0.000565103 -0.01270555
0.000566703 -0.01105853
0.000568303 -0.009176229
0.000569903 -0.009176229
0.000571503 -0.008940941
0.000573103 -0.01105853
0.000574703 -0.01388199
0.000576303 -0.01647015
0.000577903 -0.01882303
0.000579503 -0.02117591
0.000581103 -0.02376408
0.000582703 -0.02564638
0.000584303 -0.02823455
0.000585903 -0.02988157
0.000587503 -0.03152858
0.000589103 -0.03199916
0.000590703 -0.03058743
0.000592303 -0.02894041
0.000593903 -0.0272934
0.000595503 -0.02399937
0.000597103 -0.02094062
0.000598703 -0.01717602
0.000600303 -0.01341141
0.000601903 -0.01082324
0.000603503 -0.008705653
0.000605103 -0.006117486
0.000606703 -0.004235183
0.000608303 -0.004235183
0.000609903 -0.003999895
0.000611503 -0.003764607
0.000613103 -0.003294031
0.000614703 -0.002588167
0.000616303 -0.002823455
0.000617903 -0.003058743
0.000619503 -0.003999895
0.000621103 -0.005176334
0.000622703 -0.00564691
0.000624303 -0.005176334
0.000625903 -0.005411622
0.000627503 -0.004235183
0.000629103 -0.003999895
0.000630703 -0.003999895
0.000632303 -0.00447047
0.000633903 -0.003764607
0.000635503 -0.003529319
0.000637103 -0.003999895
0.000638703 -0.005176334
0.000640303 -0.006588062
0.000641903 -0.008470365
0.000643503 -0.009411517
0.000645103 -0.01129382
0.000646703 -0.01199968
0.000648303 -0.01247026
0.000649903 -0.0117644
0.000651503 -0.01105853
0.000653103 -0.01011738
0.000654703 -0.009176229
0.000656303 -0.007293925
0.000657903 -0.006117486
0.000659503 -0.003999895
0.000661103 -0.002823455
0.000662703 -0.001647015
0.000664303 -0.0004705758
0.000665903 -0.0002352879
0.000667503 0.0002352879
0.000669103 0.0002352879
0.000670703 -0.0009411517
0.000672303 -0.001882303
0.000673903 -0.002823455
0.000675503 -0.003999895
0.000677103 -0.00447047
0.000678703 -0.005411622
0.000680303 -0.004705758
0.000681903 -0.004941046
0.000683503 -0.005176334
0.000685103 -0.006588062
0.000686703 -0.007293925
0.000688303 -0.007529213
0.000689903 -0.007764501
0.000691503 -0.007764501
0.000693103 -0.007058638
0.000694703 -0.006352774
0.000696303 -0.00564691
0.000697903 -0.004705758
0.000699503 -0.003764607
0.000701103 -0.002588167
0.000702703 -0.001647015
0.000704303 0
0.000705903 0.0004705758
0.000707503 0.001411728
0.000709103 0.001647015
0.000710703 0.002352879
0.000712303 0.003058743
0.000713903 0.002823455
0.000715503 0.002823455
0.000717103 0.002117591
0.000718703 0.001882303
0.000720303 0.001882303
0.000721903 0.001411728
0.000723503 0.00117644
0.000725103 0.001411728
0.000726703 0.002352879
0.000728303 0.002823455
0.000729903 0.003058743
0.000731503 0.00447047
0.000733103 0.00564691
0.000734703 0.006588062
0.000736303 0.007058638
0.000737903 0.008705653
0.000739503 0.009882093
0.000741103 0.01011738
0.000742703 0.01035267
0.000744303 0.01152911
0.000745903 0.01270555
0.000747503 0.01341141
0.000749103 0.01505843
0.000750703 0.01623487
0.000752303 0.01764659
0.000753903 0.01858775
0.000755503 0.01905832
0.000757103 0.02023476
0.000758703 0.02094062
0.000760303 0.02117591
0.000761903 0.02117591
0.000763503 0.02070534
0.000765103 0.02070534
0.000766703 0.01976419
0.000768303 0.01882303
0.000769903 0.01835246
0.000771503 0.01811717
0.000773103 0.01717602
0.000774703 0.01623487
0.000776303 0.01505843
0.000777903 0.01388199
0.000779503 0.01341141
0.000781103 0.01294084
0.000782703 0.01247026
0.000784303 0.01270555
0.000785903 0.01270555
0.000787503 0.01270555
0.000789103 0.01247026
0.000790703 0.01247026
0.000792303 0.01247026
0.000793903 0.01270555
0.000795503 0.01317612
0.000797103 0.01341141
0.000798703 0.01317612
0.000800303 0.01294084
0.000801903 0.01152911
0.000803503 0.01152911
0.000805103 0.01223497
0.000806703 0.01270555
0.000808303 0.01317612
0.000809903 0.01341141
0.000811503 0.0136467
0.000813103 0.0136467
0.000814703 0.01247026
0.000816303 0.01294084
0.000817903 0.01294084
0.000819503 0.01270555
0.000821103 0.01247026
0.000822703 0.01294084
0.000824303 0.01294084
0.000825903 0.01317612
0.000827503 0.01341141
0.000829103 0.01388199
0.000830703 0.01435256
0.000832303 0.01576429
0.000833903 0.01717602
0.000835503 0.01811717
0.000837103 0.01858775
0.000838703 0.01905832
0.000840303 0.01929361
0.000841903 0.01976419
0.000843503 0.02023476
0.000845103 0.02047005
0.000846703 0.0195289
0.000848303 0.0195289
0.000849903 0.01858775
0.000851503 0.01811717
0.000853103 0.01741131
0.000854703 0.01623487
0.000856303 0.015529
0.000857903 0.01482314
0.000859503 0.0136467
0.000861103 0.01317612
0.000862703 0.01341141
0.000864303 0.01294084
0.000865903 0.01223497
0.000867503 0.01247026
0.000869103 0.01317612
0.000870703 0.01341141
0.000872303 0.01388199
0.000873903 0.01458785
0.000875503 0.015529
0.000877103 0.01623487
0.000878703 0.01717602
0.000880303 0.01717602
0.000881903 0.01788188
0.000883503 0.01764659
0.000885103 0.01717602
0.000886703 0.01694073
0.000888303 0.01576429
0.000889903 0.01482314
0.000891503 0.01411728
0.000893103 0.01341141
0.000894703 0.01247026
0.000896303 0.01199968
0.000897903 0.01199968
0.000899503 0.01247026
0.000901103 0.01199968
0.000902703 0.01270555
0.000904303 0.01223497
0.000905903 0.01294084
0.000907503 0.01247026
0.000909103 0.01317612
0.000910703 0.01458785
0.000912303 0.015529
0.000913903 0.01694073
0.000915503 0.01835246
0.000917103 0.02023476
0.000918703 0.01999947
0.000920303 0.02094062
0.000921903 0.02094062
0.000923503 0.02094062
0.000925103 0.02164649
0.000926703 0.02070534
0.000928303 0.02023476
0.000929903 0.01905832
0.000931503 0.01858775
0.000933103 0.01717602
0.000934703 0.01599958
0.000936303 0.015529
0.000937903 0.01411728
0.000939503 0.01294084
0.000941103 0.01152911
0.000942703 0.01152911
0.000944303 0.01058796
0.000945903 0.01082324
0.000947503 0.01035267
0.000949103 0.01152911
0.000950703 0.01294084
0.000952303 0.01388199
0.000953903 0.01529371
0.000955503 0.01623487
0.000957103 0.01788188
0.000958703 0.01976419
0.000960303 0.02188178
0.000961903 0.02446994
0.000963503 0.02658753
0.000965103 0.02894041
0.000966703 0.02988157
0.000968303 0.03129329
0.000969903 0.03270502
0.000971503 0.03246973
0.000973103 0.03246973
0.000974703 0.03152858
0.000976303 0.03129329
0.000977903 0.02941099
0.000979503 0.02823455
0.000981103 0.02658753
0.000982703 0.02470523
0.000984303 0.02305822
0.000985903 0.02211706
0.000987503 0.02047005
0.000989103 0.01905832
0.000990703 0.01694073
0.000992303 0.01647015
0.000993903 0.01623487
0.000995503 0.01529371
0.000997103 0.01505843
0.000998703 0.015529
0.001000303 0.015529
0.001001903 0.01623487
0.001003503 0.01647015
0.001005103 0.01764659
0.001006703 0.01764659
0.001008303 0.01835246
0.001009903 0.01764659
0.001011503 0.01811717
0.001013103 0.01835246
0.001014703 0.01811717
0.001016303 0.0195289
0.001017903 0.02047005
0.001019503 0.02164649
0.001021103 0.02376408
0.001022703 0.0254111
0.001024303 0.0272934
0.001025903 0.02894041
0.001027503 0.03011685
0.001029103 0.03129329
0.001030703 0.03223444
0.001032303 0.03176387
0.001033903 0.03176387
0.001035503 0.03058743
0.001037103 0.03011685
0.001038703 0.02894041
0.001040303 0.02823455
0.001041903 0.02870513
0.001043503 0.02846984
0.001045103 0.02823455
0.001046703 0.0272934
0.001048303 0.02611696
0.001049903 0.0254111
0.001051503 0.02446994
0.001053103 0.02352879
0.001054703 0.02211706
0.001056303 0.02070534
0.001057903 0.02047005
0.001059503 0.01976419
0.001061103 0.01811717
0.001062703 0.01788188
0.001064303 0.01741131
0.001065903 0.01670544
0.001067503 0.01647015
0.001069103 0.01717602
0.001070703 0.01647015
0.001072303 0.01717602
0.001073903 0.01835246
0.001075503 0.01929361
0.001077103 0.02023476
0.001078703 0.02164649
0.001080303 0.02282293
0.001081903 0.02470523
0.001083503 0.02611696
0.001085103 0.02799926
0.001086703 0.03011685
0.001088303 0.03129329
0.001089903 0.03246973
0.001091503 0.03364617
0.001093103 0.03341088
0.001094703 0.03364617
0.001096303 0.0331756
0.001097903 0.03270502
0.001099503 0.03152858
0.001101103 0.03082272
0.001102703 0.0291757
0.001104303 0.02870513
0.001105903 0.0272934
0.001107503 0.02705811
0.001109103 0.02658753
0.001110703 0.02682282
0.001112303 0.02635225
0.001113903 0.0272934
0.001115503 0.02823455
0.001117103 0.02894041
0.001118703 0.03011685
0.001120303 0.03105801
0.001121903 0.03199916
0.001123503 0.03294031
0.001125103 0.03388146
0.001126703 0.03482261
0.001128303 0.03388146
0.001129903 0.03435204
0.001131503 0.03364617
0.001133103 0.03341088
0.001134703 0.0331756
0.001136303 0.03176387
0.001137903 0.03082272
0.001139503 0.02988157
0.001141103 0.02870513
0.001142703 0.02823455
0.001144303 0.02752869
0.001145903 0.0272934
0.001147503 0.02588167
0.001149103 0.02588167
0.001150703 0.02564638
0.001152303 0.02517581
0.001153903 0.02470523
0.001155503 0.02423466
0.001157103 0.02470523
0.001158703 0.0254111
0.001160303 0.02494052
0.001161903 0.02635225
0.001163503 0.02588167
0.001165103 0.02682282
0.001166703 0.0272934
0.001168303 0.02823455
0.001169903 0.02846984
0.001171503 0.0291757
0.001173103 0.02941099
0.001174703 0.02988157
0.001176303 0.03035214
0.001177903 0.03011685
0.001179503 0.03058743
0.001181103 0.02988157
0.001182703 0.03011685
0.001184303 0.02988157
0.001185903 0.02988157
0.001187503 0.02988157
0.001189103 0.03011685
0.001190703 0.03105801
0.001192303 0.03152858
0.001193903 0.03199916
0.001195503 0.03341088
0.001197103 0.03435204
0.001198703 0.03576376
0.001200303 0.03717549
0.001201903 0.03788135
0.001203503 0.03835193
0.001205103 0.03858722
0.001206703 0.03882251
0.001208303 0.03882251
0.001209903 0.03835193
0.001211503 0.03764607
0.001213103 0.03741078
0.001214703 0.03670492
0.001216303 0.03599905
0.001217903 0.03576376
0.001219503 0.03529319
0.001221103 0.03458732
0.001222703 0.03482261
0.001224303 0.03458732
0.001225903 0.03482261
0.001227503 0.03411675
0.001229103 0.03435204
0.001230703 0.03435204
0.001232303 0.03364617
0.001233903 0.0331756
0.001235503 0.03199916
0.001237103 0.03223444
0.001238703 0.03129329
0.001240303 0.03035214
0.001241903 0.03035214
0.001243503 0.03011685
0.001245103 0.02941099
0.001246703 0.0291757
0.001248303 0.02964628
0.001249903 0.03011685
0.001251503 0.03082272
0.001253103 0.03129329
0.001254703 0.03270502
0.001256303 0.03270502
0.001257903 0.03411675
0.001259503 0.0350579
0.001261103 0.03576376
0.001262703 0.03599905
0.001264303 0.03717549
0.001265903 0.03599905
0.001267503 0.03623434
0.001269103 0.03552848
0.001270703 0.03529319
0.001272303 0.03411675
0.001273903 0.03341088
0.001275503 0.03270502
0.001277103 0.03270502
0.001278703 0.03176387
0.001280303 0.03152858
0.001281903 0.03082272
0.001283503 0.03129329
0.001285103 0.03082272
0.001286703 0.03129329
0.001288303 0.03105801
0.001289903 0.03152858
0.001291503 0.03082272
0.001293103 0.03082272
0.001294703 0.03105801
0.001296303 0.03035214
0.001297903 0.03011685
0.001299503 0.02941099
0.001301103 0.02846984
0.001302703 0.02846984
0.001304303 0.02799926
0.001305903 0.02752869
0.001307503 0.0272934
0.001309103 0.02658753
0.001310703 0.02682282
0.001312303 0.0272934
0.001313903 0.02776397
0.001315503 0.02823455
0.001317103 0.02870513
0.001318703 0.0291757
0.001320303 0.02988157
0.001321903 0.03035214
0.001323503 0.03105801
0.001325103 0.03152858
0.001326703 0.03223444
0.001328303 0.03246973
0.001329903 0.03246973
0.001331503 0.03294031
0.001333103 0.03246973
0.001334703 0.03246973
0.001336303 0.03129329
0.001337903 0.03176387
0.001339503 0.03152858
0.001341103 0.03152858
0.001342703 0.03176387
0.001344303 0.03152858
0.001345903 0.03199916
0.001347503 0.03270502
0.001349103 0.03246973
0.001350703 0.03364617
0.001352303 0.0331756
0.001353903 0.03364617
0.001355503 0.03341088
0.001357103 0.03364617
0.001358703 0.03294031
0.001360303 0.03294031
0.001361903 0.03176387
0.001363503 0.03105801
0.001365103 0.0291757
0.001366703 0.0291757
0.001368303 0.0272934
0.001369903 0.02705811
0.001371503 0.02611696
0.001373103 0.02564638
0.001374703 0.02588167
0.001376303 0.02494052
0.001377903 0.02564638
0.001379503 0.02682282
0.001381103 0.02682282
0.001382703 0.02799926
0.001384303 0.02964628
0.001385903 0.03011685
0.001387503 0.03082272
0.001389103 0.03223444
0.001390703 0.03199916
0.001392303 0.03223444
0.001393903 0.03223444
0.001395503 0.03199916
0.001397103 0.03152858
0.001398703 0.03152858
0.001400303 0.03082272
0.001401903 0.02941099
0.001403503 0.02799926
0.001405103 0.02752869
0.001406703 0.02635225
0.001408303 0.0254111
0.001409903 0.02399937
0.001411503 0.02399937
0.001413103 0.0232935
0.001414703 0.02305822
0.001416303 0.02282293
0.001417903 0.02305822
0.001419503 0.0232935
0.001421103 0.02399937
0.001422703 0.02399937
0.001424303 0.02517581
0.001425903 0.0254111
0.001427503 0.02611696
0.001429103 0.02635225
0.001430703 0.02658753
0.001432303 0.02705811
0.001433903 0.02752869
0.001435503 0.02705811
0.001437103 0.02776397
0.001438703 0.02776397
0.001440303 0.02799926
0.001441903 0.02752869
0.001443503 0.02776397
0.001445103 0.02799926
0.001446703 0.02894041
0.001448303 0.02870513
0.001449903 0.0291757
0.001451503 0.02988157
0.001453103 0.03035214
0.001454703 0.03058743
0.001456303 0.03011685
0.001457903 0.02988157
0.001459503 0.02964628
0.001461103 0.02870513
0.001462703 0.02846984
0.001464303 0.02752869
0.001465903 0.0272934
0.001467503 0.02588167
0.001469103 0.0254111
0.001470703 0.02494052
0.001472303 0.02446994
0.001473903 0.02494052
0.001475503 0.02423466
0.001477103 0.02470523
0.001478703 0.0254111
0.001480303 0.02588167
0.001481903 0.02611696
0.001483503 0.02611696
0.001485103 0.02564638
0.001486703 0.02635225
0.001488303 0.02588167
0.001489903 0.02564638
0.001491503 0.02564638
0.001493103 0.02494052
0.001494703 0.02470523
0.001496303 0.0232935
0.001497903 0.02305822
0.001499503 0.02258764
0.001501103 0.02188178
0.001502703 0.02164649
0.001504303 0.02211706
0.001505903 0.0214112
0.001507503 0.02094062
0.001509103 0.01999947
0.001510703 0.01999947
0.001512303 0.01929361
0.001513903 0.01882303
0.001515503 0.01788188
0.001517103 0.01717602
0.001518703 0.01647015
0.001520303 0.01647015
0.001521903 0.015529
0.001523503 0.01576429
0.001525103 0.01623487
0.001526703 0.01694073
0.001528303 0.01647015
0.001529903 0.01788188
0.001531503 0.01788188
0.001533103 0.01929361
0.001534703 0.01976419
0.001536303 0.02023476
0.001537903 0.02094062
0.001539503 0.02094062
0.001541103 0.02211706
0.001542703 0.02305822
0.001544303 0.02376408
0.001545903 0.02423466
0.001547503 0.02517581
0.001549103 0.02705811
0.001550703 0.02705811
0.001552303 0.02776397
0.001553903 0.02776397
0.001555503 0.02776397
0.001557103 0.02776397
0.001558703 0.02705811
0.001560303 0.02658753
0.001561903 0.02611696
0.001563503 0.02517581
0.001565103 0.02376408
0.001566703 0.02258764
0.001568303 0.02117591
0.001569903 0.02094062
0.001571503 0.01976419
0.001573103 0.01858775
0.001574703 0.01811717
0.001576303 0.01670544
0.001577903 0.01599958
0.001579503 0.01529371
0.001581103 0.01505843
0.001582703 0.01458785
0.001584303 0.01341141
0.001585903 0.0136467
0.001587503 0.01317612
0.001589103 0.01294084
0.001590703 0.01199968
0.001592303 0.0117644
0.001593903 0.01247026
0.001595503 0.01247026
0.001597103 0.01341141
0.001598703 0.01435256
0.001600303 0.01458785
0.001601903 0.015529
0.001603503 0.01647015
0.001605103 0.01788188
0.001606703 0.01835246
0.001608303 0.01976419
0.001609903 0.02094062
0.001611503 0.02211706
0.001613103 0.0232935
0.001614703 0.02376408
0.001616303 0.0254111
0.001617903 0.0254111
0.001619503 0.02611696
0.001621103 0.02658753
0.001622703 0.02705811
0.001624303 0.02682282
0.001625903 0.02705811
0.001627503 0.02611696
0.001629103 0.02588167
0.001630703 0.0254111
0.001632303 0.02470523
0.001633903 0.02399937
0.001635503 0.0232935
0.001637103 0.02235235
0.001638703 0.02211706
0.001640303 0.02164649
0.001641903 0.02211706
0.001643503 0.02117591
0.001645103 0.02235235
0.001646703 0.02164649
0.001648303 0.02211706
0.001649903 0.0214112
0.001651503 0.0214112
0.001653103 0.02047005
0.001654703 0.01976419
0.001656303 0.01929361
0.001657903 0.01905832
0.001659503 0.01811717
0.001661103 0.01694073
0.001662703 0.01647015
0.001664303 0.01623487
0.001665903 0.015529
0.001667503 0.01505843
0.001669103 0.01435256
0.001670703 0.01435256
0.001672303 0.01388199
0.001673903 0.01482314
0.001675503 0.01435256
0.001677103 0.01482314
0.001678703 0.01482314
0.001680303 0.01576429
0.001681903 0.01647015
0.001683503 0.01694073
0.001685103 0.01717602
0.001686703 0.01858775
0.001688303 0.01835246
0.001689903 0.01811717
0.001691503 0.01741131
0.001693103 0.01741131
0.001694703 0.01670544
0.001696303 0.01647015
0.001697903 0.015529
0.001699503 0.01482314
0.001701103 0.0136467
0.001702703 0.01294084
0.001704303 0.01199968
0.001705903 0.01152911
0.001707503 0.01058796
0.001709103 0.009411517
0.001710703 0.008470365
0.001712303 0.008470365
0.001713903 0.007999789
0.001715503 0.007529213
0.001717103 0.007764501
0.001718703 0.007764501
0.001720303 0.007529213
0.001721903 0.007529213
0.001723503 0.008235077
0.001725103 0.008470365
0.001726703 0.008235077
0.001728303 0.008940941
0.001729903 0.008940941
0.001731503 0.009176229
0.001733103 0.009882093
0.001734703 0.009882093
0.001736303 0.008940941
0.001737903 0.009176229
0.001739503 0.008940941
0.001741103 0.008235077
0.001742703 0.007764501
0.001744303 0.00682335
0.001745903 0.007058638
0.001747503 0.006117486
0.001749103 0.004705758
0.001750703 0.004235183
0.001752303 0.003529319
0.001753903 0.002352879
0.001755503 0.001647015
0.001757103 0.0009411517
0.001758703 0.0002352879
0.001760303 -0.0009411517
0.001761903 -0.00117644
0.001763503 -0.001647015
0.001765103 -0.002117591
0.001766703 -0.001882303
0.001768303 -0.002352879
0.001769903 -0.001882303
0.001771503 -0.002117591
0.001773103 -0.002117591
0.001774703 -0.001647015
0.001776303 -0.001647015
0.001777903 -0.0004705758
0.001779503 -0.0002352879
0.001781103 0.0002352879
0.001782703 0.001882303
0.001784303 0.002352879
0.001785903 0.003764607
0.001787503 0.004705758
0.001789103 0.005176334
0.001790703 0.004941046
0.001792303 0.005882198
0.001793903 0.005411622
0.001795503 0.005882198
0.001797103 0.004705758
0.001798703 0.00447047
0.001800303 0.003529319
0.001801903 0.003058743
0.001803503 0.002117591
0.001805103 0.001411728
0.001806703 0.0009411517
0.001808303 -0.0009411517
0.001809903 -0.001647015
0.001811503 -0.002588167
0.001813103 -0.002588167
0.001814703 -0.003058743
0.001816303 -0.003058743
0.001817903 -0.003294031
0.001819503 -0.002823455
0.001821103 -0.002352879
0.001822703 -0.001411728
0.001824303 -0.0004705758
0.001825903 0.0004705758
0.001827503 0.002352879
0.001829103 0.002823455
0.001830703 0.003999895
0.001832303 0.003999895
0.001833903 0.004705758
0.001835503 0.00447047
0.001837103 0.003764607
0.001838703 0.003999895
0.001840303 0.003529319
0.001841903 0.002352879
0.001843503 0.002352879
0.001845103 0.001882303
0.001846703 0.001647015
0.001848303 0.0002352879
0.001849903 0.0007058638
0.001851503 -0.0007058638
0.001853103 -0.0004705758
0.001854703 -0.0009411517
0.001856303 -0.00117644
0.001857903 -0.00117644
0.001859503 -0.00117644
0.001861103 -0.001647015
0.001862703 -0.001882303
0.001864303 -0.002823455
0.001865903 -0.002352879
0.001867503 -0.002117591
0.001869103 -0.001882303
0.001870703 -0.002352879
0.001872303 -0.001882303
0.001873903 -0.002117591
0.001875503 -0.001647015
0.001877103 -0.001647015
0.001878703 -0.002117591
0.001880303 -0.001882303
0.001881903 -0.001411728
0.001883503 -0.00117644
0.001885103 -0.001647015
0.001886703 -0.0009411517
0.001888303 -0.00117644
0.001889903 -0.001411728
0.001891503 -0.002352879
0.001893103 -0.001882303
0.001894703 -0.002352879
0.001896303 -0.002352879
0.001897903 -0.002823455
0.001899503 -0.003294031
0.001901103 -0.003294031
0.001902703 -0.002823455
0.001904303 -0.002588167
0.001905903 -0.001882303
0.001907503 -0.002352879
0.001909103 -0.0007058638
0.001910703 0
0.001912303 0.0004705758
0.001913903 0.001882303
0.001915503 0.003529319
0.001917103 0.003999895
0.001918703 0.00564691
0.001920303 0.006588062
0.001921903 0.007764501
0.001923503 0.007999789
0.001925103 0.009176229
0.001926703 0.01035267
0.001928303 0.01058796
0.001929903 0.01105853
0.001931503 0.01105853
0.001933103 0.01152911
0.001934703 0.01082324
0.001936303 0.01058796
0.001937903 0.01035267
0.001939503 0.009411517
0.001941103 0.009411517
0.001942703 0.007999789
0.001944303 0.007529213
0.001945903 0.00682335
0.001947503 0.005882198
0.001949103 0.00564691
0.001950703 0.005176334
0.001952303 0.00447047
0.001953903 0.004941046
0.001955503 0.004235183
0.001957103 0.003764607
0.001958703 0.003764607
0.001960303 0.004235183
0.001961903 0.003999895
0.001963503 0.004235183
0.001965103 0.003764607
0.001966703 0.003294031
0.001968303 0.003529319
0.001969903 0.003294031
0.001971503 0.002588167
0.001973103 0.002352879
0.001974703 0.002117591
0.001976303 0.001647015
0.001977903 0.001647015
0.001979503 0.0004705758
0.001981103 0.0004705758
0.001982703 -0.0002352879
0.001984303 -0.00117644
0.001985903 -0.001411728
0.001987503 -0.001411728
0.001989103 -0.001882303
0.001990703 -0.002352879
0.001992303 -0.002352879
0.001993903 -0.002117591
0.001995503 -0.002352879
0.001997103 -0.001647015
0.001998703 -0.00117644
0.002000303 0
0.002001903 0
0.002003503 0.0007058638
0.002005103 0.0007058638
0.002006703 0.001647015
0.002008303 0.0009411517
0.002009903 0.001647015
0.002011503 0.001411728
0.002013103 0.001647015
0.002014703 0.001411728
0.002016303 0.001882303
0.002017903 0.001882303
0.002019503 0.002823455
0.002021103 0.003058743
0.002022703 0.004235183
0.002024303 0.004235183
0.002025903 0.005411622
0.002027503 0.006588062
0.002029103 0.007764501
0.002030703 0.008235077
0.002032303 0.01035267
0.002033903 0.01058796
0.002035503 0.01105853
0.002037103 0.01152911
0.002038703 0.01223497
0.002040303 0.01247026
0.002041903 0.01317612
0.002043503 0.01341141
0.002045103 0.01341141
0.002046703 0.01317612
0.002048303 0.01317612
0.002049903 0.01270555
0.002051503 0.01223497
0.002053103 0.01199968
0.002054703 0.01082324
0.002056303 0.01082324
0.002057903 0.008705653
0.002059503 0.007529213
0.002061103 0.00682335
0.002062703 0.004705758
0.002064303 0.003529319
0.002065903 0.002352879
0.002067503 0.00117644
0.002069103 0
0.002070703 -0.001882303
0.002072303 -0.002823455
0.002073903 -0.003764607
0.002075503 -0.004705758
0.002077103 -0.005176334
0.002078703 -0.00564691
0.002080303 -0.00564691
0.002081903 -0.00564691
0.002083503 -0.006117486
0.002085103 -0.005411622
0.002086703 -0.005411622
0.002088303 -0.005176334
0.002089903 -0.005176334
0.002091503 -0.004235183
0.002093103 -0.00447047
0.002094703 -0.004235183
0.002096303 -0.003999895
0.002097903 -0.003764607
0.002099503 -0.003529319
0.002101103 -0.003058743
0.002102703 -0.003529319
0.002104303 -0.003529319
0.002105903 -0.003999895
0.002107503 -0.004235183
0.002109103 -0.004235183
0.002110703 -0.00447047
0.002112303 -0.003999895
0.002113903 -0.004235183
0.002115503 -0.003999895
0.002117103 -0.003764607
0.002118703 -0.002352879
0.002120303 -0.001882303
0.002121903 -0.0007058638
0.002123503 -0.0002352879
0.002125103 0.00117644
0.002126703 0.002588167
0.002128303 0.003529319
0.002129903 0.004941046
0.002131503 0.005411622
0.002133103 0.006588062
0.002134703 0.006352774
0.002136303 0.007293925
0.002137903 0.007293925
0.002139503 0.007764501
0.002141103 0.007293925
0.002142703 0.006588062
0.002144303 0.006588062
0.002145903 0.005176334
0.002147503 0.004941046
0.002149103 0.003058743
0.002150703 0.002352879
0.002152303 0.001882303
0.002153903 0.00117644
0.002155503 0
0.002157103 -0.00117644
0.002158703 -0.001411728
0.002160303 -0.002117591
0.002161903 -0.002588167
0.002163503 -0.002823455
0.002165103 -0.003058743
0.002166703 -0.003999895
0.002168303 -0.003529319
0.002169903 -0.00447047
0.002171503 -0.004705758
0.002173103 -0.004941046
0.002174703 -0.004705758
0.002176303 -0.005176334
0.002177903 -0.004941046
0.002179503 -0.005176334
0.002181103 -0.00564691
0.002182703 -0.004705758
0.002184303 -0.004705758
0.002185903 -0.005411622
0.002187503 -0.004941046
0.002189103 -0.005411622
0.002190703 -0.004941046
0.002192303 -0.00447047
0.002193903 -0.004235183
0.002195503 -0.003764607
0.002197103 -0.003764607
0.002198703 -0.003764607
0.002200303 -0.004235183
0.002201903 -0.003529319
0.002203503 -0.003764607
0.002205103 -0.003294031
0.002206703 -0.003294031
0.002208303 -0.003294031
0.002209903 -0.003058743
0.002211503 -0.002588167
0.002213103 -0.002588167
0.002214703 -0.002588167
0.002216303 -0.003058743
0.002217903 -0.002823455
0.002219503 -0.002823455
0.002221103 -0.003058743
0.002222703 -0.003294031
0.002224303 -0.003294031
0.002225903 -0.004235183
0.002227503 -0.004235183
0.002229103 -0.004941046
0.002230703 -0.005882198
0.002232303 -0.00564691
0.002233903 -0.006117486
0.002235503 -0.006588062
0.002237103 -0.007293925
0.002238703 -0.007293925
0.002240303 -0.007764501
0.002241903 -0.008235077
0.002243503 -0.007999789
0.002245103 -0.008470365
0.002246703 -0.008470365
0.002248303 -0.007764501
0.002249903 -0.007764501
0.002251503 -0.008705653
0.002253103 -0.008235077
0.002254703 -0.008235077
0.002256303 -0.007529213
0.002257903 -0.008470365
0.002259503 -0.008470365
0.002261103 -0.008705653
0.002262703 -0.008940941
0.002264303 -0.008940941
0.002265903 -0.008940941
0.002267503 -0.008940941
0.002269103 -0.009176229
0.002270703 -0.009176229
0.002272303 -0.009176229
0.002273903 -0.009176229
0.002275503 -0.008705653
0.002277103 -0.008705653
0.002278703 -0.008705653
0.002280303 -0.008235077
0.002281903 -0.007764501
0.002283503 -0.007764501
0.002285103 -0.007293925
0.002286703 -0.007764501
0.002288303 -0.007293925
0.002289903 -0.00682335
0.002291503 -0.007293925
0.002293103 -0.007529213
0.002294703 -0.007999789
0.002296303 -0.008235077
0.002297903 -0.007764501
0.002299503 -0.008235077
0.002301103 -0.008235077
0.002302703 -0.007999789
0.002304303 -0.007999789
0.002305903 -0.008235077
0.002307503 -0.007529213
0.002309103 -0.007529213
0.002310703 -0.00682335
0.002312303 -0.007293925
0.002313903 -0.006588062
0.002315503 -0.007293925
0.002317103 -0.00682335
0.002318703 -0.00682335
0.002320303 -0.007293925
0.002321903 -0.007529213
0.002323503 -0.008235077
0.002325103 -0.007999789
0.002326703 -0.008705653
0.002328303 -0.009411517
0.002329903 -0.009882093
0.002331503 -0.01035267
0.002333103 -0.01058796
0.002334703 -0.01223497
0.002336303 -0.01247026
0.002337903 -0.01341141
0.002339503 -0.01435256
0.002341103 -0.01505843
0.002342703 -0.01529371
0.002344303 -0.01623487
0.002345903 -0.01647015
0.002347503 -0.01623487
0.002349103 -0.01670544
0.002350703 -0.01623487
0.002352303 -0.01529371
0.002353903 -0.01576429
0.002355503 -0.01435256
0.002357103 -0.01388199
0.002358703 -0.01341141
0.002360303 -0.01223497
0.002361903 -0.01082324
0.002363503 -0.01058796
0.002365103 -0.01011738
0.002366703 -0.009176229
0.002368303 -0.008470365
0.002369903 -0.007764501
0.002371503 -0.007058638
0.002373103 -0.007293925
0.002374703 -0.006588062
0.002376303 -0.006588062
0.002377903 -0.006588062
0.002379503 -0.006352774
0.002381103 -0.007293925
0.002382703 -0.007764501
0.002384303 -0.008235077
0.002385903 -0.008940941
0.002387503 -0.009882093
0.002389103 -0.01058796
0.002390703 -0.0117644
0.002392303 -0.01199968
0.002393903 -0.01247026
0.002395503 -0.01341141
0.002397103 -0.01341141
0.002398703 -0.01294084
0.002400303 -0.01341141
0.002401903 -0.01341141
0.002403503 -0.01270555
0.002405103 -0.01270555
0.002406703 -0.01199968
0.002408303 -0.01152911
0.002409903 -0.01082324
0.002411503 -0.01058796
0.002413103 -0.009176229
0.002414703 -0.009176229
0.002416303 -0.008470365
0.002417903 -0.007764501
0.002419503 -0.007529213
0.002421103 -0.007058638
0.002422703 -0.006117486
0.002424303 -0.006352774
0.002425903 -0.00564691
0.002427503 -0.00564691
0.002429103 -0.004941046
0.002430703 -0.004941046
0.002432303 -0.004705758
0.002433903 -0.004235183
0.002435503 -0.004235183
0.002437103 -0.003294031
0.002438703 -0.003764607
0.002440303 -0.003294031
0.002441903 -0.002823455
0.002443503 -0.002588167
0.002445103 -0.002823455
0.002446703 -0.002588167
0.002448303 -0.001882303
0.002449903 -0.002117591
0.002451503 -0.001882303
0.002453103 -0.001882303
0.002454703 -0.002588167
0.002456303 -0.003058743
0.002457903 -0.002823455
0.002459503 -0.002823455
0.002461103 -0.003529319
0.002462703 -0.003529319
0.002464303 -0.003764607
0.002465903 -0.003294031
0.002467503 -0.003529319
0.002469103 -0.003764607
0.002470703 -0.003294031
0.002472303 -0.003999895
0.002473903 -0.003764607
0.002475503 -0.003764607
0.002477103 -0.003999895
0.002478703 -0.004941046
0.002480303 -0.004941046
0.002481903 -0.005176334
0.002483503 -0.005882198
0.002485103 -0.00564691
0.002486703 -0.00564691
0.002488303 -0.005882198
0.002489903 -0.006352774
0.002491503 -0.004941046
0.002493103 -0.004705758
0.002494703 -0.00447047
0.002496303 -0.003529319
0.002497903 -0.002823455
0.002499503 -0.002588167
0.002501103 -0.001647015
0.002502703 -0.0002352879
0.002504303 0
0.002505903 0.00117644
0.002507503 0.001647015
0.002509103 0.002588167
0.002510703 0.003529319
0.002512303 0.004235183
0.002513903 0.00564691
0.002515503 0.006117486
0.002517103 0.00682335
0.002518703 0.007529213
0.002520303 0.007999789
0.002521903 0.008235077
0.002523503 0.008705653
0.002525103 0.009411517
0.002526703 0.009646805
0.002528303 0.009411517
0.002529903 0.009882093
0.002531503 0.009882093
0.002533103 0.009882093
0.002534703 0.009411517
0.002536303 0.009882093
0.002537903 0.009176229
0.002539503 0.008235077
0.002541103 0.008470365
0.002542703 0.007058638
0.002544303 0.006588062
0.002545903 0.006117486
0.002547503 0.004941046
0.002549103 0.00447047
0.002550703 0.003999895
0.002552303 0.003294031
0.002553903 0.002823455
0.002555503 0.002352879
0.002557103 0.002352879
0.002558703 0.002352879
0.002560303 0.001411728
0.002561903 0.001411728
0.002563503 0.001647015
0.002565103 0.00117644
0.002566703 0.001411728
0.002568303 0.001411728
0.002569903 0.001411728
0.002571503 0.0007058638
0.002573103 0.001411728
0.002574703 0.00117644
0.002576303 0.0009411517
0.002577903 0.001411728
0.002579503 0.001411728
0.002581103 0.00117644
0.002582703 0.001411728
0.002584303 0.0007058638
0.002585903 0.0009411517
0.002587503 0.0009411517
0.002589103 0.0004705758
0.002590703 0.0002352879
0.002592303 0.0002352879
0.002593903 0.0004705758
0.002595503 0.0009411517
0.002597103 0.0007058638
0.002598703 0.0009411517
0.002600303 0.00117644
0.002601903 0.001411728
0.002603503 0.001647015
0.002605103 0.002588167
0.002606703 0.002823455
0.002608303 0.003294031
0.002609903 0.003999895
0.002611503 0.00447047
0.002613103 0.00447047
0.002614703 0.005411622
0.002616303 0.005411622
0.002617903 0.006117486
0.002619503 0.005882198
0.002621103 0.005882198
0.002622703 0.006117486
0.002624303 0.005882198
0.002625903 0.00564691
0.002627503 0.00564691
0.002629103 0.005176334
0.002630703 0.004705758
0.002632303 0.00447047
0.002633903 0.003764607
0.002635503 0.003529319
0.002637103 0.003058743
0.002638703 0.002823455
0.002640303 0.001647015
0.002641903 0.001647015
0.002643503 0.001411728
0.002645103 0.0007058638
0.002646703 0.0004705758
0.002648303 -0.0002352879
0.002649903 -0.0004705758
0.002651503 -0.0009411517
0.002653103 -0.0007058638
0.002654703 -0.001411728
0.002656303 -0.001882303
0.002657903 -0.00117644
0.002659503 -0.001882303
0.002661103 -0.002117591
0.002662703 -0.002352879
0.002664303 -0.002117591
0.002665903 -0.002823455
0.002667503 -0.002352879
0.002669103 -0.002352879
0.002670703 -0.002588167
0.002672303 -0.002352879
0.002673903 -0.002352879
0.002675503 -0.002117591
0.002677103 -0.002117591
0.002678703 -0.001882303
0.002680303 -0.00117644
0.002681903 -0.001882303
0.002683503 -0.00117644
0.002685103 -0.0009411517
0.002686703 -0.0002352879
0.002688303 -0.0002352879
0.002689903 0.0002352879
0.002691503 0.0004705758
0.002693103 0.0007058638
0.002694703 0.0009411517
0.002696303 0.00117644
0.002697903 0.001647015
0.002699503 0.001647015
0.002701103 0.001882303
0.002702703 0.001882303
0.002704303 0.002117591
0.002705903 0.001411728
0.002707503 0.0009411517
0.002709103 0.001411728
0.002710703 0.001411728
0.002712303 0.0007058638
0.002713903 0.0009411517
0.002715503 0.0004705758
0.002717103 0.0007058638
0.002718703 0.0007058638
0.002720303 0.0009411517
0.002721903 0.0007058638
0.002723503 0.0009411517
0.002725103 0.0004705758
0.002726703 0.0009411517
0.002728303 0.00117644
0.002729903 0.001411728
0.002731503 0.0007058638
0.002733103 0.001647015
0.002734703 0.001647015
0.002736303 0.001882303
0.002737903 0.001882303
0.002739503 0.002352879
0.002741103 0.002117591
0.002742703 0.002588167
0.002744303 0.002588167
0.002745903 0.002588167
0.002747503 0.003058743
0.002749103 0.002823455
0.002750703 0.002823455
0.002752303 0.003058743
0.002753903 0.002352879
0.002755503 0.002117591
0.002757103 0.001882303
0.002758703 0.001882303
0.002760303 0.0004705758
0.002761903 0
0.002763503 0
0.002765103 -0.001647015
0.002766703 -0.002117591
0.002768303 -0.002588167
0.002769903 -0.002823455
0.002771503 -0.003764607
0.002773103 -0.003999895
0.002774703 -0.003999895
0.002776303 -0.00447047
0.002777903 -0.004941046
0.002779503 -0.004235183
0.002781103 -0.004705758
0.002782703 -0.004235183
0.002784303 -0.003058743
0.002785903 -0.002352879
0.002787503 -0.001647015
0.002789103 -0.0004705758
0.002790703 0.0004705758
0.002792303 0.0007058638
0.002793903 0.001882303
0.002795503 0.002823455
0.002797103 0.003999895
0.002798703 0.004235183
0.002800303 0.00447047
0.002801903 0.004941046
0.002803503 0.004941046
0.002805103 0.004941046
0.002806703 0.005176334
0.002808303 0.004941046
0.002809903 0.003999895
0.002811503 0.003529319
0.002813103 0.002588167
0.002814703 0.002588167
0.002816303 0.001882303
0.002817903 0.00117644
0.002819503 0.0007058638
0.002821103 0.0002352879
0.002822703 0.0004705758
0.002824303 -0.0004705758
0.002825903 -0.001411728
0.002827503 -0.0007058638
0.002829103 -0.001647015
0.002830703 -0.001882303
0.002832303 -0.001882303
0.002833903 -0.001882303
0.002835503 -0.001647015
0.002837103 -0.001647015
0.002838703 -0.002117591
0.002840303 -0.002117591
0.002841903 -0.001882303
0.002843503 -0.002352879
0.002845103 -0.002117591
0.002846703 -0.002352879
0.002848303 -0.002352879
0.002849903 -0.002588167
0.002851503 -0.002117591
0.002853103 -0.002588167
0.002854703 -0.003058743
0.002856303 -0.003294031
0.002857903 -0.003529319
0.002859503 -0.002823455
0.002861103 -0.003294031
0.002862703 -0.003058743
0.002864303 -0.002823455
0.002865903 -0.002823455
0.002867503 -0.002823455
0.002869103 -0.002352879
0.002870703 -0.002823455
0.002872303 -0.001647015
0.002873903 -0.001647015
0.002875503 -0.001647015
0.002877103 -0.001411728
0.002878703 -0.001647015
0.002880303 -0.00117644
0.002881903 -0.001647015
0.002883503 -0.001647015
0.002885103 -0.002117591
0.002886703 -0.001882303
0.002888303 -0.001882303
0.002889903 -0.002588167
0.002891503 -0.001647015
0.002893103 -0.002823455
0.002894703 -0.002588167
0.002896303 -0.002823455
0.002897903 -0.002588167
0.002899503 -0.003058743
0.002901103 -0.003058743
0.002902703 -0.003764607
0.002904303 -0.003294031
0.002905903 -0.003294031
0.002907503 -0.003294031
0.002909103 -0.003764607
0.002910703 -0.004705758
0.002912303 -0.003764607
0.002913903 -0.004235183
0.002915503 -0.003764607
0.002917103 -0.003764607
0.002918703 -0.003058743
0.002920303 -0.002823455
0.002921903 -0.002588167
0.002923503 -0.002588167
0.002925103 -0.002588167
0.002926703 -0.001882303
0.002928303 -0.001411728
0.002929903 -0.00117644
0.002931503 -0.00117644
0.002933103 -0.00117644
0.002934703 -0.001411728
0.002936303 -0.0007058638
0.002937903 -0.00117644
0.002939503 -0.00117644
0.002941103 -0.0002352879
0.002942703 -0.0007058638
0.002944303 0
0.002945903 -0.0009411517
0.002947503 -0.0009411517
0.002949103 -0.0002352879
0.002950703 -0.0002352879
0.002952303 -0.00117644
0.002953903 -0.001647015
0.002955503 -0.00117644
0.002957103 -0.001411728
0.002958703 -0.001647015
0.002960303 -0.001411728
0.002961903 -0.002117591
0.002963503 -0.002588167
0.002965103 -0.002588167
0.002966703 -0.002823455
0.002968303 -0.003058743
0.002969903 -0.003529319
0.002971503 -0.00447047
0.002973103 -0.00447047
0.002974703 -0.004705758
0.002976303 -0.004941046
0.002977903 -0.005176334
0.002979503 -0.005411622
0.002981103 -0.006352774
0.002982703 -0.006588062
0.002984303 -0.006588062
0.002985903 -0.005882198
0.002987503 -0.00682335
0.002989103 -0.006588062
0.002990703 -0.006117486
0.002992303 -0.006588062
0.002993903 -0.006117486
0.002995503 -0.005882198
0.002997103 -0.00564691
0.002998703 -0.005882198
0.003000303 -0.005411622
0.003001903 -0.005176334
0.003003503 -0.004235183
0.003005103 -0.003999895
0.003006703 -0.003529319
0.003008303 -0.003294031
0.003009903 -0.002588167
0.003011503 -0.001647015
0.003013103 -0.001411728
0.003014703 -0.00117644
0.003016303 0
0.003017903 -0.0002352879
0.003019503 0.0002352879
0.003021103 0.0002352879
0.003022703 0.0002352879
0.003024303 0.0002352879
0.003025903 -0.0007058638
0.003027503 -0.0004705758
0.003029103 -0.0009411517
0.003030703 -0.002352879
0.003032303 -0.002823455
0.003033903 -0.003764607
0.003035503 -0.004705758
0.003037103 -0.00564691
0.003038703 -0.005882198
0.003040303 -0.007529213
0.003041903 -0.008470365
0.003043503 -0.009646805
0.003045103 -0.01011738
0.003046703 -0.01082324
0.003048303 -0.01152911
0.003049903 -0.0117644
0.003051503 -0.01223497
0.003053103 -0.01223497
0.003054703 -0.01247026
0.003056303 -0.01152911
0.003057903 -0.0117644
0.003059503 -0.0117644
0.003061103 -0.01105853
0.003062703 -0.01035267
0.003064303 -0.01011738
0.003065903 -0.009176229
0.003067503 -0.008940941
0.003069103 -0.007764501
0.003070703 -0.007293925
0.003072303 -0.005882198
0.003073903 -0.005411622
0.003075503 -0.004235183
0.003077103 -0.004235183
0.003078703 -0.002588167
0.003080303 -0.002117591
0.003081903 -0.001411728
0.003083503 -0.0009411517
0.003085103 -0.0007058638
0.003086703 0.0004705758
0.003088303 0.0007058638
0.003089903 0.0007058638
0.003091503 0.001647015
0.003093103 0.001411728
0.003094703 0.001647015
0.003096303 0.001647015
0.003097903 0.001882303
0.003099503 0.001882303
0.003101103 0.001647015
0.003102703 0.001647015
0.003104303 0.00117644
0.003105903 0.0009411517
0.003107503 0.0009411517
0.003109103 0.0002352879
0.003110703 -0.0004705758
0.003112303 0
0.003113903 -0.0004705758
0.003115503 -0.0004705758
0.003117103 -0.001411728
0.003118703 -0.001647015
0.003120303 -0.001882303
0.003121903 -0.002352879
0.003123503 -0.002823455
0.003125103 -0.003294031
0.003126703 -0.003764607
0.003128303 -0.004235183
0.003129903 -0.005176334
0.003131503 -0.00564691
0.003133103 -0.007058638
0.003134703 -0.007058638
0.003136303 -0.008235077
0.003137903 -0.009176229
0.003139503 -0.009882093
0.003141103 -0.01058796
0.003142703 -0.01058796
0.003144303 -0.01129382
0.003145903 -0.01152911
0.003147503 -0.01223497
0.003149103 -0.01199968
0.003150703 -0.01199968
0.003152303 -0.0117644
0.003153903 -0.01223497
0.003155503 -0.0117644
0.003157103 -0.01223497
0.003158703 -0.01270555
0.003160303 -0.01223497
0.003161903 -0.01152911
0.003163503 -0.01223497
0.003165103 -0.01152911
0.003166703 -0.01152911
0.003168303 -0.01199968
0.003169903 -0.01152911
0.003171503 -0.01152911
0.003173103 -0.01129382
0.003174703 -0.01152911
0.003176303 -0.01058796
0.003177903 -0.01082324
0.003179503 -0.01058796
0.003181103 -0.01035267
0.003182703 -0.009411517
0.003184303 -0.009411517
0.003185903 -0.008940941
0.003187503 -0.008705653
0.003189103 -0.008705653
0.003190703 -0.008235077
0.003192303 -0.008705653
0.003193903 -0.008235077
0.003195503 -0.008470365
0.003197103 -0.008235077
0.003198703 -0.008705653
0.003200303 -0.008235077
0.003201903 -0.008705653
0.003203503 -0.008470365
0.003205103 -0.009176229
0.003206703 -0.008940941
0.003208303 -0.009411517
0.003209903 -0.008940941
0.003211503 -0.009176229
0.003213103 -0.009411517
0.003214703 -0.009882093
0.003216303 -0.01011738
0.003217903 -0.01035267
0.003219503 -0.01058796
0.003221103 -0.01129382
0.003222703 -0.0117644
0.003224303 -0.01223497
0.003225903 -0.01223497
0.003227503 -0.01270555
0.003229103 -0.01270555
0.003230703 -0.01341141
0.003232303 -0.01341141
0.003233903 -0.01341141
0.003235503 -0.01388199
0.003237103 -0.01435256
0.003238703 -0.01482314
0.003240303 -0.01529371
0.003241903 -0.01529371
0.003243503 -0.01599958
0.003245103 -0.01670544
0.003246703 -0.01694073
0.003248303 -0.01741131
0.003249903 -0.01835246
0.003251503 -0.01811717
0.003253103 -0.01905832
0.003254703 -0.01929361
0.003256303 -0.02023476
0.003257903 -0.01999947
0.003259503 -0.02023476
0.003261103 -0.02023476
0.003262703 -0.02094062
0.003264303 -0.02023476
0.003265903 -0.02117591
0.003267503 -0.02047005
0.003269103 -0.02023476
0.003270703 -0.02070534
0.003272303 -0.02047005
0.003273903 -0.02070534
0.003275503 -0.02094062
0.003277103 -0.02023476
0.003278703 -0.02094062
0.003280303 -0.01999947
0.003281903 -0.02117591
0.003283503 -0.02047005
0.003285103 -0.02094062
0.003286703 -0.01999947
0.003288303 -0.02023476
0.003289903 -0.02047005
0.003291503 -0.02023476
0.003293103 -0.02047005
0.003294703 -0.02094062
0.003296303 -0.02070534
0.003297903 -0.02070534
0.003299503 -0.02070534
0.003301103 -0.02023476
0.003302703 -0.02047005
0.003304303 -0.02070534
0.003305903 -0.02117591
0.003307503 -0.02117591
0.003309103 -0.0214112
0.003310703 -0.02164649
0.003312303 -0.02188178
0.003313903 -0.02188178
0.003315503 -0.02188178
0.003317103 -0.02211706
0.003318703 -0.02188178
0.003320303 -0.02211706
0.003321903 -0.02211706
0.003323503 -0.02235235
0.003325103 -0.02164649
0.003326703 -0.02188178
0.003328303 -0.0214112
0.003329903 -0.02164649
0.003331503 -0.02094062
0.003333103 -0.0214112
0.003334703 -0.02047005
0.003336303 -0.02023476
0.003337903 -0.01905832
0.003339503 -0.01929361
0.003341103 -0.01788188
0.003342703 -0.01835246
0.003344303 -0.01764659
0.003345903 -0.01811717
0.003347503 -0.01717602
0.003349103 -0.01764659
0.003350703 -0.01717602
0.003352303 -0.01741131
0.003353903 -0.01741131
0.003355503 -0.01835246
0.003357103 -0.01811717
0.003358703 -0.01858775
0.003360303 -0.01882303
0.003361903 -0.01929361
0.003363503 -0.01976419
0.003365103 -0.01976419
0.003366703 -0.02047005
0.003368303 -0.02094062
0.003369903 -0.02047005
0.003371503 -0.02117591
0.003373103 -0.02094062
0.003374703 -0.02047005
0.003376303 -0.02047005
0.003377903 -0.02047005
0.003379503 -0.0195289
0.003381103 -0.01929361
0.003382703 -0.0195289
0.003384303 -0.01858775
0.003385903 -0.01764659
0.003387503 -0.01788188
0.003389103 -0.01764659
0.003390703 -0.01694073
0.003392303 -0.01623487
0.003393903 -0.01694073
0.003395503 -0.01670544
0.003397103 -0.01599958
0.003398703 -0.01623487
0.003400303 -0.01647015
0.003401903 -0.01623487
0.003403503 -0.01623487
0.003405103 -0.01647015
0.003406703 -0.01599958
0.003408303 -0.01599958
0.003409903 -0.01599958
0.003411503 -0.015529
0.003413103 -0.01623487
0.003414703 -0.01599958
0.003416303 -0.01599958
0.003417903 -0.01576429
0.003419503 -0.01599958
0.003421103 -0.015529
0.003422703 -0.01576429
0.003424303 -0.01576429
0.003425903 -0.01647015
0.003427503 -0.01623487
0.003429103 -0.01694073
0.003430703 -0.01694073
0.003432303 -0.01764659
0.003433903 -0.01717602
0.003435503 -0.01764659
0.003437103 -0.01811717
0.003438703 -0.01835246
0.003440303 -0.01788188
0.003441903 -0.01882303
0.003443503 -0.01882303
0.003445103 -0.01976419
0.003446703 -0.0195289
0.003448303 -0.01999947
0.003449903 -0.01999947
0.003451503 -0.02023476
0.003453103 -0.01976419
0.003454703 -0.01999947
0.003456303 -0.01999947
0.003457903 -0.02070534
0.003459503 -0.02094062
0.003461103 -0.02047005
0.003462703 -0.02023476
0.003464303 -0.02047005
0.003465903 -0.01999947
0.003467503 -0.02023476
0.003469103 -0.01976419
0.003470703 -0.01999947
0.003472303 -0.0195289
0.003473903 -0.01929361
0.003475503 -0.01882303
0.003477103 -0.01905832
0.003478703 -0.01835246
0.003480303 -0.01882303
0.003481903 -0.01788188
0.003483503 -0.01741131
0.003485103 -0.01764659
0.003486703 -0.01764659
0.003488303 -0.01741131
0.003489903 -0.01788188
0.003491503 -0.01694073
0.003493103 -0.01741131
0.003494703 -0.01670544
0.003496303 -0.01647015
0.003497903 -0.01670544
0.003499503 -0.01647015
0.003501103 -0.01623487
0.003502703 -0.01670544
0.003504303 -0.01576429
0.003505903 -0.01623487
0.003507503 -0.015529
0.003509103 -0.01576429
0.003510703 -0.015529
0.003512303 -0.01576429
0.003513903 -0.015529
0.003515503 -0.01623487
0.003517103 -0.01647015
0.003518703 -0.01623487
0.003520303 -0.01670544
0.003521903 -0.01717602
0.003523503 -0.01741131
0.003525103 -0.01741131
0.003526703 -0.01811717
0.003528303 -0.01882303
0.003529903 -0.01905832
0.003531503 -0.01976419
0.003533103 -0.01976419
0.003534703 -0.02047005
0.003536303 -0.02117591
0.003537903 -0.02188178
0.003539503 -0.02164649
0.003541103 -0.02188178
0.003542703 -0.02211706
0.003544303 -0.02235235
0.003545903 -0.02188178
0.003547503 -0.02211706
0.003549103 -0.02211706
0.003550703 -0.02235235
0.003552303 -0.02188178
0.003553903 -0.02235235
0.003555503 -0.02188178
0.003557103 -0.02188178
0.003558703 -0.02164649
0.003560303 -0.02188178
0.003561903 -0.0214112
0.003563503 -0.0214112
0.003565103 -0.0214112
0.003566703 -0.0214112
0.003568303 -0.0214112
0.003569903 -0.02164649
0.003571503 -0.0214112
0.003573103 -0.02164649
0.003574703 -0.02211706
0.003576303 -0.02211706
0.003577903 -0.02188178
0.003579503 -0.02188178
0.003581103 -0.02094062
0.003582703 -0.02188178
0.003584303 -0.02094062
0.003585903 -0.0214112
0.003587503 -0.02023476
0.003589103 -0.02023476
0.003590703 -0.02023476
0.003592303 -0.0195289
0.003593903 -0.01929361
0.003595503 -0.01905832
0.003597103 -0.01835246
0.003598703 -0.01788188
0.003600303 -0.01764659
0.003601903 -0.01858775
0.003603503 -0.01764659
0.003605103 -0.01811717
0.003606703 -0.01741131
0.003608303 -0.01741131
0.003609903 -0.01741131
0.003611503 -0.01811717
0.003613103 -0.01835246
0.003614703 -0.01882303
0.003616303 -0.01788188
0.003617903 -0.01858775
0.003619503 -0.01811717
0.003621103 -0.01835246
0.003622703 -0.01835246
0.003624303 -0.01882303
0.003625903 -0.01835246
0.003627503 -0.01835246
0.003629103 -0.01858775
0.003630703 -0.01858775
0.003632303 -0.01788188
0.003633903 -0.01811717
0.003635503 -0.01811717
0.003637103 -0.01764659
0.003638703 -0.01741131
0.003640303 -0.01764659
0.003641903 -0.01694073
0.003643503 -0.01764659
0.003645103 -0.01741131
0.003646703 -0.01741131
0.003648303 -0.01694073
0.003649903 -0.01694073
0.003651503 -0.01694073
0.003653103 -0.01717602
0.003654703 -0.01764659
0.003656303 -0.01764659
0.003657903 -0.01788188
0.003659503 -0.01764659
0.003661103 -0.01717602
0.003662703 -0.01670544
0.003664303 -0.01647015
0.003665903 -0.01694073
0.003667503 -0.01647015
0.003669103 -0.01647015
0.003670703 -0.01623487
0.003672303 -0.01576429
0.003673903 -0.01576429
0.003675503 -0.01529371
0.003677103 -0.015529
0.003678703 -0.015529
0.003680303 -0.01529371
0.003681903 -0.01599958
0.003683503 -0.01623487
0.003685103 -0.01599958
0.003686703 -0.01576429
0.003688303 -0.01623487
0.003689903 -0.01670544
0.003691503 -0.01670544
0.003693103 -0.01623487
0.003694703 -0.01670544
0.003696303 -0.01647015
0.003697903 -0.01694073
0.003699503 -0.01623487
0.003701103 -0.01647015
0.003702703 -0.01647015
0.003704303 -0.01576429
0.003705903 -0.01576429
0.003707503 -0.01529371
0.003709103 -0.01482314
0.003710703 -0.01458785
0.003712303 -0.01505843
0.003713903 -0.01435256
0.003715503 -0.0136467
0.003717103 -0.01435256
0.003718703 -0.01317612
0.003720303 -0.01388199
0.003721903 -0.01294084
0.003723503 -0.01270555
0.003725103 -0.01294084
0.003726703 -0.01294084
0.003728303 -0.01270555
0.003729903 -0.01223497
0.003731503 -0.01223497
0.003733103 -0.01199968
0.003734703 -0.0117644
0.003736303 -0.0117644
0.003737903 -0.0117644
0.003739503 -0.01152911
0.003741103 -0.01082324
0.003742703 -0.01129382
0.003744303 -0.01035267
0.003745903 -0.01058796
0.003747503 -0.01011738
0.003749103 -0.009646805
0.003750703 -0.01035267
0.003752303 -0.009882093
0.003753903 -0.009411517
0.003755503 -0.009882093
0.003757103 -0.008940941
0.003758703 -0.008470365
0.003760303 -0.008705653
0.003761903 -0.008705653
0.003763503 -0.008470365
0.003765103 -0.007999789
0.003766703 -0.007529213
0.003768303 -0.008235077
0.003769903 -0.007058638
0.003771503 -0.00682335
0.003773103 -0.006588062
0.003774703 -0.006588062
0.003776303 -0.007058638
0.003777903 -0.00682335
0.003779503 -0.006117486
0.003781103 -0.00564691
0.003782703 -0.006352774
0.003784303 -0.006117486
0.003785903 -0.006352774
0.003787503 -0.006352774
0.003789103 -0.00682335
0.003790703 -0.006352774
0.003792303 -0.006588062
0.003793903 -0.00682335
0.003795503 -0.007529213
0.003797103 -0.007058638
0.003798703 -0.007764501
0.003800303 -0.007999789
0.003801903 -0.008705653
0.003803503 -0.008705653
0.003805103 -0.008940941
0.003806703 -0.008705653
0.003808303 -0.009176229
0.003809903 -0.009176229
0.003811503 -0.009411517
0.003813103 -0.009882093
0.003814703 -0.01035267
0.003816303 -0.01082324
0.003817903 -0.01035267
0.003819503 -0.01105853
0.003821103 -0.01082324
0.003822703 -0.01129382
0.003824303 -0.01129382
0.003825903 -0.01152911
0.003827503 -0.0117644
0.003829103 -0.0117644
0.003830703 -0.0117644
0.003832303 -0.01199968
0.003833903 -0.01152911
0.003835503 -0.01152911
0.003837103 -0.01058796
0.003838703 -0.01105853
0.003840303 -0.01129382
0.003841903 -0.01035267
0.003843503 -0.01035267
0.003845103 -0.01035267
0.003846703 -0.01058796
0.003848303 -0.01035267
0.003849903 -0.009882093
0.003851503 -0.009882093
0.003853103 -0.01011738
0.003854703 -0.009882093
0.003856303 -0.009176229
0.003857903 -0.009882093
0.003859503 -0.009646805
0.003861103 -0.01035267
0.003862703 -0.009882093
0.003864303 -0.01035267
0.003865903 -0.01035267
0.003867503 -0.01058796
0.003869103 -0.01082324
0.003870703 -0.01105853
0.003872303 -0.0117644
0.003873903 -0.01247026
0.003875503 -0.01247026
0.003877103 -0.0136467
0.003878703 -0.01388199
0.003880303 -0.01388199
0.003881903 -0.01411728
0.003883503 -0.01435256
0.003885103 -0.01458785
0.003886703 -0.01458785
0.003888303 -0.01388199
0.003889903 -0.01341141
0.003891503 -0.01341141
0.003893103 -0.01294084
0.003894703 -0.01223497
0.003896303 -0.01129382
0.003897903 -0.01058796
0.003899503 -0.009882093
0.003901103 -0.009411517
0.003902703 -0.008940941
0.003904303 -0.008940941
0.003905903 -0.009176229
0.003907503 -0.008940941
0.003909103 -0.009411517
0.003910703 -0.009411517
0.003912303 -0.01035267
0.003913903 -0.01129382
0.003915503 -0.01270555
0.003917103 -0.0136467
0.003918703 -0.01388199
0.003920303 -0.01482314
0.003921903 -0.01458785
0.003923503 -0.01482314
0.003925103 -0.01482314
0.003926703 -0.01435256
0.003928303 -0.01458785
0.003929903 -0.01411728
0.003931503 -0.0136467
0.003933103 -0.01317612
0.003934703 -0.01294084
0.003936303 -0.0136467
0.003937903 -0.01317612
0.003939503 -0.01411728
0.003941103 -0.01435256
0.003942703 -0.01435256
0.003944303 -0.01505843
0.003945903 -0.015529
0.003947503 -0.01623487
0.003949103 -0.01694073
0.003950703 -0.01694073
0.003952303 -0.01741131
0.003953903 -0.01788188
0.003955503 -0.01764659
0.003957103 -0.01694073
0.003958703 -0.01647015
0.003960303 -0.015529
0.003961903 -0.01435256
0.003963503 -0.0136467
0.003965103 -0.01247026
0.003966703 -0.01129382
0.003968303 -0.009176229
0.003969903 -0.008470365
0.003971503 -0.007764501
0.003973103 -0.006588062
0.003974703 -0.005882198
0.003976303 -0.00564691
0.003977903 -0.005882198
0.003979503 -0.005882198
0.003981103 -0.006117486
0.003982703 -0.00682335
0.003984303 -0.008235077
0.003985903 -0.008705653
0.003987503 -0.008940941
0.003989103 -0.009411517
0.003990703 -0.009411517
0.003992303 -0.009882093
0.003993903 -0.008940941
0.003995503 -0.007999789
0.003997103 -0.00682335
0.003998703 -0.005882198
0.004000303 -0.004235183
0.004001903 -0.004235183
0.004003503 -0.002352879
0.004005103 -0.00117644
0.004006703 0
0.004008303 0.0004705758
0.004009903 0.0002352879
0.004011503 0.0002352879
0.004013103 0.0002352879
0.004014703 -0.0002352879
0.004016303 -0.0009411517
0.004017903 -0.001411728
0.004019503 -0.001882303
0.004021103 -0.003294031
0.004022703 -0.004235183
0.004024303 -0.00447047
0.004025903 -0.004235183
0.004027503 -0.004705758
0.004029103 -0.004235183
0.004030703 -0.003764607
0.004032303 -0.002352879
0.004033903 -0.001411728
0.004035503 0.0002352879
0.004037103 0.001882303
0.004038703 0.003529319
0.004040303 0.00447047
0.004041903 0.005882198
0.004043503 0.006117486
0.004045103 0.006588062
0.004046703 0.007293925
0.004048303 0.007058638
0.004049903 0.007529213
0.004051503 0.00682335
0.004053103 0.00564691
0.004054703 0.004941046
0.004056303 0.003999895
0.004057903 0.003529319
0.004059503 0.001882303
0.004061103 0.001411728
0.004062703 0.0007058638
0.004064303 -0.0002352879
0.004065903 0.0002352879
0.004067503 0.0004705758
0.004069103 0.0004705758
0.004070703 0.001647015
0.004072303 0.002352879
0.004073903 0.003294031
0.004075503 0.004235183
0.004077103 0.005176334
0.004078703 0.00682335
0.004080303 0.007764501
0.004081903 0.008235077
0.004083503 0.009176229
0.004085103 0.008470365
0.004086703 0.008705653
0.004088303 0.007764501
0.004089903 0.007293925
0.004091503 0.00682335
0.004093103 0.005882198
0.004094703 0.005176334
0.004096303 0.00447047
0.004097903 0.00447047
0.004099503 0.004941046
0.004101103 0.003999895
0.004102703 0.00447047
0.004104303 0.004941046
0.004105903 0.005411622
0.004107503 0.005882198
0.004109103 0.006117486
0.004110703 0.006588062
0.004112303 0.007058638
0.004113903 0.007529213
0.004115503 0.007999789
0.004117103 0.007999789
0.004118703 0.008705653
0.004120303 0.008705653
0.004121903 0.008940941
0.004123503 0.008470365
0.004125103 0.008235077
0.004126703 0.007999789
0.004128303 0.007529213
0.004129903 0.00682335
0.004131503 0.00682335
0.004133103 0.006352774
0.004134703 0.007058638
0.004136303 0.007529213
0.004137903 0.007999789
0.004139503 0.008235077
0.004141103 0.008705653
0.004142703 0.009176229
0.004144303 0.009646805
0.004145903 0.01058796
0.004147503 0.01129382
0.004149103 0.0117644
0.004150703 0.01223497
0.004152303 0.01247026
0.004153903 0.01247026
0.004155503 0.01247026
0.004157103 0.01223497
0.004158703 0.01152911
0.004160303 0.01082324
0.004161903 0.01082324
0.004163503 0.01035267
0.004165103 0.009411517
0.004166703 0.008940941
0.004168303 0.007999789
0.004169903 0.008235077
0.004171503 0.007293925
0.004173103 0.007058638
0.004174703 0.006352774
0.004176303 0.007058638
0.004177903 0.006117486
0.004179503 0.00682335
0.004181103 0.007058638
0.004182703 0.007764501
0.004184303 0.007999789
0.004185903 0.007999789
0.004187503 0.008235077
0.004189103 0.008470365
0.004190703 0.009646805
0.004192303 0.009646805
0.004193903 0.009411517
0.004195503 0.01058796
0.004197103 0.01105853
0.004198703 0.01152911
0.004200303 0.01247026
