LECROYWS4024HD 19320 Waveform
Segments 1 SegmentSize 3127
Segment TrigTime TimeSinceSegment1
#1 16-May-2024 16:39:26 0                 
Time Ampl
-0.000801305 -0.0002352879
-0.000799705 0
-0.000798105 0.0002352879
-0.000796505 0
-0.000794905 0.0004705758
-0.000793305 0
-0.000791705 0
-0.000790105 0.0004705758
-0.000788505 0.0004705758
-0.000786905 0
-0.000785305 0.0009411517
-0.000783705 -0.0002352879
-0.000782105 0
-0.000780505 0
-0.000778905 0
-0.000777305 -0.0002352879
-0.000775705 0.0004705758
-0.000774105 -0.0002352879
-0.000772505 -0.0002352879
-0.000770905 0
-0.000769305 -0.0002352879
-0.000767705 0.0004705758
-0.000766105 -0.0004705758
-0.000764505 -0.0002352879
-0.000762905 0.0004705758
-0.000761305 0
-0.000759705 0.0002352879
-0.000758105 -0.0002352879
-0.000756505 0.0007058638
-0.000754905 -0.0004705758
-0.000753305 0.0004705758
-0.000751705 -0.0004705758
-0.000750105 -0.0004705758
-0.000748505 -0.0004705758
-0.000746905 0.0002352879
-0.000745305 0
-0.000743705 -0.0002352879
-0.000742105 0
-0.000740505 0
-0.000738905 0.0002352879
-0.000737305 0.0004705758
-0.000735705 -0.0007058638
-0.000734105 -0.0002352879
-0.000732505 -0.0002352879
-0.000730905 -0.0002352879
-0.000729305 0.0002352879
-0.000727705 -0.0002352879
-0.000726105 0
-0.000724505 -0.0004705758
-0.000722905 0
-0.000721305 0.0004705758
-0.000719705 -0.0002352879
-0.000718105 -0.0004705758
-0.000716505 0.0002352879
-0.000714905 0.0002352879
-0.000713305 0
-0.000711705 0
-0.000710105 0
-0.000708505 0.0004705758
-0.000706905 0.0002352879
-0.000705305 0.0004705758
-0.000703705 0
-0.000702105 0.0002352879
-0.000700505 0.0002352879
-0.000698905 -0.0004705758
-0.000697305 -0.0002352879
-0.000695705 0
-0.000694105 -0.0002352879
-0.000692505 0
-0.000690905 -0.0004705758
-0.000689305 -0.0002352879
-0.000687705 -0.0002352879
-0.000686105 -0.0004705758
-0.000684505 -0.0002352879
-0.000682905 0
-0.000681305 0
-0.000679705 0.0002352879
-0.000678105 0
-0.000676505 0
-0.000674905 -0.0002352879
-0.000673305 -0.0002352879
-0.000671705 0
-0.000670105 0.0002352879
-0.000668505 0
-0.000666905 -0.0004705758
-0.000665305 -0.0004705758
-0.000663705 -0.0002352879
-0.000662105 -0.0002352879
-0.000660505 0
-0.000658905 -0.0002352879
-0.000657305 0.0004705758
-0.000655705 -0.0004705758
-0.000654105 0.0002352879
-0.000652505 -0.0004705758
-0.000650905 -0.0002352879
-0.000649305 0
-0.000647705 0.0002352879
-0.000646105 0.0002352879
-0.000644505 0.0002352879
-0.000642905 0
-0.000641305 -0.0007058638
-0.000639705 0
-0.000638105 -0.0002352879
-0.000636505 -0.0009411517
-0.000634905 -0.0007058638
-0.000633305 -0.0002352879
-0.000631705 0.0002352879
-0.000630105 0
-0.000628505 0
-0.000626905 0.0002352879
-0.000625305 0.0002352879
-0.000623705 -0.0004705758
-0.000622105 0.0004705758
-0.000620505 -0.0002352879
-0.000618905 0
-0.000617305 0
-0.000615705 0
-0.000614105 -0.0002352879
-0.000612505 0.0004705758
-0.000610905 -0.0004705758
-0.000609305 0.0007058638
-0.000607705 0.0002352879
-0.000606105 0.0002352879
-0.000604505 0
-0.000602905 0
-0.000601305 0
-0.000599705 0.0002352879
-0.000598105 0
-0.000596505 -0.0007058638
-0.000594905 0.0002352879
-0.000593305 0.0004705758
-0.000591705 -0.0002352879
-0.000590105 -0.0002352879
-0.000588505 -0.0002352879
-0.000586905 0.0002352879
-0.000585305 0
-0.000583705 0.0002352879
-0.000582105 -0.0002352879
-0.000580505 0.0002352879
-0.000578905 -0.0007058638
-0.000577305 0.0002352879
-0.000575705 0
-0.000574105 0.0002352879
-0.000572505 -0.0002352879
-0.000570905 -0.0002352879
-0.000569305 -0.0004705758
-0.000567705 0.0002352879
-0.000566105 0.0002352879
-0.000564505 0.0002352879
-0.000562905 -0.0002352879
-0.000561305 -0.0002352879
-0.000559705 0
-0.000558105 -0.0002352879
-0.000556505 -0.0002352879
-0.000554905 0.0002352879
-0.000553305 0.0002352879
-0.000551705 0.0002352879
-0.000550105 0.0002352879
-0.000548505 0.0004705758
-0.000546905 -0.0002352879
-0.000545305 -0.0002352879
-0.000543705 -0.0004705758
-0.000542105 0.0002352879
-0.000540505 -0.0002352879
-0.000538905 0.0004705758
-0.000537305 -0.0004705758
-0.000535705 0.0004705758
-0.000534105 -0.0002352879
-0.000532505 -0.0002352879
-0.000530905 0
-0.000529305 0
-0.000527705 0
-0.000526105 0.0002352879
-0.000524505 -0.0004705758
-0.000522905 -0.0002352879
-0.000521305 -0.0004705758
-0.000519705 0.0002352879
-0.000518105 -0.0004705758
-0.000516505 0.0002352879
-0.000514905 -0.0007058638
-0.000513305 0.0002352879
-0.000511705 0
-0.000510105 0.0004705758
-0.000508505 0
-0.000506905 -0.0002352879
-0.000505305 0
-0.000503705 0.0002352879
-0.000502105 -0.0002352879
-0.000500505 0
-0.000498905 0.0002352879
-0.000497305 -0.0002352879
-0.000495705 -0.0004705758
-0.000494105 0.0004705758
-0.000492505 0.0002352879
-0.000490905 0.0004705758
-0.000489305 0.0002352879
-0.000487705 0.0002352879
-0.000486105 -0.0004705758
-0.000484505 -0.0002352879
-0.000482905 0
-0.000481305 0.0002352879
-0.000479705 0.0002352879
-0.000478105 0.0002352879
-0.000476505 0
-0.000474905 -0.0007058638
-0.000473305 0
-0.000471705 0
-0.000470105 0
-0.000468505 0.0002352879
-0.000466905 -0.0002352879
-0.000465305 0.0002352879
-0.000463705 -0.0004705758
-0.000462105 -0.0002352879
-0.000460505 -0.0004705758
-0.000458905 -0.0002352879
-0.000457305 0.0004705758
-0.000455705 0
-0.000454105 0
-0.000452505 0.0002352879
-0.000450905 0
-0.000449305 0.0004705758
-0.000447705 0
-0.000446105 0.0002352879
-0.000444505 0
-0.000442905 -0.0002352879
-0.000441305 0
-0.000439705 -0.0004705758
-0.000438105 -0.0002352879
-0.000436505 -0.0002352879
-0.000434905 -0.0002352879
-0.000433305 0.0002352879
-0.000431705 0
-0.000430105 0
-0.000428505 0
-0.000426905 0.0002352879
-0.000425305 0.0002352879
-0.000423705 0.0002352879
-0.000422105 0.0002352879
-0.000420505 0
-0.000418905 0.0002352879
-0.000417305 -0.0002352879
-0.000415705 0
-0.000414105 0.0002352879
-0.000412505 0
-0.000410905 -0.0002352879
-0.000409305 0
-0.000407705 0.0004705758
-0.000406105 0
-0.000404505 0
-0.000402905 -0.0004705758
-0.000401305 -0.0004705758
-0.000399705 -0.0004705758
-0.000398105 0.0007058638
-0.000396505 0
-0.000394905 0
-0.000393305 0
-0.000391705 0.0004705758
-0.000390105 -0.0004705758
-0.000388505 0.0002352879
-0.000386905 0
-0.000385305 -0.0002352879
-0.000383705 0
-0.000382105 0.0002352879
-0.000380505 0.0002352879
-0.000378905 0.0007058638
-0.000377305 -0.0002352879
-0.000375705 -0.0004705758
-0.000374105 -0.0002352879
-0.000372505 0.0002352879
-0.000370905 -0.0002352879
-0.000369305 -0.0004705758
-0.000367705 -0.0004705758
-0.000366105 -0.0002352879
-0.000364505 -0.0002352879
-0.000362905 0.0002352879
-0.000361305 0
-0.000359705 -0.0004705758
-0.000358105 0
-0.000356505 0.0002352879
-0.000354905 -0.0004705758
-0.000353305 -0.0002352879
-0.000351705 -0.0007058638
-0.000350105 0.0002352879
-0.000348505 0
-0.000346905 0
-0.000345305 0.0002352879
-0.000343705 0.0002352879
-0.000342105 -0.0002352879
-0.000340505 -0.0002352879
-0.000338905 -0.0002352879
-0.000337305 0.0002352879
-0.000335705 -0.0004705758
-0.000334105 0.0002352879
-0.000332505 -0.0002352879
-0.000330905 -0.0002352879
-0.000329305 0.0002352879
-0.000327705 0
-0.000326105 -0.0002352879
-0.000324505 -0.0002352879
-0.000322905 -0.0002352879
-0.000321305 0.0002352879
-0.000319705 0.0002352879
-0.000318105 0
-0.000316505 -0.0002352879
-0.000314905 0
-0.000313305 -0.0002352879
-0.000311705 -0.0002352879
-0.000310105 -0.0004705758
-0.000308505 0
-0.000306905 -0.0002352879
-0.000305305 0.0004705758
-0.000303705 0
-0.000302105 -0.0004705758
-0.000300505 0
-0.000298905 -0.0004705758
-0.000297305 0
-0.000295705 0.0002352879
-0.000294105 0
-0.000292505 0
-0.000290905 -0.0004705758
-0.000289305 0.0004705758
-0.000287705 -0.0002352879
-0.000286105 -0.0007058638
-0.000284505 -0.0004705758
-0.000282905 0.0004705758
-0.000281305 -0.0002352879
-0.000279705 -0.0004705758
-0.000278105 0
-0.000276505 -0.0002352879
-0.000274905 0
-0.000273305 -0.0004705758
-0.000271705 0
-0.000270105 -0.0002352879
-0.000268505 -0.0002352879
-0.000266905 -0.0004705758
-0.000265305 0
-0.000263705 0.0002352879
-0.000262105 -0.0002352879
-0.000260505 0
-0.000258905 -0.0002352879
-0.000257305 -0.0002352879
-0.000255705 -0.0002352879
-0.000254105 0.0002352879
-0.000252505 0
-0.000250905 -0.0002352879
-0.000249305 0
-0.000247705 0.0002352879
-0.000246105 -0.0004705758
-0.000244505 -0.0002352879
-0.000242905 -0.0004705758
-0.000241305 0
-0.000239705 0.0004705758
-0.000238105 -0.0004705758
-0.000236505 0
-0.000234905 -0.0002352879
-0.000233305 0
-0.000231705 -0.0002352879
-0.000230105 0.0002352879
-0.000228505 0.0004705758
-0.000226905 -0.0007058638
-0.000225305 0
-0.000223705 -0.0004705758
-0.000222105 -0.0002352879
-0.000220505 -0.0002352879
-0.000218905 -0.0004705758
-0.000217305 -0.0004705758
-0.000215705 0.0007058638
-0.000214105 0.0004705758
-0.000212505 -0.0004705758
-0.000210905 -0.0004705758
-0.000209305 0.0002352879
-0.000207705 -0.0007058638
-0.000206105 0.0002352879
-0.000204505 -0.0004705758
-0.000202905 0.0004705758
-0.000201305 0
-0.000199705 -0.0002352879
-0.000198105 0
-0.000196505 0.0004705758
-0.000194905 -0.0002352879
-0.000193305 0.0004705758
-0.000191705 -0.0004705758
-0.000190105 -0.0002352879
-0.000188505 -0.0002352879
-0.000186905 0
-0.000185305 -0.0002352879
-0.000183705 0
-0.000182105 0.0002352879
-0.000180505 -0.0002352879
-0.000178905 -0.0002352879
-0.000177305 0
-0.000175705 0
-0.000174105 -0.0002352879
-0.000172505 -0.0002352879
-0.000170905 0
-0.000169305 0
-0.000167705 0
-0.000166105 0
-0.000164505 0.0002352879
-0.000162905 -0.0002352879
-0.000161305 0.0002352879
-0.000159705 -0.0002352879
-0.000158105 0.0002352879
-0.000156505 -0.0004705758
-0.000154905 0.0002352879
-0.000153305 -0.0002352879
-0.000151705 0.0002352879
-0.000150105 -0.0004705758
-0.000148505 0
-0.000146905 -0.0002352879
-0.000145305 0.0007058638
-0.000143705 -0.0002352879
-0.000142105 0.0002352879
-0.000140505 0.0004705758
-0.000138905 0
-0.000137305 0
-0.000135705 0.0007058638
-0.000134105 0
-0.000132505 0.0004705758
-0.000130905 -0.0002352879
-0.000129305 0.0002352879
-0.000127705 -0.0002352879
-0.000126105 0.0002352879
-0.000124505 0.0004705758
-0.000122905 0.0002352879
-0.000121305 -0.0004705758
-0.000119705 0.0002352879
-0.000118105 -0.0002352879
-0.000116505 -0.0002352879
-0.000114905 0.0004705758
-0.000113305 0.0002352879
-0.000111705 -0.0004705758
-0.000110105 -0.0002352879
-0.000108505 0
-0.000106905 0.0002352879
-0.000105305 -0.0002352879
-0.000103705 0.0002352879
-0.000102105 -0.0002352879
-0.000100505 -0.0002352879
-9.8905e-005 -0.0002352879
-9.7305e-005 0.0002352879
-9.5705e-005 -0.0004705758
-9.4105e-005 0.0002352879
-9.2505e-005 -0.0002352879
-9.0905e-005 0.0002352879
-8.9305e-005 0
-8.7705e-005 0.0002352879
-8.6105e-005 -0.0002352879
-8.4505e-005 0.0002352879
-8.2905e-005 -0.0004705758
-8.1305e-005 0.0002352879
-7.9705e-005 0
-7.8105e-005 0.0002352879
-7.6505e-005 -0.0002352879
-7.4905e-005 0.0004705758
-7.3305e-005 0.0002352879
-7.1705e-005 0
-7.0105e-005 -0.0002352879
-6.8505e-005 0.0004705758
-6.6905e-005 0.0004705758
-6.5305e-005 0.0004705758
-6.3705e-005 0
-6.2105e-005 0.0002352879
-6.0505e-005 0
-5.8905e-005 0.0002352879
-5.7305e-005 -0.0002352879
-5.5705e-005 0
-5.4105e-005 -0.0002352879
-5.2505e-005 0.0002352879
-5.0905e-005 -0.0007058638
-4.9305e-005 0.0002352879
-4.7705e-005 -0.0004705758
-4.6105e-005 0.0002352879
-4.4505e-005 -0.0002352879
-4.2905e-005 0
-4.1305e-005 0.0004705758
-3.9705e-005 0.0009411517
-3.8105e-005 0.0007058638
-3.6505e-005 0.0002352879
-3.4905e-005 -0.002117591
-3.3305e-005 -0.006117486
-3.1705e-005 -0.01411728
-3.0105e-005 -0.02870513
-2.8505e-005 -0.04917517
-2.6905e-005 -0.07388041
-2.5305e-005 -0.1011738
-2.3705e-005 -0.1291731
-2.2105e-005 -0.1567018
-2.0505e-005 -0.1842304
-1.8905e-005 -0.2089357
-1.7305e-005 -0.2305822
-1.5705e-005 -0.2494052
-1.4105e-005 -0.2646989
-1.2505e-005 -0.2752869
-1.0905e-005 -0.279522
-9.305e-006 -0.2766986
-7.705e-006 -0.2602284
-6.105e-006 -0.2244647
-4.505e-006 -0.1715249
-2.905e-006 -0.108703
-1.305e-006 -0.04658701
2.95e-007 0.006352774
1.895e-006 0.04258711
3.495e-006 0.05999842
5.095e-006 0.06258659
6.695e-006 0.05693968
8.295e-006 0.04846931
9.895e-006 0.03929308
1.1495e-005 0.03199916
1.3095e-005 0.02776397
1.4695e-005 0.02564638
1.6295e-005 0.02376408
1.7895e-005 0.0214112
1.9495e-005 0.01717602
2.1095e-005 0.01247026
2.2695e-005 0.007058638
2.4295e-005 0.003529319
2.5895e-005 -0.001411728
2.7495e-005 -0.00564691
2.9095e-005 -0.009646805
3.0695e-005 -0.01011738
3.2295e-005 -0.008470365
3.3895e-005 -0.002588167
3.5495e-005 0.004941046
3.7095e-005 0.01270555
3.8695e-005 0.01788188
4.0295e-005 0.01788188
4.1895e-005 0.01317612
4.3495e-005 0.003294031
4.5095e-005 -0.009882093
4.6695e-005 -0.02446994
4.8295e-005 -0.03952837
4.9895e-005 -0.05411622
5.1495e-005 -0.06305716
5.3095e-005 -0.06799821
5.4695e-005 -0.06658648
5.6295e-005 -0.05952784
5.7895e-005 -0.04823402
5.9495e-005 -0.03623434
6.1095e-005 -0.02870513
6.2695e-005 -0.02611696
6.4295e-005 -0.02988157
6.5895e-005 -0.0350579
6.7495e-005 -0.0409401
6.9095e-005 -0.0447047
7.0695e-005 -0.04493999
7.2295e-005 -0.0428224
7.3895e-005 -0.03976366
7.5495e-005 -0.03670492
7.7095e-005 -0.03458732
7.8695e-005 -0.03388146
8.0295e-005 -0.03599905
8.1895e-005 -0.04117539
8.3495e-005 -0.04941046
8.5095e-005 -0.05882198
8.6695e-005 -0.06917465
8.8295e-005 -0.07835088
8.9895e-005 -0.08799768
9.1495e-005 -0.09364459
9.3095e-005 -0.09764449
9.4695e-005 -0.0974092
9.6295e-005 -0.09435045
9.7895e-005 -0.08705653
9.9495e-005 -0.08093904
0.000101095 -0.07505685
0.000102695 -0.07105695
0.000104295 -0.06705706
0.000105895 -0.06376303
0.000107495 -0.05882198
0.000109095 -0.05293978
0.000110695 -0.04611643
0.000112295 -0.04046952
0.000113895 -0.03599905
0.000115495 -0.03482261
0.000117095 -0.03529319
0.000118695 -0.03952837
0.000120295 -0.0447047
0.000121895 -0.0505869
0.000123495 -0.0545868
0.000125095 -0.0564691
0.000126695 -0.05693968
0.000128295 -0.05482208
0.000129895 -0.05176334
0.000131495 -0.04846931
0.000133095 -0.04493999
0.000134695 -0.04141067
0.000136295 -0.0369402
0.000137895 -0.03223444
0.000139495 -0.0272934
0.000141095 -0.02352879
0.000142695 -0.01976419
0.000144295 -0.01670544
0.000145895 -0.01341141
0.000147495 -0.01199968
0.000149095 -0.01129382
0.000150695 -0.01152911
0.000152295 -0.0136467
0.000153895 -0.01623487
0.000155495 -0.01905832
0.000157095 -0.01976419
0.000158695 -0.01882303
0.000160295 -0.01741131
0.000161895 -0.01505843
0.000163495 -0.01223497
0.000165095 -0.01082324
0.000166695 -0.009646805
0.000168295 -0.009882093
0.000169895 -0.01082324
0.000171495 -0.01341141
0.000173095 -0.01647015
0.000174695 -0.01929361
0.000176295 -0.02164649
0.000177895 -0.02258764
0.000179495 -0.0232935
0.000181095 -0.02282293
0.000182695 -0.02070534
0.000184295 -0.01764659
0.000185895 -0.01435256
0.000187495 -0.009882093
0.000189095 -0.006588062
0.000190695 -0.004941046
0.000192295 -0.005411622
0.000193895 -0.007764501
0.000195495 -0.01152911
0.000197095 -0.01599958
0.000198695 -0.02117591
0.000200295 -0.02611696
0.000201895 -0.03152858
0.000203495 -0.03623434
0.000205095 -0.04188125
0.000206695 -0.04658701
0.000208295 -0.05082219
0.000209895 -0.05411622
0.000211495 -0.0564691
0.000213095 -0.05576324
0.000214695 -0.05293978
0.000216295 -0.04729287
0.000217895 -0.04070481
0.000219495 -0.03246973
0.000221095 -0.02611696
0.000222695 -0.01976419
0.000224295 -0.015529
0.000225895 -0.01247026
0.000227495 -0.01035267
0.000229095 -0.008470365
0.000230695 -0.007293925
0.000232295 -0.006352774
0.000233895 -0.00564691
0.000235495 -0.005176334
0.000237095 -0.004235183
0.000238695 -0.003294031
0.000240295 -0.002117591
0.000241895 -0.001411728
0.000243495 -0.0004705758
0.000245095 0.0002352879
0.000246695 0.001411728
0.000248295 0.002823455
0.000249895 0.003294031
0.000251495 0.001411728
0.000253095 -0.002352879
0.000254695 -0.007999789
0.000256295 -0.01411728
0.000257895 -0.01858775
0.000259495 -0.02117591
0.000261095 -0.02047005
0.000262695 -0.01741131
0.000264295 -0.01294084
0.000265895 -0.008705653
0.000267495 -0.00447047
0.000269095 -0.001882303
0.000270695 -0.00117644
0.000272295 -0.002352879
0.000273895 -0.005882198
0.000275495 -0.01199968
0.000277095 -0.01882303
0.000278695 -0.02588167
0.000280295 -0.03294031
0.000281895 -0.03952837
0.000283495 -0.04376355
0.000285095 -0.04423413
0.000286695 -0.04376355
0.000288295 -0.03952837
0.000289895 -0.0350579
0.000291495 -0.03058743
0.000293095 -0.02682282
0.000294695 -0.02423466
0.000296295 -0.02164649
0.000297895 -0.01999947
0.000299495 -0.01741131
0.000301095 -0.01647015
0.000302695 -0.01458785
0.000304295 -0.01294084
0.000305895 -0.01223497
0.000307495 -0.0117644
0.000309095 -0.0117644
0.000310695 -0.01341141
0.000312295 -0.01388199
0.000313895 -0.01482314
0.000315495 -0.01388199
0.000317095 -0.01199968
0.000318695 -0.008470365
0.000320295 -0.003058743
0.000321895 0.003294031
0.000323495 0.009882093
0.000325095 0.01670544
0.000326695 0.02047005
0.000328295 0.02188178
0.000329895 0.02117591
0.000331495 0.01905832
0.000333095 0.01576429
0.000334695 0.0136467
0.000336295 0.01035267
0.000337895 0.007293925
0.000339495 0.004235183
0.000341095 0.0007058638
0.000342695 -0.001882303
0.000344295 -0.00447047
0.000345895 -0.006352774
0.000347495 -0.007999789
0.000349095 -0.01011738
0.000350695 -0.01105853
0.000352295 -0.01223497
0.000353895 -0.0117644
0.000355495 -0.01199968
0.000357095 -0.01105853
0.000358695 -0.01082324
0.000360295 -0.009646805
0.000361895 -0.009411517
0.000363495 -0.008470365
0.000365095 -0.008470365
0.000366695 -0.007999789
0.000368295 -0.007999789
0.000369895 -0.007293925
0.000371495 -0.006352774
0.000373095 -0.00564691
0.000374695 -0.00447047
0.000376295 -0.003294031
0.000377895 -0.003058743
0.000379495 -0.003999895
0.000381095 -0.005176334
0.000382695 -0.007999789
0.000384295 -0.01129382
0.000385895 -0.01482314
0.000387495 -0.01717602
0.000389095 -0.01882303
0.000390695 -0.01976419
0.000392295 -0.01929361
0.000393895 -0.01976419
0.000395495 -0.01976419
0.000397095 -0.02023476
0.000398695 -0.01976419
0.000400295 -0.01929361
0.000401895 -0.01694073
0.000403495 -0.01505843
0.000405095 -0.0117644
0.000406695 -0.007999789
0.000408295 -0.004705758
0.000409895 0
0.000411495 0.003764607
0.000413095 0.007999789
0.000414695 0.01199968
0.000416295 0.01599958
0.000417895 0.02047005
0.000419495 0.02376408
0.000421095 0.02446994
0.000422695 0.02399937
0.000424295 0.02094062
0.000425895 0.01623487
0.000427495 0.0117644
0.000429095 0.006588062
0.000430695 0.004235183
0.000432295 0.001647015
0.000433895 0.0007058638
0.000435495 -0.0002352879
0.000437095 -0.0002352879
0.000438695 -0.0002352879
0.000440295 0.001411728
0.000441895 0.003764607
0.000443495 0.006588062
0.000445095 0.009411517
0.000446695 0.01270555
0.000448295 0.01411728
0.000449895 0.01505843
0.000451495 0.01529371
0.000453095 0.01482314
0.000454695 0.01505843
0.000456295 0.01411728
0.000457895 0.01294084
0.000459495 0.01082324
0.000461095 0.007293925
0.000462695 0.00447047
0.000464295 0.001411728
0.000465895 0.001647015
0.000467495 0.0007058638
0.000469095 0.0009411517
0.000470695 0.0007058638
0.000472295 -0.0002352879
0.000473895 -0.00117644
0.000475495 -0.002352879
0.000477095 -0.004235183
0.000478695 -0.00564691
0.000480295 -0.007529213
0.000481895 -0.007999789
0.000483495 -0.01035267
0.000485095 -0.01035267
0.000486695 -0.01199968
0.000488295 -0.01294084
0.000489895 -0.01270555
0.000491495 -0.01223497
0.000493095 -0.01082324
0.000494695 -0.007999789
0.000496295 -0.005411622
0.000497895 -0.002588167
0.000499495 0
0.000501095 0.002588167
0.000502695 0.004941046
0.000504295 0.007529213
0.000505895 0.009411517
0.000507495 0.01199968
0.000509095 0.01317612
0.000510695 0.01317612
0.000512295 0.01317612
0.000513895 0.01270555
0.000515495 0.01270555
0.000517095 0.01435256
0.000518695 0.01505843
0.000520295 0.01670544
0.000521895 0.01788188
0.000523495 0.01811717
0.000525095 0.01788188
0.000526695 0.01670544
0.000528295 0.01623487
0.000529895 0.01576429
0.000531495 0.015529
0.000533095 0.01529371
0.000534695 0.01623487
0.000536295 0.01741131
0.000537895 0.01717602
0.000539495 0.01647015
0.000541095 0.01529371
0.000542695 0.01294084
0.000544295 0.009646805
0.000545895 0.005176334
0.000547495 0.001411728
0.000549095 -0.002588167
0.000550695 -0.006117486
0.000552295 -0.009176229
0.000553895 -0.01129382
0.000555495 -0.01223497
0.000557095 -0.01317612
0.000558695 -0.0136467
0.000560295 -0.01317612
0.000561895 -0.01294084
0.000563495 -0.01294084
0.000565095 -0.01341141
0.000566695 -0.0136467
0.000568295 -0.0136467
0.000569895 -0.0136467
0.000571495 -0.01270555
0.000573095 -0.01082324
0.000574695 -0.007764501
0.000576295 -0.005176334
0.000577895 -0.002588167
0.000579495 0.0009411517
0.000581095 0.003294031
0.000582695 0.00447047
0.000584295 0.00564691
0.000585895 0.006117486
0.000587495 0.00564691
0.000589095 0.005411622
0.000590695 0.004235183
0.000592295 0.002588167
0.000593895 0.001647015
0.000595495 0.0002352879
0.000597095 -0.00117644
0.000598695 -0.001882303
0.000600295 -0.001882303
0.000601895 -0.0009411517
0.000603495 0.0009411517
0.000605095 0.002823455
0.000606695 0.006352774
0.000608295 0.009882093
0.000609895 0.01388199
0.000611495 0.01764659
0.000613095 0.02235235
0.000614695 0.0272934
0.000616295 0.03176387
0.000617895 0.03599905
0.000619495 0.03952837
0.000621095 0.04164596
0.000622695 0.04305769
0.000624295 0.04188125
0.000625895 0.04046952
0.000627495 0.03952837
0.000629095 0.0369402
0.000630695 0.03388146
0.000632295 0.03129329
0.000633895 0.02846984
0.000635495 0.02682282
0.000637095 0.02446994
0.000638695 0.02376408
0.000640295 0.02258764
0.000641895 0.02188178
0.000643495 0.02023476
0.000645095 0.01999947
0.000646695 0.01882303
0.000648295 0.01835246
0.000649895 0.01835246
0.000651495 0.01788188
0.000653095 0.01717602
0.000654695 0.01788188
0.000656295 0.01764659
0.000657895 0.01835246
0.000659495 0.01882303
0.000661095 0.0195289
0.000662695 0.01976419
0.000664295 0.01976419
0.000665895 0.02070534
0.000667495 0.02070534
0.000669095 0.02094062
0.000670695 0.02094062
0.000672295 0.02094062
0.000673895 0.02047005
0.000675495 0.01929361
0.000677095 0.01882303
0.000678695 0.01788188
0.000680295 0.01694073
0.000681895 0.01670544
0.000683495 0.01670544
0.000685095 0.01764659
0.000686695 0.01858775
0.000688295 0.02047005
0.000689895 0.0232935
0.000691495 0.02611696
0.000693095 0.0291757
0.000694695 0.03246973
0.000696295 0.03576376
0.000697895 0.03811664
0.000699495 0.04023423
0.000701095 0.04117539
0.000702695 0.04188125
0.000704295 0.04164596
0.000705895 0.0409401
0.000707495 0.03905779
0.000709095 0.03717549
0.000710695 0.0350579
0.000712295 0.03341088
0.000713895 0.03223444
0.000715495 0.03176387
0.000717095 0.03199916
0.000718695 0.03294031
0.000720295 0.03458732
0.000721895 0.03717549
0.000723495 0.03976366
0.000725095 0.04164596
0.000726695 0.04423413
0.000728295 0.04635172
0.000729895 0.04846931
0.000731495 0.04988104
0.000733095 0.05082219
0.000734695 0.05152805
0.000736295 0.05082219
0.000737895 0.05035161
0.000739495 0.04846931
0.000741095 0.04611643
0.000742695 0.04399884
0.000744295 0.04211654
0.000745895 0.04046952
0.000747495 0.03976366
0.000749095 0.03952837
0.000750695 0.03929308
0.000752295 0.04046952
0.000753895 0.04141067
0.000755495 0.04399884
0.000757095 0.04729287
0.000758695 0.0505869
0.000760295 0.05341036
0.000761895 0.05552795
0.000763495 0.05717496
0.000765095 0.05811612
0.000766695 0.05764554
0.000768295 0.05623381
0.000769895 0.0545868
0.000771495 0.05199863
0.000773095 0.04988104
0.000774695 0.04776345
0.000776295 0.0468223
0.000777895 0.04517528
0.000779495 0.04493999
0.000781095 0.0447047
0.000782695 0.04446942
0.000784295 0.04423413
0.000785895 0.04376355
0.000787495 0.04493999
0.000789095 0.04541057
0.000790695 0.04776345
0.000792295 0.04846931
0.000793895 0.04893989
0.000795495 0.04941046
0.000797095 0.04752816
0.000798695 0.04635172
0.000800295 0.04376355
0.000801895 0.04070481
0.000803495 0.03811664
0.000805095 0.03576376
0.000806695 0.0331756
0.000808295 0.03341088
0.000809895 0.03388146
0.000811495 0.03435204
0.000813095 0.03482261
0.000814695 0.03646963
0.000816295 0.0369402
0.000817895 0.03764607
0.000819495 0.03717549
0.000821095 0.03717549
0.000822695 0.0369402
0.000824295 0.03670492
0.000825895 0.03599905
0.000827495 0.03576376
0.000829095 0.03623434
0.000830695 0.03670492
0.000832295 0.03764607
0.000833895 0.03905779
0.000835495 0.04117539
0.000837095 0.04258711
0.000838695 0.04376355
0.000840295 0.04611643
0.000841895 0.04776345
0.000843495 0.04988104
0.000845095 0.05082219
0.000846695 0.05199863
0.000848295 0.05129277
0.000849895 0.05082219
0.000851495 0.05035161
0.000853095 0.04941046
0.000854695 0.04846931
0.000856295 0.04893989
0.000857895 0.04917517
0.000859495 0.05011633
0.000861095 0.05082219
0.000862695 0.05246921
0.000864295 0.05293978
0.000865895 0.05364565
0.000867495 0.05505737
0.000869095 0.05552795
0.000870695 0.05599852
0.000872295 0.0564691
0.000873895 0.05670439
0.000875495 0.05599852
0.000877095 0.05505737
0.000878695 0.05293978
0.000880295 0.05035161
0.000881895 0.04776345
0.000883495 0.04399884
0.000885095 0.04023423
0.000886695 0.03741078
0.000888295 0.03552848
0.000889895 0.03458732
0.000891495 0.03364617
0.000893095 0.03435204
0.000894695 0.03435204
0.000896295 0.03482261
0.000897895 0.03623434
0.000899495 0.0369402
0.000901095 0.03717549
0.000902695 0.03717549
0.000904295 0.03670492
0.000905895 0.03552848
0.000907495 0.03364617
0.000909095 0.03035214
0.000910695 0.02870513
0.000912295 0.02752869
0.000913895 0.0272934
0.000915495 0.02776397
0.000917095 0.02941099
0.000918695 0.03082272
0.000920295 0.03341088
0.000921895 0.03623434
0.000923495 0.03835193
0.000925095 0.04117539
0.000926695 0.04399884
0.000928295 0.0468223
0.000929895 0.04893989
0.000931495 0.05105748
0.000933095 0.05317507
0.000934695 0.05388093
0.000936295 0.05482208
0.000937895 0.0545868
0.000939495 0.05411622
0.000941095 0.05199863
0.000942695 0.05035161
0.000944295 0.0487046
0.000945895 0.0468223
0.000947495 0.04517528
0.000949095 0.04399884
0.000950695 0.04188125
0.000952295 0.04046952
0.000953895 0.03952837
0.000955495 0.03811664
0.000957095 0.03599905
0.000958695 0.03435204
0.000960295 0.03246973
0.000961895 0.03105801
0.000963495 0.03105801
0.000965095 0.03082272
0.000966695 0.0331756
0.000968295 0.03529319
0.000969895 0.03764607
0.000971495 0.0409401
0.000973095 0.04399884
0.000974695 0.04729287
0.000976295 0.04988104
0.000977895 0.05246921
0.000979495 0.05411622
0.000981095 0.05623381
0.000982695 0.05576324
0.000984295 0.05529266
0.000985895 0.05388093
0.000987495 0.05199863
0.000989095 0.05011633
0.000990695 0.04799874
0.000992295 0.04517528
0.000993895 0.04329298
0.000995495 0.04305769
0.000997095 0.04188125
0.000998695 0.04023423
0.001000295 0.04023423
0.001001895 0.03882251
0.001003495 0.03764607
0.001005095 0.03717549
0.001006695 0.0369402
0.001008295 0.03811664
0.001009895 0.03811664
0.001011495 0.03999895
0.001013095 0.04164596
0.001014695 0.04305769
0.001016295 0.0447047
0.001017895 0.04564586
0.001019495 0.0468223
0.001021095 0.04799874
0.001022695 0.04941046
0.001024295 0.04893989
0.001025895 0.04941046
0.001027495 0.04893989
0.001029095 0.04823402
0.001030695 0.04588114
0.001032295 0.04376355
0.001033895 0.04164596
0.001035495 0.03858722
0.001037095 0.03458732
0.001038695 0.03035214
0.001040295 0.02588167
0.001041895 0.02235235
0.001043495 0.01788188
0.001045095 0.01482314
0.001046695 0.0117644
0.001048295 0.009176229
0.001049895 0.007999789
0.001051495 0.00682335
0.001053095 0.005176334
0.001054695 0.003999895
0.001056295 0.003999895
0.001057895 0.003529319
0.001059495 0.003529319
0.001061095 0.004235183
0.001062695 0.005176334
0.001064295 0.005882198
0.001065895 0.007529213
0.001067495 0.008940941
0.001069095 0.01129382
0.001070695 0.01388199
0.001072295 0.015529
0.001073895 0.01811717
0.001075495 0.02070534
0.001077095 0.02305822
0.001078695 0.02564638
0.001080295 0.02752869
0.001081895 0.02964628
0.001083495 0.03058743
0.001085095 0.03152858
0.001086695 0.03223444
0.001088295 0.03364617
0.001089895 0.03411675
0.001091495 0.0350579
0.001093095 0.03529319
0.001094695 0.03482261
0.001096295 0.03388146
0.001097895 0.03270502
0.001099495 0.03152858
0.001101095 0.03035214
0.001102695 0.02846984
0.001104295 0.02682282
0.001105895 0.02564638
0.001107495 0.02376408
0.001109095 0.02376408
0.001110695 0.0232935
0.001112295 0.02352879
0.001113895 0.02258764
0.001115495 0.02376408
0.001117095 0.02258764
0.001118695 0.02352879
0.001120295 0.02305822
0.001121895 0.02376408
0.001123495 0.02423466
0.001125095 0.02446994
0.001126695 0.02494052
0.001128295 0.02494052
0.001129895 0.02376408
0.001131495 0.02282293
0.001133095 0.02164649
0.001134695 0.02023476
0.001136295 0.01929361
0.001137895 0.01788188
0.001139495 0.01670544
0.001141095 0.01599958
0.001142695 0.01647015
0.001144295 0.01647015
0.001145895 0.01647015
0.001147495 0.01835246
0.001149095 0.0195289
0.001150695 0.02023476
0.001152295 0.02094062
0.001153895 0.02164649
0.001155495 0.02211706
0.001157095 0.02258764
0.001158695 0.02235235
0.001160295 0.02305822
0.001161895 0.02282293
0.001163495 0.02376408
0.001165095 0.02305822
0.001166695 0.02305822
0.001168295 0.02305822
0.001169895 0.02305822
0.001171495 0.02282293
0.001173095 0.02164649
0.001174695 0.02117591
0.001176295 0.01976419
0.001177895 0.01999947
0.001179495 0.01905832
0.001181095 0.01882303
0.001182695 0.01858775
0.001184295 0.01835246
0.001185895 0.01811717
0.001187495 0.01764659
0.001189095 0.01694073
0.001190695 0.01576429
0.001192295 0.01458785
0.001193895 0.01388199
0.001195495 0.01388199
0.001197095 0.01435256
0.001198695 0.01623487
0.001200295 0.01764659
0.001201895 0.02070534
0.001203495 0.0232935
0.001205095 0.02564638
0.001206695 0.02823455
0.001208295 0.02870513
0.001209895 0.03058743
0.001211495 0.03246973
0.001213095 0.03246973
0.001214695 0.03388146
0.001216295 0.03411675
0.001217895 0.03623434
0.001219495 0.03717549
0.001221095 0.03882251
0.001222695 0.04023423
0.001224295 0.04141067
0.001225895 0.04188125
0.001227495 0.04141067
0.001229095 0.04117539
0.001230695 0.03976366
0.001232295 0.03788135
0.001233895 0.03552848
0.001235495 0.03152858
0.001237095 0.02823455
0.001238695 0.02470523
0.001240295 0.02094062
0.001241895 0.01764659
0.001243495 0.01411728
0.001245095 0.01129382
0.001246695 0.009646805
0.001248295 0.007999789
0.001249895 0.007999789
0.001251495 0.007529213
0.001253095 0.008235077
0.001254695 0.008940941
0.001256295 0.01082324
0.001257895 0.01270555
0.001259495 0.01458785
0.001261095 0.01623487
0.001262695 0.01764659
0.001264295 0.01976419
0.001265895 0.01976419
0.001267495 0.0195289
0.001269095 0.01929361
0.001270695 0.01764659
0.001272295 0.01505843
0.001273895 0.01294084
0.001275495 0.01058796
0.001277095 0.007999789
0.001278695 0.00682335
0.001280295 0.004941046
0.001281895 0.00447047
0.001283495 0.003764607
0.001285095 0.004235183
0.001286695 0.00447047
0.001288295 0.004941046
0.001289895 0.005176334
0.001291495 0.005411622
0.001293095 0.007058638
0.001294695 0.007529213
0.001296295 0.008235077
0.001297895 0.009646805
0.001299495 0.01082324
0.001301095 0.01199968
0.001302695 0.01247026
0.001304295 0.01435256
0.001305895 0.01529371
0.001307495 0.01717602
0.001309095 0.01764659
0.001310695 0.01764659
0.001312295 0.01811717
0.001313895 0.01741131
0.001315495 0.01741131
0.001317095 0.01788188
0.001318695 0.01694073
0.001320295 0.01694073
0.001321895 0.01599958
0.001323495 0.015529
0.001325095 0.01435256
0.001326695 0.01294084
0.001328295 0.01105853
0.001329895 0.01011738
0.001331495 0.007529213
0.001333095 0.005411622
0.001334695 0.003294031
0.001336295 0.001882303
0.001337895 -0.0004705758
0.001339495 -0.001882303
0.001341095 -0.003058743
0.001342695 -0.004235183
0.001344295 -0.005411622
0.001345895 -0.006117486
0.001347495 -0.00564691
0.001349095 -0.006352774
0.001350695 -0.006117486
0.001352295 -0.006588062
0.001353895 -0.007293925
0.001355495 -0.006352774
0.001357095 -0.007529213
0.001358695 -0.007058638
0.001360295 -0.008705653
0.001361895 -0.009646805
0.001363495 -0.01152911
0.001365095 -0.01270555
0.001366695 -0.01411728
0.001368295 -0.01599958
0.001369895 -0.01694073
0.001371495 -0.01811717
0.001373095 -0.01835246
0.001374695 -0.01835246
0.001376295 -0.01835246
0.001377895 -0.01835246
0.001379495 -0.01788188
0.001381095 -0.01647015
0.001382695 -0.01505843
0.001384295 -0.01388199
0.001385895 -0.01247026
0.001387495 -0.01035267
0.001389095 -0.008940941
0.001390695 -0.008235077
0.001392295 -0.007058638
0.001393895 -0.00682335
0.001395495 -0.007058638
0.001397095 -0.006352774
0.001398695 -0.008470365
0.001400295 -0.008705653
0.001401895 -0.01058796
0.001403495 -0.01247026
0.001405095 -0.0136467
0.001406695 -0.01576429
0.001408295 -0.01694073
0.001409895 -0.01858775
0.001411495 -0.0195289
0.001413095 -0.02070534
0.001414695 -0.02188178
0.001416295 -0.0232935
0.001417895 -0.02494052
0.001419495 -0.02470523
0.001421095 -0.02588167
0.001422695 -0.02517581
0.001424295 -0.02494052
0.001425895 -0.02376408
0.001427495 -0.02211706
0.001429095 -0.02047005
0.001430695 -0.01905832
0.001432295 -0.01717602
0.001433895 -0.01529371
0.001435495 -0.01341141
0.001437095 -0.01247026
0.001438695 -0.01247026
0.001440295 -0.01317612
0.001441895 -0.01458785
0.001443495 -0.01576429
0.001445095 -0.01717602
0.001446695 -0.01976419
0.001448295 -0.02023476
0.001449895 -0.02235235
0.001451495 -0.02282293
0.001453095 -0.02399937
0.001454695 -0.02470523
0.001456295 -0.02517581
0.001457895 -0.0254111
0.001459495 -0.02635225
0.001461095 -0.02588167
0.001462695 -0.02682282
0.001464295 -0.02705811
0.001465895 -0.02752869
0.001467495 -0.02776397
0.001469095 -0.02894041
0.001470695 -0.03011685
0.001472295 -0.03129329
0.001473895 -0.03199916
0.001475495 -0.03246973
0.001477095 -0.03246973
0.001478695 -0.03294031
0.001480295 -0.03294031
0.001481895 -0.0331756
0.001483495 -0.03294031
0.001485095 -0.03246973
0.001486695 -0.03152858
0.001488295 -0.03011685
0.001489895 -0.02846984
0.001491495 -0.02752869
0.001493095 -0.02658753
0.001494695 -0.02635225
0.001496295 -0.02588167
0.001497895 -0.02705811
0.001499495 -0.02776397
0.001501095 -0.03035214
0.001502695 -0.03082272
0.001504295 -0.03246973
0.001505895 -0.0331756
0.001507495 -0.03411675
0.001509095 -0.03411675
0.001510695 -0.03364617
0.001512295 -0.03364617
0.001513895 -0.03364617
0.001515495 -0.03270502
0.001517095 -0.03223444
0.001518695 -0.03105801
0.001520295 -0.03105801
0.001521895 -0.02941099
0.001523495 -0.02941099
0.001525095 -0.02870513
0.001526695 -0.02846984
0.001528295 -0.02894041
0.001529895 -0.02846984
0.001531495 -0.02870513
0.001533095 -0.02870513
0.001534695 -0.02894041
0.001536295 -0.02964628
0.001537895 -0.02988157
0.001539495 -0.03058743
0.001541095 -0.03105801
0.001542695 -0.03058743
0.001544295 -0.03058743
0.001545895 -0.03058743
0.001547495 -0.02964628
0.001549095 -0.0291757
0.001550695 -0.02799926
0.001552295 -0.02776397
0.001553895 -0.02658753
0.001555495 -0.02611696
0.001557095 -0.02517581
0.001558695 -0.02564638
0.001560295 -0.02564638
0.001561895 -0.0272934
0.001563495 -0.02705811
0.001565095 -0.02846984
0.001566695 -0.02988157
0.001568295 -0.03176387
0.001569895 -0.03246973
0.001571495 -0.03364617
0.001573095 -0.03552848
0.001574695 -0.03646963
0.001576295 -0.03741078
0.001577895 -0.03882251
0.001579495 -0.03905779
0.001581095 -0.03976366
0.001582695 -0.04023423
0.001584295 -0.03999895
0.001585895 -0.03882251
0.001587495 -0.03835193
0.001589095 -0.03646963
0.001590695 -0.0350579
0.001592295 -0.0331756
0.001593895 -0.03176387
0.001595495 -0.02964628
0.001597095 -0.02846984
0.001598695 -0.02776397
0.001600295 -0.02682282
0.001601895 -0.02611696
0.001603495 -0.02682282
0.001605095 -0.0272934
0.001606695 -0.02752869
0.001608295 -0.02752869
0.001609895 -0.02846984
0.001611495 -0.02894041
0.001613095 -0.02941099
0.001614695 -0.02988157
0.001616295 -0.03011685
0.001617895 -0.02988157
0.001619495 -0.03011685
0.001621095 -0.03035214
0.001622695 -0.03058743
0.001624295 -0.03035214
0.001625895 -0.03058743
0.001627495 -0.03058743
0.001629095 -0.03058743
0.001630695 -0.02941099
0.001632295 -0.02894041
0.001633895 -0.02870513
0.001635495 -0.02870513
0.001637095 -0.02799926
0.001638695 -0.02846984
0.001640295 -0.02799926
0.001641895 -0.0272934
0.001643495 -0.02635225
0.001645095 -0.02635225
0.001646695 -0.0254111
0.001648295 -0.02446994
0.001649895 -0.0232935
0.001651495 -0.02235235
0.001653095 -0.02070534
0.001654695 -0.01976419
0.001656295 -0.01788188
0.001657895 -0.01788188
0.001659495 -0.01647015
0.001661095 -0.01576429
0.001662695 -0.01505843
0.001664295 -0.01529371
0.001665895 -0.01505843
0.001667495 -0.01647015
0.001669095 -0.01670544
0.001670695 -0.01788188
0.001672295 -0.0195289
0.001673895 -0.0214112
0.001675495 -0.02305822
0.001677095 -0.02494052
0.001678695 -0.02705811
0.001680295 -0.02988157
0.001681895 -0.03199916
0.001683495 -0.03364617
0.001685095 -0.03482261
0.001686695 -0.03599905
0.001688295 -0.03552848
0.001689895 -0.0350579
0.001691495 -0.03411675
0.001693095 -0.03294031
0.001694695 -0.03129329
0.001696295 -0.02941099
0.001697895 -0.02776397
0.001699495 -0.02611696
0.001701095 -0.02446994
0.001702695 -0.02399937
0.001704295 -0.02305822
0.001705895 -0.02352879
0.001707495 -0.02399937
0.001709095 -0.0254111
0.001710695 -0.02682282
0.001712295 -0.02894041
0.001713895 -0.03011685
0.001715495 -0.03223444
0.001717095 -0.03246973
0.001718695 -0.03458732
0.001720295 -0.0350579
0.001721895 -0.03576376
0.001723495 -0.03599905
0.001725095 -0.03670492
0.001726695 -0.03717549
0.001728295 -0.03811664
0.001729895 -0.03811664
0.001731495 -0.03905779
0.001733095 -0.03905779
0.001734695 -0.03976366
0.001736295 -0.03952837
0.001737895 -0.03929308
0.001739495 -0.03882251
0.001741095 -0.03835193
0.001742695 -0.03788135
0.001744295 -0.03741078
0.001745895 -0.03576376
0.001747495 -0.03388146
0.001749095 -0.03270502
0.001750695 -0.03152858
0.001752295 -0.02964628
0.001753895 -0.02846984
0.001755495 -0.02752869
0.001757095 -0.02682282
0.001758695 -0.02658753
0.001760295 -0.02682282
0.001761895 -0.02682282
0.001763495 -0.02846984
0.001765095 -0.0291757
0.001766695 -0.03105801
0.001768295 -0.03223444
0.001769895 -0.03388146
0.001771495 -0.03529319
0.001773095 -0.03717549
0.001774695 -0.03882251
0.001776295 -0.04117539
0.001777895 -0.04329298
0.001779495 -0.04517528
0.001781095 -0.04729287
0.001782695 -0.04917517
0.001784295 -0.05035161
0.001785895 -0.05152805
0.001787495 -0.05223392
0.001789095 -0.05317507
0.001790695 -0.05364565
0.001792295 -0.05411622
0.001793895 -0.05411622
0.001795495 -0.05411622
0.001797095 -0.05364565
0.001798695 -0.05317507
0.001800295 -0.05176334
0.001801895 -0.05105748
0.001803495 -0.04988104
0.001805095 -0.0487046
0.001806695 -0.04635172
0.001808295 -0.04493999
0.001809895 -0.04352826
0.001811495 -0.04211654
0.001813095 -0.04046952
0.001814695 -0.03929308
0.001816295 -0.03835193
0.001817895 -0.03811664
0.001819495 -0.03788135
0.001821095 -0.03646963
0.001822695 -0.03646963
0.001824295 -0.0369402
0.001825895 -0.03670492
0.001827495 -0.03623434
0.001829095 -0.03576376
0.001830695 -0.03552848
0.001832295 -0.0350579
0.001833895 -0.03482261
0.001835495 -0.0350579
0.001837095 -0.0350579
0.001838695 -0.0350579
0.001840295 -0.03552848
0.001841895 -0.03576376
0.001843495 -0.03599905
0.001845095 -0.03717549
0.001846695 -0.03741078
0.001848295 -0.03788135
0.001849895 -0.03835193
0.001851495 -0.03835193
0.001853095 -0.03835193
0.001854695 -0.03717549
0.001856295 -0.03717549
0.001857895 -0.03646963
0.001859495 -0.03576376
0.001861095 -0.0350579
0.001862695 -0.03458732
0.001864295 -0.03435204
0.001865895 -0.03435204
0.001867495 -0.03458732
0.001869095 -0.03482261
0.001870695 -0.03576376
0.001872295 -0.03646963
0.001873895 -0.03623434
0.001875495 -0.03858722
0.001877095 -0.03905779
0.001878695 -0.03999895
0.001880295 -0.04023423
0.001881895 -0.04023423
0.001883495 -0.04046952
0.001885095 -0.04070481
0.001886695 -0.0409401
0.001888295 -0.04046952
0.001889895 -0.04070481
0.001891495 -0.04046952
0.001893095 -0.03929308
0.001894695 -0.03952837
0.001896295 -0.03858722
0.001897895 -0.03741078
0.001899495 -0.03599905
0.001901095 -0.03552848
0.001902695 -0.03435204
0.001904295 -0.03364617
0.001905895 -0.03223444
0.001907495 -0.03199916
0.001909095 -0.03082272
0.001910695 -0.03011685
0.001912295 -0.0291757
0.001913895 -0.02894041
0.001915495 -0.02823455
0.001917095 -0.02776397
0.001918695 -0.02682282
0.001920295 -0.02611696
0.001921895 -0.0254111
0.001923495 -0.0254111
0.001925095 -0.02446994
0.001926695 -0.02352879
0.001928295 -0.02282293
0.001929895 -0.02164649
0.001931495 -0.02070534
0.001933095 -0.01999947
0.001934695 -0.01764659
0.001936295 -0.01670544
0.001937895 -0.015529
0.001939495 -0.01435256
0.001941095 -0.01317612
0.001942695 -0.01223497
0.001944295 -0.0117644
0.001945895 -0.01152911
0.001947495 -0.0117644
0.001949095 -0.01223497
0.001950695 -0.01270555
0.001952295 -0.0136467
0.001953895 -0.01458785
0.001955495 -0.01576429
0.001957095 -0.01623487
0.001958695 -0.01623487
0.001960295 -0.01647015
0.001961895 -0.01599958
0.001963495 -0.01576429
0.001965095 -0.01529371
0.001966695 -0.01458785
0.001968295 -0.01341141
0.001969895 -0.01294084
0.001971495 -0.01152911
0.001973095 -0.01035267
0.001974695 -0.009411517
0.001976295 -0.007999789
0.001977895 -0.007999789
0.001979495 -0.007529213
0.001981095 -0.007058638
0.001982695 -0.006352774
0.001984295 -0.006352774
0.001985895 -0.006588062
0.001987495 -0.006117486
0.001989095 -0.006117486
0.001990695 -0.005882198
0.001992295 -0.005176334
0.001993895 -0.005176334
0.001995495 -0.004941046
0.001997095 -0.004941046
0.001998695 -0.004235183
0.002000295 -0.004235183
0.002001895 -0.005176334
0.002003495 -0.00564691
0.002005095 -0.006352774
0.002006695 -0.007293925
0.002008295 -0.008705653
0.002009895 -0.009411517
0.002011495 -0.01011738
0.002013095 -0.01058796
0.002014695 -0.01129382
0.002016295 -0.01011738
0.002017895 -0.008940941
0.002019495 -0.008235077
0.002021095 -0.006117486
0.002022695 -0.004235183
0.002024295 -0.002117591
0.002025895 0.0002352879
0.002027495 0.003294031
0.002029095 0.00564691
0.002030695 0.008235077
0.002032295 0.01035267
0.002033895 0.01317612
0.002035495 0.015529
0.002037095 0.01741131
0.002038695 0.01929361
0.002040295 0.02047005
0.002041895 0.02164649
0.002043495 0.02258764
0.002045095 0.02235235
0.002046695 0.02258764
0.002048295 0.02211706
0.002049895 0.02211706
0.002051495 0.02188178
0.002053095 0.02094062
0.002054695 0.02070534
0.002056295 0.01976419
0.002057895 0.0195289
0.002059495 0.01976419
0.002061095 0.01858775
0.002062695 0.01788188
0.002064295 0.01623487
0.002065895 0.01505843
0.002067495 0.01435256
0.002069095 0.01294084
0.002070695 0.0117644
0.002072295 0.01105853
0.002073895 0.009882093
0.002075495 0.008940941
0.002077095 0.007999789
0.002078695 0.007529213
0.002080295 0.007293925
0.002081895 0.007058638
0.002083495 0.00564691
0.002085095 0.00564691
0.002086695 0.004705758
0.002088295 0.005411622
0.002089895 0.005176334
0.002091495 0.005176334
0.002093095 0.004941046
0.002094695 0.004941046
0.002096295 0.005176334
0.002097895 0.004941046
0.002099495 0.004235183
0.002101095 0.00447047
0.002102695 0.003764607
0.002104295 0.003058743
0.002105895 0.002352879
0.002107495 0.002588167
0.002109095 0.001647015
0.002110695 0.001411728
0.002112295 0.0009411517
0.002113895 0.0009411517
0.002115495 0
0.002117095 0.0007058638
0.002118695 0.001411728
0.002120295 0.002117591
0.002121895 0.003294031
0.002123495 0.00447047
0.002125095 0.00564691
0.002126695 0.00682335
0.002128295 0.007529213
0.002129895 0.009176229
0.002131495 0.01058796
0.002133095 0.01129382
0.002134695 0.01247026
0.002136295 0.01341141
0.002137895 0.0136467
0.002139495 0.01411728
0.002141095 0.01482314
0.002142695 0.01388199
0.002144295 0.01411728
0.002145895 0.01388199
0.002147495 0.01247026
0.002149095 0.01199968
0.002150695 0.01082324
0.002152295 0.01058796
0.002153895 0.008940941
0.002155495 0.008705653
0.002157095 0.007529213
0.002158695 0.006588062
0.002160295 0.00564691
0.002161895 0.004705758
0.002163495 0.003294031
0.002165095 0.003058743
0.002166695 0.001882303
0.002168295 0.0009411517
0.002169895 0.0009411517
0.002171495 0.0007058638
0.002173095 0.0009411517
0.002174695 0.00117644
0.002176295 0.001647015
0.002177895 0.002117591
0.002179495 0.003529319
0.002181095 0.003764607
0.002182695 0.003764607
0.002184295 0.00447047
0.002185895 0.004705758
0.002187495 0.004941046
0.002189095 0.005176334
0.002190695 0.004941046
0.002192295 0.004941046
0.002193895 0.004941046
0.002195495 0.004705758
0.002197095 0.00564691
0.002198695 0.005176334
0.002200295 0.00564691
0.002201895 0.00564691
0.002203495 0.00564691
0.002205095 0.005411622
0.002206695 0.00564691
0.002208295 0.005411622
0.002209895 0.004705758
0.002211495 0.003999895
0.002213095 0.003529319
0.002214695 0.002117591
0.002216295 0.001647015
0.002217895 0.0009411517
0.002219495 0.0002352879
0.002221095 0
0.002222695 -0.0004705758
0.002224295 -0.0004705758
0.002225895 -0.0004705758
0.002227495 -0.0009411517
0.002229095 -0.0004705758
0.002230695 -0.0004705758
0.002232295 -0.0002352879
0.002233895 0
0.002235495 -0.00117644
0.002237095 -0.0009411517
0.002238695 -0.001647015
0.002240295 -0.0009411517
0.002241895 -0.001647015
0.002243495 -0.001882303
0.002245095 -0.001882303
0.002246695 -0.001882303
0.002248295 -0.002117591
0.002249895 -0.002117591
0.002251495 -0.002117591
0.002253095 -0.002352879
0.002254695 -0.002588167
0.002256295 -0.002823455
0.002257895 -0.003058743
0.002259495 -0.003529319
0.002261095 -0.003999895
0.002262695 -0.004941046
0.002264295 -0.004941046
0.002265895 -0.005176334
0.002267495 -0.006352774
0.002269095 -0.006117486
0.002270695 -0.006588062
0.002272295 -0.006352774
0.002273895 -0.006588062
0.002275495 -0.007058638
0.002277095 -0.006352774
0.002278695 -0.006588062
0.002280295 -0.006588062
0.002281895 -0.005882198
0.002283495 -0.00564691
0.002285095 -0.00447047
0.002286695 -0.003529319
0.002288295 -0.002352879
0.002289895 -0.002117591
0.002291495 -0.00117644
0.002293095 -0.0004705758
0.002294695 -0.0002352879
0.002296295 0.0004705758
0.002297895 0.0002352879
0.002299495 0.00117644
0.002301095 0.0004705758
0.002302695 0.0002352879
0.002304295 0
0.002305895 0.0004705758
0.002307495 0.0007058638
0.002309095 0.0004705758
0.002310695 0
0.002312295 0.0007058638
0.002313895 0.0004705758
0.002315495 0.0007058638
0.002317095 0.0004705758
0.002318695 0.00117644
0.002320295 0
0.002321895 0.0004705758
0.002323495 0
0.002325095 0.0002352879
0.002326695 -0.0007058638
0.002328295 -0.00117644
0.002329895 -0.001411728
0.002331495 -0.002117591
0.002333095 -0.002352879
0.002334695 -0.003294031
0.002336295 -0.003294031
0.002337895 -0.003764607
0.002339495 -0.004235183
0.002341095 -0.004235183
0.002342695 -0.004941046
0.002344295 -0.00447047
0.002345895 -0.004235183
0.002347495 -0.003529319
0.002349095 -0.003294031
0.002350695 -0.003058743
0.002352295 -0.002588167
0.002353895 -0.002117591
0.002355495 -0.001647015
0.002357095 -0.00117644
0.002358695 -0.0007058638
0.002360295 -0.0007058638
0.002361895 -0.0004705758
0.002363495 -0.0004705758
0.002365095 -0.0002352879
0.002366695 -0.001411728
0.002368295 -0.00117644
0.002369895 -0.001882303
0.002371495 -0.002117591
0.002373095 -0.002588167
0.002374695 -0.002823455
0.002376295 -0.003999895
0.002377895 -0.004705758
0.002379495 -0.00564691
0.002381095 -0.006588062
0.002382695 -0.007293925
0.002384295 -0.008705653
0.002385895 -0.008470365
0.002387495 -0.008940941
0.002389095 -0.007999789
0.002390695 -0.008235077
0.002392295 -0.007529213
0.002393895 -0.006352774
0.002395495 -0.00564691
0.002397095 -0.003999895
0.002398695 -0.002352879
0.002400295 -0.00117644
0.002401895 0.0009411517
0.002403495 0.001882303
0.002405095 0.003294031
0.002406695 0.00447047
0.002408295 0.005882198
0.002409895 0.007764501
0.002411495 0.008940941
0.002413095 0.01011738
0.002414695 0.01082324
0.002416295 0.01152911
0.002417895 0.01294084
0.002419495 0.01317612
0.002421095 0.0136467
0.002422695 0.0136467
0.002424295 0.01411728
0.002425895 0.01388199
0.002427495 0.01458785
0.002429095 0.01435256
0.002430695 0.01458785
0.002432295 0.01458785
0.002433895 0.01458785
0.002435495 0.01388199
0.002437095 0.01435256
0.002438695 0.01341141
0.002440295 0.01341141
0.002441895 0.01270555
0.002443495 0.01270555
0.002445095 0.01270555
0.002446695 0.01341141
0.002448295 0.01341141
0.002449895 0.01458785
0.002451495 0.01505843
0.002453095 0.01576429
0.002454695 0.01599958
0.002456295 0.01694073
0.002457895 0.01741131
0.002459495 0.01811717
0.002461095 0.01835246
0.002462695 0.01835246
0.002464295 0.01835246
0.002465895 0.01811717
0.002467495 0.01741131
0.002469095 0.01670544
0.002470695 0.01670544
0.002472295 0.01670544
0.002473895 0.01623487
0.002475495 0.01599958
0.002477095 0.01623487
0.002478695 0.01647015
0.002480295 0.01670544
0.002481895 0.01694073
0.002483495 0.01741131
0.002485095 0.01717602
0.002486695 0.01858775
0.002488295 0.01929361
0.002489895 0.02047005
0.002491495 0.02164649
0.002493095 0.02282293
0.002494695 0.02399937
0.002496295 0.02470523
0.002497895 0.02658753
0.002499495 0.02752869
0.002501095 0.02894041
0.002502695 0.03058743
0.002504295 0.03105801
0.002505895 0.03246973
0.002507495 0.03411675
0.002509095 0.03482261
0.002510695 0.03599905
0.002512295 0.03764607
0.002513895 0.03788135
0.002515495 0.03905779
0.002517095 0.03952837
0.002518695 0.04046952
0.002520295 0.04117539
0.002521895 0.04141067
0.002523495 0.0428224
0.002525095 0.04235183
0.002526695 0.04376355
0.002528295 0.0447047
0.002529895 0.04541057
0.002531495 0.04611643
0.002533095 0.04658701
0.002534695 0.04729287
0.002536295 0.04823402
0.002537895 0.04846931
0.002539495 0.04941046
0.002541095 0.04917517
0.002542695 0.05011633
0.002544295 0.05011633
0.002545895 0.05152805
0.002547495 0.05152805
0.002549095 0.05199863
0.002550695 0.05223392
0.002552295 0.05293978
0.002553895 0.05293978
0.002555495 0.05341036
0.002557095 0.05364565
0.002558695 0.05388093
0.002560295 0.05341036
0.002561895 0.05388093
0.002563495 0.05364565
0.002565095 0.05317507
0.002566695 0.05293978
0.002568295 0.05317507
0.002569895 0.05270449
0.002571495 0.05270449
0.002573095 0.05223392
0.002574695 0.05199863
0.002576295 0.05246921
0.002577895 0.05246921
0.002579495 0.05176334
0.002581095 0.05152805
0.002582695 0.05176334
0.002584295 0.05129277
0.002585895 0.05176334
0.002587495 0.05129277
0.002589095 0.0505869
0.002590695 0.0505869
0.002592295 0.04988104
0.002593895 0.05035161
0.002595495 0.05011633
0.002597095 0.05011633
0.002598695 0.04988104
0.002600295 0.05011633
0.002601895 0.05035161
0.002603495 0.05035161
0.002605095 0.05082219
0.002606695 0.05176334
0.002608295 0.05199863
0.002609895 0.05293978
0.002611495 0.05411622
0.002613095 0.0545868
0.002614695 0.05552795
0.002616295 0.05693968
0.002617895 0.05764554
0.002619495 0.05882198
0.002621095 0.05882198
0.002622695 0.05929256
0.002624295 0.05976313
0.002625895 0.05952784
0.002627495 0.05999842
0.002629095 0.05952784
0.002630695 0.05929256
0.002632295 0.05858669
0.002633895 0.05764554
0.002635495 0.05693968
0.002637095 0.05623381
0.002638695 0.05576324
0.002640295 0.05435151
0.002641895 0.0545868
0.002643495 0.05317507
0.002645095 0.05317507
0.002646695 0.05223392
0.002648295 0.05246921
0.002649895 0.05270449
0.002651495 0.05317507
0.002653095 0.05317507
0.002654695 0.05341036
0.002656295 0.05435151
0.002657895 0.0545868
0.002659495 0.05505737
0.002661095 0.05505737
0.002662695 0.05552795
0.002664295 0.05552795
0.002665895 0.05552795
0.002667495 0.0545868
0.002669095 0.05482208
0.002670695 0.0545868
0.002672295 0.05388093
0.002673895 0.05317507
0.002675495 0.05317507
0.002677095 0.05293978
0.002678695 0.05293978
0.002680295 0.05364565
0.002681895 0.05293978
0.002683495 0.05411622
0.002685095 0.05388093
0.002686695 0.05411622
0.002688295 0.05435151
0.002689895 0.05411622
0.002691495 0.0545868
0.002693095 0.05482208
0.002694695 0.05505737
0.002696295 0.05505737
0.002697895 0.05576324
0.002699495 0.05505737
0.002701095 0.05623381
0.002702695 0.05693968
0.002704295 0.05741025
0.002705895 0.0583514
0.002707495 0.05788083
0.002709095 0.05952784
0.002710695 0.05929256
0.002712295 0.06046899
0.002713895 0.06141015
0.002715495 0.06117486
0.002717095 0.06188072
0.002718695 0.0623513
0.002720295 0.06211601
0.002721895 0.0623513
0.002723495 0.06164543
0.002725095 0.06117486
0.002726695 0.06046899
0.002728295 0.05999842
0.002729895 0.05882198
0.002731495 0.05764554
0.002733095 0.05693968
0.002734695 0.05529266
0.002736295 0.05388093
0.002737895 0.05246921
0.002739495 0.05152805
0.002741095 0.05035161
0.002742695 0.04893989
0.002744295 0.04752816
0.002745895 0.04658701
0.002747495 0.04493999
0.002749095 0.04423413
0.002750695 0.04329298
0.002752295 0.0428224
0.002753895 0.04235183
0.002755495 0.04188125
0.002757095 0.04258711
0.002758695 0.0428224
0.002760295 0.0428224
0.002761895 0.0428224
0.002763495 0.04352826
0.002765095 0.0428224
0.002766695 0.04352826
0.002768295 0.04329298
0.002769895 0.04329298
0.002771495 0.04376355
0.002773095 0.04329298
0.002774695 0.04352826
0.002776295 0.04376355
0.002777895 0.04376355
0.002779495 0.04423413
0.002781095 0.04517528
0.002782695 0.04564586
0.002784295 0.04658701
0.002785895 0.04799874
0.002787495 0.04823402
0.002789095 0.04988104
0.002790695 0.05035161
0.002792295 0.05199863
0.002793895 0.05246921
0.002795495 0.05341036
0.002797095 0.05388093
0.002798695 0.05411622
0.002800295 0.05411622
0.002801895 0.05505737
0.002803495 0.05411622
0.002805095 0.05317507
0.002806695 0.05223392
0.002808295 0.05129277
0.002809895 0.04988104
0.002811495 0.04846931
0.002813095 0.0468223
0.002814695 0.04588114
0.002816295 0.04423413
0.002817895 0.04352826
0.002819495 0.04258711
0.002821095 0.04188125
0.002822695 0.04117539
0.002824295 0.0409401
0.002825895 0.04023423
0.002827495 0.03976366
0.002829095 0.03882251
0.002830695 0.03882251
0.002832295 0.03835193
0.002833895 0.03788135
0.002835495 0.03670492
0.002837095 0.0369402
0.002838695 0.0369402
0.002840295 0.03576376
0.002841895 0.03529319
0.002843495 0.0350579
0.002845095 0.0350579
0.002846695 0.03529319
0.002848295 0.03458732
0.002849895 0.03435204
0.002851495 0.03388146
0.002853095 0.03435204
0.002854695 0.03458732
0.002856295 0.03435204
0.002857895 0.03458732
0.002859495 0.0350579
0.002861095 0.03482261
0.002862695 0.03482261
0.002864295 0.03435204
0.002865895 0.03435204
0.002867495 0.03388146
0.002869095 0.0331756
0.002870695 0.03176387
0.002872295 0.03129329
0.002873895 0.03105801
0.002875495 0.03011685
0.002877095 0.02941099
0.002878695 0.02894041
0.002880295 0.02894041
0.002881895 0.02870513
0.002883495 0.02941099
0.002885095 0.02941099
0.002886695 0.03011685
0.002888295 0.03058743
0.002889895 0.03105801
0.002891495 0.03129329
0.002893095 0.03199916
0.002894695 0.03223444
0.002896295 0.0331756
0.002897895 0.03364617
0.002899495 0.03411675
0.002901095 0.03435204
0.002902695 0.03435204
0.002904295 0.0350579
0.002905895 0.03458732
0.002907495 0.03435204
0.002909095 0.03341088
0.002910695 0.03341088
0.002912295 0.03270502
0.002913895 0.03176387
0.002915495 0.03058743
0.002917095 0.02964628
0.002918695 0.02988157
0.002920295 0.02823455
0.002921895 0.02799926
0.002923495 0.02799926
0.002925095 0.02776397
0.002926695 0.02752869
0.002928295 0.02682282
0.002929895 0.02705811
0.002931495 0.02635225
0.002933095 0.02635225
0.002934695 0.02611696
0.002936295 0.02635225
0.002937895 0.02588167
0.002939495 0.02611696
0.002941095 0.02588167
0.002942695 0.02635225
0.002944295 0.02658753
0.002945895 0.0272934
0.002947495 0.0272934
0.002949095 0.02776397
0.002950695 0.02823455
0.002952295 0.02894041
0.002953895 0.0291757
0.002955495 0.0291757
0.002957095 0.03011685
0.002958695 0.02941099
0.002960295 0.03011685
0.002961895 0.03035214
0.002963495 0.02988157
0.002965095 0.0291757
0.002966695 0.02941099
0.002968295 0.02894041
0.002969895 0.02846984
0.002971495 0.02799926
0.002973095 0.0272934
0.002974695 0.02658753
0.002976295 0.0254111
0.002977895 0.02517581
0.002979495 0.02399937
0.002981095 0.0232935
0.002982695 0.02305822
0.002984295 0.02211706
0.002985895 0.02164649
0.002987495 0.02094062
0.002989095 0.01999947
0.002990695 0.01858775
0.002992295 0.01764659
0.002993895 0.01717602
0.002995495 0.01623487
0.002997095 0.01623487
0.002998695 0.01505843
0.003000295 0.01529371
0.003001895 0.01505843
0.003003495 0.01482314
0.003005095 0.01529371
0.003006695 0.01623487
0.003008295 0.01576429
0.003009895 0.01694073
0.003011495 0.01764659
0.003013095 0.01811717
0.003014695 0.01882303
0.003016295 0.01858775
0.003017895 0.01905832
0.003019495 0.01929361
0.003021095 0.01999947
0.003022695 0.01976419
0.003024295 0.01976419
0.003025895 0.01999947
0.003027495 0.01999947
0.003029095 0.02023476
0.003030695 0.02023476
0.003032295 0.02047005
0.003033895 0.02047005
0.003035495 0.02023476
0.003037095 0.02070534
0.003038695 0.0195289
0.003040295 0.01905832
0.003041895 0.01835246
0.003043495 0.01717602
0.003045095 0.01623487
0.003046695 0.015529
0.003048295 0.01435256
0.003049895 0.01317612
0.003051495 0.01199968
0.003053095 0.01152911
0.003054695 0.01082324
0.003056295 0.009176229
0.003057895 0.009411517
0.003059495 0.008470365
0.003061095 0.008940941
0.003062695 0.008940941
0.003064295 0.008940941
0.003065895 0.008940941
0.003067495 0.008705653
0.003069095 0.008235077
0.003070695 0.008470365
0.003072295 0.008235077
0.003073895 0.007764501
0.003075495 0.007764501
0.003077095 0.007293925
0.003078695 0.007293925
0.003080295 0.007058638
0.003081895 0.006588062
0.003083495 0.007293925
0.003085095 0.006588062
0.003086695 0.007293925
0.003088295 0.007529213
0.003089895 0.008705653
0.003091495 0.008235077
0.003093095 0.009411517
0.003094695 0.01011738
0.003096295 0.01105853
0.003097895 0.01152911
0.003099495 0.01247026
0.003101095 0.01294084
0.003102695 0.01388199
0.003104295 0.01317612
0.003105895 0.01388199
0.003107495 0.0136467
0.003109095 0.01435256
0.003110695 0.01458785
0.003112295 0.01411728
0.003113895 0.01411728
0.003115495 0.01341141
0.003117095 0.01341141
0.003118695 0.01294084
0.003120295 0.01223497
0.003121895 0.0117644
0.003123495 0.01152911
0.003125095 0.01105853
0.003126695 0.01058796
0.003128295 0.009646805
0.003129895 0.009411517
0.003131495 0.008235077
0.003133095 0.008235077
0.003134695 0.00682335
0.003136295 0.005882198
0.003137895 0.005176334
0.003139495 0.003764607
0.003141095 0.002588167
0.003142695 0.001411728
0.003144295 0.0004705758
0.003145895 -0.0007058638
0.003147495 -0.002352879
0.003149095 -0.003058743
0.003150695 -0.004235183
0.003152295 -0.005882198
0.003153895 -0.007058638
0.003155495 -0.008705653
0.003157095 -0.01082324
0.003158695 -0.01199968
0.003160295 -0.01317612
0.003161895 -0.015529
0.003163495 -0.01694073
0.003165095 -0.01811717
0.003166695 -0.01929361
0.003168295 -0.02047005
0.003169895 -0.02188178
0.003171495 -0.02305822
0.003173095 -0.02399937
0.003174695 -0.02399937
0.003176295 -0.02470523
0.003177895 -0.02517581
0.003179495 -0.02494052
0.003181095 -0.02588167
0.003182695 -0.02564638
0.003184295 -0.0254111
0.003185895 -0.0254111
0.003187495 -0.02446994
0.003189095 -0.02470523
0.003190695 -0.02399937
0.003192295 -0.02352879
0.003193895 -0.0232935
0.003195495 -0.02235235
0.003197095 -0.02235235
0.003198695 -0.02211706
0.003200295 -0.02211706
0.003201895 -0.02188178
0.003203495 -0.02188178
0.003205095 -0.02188178
0.003206695 -0.02211706
0.003208295 -0.02188178
0.003209895 -0.02211706
0.003211495 -0.02188178
0.003213095 -0.02235235
0.003214695 -0.02211706
0.003216295 -0.02282293
0.003217895 -0.0232935
0.003219495 -0.02376408
0.003221095 -0.02376408
0.003222695 -0.02470523
0.003224295 -0.02494052
0.003225895 -0.02588167
0.003227495 -0.02705811
0.003229095 -0.02776397
0.003230695 -0.02846984
0.003232295 -0.02964628
0.003233895 -0.03058743
0.003235495 -0.03223444
0.003237095 -0.03270502
0.003238695 -0.0350579
0.003240295 -0.03576376
0.003241895 -0.03717549
0.003243495 -0.03858722
0.003245095 -0.03999895
0.003246695 -0.04141067
0.003248295 -0.04211654
0.003249895 -0.04258711
0.003251495 -0.04399884
0.003253095 -0.04493999
0.003254695 -0.04658701
0.003256295 -0.04705758
0.003257895 -0.04846931
0.003259495 -0.05011633
0.003261095 -0.0505869
0.003262695 -0.05152805
0.003264295 -0.05199863
0.003265895 -0.05270449
0.003267495 -0.05293978
0.003269095 -0.05317507
0.003270695 -0.05293978
0.003272295 -0.05341036
0.003273895 -0.05293978
0.003275495 -0.05293978
0.003277095 -0.05341036
0.003278695 -0.05364565
0.003280295 -0.0545868
0.003281895 -0.05435151
0.003283495 -0.05529266
0.003285095 -0.05623381
0.003286695 -0.05623381
0.003288295 -0.05717496
0.003289895 -0.05693968
0.003291495 -0.05811612
0.003293095 -0.05858669
0.003294695 -0.05882198
0.003296295 -0.05882198
0.003297895 -0.05976313
0.003299495 -0.05976313
0.003301095 -0.05976313
0.003302695 -0.05999842
0.003304295 -0.05999842
0.003305895 -0.06046899
0.003307495 -0.06093957
0.003309095 -0.06117486
0.003310695 -0.06093957
0.003312295 -0.06117486
0.003313895 -0.06093957
0.003315495 -0.06093957
0.003317095 -0.06117486
0.003318695 -0.06141015
0.003320295 -0.06211601
0.003321895 -0.06164543
0.003323495 -0.06117486
0.003325095 -0.06093957
0.003326695 -0.06046899
0.003328295 -0.06117486
0.003329895 -0.06046899
0.003331495 -0.06023371
0.003333095 -0.05976313
0.003334695 -0.05929256
0.003336295 -0.05905727
0.003337895 -0.05882198
0.003339495 -0.05858669
0.003341095 -0.0583514
0.003342695 -0.05811612
0.003344295 -0.0583514
0.003345895 -0.05764554
0.003347495 -0.05764554
0.003349095 -0.05693968
0.003350695 -0.05717496
0.003352295 -0.05623381
0.003353895 -0.0564691
0.003355495 -0.05623381
0.003357095 -0.05576324
0.003358695 -0.05576324
0.003360295 -0.05599852
0.003361895 -0.0564691
0.003363495 -0.0564691
0.003365095 -0.0564691
0.003366695 -0.05693968
0.003368295 -0.05764554
0.003369895 -0.05811612
0.003371495 -0.05811612
0.003373095 -0.05929256
0.003374695 -0.05976313
0.003376295 -0.05999842
0.003377895 -0.05952784
0.003379495 -0.06046899
0.003381095 -0.06070428
0.003382695 -0.06046899
0.003384295 -0.06023371
0.003385895 -0.06046899
0.003387495 -0.06046899
0.003389095 -0.05999842
0.003390695 -0.05976313
0.003392295 -0.05976313
0.003393895 -0.05976313
0.003395495 -0.05976313
0.003397095 -0.05929256
0.003398695 -0.05858669
0.003400295 -0.0583514
0.003401895 -0.05811612
0.003403495 -0.05741025
0.003405095 -0.05741025
0.003406695 -0.05693968
0.003408295 -0.05670439
0.003409895 -0.05599852
0.003411495 -0.05529266
0.003413095 -0.05505737
0.003414695 -0.05529266
0.003416295 -0.05435151
0.003417895 -0.0545868
0.003419495 -0.05411622
0.003421095 -0.0545868
0.003422695 -0.05435151
0.003424295 -0.05482208
0.003425895 -0.0545868
0.003427495 -0.05505737
0.003429095 -0.05552795
0.003430695 -0.05576324
0.003432295 -0.05576324
0.003433895 -0.05599852
0.003435495 -0.05717496
0.003437095 -0.0564691
0.003438695 -0.05670439
0.003440295 -0.05693968
0.003441895 -0.05670439
0.003443495 -0.05741025
0.003445095 -0.05764554
0.003446695 -0.05764554
0.003448295 -0.05764554
0.003449895 -0.05788083
0.003451495 -0.05764554
0.003453095 -0.05788083
0.003454695 -0.05693968
0.003456295 -0.05788083
0.003457895 -0.05717496
0.003459495 -0.05693968
0.003461095 -0.05670439
0.003462695 -0.05599852
0.003464295 -0.05576324
0.003465895 -0.05529266
0.003467495 -0.05529266
0.003469095 -0.05482208
0.003470695 -0.05364565
0.003472295 -0.05364565
0.003473895 -0.05341036
0.003475495 -0.05364565
0.003477095 -0.05341036
0.003478695 -0.05341036
0.003480295 -0.05364565
0.003481895 -0.05435151
0.003483495 -0.05388093
0.003485095 -0.0545868
0.003486695 -0.05505737
0.003488295 -0.05505737
0.003489895 -0.05552795
0.003491495 -0.0564691
0.003493095 -0.05693968
0.003494695 -0.05741025
0.003496295 -0.05741025
0.003497895 -0.05741025
0.003499495 -0.05693968
0.003501095 -0.05764554
0.003502695 -0.05693968
0.003504295 -0.05693968
0.003505895 -0.05623381
0.003507495 -0.05576324
0.003509095 -0.05552795
0.003510695 -0.0545868
0.003512295 -0.05482208
0.003513895 -0.05364565
0.003515495 -0.05411622
0.003517095 -0.05364565
0.003518695 -0.05388093
0.003520295 -0.05388093
0.003521895 -0.05482208
0.003523495 -0.05482208
0.003525095 -0.05529266
0.003526695 -0.05599852
0.003528295 -0.0564691
0.003529895 -0.05717496
0.003531495 -0.0583514
0.003533095 -0.05858669
0.003534695 -0.05858669
0.003536295 -0.05905727
0.003537895 -0.05929256
0.003539495 -0.06023371
0.003541095 -0.06046899
0.003542695 -0.06117486
0.003544295 -0.06188072
0.003545895 -0.06164543
0.003547495 -0.06282187
0.003549095 -0.06329245
0.003550695 -0.06376303
0.003552295 -0.06470418
0.003553895 -0.06470418
0.003555495 -0.06541004
0.003557095 -0.06564533
0.003558695 -0.06588062
0.003560295 -0.06493947
0.003561895 -0.06517475
0.003563495 -0.06446889
0.003565095 -0.06446889
0.003566695 -0.06470418
0.003568295 -0.06282187
0.003569895 -0.0623513
0.003571495 -0.06164543
0.003573095 -0.06141015
0.003574695 -0.06023371
0.003576295 -0.05976313
0.003577895 -0.05858669
0.003579495 -0.05858669
0.003581095 -0.05788083
0.003582695 -0.05717496
0.003584295 -0.05741025
0.003585895 -0.05741025
0.003587495 -0.05741025
0.003589095 -0.05788083
0.003590695 -0.05764554
0.003592295 -0.05670439
0.003593895 -0.05693968
0.003595495 -0.05717496
0.003597095 -0.05670439
0.003598695 -0.05623381
0.003600295 -0.05670439
0.003601895 -0.05670439
0.003603495 -0.05623381
0.003605095 -0.0564691
0.003606695 -0.0564691
0.003608295 -0.0564691
0.003609895 -0.05693968
0.003611495 -0.05670439
0.003613095 -0.0564691
0.003614695 -0.05623381
0.003616295 -0.05764554
0.003617895 -0.05670439
0.003619495 -0.05693968
0.003621095 -0.0564691
0.003622695 -0.05670439
0.003624295 -0.05670439
0.003625895 -0.05741025
0.003627495 -0.05764554
0.003629095 -0.05741025
0.003630695 -0.05811612
0.003632295 -0.05882198
0.003633895 -0.05882198
0.003635495 -0.0583514
0.003637095 -0.05882198
0.003638695 -0.05882198
0.003640295 -0.05905727
0.003641895 -0.05999842
0.003643495 -0.05976313
0.003645095 -0.05929256
0.003646695 -0.05976313
0.003648295 -0.05976313
0.003649895 -0.05952784
0.003651495 -0.05905727
0.003653095 -0.05976313
0.003654695 -0.05999842
0.003656295 -0.05905727
0.003657895 -0.05952784
0.003659495 -0.05929256
0.003661095 -0.05882198
0.003662695 -0.05858669
0.003664295 -0.05788083
0.003665895 -0.05764554
0.003667495 -0.05717496
0.003669095 -0.05693968
0.003670695 -0.05599852
0.003672295 -0.05529266
0.003673895 -0.05505737
0.003675495 -0.05388093
0.003677095 -0.05388093
0.003678695 -0.05246921
0.003680295 -0.05176334
0.003681895 -0.05082219
0.003683495 -0.05011633
0.003685095 -0.04988104
0.003686695 -0.0487046
0.003688295 -0.04893989
0.003689895 -0.04799874
0.003691495 -0.04799874
0.003693095 -0.04776345
0.003694695 -0.0468223
0.003696295 -0.04729287
0.003697895 -0.04658701
0.003699495 -0.04705758
0.003701095 -0.04658701
0.003702695 -0.0468223
0.003704295 -0.04635172
0.003705895 -0.04705758
0.003707495 -0.0468223
0.003709095 -0.0468223
0.003710695 -0.04705758
0.003712295 -0.04729287
0.003713895 -0.04729287
0.003715495 -0.04776345
0.003717095 -0.04823402
0.003718695 -0.04823402
0.003720295 -0.04776345
0.003721895 -0.04799874
0.003723495 -0.0487046
0.003725095 -0.04893989
0.003726695 -0.04823402
0.003728295 -0.04893989
0.003729895 -0.0487046
0.003731495 -0.0487046
0.003733095 -0.04941046
0.003734695 -0.04893989
0.003736295 -0.04893989
0.003737895 -0.04846931
0.003739495 -0.04799874
0.003741095 -0.04729287
0.003742695 -0.0468223
0.003744295 -0.04635172
0.003745895 -0.04541057
0.003747495 -0.04493999
0.003749095 -0.04399884
0.003750695 -0.04305769
0.003752295 -0.04235183
0.003753895 -0.04188125
0.003755495 -0.04117539
0.003757095 -0.04046952
0.003758695 -0.03952837
0.003760295 -0.03952837
0.003761895 -0.03835193
0.003763495 -0.03858722
0.003765095 -0.03858722
0.003766695 -0.03882251
0.003768295 -0.03858722
0.003769895 -0.03882251
0.003771495 -0.03835193
0.003773095 -0.03858722
0.003774695 -0.03858722
0.003776295 -0.03882251
0.003777895 -0.03811664
0.003779495 -0.03788135
0.003781095 -0.03741078
0.003782695 -0.03670492
0.003784295 -0.03599905
0.003785895 -0.03529319
0.003787495 -0.03435204
0.003789095 -0.03435204
0.003790695 -0.0331756
0.003792295 -0.03270502
0.003793895 -0.03199916
0.003795495 -0.03176387
0.003797095 -0.03152858
0.003798695 -0.03152858
0.003800295 -0.03105801
0.003801895 -0.03105801
0.003803495 -0.03058743
0.003805095 -0.02964628
0.003806695 -0.02988157
0.003808295 -0.02988157
0.003809895 -0.02941099
0.003811495 -0.0291757
0.003813095 -0.02964628
0.003814695 -0.02941099
0.003816295 -0.02941099
0.003817895 -0.02894041
0.003819495 -0.0291757
0.003821095 -0.02894041
0.003822695 -0.02846984
0.003824295 -0.02894041
0.003825895 -0.02823455
0.003827495 -0.02846984
0.003829095 -0.02799926
0.003830695 -0.02823455
0.003832295 -0.02846984
0.003833895 -0.02894041
0.003835495 -0.02846984
0.003837095 -0.02894041
0.003838695 -0.02846984
0.003840295 -0.02894041
0.003841895 -0.02870513
0.003843495 -0.02870513
0.003845095 -0.02870513
0.003846695 -0.02823455
0.003848295 -0.02846984
0.003849895 -0.02823455
0.003851495 -0.02823455
0.003853095 -0.02823455
0.003854695 -0.02823455
0.003856295 -0.02799926
0.003857895 -0.02752869
0.003859495 -0.02682282
0.003861095 -0.02682282
0.003862695 -0.02658753
0.003864295 -0.02635225
0.003865895 -0.02611696
0.003867495 -0.02564638
0.003869095 -0.02470523
0.003870695 -0.02399937
0.003872295 -0.02423466
0.003873895 -0.02305822
0.003875495 -0.02211706
0.003877095 -0.02164649
0.003878695 -0.0214112
0.003880295 -0.02094062
0.003881895 -0.02023476
0.003883495 -0.01976419
0.003885095 -0.01882303
0.003886695 -0.01788188
0.003888295 -0.01741131
0.003889895 -0.01694073
0.003891495 -0.01647015
0.003893095 -0.01576429
0.003894695 -0.01576429
0.003896295 -0.01505843
0.003897895 -0.01435256
0.003899495 -0.01341141
0.003901095 -0.01270555
0.003902695 -0.01152911
0.003904295 -0.01105853
0.003905895 -0.01011738
0.003907495 -0.008940941
0.003909095 -0.007999789
0.003910695 -0.00682335
0.003912295 -0.005882198
0.003913895 -0.00447047
0.003915495 -0.003058743
0.003917095 -0.002823455
0.003918695 -0.002117591
0.003920295 -0.001411728
0.003921895 0.0002352879
0.003923495 0
0.003925095 0.0009411517
0.003926695 0.001647015
0.003928295 0.001647015
0.003929895 0.002117591
0.003931495 0.003058743
0.003933095 0.002352879
0.003934695 0.003294031
0.003936295 0.003058743
0.003937895 0.003999895
0.003939495 0.003999895
0.003941095 0.004705758
0.003942695 0.005176334
0.003944295 0.00564691
0.003945895 0.005882198
0.003947495 0.006117486
0.003949095 0.006352774
0.003950695 0.00682335
0.003952295 0.00682335
0.003953895 0.006588062
0.003955495 0.006352774
0.003957095 0.006117486
0.003958695 0.00564691
0.003960295 0.006117486
0.003961895 0.005411622
0.003963495 0.005176334
0.003965095 0.004941046
0.003966695 0.004705758
0.003968295 0.00447047
0.003969895 0.005176334
0.003971495 0.00564691
0.003973095 0.005176334
0.003974695 0.005176334
0.003976295 0.005411622
0.003977895 0.00564691
0.003979495 0.006588062
0.003981095 0.007058638
0.003982695 0.008705653
0.003984295 0.009176229
0.003985895 0.01058796
0.003987495 0.0117644
0.003989095 0.01317612
0.003990695 0.01411728
0.003992295 0.01505843
0.003993895 0.01623487
0.003995495 0.01694073
0.003997095 0.01788188
0.003998695 0.01858775
0.004000295 0.01976419
0.004001895 0.0195289
0.004003495 0.01999947
0.004005095 0.02047005
0.004006695 0.02094062
0.004008295 0.0214112
0.004009895 0.02164649
0.004011495 0.02211706
0.004013095 0.02258764
0.004014695 0.02305822
0.004016295 0.02305822
0.004017895 0.0232935
0.004019495 0.02399937
0.004021095 0.02494052
0.004022695 0.02494052
0.004024295 0.02517581
0.004025895 0.02611696
0.004027495 0.02682282
0.004029095 0.02705811
0.004030695 0.02776397
0.004032295 0.02846984
0.004033895 0.02894041
0.004035495 0.02941099
0.004037095 0.02964628
0.004038695 0.03058743
0.004040295 0.03105801
0.004041895 0.03105801
0.004043495 0.03105801
0.004045095 0.03199916
0.004046695 0.03270502
0.004048295 0.03199916
0.004049895 0.03294031
0.004051495 0.03294031
0.004053095 0.03294031
0.004054695 0.03270502
0.004056295 0.03246973
0.004057895 0.03270502
0.004059495 0.03270502
0.004061095 0.03246973
0.004062695 0.03246973
0.004064295 0.03223444
0.004065895 0.03176387
0.004067495 0.03223444
0.004069095 0.03246973
0.004070695 0.03199916
0.004072295 0.0331756
0.004073895 0.03294031
0.004075495 0.03270502
0.004077095 0.03294031
0.004078695 0.03411675
0.004080295 0.03411675
0.004081895 0.03482261
0.004083495 0.03482261
0.004085095 0.03552848
0.004086695 0.03599905
0.004088295 0.03623434
0.004089895 0.03717549
0.004091495 0.03811664
0.004093095 0.03858722
0.004094695 0.03905779
0.004096295 0.03929308
0.004097895 0.04046952
0.004099495 0.0409401
0.004101095 0.04141067
0.004102695 0.04141067
0.004104295 0.0428224
0.004105895 0.0428224
0.004107495 0.04305769
0.004109095 0.04399884
0.004110695 0.04423413
0.004112295 0.0447047
0.004113895 0.04517528
0.004115495 0.04541057
0.004117095 0.04588114
0.004118695 0.04588114
0.004120295 0.04564586
0.004121895 0.04588114
0.004123495 0.04588114
0.004125095 0.04588114
0.004126695 0.04564586
0.004128295 0.04611643
0.004129895 0.04658701
0.004131495 0.0468223
0.004133095 0.04705758
0.004134695 0.04729287
0.004136295 0.04752816
0.004137895 0.04893989
0.004139495 0.04941046
0.004141095 0.04917517
0.004142695 0.05082219
0.004144295 0.05105748
0.004145895 0.05223392
0.004147495 0.05317507
0.004149095 0.05341036
0.004150695 0.05411622
0.004152295 0.05505737
0.004153895 0.05599852
0.004155495 0.05623381
0.004157095 0.0564691
0.004158695 0.05788083
0.004160295 0.05764554
0.004161895 0.0583514
0.004163495 0.05764554
0.004165095 0.05811612
0.004166695 0.05764554
0.004168295 0.0583514
0.004169895 0.0583514
0.004171495 0.05905727
0.004173095 0.05811612
0.004174695 0.05858669
0.004176295 0.05788083
0.004177895 0.05882198
0.004179495 0.05788083
0.004181095 0.05811612
0.004182695 0.05858669
0.004184295 0.05905727
0.004185895 0.05929256
0.004187495 0.06023371
0.004189095 0.05999842
0.004190695 0.06046899
0.004192295 0.06093957
0.004193895 0.06188072
0.004195495 0.0623513
0.004197095 0.06329245
0.004198695 0.06376303
0.004200295 0.06446889
