LECROYWS4024HD 19320 Waveform
Segments 1 SegmentSize 3127
Segment TrigTime TimeSinceSegment1
#1 16-May-2024 16:35:22 0                 
Time Ampl
-0.000801029 0
-0.000799429 -0.0009411517
-0.000797829 -0.0002352879
-0.000796229 -0.0004705758
-0.000794629 0.0004705758
-0.000793029 -0.0002352879
-0.000791429 -0.0007058638
-0.000789829 -0.0007058638
-0.000788229 0.0002352879
-0.000786629 -0.0007058638
-0.000785029 0.0002352879
-0.000783429 0.0002352879
-0.000781829 -0.0002352879
-0.000780229 -0.0004705758
-0.000778629 -0.0004705758
-0.000777029 -0.0004705758
-0.000775429 -0.0007058638
-0.000773829 -0.0004705758
-0.000772229 -0.0002352879
-0.000770629 -0.0002352879
-0.000769029 -0.0009411517
-0.000767429 -0.0007058638
-0.000765829 -0.0002352879
-0.000764229 -0.0009411517
-0.000762629 -0.0007058638
-0.000761029 -0.0007058638
-0.000759429 0
-0.000757829 -0.0007058638
-0.000756229 0
-0.000754629 -0.0002352879
-0.000753029 -0.0007058638
-0.000751429 -0.0007058638
-0.000749829 0.0002352879
-0.000748229 -0.0004705758
-0.000746629 0.0002352879
-0.000745029 -0.0009411517
-0.000743429 0
-0.000741829 0
-0.000740229 -0.0004705758
-0.000738629 0
-0.000737029 -0.0004705758
-0.000735429 -0.0009411517
-0.000733829 0
-0.000732229 -0.0004705758
-0.000730629 0
-0.000729029 -0.0002352879
-0.000727429 -0.0007058638
-0.000725829 -0.0007058638
-0.000724229 -0.0007058638
-0.000722629 -0.0007058638
-0.000721029 -0.0002352879
-0.000719429 -0.0004705758
-0.000717829 -0.0002352879
-0.000716229 -0.0009411517
-0.000714629 -0.0002352879
-0.000713029 -0.0002352879
-0.000711429 0
-0.000709829 0
-0.000708229 0
-0.000706629 -0.0002352879
-0.000705029 -0.0002352879
-0.000703429 -0.0004705758
-0.000701829 -0.0004705758
-0.000700229 -0.0004705758
-0.000698629 0
-0.000697029 -0.0009411517
-0.000695429 -0.0002352879
-0.000693829 -0.0007058638
-0.000692229 -0.0002352879
-0.000690629 -0.0004705758
-0.000689029 -0.0004705758
-0.000687429 -0.0002352879
-0.000685829 -0.0002352879
-0.000684229 -0.0002352879
-0.000682629 -0.0002352879
-0.000681029 -0.0009411517
-0.000679429 0
-0.000677829 -0.0007058638
-0.000676229 -0.0002352879
-0.000674629 -0.0007058638
-0.000673029 -0.0007058638
-0.000671429 -0.0004705758
-0.000669829 0
-0.000668229 -0.0004705758
-0.000666629 0
-0.000665029 0.0002352879
-0.000663429 0.0002352879
-0.000661829 -0.0007058638
-0.000660229 0
-0.000658629 -0.0004705758
-0.000657029 0
-0.000655429 -0.0002352879
-0.000653829 0.0002352879
-0.000652229 -0.0004705758
-0.000650629 0
-0.000649029 -0.0002352879
-0.000647429 0
-0.000645829 -0.0002352879
-0.000644229 -0.0007058638
-0.000642629 -0.0002352879
-0.000641029 0.0002352879
-0.000639429 -0.0009411517
-0.000637829 0.0002352879
-0.000636229 -0.0009411517
-0.000634629 -0.0004705758
-0.000633029 -0.0004705758
-0.000631429 -0.0002352879
-0.000629829 0.0002352879
-0.000628229 0.0002352879
-0.000626629 -0.0004705758
-0.000625029 -0.0004705758
-0.000623429 -0.0007058638
-0.000621829 -0.00117644
-0.000620229 -0.0004705758
-0.000618629 -0.0002352879
-0.000617029 -0.0004705758
-0.000615429 -0.0002352879
-0.000613829 -0.0004705758
-0.000612229 -0.0004705758
-0.000610629 -0.0007058638
-0.000609029 -0.0004705758
-0.000607429 -0.0002352879
-0.000605829 -0.0004705758
-0.000604229 -0.0007058638
-0.000602629 -0.0004705758
-0.000601029 -0.0004705758
-0.000599429 -0.0004705758
-0.000597829 -0.0007058638
-0.000596229 0.0004705758
-0.000594629 -0.0004705758
-0.000593029 -0.00117644
-0.000591429 -0.0004705758
-0.000589829 -0.0002352879
-0.000588229 -0.0004705758
-0.000586629 -0.0004705758
-0.000585029 -0.0007058638
-0.000583429 -0.0009411517
-0.000581829 -0.0004705758
-0.000580229 -0.0004705758
-0.000578629 -0.0007058638
-0.000577029 -0.0004705758
-0.000575429 -0.0004705758
-0.000573829 -0.0007058638
-0.000572229 -0.0007058638
-0.000570629 0
-0.000569029 -0.0007058638
-0.000567429 -0.0007058638
-0.000565829 -0.0004705758
-0.000564229 -0.0004705758
-0.000562629 -0.0007058638
-0.000561029 0
-0.000559429 -0.0009411517
-0.000557829 -0.0004705758
-0.000556229 -0.0002352879
-0.000554629 0
-0.000553029 -0.0004705758
-0.000551429 0
-0.000549829 -0.0007058638
-0.000548229 0.0002352879
-0.000546629 -0.0004705758
-0.000545029 -0.0002352879
-0.000543429 -0.0009411517
-0.000541829 -0.0004705758
-0.000540229 -0.0007058638
-0.000538629 -0.0004705758
-0.000537029 -0.0009411517
-0.000535429 -0.0007058638
-0.000533829 -0.0004705758
-0.000532229 -0.0007058638
-0.000530629 -0.0002352879
-0.000529029 -0.0007058638
-0.000527429 -0.0004705758
-0.000525829 0.0002352879
-0.000524229 -0.0009411517
-0.000522629 -0.0004705758
-0.000521029 -0.00117644
-0.000519429 -0.0007058638
-0.000517829 -0.0002352879
-0.000516229 0.0002352879
-0.000514629 -0.0002352879
-0.000513029 -0.0004705758
-0.000511429 -0.00117644
-0.000509829 -0.0007058638
-0.000508229 -0.00117644
-0.000506629 -0.0002352879
-0.000505029 -0.0007058638
-0.000503429 -0.0002352879
-0.000501829 -0.0007058638
-0.000500229 -0.0004705758
-0.000498629 -0.0004705758
-0.000497029 -0.0002352879
-0.000495429 -0.0007058638
-0.000493829 -0.0002352879
-0.000492229 -0.0004705758
-0.000490629 -0.0002352879
-0.000489029 -0.0004705758
-0.000487429 -0.0002352879
-0.000485829 -0.0002352879
-0.000484229 -0.0004705758
-0.000482629 -0.0007058638
-0.000481029 0
-0.000479429 -0.0004705758
-0.000477829 0
-0.000476229 -0.0007058638
-0.000474629 0.0002352879
-0.000473029 -0.0004705758
-0.000471429 -0.0002352879
-0.000469829 -0.0004705758
-0.000468229 0
-0.000466629 -0.0004705758
-0.000465029 -0.0002352879
-0.000463429 -0.0002352879
-0.000461829 0
-0.000460229 -0.0002352879
-0.000458629 -0.0009411517
-0.000457029 -0.0004705758
-0.000455429 0
-0.000453829 -0.0007058638
-0.000452229 -0.0007058638
-0.000450629 -0.0004705758
-0.000449029 0
-0.000447429 -0.0004705758
-0.000445829 -0.0007058638
-0.000444229 -0.0007058638
-0.000442629 0
-0.000441029 -0.0004705758
-0.000439429 0.0002352879
-0.000437829 -0.0004705758
-0.000436229 -0.0004705758
-0.000434629 -0.0009411517
-0.000433029 0.0002352879
-0.000431429 -0.0004705758
-0.000429829 -0.0007058638
-0.000428229 -0.0004705758
-0.000426629 -0.0009411517
-0.000425029 -0.0004705758
-0.000423429 -0.0007058638
-0.000421829 -0.0007058638
-0.000420229 -0.0002352879
-0.000418629 0
-0.000417029 -0.0002352879
-0.000415429 -0.0004705758
-0.000413829 -0.0004705758
-0.000412229 -0.0007058638
-0.000410629 -0.0002352879
-0.000409029 -0.0002352879
-0.000407429 -0.0007058638
-0.000405829 -0.0004705758
-0.000404229 -0.0004705758
-0.000402629 -0.0007058638
-0.000401029 -0.0007058638
-0.000399429 -0.0004705758
-0.000397829 -0.0002352879
-0.000396229 -0.0004705758
-0.000394629 -0.0002352879
-0.000393029 -0.0004705758
-0.000391429 -0.0004705758
-0.000389829 -0.0007058638
-0.000388229 -0.0009411517
-0.000386629 -0.0007058638
-0.000385029 -0.0007058638
-0.000383429 -0.0002352879
-0.000381829 -0.0004705758
-0.000380229 -0.0007058638
-0.000378629 -0.0009411517
-0.000377029 -0.0004705758
-0.000375429 -0.0007058638
-0.000373829 -0.0004705758
-0.000372229 -0.0004705758
-0.000370629 -0.0004705758
-0.000369029 -0.0002352879
-0.000367429 -0.0002352879
-0.000365829 -0.0007058638
-0.000364229 -0.0002352879
-0.000362629 -0.0002352879
-0.000361029 -0.0002352879
-0.000359429 0
-0.000357829 -0.0007058638
-0.000356229 0
-0.000354629 -0.0007058638
-0.000353029 -0.0004705758
-0.000351429 -0.0004705758
-0.000349829 -0.0004705758
-0.000348229 -0.0007058638
-0.000346629 0.0002352879
-0.000345029 -0.0007058638
-0.000343429 -0.0004705758
-0.000341829 -0.0002352879
-0.000340229 0
-0.000338629 -0.0007058638
-0.000337029 -0.0002352879
-0.000335429 -0.0004705758
-0.000333829 -0.0004705758
-0.000332229 -0.0004705758
-0.000330629 -0.0002352879
-0.000329029 -0.0009411517
-0.000327429 -0.0004705758
-0.000325829 -0.0007058638
-0.000324229 -0.0009411517
-0.000322629 -0.0009411517
-0.000321029 0
-0.000319429 -0.0002352879
-0.000317829 0.0002352879
-0.000316229 -0.0002352879
-0.000314629 0
-0.000313029 -0.0007058638
-0.000311429 -0.0004705758
-0.000309829 -0.0004705758
-0.000308229 -0.0007058638
-0.000306629 -0.0007058638
-0.000305029 0.0002352879
-0.000303429 -0.0002352879
-0.000301829 -0.0007058638
-0.000300229 -0.0009411517
-0.000298629 -0.0007058638
-0.000297029 -0.0009411517
-0.000295429 -0.0002352879
-0.000293829 0
-0.000292229 -0.0007058638
-0.000290629 -0.0007058638
-0.000289029 -0.0009411517
-0.000287429 -0.0004705758
-0.000285829 -0.0002352879
-0.000284229 -0.0002352879
-0.000282629 -0.0004705758
-0.000281029 -0.0004705758
-0.000279429 0
-0.000277829 0
-0.000276229 0.0002352879
-0.000274629 -0.0002352879
-0.000273029 -0.0004705758
-0.000271429 -0.0007058638
-0.000269829 -0.0002352879
-0.000268229 -0.0007058638
-0.000266629 -0.0004705758
-0.000265029 -0.0007058638
-0.000263429 -0.0004705758
-0.000261829 -0.0004705758
-0.000260229 -0.0004705758
-0.000258629 -0.0009411517
-0.000257029 -0.0009411517
-0.000255429 0
-0.000253829 0.0002352879
-0.000252229 -0.0004705758
-0.000250629 -0.0002352879
-0.000249029 -0.0004705758
-0.000247429 -0.0004705758
-0.000245829 -0.00117644
-0.000244229 -0.0004705758
-0.000242629 -0.0007058638
-0.000241029 -0.0007058638
-0.000239429 -0.0004705758
-0.000237829 -0.0009411517
-0.000236229 -0.0004705758
-0.000234629 -0.0004705758
-0.000233029 -0.0009411517
-0.000231429 -0.00117644
-0.000229829 -0.0004705758
-0.000228229 0
-0.000226629 -0.0007058638
-0.000225029 -0.0002352879
-0.000223429 -0.0007058638
-0.000221829 -0.0007058638
-0.000220229 -0.0009411517
-0.000218629 0
-0.000217029 -0.0002352879
-0.000215429 -0.0002352879
-0.000213829 -0.0004705758
-0.000212229 -0.0004705758
-0.000210629 -0.0004705758
-0.000209029 -0.0004705758
-0.000207429 -0.0002352879
-0.000205829 0.0004705758
-0.000204229 -0.0004705758
-0.000202629 -0.0004705758
-0.000201029 -0.0007058638
-0.000199429 -0.00117644
-0.000197829 -0.0007058638
-0.000196229 -0.0007058638
-0.000194629 -0.0007058638
-0.000193029 -0.0007058638
-0.000191429 -0.0007058638
-0.000189829 -0.0007058638
-0.000188229 -0.0004705758
-0.000186629 -0.0007058638
-0.000185029 -0.0002352879
-0.000183429 -0.0007058638
-0.000181829 -0.0002352879
-0.000180229 -0.0002352879
-0.000178629 -0.0004705758
-0.000177029 -0.0004705758
-0.000175429 -0.0007058638
-0.000173829 -0.0004705758
-0.000172229 -0.0004705758
-0.000170629 -0.0002352879
-0.000169029 -0.0007058638
-0.000167429 -0.0009411517
-0.000165829 -0.0007058638
-0.000164229 -0.0004705758
-0.000162629 -0.0007058638
-0.000161029 0
-0.000159429 0
-0.000157829 0.0002352879
-0.000156229 -0.0007058638
-0.000154629 -0.0002352879
-0.000153029 -0.0004705758
-0.000151429 -0.0004705758
-0.000149829 -0.0004705758
-0.000148229 -0.0007058638
-0.000146629 -0.0002352879
-0.000145029 -0.0007058638
-0.000143429 -0.0007058638
-0.000141829 -0.0002352879
-0.000140229 -0.0007058638
-0.000138629 -0.0009411517
-0.000137029 -0.00117644
-0.000135429 -0.0004705758
-0.000133829 0
-0.000132229 0
-0.000130629 -0.0007058638
-0.000129029 -0.0007058638
-0.000127429 -0.0007058638
-0.000125829 -0.0002352879
-0.000124229 0
-0.000122629 -0.0007058638
-0.000121029 0
-0.000119429 -0.0004705758
-0.000117829 -0.0002352879
-0.000116229 -0.0004705758
-0.000114629 -0.0002352879
-0.000113029 -0.0004705758
-0.000111429 -0.0004705758
-0.000109829 0.0002352879
-0.000108229 -0.0004705758
-0.000106629 -0.0009411517
-0.000105029 -0.0004705758
-0.000103429 0
-0.000101829 -0.0009411517
-0.000100229 -0.0009411517
-9.8629e-005 -0.0004705758
-9.7029e-005 -0.0004705758
-9.5429e-005 -0.0009411517
-9.3829e-005 -0.0004705758
-9.2229e-005 -0.0007058638
-9.0629e-005 -0.0004705758
-8.9029e-005 -0.0009411517
-8.7429e-005 -0.0002352879
-8.5829e-005 -0.0004705758
-8.4229e-005 -0.0004705758
-8.2629e-005 -0.0007058638
-8.1029e-005 -0.0002352879
-7.9429e-005 -0.0007058638
-7.7829e-005 -0.0002352879
-7.6229e-005 -0.0002352879
-7.4629e-005 -0.0002352879
-7.3029e-005 -0.0002352879
-7.1429e-005 -0.0007058638
-6.9829e-005 -0.0002352879
-6.8229e-005 -0.0007058638
-6.6629e-005 -0.0007058638
-6.5029e-005 -0.0004705758
-6.3429e-005 -0.0007058638
-6.1829e-005 -0.0007058638
-6.0229e-005 -0.0007058638
-5.8629e-005 -0.0004705758
-5.7029e-005 -0.0009411517
-5.5429e-005 -0.0002352879
-5.3829e-005 0.0002352879
-5.2229e-005 0
-5.0629e-005 -0.0002352879
-4.9029e-005 0.00117644
-4.7429e-005 0.001647015
-4.5829e-005 0.0007058638
-4.4229e-005 -0.003058743
-4.2629e-005 -0.008235077
-4.1029e-005 -0.01811717
-3.9429e-005 -0.02211706
-3.7829e-005 -0.01835246
-3.6229e-005 -0.02517581
-3.4629e-005 -0.02023476
-3.3029e-005 -0.02188178
-3.1429e-005 -0.02635225
-2.9829e-005 -0.02705811
-2.8229e-005 -0.03811664
-2.6629e-005 -0.04211654
-2.5029e-005 -0.04658701
-2.3429e-005 -0.04917517
-2.1829e-005 -0.05882198
-2.0229e-005 -0.08470365
-1.8629e-005 -0.09858564
-1.7029e-005 -0.1115265
-1.5429e-005 -0.1298789
-1.3829e-005 -0.1392904
-1.2229e-005 -0.1458785
-1.0629e-005 -0.1489373
-9.029e-006 -0.1411728
-7.429e-006 -0.1291731
-5.829e-006 -0.1042325
-4.229e-006 -0.07364512
-2.629e-006 -0.04423413
-1.029e-006 -0.01294084
5.71e-007 0.007999789
2.171e-006 0.02282293
3.771e-006 0.03129329
5.371e-006 0.02964628
6.971e-006 0.02799926
8.571e-006 0.02117591
1.0171e-005 0.01435256
1.1771e-005 0.01035267
1.3371e-005 0.00447047
1.4971e-005 0.004705758
1.6571e-005 0.003529319
1.8171e-005 0.002117591
1.9771e-005 0.001882303
2.1371e-005 0.003999895
2.2971e-005 0.003058743
2.4571e-005 0.003529319
2.6171e-005 0.003294031
2.7771e-005 0.004235183
2.9371e-005 0.001411728
3.0971e-005 0.002823455
3.2571e-005 0.00447047
3.4171e-005 0.004941046
3.5771e-005 0.004705758
3.7371e-005 0.005411622
3.8971e-005 0.007764501
4.0571e-005 0.007764501
4.2171e-005 0.00682335
4.3771e-005 0.007764501
4.5371e-005 0.008470365
4.6971e-005 0.01152911
4.8571e-005 0.0117644
5.0171e-005 0.01082324
5.1771e-005 0.008470365
5.3371e-005 0.00682335
5.4971e-005 0.004235183
5.6571e-005 0
5.8171e-005 -0.002823455
5.9771e-005 -0.008705653
6.1371e-005 -0.01505843
6.2971e-005 -0.01764659
6.4571e-005 -0.01905832
6.6171e-005 -0.01929361
6.7771e-005 -0.0195289
6.9371e-005 -0.02023476
7.0971e-005 -0.02282293
7.2571e-005 -0.02588167
7.4171e-005 -0.03105801
7.5771e-005 -0.03529319
7.7371e-005 -0.03952837
7.8971e-005 -0.04235183
8.0571e-005 -0.04399884
8.2171e-005 -0.04352826
8.3771e-005 -0.04235183
8.5371e-005 -0.03882251
8.6971e-005 -0.0369402
8.8571e-005 -0.03223444
9.0171e-005 -0.02752869
9.1771e-005 -0.02376408
9.3371e-005 -0.01976419
9.4971e-005 -0.01576429
9.6571e-005 -0.01317612
9.8171e-005 -0.01199968
9.9771e-005 -0.0117644
0.000101371 -0.01082324
0.000102971 -0.01058796
0.000104571 -0.008470365
0.000106171 -0.007999789
0.000107771 -0.006588062
0.000109371 -0.00564691
0.000110971 -0.003529319
0.000112571 -0.002823455
0.000114171 -0.002352879
0.000115771 -0.002117591
0.000117371 -0.003764607
0.000118971 -0.006117486
0.000120571 -0.007764501
0.000122171 -0.01058796
0.000123771 -0.01199968
0.000125371 -0.01129382
0.000126971 -0.007293925
0.000128571 -0.00447047
0.000130171 -0.002117591
0.000131771 -0.0009411517
0.000133371 0.0002352879
0.000134971 -0.0002352879
0.000136571 -0.001411728
0.000138171 -0.003058743
0.000139771 -0.004941046
0.000141371 -0.008940941
0.000142971 -0.01199968
0.000144571 -0.01270555
0.000146171 -0.01152911
0.000147771 -0.01058796
0.000149371 -0.01129382
0.000150971 -0.01105853
0.000152571 -0.01058796
0.000154171 -0.01035267
0.000155771 -0.01035267
0.000157371 -0.01035267
0.000158971 -0.01152911
0.000160571 -0.01129382
0.000162171 -0.01152911
0.000163771 -0.01011738
0.000165371 -0.008705653
0.000166971 -0.007293925
0.000168571 -0.006588062
0.000170171 -0.007293925
0.000171771 -0.006588062
0.000173371 -0.005411622
0.000174971 -0.004705758
0.000176571 -0.005176334
0.000178171 -0.00564691
0.000179771 -0.007999789
0.000181371 -0.009411517
0.000182971 -0.01105853
0.000184571 -0.01223497
0.000186171 -0.01411728
0.000187771 -0.01505843
0.000189371 -0.01599958
0.000190971 -0.01741131
0.000192571 -0.01741131
0.000194171 -0.01741131
0.000195771 -0.01647015
0.000197371 -0.01505843
0.000198971 -0.01411728
0.000200571 -0.01294084
0.000202171 -0.01129382
0.000203771 -0.009411517
0.000205371 -0.009882093
0.000206971 -0.008705653
0.000208571 -0.007293925
0.000210171 -0.005882198
0.000211771 -0.004235183
0.000213371 -0.002117591
0.000214971 0
0.000216571 0.002823455
0.000218171 0.006352774
0.000219771 0.01011738
0.000221371 0.01317612
0.000222971 0.01482314
0.000224571 0.01694073
0.000226171 0.01811717
0.000227771 0.01905832
0.000229371 0.01858775
0.000230971 0.01811717
0.000232571 0.01835246
0.000234171 0.01741131
0.000235771 0.01623487
0.000237371 0.01505843
0.000238971 0.01388199
0.000240571 0.01129382
0.000242171 0.007764501
0.000243771 0.005411622
0.000245371 0.004235183
0.000246971 0.002823455
0.000248571 0.00117644
0.000250171 -0.0004705758
0.000251771 -0.002352879
0.000253371 -0.002588167
0.000254971 -0.001647015
0.000256571 -0.00117644
0.000258171 -0.0002352879
0.000259771 -0.0002352879
0.000261371 -0.0009411517
0.000262971 -0.002117591
0.000264571 -0.002588167
0.000266171 -0.004235183
0.000267771 -0.006352774
0.000269371 -0.008235077
0.000270971 -0.01011738
0.000272571 -0.01317612
0.000274171 -0.015529
0.000275771 -0.01741131
0.000277371 -0.01741131
0.000278971 -0.01858775
0.000280571 -0.01976419
0.000282171 -0.02094062
0.000283771 -0.02211706
0.000285371 -0.02376408
0.000286971 -0.02470523
0.000288571 -0.02517581
0.000290171 -0.02423466
0.000291771 -0.02235235
0.000293371 -0.02070534
0.000294971 -0.01905832
0.000296571 -0.01576429
0.000298171 -0.01247026
0.000299771 -0.008470365
0.000301371 -0.00564691
0.000302971 -0.002352879
0.000304571 0.0004705758
0.000306171 0.002588167
0.000307771 0.003999895
0.000309371 0.006588062
0.000310971 0.007764501
0.000312571 0.008470365
0.000314171 0.008705653
0.000315771 0.009176229
0.000317371 0.009176229
0.000318971 0.008940941
0.000320571 0.008940941
0.000322171 0.007999789
0.000323771 0.007293925
0.000325371 0.006117486
0.000326971 0.005411622
0.000328571 0.005176334
0.000330171 0.004235183
0.000331771 0.004235183
0.000333371 0.002588167
0.000334971 0.00117644
0.000336571 -0.00117644
0.000338171 -0.002823455
0.000339771 -0.003058743
0.000341371 -0.004235183
0.000342971 -0.004941046
0.000344571 -0.004705758
0.000346171 -0.004941046
0.000347771 -0.003999895
0.000349371 -0.001882303
0.000350971 -0.0009411517
0.000352571 0.0007058638
0.000354171 0.0007058638
0.000355771 0.0004705758
0.000357371 -0.0002352879
0.000358971 -0.00117644
0.000360571 -0.002117591
0.000362171 -0.003058743
0.000363771 -0.003529319
0.000365371 -0.005176334
0.000366971 -0.006588062
0.000368571 -0.008470365
0.000370171 -0.007529213
0.000371771 -0.007999789
0.000373371 -0.007529213
0.000374971 -0.00682335
0.000376571 -0.006352774
0.000378171 -0.006117486
0.000379771 -0.00564691
0.000381371 -0.004941046
0.000382971 -0.003058743
0.000384571 -0.001411728
0.000386171 -0.0009411517
0.000387771 -0.0009411517
0.000389371 -0.0009411517
0.000390971 -0.0002352879
0.000392571 0.0007058638
0.000394171 0.00117644
0.000395771 0.00117644
0.000397371 0.002117591
0.000398971 0.001882303
0.000400571 0.002352879
0.000402171 0.001647015
0.000403771 0
0.000405371 -0.00117644
0.000406971 -0.003058743
0.000408571 -0.005176334
0.000410171 -0.008235077
0.000411771 -0.009411517
0.000413371 -0.0117644
0.000414971 -0.01223497
0.000416571 -0.0117644
0.000418171 -0.01058796
0.000419771 -0.009411517
0.000421371 -0.006352774
0.000422971 -0.003294031
0.000424571 0.0007058638
0.000426171 0.002823455
0.000427771 0.00447047
0.000429371 0.00447047
0.000430971 0.004705758
0.000432571 0.003764607
0.000434171 0.002352879
0.000435771 -0.0004705758
0.000437371 -0.003764607
0.000438971 -0.006588062
0.000440571 -0.009176229
0.000442171 -0.01035267
0.000443771 -0.01082324
0.000445371 -0.01129382
0.000446971 -0.01035267
0.000448571 -0.009646805
0.000450171 -0.009411517
0.000451771 -0.008470365
0.000453371 -0.007999789
0.000454971 -0.00682335
0.000456571 -0.00682335
0.000458171 -0.007293925
0.000459771 -0.007764501
0.000461371 -0.008940941
0.000462971 -0.01011738
0.000464571 -0.01152911
0.000466171 -0.0117644
0.000467771 -0.01270555
0.000469371 -0.01199968
0.000470971 -0.01152911
0.000472571 -0.009646805
0.000474171 -0.007764501
0.000475771 -0.00564691
0.000477371 -0.004235183
0.000478971 -0.002823455
0.000480571 -0.001411728
0.000482171 -0.0007058638
0.000483771 -0.0009411517
0.000485371 0
0.000486971 -0.0004705758
0.000488571 0.0009411517
0.000490171 0.002352879
0.000491771 0.004235183
0.000493371 0.005882198
0.000494971 0.007764501
0.000496571 0.008705653
0.000498171 0.009882093
0.000499771 0.01011738
0.000501371 0.01058796
0.000502971 0.01035267
0.000504571 0.008940941
0.000506171 0.006117486
0.000507771 0.003294031
0.000509371 0.0009411517
0.000510971 -0.002117591
0.000512571 -0.003764607
0.000514171 -0.006117486
0.000515771 -0.007293925
0.000517371 -0.008470365
0.000518971 -0.008940941
0.000520571 -0.008470365
0.000522171 -0.008940941
0.000523771 -0.009646805
0.000525371 -0.01129382
0.000526971 -0.01317612
0.000528571 -0.01529371
0.000530171 -0.01670544
0.000531771 -0.01858775
0.000533371 -0.01976419
0.000534971 -0.02023476
0.000536571 -0.02117591
0.000538171 -0.02094062
0.000539771 -0.02023476
0.000541371 -0.01905832
0.000542971 -0.01694073
0.000544571 -0.01599958
0.000546171 -0.01458785
0.000547771 -0.01270555
0.000549371 -0.0117644
0.000550971 -0.01082324
0.000552571 -0.01035267
0.000554171 -0.01011738
0.000555771 -0.009646805
0.000557371 -0.01082324
0.000558971 -0.01129382
0.000560571 -0.01199968
0.000562171 -0.01247026
0.000563771 -0.01294084
0.000565371 -0.01317612
0.000566971 -0.01223497
0.000568571 -0.01129382
0.000570171 -0.01082324
0.000571771 -0.009176229
0.000573371 -0.007764501
0.000574971 -0.007058638
0.000576571 -0.007293925
0.000578171 -0.007058638
0.000579771 -0.007058638
0.000581371 -0.00682335
0.000582971 -0.007058638
0.000584571 -0.006352774
0.000586171 -0.006352774
0.000587771 -0.006588062
0.000589371 -0.006117486
0.000590971 -0.005411622
0.000592571 -0.005882198
0.000594171 -0.005882198
0.000595771 -0.006352774
0.000597371 -0.007293925
0.000598971 -0.007293925
0.000600571 -0.008705653
0.000602171 -0.008470365
0.000603771 -0.008705653
0.000605371 -0.008470365
0.000606971 -0.008470365
0.000608571 -0.008470365
0.000610171 -0.007999789
0.000611771 -0.007764501
0.000613371 -0.006117486
0.000614971 -0.004235183
0.000616571 -0.002117591
0.000618171 -0.0002352879
0.000619771 0.001411728
0.000621371 0.002352879
0.000622971 0.002588167
0.000624571 0.002117591
0.000626171 0.0002352879
0.000627771 -0.002117591
0.000629371 -0.00447047
0.000630971 -0.006117486
0.000632571 -0.008470365
0.000634171 -0.009411517
0.000635771 -0.009646805
0.000637371 -0.01035267
0.000638971 -0.009882093
0.000640571 -0.009882093
0.000642171 -0.009411517
0.000643771 -0.009176229
0.000645371 -0.008705653
0.000646971 -0.008470365
0.000648571 -0.008705653
0.000650171 -0.008705653
0.000651771 -0.007999789
0.000653371 -0.007058638
0.000654971 -0.00564691
0.000656571 -0.004235183
0.000658171 -0.003999895
0.000659771 -0.003529319
0.000661371 -0.00447047
0.000662971 -0.004235183
0.000664571 -0.005176334
0.000666171 -0.005176334
0.000667771 -0.005882198
0.000669371 -0.007058638
0.000670971 -0.008235077
0.000672571 -0.008940941
0.000674171 -0.009646805
0.000675771 -0.01105853
0.000677371 -0.01058796
0.000678971 -0.01082324
0.000680571 -0.01058796
0.000682171 -0.01011738
0.000683771 -0.008940941
0.000685371 -0.007293925
0.000686971 -0.006352774
0.000688571 -0.005176334
0.000690171 -0.003764607
0.000691771 -0.003058743
0.000693371 -0.002352879
0.000694971 -0.0007058638
0.000696571 -0.0004705758
0.000698171 -0.0002352879
0.000699771 0.00117644
0.000701371 0.001882303
0.000702971 0.002117591
0.000704571 0.002117591
0.000706171 0.002823455
0.000707771 0.003529319
0.000709371 0.004235183
0.000710971 0.004235183
0.000712571 0.003999895
0.000714171 0.00447047
0.000715771 0.00564691
0.000717371 0.005882198
0.000718971 0.006588062
0.000720571 0.007293925
0.000722171 0.006588062
0.000723771 0.005882198
0.000725371 0.005882198
0.000726971 0.005882198
0.000728571 0.00564691
0.000730171 0.005411622
0.000731771 0.004705758
0.000733371 0.005176334
0.000734971 0.005411622
0.000736571 0.006117486
0.000738171 0.006588062
0.000739771 0.007999789
0.000741371 0.009646805
0.000742971 0.009882093
0.000744571 0.01199968
0.000746171 0.01223497
0.000747771 0.01341141
0.000749371 0.01435256
0.000750971 0.01435256
0.000752571 0.01341141
0.000754171 0.01270555
0.000755771 0.01223497
0.000757371 0.01082324
0.000758971 0.008940941
0.000760571 0.007764501
0.000762171 0.006588062
0.000763771 0.005176334
0.000765371 0.004941046
0.000766971 0.004235183
0.000768571 0.004235183
0.000770171 0.003999895
0.000771771 0.004705758
0.000773371 0.00564691
0.000774971 0.006352774
0.000776571 0.007999789
0.000778171 0.008235077
0.000779771 0.009411517
0.000781371 0.009646805
0.000782971 0.01129382
0.000784571 0.0117644
0.000786171 0.01199968
0.000787771 0.01247026
0.000789371 0.01341141
0.000790971 0.01341141
0.000792571 0.01411728
0.000794171 0.01411728
0.000795771 0.01435256
0.000797371 0.01458785
0.000798971 0.015529
0.000800571 0.01623487
0.000802171 0.01647015
0.000803771 0.01670544
0.000805371 0.01717602
0.000806971 0.01717602
0.000808571 0.01788188
0.000810171 0.01811717
0.000811771 0.01882303
0.000813371 0.01882303
0.000814971 0.01976419
0.000816571 0.02047005
0.000818171 0.02070534
0.000819771 0.02094062
0.000821371 0.02070534
0.000822971 0.02070534
0.000824571 0.01999947
0.000826171 0.01905832
0.000827771 0.01788188
0.000829371 0.01623487
0.000830971 0.01529371
0.000832571 0.01388199
0.000834171 0.01270555
0.000835771 0.01152911
0.000837371 0.01082324
0.000838971 0.01011738
0.000840571 0.009411517
0.000842171 0.009176229
0.000843771 0.008470365
0.000845371 0.008235077
0.000846971 0.007764501
0.000848571 0.007293925
0.000850171 0.007293925
0.000851771 0.007529213
0.000853371 0.007293925
0.000854971 0.007999789
0.000856571 0.008235077
0.000858171 0.007529213
0.000859771 0.007529213
0.000861371 0.007764501
0.000862971 0.007529213
0.000864571 0.007529213
0.000866171 0.007999789
0.000867771 0.008470365
0.000869371 0.008705653
0.000870971 0.009176229
0.000872571 0.009882093
0.000874171 0.01082324
0.000875771 0.01129382
0.000877371 0.0117644
0.000878971 0.01247026
0.000880571 0.01247026
0.000882171 0.01223497
0.000883771 0.01199968
0.000885371 0.01129382
0.000886971 0.01082324
0.000888571 0.01011738
0.000890171 0.009411517
0.000891771 0.008940941
0.000893371 0.008705653
0.000894971 0.008705653
0.000896571 0.007999789
0.000898171 0.007764501
0.000899771 0.008235077
0.000901371 0.008470365
0.000902971 0.008705653
0.000904571 0.009176229
0.000906171 0.009646805
0.000907771 0.01035267
0.000909371 0.01035267
0.000910971 0.01105853
0.000912571 0.01129382
0.000914171 0.01152911
0.000915771 0.01129382
0.000917371 0.01105853
0.000918971 0.01035267
0.000920571 0.009882093
0.000922171 0.009176229
0.000923771 0.008235077
0.000925371 0.007999789
0.000926971 0.007293925
0.000928571 0.007293925
0.000930171 0.00682335
0.000931771 0.006352774
0.000933371 0.006588062
0.000934971 0.007764501
0.000936571 0.007058638
0.000938171 0.007058638
0.000939771 0.007529213
0.000941371 0.008235077
0.000942971 0.008470365
0.000944571 0.008235077
0.000946171 0.008940941
0.000947771 0.009176229
0.000949371 0.01082324
0.000950971 0.01129382
0.000952571 0.01152911
0.000954171 0.01199968
0.000955771 0.01223497
0.000957371 0.01247026
0.000958971 0.01247026
0.000960571 0.01223497
0.000962171 0.01294084
0.000963771 0.01223497
0.000965371 0.01270555
0.000966971 0.0136467
0.000968571 0.01458785
0.000970171 0.01505843
0.000971771 0.01623487
0.000973371 0.01694073
0.000974971 0.01717602
0.000976571 0.01788188
0.000978171 0.01717602
0.000979771 0.01717602
0.000981371 0.01670544
0.000982971 0.01694073
0.000984571 0.01599958
0.000986171 0.01576429
0.000987771 0.01505843
0.000989371 0.01482314
0.000990971 0.01435256
0.000992571 0.01435256
0.000994171 0.01411728
0.000995771 0.01270555
0.000997371 0.01152911
0.000998971 0.01035267
0.001000571 0.009176229
0.001002171 0.007058638
0.001003771 0.005882198
0.001005371 0.00447047
0.001006971 0.002823455
0.001008571 0.002117591
0.001010171 0.001647015
0.001011771 0.001411728
0.001013371 0.001647015
0.001014971 0.002588167
0.001016571 0.003058743
0.001018171 0.003764607
0.001019771 0.005176334
0.001021371 0.005882198
0.001022971 0.007293925
0.001024571 0.007999789
0.001026171 0.009411517
0.001027771 0.01058796
0.001029371 0.01199968
0.001030971 0.01199968
0.001032571 0.01294084
0.001034171 0.0136467
0.001035771 0.01435256
0.001037371 0.01623487
0.001038971 0.01694073
0.001040571 0.01788188
0.001042171 0.01858775
0.001043771 0.0195289
0.001045371 0.02023476
0.001046971 0.02023476
0.001048571 0.02023476
0.001050171 0.01999947
0.001051771 0.01976419
0.001053371 0.01811717
0.001054971 0.01741131
0.001056571 0.01529371
0.001058171 0.01482314
0.001059771 0.01317612
0.001061371 0.01152911
0.001062971 0.01011738
0.001064571 0.008470365
0.001066171 0.007529213
0.001067771 0.00682335
0.001069371 0.00564691
0.001070971 0.006352774
0.001072571 0.006588062
0.001074171 0.007529213
0.001075771 0.008235077
0.001077371 0.009646805
0.001078971 0.009882093
0.001080571 0.01105853
0.001082171 0.01129382
0.001083771 0.01082324
0.001085371 0.01058796
0.001086971 0.01082324
0.001088571 0.01058796
0.001090171 0.01035267
0.001091771 0.009882093
0.001093371 0.01058796
0.001094971 0.01152911
0.001096571 0.01294084
0.001098171 0.01411728
0.001099771 0.015529
0.001101371 0.01764659
0.001102971 0.01929361
0.001104571 0.01976419
0.001106171 0.02023476
0.001107771 0.02117591
0.001109371 0.02117591
0.001110971 0.02117591
0.001112571 0.02117591
0.001114171 0.02094062
0.001115771 0.02047005
0.001117371 0.01999947
0.001118971 0.01929361
0.001120571 0.01764659
0.001122171 0.01599958
0.001123771 0.01388199
0.001125371 0.01341141
0.001126971 0.01082324
0.001128571 0.008940941
0.001130171 0.007999789
0.001131771 0.006117486
0.001133371 0.005176334
0.001134971 0.004235183
0.001136571 0.002823455
0.001138171 0.003058743
0.001139771 0.002117591
0.001141371 0.002352879
0.001142971 0.002352879
0.001144571 0.002823455
0.001146171 0.002588167
0.001147771 0.004235183
0.001149371 0.004235183
0.001150971 0.005411622
0.001152571 0.006117486
0.001154171 0.006588062
0.001155771 0.007058638
0.001157371 0.008940941
0.001158971 0.009411517
0.001160571 0.01058796
0.001162171 0.01129382
0.001163771 0.01199968
0.001165371 0.01247026
0.001166971 0.01270555
0.001168571 0.0136467
0.001170171 0.01317612
0.001171771 0.01317612
0.001173371 0.01270555
0.001174971 0.01199968
0.001176571 0.01129382
0.001178171 0.0117644
0.001179771 0.01082324
0.001181371 0.01082324
0.001182971 0.01082324
0.001184571 0.01152911
0.001186171 0.01082324
0.001187771 0.01129382
0.001189371 0.01152911
0.001190971 0.0117644
0.001192571 0.01152911
0.001194171 0.01129382
0.001195771 0.01105853
0.001197371 0.01035267
0.001198971 0.01035267
0.001200571 0.008940941
0.001202171 0.008470365
0.001203771 0.007764501
0.001205371 0.008235077
0.001206971 0.008235077
0.001208571 0.009176229
0.001210171 0.01011738
0.001211771 0.01152911
0.001213371 0.01199968
0.001214971 0.01317612
0.001216571 0.01388199
0.001218171 0.01529371
0.001219771 0.015529
0.001221371 0.01529371
0.001222971 0.01435256
0.001224571 0.01317612
0.001226171 0.0117644
0.001227771 0.01082324
0.001229371 0.009176229
0.001230971 0.007293925
0.001232571 0.005882198
0.001234171 0.005176334
0.001235771 0.004941046
0.001237371 0.003764607
0.001238971 0.003999895
0.001240571 0.003529319
0.001242171 0.003058743
0.001243771 0.003058743
0.001245371 0.002588167
0.001246971 0.003529319
0.001248571 0.002117591
0.001250171 0.002117591
0.001251771 0.001882303
0.001253371 0.001647015
0.001254971 0.001411728
0.001256571 0.001882303
0.001258171 0.001882303
0.001259771 0.003529319
0.001261371 0.003999895
0.001262971 0.004705758
0.001264571 0.004941046
0.001266171 0.005882198
0.001267771 0.006352774
0.001269371 0.007058638
0.001270971 0.00682335
0.001272571 0.00682335
0.001274171 0.00682335
0.001275771 0.007058638
0.001277371 0.006352774
0.001278971 0.005882198
0.001280571 0.004941046
0.001282171 0.00447047
0.001283771 0.003529319
0.001285371 0.003058743
0.001286971 0.002352879
0.001288571 0.001882303
0.001290171 0.001647015
0.001291771 0.001647015
0.001293371 0.001411728
0.001294971 0.002117591
0.001296571 0.002823455
0.001298171 0.003764607
0.001299771 0.004705758
0.001301371 0.00564691
0.001302971 0.006352774
0.001304571 0.007293925
0.001306171 0.007999789
0.001307771 0.008940941
0.001309371 0.009882093
0.001310971 0.01058796
0.001312571 0.01105853
0.001314171 0.01058796
0.001315771 0.01011738
0.001317371 0.01011738
0.001318971 0.009646805
0.001320571 0.008470365
0.001322171 0.008235077
0.001323771 0.00682335
0.001325371 0.006117486
0.001326971 0.006352774
0.001328571 0.00564691
0.001330171 0.005176334
0.001331771 0.005411622
0.001333371 0.00564691
0.001334971 0.00564691
0.001336571 0.005176334
0.001338171 0.004705758
0.001339771 0.003999895
0.001341371 0.003529319
0.001342971 0.001882303
0.001344571 0.0004705758
0.001346171 -0.0002352879
0.001347771 -0.0007058638
0.001349371 -0.00117644
0.001350971 -0.001647015
0.001352571 -0.002117591
0.001354171 -0.002117591
0.001355771 -0.002588167
0.001357371 -0.002588167
0.001358971 -0.001411728
0.001360571 -0.0009411517
0.001362171 -0.0004705758
0.001363771 0.0004705758
0.001365371 0.001411728
0.001366971 0.002352879
0.001368571 0.003529319
0.001370171 0.003764607
0.001371771 0.004705758
0.001373371 0.004705758
0.001374971 0.00564691
0.001376571 0.00564691
0.001378171 0.00682335
0.001379771 0.007058638
0.001381371 0.007058638
0.001382971 0.007293925
0.001384571 0.007529213
0.001386171 0.007293925
0.001387771 0.006588062
0.001389371 0.006117486
0.001390971 0.006352774
0.001392571 0.00564691
0.001394171 0.005411622
0.001395771 0.004941046
0.001397371 0.005176334
0.001398971 0.005411622
0.001400571 0.004941046
0.001402171 0.00564691
0.001403771 0.006352774
0.001405371 0.005882198
0.001406971 0.006588062
0.001408571 0.005882198
0.001410171 0.005882198
0.001411771 0.005411622
0.001413371 0.005882198
0.001414971 0.005411622
0.001416571 0.006117486
0.001418171 0.00564691
0.001419771 0.005882198
0.001421371 0.006117486
0.001422971 0.006352774
0.001424571 0.006588062
0.001426171 0.007058638
0.001427771 0.007293925
0.001429371 0.007293925
0.001430971 0.007293925
0.001432571 0.007058638
0.001434171 0.007058638
0.001435771 0.007293925
0.001437371 0.005882198
0.001438971 0.00564691
0.001440571 0.004941046
0.001442171 0.003999895
0.001443771 0.003294031
0.001445371 0.002588167
0.001446971 0.001647015
0.001448571 0.001647015
0.001450171 0.0009411517
0.001451771 0.0004705758
0.001453371 0.0007058638
0.001454971 0.001411728
0.001456571 0.001647015
0.001458171 0.002823455
0.001459771 0.003294031
0.001461371 0.003529319
0.001462971 0.004235183
0.001464571 0.004941046
0.001466171 0.005176334
0.001467771 0.005882198
0.001469371 0.005882198
0.001470971 0.006588062
0.001472571 0.006588062
0.001474171 0.006588062
0.001475771 0.006117486
0.001477371 0.006588062
0.001478971 0.006117486
0.001480571 0.006588062
0.001482171 0.006117486
0.001483771 0.00682335
0.001485371 0.00682335
0.001486971 0.007058638
0.001488571 0.007999789
0.001490171 0.008470365
0.001491771 0.008705653
0.001493371 0.008705653
0.001494971 0.009176229
0.001496571 0.009411517
0.001498171 0.008940941
0.001499771 0.008940941
0.001501371 0.008705653
0.001502971 0.007999789
0.001504571 0.007529213
0.001506171 0.008235077
0.001507771 0.007764501
0.001509371 0.007764501
0.001510971 0.007529213
0.001512571 0.007058638
0.001514171 0.007999789
0.001515771 0.007999789
0.001517371 0.008235077
0.001518971 0.008940941
0.001520571 0.008470365
0.001522171 0.008940941
0.001523771 0.008470365
0.001525371 0.008940941
0.001526971 0.008940941
0.001528571 0.009411517
0.001530171 0.008705653
0.001531771 0.008940941
0.001533371 0.009176229
0.001534971 0.009882093
0.001536571 0.009176229
0.001538171 0.008705653
0.001539771 0.008470365
0.001541371 0.008705653
0.001542971 0.007293925
0.001544571 0.00682335
0.001546171 0.005882198
0.001547771 0.005176334
0.001549371 0.004705758
0.001550971 0.003764607
0.001552571 0.003294031
0.001554171 0.001647015
0.001555771 0.0009411517
0.001557371 0.0009411517
0.001558971 0
0.001560571 0.0002352879
0.001562171 0
0.001563771 0.0002352879
0.001565371 0.0007058638
0.001566971 0.0004705758
0.001568571 0.0004705758
0.001570171 0.00117644
0.001571771 0.001411728
0.001573371 0.002352879
0.001574971 0.003058743
0.001576571 0.003058743
0.001578171 0.003999895
0.001579771 0.004941046
0.001581371 0.00447047
0.001582971 0.004705758
0.001584571 0.004705758
0.001586171 0.004705758
0.001587771 0.004705758
0.001589371 0.00447047
0.001590971 0.004235183
0.001592571 0.003764607
0.001594171 0.003764607
0.001595771 0.003529319
0.001597371 0.003058743
0.001598971 0.002823455
0.001600571 0.002823455
0.001602171 0.002588167
0.001603771 0.002588167
0.001605371 0.001882303
0.001606971 0.001411728
0.001608571 0.00117644
0.001610171 0.0002352879
0.001611771 -0.0004705758
0.001613371 -0.0007058638
0.001614971 -0.001647015
0.001616571 -0.001647015
0.001618171 -0.001647015
0.001619771 -0.001882303
0.001621371 -0.001647015
0.001622971 -0.001882303
0.001624571 -0.001647015
0.001626171 -0.001411728
0.001627771 -0.001411728
0.001629371 -0.001647015
0.001630971 -0.001882303
0.001632571 -0.003058743
0.001634171 -0.002588167
0.001635771 -0.003999895
0.001637371 -0.003999895
0.001638971 -0.004941046
0.001640571 -0.005411622
0.001642171 -0.00564691
0.001643771 -0.00564691
0.001645371 -0.005882198
0.001646971 -0.00564691
0.001648571 -0.005411622
0.001650171 -0.005411622
0.001651771 -0.004941046
0.001653371 -0.004235183
0.001654971 -0.00447047
0.001656571 -0.003999895
0.001658171 -0.003529319
0.001659771 -0.003529319
0.001661371 -0.003764607
0.001662971 -0.002823455
0.001664571 -0.002352879
0.001666171 -0.003058743
0.001667771 -0.002588167
0.001669371 -0.003058743
0.001670971 -0.003058743
0.001672571 -0.003058743
0.001674171 -0.003764607
0.001675771 -0.003999895
0.001677371 -0.004941046
0.001678971 -0.005411622
0.001680571 -0.005411622
0.001682171 -0.006588062
0.001683771 -0.007529213
0.001685371 -0.007999789
0.001686971 -0.008705653
0.001688571 -0.009411517
0.001690171 -0.01035267
0.001691771 -0.01082324
0.001693371 -0.01082324
0.001694971 -0.01129382
0.001696571 -0.0117644
0.001698171 -0.01247026
0.001699771 -0.01317612
0.001701371 -0.01341141
0.001702971 -0.01411728
0.001704571 -0.0136467
0.001706171 -0.01482314
0.001707771 -0.01482314
0.001709371 -0.015529
0.001710971 -0.01599958
0.001712571 -0.01647015
0.001714171 -0.01623487
0.001715771 -0.01670544
0.001717371 -0.01599958
0.001718971 -0.01576429
0.001720571 -0.015529
0.001722171 -0.015529
0.001723771 -0.01505843
0.001725371 -0.01435256
0.001726971 -0.01411728
0.001728571 -0.01388199
0.001730171 -0.01317612
0.001731771 -0.01341141
0.001733371 -0.01270555
0.001734971 -0.01199968
0.001736571 -0.01247026
0.001738171 -0.01223497
0.001739771 -0.01129382
0.001741371 -0.01129382
0.001742971 -0.01105853
0.001744571 -0.01035267
0.001746171 -0.009882093
0.001747771 -0.008940941
0.001749371 -0.009176229
0.001750971 -0.008470365
0.001752571 -0.008470365
0.001754171 -0.008470365
0.001755771 -0.008235077
0.001757371 -0.008235077
0.001758971 -0.008705653
0.001760571 -0.009646805
0.001762171 -0.009646805
0.001763771 -0.01035267
0.001765371 -0.01082324
0.001766971 -0.01223497
0.001768571 -0.01247026
0.001770171 -0.0136467
0.001771771 -0.01411728
0.001773371 -0.01505843
0.001774971 -0.01623487
0.001776571 -0.01623487
0.001778171 -0.01764659
0.001779771 -0.01835246
0.001781371 -0.01858775
0.001782971 -0.0195289
0.001784571 -0.01929361
0.001786171 -0.01999947
0.001787771 -0.0195289
0.001789371 -0.02070534
0.001790971 -0.02070534
0.001792571 -0.0214112
0.001794171 -0.02047005
0.001795771 -0.02047005
0.001797371 -0.01976419
0.001798971 -0.01976419
0.001800571 -0.0195289
0.001802171 -0.0195289
0.001803771 -0.01835246
0.001805371 -0.01835246
0.001806971 -0.01741131
0.001808571 -0.01717602
0.001810171 -0.01717602
0.001811771 -0.01694073
0.001813371 -0.01647015
0.001814971 -0.01623487
0.001816571 -0.01623487
0.001818171 -0.01670544
0.001819771 -0.01647015
0.001821371 -0.01717602
0.001822971 -0.01764659
0.001824571 -0.01811717
0.001826171 -0.01811717
0.001827771 -0.01788188
0.001829371 -0.01788188
0.001830971 -0.01835246
0.001832571 -0.01741131
0.001834171 -0.01788188
0.001835771 -0.01670544
0.001837371 -0.01717602
0.001838971 -0.01670544
0.001840571 -0.01670544
0.001842171 -0.01599958
0.001843771 -0.015529
0.001845371 -0.01529371
0.001846971 -0.01435256
0.001848571 -0.01411728
0.001850171 -0.01317612
0.001851771 -0.01199968
0.001853371 -0.01152911
0.001854971 -0.01035267
0.001856571 -0.009646805
0.001858171 -0.008470365
0.001859771 -0.007999789
0.001861371 -0.007293925
0.001862971 -0.007529213
0.001864571 -0.00682335
0.001866171 -0.006352774
0.001867771 -0.00682335
0.001869371 -0.006588062
0.001870971 -0.006352774
0.001872571 -0.00682335
0.001874171 -0.006588062
0.001875771 -0.007058638
0.001877371 -0.007058638
0.001878971 -0.007058638
0.001880571 -0.007058638
0.001882171 -0.007999789
0.001883771 -0.008470365
0.001885371 -0.008940941
0.001886971 -0.009411517
0.001888571 -0.009646805
0.001890171 -0.01035267
0.001891771 -0.01129382
0.001893371 -0.01152911
0.001894971 -0.01223497
0.001896571 -0.01247026
0.001898171 -0.01247026
0.001899771 -0.01223497
0.001901371 -0.01223497
0.001902971 -0.01223497
0.001904571 -0.01223497
0.001906171 -0.0117644
0.001907771 -0.0117644
0.001909371 -0.0117644
0.001910971 -0.01129382
0.001912571 -0.01199968
0.001914171 -0.0117644
0.001915771 -0.01223497
0.001917371 -0.01294084
0.001918971 -0.01270555
0.001920571 -0.01270555
0.001922171 -0.01270555
0.001923771 -0.01270555
0.001925371 -0.01294084
0.001926971 -0.01294084
0.001928571 -0.01270555
0.001930171 -0.01247026
0.001931771 -0.01199968
0.001933371 -0.01199968
0.001934971 -0.01152911
0.001936571 -0.01082324
0.001938171 -0.01011738
0.001939771 -0.009882093
0.001941371 -0.009411517
0.001942971 -0.009176229
0.001944571 -0.007999789
0.001946171 -0.008940941
0.001947771 -0.007764501
0.001949371 -0.007764501
0.001950971 -0.007058638
0.001952571 -0.007764501
0.001954171 -0.006117486
0.001955771 -0.005411622
0.001957371 -0.004705758
0.001958971 -0.003764607
0.001960571 -0.002588167
0.001962171 -0.002588167
0.001963771 -0.0009411517
0.001965371 -0.0009411517
0.001966971 0.0004705758
0.001968571 0.0007058638
0.001970171 0.001647015
0.001971771 0.00117644
0.001973371 0.001882303
0.001974971 0.00117644
0.001976571 0.001411728
0.001978171 0.00117644
0.001979771 0.0009411517
0.001981371 0.0004705758
0.001982971 0.0002352879
0.001984571 -0.0002352879
0.001986171 -0.0007058638
0.001987771 -0.00117644
0.001989371 -0.0009411517
0.001990971 -0.001647015
0.001992571 -0.002352879
0.001994171 -0.002823455
0.001995771 -0.003294031
0.001997371 -0.003999895
0.001998971 -0.00447047
0.002000571 -0.005411622
0.002002171 -0.006352774
0.002003771 -0.007058638
0.002005371 -0.008705653
0.002006971 -0.008940941
0.002008571 -0.009646805
0.002010171 -0.01011738
0.002011771 -0.01035267
0.002013371 -0.01129382
0.002014971 -0.01082324
0.002016571 -0.01105853
0.002018171 -0.01082324
0.002019771 -0.01058796
0.002021371 -0.009411517
0.002022971 -0.008705653
0.002024571 -0.007999789
0.002026171 -0.006588062
0.002027771 -0.00564691
0.002029371 -0.003999895
0.002030971 -0.003058743
0.002032571 -0.002117591
0.002034171 -0.001647015
0.002035771 -0.0009411517
0.002037371 -0.0007058638
0.002038971 0
0.002040571 0
0.002042171 0.0004705758
0.002043771 0.0002352879
0.002045371 0.0004705758
0.002046971 0.0004705758
0.002048571 0.0007058638
0.002050171 0.0009411517
0.002051771 0.0004705758
0.002053371 0.00117644
0.002054971 0.001411728
0.002056571 0.001647015
0.002058171 0.001882303
0.002059771 0.003294031
0.002061371 0.003294031
0.002062971 0.003529319
0.002064571 0.003294031
0.002066171 0.003529319
0.002067771 0.003294031
0.002069371 0.003529319
0.002070971 0.003058743
0.002072571 0.003058743
0.002074171 0.002823455
0.002075771 0.003058743
0.002077371 0.001882303
0.002078971 0.001411728
0.002080571 0.0009411517
0.002082171 -0.0004705758
0.002083771 -0.0007058638
0.002085371 -0.00117644
0.002086971 -0.002117591
0.002088571 -0.002823455
0.002090171 -0.004235183
0.002091771 -0.005411622
0.002093371 -0.006352774
0.002094971 -0.007058638
0.002096571 -0.007999789
0.002098171 -0.008940941
0.002099771 -0.009646805
0.002101371 -0.009646805
0.002102971 -0.009411517
0.002104571 -0.009646805
0.002106171 -0.009646805
0.002107771 -0.008940941
0.002109371 -0.008235077
0.002110971 -0.007529213
0.002112571 -0.007058638
0.002114171 -0.005882198
0.002115771 -0.005882198
0.002117371 -0.004941046
0.002118971 -0.00447047
0.002120571 -0.003764607
0.002122171 -0.003999895
0.002123771 -0.003999895
0.002125371 -0.003764607
0.002126971 -0.004235183
0.002128571 -0.003058743
0.002130171 -0.003999895
0.002131771 -0.004705758
0.002133371 -0.004235183
0.002134971 -0.004705758
0.002136571 -0.004941046
0.002138171 -0.005411622
0.002139771 -0.006117486
0.002141371 -0.00564691
0.002142971 -0.006117486
0.002144571 -0.006117486
0.002146171 -0.00564691
0.002147771 -0.00564691
0.002149371 -0.005882198
0.002150971 -0.00564691
0.002152571 -0.00564691
0.002154171 -0.005176334
0.002155771 -0.00447047
0.002157371 -0.004705758
0.002158971 -0.004705758
0.002160571 -0.005176334
0.002162171 -0.004705758
0.002163771 -0.004941046
0.002165371 -0.004941046
0.002166971 -0.00447047
0.002168571 -0.005176334
0.002170171 -0.005411622
0.002171771 -0.005882198
0.002173371 -0.005411622
0.002174971 -0.005882198
0.002176571 -0.00564691
0.002178171 -0.006588062
0.002179771 -0.00682335
0.002181371 -0.006352774
0.002182971 -0.007293925
0.002184571 -0.007529213
0.002186171 -0.008235077
0.002187771 -0.008470365
0.002189371 -0.008470365
0.002190971 -0.008470365
0.002192571 -0.008705653
0.002194171 -0.008705653
0.002195771 -0.008705653
0.002197371 -0.008705653
0.002198971 -0.008940941
0.002200571 -0.008705653
0.002202171 -0.009411517
0.002203771 -0.009176229
0.002205371 -0.008940941
0.002206971 -0.009176229
0.002208571 -0.009646805
0.002210171 -0.009882093
0.002211771 -0.01011738
0.002213371 -0.01058796
0.002214971 -0.01105853
0.002216571 -0.01058796
0.002218171 -0.01105853
0.002219771 -0.01129382
0.002221371 -0.01129382
0.002222971 -0.01129382
0.002224571 -0.01129382
0.002226171 -0.01152911
0.002227771 -0.01129382
0.002229371 -0.01082324
0.002230971 -0.01058796
0.002232571 -0.01011738
0.002234171 -0.009882093
0.002235771 -0.009176229
0.002237371 -0.008940941
0.002238971 -0.008235077
0.002240571 -0.008235077
0.002242171 -0.007529213
0.002243771 -0.007058638
0.002245371 -0.006352774
0.002246971 -0.006588062
0.002248571 -0.006352774
0.002250171 -0.005176334
0.002251771 -0.00564691
0.002253371 -0.004941046
0.002254971 -0.005411622
0.002256571 -0.00447047
0.002258171 -0.00447047
0.002259771 -0.004235183
0.002261371 -0.004941046
0.002262971 -0.004705758
0.002264571 -0.005411622
0.002266171 -0.006588062
0.002267771 -0.006352774
0.002269371 -0.007293925
0.002270971 -0.008235077
0.002272571 -0.009176229
0.002274171 -0.009882093
0.002275771 -0.01035267
0.002277371 -0.01129382
0.002278971 -0.0117644
0.002280571 -0.01270555
0.002282171 -0.01270555
0.002283771 -0.01317612
0.002285371 -0.01317612
0.002286971 -0.01317612
0.002288571 -0.01294084
0.002290171 -0.01294084
0.002291771 -0.01270555
0.002293371 -0.01294084
0.002294971 -0.01223497
0.002296571 -0.01247026
0.002298171 -0.01247026
0.002299771 -0.01247026
0.002301371 -0.01223497
0.002302971 -0.01223497
0.002304571 -0.01199968
0.002306171 -0.01223497
0.002307771 -0.01199968
0.002309371 -0.0117644
0.002310971 -0.0117644
0.002312571 -0.01105853
0.002314171 -0.0117644
0.002315771 -0.01105853
0.002317371 -0.01011738
0.002318971 -0.01035267
0.002320571 -0.01035267
0.002322171 -0.009646805
0.002323771 -0.01011738
0.002325371 -0.01011738
0.002326971 -0.009882093
0.002328571 -0.009882093
0.002330171 -0.01011738
0.002331771 -0.01105853
0.002333371 -0.01035267
0.002334971 -0.01082324
0.002336571 -0.01082324
0.002338171 -0.01082324
0.002339771 -0.01082324
0.002341371 -0.01035267
0.002342971 -0.01058796
0.002344571 -0.01035267
0.002346171 -0.01035267
0.002347771 -0.01011738
0.002349371 -0.009176229
0.002350971 -0.009411517
0.002352571 -0.009176229
0.002354171 -0.008940941
0.002355771 -0.008705653
0.002357371 -0.007999789
0.002358971 -0.008470365
0.002360571 -0.007764501
0.002362171 -0.007999789
0.002363771 -0.007529213
0.002365371 -0.007999789
0.002366971 -0.007764501
0.002368571 -0.007764501
0.002370171 -0.007529213
0.002371771 -0.007293925
0.002373371 -0.00682335
0.002374971 -0.006588062
0.002376571 -0.005882198
0.002378171 -0.005176334
0.002379771 -0.005176334
0.002381371 -0.005411622
0.002382971 -0.004941046
0.002384571 -0.004235183
0.002386171 -0.004235183
0.002387771 -0.00447047
0.002389371 -0.003999895
0.002390971 -0.004235183
0.002392571 -0.004705758
0.002394171 -0.004235183
0.002395771 -0.00447047
0.002397371 -0.00447047
0.002398971 -0.004941046
0.002400571 -0.005176334
0.002402171 -0.00447047
0.002403771 -0.004941046
0.002405371 -0.003999895
0.002406971 -0.004235183
0.002408571 -0.004235183
0.002410171 -0.003529319
0.002411771 -0.003294031
0.002413371 -0.002823455
0.002414971 -0.002117591
0.002416571 -0.002588167
0.002418171 -0.001882303
0.002419771 -0.00117644
0.002421371 -0.001882303
0.002422971 -0.0007058638
0.002424571 -0.0009411517
0.002426171 -0.0004705758
0.002427771 0
0.002429371 -0.0004705758
0.002430971 0.0004705758
0.002432571 -0.0007058638
0.002434171 0
0.002435771 0.0002352879
0.002437371 0.0004705758
0.002438971 0.0009411517
0.002440571 0.001411728
0.002442171 0.00117644
0.002443771 0.001411728
0.002445371 0.001647015
0.002446971 0.002352879
0.002448571 0.002352879
0.002450171 0.002823455
0.002451771 0.003529319
0.002453371 0.003294031
0.002454971 0.003529319
0.002456571 0.003529319
0.002458171 0.003058743
0.002459771 0.003529319
0.002461371 0.003058743
0.002462971 0.003529319
0.002464571 0.003058743
0.002466171 0.003764607
0.002467771 0.003529319
0.002469371 0.003764607
0.002470971 0.003764607
0.002472571 0.003764607
0.002474171 0.004235183
0.002475771 0.004235183
0.002477371 0.00447047
0.002478971 0.00447047
0.002480571 0.004705758
0.002482171 0.005176334
0.002483771 0.005411622
0.002485371 0.005411622
0.002486971 0.005411622
0.002488571 0.005411622
0.002490171 0.005176334
0.002491771 0.006117486
0.002493371 0.005882198
0.002494971 0.006117486
0.002496571 0.00564691
0.002498171 0.006117486
0.002499771 0.00564691
0.002501371 0.006117486
0.002502971 0.006352774
0.002504571 0.006352774
0.002506171 0.006352774
0.002507771 0.006117486
0.002509371 0.006588062
0.002510971 0.007058638
0.002512571 0.007058638
0.002514171 0.007058638
0.002515771 0.007529213
0.002517371 0.007529213
0.002518971 0.008470365
0.002520571 0.008705653
0.002522171 0.009646805
0.002523771 0.009882093
0.002525371 0.01129382
0.002526971 0.01247026
0.002528571 0.01341141
0.002530171 0.01435256
0.002531771 0.01529371
0.002533371 0.01529371
0.002534971 0.01599958
0.002536571 0.01670544
0.002538171 0.01717602
0.002539771 0.01741131
0.002541371 0.01764659
0.002542971 0.01764659
0.002544571 0.01717602
0.002546171 0.01694073
0.002547771 0.01670544
0.002549371 0.01623487
0.002550971 0.01576429
0.002552571 0.01505843
0.002554171 0.01505843
0.002555771 0.01435256
0.002557371 0.01435256
0.002558971 0.01270555
0.002560571 0.01270555
0.002562171 0.01247026
0.002563771 0.01199968
0.002565371 0.01129382
0.002566971 0.01082324
0.002568571 0.01058796
0.002570171 0.01011738
0.002571771 0.01035267
0.002573371 0.009411517
0.002574971 0.009646805
0.002576571 0.009411517
0.002578171 0.009176229
0.002579771 0.009411517
0.002581371 0.008705653
0.002582971 0.009411517
0.002584571 0.009176229
0.002586171 0.008940941
0.002587771 0.009176229
0.002589371 0.009176229
0.002590971 0.009646805
0.002592571 0.009176229
0.002594171 0.008940941
0.002595771 0.008940941
0.002597371 0.008940941
0.002598971 0.009176229
0.002600571 0.008705653
0.002602171 0.008705653
0.002603771 0.008470365
0.002605371 0.007764501
0.002606971 0.007529213
0.002608571 0.007764501
0.002610171 0.007529213
0.002611771 0.007058638
0.002613371 0.007058638
0.002614971 0.007293925
0.002616571 0.007058638
0.002618171 0.007293925
0.002619771 0.00682335
0.002621371 0.00682335
0.002622971 0.007058638
0.002624571 0.007529213
0.002626171 0.007764501
0.002627771 0.007999789
0.002629371 0.007999789
0.002630971 0.008235077
0.002632571 0.008705653
0.002634171 0.007999789
0.002635771 0.008470365
0.002637371 0.008705653
0.002638971 0.008940941
0.002640571 0.008940941
0.002642171 0.008470365
0.002643771 0.008470365
0.002645371 0.008940941
0.002646971 0.008235077
0.002648571 0.008470365
0.002650171 0.007764501
0.002651771 0.007764501
0.002653371 0.008235077
0.002654971 0.007529213
0.002656571 0.007058638
0.002658171 0.007293925
0.002659771 0.007293925
0.002661371 0.006588062
0.002662971 0.006352774
0.002664571 0.006352774
0.002666171 0.006117486
0.002667771 0.006352774
0.002669371 0.006117486
0.002670971 0.00682335
0.002672571 0.007293925
0.002674171 0.007058638
0.002675771 0.007529213
0.002677371 0.007764501
0.002678971 0.007293925
0.002680571 0.007999789
0.002682171 0.007293925
0.002683771 0.007764501
0.002685371 0.007999789
0.002686971 0.007529213
0.002688571 0.00682335
0.002690171 0.006588062
0.002691771 0.00682335
0.002693371 0.006117486
0.002694971 0.005882198
0.002696571 0.005411622
0.002698171 0.005176334
0.002699771 0.005411622
0.002701371 0.004705758
0.002702971 0.004941046
0.002704571 0.004941046
0.002706171 0.004941046
0.002707771 0.00564691
0.002709371 0.005882198
0.002710971 0.006588062
0.002712571 0.007058638
0.002714171 0.006588062
0.002715771 0.007058638
0.002717371 0.007529213
0.002718971 0.007529213
0.002720571 0.007529213
0.002722171 0.007999789
0.002723771 0.007999789
0.002725371 0.007764501
0.002726971 0.007999789
0.002728571 0.008235077
0.002730171 0.008235077
0.002731771 0.007999789
0.002733371 0.008940941
0.002734971 0.008705653
0.002736571 0.009176229
0.002738171 0.01011738
0.002739771 0.009646805
0.002741371 0.009882093
0.002742971 0.01035267
0.002744571 0.01082324
0.002746171 0.01105853
0.002747771 0.01129382
0.002749371 0.01105853
0.002750971 0.01105853
0.002752571 0.01011738
0.002754171 0.009882093
0.002755771 0.009646805
0.002757371 0.008940941
0.002758971 0.008940941
0.002760571 0.008705653
0.002762171 0.007529213
0.002763771 0.007529213
0.002765371 0.007999789
0.002766971 0.007529213
0.002768571 0.007058638
0.002770171 0.007058638
0.002771771 0.007999789
0.002773371 0.007764501
0.002774971 0.008235077
0.002776571 0.007764501
0.002778171 0.007999789
0.002779771 0.008705653
0.002781371 0.008470365
0.002782971 0.008470365
0.002784571 0.008470365
0.002786171 0.008470365
0.002787771 0.008470365
0.002789371 0.008235077
0.002790971 0.008705653
0.002792571 0.008940941
0.002794171 0.008470365
0.002795771 0.008940941
0.002797371 0.009411517
0.002798971 0.01011738
0.002800571 0.009411517
0.002802171 0.009646805
0.002803771 0.009882093
0.002805371 0.01035267
0.002806971 0.01035267
0.002808571 0.01058796
0.002810171 0.01105853
0.002811771 0.01082324
0.002813371 0.01105853
0.002814971 0.01152911
0.002816571 0.01199968
0.002818171 0.01199968
0.002819771 0.0117644
0.002821371 0.01270555
0.002822971 0.01223497
0.002824571 0.01247026
0.002826171 0.01270555
0.002827771 0.01223497
0.002829371 0.01199968
0.002830971 0.01223497
0.002832571 0.01199968
0.002834171 0.01199968
0.002835771 0.0117644
0.002837371 0.01270555
0.002838971 0.01223497
0.002840571 0.01317612
0.002842171 0.01317612
0.002843771 0.01388199
0.002845371 0.01411728
0.002846971 0.01482314
0.002848571 0.01529371
0.002850171 0.01482314
0.002851771 0.01458785
0.002853371 0.01505843
0.002854971 0.01576429
0.002856571 0.015529
0.002858171 0.015529
0.002859771 0.01505843
0.002861371 0.01482314
0.002862971 0.01482314
0.002864571 0.01388199
0.002866171 0.01435256
0.002867771 0.01341141
0.002869371 0.01294084
0.002870971 0.01294084
0.002872571 0.01223497
0.002874171 0.01199968
0.002875771 0.0117644
0.002877371 0.01105853
0.002878971 0.01129382
0.002880571 0.01129382
0.002882171 0.01152911
0.002883771 0.01105853
0.002885371 0.01082324
0.002886971 0.01058796
0.002888571 0.01129382
0.002890171 0.009646805
0.002891771 0.01082324
0.002893371 0.009882093
0.002894971 0.009646805
0.002896571 0.01011738
0.002898171 0.009411517
0.002899771 0.009411517
0.002901371 0.009882093
0.002902971 0.009176229
0.002904571 0.008940941
0.002906171 0.009176229
0.002907771 0.009411517
0.002909371 0.009411517
0.002910971 0.01011738
0.002912571 0.009411517
0.002914171 0.009882093
0.002915771 0.009646805
0.002917371 0.009882093
0.002918971 0.01011738
0.002920571 0.01035267
0.002922171 0.01035267
0.002923771 0.01011738
0.002925371 0.01058796
0.002926971 0.01058796
0.002928571 0.01011738
0.002930171 0.01129382
0.002931771 0.01058796
0.002933371 0.01082324
0.002934971 0.01011738
0.002936571 0.01082324
0.002938171 0.01082324
0.002939771 0.01058796
0.002941371 0.01105853
0.002942971 0.01082324
0.002944571 0.01105853
0.002946171 0.01105853
0.002947771 0.01082324
0.002949371 0.01035267
0.002950971 0.01011738
0.002952571 0.009882093
0.002954171 0.009176229
0.002955771 0.008705653
0.002957371 0.008470365
0.002958971 0.008470365
0.002960571 0.007293925
0.002962171 0.007058638
0.002963771 0.006588062
0.002965371 0.00682335
0.002966971 0.006117486
0.002968571 0.005411622
0.002970171 0.004705758
0.002971771 0.004705758
0.002973371 0.004705758
0.002974971 0.004235183
0.002976571 0.003999895
0.002978171 0.003999895
0.002979771 0.003529319
0.002981371 0.003058743
0.002982971 0.002588167
0.002984571 0.002588167
0.002986171 0.002117591
0.002987771 0.001647015
0.002989371 0.001647015
0.002990971 0.002117591
0.002992571 0.001411728
0.002994171 0.001411728
0.002995771 0.00117644
0.002997371 0.0004705758
0.002998971 0.0009411517
0.003000571 0.0007058638
0.003002171 0.0007058638
0.003003771 0.0007058638
0.003005371 0.0009411517
0.003006971 0.0009411517
0.003008571 0.00117644
0.003010171 0.001882303
0.003011771 0.001882303
0.003013371 0.002588167
0.003014971 0.002823455
0.003016571 0.003294031
0.003018171 0.003764607
0.003019771 0.004235183
0.003021371 0.00447047
0.003022971 0.004941046
0.003024571 0.004705758
0.003026171 0.004941046
0.003027771 0.005411622
0.003029371 0.005176334
0.003030971 0.005411622
0.003032571 0.00564691
0.003034171 0.00564691
0.003035771 0.005176334
0.003037371 0.005882198
0.003038971 0.00564691
0.003040571 0.004941046
0.003042171 0.005882198
0.003043771 0.005882198
0.003045371 0.006352774
0.003046971 0.005882198
0.003048571 0.006588062
0.003050171 0.006352774
0.003051771 0.007293925
0.003053371 0.007293925
0.003054971 0.007764501
0.003056571 0.007999789
0.003058171 0.007999789
0.003059771 0.008470365
0.003061371 0.008470365
0.003062971 0.009176229
0.003064571 0.008940941
0.003066171 0.009411517
0.003067771 0.009176229
0.003069371 0.009646805
0.003070971 0.008940941
0.003072571 0.008705653
0.003074171 0.008705653
0.003075771 0.008705653
0.003077371 0.008940941
0.003078971 0.008470365
0.003080571 0.008470365
0.003082171 0.007999789
0.003083771 0.007764501
0.003085371 0.007999789
0.003086971 0.007529213
0.003088571 0.00682335
0.003090171 0.007058638
0.003091771 0.006352774
0.003093371 0.006352774
0.003094971 0.00564691
0.003096571 0.00564691
0.003098171 0.005882198
0.003099771 0.00564691
0.003101371 0.00564691
0.003102971 0.004941046
0.003104571 0.004705758
0.003106171 0.005176334
0.003107771 0.004941046
0.003109371 0.005176334
0.003110971 0.005882198
0.003112571 0.00564691
0.003114171 0.00564691
0.003115771 0.006588062
0.003117371 0.006588062
0.003118971 0.00682335
0.003120571 0.007293925
0.003122171 0.007058638
0.003123771 0.007293925
0.003125371 0.007764501
0.003126971 0.008470365
0.003128571 0.007764501
0.003130171 0.007999789
0.003131771 0.009176229
0.003133371 0.009176229
0.003134971 0.009411517
0.003136571 0.009882093
0.003138171 0.009882093
0.003139771 0.009882093
0.003141371 0.01035267
0.003142971 0.01035267
0.003144571 0.01011738
0.003146171 0.01035267
0.003147771 0.01058796
0.003149371 0.009646805
0.003150971 0.009882093
0.003152571 0.01035267
0.003154171 0.009882093
0.003155771 0.009411517
0.003157371 0.008940941
0.003158971 0.009646805
0.003160571 0.008705653
0.003162171 0.008470365
0.003163771 0.007058638
0.003165371 0.007764501
0.003166971 0.00682335
0.003168571 0.006352774
0.003170171 0.006352774
0.003171771 0.004941046
0.003173371 0.004705758
0.003174971 0.00447047
0.003176571 0.003999895
0.003178171 0.003529319
0.003179771 0.002588167
0.003181371 0.003058743
0.003182971 0.002117591
0.003184571 0.002117591
0.003186171 0.002352879
0.003187771 0.001882303
0.003189371 0.001647015
0.003190971 0.001647015
0.003192571 0.0009411517
0.003194171 0.0009411517
0.003195771 0.00117644
0.003197371 0.00117644
0.003198971 0.001882303
0.003200571 0.001647015
0.003202171 0.0009411517
0.003203771 0.0007058638
0.003205371 0.00117644
0.003206971 0.001411728
0.003208571 0.001647015
0.003210171 0.0009411517
0.003211771 0.001882303
0.003213371 0.00117644
0.003214971 0.001647015
0.003216571 0.001411728
0.003218171 0.002352879
0.003219771 0.001882303
0.003221371 0.002588167
0.003222971 0.002117591
0.003224571 0.003058743
0.003226171 0.002823455
0.003227771 0.003529319
0.003229371 0.003058743
0.003230971 0.003999895
0.003232571 0.003999895
0.003234171 0.003764607
0.003235771 0.003764607
0.003237371 0.003529319
0.003238971 0.003764607
0.003240571 0.00447047
0.003242171 0.003999895
0.003243771 0.003764607
0.003245371 0.003999895
0.003246971 0.003999895
0.003248571 0.003294031
0.003250171 0.003764607
0.003251771 0.002588167
0.003253371 0.002588167
0.003254971 0.002117591
0.003256571 0.001882303
0.003258171 0.00117644
0.003259771 0.0009411517
0.003261371 -0.0002352879
0.003262971 -0.0004705758
0.003264571 -0.00117644
0.003266171 -0.001647015
0.003267771 -0.002117591
0.003269371 -0.002588167
0.003270971 -0.003058743
0.003272571 -0.003294031
0.003274171 -0.003529319
0.003275771 -0.003999895
0.003277371 -0.00447047
0.003278971 -0.004705758
0.003280571 -0.004941046
0.003282171 -0.00447047
0.003283771 -0.005411622
0.003285371 -0.004941046
0.003286971 -0.004941046
0.003288571 -0.004941046
0.003290171 -0.004705758
0.003291771 -0.00447047
0.003293371 -0.005411622
0.003294971 -0.004705758
0.003296571 -0.005176334
0.003298171 -0.005176334
0.003299771 -0.005176334
0.003301371 -0.00564691
0.003302971 -0.005411622
0.003304571 -0.006117486
0.003306171 -0.005411622
0.003307771 -0.005176334
0.003309371 -0.005176334
0.003310971 -0.005882198
0.003312571 -0.005411622
0.003314171 -0.004941046
0.003315771 -0.005176334
0.003317371 -0.004705758
0.003318971 -0.003764607
0.003320571 -0.004705758
0.003322171 -0.003999895
0.003323771 -0.003529319
0.003325371 -0.003058743
0.003326971 -0.003294031
0.003328571 -0.002823455
0.003330171 -0.003058743
0.003331771 -0.002588167
0.003333371 -0.003058743
0.003334971 -0.002352879
0.003336571 -0.002352879
0.003338171 -0.002588167
0.003339771 -0.002588167
0.003341371 -0.002117591
0.003342971 -0.002117591
0.003344571 -0.001882303
0.003346171 -0.002352879
0.003347771 -0.002823455
0.003349371 -0.002588167
0.003350971 -0.003058743
0.003352571 -0.003294031
0.003354171 -0.003294031
0.003355771 -0.003529319
0.003357371 -0.004235183
0.003358971 -0.004235183
0.003360571 -0.004705758
0.003362171 -0.00447047
0.003363771 -0.005176334
0.003365371 -0.004941046
0.003366971 -0.005176334
0.003368571 -0.004941046
0.003370171 -0.004941046
0.003371771 -0.005176334
0.003373371 -0.005176334
0.003374971 -0.004941046
0.003376571 -0.005411622
0.003378171 -0.005176334
0.003379771 -0.00564691
0.003381371 -0.006117486
0.003382971 -0.006117486
0.003384571 -0.006117486
0.003386171 -0.006352774
0.003387771 -0.006117486
0.003389371 -0.006588062
0.003390971 -0.006117486
0.003392571 -0.006352774
0.003394171 -0.005882198
0.003395771 -0.005882198
0.003397371 -0.006117486
0.003398971 -0.005882198
0.003400571 -0.006352774
0.003402171 -0.006117486
0.003403771 -0.006352774
0.003405371 -0.005882198
0.003406971 -0.00564691
0.003408571 -0.00564691
0.003410171 -0.005411622
0.003411771 -0.005411622
0.003413371 -0.005411622
0.003414971 -0.005411622
0.003416571 -0.004941046
0.003418171 -0.005411622
0.003419771 -0.005411622
0.003421371 -0.005176334
0.003422971 -0.004235183
0.003424571 -0.004941046
0.003426171 -0.003999895
0.003427771 -0.004235183
0.003429371 -0.004235183
0.003430971 -0.003529319
0.003432571 -0.003999895
0.003434171 -0.003529319
0.003435771 -0.003529319
0.003437371 -0.003764607
0.003438971 -0.003764607
0.003440571 -0.003764607
0.003442171 -0.003999895
0.003443771 -0.004235183
0.003445371 -0.00447047
0.003446971 -0.004235183
0.003448571 -0.003999895
0.003450171 -0.004941046
0.003451771 -0.004705758
0.003453371 -0.005411622
0.003454971 -0.005411622
0.003456571 -0.005882198
0.003458171 -0.006117486
0.003459771 -0.006352774
0.003461371 -0.006588062
0.003462971 -0.007529213
0.003464571 -0.007293925
0.003466171 -0.008235077
0.003467771 -0.007999789
0.003469371 -0.008705653
0.003470971 -0.008705653
0.003472571 -0.009176229
0.003474171 -0.009176229
0.003475771 -0.009176229
0.003477371 -0.008705653
0.003478971 -0.009646805
0.003480571 -0.009882093
0.003482171 -0.009882093
0.003483771 -0.009882093
0.003485371 -0.009646805
0.003486971 -0.009882093
0.003488571 -0.009646805
0.003490171 -0.009882093
0.003491771 -0.009646805
0.003493371 -0.009882093
0.003494971 -0.01011738
0.003496571 -0.009646805
0.003498171 -0.009882093
0.003499771 -0.01011738
0.003501371 -0.009411517
0.003502971 -0.009882093
0.003504571 -0.009646805
0.003506171 -0.008940941
0.003507771 -0.009411517
0.003509371 -0.009411517
0.003510971 -0.009646805
0.003512571 -0.009646805
0.003514171 -0.009411517
0.003515771 -0.009882093
0.003517371 -0.01011738
0.003518971 -0.01035267
0.003520571 -0.01058796
0.003522171 -0.01058796
0.003523771 -0.01058796
0.003525371 -0.01082324
0.003526971 -0.01105853
0.003528571 -0.0117644
0.003530171 -0.01105853
0.003531771 -0.01082324
0.003533371 -0.01105853
0.003534971 -0.01035267
0.003536571 -0.01058796
0.003538171 -0.01082324
0.003539771 -0.01082324
0.003541371 -0.01011738
0.003542971 -0.01011738
0.003544571 -0.01011738
0.003546171 -0.009882093
0.003547771 -0.01011738
0.003549371 -0.01011738
0.003550971 -0.009411517
0.003552571 -0.009882093
0.003554171 -0.009882093
0.003555771 -0.009646805
0.003557371 -0.009176229
0.003558971 -0.009411517
0.003560571 -0.009646805
0.003562171 -0.01035267
0.003563771 -0.01035267
0.003565371 -0.01082324
0.003566971 -0.01058796
0.003568571 -0.01105853
0.003570171 -0.01105853
0.003571771 -0.0117644
0.003573371 -0.0117644
0.003574971 -0.0117644
0.003576571 -0.01199968
0.003578171 -0.01223497
0.003579771 -0.01270555
0.003581371 -0.01294084
0.003582971 -0.01270555
0.003584571 -0.01317612
0.003586171 -0.01270555
0.003587771 -0.01317612
0.003589371 -0.01294084
0.003590971 -0.01294084
0.003592571 -0.01317612
0.003594171 -0.01317612
0.003595771 -0.01294084
0.003597371 -0.01270555
0.003598971 -0.01247026
0.003600571 -0.01199968
0.003602171 -0.0117644
0.003603771 -0.0117644
0.003605371 -0.01105853
0.003606971 -0.01129382
0.003608571 -0.01082324
0.003610171 -0.01082324
0.003611771 -0.009882093
0.003613371 -0.009646805
0.003614971 -0.009176229
0.003616571 -0.008705653
0.003618171 -0.008470365
0.003619771 -0.008235077
0.003621371 -0.007764501
0.003622971 -0.007293925
0.003624571 -0.00682335
0.003626171 -0.006352774
0.003627771 -0.006352774
0.003629371 -0.006117486
0.003630971 -0.00564691
0.003632571 -0.005411622
0.003634171 -0.00564691
0.003635771 -0.005411622
0.003637371 -0.005411622
0.003638971 -0.004941046
0.003640571 -0.00564691
0.003642171 -0.004705758
0.003643771 -0.00447047
0.003645371 -0.00447047
0.003646971 -0.005411622
0.003648571 -0.005411622
0.003650171 -0.005411622
0.003651771 -0.005176334
0.003653371 -0.004941046
0.003654971 -0.004941046
0.003656571 -0.004705758
0.003658171 -0.00447047
0.003659771 -0.004705758
0.003661371 -0.004235183
0.003662971 -0.004235183
0.003664571 -0.004235183
0.003666171 -0.003999895
0.003667771 -0.003529319
0.003669371 -0.003764607
0.003670971 -0.003529319
0.003672571 -0.002588167
0.003674171 -0.002588167
0.003675771 -0.003294031
0.003677371 -0.002823455
0.003678971 -0.002823455
0.003680571 -0.002117591
0.003682171 -0.002352879
0.003683771 -0.001882303
0.003685371 -0.001882303
0.003686971 -0.00117644
0.003688571 -0.0009411517
0.003690171 -0.0009411517
0.003691771 -0.00117644
0.003693371 -0.0004705758
0.003694971 -0.0004705758
0.003696571 0
0.003698171 -0.0002352879
0.003699771 0
0.003701371 0.0002352879
0.003702971 -0.0002352879
0.003704571 0.0002352879
0.003706171 0
0.003707771 0
0.003709371 0.0004705758
0.003710971 0.00117644
0.003712571 0.00117644
0.003714171 0.001411728
0.003715771 0.00117644
0.003717371 0.001411728
0.003718971 0.001411728
0.003720571 0.001647015
0.003722171 0.00117644
0.003723771 0.002117591
0.003725371 0.002117591
0.003726971 0.002588167
0.003728571 0.001882303
0.003730171 0.002352879
0.003731771 0.001647015
0.003733371 0.001882303
0.003734971 0.001882303
0.003736571 0.002352879
0.003738171 0.001882303
0.003739771 0.001882303
0.003741371 0.002117591
0.003742971 0.002352879
0.003744571 0.002117591
0.003746171 0.002588167
0.003747771 0.002588167
0.003749371 0.003058743
0.003750971 0.003058743
0.003752571 0.003058743
0.003754171 0.002588167
0.003755771 0.003764607
0.003757371 0.003529319
0.003758971 0.003529319
0.003760571 0.003999895
0.003762171 0.004235183
0.003763771 0.003764607
0.003765371 0.004705758
0.003766971 0.00447047
0.003768571 0.004705758
0.003770171 0.00447047
0.003771771 0.004941046
0.003773371 0.00447047
0.003774971 0.005176334
0.003776571 0.004941046
0.003778171 0.004941046
0.003779771 0.005176334
0.003781371 0.004941046
0.003782971 0.004941046
0.003784571 0.00564691
0.003786171 0.005411622
0.003787771 0.005411622
0.003789371 0.00564691
0.003790971 0.005882198
0.003792571 0.006117486
0.003794171 0.00564691
0.003795771 0.005882198
0.003797371 0.00564691
0.003798971 0.005882198
0.003800571 0.005882198
0.003802171 0.00564691
0.003803771 0.005411622
0.003805371 0.005411622
0.003806971 0.005176334
0.003808571 0.00447047
0.003810171 0.003999895
0.003811771 0.003764607
0.003813371 0.003294031
0.003814971 0.003058743
0.003816571 0.003058743
0.003818171 0.002823455
0.003819771 0.002352879
0.003821371 0.002117591
0.003822971 0.001647015
0.003824571 0.001411728
0.003826171 0.001411728
0.003827771 0.00117644
0.003829371 0.00117644
0.003830971 0.00117644
0.003832571 0.0009411517
0.003834171 0.0009411517
0.003835771 0.0009411517
0.003837371 0.00117644
0.003838971 0.0007058638
0.003840571 0.00117644
0.003842171 0.001411728
0.003843771 0.001647015
0.003845371 0.001647015
0.003846971 0.001647015
0.003848571 0.001882303
0.003850171 0.002352879
0.003851771 0.002117591
0.003853371 0.001882303
0.003854971 0.002117591
0.003856571 0.001882303
0.003858171 0.002117591
0.003859771 0.001882303
0.003861371 0.001647015
0.003862971 0.001882303
0.003864571 0.00117644
0.003866171 0.00117644
0.003867771 0.0007058638
0.003869371 0
0.003870971 0.0002352879
0.003872571 -0.0007058638
0.003874171 -0.0007058638
0.003875771 -0.0009411517
0.003877371 -0.00117644
0.003878971 -0.001411728
0.003880571 -0.001882303
0.003882171 -0.001647015
0.003883771 -0.002352879
0.003885371 -0.002588167
0.003886971 -0.002352879
0.003888571 -0.002823455
0.003890171 -0.002352879
0.003891771 -0.003294031
0.003893371 -0.002823455
0.003894971 -0.002823455
0.003896571 -0.003058743
0.003898171 -0.003058743
0.003899771 -0.003058743
0.003901371 -0.002823455
0.003902971 -0.003058743
0.003904571 -0.002823455
0.003906171 -0.002588167
0.003907771 -0.002352879
0.003909371 -0.003294031
0.003910971 -0.002588167
0.003912571 -0.002352879
0.003914171 -0.002117591
0.003915771 -0.001647015
0.003917371 -0.001882303
0.003918971 -0.001411728
0.003920571 -0.0009411517
0.003922171 -0.0009411517
0.003923771 -0.0007058638
0.003925371 0
0.003926971 -0.0007058638
0.003928571 0
0.003930171 0
0.003931771 0.0002352879
0.003933371 0.0002352879
0.003934971 0.00117644
0.003936571 0.00117644
0.003938171 0.00117644
0.003939771 0.0009411517
0.003941371 0.00117644
0.003942971 0.0009411517
0.003944571 0.0009411517
0.003946171 0.0007058638
0.003947771 0.001411728
0.003949371 0.0007058638
0.003950971 0.00117644
0.003952571 0.001411728
0.003954171 0.001411728
0.003955771 0.00117644
0.003957371 0.001647015
0.003958971 0.001411728
0.003960571 0.001647015
0.003962171 0.001647015
0.003963771 0.001882303
0.003965371 0.002117591
0.003966971 0.002588167
0.003968571 0.001882303
0.003970171 0.002823455
0.003971771 0.003058743
0.003973371 0.003058743
0.003974971 0.002823455
0.003976571 0.003058743
0.003978171 0.003294031
0.003979771 0.002823455
0.003981371 0.002117591
0.003982971 0.002588167
0.003984571 0.002352879
0.003986171 0.002588167
0.003987771 0.001411728
0.003989371 0.001647015
0.003990971 0.001411728
0.003992571 0.001647015
0.003994171 0.00117644
0.003995771 0.001647015
0.003997371 0.001411728
0.003998971 0.00117644
0.004000571 0.00117644
0.004002171 0.001411728
0.004003771 0.001882303
0.004005371 0.00117644
0.004006971 0.001411728
0.004008571 0.001647015
0.004010171 0.002352879
0.004011771 0.001882303
0.004013371 0.001882303
0.004014971 0.002588167
0.004016571 0.002117591
0.004018171 0.001882303
0.004019771 0.002352879
0.004021371 0.002352879
0.004022971 0.002117591
0.004024571 0.002823455
0.004026171 0.001882303
0.004027771 0.002588167
0.004029371 0.002352879
0.004030971 0.002823455
0.004032571 0.002588167
0.004034171 0.002117591
0.004035771 0.002117591
0.004037371 0.002823455
0.004038971 0.002117591
0.004040571 0.003294031
0.004042171 0.002823455
0.004043771 0.002823455
0.004045371 0.002588167
0.004046971 0.003529319
0.004048571 0.003999895
0.004050171 0.003294031
0.004051771 0.003764607
0.004053371 0.003999895
0.004054971 0.003999895
0.004056571 0.003764607
0.004058171 0.00447047
0.004059771 0.004941046
0.004061371 0.005176334
0.004062971 0.004705758
0.004064571 0.005411622
0.004066171 0.00564691
0.004067771 0.00564691
0.004069371 0.005882198
0.004070971 0.006117486
0.004072571 0.006117486
0.004074171 0.006117486
0.004075771 0.006117486
0.004077371 0.006117486
0.004078971 0.006117486
0.004080571 0.006352774
0.004082171 0.006117486
0.004083771 0.006588062
0.004085371 0.007058638
0.004086971 0.006352774
0.004088571 0.007058638
0.004090171 0.007529213
0.004091771 0.007764501
0.004093371 0.008235077
0.004094971 0.007999789
0.004096571 0.008235077
0.004098171 0.008705653
0.004099771 0.009176229
0.004101371 0.009411517
0.004102971 0.009411517
0.004104571 0.009882093
0.004106171 0.01011738
0.004107771 0.009646805
0.004109371 0.009882093
0.004110971 0.01082324
0.004112571 0.01058796
0.004114171 0.01058796
0.004115771 0.01011738
0.004117371 0.01105853
0.004118971 0.01058796
0.004120571 0.01058796
0.004122171 0.01035267
0.004123771 0.01011738
0.004125371 0.01082324
0.004126971 0.01082324
0.004128571 0.01058796
0.004130171 0.01058796
0.004131771 0.01035267
0.004133371 0.01105853
0.004134971 0.01082324
0.004136571 0.01129382
0.004138171 0.01082324
0.004139771 0.01105853
0.004141371 0.01129382
0.004142971 0.01152911
0.004144571 0.0117644
0.004146171 0.01223497
0.004147771 0.01199968
0.004149371 0.01270555
0.004150971 0.01247026
0.004152571 0.01294084
0.004154171 0.01270555
0.004155771 0.01317612
0.004157371 0.01388199
0.004158971 0.01411728
0.004160571 0.01388199
0.004162171 0.01411728
0.004163771 0.01482314
0.004165371 0.01505843
0.004166971 0.01529371
0.004168571 0.015529
0.004170171 0.015529
0.004171771 0.01599958
0.004173371 0.01576429
0.004174971 0.01576429
0.004176571 0.01576429
0.004178171 0.01576429
0.004179771 0.01529371
0.004181371 0.01529371
0.004182971 0.01482314
0.004184571 0.01482314
0.004186171 0.01482314
0.004187771 0.01458785
0.004189371 0.01505843
0.004190971 0.01482314
0.004192571 0.01411728
0.004194171 0.01435256
0.004195771 0.01435256
0.004197371 0.01482314
0.004198971 0.01411728
0.004200571 0.01458785
