LECROYWS4024HD 19320 Waveform
Segments 1 SegmentSize 3127
Segment TrigTime TimeSinceSegment1
#1 16-May-2024 16:33:27 0                 
Time Ampl
-0.0008011602 -0.0007058638
-0.0007995602 -0.0002352879
-0.0007979602 -0.0007058638
-0.0007963602 -0.0009411517
-0.0007947602 -0.0009411517
-0.0007931602 -0.0007058638
-0.0007915602 -0.0007058638
-0.0007899602 -0.0007058638
-0.0007883602 -0.0009411517
-0.0007867602 -0.0002352879
-0.0007851602 -0.001411728
-0.0007835602 -0.0007058638
-0.0007819602 -0.0009411517
-0.0007803602 -0.0004705758
-0.0007787602 -0.00117644
-0.0007771602 -0.0009411517
-0.0007755602 -0.0007058638
-0.0007739602 -0.0007058638
-0.0007723602 -0.0004705758
-0.0007707602 -0.0007058638
-0.0007691602 -0.0009411517
-0.0007675602 -0.0002352879
-0.0007659602 -0.0009411517
-0.0007643602 -0.0007058638
-0.0007627602 -0.001411728
-0.0007611602 -0.0009411517
-0.0007595602 -0.0009411517
-0.0007579602 -0.0009411517
-0.0007563602 -0.0007058638
-0.0007547602 -0.0009411517
-0.0007531602 -0.00117644
-0.0007515602 -0.0002352879
-0.0007499602 -0.00117644
-0.0007483602 -0.0009411517
-0.0007467602 -0.0009411517
-0.0007451602 -0.0004705758
-0.0007435602 -0.0009411517
-0.0007419602 0
-0.0007403602 -0.0009411517
-0.0007387602 -0.0004705758
-0.0007371602 -0.0007058638
-0.0007355602 -0.0002352879
-0.0007339602 -0.0009411517
-0.0007323602 -0.0007058638
-0.0007307602 -0.0009411517
-0.0007291602 -0.0007058638
-0.0007275602 -0.0007058638
-0.0007259602 -0.0007058638
-0.0007243602 -0.00117644
-0.0007227602 -0.0009411517
-0.0007211602 -0.0009411517
-0.0007195602 -0.0004705758
-0.0007179602 -0.0004705758
-0.0007163602 -0.0007058638
-0.0007147602 -0.0007058638
-0.0007131602 -0.0007058638
-0.0007115602 -0.0007058638
-0.0007099602 -0.0007058638
-0.0007083602 -0.0009411517
-0.0007067602 -0.0007058638
-0.0007051602 -0.00117644
-0.0007035602 -0.0007058638
-0.0007019602 -0.0009411517
-0.0007003602 -0.0009411517
-0.0006987602 -0.0009411517
-0.0006971602 -0.0007058638
-0.0006955602 -0.0007058638
-0.0006939602 -0.001411728
-0.0006923602 -0.0009411517
-0.0006907602 -0.0009411517
-0.0006891602 -0.00117644
-0.0006875602 -0.0007058638
-0.0006859602 -0.0009411517
-0.0006843602 -0.0004705758
-0.0006827602 -0.0009411517
-0.0006811602 -0.0009411517
-0.0006795602 -0.00117644
-0.0006779602 -0.0004705758
-0.0006763602 -0.0009411517
-0.0006747602 -0.0004705758
-0.0006731602 -0.0009411517
-0.0006715602 -0.0009411517
-0.0006699602 -0.0007058638
-0.0006683602 -0.0009411517
-0.0006667602 -0.0009411517
-0.0006651602 -0.0009411517
-0.0006635602 -0.00117644
-0.0006619602 -0.0002352879
-0.0006603602 -0.001411728
-0.0006587602 -0.0009411517
-0.0006571602 -0.00117644
-0.0006555602 -0.0007058638
-0.0006539602 -0.0002352879
-0.0006523602 -0.0004705758
-0.0006507602 -0.0007058638
-0.0006491602 -0.0007058638
-0.0006475602 -0.0009411517
-0.0006459602 -0.0009411517
-0.0006443602 -0.00117644
-0.0006427602 -0.0007058638
-0.0006411602 -0.00117644
-0.0006395602 -0.0002352879
-0.0006379602 -0.0007058638
-0.0006363602 -0.0004705758
-0.0006347602 -0.0009411517
-0.0006331602 -0.0007058638
-0.0006315602 -0.0007058638
-0.0006299602 -0.0009411517
-0.0006283602 -0.0009411517
-0.0006267602 -0.0009411517
-0.0006251602 -0.0007058638
-0.0006235602 -0.0004705758
-0.0006219602 -0.00117644
-0.0006203602 -0.0009411517
-0.0006187602 -0.0009411517
-0.0006171602 -0.00117644
-0.0006155602 -0.00117644
-0.0006139602 -0.0009411517
-0.0006123602 -0.0009411517
-0.0006107602 -0.0002352879
-0.0006091602 -0.001411728
-0.0006075602 -0.00117644
-0.0006059602 -0.00117644
-0.0006043602 -0.0007058638
-0.0006027602 -0.0007058638
-0.0006011602 -0.0004705758
-0.0005995602 -0.0007058638
-0.0005979602 -0.0009411517
-0.0005963602 -0.0007058638
-0.0005947602 -0.0009411517
-0.0005931602 -0.0004705758
-0.0005915602 -0.0004705758
-0.0005899602 -0.0004705758
-0.0005883602 -0.0004705758
-0.0005867602 -0.0009411517
-0.0005851602 -0.00117644
-0.0005835602 -0.0007058638
-0.0005819602 -0.0007058638
-0.0005803602 -0.00117644
-0.0005787602 -0.0007058638
-0.0005771602 -0.00117644
-0.0005755602 -0.0007058638
-0.0005739602 -0.0009411517
-0.0005723602 -0.0004705758
-0.0005707602 -0.0007058638
-0.0005691602 -0.0009411517
-0.0005675602 -0.0009411517
-0.0005659602 -0.0007058638
-0.0005643602 -0.0007058638
-0.0005627602 -0.0004705758
-0.0005611602 -0.00117644
-0.0005595602 -0.0007058638
-0.0005579602 -0.0007058638
-0.0005563602 -0.0007058638
-0.0005547602 -0.0009411517
-0.0005531602 -0.0007058638
-0.0005515602 -0.0009411517
-0.0005499602 -0.00117644
-0.0005483602 -0.00117644
-0.0005467602 -0.0004705758
-0.0005451602 -0.00117644
-0.0005435602 -0.0009411517
-0.0005419602 -0.00117644
-0.0005403602 -0.0002352879
-0.0005387602 -0.001411728
-0.0005371602 -0.0007058638
-0.0005355602 -0.0009411517
-0.0005339602 -0.00117644
-0.0005323602 -0.0004705758
-0.0005307602 -0.0004705758
-0.0005291602 -0.00117644
-0.0005275602 -0.0009411517
-0.0005259602 -0.001411728
-0.0005243602 -0.0009411517
-0.0005227602 -0.0009411517
-0.0005211602 -0.0007058638
-0.0005195602 -0.0004705758
-0.0005179602 -0.0002352879
-0.0005163602 -0.0009411517
-0.0005147602 -0.0004705758
-0.0005131602 -0.0004705758
-0.0005115602 -0.00117644
-0.0005099602 -0.0009411517
-0.0005083602 -0.0009411517
-0.0005067602 -0.0004705758
-0.0005051602 -0.0009411517
-0.0005035602 -0.0007058638
-0.0005019602 -0.0004705758
-0.0005003602 -0.0009411517
-0.0004987602 -0.0009411517
-0.0004971602 -0.0007058638
-0.0004955602 -0.0007058638
-0.0004939602 -0.0009411517
-0.0004923602 -0.0004705758
-0.0004907602 -0.0007058638
-0.0004891602 -0.0009411517
-0.0004875602 -0.0007058638
-0.0004859602 -0.0007058638
-0.0004843602 -0.0004705758
-0.0004827602 -0.0004705758
-0.0004811602 -0.0009411517
-0.0004795602 -0.0002352879
-0.0004779602 -0.0004705758
-0.0004763602 -0.0004705758
-0.0004747602 -0.0007058638
-0.0004731602 -0.0009411517
-0.0004715602 -0.0009411517
-0.0004699602 -0.0009411517
-0.0004683602 -0.0009411517
-0.0004667602 0
-0.0004651602 -0.0009411517
-0.0004635602 -0.0007058638
-0.0004619602 -0.0009411517
-0.0004603602 -0.0004705758
-0.0004587602 -0.0009411517
-0.0004571602 -0.00117644
-0.0004555602 -0.00117644
-0.0004539602 -0.0009411517
-0.0004523602 -0.0009411517
-0.0004507602 -0.0009411517
-0.0004491602 -0.0007058638
-0.0004475602 -0.0009411517
-0.0004459602 -0.0007058638
-0.0004443602 -0.0009411517
-0.0004427602 -0.0004705758
-0.0004411602 -0.0007058638
-0.0004395602 -0.0009411517
-0.0004379602 -0.0007058638
-0.0004363602 -0.0007058638
-0.0004347602 -0.0002352879
-0.0004331602 -0.0007058638
-0.0004315602 -0.0009411517
-0.0004299602 -0.0004705758
-0.0004283602 -0.0009411517
-0.0004267602 -0.0007058638
-0.0004251602 -0.0009411517
-0.0004235602 -0.0009411517
-0.0004219602 -0.0009411517
-0.0004203602 -0.0002352879
-0.0004187602 -0.0007058638
-0.0004171602 -0.0004705758
-0.0004155602 -0.00117644
-0.0004139602 -0.0007058638
-0.0004123602 -0.0004705758
-0.0004107602 -0.001411728
-0.0004091602 -0.0007058638
-0.0004075602 -0.0009411517
-0.0004059602 -0.0009411517
-0.0004043602 -0.00117644
-0.0004027602 -0.0007058638
-0.0004011602 -0.0004705758
-0.0003995602 -0.0007058638
-0.0003979602 -0.0004705758
-0.0003963602 -0.00117644
-0.0003947602 -0.0007058638
-0.0003931602 -0.0009411517
-0.0003915602 -0.0007058638
-0.0003899602 -0.0007058638
-0.0003883602 -0.0009411517
-0.0003867602 -0.0009411517
-0.0003851602 -0.0009411517
-0.0003835602 -0.0009411517
-0.0003819602 -0.0009411517
-0.0003803602 -0.0007058638
-0.0003787602 -0.0009411517
-0.0003771602 -0.0009411517
-0.0003755602 -0.001411728
-0.0003739602 -0.0007058638
-0.0003723602 -0.00117644
-0.0003707602 -0.0004705758
-0.0003691602 -0.00117644
-0.0003675602 -0.0002352879
-0.0003659602 -0.0009411517
-0.0003643602 -0.0004705758
-0.0003627602 -0.00117644
-0.0003611602 0
-0.0003595602 -0.0009411517
-0.0003579602 -0.0009411517
-0.0003563602 -0.0009411517
-0.0003547602 -0.001411728
-0.0003531602 -0.0007058638
-0.0003515602 -0.0004705758
-0.0003499602 -0.0009411517
-0.0003483602 -0.0002352879
-0.0003467602 -0.0007058638
-0.0003451602 -0.0009411517
-0.0003435602 -0.0009411517
-0.0003419602 -0.0007058638
-0.0003403602 -0.0009411517
-0.0003387602 0
-0.0003371602 -0.0007058638
-0.0003355602 -0.0007058638
-0.0003339602 -0.001411728
-0.0003323602 -0.0004705758
-0.0003307602 -0.0007058638
-0.0003291602 -0.001411728
-0.0003275602 -0.00117644
-0.0003259602 0
-0.0003243602 -0.00117644
-0.0003227602 0.0002352879
-0.0003211602 -0.0004705758
-0.0003195602 -0.0007058638
-0.0003179602 -0.0009411517
-0.0003163602 -0.00117644
-0.0003147602 -0.00117644
-0.0003131602 0
-0.0003115602 -0.001411728
-0.0003099602 -0.0007058638
-0.0003083602 -0.001647015
-0.0003067602 -0.0007058638
-0.0003051602 -0.0004705758
-0.0003035602 -0.0009411517
-0.0003019602 -0.00117644
-0.0003003602 -0.0007058638
-0.0002987602 -0.0007058638
-0.0002971602 -0.0007058638
-0.0002955602 -0.0009411517
-0.0002939602 -0.0009411517
-0.0002923602 -0.00117644
-0.0002907602 -0.00117644
-0.0002891602 -0.00117644
-0.0002875602 0
-0.0002859602 -0.001411728
-0.0002843602 -0.0004705758
-0.0002827602 -0.0004705758
-0.0002811602 -0.0004705758
-0.0002795602 -0.00117644
-0.0002779602 -0.0009411517
-0.0002763602 -0.00117644
-0.0002747602 -0.0007058638
-0.0002731602 -0.001411728
-0.0002715602 -0.00117644
-0.0002699602 -0.0004705758
-0.0002683602 -0.0002352879
-0.0002667602 -0.001411728
-0.0002651602 -0.0004705758
-0.0002635602 -0.0009411517
-0.0002619602 -0.0002352879
-0.0002603602 -0.00117644
-0.0002587602 -0.0004705758
-0.0002571602 -0.0004705758
-0.0002555602 0
-0.0002539602 -0.00117644
-0.0002523602 -0.001411728
-0.0002507602 -0.0007058638
-0.0002491602 -0.0009411517
-0.0002475602 -0.0007058638
-0.0002459602 -0.001411728
-0.0002443602 -0.0009411517
-0.0002427602 -0.0007058638
-0.0002411602 -0.0004705758
-0.0002395602 0
-0.0002379602 -0.0009411517
-0.0002363602 -0.0009411517
-0.0002347602 -0.0009411517
-0.0002331602 -0.0004705758
-0.0002315602 -0.00117644
-0.0002299602 -0.0004705758
-0.0002283602 -0.0009411517
-0.0002267602 0
-0.0002251602 -0.0004705758
-0.0002235602 -0.0004705758
-0.0002219602 -0.00117644
-0.0002203602 -0.0004705758
-0.0002187602 -0.0002352879
-0.0002171602 -0.0004705758
-0.0002155602 -0.0009411517
-0.0002139602 -0.0004705758
-0.0002123602 -0.0004705758
-0.0002107602 -0.0004705758
-0.0002091602 -0.00117644
-0.0002075602 -0.0004705758
-0.0002059602 -0.001411728
-0.0002043602 -0.0007058638
-0.0002027602 -0.0009411517
-0.0002011602 -0.0007058638
-0.0001995602 -0.001411728
-0.0001979602 -0.0009411517
-0.0001963602 -0.0004705758
-0.0001947602 -0.0004705758
-0.0001931602 -0.0004705758
-0.0001915602 0
-0.0001899602 -0.0009411517
-0.0001883602 -0.0007058638
-0.0001867602 -0.0009411517
-0.0001851602 -0.0009411517
-0.0001835602 -0.00117644
-0.0001819602 0
-0.0001803602 -0.00117644
-0.0001787602 -0.0009411517
-0.0001771602 -0.00117644
-0.0001755602 -0.0007058638
-0.0001739602 -0.0007058638
-0.0001723602 -0.0004705758
-0.0001707602 -0.0007058638
-0.0001691602 -0.0004705758
-0.0001675602 -0.0009411517
-0.0001659602 -0.0004705758
-0.0001643602 -0.0004705758
-0.0001627602 -0.0004705758
-0.0001611602 -0.0007058638
-0.0001595602 -0.0004705758
-0.0001579602 -0.0009411517
-0.0001563602 -0.00117644
-0.0001547602 -0.00117644
-0.0001531602 -0.0009411517
-0.0001515602 -0.0009411517
-0.0001499602 -0.0004705758
-0.0001483602 -0.0007058638
-0.0001467602 -0.0009411517
-0.0001451602 -0.0009411517
-0.0001435602 -0.0009411517
-0.0001419602 -0.0004705758
-0.0001403602 -0.0004705758
-0.0001387602 -0.0009411517
-0.0001371602 0
-0.0001355602 -0.0009411517
-0.0001339602 -0.0007058638
-0.0001323602 -0.00117644
-0.0001307602 -0.0007058638
-0.0001291602 -0.00117644
-0.0001275602 -0.0004705758
-0.0001259602 -0.00117644
-0.0001243602 -0.0004705758
-0.0001227602 -0.00117644
-0.0001211602 -0.0002352879
-0.0001195602 -0.0007058638
-0.0001179602 -0.0007058638
-0.0001163602 -0.0007058638
-0.0001147602 -0.0007058638
-0.0001131602 -0.0004705758
-0.0001115602 -0.00117644
-0.0001099602 -0.0007058638
-0.0001083602 -0.0007058638
-0.0001067602 -0.0004705758
-0.0001051602 -0.0009411517
-0.0001035602 -0.0007058638
-0.0001019602 -0.00117644
-0.0001003602 -0.0009411517
-9.87602e-005 -0.0009411517
-9.71602e-005 -0.0009411517
-9.55602e-005 -0.0004705758
-9.39602e-005 -0.0009411517
-9.23602e-005 -0.0002352879
-9.07602e-005 -0.00117644
-8.91602e-005 -0.0007058638
-8.75602e-005 -0.00117644
-8.59602e-005 -0.0004705758
-8.43602e-005 -0.0009411517
-8.27602e-005 -0.0004705758
-8.11602e-005 -0.0007058638
-7.95602e-005 -0.0007058638
-7.79602e-005 -0.00117644
-7.63602e-005 -0.0004705758
-7.47602e-005 -0.0009411517
-7.31602e-005 -0.00117644
-7.15602e-005 -0.0009411517
-6.99602e-005 -0.0009411517
-6.83602e-005 -0.0007058638
-6.67602e-005 -0.00117644
-6.51602e-005 -0.0004705758
-6.35602e-005 -0.0004705758
-6.19602e-005 -0.0009411517
-6.03602e-005 -0.0004705758
-5.87602e-005 -0.001411728
-5.71602e-005 -0.0004705758
-5.55602e-005 -0.0009411517
-5.39602e-005 -0.001411728
-5.23602e-005 -0.0007058638
-5.07602e-005 -0.0007058638
-4.91602e-005 -0.0004705758
-4.75602e-005 -0.00117644
-4.59602e-005 -0.0004705758
-4.43602e-005 -0.0004705758
-4.27602e-005 -0.0002352879
-4.11602e-005 0.0007058638
-3.95602e-005 0.0009411517
-3.79602e-005 0.002588167
-3.63602e-005 0.005176334
-3.47602e-005 0.006117486
-3.31602e-005 0.004705758
-3.15602e-005 -0.00682335
-2.99602e-005 -0.03435204
-2.83602e-005 -0.06376303
-2.67602e-005 -0.07693915
-2.51602e-005 -0.0934093
-2.35602e-005 -0.117644
-2.19602e-005 -0.1444668
-2.03602e-005 -0.1656427
-1.87602e-005 -0.2004653
-1.71602e-005 -0.2399937
-1.55602e-005 -0.2757574
-1.39602e-005 -0.3025803
-1.23602e-005 -0.3096389
-1.07602e-005 -0.3126976
-9.1602e-006 -0.3037567
-7.5602e-006 -0.2816396
-5.9602e-006 -0.2454053
-4.3602e-006 -0.1875245
-2.7602e-006 -0.1188204
-1.1602e-006 -0.04729287
4.398e-007 0.01341141
2.0398e-006 0.0468223
3.6398e-006 0.06046899
5.2398e-006 0.05011633
6.8398e-006 0.03529319
8.4398e-006 0.02588167
1.00398e-005 0.02399937
1.16398e-005 0.02188178
1.32398e-005 0.02188178
1.48398e-005 0.01811717
1.64398e-005 0.01317612
1.80398e-005 0.002117591
1.96398e-005 -0.008235077
2.12398e-005 -0.01905832
2.28398e-005 -0.02588167
2.44398e-005 -0.03152858
2.60398e-005 -0.03058743
2.76398e-005 -0.02941099
2.92398e-005 -0.02870513
3.08398e-005 -0.02352879
3.24398e-005 -0.01764659
3.40398e-005 -0.0136467
3.56398e-005 -0.01129382
3.72398e-005 -0.01388199
3.88398e-005 -0.01435256
4.04398e-005 -0.01647015
4.20398e-005 -0.01741131
4.36398e-005 -0.01670544
4.52398e-005 -0.01152911
4.68398e-005 -0.005882198
4.84398e-005 0.001882303
5.00398e-005 0.007999789
5.16398e-005 0.0117644
5.32398e-005 0.01576429
5.48398e-005 0.01976419
5.64398e-005 0.02164649
5.80398e-005 0.01811717
5.96398e-005 0.01105853
6.12398e-005 0.00447047
6.28398e-005 -0.003294031
6.44398e-005 -0.01223497
6.60398e-005 -0.02117591
6.76398e-005 -0.02894041
6.92398e-005 -0.03858722
7.08398e-005 -0.04493999
7.24398e-005 -0.05105748
7.40398e-005 -0.05599852
7.56398e-005 -0.06282187
7.72398e-005 -0.07058638
7.88398e-005 -0.08046847
8.04398e-005 -0.08752711
8.20398e-005 -0.09246815
8.36398e-005 -0.0934093
8.52398e-005 -0.09176229
8.68398e-005 -0.08588009
8.84398e-005 -0.08023318
9.00398e-005 -0.07246868
9.16398e-005 -0.06305716
9.32398e-005 -0.05388093
9.48398e-005 -0.04588114
9.64398e-005 -0.03976366
9.80398e-005 -0.0350579
9.96398e-005 -0.03270502
0.0001012398 -0.03294031
0.0001028398 -0.03482261
0.0001044398 -0.0350579
0.0001060398 -0.0350579
0.0001076398 -0.03458732
0.0001092398 -0.03199916
0.0001108398 -0.03011685
0.0001124398 -0.02799926
0.0001140398 -0.02799926
0.0001156398 -0.02846984
0.0001172398 -0.03223444
0.0001188398 -0.03623434
0.0001204398 -0.04023423
0.0001220398 -0.04399884
0.0001236398 -0.04305769
0.0001252398 -0.03835193
0.0001268398 -0.03011685
0.0001284398 -0.02047005
0.0001300398 -0.01270555
0.0001316398 -0.005411622
0.0001332398 0.0004705758
0.0001348398 0.004941046
0.0001364398 0.008470365
0.0001380398 0.01082324
0.0001396398 0.01105853
0.0001412398 0.009646805
0.0001428398 0.00564691
0.0001444398 0.001411728
0.0001460398 -0.002352879
0.0001476398 -0.005882198
0.0001492398 -0.009411517
0.0001508398 -0.01341141
0.0001524398 -0.01576429
0.0001540398 -0.01764659
0.0001556398 -0.02070534
0.0001572398 -0.02376408
0.0001588398 -0.02799926
0.0001604398 -0.03082272
0.0001620398 -0.03411675
0.0001636398 -0.03717549
0.0001652398 -0.04141067
0.0001668398 -0.04352826
0.0001684398 -0.04399884
0.0001700398 -0.04329298
0.0001716398 -0.04258711
0.0001732398 -0.04046952
0.0001748398 -0.03929308
0.0001764398 -0.03741078
0.0001780398 -0.03646963
0.0001796398 -0.03388146
0.0001812398 -0.03058743
0.0001828398 -0.02705811
0.0001844398 -0.02376408
0.0001860398 -0.02047005
0.0001876398 -0.01741131
0.0001892398 -0.01435256
0.0001908398 -0.01317612
0.0001924398 -0.01270555
0.0001940398 -0.01247026
0.0001956398 -0.0117644
0.0001972398 -0.009176229
0.0001988398 -0.00447047
0.0002004398 -0.001882303
0.0002020398 -0.001411728
0.0002036398 -0.004941046
0.0002052398 -0.009882093
0.0002068398 -0.01623487
0.0002084398 -0.02117591
0.0002100398 -0.02188178
0.0002116398 -0.01905832
0.0002132398 -0.01576429
0.0002148398 -0.01105853
0.0002164398 -0.006117486
0.0002180398 0
0.0002196398 0.004705758
0.0002212398 0.007764501
0.0002228398 0.01082324
0.0002244398 0.01482314
0.0002260398 0.01929361
0.0002276398 0.02352879
0.0002292398 0.02705811
0.0002308398 0.03199916
0.0002324398 0.0350579
0.0002340398 0.03858722
0.0002356398 0.04023423
0.0002372398 0.04046952
0.0002388398 0.03552848
0.0002404398 0.02682282
0.0002420398 0.01599958
0.0002436398 0.005176334
0.0002452398 -0.005882198
0.0002468398 -0.01647015
0.0002484398 -0.02635225
0.0002500398 -0.03364617
0.0002516398 -0.03999895
0.0002532398 -0.04164596
0.0002548398 -0.04211654
0.0002564398 -0.03882251
0.0002580398 -0.0350579
0.0002596398 -0.02846984
0.0002612398 -0.02211706
0.0002628398 -0.01529371
0.0002644398 -0.009411517
0.0002660398 -0.003999895
0.0002676398 0
0.0002692398 0.002117591
0.0002708398 0.001411728
0.0002724398 0.001411728
0.0002740398 0.0004705758
0.0002756398 0.0007058638
0.0002772398 0.0004705758
0.0002788398 0
0.0002804398 -0.0004705758
0.0002820398 0.0007058638
0.0002836398 0.001647015
0.0002852398 0.001882303
0.0002868398 0.002117591
0.0002884398 0.003764607
0.0002900398 0.006352774
0.0002916398 0.009882093
0.0002932398 0.01435256
0.0002948398 0.01811717
0.0002964398 0.02117591
0.0002980398 0.02282293
0.0002996398 0.02399937
0.0003012398 0.02352879
0.0003028398 0.02164649
0.0003044398 0.01976419
0.0003060398 0.01835246
0.0003076398 0.01764659
0.0003092398 0.01670544
0.0003108398 0.01670544
0.0003124398 0.01858775
0.0003140398 0.02164649
0.0003156398 0.02588167
0.0003172398 0.03035214
0.0003188398 0.03482261
0.0003204398 0.03952837
0.0003220398 0.04164596
0.0003236398 0.04258711
0.0003252398 0.04188125
0.0003268398 0.04235183
0.0003284398 0.04070481
0.0003300398 0.03764607
0.0003316398 0.03411675
0.0003332398 0.03058743
0.0003348398 0.02894041
0.0003364398 0.02799926
0.0003380398 0.0272934
0.0003396398 0.0272934
0.0003412398 0.02658753
0.0003428398 0.02494052
0.0003444398 0.01999947
0.0003460398 0.01529371
0.0003476398 0.009411517
0.0003492398 0.003294031
0.0003508398 -0.001647015
0.0003524398 -0.003999895
0.0003540398 -0.004705758
0.0003556398 -0.003764607
0.0003572398 -0.002117591
0.0003588398 0.0002352879
0.0003604398 0.0004705758
0.0003620398 0.0004705758
0.0003636398 -0.0004705758
0.0003652398 -0.0009411517
0.0003668398 -0.002117591
0.0003684398 -0.003294031
0.0003700398 -0.003999895
0.0003716398 -0.002588167
0.0003732398 0.0002352879
0.0003748398 0.005411622
0.0003764398 0.01152911
0.0003780398 0.01811717
0.0003796398 0.0232935
0.0003812398 0.0291757
0.0003828398 0.03223444
0.0003844398 0.03341088
0.0003860398 0.03223444
0.0003876398 0.03058743
0.0003892398 0.0291757
0.0003908398 0.0291757
0.0003924398 0.03082272
0.0003940398 0.03388146
0.0003956398 0.03741078
0.0003972398 0.04258711
0.0003988398 0.04658701
0.0004004398 0.0505869
0.0004020398 0.05246921
0.0004036398 0.05293978
0.0004052398 0.05105748
0.0004068398 0.04729287
0.0004084398 0.04023423
0.0004100398 0.03129329
0.0004116398 0.02258764
0.0004132398 0.01505843
0.0004148398 0.007999789
0.0004164398 0.002588167
0.0004180398 -0.001411728
0.0004196398 -0.00564691
0.0004212398 -0.01082324
0.0004228398 -0.01458785
0.0004244398 -0.01811717
0.0004260398 -0.02070534
0.0004276398 -0.0232935
0.0004292398 -0.02258764
0.0004308398 -0.02070534
0.0004324398 -0.015529
0.0004340398 -0.009646805
0.0004356398 -0.002588167
0.0004372398 0.003529319
0.0004388398 0.008940941
0.0004404398 0.01199968
0.0004420398 0.01294084
0.0004436398 0.01223497
0.0004452398 0.01105853
0.0004468398 0.007529213
0.0004484398 0.004235183
0.0004500398 -0.0004705758
0.0004516398 -0.00447047
0.0004532398 -0.007764501
0.0004548398 -0.008940941
0.0004564398 -0.009646805
0.0004580398 -0.008940941
0.0004596398 -0.008235077
0.0004612398 -0.006588062
0.0004628398 -0.004941046
0.0004644398 -0.003294031
0.0004660398 -0.0007058638
0.0004676398 0.001411728
0.0004692398 0.002823455
0.0004708398 0.004941046
0.0004724398 0.007529213
0.0004740398 0.01058796
0.0004756398 0.01270555
0.0004772398 0.01505843
0.0004788398 0.01647015
0.0004804398 0.01647015
0.0004820398 0.01529371
0.0004836398 0.01341141
0.0004852398 0.01058796
0.0004868398 0.008940941
0.0004884398 0.007529213
0.0004900398 0.007529213
0.0004916398 0.009411517
0.0004932398 0.01105853
0.0004948398 0.01435256
0.0004964398 0.01741131
0.0004980398 0.01976419
0.0004996398 0.02211706
0.0005012398 0.02258764
0.0005028398 0.02258764
0.0005044398 0.0214112
0.0005060398 0.02023476
0.0005076398 0.01976419
0.0005092398 0.01929361
0.0005108398 0.01811717
0.0005124398 0.01741131
0.0005140398 0.01529371
0.0005156398 0.01223497
0.0005172398 0.007999789
0.0005188398 0.004941046
0.0005204398 0.001882303
0.0005220398 0.0002352879
0.0005236398 -0.001882303
0.0005252398 -0.003294031
0.0005268398 -0.004705758
0.0005284398 -0.005882198
0.0005300398 -0.007293925
0.0005316398 -0.008470365
0.0005332398 -0.01105853
0.0005348398 -0.0136467
0.0005364398 -0.01647015
0.0005380398 -0.01929361
0.0005396398 -0.0214112
0.0005412398 -0.02164649
0.0005428398 -0.02188178
0.0005444398 -0.0195289
0.0005460398 -0.01717602
0.0005476398 -0.01411728
0.0005492398 -0.01152911
0.0005508398 -0.007764501
0.0005524398 -0.002823455
0.0005540398 0.002588167
0.0005556398 0.007764501
0.0005572398 0.01223497
0.0005588398 0.01576429
0.0005604398 0.01741131
0.0005620398 0.01670544
0.0005636398 0.01576429
0.0005652398 0.0136467
0.0005668398 0.009882093
0.0005684398 0.005411622
0.0005700398 0.00117644
0.0005716398 -0.003999895
0.0005732398 -0.008705653
0.0005748398 -0.01199968
0.0005764398 -0.01435256
0.0005780398 -0.01482314
0.0005796398 -0.01411728
0.0005812398 -0.01341141
0.0005828398 -0.01223497
0.0005844398 -0.009646805
0.0005860398 -0.006588062
0.0005876398 -0.002352879
0.0005892398 0.002352879
0.0005908398 0.008470365
0.0005924398 0.01341141
0.0005940398 0.01717602
0.0005956398 0.0195289
0.0005972398 0.01929361
0.0005988398 0.01764659
0.0006004398 0.01435256
0.0006020398 0.009882093
0.0006036398 0.004235183
0.0006052398 -0.002823455
0.0006068398 -0.009176229
0.0006084398 -0.01435256
0.0006100398 -0.01858775
0.0006116398 -0.0214112
0.0006132398 -0.02282293
0.0006148398 -0.02258764
0.0006164398 -0.02235235
0.0006180398 -0.02023476
0.0006196398 -0.01764659
0.0006212398 -0.01529371
0.0006228398 -0.01152911
0.0006244398 -0.007764501
0.0006260398 -0.00447047
0.0006276398 -0.001647015
0.0006292398 -0.0002352879
0.0006308398 0.0004705758
0.0006324398 -0.0007058638
0.0006340398 -0.002588167
0.0006356398 -0.004705758
0.0006372398 -0.007764501
0.0006388398 -0.01129382
0.0006404398 -0.01341141
0.0006420398 -0.01623487
0.0006436398 -0.01811717
0.0006452398 -0.01976419
0.0006468398 -0.01905832
0.0006484398 -0.01882303
0.0006500398 -0.01623487
0.0006516398 -0.01294084
0.0006532398 -0.008940941
0.0006548398 -0.005176334
0.0006564398 -0.002823455
0.0006580398 -0.0004705758
0.0006596398 0.0007058638
0.0006612398 0.0004705758
0.0006628398 0.0007058638
0.0006644398 -0.001882303
0.0006660398 -0.003764607
0.0006676398 -0.007058638
0.0006692398 -0.01082324
0.0006708398 -0.0136467
0.0006724398 -0.015529
0.0006740398 -0.015529
0.0006756398 -0.015529
0.0006772398 -0.01482314
0.0006788398 -0.01270555
0.0006804398 -0.01011738
0.0006820398 -0.007293925
0.0006836398 -0.004705758
0.0006852398 -0.001647015
0.0006868398 0.001647015
0.0006884398 0.00564691
0.0006900398 0.009882093
0.0006916398 0.01458785
0.0006932398 0.02023476
0.0006948398 0.0254111
0.0006964398 0.02964628
0.0006980398 0.03223444
0.0006996398 0.03458732
0.0007012398 0.03576376
0.0007028398 0.03552848
0.0007044398 0.0331756
0.0007060398 0.02941099
0.0007076398 0.02658753
0.0007092398 0.02188178
0.0007108398 0.01811717
0.0007124398 0.01270555
0.0007140398 0.008470365
0.0007156398 0.005176334
0.0007172398 0.00117644
0.0007188398 -0.0009411517
0.0007204398 -0.002352879
0.0007220398 -0.004235183
0.0007236398 -0.003764607
0.0007252398 -0.002352879
0.0007268398 -0.0002352879
0.0007284398 0.001411728
0.0007300398 0.003999895
0.0007316398 0.004941046
0.0007332398 0.007058638
0.0007348398 0.008705653
0.0007364398 0.01011738
0.0007380398 0.01035267
0.0007396398 0.01082324
0.0007412398 0.01082324
0.0007428398 0.01129382
0.0007444398 0.01129382
0.0007460398 0.01152911
0.0007476398 0.01105853
0.0007492398 0.0117644
0.0007508398 0.0117644
0.0007524398 0.01294084
0.0007540398 0.01294084
0.0007556398 0.01341141
0.0007572398 0.01388199
0.0007588398 0.01482314
0.0007604398 0.01694073
0.0007620398 0.01929361
0.0007636398 0.0214112
0.0007652398 0.02470523
0.0007668398 0.02635225
0.0007684398 0.02776397
0.0007700398 0.02752869
0.0007716398 0.02799926
0.0007732398 0.02776397
0.0007748398 0.02752869
0.0007764398 0.02752869
0.0007780398 0.02752869
0.0007796398 0.02658753
0.0007812398 0.02588167
0.0007828398 0.02446994
0.0007844398 0.02258764
0.0007860398 0.02070534
0.0007876398 0.01976419
0.0007892398 0.01811717
0.0007908398 0.01764659
0.0007924398 0.01670544
0.0007940398 0.01670544
0.0007956398 0.01647015
0.0007972398 0.01788188
0.0007988398 0.01882303
0.0008004398 0.01929361
0.0008020398 0.01999947
0.0008036398 0.01999947
0.0008052398 0.01999947
0.0008068398 0.01999947
0.0008084398 0.0195289
0.0008100398 0.01999947
0.0008116398 0.01929361
0.0008132398 0.01882303
0.0008148398 0.01764659
0.0008164398 0.01858775
0.0008180398 0.01882303
0.0008196398 0.02047005
0.0008212398 0.02094062
0.0008228398 0.02211706
0.0008244398 0.02282293
0.0008260398 0.02352879
0.0008276398 0.02470523
0.0008292398 0.02611696
0.0008308398 0.02658753
0.0008324398 0.02870513
0.0008340398 0.02988157
0.0008356398 0.03082272
0.0008372398 0.03223444
0.0008388398 0.03294031
0.0008404398 0.03388146
0.0008420398 0.0350579
0.0008436398 0.03576376
0.0008452398 0.03576376
0.0008468398 0.0369402
0.0008484398 0.03741078
0.0008500398 0.03788135
0.0008516398 0.03835193
0.0008532398 0.03929308
0.0008548398 0.03929308
0.0008564398 0.03882251
0.0008580398 0.03788135
0.0008596398 0.03670492
0.0008612398 0.03576376
0.0008628398 0.03411675
0.0008644398 0.03176387
0.0008660398 0.02870513
0.0008676398 0.02635225
0.0008692398 0.02352879
0.0008708398 0.02023476
0.0008724398 0.01788188
0.0008740398 0.01411728
0.0008756398 0.01129382
0.0008772398 0.008470365
0.0008788398 0.006117486
0.0008804398 0.004941046
0.0008820398 0.002823455
0.0008836398 0.0009411517
0.0008852398 -0.0007058638
0.0008868398 -0.003058743
0.0008884398 -0.004705758
0.0008900398 -0.006352774
0.0008916398 -0.007764501
0.0008932398 -0.008235077
0.0008948398 -0.008470365
0.0008964398 -0.007764501
0.0008980398 -0.005411622
0.0008996398 -0.003058743
0.0009012398 -0.0002352879
0.0009028398 0.003764607
0.0009044398 0.00564691
0.0009060398 0.007764501
0.0009076398 0.008235077
0.0009092398 0.007999789
0.0009108398 0.006588062
0.0009124398 0.005411622
0.0009140398 0.003294031
0.0009156398 0.0009411517
0.0009172398 -0.002117591
0.0009188398 -0.003058743
0.0009204398 -0.004705758
0.0009220398 -0.005176334
0.0009236398 -0.005411622
0.0009252398 -0.003764607
0.0009268398 -0.002823455
0.0009284398 -0.002117591
0.0009300398 0
0.0009316398 0.003529319
0.0009332398 0.00682335
0.0009348398 0.01105853
0.0009364398 0.01576429
0.0009380398 0.02094062
0.0009396398 0.0254111
0.0009412398 0.02964628
0.0009428398 0.03246973
0.0009444398 0.03576376
0.0009460398 0.03858722
0.0009476398 0.03999895
0.0009492398 0.04070481
0.0009508398 0.04164596
0.0009524398 0.04164596
0.0009540398 0.04141067
0.0009556398 0.04141067
0.0009572398 0.04164596
0.0009588398 0.04164596
0.0009604398 0.04235183
0.0009620398 0.04258711
0.0009636398 0.04258711
0.0009652398 0.04211654
0.0009668398 0.04164596
0.0009684398 0.04070481
0.0009700398 0.03999895
0.0009716398 0.03835193
0.0009732398 0.0369402
0.0009748398 0.03552848
0.0009764398 0.03482261
0.0009780398 0.0331756
0.0009796398 0.03105801
0.0009812398 0.02964628
0.0009828398 0.02823455
0.0009844398 0.02611696
0.0009860398 0.02470523
0.0009876398 0.02211706
0.0009892398 0.02094062
0.0009908398 0.01929361
0.0009924398 0.01835246
0.0009940398 0.01741131
0.0009956398 0.01717602
0.0009972398 0.01670544
0.0009988398 0.01647015
0.00100044 0.015529
0.00100204 0.01505843
0.00100364 0.01270555
0.00100524 0.01199968
0.00100684 0.009646805
0.00100844 0.007764501
0.00101004 0.005176334
0.00101164 0.003764607
0.00101324 0.00117644
0.00101484 0.0007058638
0.00101644 0
0.00101804 0.0004705758
0.00101964 0.0002352879
0.00102124 0.0009411517
0.00102284 0.001411728
0.00102444 0.003058743
0.00102604 0.002823455
0.00102764 0.003294031
0.00102924 0.003529319
0.00103084 0.002117591
0.00103244 0.001647015
0.00103404 0.001411728
0.00103564 -0.0004705758
0.00103724 -0.001411728
0.00103884 -0.002117591
0.00104044 -0.002352879
0.00104204 -0.002352879
0.00104364 -0.001411728
0.00104524 -0.0007058638
0.00104684 0.0009411517
0.00104844 0.0007058638
0.00105004 0.001882303
0.00105164 0.002588167
0.00105324 0.004705758
0.00105484 0.006117486
0.00105644 0.007999789
0.00105804 0.009882093
0.00105964 0.01199968
0.00106124 0.01458785
0.00106284 0.01576429
0.00106444 0.01670544
0.00106604 0.01741131
0.00106764 0.01694073
0.00106924 0.01647015
0.00107084 0.01505843
0.00107244 0.01294084
0.00107404 0.01129382
0.00107564 0.008235077
0.00107724 0.006117486
0.00107884 0.004235183
0.00108044 0.002823455
0.00108204 0.001882303
0.00108364 0.0002352879
0.00108524 -0.0002352879
0.00108684 -0.0004705758
0.00108844 0
0.00109004 0.0009411517
0.00109164 0.002117591
0.00109324 0.002823455
0.00109484 0.003764607
0.00109644 0.003999895
0.00109804 0.00447047
0.00109964 0.00447047
0.00110124 0.004235183
0.00110284 0.003999895
0.00110444 0.003999895
0.00110604 0.003999895
0.00110764 0.003999895
0.00110924 0.004235183
0.00111084 0.004705758
0.00111244 0.004705758
0.00111404 0.00564691
0.00111564 0.005411622
0.00111724 0.005882198
0.00111884 0.005176334
0.00112044 0.003999895
0.00112204 0.002588167
0.00112364 0.0009411517
0.00112524 -0.001411728
0.00112684 -0.003764607
0.00112844 -0.007293925
0.00113004 -0.009882093
0.00113164 -0.01294084
0.00113324 -0.01411728
0.00113484 -0.01576429
0.00113644 -0.01576429
0.00113804 -0.01411728
0.00113964 -0.01341141
0.00114124 -0.01058796
0.00114284 -0.007764501
0.00114444 -0.003294031
0.00114604 -0.0009411517
0.00114764 0.002352879
0.00114924 0.005411622
0.00115084 0.008235077
0.00115244 0.01058796
0.00115404 0.01223497
0.00115564 0.01317612
0.00115724 0.01294084
0.00115884 0.0136467
0.00116044 0.01247026
0.00116204 0.01152911
0.00116364 0.009882093
0.00116524 0.008705653
0.00116684 0.006352774
0.00116844 0.005176334
0.00117004 0.002352879
0.00117164 0.001411728
0.00117324 -0.001647015
0.00117484 -0.003529319
0.00117644 -0.004941046
0.00117804 -0.006352774
0.00117964 -0.007293925
0.00118124 -0.007058638
0.00118284 -0.007058638
0.00118444 -0.006588062
0.00118604 -0.00682335
0.00118764 -0.006588062
0.00118924 -0.005411622
0.00119084 -0.004705758
0.00119244 -0.003999895
0.00119404 -0.003529319
0.00119564 -0.002823455
0.00119724 -0.001882303
0.00119884 -0.0009411517
0.00120044 -0.0009411517
0.00120204 -0.00117644
0.00120364 -0.0004705758
0.00120524 0
0.00120684 -0.0004705758
0.00120844 0.0004705758
0.00121004 0.0004705758
0.00121164 0.001647015
0.00121324 0.002117591
0.00121484 0.003529319
0.00121644 0.004705758
0.00121804 0.005411622
0.00121964 0.005411622
0.00122124 0.005176334
0.00122284 0.004705758
0.00122444 0.003999895
0.00122604 0.003294031
0.00122764 0.002588167
0.00122924 0.003058743
0.00123084 0.003058743
0.00123244 0.003294031
0.00123404 0.003999895
0.00123564 0.004941046
0.00123724 0.005176334
0.00123884 0.00682335
0.00124044 0.006352774
0.00124204 0.007293925
0.00124364 0.007058638
0.00124524 0.006588062
0.00124684 0.00564691
0.00124844 0.00564691
0.00125004 0.00564691
0.00125164 0.005411622
0.00125324 0.004705758
0.00125484 0.00447047
0.00125644 0.003058743
0.00125804 0.002117591
0.00125964 0.0009411517
0.00126124 -0.0004705758
0.00126284 -0.0009411517
0.00126444 -0.001411728
0.00126604 -0.002588167
0.00126764 -0.002823455
0.00126924 -0.003294031
0.00127084 -0.001882303
0.00127244 -0.001411728
0.00127404 0.0002352879
0.00127564 0.002352879
0.00127724 0.004705758
0.00127884 0.007293925
0.00128044 0.009176229
0.00128204 0.01129382
0.00128364 0.01247026
0.00128524 0.01317612
0.00128684 0.01247026
0.00128844 0.01105853
0.00129004 0.009646805
0.00129164 0.00682335
0.00129324 0.003999895
0.00129484 0.001411728
0.00129644 -0.002352879
0.00129804 -0.00447047
0.00129964 -0.006352774
0.00130124 -0.007529213
0.00130284 -0.008940941
0.00130444 -0.01011738
0.00130604 -0.009882093
0.00130764 -0.01058796
0.00130924 -0.01105853
0.00131084 -0.0117644
0.00131244 -0.01294084
0.00131404 -0.01411728
0.00131564 -0.01482314
0.00131724 -0.01623487
0.00131884 -0.01670544
0.00132044 -0.01835246
0.00132204 -0.01858775
0.00132364 -0.01882303
0.00132524 -0.01929361
0.00132684 -0.01858775
0.00132844 -0.01835246
0.00133004 -0.01764659
0.00133164 -0.01599958
0.00133324 -0.01529371
0.00133484 -0.0136467
0.00133644 -0.01247026
0.00133804 -0.01082324
0.00133964 -0.009646805
0.00134124 -0.007999789
0.00134284 -0.007058638
0.00134444 -0.00564691
0.00134604 -0.004941046
0.00134764 -0.00447047
0.00134924 -0.003058743
0.00135084 -0.002588167
0.00135244 -0.001647015
0.00135404 -0.0009411517
0.00135564 -0.0009411517
0.00135724 -0.0007058638
0.00135884 -0.0007058638
0.00136044 -0.0009411517
0.00136204 -0.00117644
0.00136364 -0.001411728
0.00136524 -0.00117644
0.00136684 -0.001882303
0.00136844 -0.002588167
0.00137004 -0.003529319
0.00137164 -0.005882198
0.00137324 -0.007529213
0.00137484 -0.009411517
0.00137644 -0.01035267
0.00137804 -0.01199968
0.00137964 -0.01341141
0.00138124 -0.01388199
0.00138284 -0.01458785
0.00138444 -0.01388199
0.00138604 -0.01247026
0.00138764 -0.01129382
0.00138924 -0.008470365
0.00139084 -0.00682335
0.00139244 -0.004235183
0.00139404 -0.002588167
0.00139564 -0.0004705758
0.00139724 0.001411728
0.00139884 0.003999895
0.00140044 0.004705758
0.00140204 0.006117486
0.00140364 0.006352774
0.00140524 0.00682335
0.00140684 0.006117486
0.00140844 0.00564691
0.00141004 0.004941046
0.00141164 0.004235183
0.00141324 0.003764607
0.00141484 0.00447047
0.00141644 0.004941046
0.00141804 0.006588062
0.00141964 0.008940941
0.00142124 0.01199968
0.00142284 0.01458785
0.00142444 0.01882303
0.00142604 0.0214112
0.00142764 0.02446994
0.00142924 0.02776397
0.00143084 0.03011685
0.00143244 0.03294031
0.00143404 0.03482261
0.00143564 0.03646963
0.00143724 0.03764607
0.00143884 0.03741078
0.00144044 0.03788135
0.00144204 0.03741078
0.00144364 0.03717549
0.00144524 0.03623434
0.00144684 0.03529319
0.00144844 0.03364617
0.00145004 0.03270502
0.00145164 0.03082272
0.00145324 0.03011685
0.00145484 0.02941099
0.00145644 0.02823455
0.00145804 0.02752869
0.00145964 0.02705811
0.00146124 0.02564638
0.00146284 0.02611696
0.00146444 0.02446994
0.00146604 0.02352879
0.00146764 0.02305822
0.00146924 0.0214112
0.00147084 0.02094062
0.00147244 0.02047005
0.00147404 0.01976419
0.00147564 0.01999947
0.00147724 0.01976419
0.00147884 0.01976419
0.00148044 0.01835246
0.00148204 0.01788188
0.00148364 0.01670544
0.00148524 0.01599958
0.00148684 0.01458785
0.00148844 0.01317612
0.00149004 0.01247026
0.00149164 0.01082324
0.00149324 0.009176229
0.00149484 0.008470365
0.00149644 0.006588062
0.00149804 0.006117486
0.00149964 0.003999895
0.00150124 0.003529319
0.00150284 0.001647015
0.00150444 0.0009411517
0.00150604 0
0.00150764 -0.0002352879
0.00150924 0
0.00151084 0.0007058638
0.00151244 0.001411728
0.00151404 0.002352879
0.00151564 0.00447047
0.00151724 0.006352774
0.00151884 0.008705653
0.00152044 0.01129382
0.00152204 0.01388199
0.00152364 0.01599958
0.00152524 0.01835246
0.00152684 0.01999947
0.00152844 0.0214112
0.00153004 0.02282293
0.00153164 0.02305822
0.00153324 0.02352879
0.00153484 0.02376408
0.00153644 0.02399937
0.00153804 0.02305822
0.00153964 0.02258764
0.00154124 0.0214112
0.00154284 0.02023476
0.00154444 0.01905832
0.00154604 0.01858775
0.00154764 0.01811717
0.00154924 0.01741131
0.00155084 0.01788188
0.00155244 0.01811717
0.00155404 0.01764659
0.00155564 0.01882303
0.00155724 0.01929361
0.00155884 0.02023476
0.00156044 0.02070534
0.00156204 0.02258764
0.00156364 0.0232935
0.00156524 0.02446994
0.00156684 0.02564638
0.00156844 0.02588167
0.00157004 0.02752869
0.00157164 0.02752869
0.00157324 0.02682282
0.00157484 0.02658753
0.00157644 0.02494052
0.00157804 0.0232935
0.00157964 0.02047005
0.00158124 0.01905832
0.00158284 0.015529
0.00158444 0.01317612
0.00158604 0.009882093
0.00158764 0.007999789
0.00158924 0.00564691
0.00159084 0.003529319
0.00159244 0.0004705758
0.00159404 -0.0009411517
0.00159564 -0.004235183
0.00159724 -0.006352774
0.00159884 -0.009411517
0.00160044 -0.0117644
0.00160204 -0.0136467
0.00160364 -0.01529371
0.00160524 -0.01623487
0.00160684 -0.01670544
0.00160844 -0.01694073
0.00161004 -0.015529
0.00161164 -0.015529
0.00161324 -0.01388199
0.00161484 -0.01223497
0.00161644 -0.009882093
0.00161804 -0.008705653
0.00161964 -0.007058638
0.00162124 -0.00564691
0.00162284 -0.004941046
0.00162444 -0.00447047
0.00162604 -0.003764607
0.00162764 -0.003999895
0.00162924 -0.004235183
0.00163084 -0.00447047
0.00163244 -0.005176334
0.00163404 -0.006117486
0.00163564 -0.006588062
0.00163724 -0.008470365
0.00163884 -0.007999789
0.00164044 -0.008235077
0.00164204 -0.008470365
0.00164364 -0.008705653
0.00164524 -0.009176229
0.00164684 -0.009882093
0.00164844 -0.01082324
0.00165004 -0.01105853
0.00165164 -0.01199968
0.00165324 -0.01294084
0.00165484 -0.01317612
0.00165644 -0.01435256
0.00165804 -0.01482314
0.00165964 -0.01505843
0.00166124 -0.01623487
0.00166284 -0.01647015
0.00166444 -0.01764659
0.00166604 -0.01835246
0.00166764 -0.0195289
0.00166924 -0.02070534
0.00167084 -0.02258764
0.00167244 -0.02399937
0.00167404 -0.02517581
0.00167564 -0.02635225
0.00167724 -0.02635225
0.00167884 -0.02635225
0.00168044 -0.02517581
0.00168204 -0.02446994
0.00168364 -0.02258764
0.00168524 -0.02023476
0.00168684 -0.01835246
0.00168844 -0.01623487
0.00169004 -0.01458785
0.00169164 -0.01294084
0.00169324 -0.0117644
0.00169484 -0.01105853
0.00169644 -0.01152911
0.00169804 -0.01152911
0.00169964 -0.0117644
0.00170124 -0.01294084
0.00170284 -0.01435256
0.00170444 -0.01529371
0.00170604 -0.01717602
0.00170764 -0.01835246
0.00170924 -0.01999947
0.00171084 -0.02188178
0.00171244 -0.02352879
0.00171404 -0.02611696
0.00171564 -0.0272934
0.00171724 -0.03011685
0.00171884 -0.03129329
0.00172044 -0.03364617
0.00172204 -0.03458732
0.00172364 -0.03670492
0.00172524 -0.03788135
0.00172684 -0.03858722
0.00172844 -0.03882251
0.00173004 -0.03952837
0.00173164 -0.03835193
0.00173324 -0.03741078
0.00173484 -0.03599905
0.00173644 -0.0350579
0.00173804 -0.03294031
0.00173964 -0.03199916
0.00174124 -0.03129329
0.00174284 -0.0291757
0.00174444 -0.02846984
0.00174604 -0.02776397
0.00174764 -0.02658753
0.00174924 -0.02494052
0.00175084 -0.02494052
0.00175244 -0.02423466
0.00175404 -0.0232935
0.00175564 -0.02235235
0.00175724 -0.02211706
0.00175884 -0.02211706
0.00176044 -0.02164649
0.00176204 -0.02188178
0.00176364 -0.02164649
0.00176524 -0.02211706
0.00176684 -0.02305822
0.00176844 -0.02399937
0.00177004 -0.02399937
0.00177164 -0.02494052
0.00177324 -0.02564638
0.00177484 -0.02658753
0.00177644 -0.02658753
0.00177804 -0.02705811
0.00177964 -0.02658753
0.00178124 -0.02705811
0.00178284 -0.0272934
0.00178444 -0.02705811
0.00178604 -0.02682282
0.00178764 -0.0272934
0.00178924 -0.02846984
0.00179084 -0.02941099
0.00179244 -0.02988157
0.00179404 -0.03082272
0.00179564 -0.03105801
0.00179724 -0.03246973
0.00179884 -0.03223444
0.00180044 -0.03270502
0.00180204 -0.03223444
0.00180364 -0.03176387
0.00180524 -0.03082272
0.00180684 -0.03058743
0.00180844 -0.02941099
0.00181004 -0.0291757
0.00181164 -0.0291757
0.00181324 -0.02964628
0.00181484 -0.02941099
0.00181644 -0.02941099
0.00181804 -0.02964628
0.00181964 -0.03011685
0.00182124 -0.03011685
0.00182284 -0.02988157
0.00182444 -0.0291757
0.00182604 -0.02894041
0.00182764 -0.02752869
0.00182924 -0.02588167
0.00183084 -0.02399937
0.00183244 -0.02164649
0.00183404 -0.01905832
0.00183564 -0.01741131
0.00183724 -0.01482314
0.00183884 -0.01294084
0.00184044 -0.01105853
0.00184204 -0.009882093
0.00184364 -0.007764501
0.00184524 -0.006117486
0.00184684 -0.005176334
0.00184844 -0.003999895
0.00185004 -0.002352879
0.00185164 -0.001647015
0.00185324 -0.0009411517
0.00185484 -0.0002352879
0.00185644 0.0004705758
0.00185804 -0.0004705758
0.00185964 -0.0007058638
0.00186124 -0.002117591
0.00186284 -0.003529319
0.00186444 -0.005411622
0.00186604 -0.007529213
0.00186764 -0.01011738
0.00186924 -0.01129382
0.00187084 -0.01270555
0.00187244 -0.01482314
0.00187404 -0.01576429
0.00187564 -0.01623487
0.00187724 -0.01670544
0.00187884 -0.01623487
0.00188044 -0.01576429
0.00188204 -0.01599958
0.00188364 -0.01529371
0.00188524 -0.01435256
0.00188684 -0.01388199
0.00188844 -0.01247026
0.00189004 -0.01199968
0.00189164 -0.01105853
0.00189324 -0.01058796
0.00189484 -0.009882093
0.00189644 -0.009882093
0.00189804 -0.01035267
0.00189964 -0.01011738
0.00190124 -0.01035267
0.00190284 -0.009882093
0.00190444 -0.009411517
0.00190604 -0.009411517
0.00190764 -0.008705653
0.00190924 -0.009176229
0.00191084 -0.008470365
0.00191244 -0.008235077
0.00191404 -0.007764501
0.00191564 -0.007999789
0.00191724 -0.006352774
0.00191884 -0.00564691
0.00192044 -0.004941046
0.00192204 -0.004941046
0.00192364 -0.003999895
0.00192524 -0.002588167
0.00192684 -0.002117591
0.00192844 -0.001411728
0.00193004 0.0002352879
0.00193164 0.001411728
0.00193324 0.002823455
0.00193484 0.003529319
0.00193644 0.004941046
0.00193804 0.005411622
0.00193964 0.005882198
0.00194124 0.005882198
0.00194284 0.006117486
0.00194444 0.006117486
0.00194604 0.00564691
0.00194764 0.005882198
0.00194924 0.005411622
0.00195084 0.004941046
0.00195244 0.004941046
0.00195404 0.005411622
0.00195564 0.005411622
0.00195724 0.00564691
0.00195884 0.00682335
0.00196044 0.007058638
0.00196204 0.008470365
0.00196364 0.008940941
0.00196524 0.01011738
0.00196684 0.01129382
0.00196844 0.01199968
0.00197004 0.01270555
0.00197164 0.0136467
0.00197324 0.01388199
0.00197484 0.01458785
0.00197644 0.01435256
0.00197804 0.01505843
0.00197964 0.01458785
0.00198124 0.01505843
0.00198284 0.01435256
0.00198444 0.01411728
0.00198604 0.01341141
0.00198764 0.01317612
0.00198924 0.01247026
0.00199084 0.01223497
0.00199244 0.01199968
0.00199404 0.0117644
0.00199564 0.01247026
0.00199724 0.01341141
0.00199884 0.0136467
0.00200044 0.01458785
0.00200204 0.01505843
0.00200364 0.01599958
0.00200524 0.01647015
0.00200684 0.01811717
0.00200844 0.01905832
0.00201004 0.01929361
0.00201164 0.01999947
0.00201324 0.02094062
0.00201484 0.02117591
0.00201644 0.02305822
0.00201804 0.02211706
0.00201964 0.0232935
0.00202124 0.0232935
0.00202284 0.02376408
0.00202444 0.02352879
0.00202604 0.02423466
0.00202764 0.02376408
0.00202924 0.0232935
0.00203084 0.02258764
0.00203244 0.02282293
0.00203404 0.02188178
0.00203564 0.0214112
0.00203724 0.02047005
0.00203884 0.02023476
0.00204044 0.01882303
0.00204204 0.01835246
0.00204364 0.01764659
0.00204524 0.01717602
0.00204684 0.01694073
0.00204844 0.01788188
0.00205004 0.01811717
0.00205164 0.01929361
0.00205324 0.0195289
0.00205484 0.02094062
0.00205644 0.02211706
0.00205804 0.02376408
0.00205964 0.02470523
0.00206124 0.02611696
0.00206284 0.02682282
0.00206444 0.0272934
0.00206604 0.0272934
0.00206764 0.02705811
0.00206924 0.02682282
0.00207084 0.02658753
0.00207244 0.02682282
0.00207404 0.02564638
0.00207564 0.02517581
0.00207724 0.02494052
0.00207884 0.02399937
0.00208044 0.02399937
0.00208204 0.02352879
0.00208364 0.02352879
0.00208524 0.02305822
0.00208684 0.02282293
0.00208844 0.02235235
0.00209004 0.02164649
0.00209164 0.02188178
0.00209324 0.02117591
0.00209484 0.02070534
0.00209644 0.0195289
0.00209804 0.01858775
0.00209964 0.01858775
0.00210124 0.01623487
0.00210284 0.01623487
0.00210444 0.015529
0.00210604 0.01505843
0.00210764 0.0136467
0.00210924 0.01341141
0.00211084 0.01247026
0.00211244 0.01294084
0.00211404 0.01199968
0.00211564 0.01223497
0.00211724 0.01247026
0.00211884 0.01247026
0.00212044 0.01199968
0.00212204 0.01199968
0.00212364 0.01152911
0.00212524 0.01152911
0.00212684 0.01082324
0.00212844 0.01082324
0.00213004 0.009882093
0.00213164 0.01035267
0.00213324 0.008940941
0.00213484 0.008235077
0.00213644 0.007764501
0.00213804 0.006588062
0.00213964 0.00564691
0.00214124 0.005176334
0.00214284 0.003999895
0.00214444 0.002588167
0.00214604 0.001647015
0.00214764 0.0007058638
0.00214924 -0.0007058638
0.00215084 -0.002117591
0.00215244 -0.002588167
0.00215404 -0.003999895
0.00215564 -0.005176334
0.00215724 -0.005882198
0.00215884 -0.007058638
0.00216044 -0.007529213
0.00216204 -0.008705653
0.00216364 -0.009411517
0.00216524 -0.009882093
0.00216684 -0.01058796
0.00216844 -0.01129382
0.00217004 -0.01223497
0.00217164 -0.01247026
0.00217324 -0.0136467
0.00217484 -0.01482314
0.00217644 -0.01458785
0.00217804 -0.01529371
0.00217964 -0.01529371
0.00218124 -0.015529
0.00218284 -0.015529
0.00218444 -0.01529371
0.00218604 -0.01505843
0.00218764 -0.01482314
0.00218924 -0.01435256
0.00219084 -0.01482314
0.00219244 -0.01411728
0.00219404 -0.01411728
0.00219564 -0.01458785
0.00219724 -0.01599958
0.00219884 -0.01694073
0.00220044 -0.01858775
0.00220204 -0.01882303
0.00220364 -0.01999947
0.00220524 -0.02023476
0.00220684 -0.02070534
0.00220844 -0.0214112
0.00221004 -0.02164649
0.00221164 -0.02164649
0.00221324 -0.0214112
0.00221484 -0.01999947
0.00221644 -0.01929361
0.00221804 -0.01788188
0.00221964 -0.01694073
0.00222124 -0.01576429
0.00222284 -0.01482314
0.00222444 -0.01294084
0.00222604 -0.01270555
0.00222764 -0.01199968
0.00222924 -0.01152911
0.00223084 -0.01199968
0.00223244 -0.01270555
0.00223404 -0.01294084
0.00223564 -0.01435256
0.00223724 -0.01482314
0.00223884 -0.01670544
0.00224044 -0.01741131
0.00224204 -0.0195289
0.00224364 -0.02047005
0.00224524 -0.02258764
0.00224684 -0.02423466
0.00224844 -0.02564638
0.00225004 -0.02705811
0.00225164 -0.0291757
0.00225324 -0.02964628
0.00225484 -0.03199916
0.00225644 -0.03270502
0.00225804 -0.03411675
0.00225964 -0.03388146
0.00226124 -0.03552848
0.00226284 -0.03552848
0.00226444 -0.03646963
0.00226604 -0.03623434
0.00226764 -0.03623434
0.00226924 -0.03576376
0.00227084 -0.03599905
0.00227244 -0.03576376
0.00227404 -0.03529319
0.00227564 -0.03482261
0.00227724 -0.0350579
0.00227884 -0.03458732
0.00228044 -0.03435204
0.00228204 -0.03411675
0.00228364 -0.03388146
0.00228524 -0.03294031
0.00228684 -0.03294031
0.00228844 -0.03199916
0.00229004 -0.03223444
0.00229164 -0.03223444
0.00229324 -0.03152858
0.00229484 -0.03129329
0.00229644 -0.03129329
0.00229804 -0.03058743
0.00229964 -0.03105801
0.00230124 -0.0291757
0.00230284 -0.02894041
0.00230444 -0.02705811
0.00230604 -0.02635225
0.00230764 -0.02423466
0.00230924 -0.02282293
0.00231084 -0.02070534
0.00231244 -0.01929361
0.00231404 -0.01717602
0.00231564 -0.01647015
0.00231724 -0.01505843
0.00231884 -0.01435256
0.00232044 -0.01294084
0.00232204 -0.01152911
0.00232364 -0.01152911
0.00232524 -0.01247026
0.00232684 -0.01199968
0.00232844 -0.01270555
0.00233004 -0.01435256
0.00233164 -0.01505843
0.00233324 -0.01576429
0.00233484 -0.01764659
0.00233644 -0.01835246
0.00233804 -0.02023476
0.00233964 -0.02070534
0.00234124 -0.02188178
0.00234284 -0.0232935
0.00234444 -0.02376408
0.00234604 -0.02446994
0.00234764 -0.0254111
0.00234924 -0.0254111
0.00235084 -0.02635225
0.00235244 -0.02705811
0.00235404 -0.02752869
0.00235564 -0.02752869
0.00235724 -0.02776397
0.00235884 -0.02705811
0.00236044 -0.02705811
0.00236204 -0.02658753
0.00236364 -0.02705811
0.00236524 -0.02635225
0.00236684 -0.02611696
0.00236844 -0.0254111
0.00237004 -0.02494052
0.00237164 -0.02399937
0.00237324 -0.0232935
0.00237484 -0.02258764
0.00237644 -0.02211706
0.00237804 -0.02047005
0.00237964 -0.02047005
0.00238124 -0.01905832
0.00238284 -0.01858775
0.00238444 -0.01764659
0.00238604 -0.01764659
0.00238764 -0.01694073
0.00238924 -0.01764659
0.00239084 -0.01811717
0.00239244 -0.01858775
0.00239404 -0.01976419
0.00239564 -0.02164649
0.00239724 -0.02282293
0.00239884 -0.02399937
0.00240044 -0.02517581
0.00240204 -0.02611696
0.00240364 -0.02658753
0.00240524 -0.02611696
0.00240684 -0.02564638
0.00240844 -0.02494052
0.00241004 -0.0232935
0.00241164 -0.02188178
0.00241324 -0.01976419
0.00241484 -0.01858775
0.00241644 -0.01694073
0.00241804 -0.01505843
0.00241964 -0.01435256
0.00242124 -0.01317612
0.00242284 -0.01270555
0.00242444 -0.01152911
0.00242604 -0.01152911
0.00242764 -0.01129382
0.00242924 -0.01058796
0.00243084 -0.01082324
0.00243244 -0.01035267
0.00243404 -0.01011738
0.00243564 -0.009176229
0.00243724 -0.009176229
0.00243884 -0.008940941
0.00244044 -0.008470365
0.00244204 -0.007529213
0.00244364 -0.00682335
0.00244524 -0.00564691
0.00244684 -0.003764607
0.00244844 -0.003294031
0.00245004 -0.002117591
0.00245164 -0.001411728
0.00245324 0
0.00245484 0.001411728
0.00245644 0.001647015
0.00245804 0.002588167
0.00245964 0.003294031
0.00246124 0.004235183
0.00246284 0.004705758
0.00246444 0.004941046
0.00246604 0.005411622
0.00246764 0.005411622
0.00246924 0.004941046
0.00247084 0.004705758
0.00247244 0.003999895
0.00247404 0.004235183
0.00247564 0.003294031
0.00247724 0.003058743
0.00247884 0.002823455
0.00248044 0.002823455
0.00248204 0.002117591
0.00248364 0.003058743
0.00248524 0.003058743
0.00248684 0.003294031
0.00248844 0.003764607
0.00249004 0.00447047
0.00249164 0.003999895
0.00249324 0.005176334
0.00249484 0.00447047
0.00249644 0.005882198
0.00249804 0.005176334
0.00249964 0.00682335
0.00250124 0.00682335
0.00250284 0.007764501
0.00250444 0.007529213
0.00250604 0.008705653
0.00250764 0.009176229
0.00250924 0.009646805
0.00251084 0.01058796
0.00251244 0.01082324
0.00251404 0.01199968
0.00251564 0.01294084
0.00251724 0.01341141
0.00251884 0.01458785
0.00252044 0.015529
0.00252204 0.01717602
0.00252364 0.01741131
0.00252524 0.01929361
0.00252684 0.01929361
0.00252844 0.01976419
0.00253004 0.0195289
0.00253164 0.02023476
0.00253324 0.01905832
0.00253484 0.01741131
0.00253644 0.01623487
0.00253804 0.01529371
0.00253964 0.01341141
0.00254124 0.01199968
0.00254284 0.01058796
0.00254444 0.009646805
0.00254604 0.008705653
0.00254764 0.008705653
0.00254924 0.008705653
0.00255084 0.008940941
0.00255244 0.009646805
0.00255404 0.009646805
0.00255564 0.01082324
0.00255724 0.01152911
0.00255884 0.01223497
0.00256044 0.01341141
0.00256204 0.01270555
0.00256364 0.01294084
0.00256524 0.01294084
0.00256684 0.01341141
0.00256844 0.01270555
0.00257004 0.01223497
0.00257164 0.01129382
0.00257324 0.01152911
0.00257484 0.009882093
0.00257644 0.01011738
0.00257804 0.008470365
0.00257964 0.008470365
0.00258124 0.007999789
0.00258284 0.008235077
0.00258444 0.008470365
0.00258604 0.008940941
0.00258764 0.009646805
0.00258924 0.01105853
0.00259084 0.0117644
0.00259244 0.01341141
0.00259404 0.01458785
0.00259564 0.015529
0.00259724 0.01623487
0.00259884 0.01717602
0.00260044 0.01694073
0.00260204 0.01788188
0.00260364 0.01717602
0.00260524 0.01670544
0.00260684 0.015529
0.00260844 0.01458785
0.00261004 0.01341141
0.00261164 0.01199968
0.00261324 0.01011738
0.00261484 0.009176229
0.00261644 0.007999789
0.00261804 0.007058638
0.00261964 0.005411622
0.00262124 0.004705758
0.00262284 0.003764607
0.00262444 0.003058743
0.00262604 0.002352879
0.00262764 0.001882303
0.00262924 0.0009411517
0.00263084 0.001411728
0.00263244 0.0004705758
0.00263404 0.0009411517
0.00263564 0.0002352879
0.00263724 0.0007058638
0.00263884 0.0004705758
0.00264044 0.001411728
0.00264204 0.00117644
0.00264364 0.002117591
0.00264524 0.003058743
0.00264684 0.00447047
0.00264844 0.00564691
0.00265004 0.006588062
0.00265164 0.007293925
0.00265324 0.008470365
0.00265484 0.009176229
0.00265644 0.01058796
0.00265804 0.01011738
0.00265964 0.01129382
0.00266124 0.01129382
0.00266284 0.01152911
0.00266444 0.01152911
0.00266604 0.01223497
0.00266764 0.01270555
0.00266924 0.01388199
0.00267084 0.01388199
0.00267244 0.01505843
0.00267404 0.01576429
0.00267564 0.01670544
0.00267724 0.01764659
0.00267884 0.01858775
0.00268044 0.01929361
0.00268204 0.02023476
0.00268364 0.0195289
0.00268524 0.02047005
0.00268684 0.0195289
0.00268844 0.01929361
0.00269004 0.01882303
0.00269164 0.01811717
0.00269324 0.01694073
0.00269484 0.01717602
0.00269644 0.01599958
0.00269804 0.01529371
0.00269964 0.01411728
0.00270124 0.01294084
0.00270284 0.0117644
0.00270444 0.01058796
0.00270604 0.008940941
0.00270764 0.008705653
0.00270924 0.007529213
0.00271084 0.007058638
0.00271244 0.005882198
0.00271404 0.006352774
0.00271564 0.004941046
0.00271724 0.00564691
0.00271884 0.005882198
0.00272044 0.00682335
0.00272204 0.006588062
0.00272364 0.007764501
0.00272524 0.008705653
0.00272684 0.009411517
0.00272844 0.009646805
0.00273004 0.01105853
0.00273164 0.0117644
0.00273324 0.01294084
0.00273484 0.01270555
0.00273644 0.01341141
0.00273804 0.01411728
0.00273964 0.01482314
0.00274124 0.01435256
0.00274284 0.01458785
0.00274444 0.01435256
0.00274604 0.01411728
0.00274764 0.01482314
0.00274924 0.01458785
0.00275084 0.01458785
0.00275244 0.01529371
0.00275404 0.015529
0.00275564 0.01529371
0.00275724 0.01576429
0.00275884 0.01670544
0.00276044 0.01670544
0.00276204 0.01764659
0.00276364 0.01788188
0.00276524 0.01882303
0.00276684 0.01905832
0.00276844 0.01905832
0.00277004 0.01976419
0.00277164 0.01976419
0.00277324 0.01999947
0.00277484 0.02070534
0.00277644 0.02047005
0.00277804 0.02188178
0.00277964 0.02164649
0.00278124 0.02258764
0.00278284 0.02235235
0.00278444 0.02305822
0.00278604 0.02305822
0.00278764 0.0232935
0.00278924 0.02305822
0.00279084 0.02305822
0.00279244 0.02211706
0.00279404 0.02188178
0.00279564 0.02117591
0.00279724 0.02094062
0.00279884 0.01976419
0.00280044 0.01999947
0.00280204 0.01929361
0.00280364 0.01905832
0.00280524 0.01882303
0.00280684 0.01811717
0.00280844 0.01788188
0.00281004 0.01858775
0.00281164 0.01811717
0.00281324 0.01905832
0.00281484 0.01835246
0.00281644 0.01929361
0.00281804 0.01905832
0.00281964 0.01999947
0.00282124 0.02023476
0.00282284 0.02047005
0.00282444 0.02070534
0.00282604 0.02047005
0.00282764 0.0195289
0.00282924 0.01905832
0.00283084 0.01858775
0.00283244 0.01811717
0.00283404 0.01694073
0.00283564 0.01576429
0.00283724 0.01411728
0.00283884 0.01341141
0.00284044 0.0117644
0.00284204 0.01129382
0.00284364 0.009882093
0.00284524 0.008705653
0.00284684 0.008235077
0.00284844 0.007529213
0.00285004 0.007293925
0.00285164 0.007058638
0.00285324 0.00682335
0.00285484 0.006588062
0.00285644 0.007764501
0.00285804 0.008470365
0.00285964 0.008705653
0.00286124 0.01035267
0.00286284 0.01152911
0.00286444 0.01199968
0.00286604 0.01317612
0.00286764 0.01435256
0.00286924 0.01482314
0.00287084 0.01623487
0.00287244 0.01694073
0.00287404 0.01717602
0.00287564 0.01835246
0.00287724 0.01905832
0.00287884 0.01929361
0.00288044 0.02047005
0.00288204 0.02023476
0.00288364 0.02094062
0.00288524 0.02164649
0.00288684 0.02235235
0.00288844 0.02258764
0.00289004 0.02352879
0.00289164 0.02376408
0.00289324 0.02446994
0.00289484 0.02494052
0.00289644 0.02635225
0.00289804 0.02682282
0.00289964 0.02776397
0.00290124 0.0272934
0.00290284 0.02776397
0.00290444 0.02823455
0.00290604 0.02846984
0.00290764 0.02823455
0.00290924 0.02752869
0.00291084 0.02776397
0.00291244 0.02752869
0.00291404 0.02635225
0.00291564 0.02705811
0.00291724 0.02517581
0.00291884 0.02517581
0.00292044 0.02470523
0.00292204 0.02446994
0.00292364 0.02258764
0.00292524 0.02235235
0.00292684 0.02047005
0.00292844 0.01929361
0.00293004 0.01811717
0.00293164 0.01647015
0.00293324 0.01482314
0.00293484 0.0136467
0.00293644 0.0117644
0.00293804 0.01035267
0.00293964 0.007764501
0.00294124 0.00682335
0.00294284 0.004705758
0.00294444 0.004235183
0.00294604 0.003294031
0.00294764 0.002823455
0.00294924 0.002588167
0.00295084 0.002352879
0.00295244 0.002588167
0.00295404 0.003764607
0.00295564 0.003764607
0.00295724 0.004235183
0.00295884 0.00447047
0.00296044 0.005411622
0.00296204 0.00564691
0.00296364 0.007058638
0.00296524 0.007058638
0.00296684 0.008235077
0.00296844 0.008940941
0.00297004 0.008940941
0.00297164 0.009411517
0.00297324 0.01082324
0.00297484 0.01082324
0.00297644 0.01082324
0.00297804 0.01058796
0.00297964 0.01011738
0.00298124 0.009882093
0.00298284 0.009646805
0.00298444 0.007999789
0.00298604 0.007764501
0.00298764 0.007058638
0.00298924 0.007293925
0.00299084 0.006352774
0.00299244 0.006352774
0.00299404 0.006117486
0.00299564 0.006117486
0.00299724 0.006117486
0.00299884 0.00682335
0.00300044 0.006588062
0.00300204 0.007058638
0.00300364 0.007529213
0.00300524 0.007999789
0.00300684 0.008235077
0.00300844 0.008235077
0.00301004 0.008705653
0.00301164 0.009176229
0.00301324 0.008940941
0.00301484 0.008705653
0.00301644 0.009411517
0.00301804 0.01011738
0.00301964 0.009176229
0.00302124 0.009882093
0.00302284 0.009411517
0.00302444 0.008940941
0.00302604 0.008235077
0.00302764 0.007764501
0.00302924 0.007764501
0.00303084 0.007293925
0.00303244 0.006352774
0.00303404 0.006117486
0.00303564 0.00564691
0.00303724 0.005882198
0.00303884 0.005882198
0.00304044 0.00682335
0.00304204 0.006588062
0.00304364 0.007058638
0.00304524 0.007764501
0.00304684 0.007764501
0.00304844 0.008705653
0.00305004 0.009176229
0.00305164 0.009411517
0.00305324 0.01035267
0.00305484 0.01011738
0.00305644 0.01105853
0.00305804 0.01058796
0.00305964 0.01129382
0.00306124 0.01129382
0.00306284 0.0117644
0.00306444 0.0117644
0.00306604 0.01199968
0.00306764 0.01199968
0.00306924 0.01223497
0.00307084 0.0117644
0.00307244 0.01294084
0.00307404 0.01247026
0.00307564 0.01294084
0.00307724 0.01247026
0.00307884 0.0136467
0.00308044 0.01294084
0.00308204 0.01341141
0.00308364 0.01294084
0.00308524 0.01317612
0.00308684 0.01317612
0.00308844 0.01388199
0.00309004 0.0136467
0.00309164 0.01341141
0.00309324 0.01388199
0.00309484 0.0136467
0.00309644 0.0136467
0.00309804 0.0136467
0.00309964 0.0136467
0.00310124 0.01411728
0.00310284 0.01411728
0.00310444 0.01505843
0.00310604 0.01458785
0.00310764 0.01505843
0.00310924 0.01576429
0.00311084 0.01647015
0.00311244 0.01599958
0.00311404 0.01647015
0.00311564 0.01647015
0.00311724 0.01670544
0.00311884 0.01647015
0.00312044 0.01670544
0.00312204 0.01599958
0.00312364 0.01623487
0.00312524 0.015529
0.00312684 0.015529
0.00312844 0.01411728
0.00313004 0.01458785
0.00313164 0.01411728
0.00313324 0.01388199
0.00313484 0.0136467
0.00313644 0.01317612
0.00313804 0.01341141
0.00313964 0.01317612
0.00314124 0.01341141
0.00314284 0.01317612
0.00314444 0.0136467
0.00314604 0.01411728
0.00314764 0.01411728
0.00314924 0.01482314
0.00315084 0.01482314
0.00315244 0.01576429
0.00315404 0.01529371
0.00315564 0.01576429
0.00315724 0.01599958
0.00315884 0.01647015
0.00316044 0.015529
0.00316204 0.01599958
0.00316364 0.01505843
0.00316524 0.01458785
0.00316684 0.01435256
0.00316844 0.01294084
0.00317004 0.01199968
0.00317164 0.01129382
0.00317324 0.01035267
0.00317484 0.009176229
0.00317644 0.007764501
0.00317804 0.006588062
0.00317964 0.006117486
0.00318124 0.005176334
0.00318284 0.004235183
0.00318444 0.003999895
0.00318604 0.002588167
0.00318764 0.002117591
0.00318924 0.001411728
0.00319084 0.00117644
0.00319244 0.0007058638
0.00319404 0.0002352879
0.00319564 -0.0009411517
0.00319724 -0.0009411517
0.00319884 -0.001647015
0.00320044 -0.00117644
0.00320204 -0.001411728
0.00320364 -0.0009411517
0.00320524 -0.001647015
0.00320684 -0.0002352879
0.00320844 0.0002352879
0.00321004 0.0004705758
0.00321164 0.0007058638
0.00321324 0.00117644
0.00321484 0.002117591
0.00321644 0.002352879
0.00321804 0.003058743
0.00321964 0.003294031
0.00322124 0.003764607
0.00322284 0.003294031
0.00322444 0.003999895
0.00322604 0.003529319
0.00322764 0.002588167
0.00322924 0.002352879
0.00323084 0.001647015
0.00323244 0.0002352879
0.00323404 -0.0007058638
0.00323564 -0.00117644
0.00323724 -0.002352879
0.00323884 -0.003058743
0.00324044 -0.003058743
0.00324204 -0.004705758
0.00324364 -0.005411622
0.00324524 -0.005411622
0.00324684 -0.005411622
0.00324844 -0.006117486
0.00325004 -0.00682335
0.00325164 -0.006588062
0.00325324 -0.007764501
0.00325484 -0.008235077
0.00325644 -0.008705653
0.00325804 -0.009176229
0.00325964 -0.01035267
0.00326124 -0.01035267
0.00326284 -0.0117644
0.00326444 -0.01199968
0.00326604 -0.01247026
0.00326764 -0.01317612
0.00326924 -0.01270555
0.00327084 -0.01388199
0.00327244 -0.01411728
0.00327404 -0.01435256
0.00327564 -0.01505843
0.00327724 -0.01482314
0.00327884 -0.01576429
0.00328044 -0.015529
0.00328204 -0.01576429
0.00328364 -0.015529
0.00328524 -0.015529
0.00328684 -0.01576429
0.00328844 -0.015529
0.00329004 -0.01529371
0.00329164 -0.015529
0.00329324 -0.01458785
0.00329484 -0.01458785
0.00329644 -0.0136467
0.00329804 -0.0136467
0.00329964 -0.01247026
0.00330124 -0.01247026
0.00330284 -0.01199968
0.00330444 -0.01152911
0.00330604 -0.01105853
0.00330764 -0.01082324
0.00330924 -0.01082324
0.00331084 -0.01035267
0.00331244 -0.01058796
0.00331404 -0.01105853
0.00331564 -0.01035267
0.00331724 -0.01105853
0.00331884 -0.01152911
0.00332044 -0.01223497
0.00332204 -0.01270555
0.00332364 -0.01317612
0.00332524 -0.01317612
0.00332684 -0.01435256
0.00332844 -0.01435256
0.00333004 -0.01529371
0.00333164 -0.01505843
0.00333324 -0.01482314
0.00333484 -0.01505843
0.00333644 -0.01529371
0.00333804 -0.01529371
0.00333964 -0.01505843
0.00334124 -0.01529371
0.00334284 -0.01482314
0.00334444 -0.01458785
0.00334604 -0.01435256
0.00334764 -0.01294084
0.00334924 -0.01247026
0.00335084 -0.01129382
0.00335244 -0.01105853
0.00335404 -0.009411517
0.00335564 -0.008705653
0.00335724 -0.008705653
0.00335884 -0.007764501
0.00336044 -0.007058638
0.00336204 -0.007529213
0.00336364 -0.007058638
0.00336524 -0.007293925
0.00336684 -0.007529213
0.00336844 -0.007529213
0.00337004 -0.007764501
0.00337164 -0.009176229
0.00337324 -0.008940941
0.00337484 -0.01035267
0.00337644 -0.01082324
0.00337804 -0.0117644
0.00337964 -0.01270555
0.00338124 -0.01341141
0.00338284 -0.01458785
0.00338444 -0.01482314
0.00338604 -0.01505843
0.00338764 -0.01576429
0.00338924 -0.01576429
0.00339084 -0.01599958
0.00339244 -0.01529371
0.00339404 -0.01599958
0.00339564 -0.015529
0.00339724 -0.01576429
0.00339884 -0.01435256
0.00340044 -0.01505843
0.00340204 -0.01529371
0.00340364 -0.01505843
0.00340524 -0.01529371
0.00340684 -0.015529
0.00340844 -0.01576429
0.00341004 -0.01670544
0.00341164 -0.01694073
0.00341324 -0.01741131
0.00341484 -0.01764659
0.00341644 -0.01811717
0.00341804 -0.01811717
0.00341964 -0.01835246
0.00342124 -0.01882303
0.00342284 -0.01905832
0.00342444 -0.01835246
0.00342604 -0.01811717
0.00342764 -0.01741131
0.00342924 -0.01741131
0.00343084 -0.01694073
0.00343244 -0.01623487
0.00343404 -0.01599958
0.00343564 -0.01529371
0.00343724 -0.01411728
0.00343884 -0.01388199
0.00344044 -0.01223497
0.00344204 -0.0117644
0.00344364 -0.01082324
0.00344524 -0.01011738
0.00344684 -0.009882093
0.00344844 -0.009646805
0.00345004 -0.009646805
0.00345164 -0.01011738
0.00345324 -0.01035267
0.00345484 -0.01105853
0.00345644 -0.01152911
0.00345804 -0.01270555
0.00345964 -0.01317612
0.00346124 -0.01505843
0.00346284 -0.01576429
0.00346444 -0.01717602
0.00346604 -0.01741131
0.00346764 -0.01905832
0.00346924 -0.01858775
0.00347084 -0.0195289
0.00347244 -0.0195289
0.00347404 -0.02023476
0.00347564 -0.0195289
0.00347724 -0.01976419
0.00347884 -0.0195289
0.00348044 -0.01999947
0.00348204 -0.0195289
0.00348364 -0.01976419
0.00348524 -0.01929361
0.00348684 -0.01929361
0.00348844 -0.01905832
0.00349004 -0.01905832
0.00349164 -0.01858775
0.00349324 -0.01905832
0.00349484 -0.01882303
0.00349644 -0.01835246
0.00349804 -0.01835246
0.00349964 -0.01905832
0.00350124 -0.0195289
0.00350284 -0.02023476
0.00350444 -0.02023476
0.00350604 -0.02117591
0.00350764 -0.0214112
0.00350924 -0.02258764
0.00351084 -0.02352879
0.00351244 -0.02423466
0.00351404 -0.02470523
0.00351564 -0.02611696
0.00351724 -0.02658753
0.00351884 -0.02776397
0.00352044 -0.02846984
0.00352204 -0.02894041
0.00352364 -0.02894041
0.00352524 -0.02964628
0.00352684 -0.02870513
0.00352844 -0.02941099
0.00353004 -0.02799926
0.00353164 -0.02846984
0.00353324 -0.02682282
0.00353484 -0.02588167
0.00353644 -0.0254111
0.00353804 -0.02423466
0.00353964 -0.02235235
0.00354124 -0.02164649
0.00354284 -0.02117591
0.00354444 -0.02023476
0.00354604 -0.01858775
0.00354764 -0.01858775
0.00354924 -0.01741131
0.00355084 -0.01741131
0.00355244 -0.01623487
0.00355404 -0.01623487
0.00355564 -0.015529
0.00355724 -0.01576429
0.00355884 -0.015529
0.00356044 -0.01529371
0.00356204 -0.01482314
0.00356364 -0.01505843
0.00356524 -0.01505843
0.00356684 -0.01482314
0.00356844 -0.01435256
0.00357004 -0.01505843
0.00357164 -0.01482314
0.00357324 -0.01529371
0.00357484 -0.01458785
0.00357644 -0.01458785
0.00357804 -0.01458785
0.00357964 -0.0136467
0.00358124 -0.01388199
0.00358284 -0.0136467
0.00358444 -0.01317612
0.00358604 -0.01317612
0.00358764 -0.01317612
0.00358924 -0.01341141
0.00359084 -0.01247026
0.00359244 -0.01270555
0.00359404 -0.01317612
0.00359564 -0.01294084
0.00359724 -0.01294084
0.00359884 -0.01247026
0.00360044 -0.01247026
0.00360204 -0.01223497
0.00360364 -0.0117644
0.00360524 -0.01223497
0.00360684 -0.01152911
0.00360844 -0.01129382
0.00361004 -0.009882093
0.00361164 -0.009882093
0.00361324 -0.009176229
0.00361484 -0.007999789
0.00361644 -0.00682335
0.00361804 -0.005882198
0.00361964 -0.005176334
0.00362124 -0.004235183
0.00362284 -0.003999895
0.00362444 -0.002823455
0.00362604 -0.002352879
0.00362764 -0.001882303
0.00362924 -0.001647015
0.00363084 -0.0009411517
0.00363244 -0.00117644
0.00363404 -0.0009411517
0.00363564 -0.001411728
0.00363724 -0.001411728
0.00363884 -0.001647015
0.00364044 -0.001647015
0.00364204 -0.001882303
0.00364364 -0.001647015
0.00364524 -0.002117591
0.00364684 -0.001882303
0.00364844 -0.002117591
0.00365004 -0.002117591
0.00365164 -0.002117591
0.00365324 -0.001882303
0.00365484 -0.00117644
0.00365644 -0.001647015
0.00365804 -0.001647015
0.00365964 -0.001411728
0.00366124 -0.00117644
0.00366284 -0.0004705758
0.00366444 0.0004705758
0.00366604 0.0004705758
0.00366764 0.0004705758
0.00366924 0.0009411517
0.00367084 0.0009411517
0.00367244 0.002117591
0.00367404 0.002117591
0.00367564 0.003529319
0.00367724 0.004235183
0.00367884 0.005411622
0.00368044 0.006588062
0.00368204 0.007529213
0.00368364 0.007999789
0.00368524 0.008470365
0.00368684 0.009882093
0.00368844 0.01105853
0.00369004 0.01152911
0.00369164 0.01129382
0.00369324 0.01223497
0.00369484 0.01341141
0.00369644 0.0136467
0.00369804 0.01388199
0.00369964 0.01388199
0.00370124 0.01482314
0.00370284 0.01505843
0.00370444 0.01505843
0.00370604 0.01599958
0.00370764 0.01623487
0.00370924 0.01623487
0.00371084 0.01647015
0.00371244 0.01670544
0.00371404 0.01741131
0.00371564 0.01788188
0.00371724 0.01811717
0.00371884 0.01905832
0.00372044 0.01905832
0.00372204 0.01976419
0.00372364 0.02047005
0.00372524 0.01976419
0.00372684 0.01999947
0.00372844 0.02047005
0.00373004 0.02070534
0.00373164 0.02070534
0.00373324 0.02047005
0.00373484 0.02023476
0.00373644 0.0195289
0.00373804 0.01929361
0.00373964 0.01929361
0.00374124 0.01905832
0.00374284 0.01835246
0.00374444 0.01811717
0.00374604 0.01694073
0.00374764 0.01647015
0.00374924 0.01576429
0.00375084 0.01529371
0.00375244 0.01435256
0.00375404 0.01411728
0.00375564 0.01317612
0.00375724 0.01223497
0.00375884 0.0117644
0.00376044 0.01129382
0.00376204 0.01011738
0.00376364 0.009646805
0.00376524 0.007999789
0.00376684 0.007999789
0.00376844 0.007529213
0.00377004 0.007293925
0.00377164 0.00682335
0.00377324 0.006352774
0.00377484 0.006117486
0.00377644 0.007058638
0.00377804 0.006588062
0.00377964 0.00682335
0.00378124 0.007058638
0.00378284 0.007058638
0.00378444 0.007764501
0.00378604 0.007764501
0.00378764 0.007764501
0.00378924 0.007999789
0.00379084 0.007999789
0.00379244 0.007999789
0.00379404 0.008235077
0.00379564 0.007999789
0.00379724 0.007764501
0.00379884 0.007764501
0.00380044 0.007999789
0.00380204 0.007999789
0.00380364 0.008235077
0.00380524 0.008470365
0.00380684 0.008470365
0.00380844 0.009411517
0.00381004 0.009411517
0.00381164 0.01011738
0.00381324 0.01058796
0.00381484 0.01152911
0.00381644 0.01223497
0.00381804 0.0136467
0.00381964 0.01388199
0.00382124 0.01505843
0.00382284 0.01599958
0.00382444 0.01623487
0.00382604 0.01694073
0.00382764 0.01788188
0.00382924 0.01811717
0.00383084 0.01788188
0.00383244 0.01764659
0.00383404 0.01694073
0.00383564 0.01670544
0.00383724 0.015529
0.00383884 0.01435256
0.00384044 0.01294084
0.00384204 0.01199968
0.00384364 0.01011738
0.00384524 0.008235077
0.00384684 0.00682335
0.00384844 0.005176334
0.00385004 0.003764607
0.00385164 0.002117591
0.00385324 0.0004705758
0.00385484 -0.0007058638
0.00385644 -0.001647015
0.00385804 -0.002588167
0.00385964 -0.003058743
0.00386124 -0.004235183
0.00386284 -0.003999895
0.00386444 -0.005176334
0.00386604 -0.004941046
0.00386764 -0.005411622
0.00386924 -0.005882198
0.00387084 -0.006117486
0.00387244 -0.006117486
0.00387404 -0.006588062
0.00387564 -0.006352774
0.00387724 -0.00682335
0.00387884 -0.00682335
0.00388044 -0.007293925
0.00388204 -0.007529213
0.00388364 -0.007764501
0.00388524 -0.007764501
0.00388684 -0.008235077
0.00388844 -0.008235077
0.00389004 -0.007999789
0.00389164 -0.008470365
0.00389324 -0.008705653
0.00389484 -0.008940941
0.00389644 -0.008940941
0.00389804 -0.008940941
0.00389964 -0.009411517
0.00390124 -0.009176229
0.00390284 -0.009646805
0.00390444 -0.009176229
0.00390604 -0.01011738
0.00390764 -0.01058796
0.00390924 -0.01035267
0.00391084 -0.009882093
0.00391244 -0.01011738
0.00391404 -0.01011738
0.00391564 -0.01105853
0.00391724 -0.009882093
0.00391884 -0.01011738
0.00392044 -0.009646805
0.00392204 -0.01011738
0.00392364 -0.009646805
0.00392524 -0.009176229
0.00392684 -0.009411517
0.00392844 -0.009646805
0.00393004 -0.009411517
0.00393164 -0.009176229
0.00393324 -0.008940941
0.00393484 -0.008705653
0.00393644 -0.008940941
0.00393804 -0.009176229
0.00393964 -0.008940941
0.00394124 -0.009411517
0.00394284 -0.008940941
0.00394444 -0.008940941
0.00394604 -0.008705653
0.00394764 -0.008940941
0.00394924 -0.008940941
0.00395084 -0.008705653
0.00395244 -0.008470365
0.00395404 -0.008940941
0.00395564 -0.008235077
0.00395724 -0.007999789
0.00395884 -0.007529213
0.00396044 -0.007529213
0.00396204 -0.006352774
0.00396364 -0.006352774
0.00396524 -0.00564691
0.00396684 -0.00564691
0.00396844 -0.005882198
0.00397004 -0.005882198
0.00397164 -0.005411622
0.00397324 -0.005882198
0.00397484 -0.006117486
0.00397644 -0.006117486
0.00397804 -0.006588062
0.00397964 -0.007529213
0.00398124 -0.007293925
0.00398284 -0.008235077
0.00398444 -0.008470365
0.00398604 -0.008940941
0.00398764 -0.009411517
0.00398924 -0.009882093
0.00399084 -0.009882093
0.00399244 -0.01129382
0.00399404 -0.01223497
0.00399564 -0.01199968
0.00399724 -0.01294084
0.00399884 -0.01388199
0.00400044 -0.01388199
0.00400204 -0.01388199
0.00400364 -0.01458785
0.00400524 -0.01529371
0.00400684 -0.01505843
0.00400844 -0.01529371
0.00401004 -0.01529371
0.00401164 -0.01576429
0.00401324 -0.01505843
0.00401484 -0.01623487
0.00401644 -0.01505843
0.00401804 -0.01529371
0.00401964 -0.01505843
0.00402124 -0.01505843
0.00402284 -0.01435256
0.00402444 -0.01388199
0.00402604 -0.01388199
0.00402764 -0.01270555
0.00402924 -0.01199968
0.00403084 -0.01152911
0.00403244 -0.01058796
0.00403404 -0.01011738
0.00403564 -0.009176229
0.00403724 -0.009411517
0.00403884 -0.008470365
0.00404044 -0.008235077
0.00404204 -0.00682335
0.00404364 -0.006588062
0.00404524 -0.005882198
0.00404684 -0.00564691
0.00404844 -0.005411622
0.00405004 -0.003999895
0.00405164 -0.004705758
0.00405324 -0.004941046
0.00405484 -0.00447047
0.00405644 -0.003764607
0.00405804 -0.003529319
0.00405964 -0.003764607
0.00406124 -0.003058743
0.00406284 -0.003058743
0.00406444 -0.003058743
0.00406604 -0.002588167
0.00406764 -0.002588167
0.00406924 -0.002117591
0.00407084 -0.002352879
0.00407244 -0.002117591
0.00407404 -0.001882303
0.00407564 -0.001647015
0.00407724 -0.0009411517
0.00407884 -0.001411728
0.00408044 -0.00117644
0.00408204 -0.0009411517
0.00408364 -0.0004705758
0.00408524 -0.0002352879
0.00408684 0.0004705758
0.00408844 0.0004705758
0.00409004 0.0009411517
0.00409164 0.00117644
0.00409324 0.00117644
0.00409484 0.00117644
0.00409644 0.00117644
0.00409804 0.00117644
0.00409964 0.001647015
0.00410124 0.001647015
0.00410284 0.001411728
0.00410444 0.0009411517
0.00410604 0.0009411517
0.00410764 0.0004705758
0.00410924 0.0009411517
0.00411084 0.0004705758
0.00411244 0.0007058638
0.00411404 0.0004705758
0.00411564 0.0007058638
0.00411724 0.0004705758
0.00411884 0.00117644
0.00412044 0.0007058638
0.00412204 0.001882303
0.00412364 0.002352879
0.00412524 0.002823455
0.00412684 0.002352879
0.00412844 0.003999895
0.00413004 0.003529319
0.00413164 0.004235183
0.00413324 0.004941046
0.00413484 0.005882198
0.00413644 0.005882198
0.00413804 0.006352774
0.00413964 0.00682335
0.00414124 0.007529213
0.00414284 0.008705653
0.00414444 0.009411517
0.00414604 0.01035267
0.00414764 0.01223497
0.00414924 0.01270555
0.00415084 0.01435256
0.00415244 0.01482314
0.00415404 0.01576429
0.00415564 0.01694073
0.00415724 0.01811717
0.00415884 0.01811717
0.00416044 0.01905832
0.00416204 0.01905832
0.00416364 0.0195289
0.00416524 0.02023476
0.00416684 0.01976419
0.00416844 0.0195289
0.00417004 0.01976419
0.00417164 0.0195289
0.00417324 0.01905832
0.00417484 0.01858775
0.00417644 0.01858775
0.00417804 0.01788188
0.00417964 0.01670544
0.00418124 0.01647015
0.00418284 0.01623487
0.00418444 0.01623487
0.00418604 0.015529
0.00418764 0.015529
0.00418924 0.01529371
0.00419084 0.015529
0.00419244 0.01576429
0.00419404 0.01599958
0.00419564 0.01647015
0.00419724 0.01694073
0.00419884 0.01694073
0.00420044 0.01741131
