LECROYWS4024HD 19320 Waveform
Segments 1 SegmentSize 3127
Segment TrigTime TimeSinceSegment1
#1 16-May-2024 16:43:17 0                 
Time Ampl
-0.0008005814 0.0007058638
-0.0007989814 0.00117644
-0.0007973814 -0.0002352879
-0.0007957814 0.0004705758
-0.0007941814 0.0007058638
-0.0007925814 0
-0.0007909814 0.001647015
-0.0007893814 0.0007058638
-0.0007877814 0.0007058638
-0.0007861814 0.0007058638
-0.0007845814 0.0004705758
-0.0007829814 0.0002352879
-0.0007813814 0.0007058638
-0.0007797814 0.0004705758
-0.0007781814 0.0002352879
-0.0007765814 0.0007058638
-0.0007749814 0.0007058638
-0.0007733814 0.0007058638
-0.0007717814 0.0004705758
-0.0007701814 0.0002352879
-0.0007685814 0
-0.0007669814 0.0007058638
-0.0007653814 0.0007058638
-0.0007637814 0.001647015
-0.0007621814 0.0004705758
-0.0007605814 0.0002352879
-0.0007589814 -0.0002352879
-0.0007573814 0.0002352879
-0.0007557814 0.0004705758
-0.0007541814 0.0009411517
-0.0007525814 0.00117644
-0.0007509814 0.0004705758
-0.0007493814 0.0004705758
-0.0007477814 0.0004705758
-0.0007461814 0.0004705758
-0.0007445814 0.0009411517
-0.0007429814 0.0007058638
-0.0007413814 0.0009411517
-0.0007397814 0.0002352879
-0.0007381814 0.0007058638
-0.0007365814 0.0009411517
-0.0007349814 0.0004705758
-0.0007333814 0.0007058638
-0.0007317814 0.0009411517
-0.0007301814 0.0002352879
-0.0007285814 0.0004705758
-0.0007269814 0.0007058638
-0.0007253814 0.00117644
-0.0007237814 0
-0.0007221814 0.00117644
-0.0007205814 0.0002352879
-0.0007189814 0.0007058638
-0.0007173814 0
-0.0007157814 0.0002352879
-0.0007141814 0.00117644
-0.0007125814 0.00117644
-0.0007109814 0.0004705758
-0.0007093814 0.0009411517
-0.0007077814 0.0002352879
-0.0007061814 0.0009411517
-0.0007045814 0.0004705758
-0.0007029814 0.0004705758
-0.0007013814 0.0004705758
-0.0006997814 0.0009411517
-0.0006981814 0.0004705758
-0.0006965814 0.001411728
-0.0006949814 0.0004705758
-0.0006933814 0.0009411517
-0.0006917814 0.00117644
-0.0006901814 0.0004705758
-0.0006885814 0.0002352879
-0.0006869814 0.0009411517
-0.0006853814 0.0002352879
-0.0006837814 0.0004705758
-0.0006821814 0.0007058638
-0.0006805814 0.0007058638
-0.0006789814 0.0009411517
-0.0006773814 0.0009411517
-0.0006757814 0.0009411517
-0.0006741814 0.0009411517
-0.0006725814 0.0009411517
-0.0006709814 0
-0.0006693814 0.00117644
-0.0006677814 0.0009411517
-0.0006661814 0.0007058638
-0.0006645814 0.001411728
-0.0006629814 0.0009411517
-0.0006613814 0.0007058638
-0.0006597814 0.0002352879
-0.0006581814 0.00117644
-0.0006565814 0.0004705758
-0.0006549814 0.0009411517
-0.0006533814 0.0007058638
-0.0006517814 0.0007058638
-0.0006501814 0.0009411517
-0.0006485814 0.0004705758
-0.0006469814 0.0004705758
-0.0006453814 0.0007058638
-0.0006437814 0
-0.0006421814 0.0007058638
-0.0006405814 0.0004705758
-0.0006389814 0.0007058638
-0.0006373814 0.0009411517
-0.0006357814 0
-0.0006341814 0.0002352879
-0.0006325814 0
-0.0006309814 0.0004705758
-0.0006293814 0.0007058638
-0.0006277814 -0.0002352879
-0.0006261814 0.0009411517
-0.0006245814 0.0004705758
-0.0006229814 0.0007058638
-0.0006213814 0.0002352879
-0.0006197814 0.0009411517
-0.0006181814 0.0007058638
-0.0006165814 0.0002352879
-0.0006149814 0.0002352879
-0.0006133814 0
-0.0006117814 0.0007058638
-0.0006101814 0.0004705758
-0.0006085814 0.0004705758
-0.0006069814 0.0009411517
-0.0006053814 0.0002352879
-0.0006037814 0.001411728
-0.0006021814 0.0004705758
-0.0006005814 0.001411728
-0.0005989814 0.0009411517
-0.0005973814 0.0007058638
-0.0005957814 0.001647015
-0.0005941814 0.0007058638
-0.0005925814 0.00117644
-0.0005909814 0.00117644
-0.0005893814 0.0009411517
-0.0005877814 0.00117644
-0.0005861814 0.0007058638
-0.0005845814 0.001411728
-0.0005829814 0.0009411517
-0.0005813814 0.00117644
-0.0005797814 0.00117644
-0.0005781814 0.00117644
-0.0005765814 0.001411728
-0.0005749814 0.0002352879
-0.0005733814 0.0002352879
-0.0005717814 0.001411728
-0.0005701814 0.0004705758
-0.0005685814 0.0004705758
-0.0005669814 -0.0002352879
-0.0005653814 0.00117644
-0.0005637814 0.0007058638
-0.0005621814 0.0002352879
-0.0005605814 0.0007058638
-0.0005589814 0.0002352879
-0.0005573814 0.0004705758
-0.0005557814 0.0009411517
-0.0005541814 0.0009411517
-0.0005525814 0.001647015
-0.0005509814 0.0007058638
-0.0005493814 0.0009411517
-0.0005477814 0
-0.0005461814 0.0009411517
-0.0005445814 0.0004705758
-0.0005429814 0.0009411517
-0.0005413814 -0.0002352879
-0.0005397814 0.0009411517
-0.0005381814 0
-0.0005365814 0.0009411517
-0.0005349814 0.0007058638
-0.0005333814 0.0004705758
-0.0005317814 0.0002352879
-0.0005301814 0.0007058638
-0.0005285814 0.0004705758
-0.0005269814 -0.0002352879
-0.0005253814 0.0002352879
-0.0005237814 0.0009411517
-0.0005221814 0.0004705758
-0.0005205814 0.0009411517
-0.0005189814 0
-0.0005173814 0.0009411517
-0.0005157814 0.0004705758
-0.0005141814 0.0004705758
-0.0005125814 0
-0.0005109814 0.0004705758
-0.0005093814 0
-0.0005077814 0.0002352879
-0.0005061814 0
-0.0005045814 0.0002352879
-0.0005029814 0.0004705758
-0.0005013814 0.00117644
-0.0004997814 0.0002352879
-0.0004981814 0.0009411517
-0.0004965814 0.0002352879
-0.0004949814 0.0007058638
-0.0004933814 0.0007058638
-0.0004917814 0.0007058638
-0.0004901814 0.0009411517
-0.0004885814 0.0002352879
-0.0004869814 0.00117644
-0.0004853814 0.0004705758
-0.0004837814 0
-0.0004821814 0.00117644
-0.0004805814 0.0002352879
-0.0004789814 0.0007058638
-0.0004773814 0.0004705758
-0.0004757814 0.0007058638
-0.0004741814 0.0004705758
-0.0004725814 0.0004705758
-0.0004709814 0.0007058638
-0.0004693814 0.00117644
-0.0004677814 0.0007058638
-0.0004661814 0.0004705758
-0.0004645814 0
-0.0004629814 0.001411728
-0.0004613814 -0.0002352879
-0.0004597814 0.0009411517
-0.0004581814 0.0007058638
-0.0004565814 0.001411728
-0.0004549814 0.0007058638
-0.0004533814 0.0004705758
-0.0004517814 0.0002352879
-0.0004501814 0.0004705758
-0.0004485814 0.0004705758
-0.0004469814 0.00117644
-0.0004453814 0.0002352879
-0.0004437814 0.00117644
-0.0004421814 0.0007058638
-0.0004405814 0.0009411517
-0.0004389814 0.0004705758
-0.0004373814 0.0004705758
-0.0004357814 0.0009411517
-0.0004341814 0.00117644
-0.0004325814 0.00117644
-0.0004309814 0.0004705758
-0.0004293814 0.0004705758
-0.0004277814 0.00117644
-0.0004261814 0.0002352879
-0.0004245814 0.0009411517
-0.0004229814 0.0002352879
-0.0004213814 0.001411728
-0.0004197814 0.0007058638
-0.0004181814 0.0009411517
-0.0004165814 0.00117644
-0.0004149814 0
-0.0004133814 0.00117644
-0.0004117814 0
-0.0004101814 0.0007058638
-0.0004085814 0.0004705758
-0.0004069814 0.0009411517
-0.0004053814 0.00117644
-0.0004037814 0.0004705758
-0.0004021814 0.00117644
-0.0004005814 0.0004705758
-0.0003989814 -0.0004705758
-0.0003973814 0.0007058638
-0.0003957814 0.0007058638
-0.0003941814 0.0004705758
-0.0003925814 0.0002352879
-0.0003909814 0.0007058638
-0.0003893814 0.0004705758
-0.0003877814 0.0004705758
-0.0003861814 0.0004705758
-0.0003845814 0.0002352879
-0.0003829814 0.0009411517
-0.0003813814 0.0009411517
-0.0003797814 0.0009411517
-0.0003781814 0.0009411517
-0.0003765814 0.0007058638
-0.0003749814 0.00117644
-0.0003733814 0.0004705758
-0.0003717814 0.0004705758
-0.0003701814 0.0004705758
-0.0003685814 0
-0.0003669814 0.00117644
-0.0003653814 0.0007058638
-0.0003637814 0.00117644
-0.0003621814 0.0002352879
-0.0003605814 0.0009411517
-0.0003589814 0.0004705758
-0.0003573814 0.0004705758
-0.0003557814 0.00117644
-0.0003541814 0.00117644
-0.0003525814 0.0002352879
-0.0003509814 0.0004705758
-0.0003493814 0.0004705758
-0.0003477814 0.0002352879
-0.0003461814 0.0004705758
-0.0003445814 0.0004705758
-0.0003429814 0.0002352879
-0.0003413814 0.0004705758
-0.0003397814 0
-0.0003381814 0.0009411517
-0.0003365814 0.0009411517
-0.0003349814 0.0002352879
-0.0003333814 0.0004705758
-0.0003317814 0.0004705758
-0.0003301814 0.0002352879
-0.0003285814 0.0007058638
-0.0003269814 0.0007058638
-0.0003253814 0.001647015
-0.0003237814 0.0004705758
-0.0003221814 0.0007058638
-0.0003205814 -0.0002352879
-0.0003189814 0.0004705758
-0.0003173814 0.0002352879
-0.0003157814 0.001411728
-0.0003141814 0.00117644
-0.0003125814 0.0007058638
-0.0003109814 0.0002352879
-0.0003093814 0.0009411517
-0.0003077814 0.0002352879
-0.0003061814 0
-0.0003045814 0.0009411517
-0.0003029814 0.0004705758
-0.0003013814 0.0009411517
-0.0002997814 0.00117644
-0.0002981814 0
-0.0002965814 0.0007058638
-0.0002949814 0
-0.0002933814 0.0004705758
-0.0002917814 0.0009411517
-0.0002901814 0.0009411517
-0.0002885814 0.00117644
-0.0002869814 0.0009411517
-0.0002853814 0.0004705758
-0.0002837814 0.00117644
-0.0002821814 0.0002352879
-0.0002805814 0.0007058638
-0.0002789814 0.0002352879
-0.0002773814 0.0007058638
-0.0002757814 0.0004705758
-0.0002741814 0.0004705758
-0.0002725814 0.0009411517
-0.0002709814 0.00117644
-0.0002693814 0.0004705758
-0.0002677814 0.0009411517
-0.0002661814 0.00117644
-0.0002645814 0.0009411517
-0.0002629814 0.0002352879
-0.0002613814 0.0009411517
-0.0002597814 0.0002352879
-0.0002581814 0.0007058638
-0.0002565814 0
-0.0002549814 0.0009411517
-0.0002533814 0.0004705758
-0.0002517814 0.0004705758
-0.0002501814 0.0004705758
-0.0002485814 0.0009411517
-0.0002469814 0.0007058638
-0.0002453814 0.0009411517
-0.0002437814 0.00117644
-0.0002421814 0.0009411517
-0.0002405814 0.0009411517
-0.0002389814 0.00117644
-0.0002373814 0.00117644
-0.0002357814 0.0007058638
-0.0002341814 0.0007058638
-0.0002325814 0.0004705758
-0.0002309814 0.0007058638
-0.0002293814 0.0002352879
-0.0002277814 0.0009411517
-0.0002261814 0.0004705758
-0.0002245814 -0.0002352879
-0.0002229814 0.0004705758
-0.0002213814 0.0009411517
-0.0002197814 0.0007058638
-0.0002181814 0
-0.0002165814 0.0009411517
-0.0002149814 0.0007058638
-0.0002133814 0.001411728
-0.0002117814 0.0007058638
-0.0002101814 0.0007058638
-0.0002085814 -0.0002352879
-0.0002069814 0.0007058638
-0.0002053814 0.0002352879
-0.0002037814 0.0007058638
-0.0002021814 0.0009411517
-0.0002005814 0.0007058638
-0.0001989814 0.0002352879
-0.0001973814 0.0007058638
-0.0001957814 0.0004705758
-0.0001941814 0.001882303
-0.0001925814 0.0007058638
-0.0001909814 0.0007058638
-0.0001893814 0.0004705758
-0.0001877814 0.0002352879
-0.0001861814 0.0009411517
-0.0001845814 0
-0.0001829814 0.0004705758
-0.0001813814 0.0009411517
-0.0001797814 0.0007058638
-0.0001781814 0.0004705758
-0.0001765814 0.00117644
-0.0001749814 0.00117644
-0.0001733814 0.0004705758
-0.0001717814 0.0007058638
-0.0001701814 0.0004705758
-0.0001685814 0.0007058638
-0.0001669814 0.0002352879
-0.0001653814 0.0007058638
-0.0001637814 0
-0.0001621814 0.001411728
-0.0001605814 0.0007058638
-0.0001589814 0.0009411517
-0.0001573814 0.0004705758
-0.0001557814 -0.0002352879
-0.0001541814 0.0002352879
-0.0001525814 0.0007058638
-0.0001509814 0.00117644
-0.0001493814 0.0009411517
-0.0001477814 0.0007058638
-0.0001461814 0.0009411517
-0.0001445814 0.0002352879
-0.0001429814 0.0007058638
-0.0001413814 0.0007058638
-0.0001397814 0.0002352879
-0.0001381814 0.0007058638
-0.0001365814 0.0007058638
-0.0001349814 0
-0.0001333814 0.0002352879
-0.0001317814 0.0009411517
-0.0001301814 0.0004705758
-0.0001285814 0.0009411517
-0.0001269814 -0.0002352879
-0.0001253814 0.0004705758
-0.0001237814 0.0007058638
-0.0001221814 0.0009411517
-0.0001205814 0.00117644
-0.0001189814 0.001411728
-0.0001173814 0.00117644
-0.0001157814 0.0004705758
-0.0001141814 0.001411728
-0.0001125814 0.0007058638
-0.0001109814 0.001647015
-0.0001093814 0.0002352879
-0.0001077814 0.0004705758
-0.0001061814 0.0004705758
-0.0001045814 0.00117644
-0.0001029814 0.0007058638
-0.0001013814 0.0007058638
-9.97814e-005 0.0004705758
-9.81814e-005 0.0007058638
-9.65814e-005 0.0004705758
-9.49814e-005 0.0007058638
-9.33814e-005 0.0004705758
-9.17814e-005 0.0007058638
-9.01814e-005 0.0004705758
-8.85814e-005 0.0007058638
-8.69814e-005 0.0004705758
-8.53814e-005 0.0007058638
-8.37814e-005 0.0004705758
-8.21814e-005 0.0009411517
-8.05814e-005 0.0002352879
-7.89814e-005 0.0009411517
-7.73814e-005 0.0009411517
-7.57814e-005 0.0004705758
-7.41814e-005 0.0007058638
-7.25814e-005 0.0007058638
-7.09814e-005 0.0004705758
-6.93814e-005 0.0009411517
-6.77814e-005 0
-6.61814e-005 0.0007058638
-6.45814e-005 0.0004705758
-6.29814e-005 0.0009411517
-6.13814e-005 0.0004705758
-5.97814e-005 0.0009411517
-5.81814e-005 0.0002352879
-5.65814e-005 0
-5.49814e-005 0.0002352879
-5.33814e-005 0.0009411517
-5.17814e-005 0.0007058638
-5.01814e-005 0.0007058638
-4.85814e-005 0.0007058638
-4.69814e-005 0.001647015
-4.53814e-005 0.00117644
-4.37814e-005 0.0004705758
-4.21814e-005 0.0004705758
-4.05814e-005 0.0007058638
-3.89814e-005 0
-3.73814e-005 -0.002823455
-3.57814e-005 -0.008940941
-3.41814e-005 -0.0136467
-3.25814e-005 -0.02070534
-3.09814e-005 -0.03129329
-2.93814e-005 -0.04705758
-2.77814e-005 -0.06846878
-2.61814e-005 -0.09435045
-2.45814e-005 -0.1232909
-2.29814e-005 -0.1564665
-2.13814e-005 -0.1929361
-1.97814e-005 -0.2256411
-1.81814e-005 -0.2531698
-1.65814e-005 -0.2755222
-1.49814e-005 -0.2938746
-1.33814e-005 -0.3082272
-1.17814e-005 -0.3129329
-1.01814e-005 -0.3070507
-8.5814e-006 -0.2886983
-6.9814e-006 -0.2559933
-5.3814e-006 -0.2068181
-3.7814e-006 -0.1437609
-2.1814e-006 -0.07505685
-5.814e-007 -0.01764659
1.0186e-006 0.01811717
2.6186e-006 0.03058743
4.2186e-006 0.02752869
5.8186e-006 0.01623487
7.4186e-006 0.003529319
9.0186e-006 -0.00682335
1.06186e-005 -0.009411517
1.22186e-005 -0.003058743
1.38186e-005 0.009882093
1.54186e-005 0.02399937
1.70186e-005 0.03646963
1.86186e-005 0.04141067
2.02186e-005 0.03811664
2.18186e-005 0.02705811
2.34186e-005 0.01035267
2.50186e-005 -0.008235077
2.66186e-005 -0.02164649
2.82186e-005 -0.02870513
2.98186e-005 -0.02964628
3.14186e-005 -0.0291757
3.30186e-005 -0.02517581
3.46186e-005 -0.01882303
3.62186e-005 -0.01058796
3.78186e-005 -0.003529319
3.94186e-005 0.0007058638
4.10186e-005 -0.0002352879
4.26186e-005 -0.005411622
4.42186e-005 -0.01482314
4.58186e-005 -0.02376408
4.74186e-005 -0.03294031
4.90186e-005 -0.04117539
5.06186e-005 -0.04964575
5.22186e-005 -0.05717496
5.38186e-005 -0.06564533
5.54186e-005 -0.07693915
5.70186e-005 -0.08611538
5.86186e-005 -0.08987998
6.02186e-005 -0.09011527
6.18186e-005 -0.08329192
6.34186e-005 -0.07129224
6.50186e-005 -0.05788083
6.66186e-005 -0.04517528
6.82186e-005 -0.03835193
6.98186e-005 -0.03882251
7.14186e-005 -0.04423413
7.30186e-005 -0.05388093
7.46186e-005 -0.06470418
7.62186e-005 -0.07458627
7.78186e-005 -0.08399779
7.94186e-005 -0.0934093
8.10186e-005 -0.1002327
8.26186e-005 -0.107056
8.42186e-005 -0.1131735
8.58186e-005 -0.1190557
8.74186e-005 -0.1221144
8.90186e-005 -0.1211733
9.06186e-005 -0.1167028
9.22186e-005 -0.1072913
9.38186e-005 -0.09576218
9.54186e-005 -0.08399779
9.70186e-005 -0.07411569
9.86186e-005 -0.06658648
0.0001002186 -0.06093957
0.0001018186 -0.05929256
0.0001034186 -0.0583514
0.0001050186 -0.05788083
0.0001066186 -0.05764554
0.0001082186 -0.05811612
0.0001098186 -0.05976313
0.0001114186 -0.06070428
0.0001130186 -0.0623513
0.0001146186 -0.06517475
0.0001162186 -0.06729234
0.0001178186 -0.0701158
0.0001194186 -0.07082166
0.0001210186 -0.07105695
0.0001226186 -0.07082166
0.0001242186 -0.06964522
0.0001258186 -0.06893936
0.0001274186 -0.06635119
0.0001290186 -0.06282187
0.0001306186 -0.0583514
0.0001322186 -0.05270449
0.0001338186 -0.04705758
0.0001354186 -0.04070481
0.0001370186 -0.03270502
0.0001386186 -0.02658753
0.0001402186 -0.02117591
0.0001418186 -0.01694073
0.0001434186 -0.01458785
0.0001450186 -0.015529
0.0001466186 -0.01717602
0.0001482186 -0.02094062
0.0001498186 -0.0254111
0.0001514186 -0.03129329
0.0001530186 -0.03764607
0.0001546186 -0.04305769
0.0001562186 -0.04729287
0.0001578186 -0.05011633
0.0001594186 -0.05176334
0.0001610186 -0.05152805
0.0001626186 -0.05199863
0.0001642186 -0.05270449
0.0001658186 -0.05411622
0.0001674186 -0.05741025
0.0001690186 -0.0623513
0.0001706186 -0.06682177
0.0001722186 -0.07293925
0.0001738186 -0.07905674
0.0001754186 -0.08540951
0.0001770186 -0.08940941
0.0001786186 -0.09176229
0.0001802186 -0.09176229
0.0001818186 -0.09246815
0.0001834186 -0.09058585
0.0001850186 -0.08752711
0.0001866186 -0.08140962
0.0001882186 -0.07552742
0.0001898186 -0.06799821
0.0001914186 -0.06258659
0.0001930186 -0.05764554
0.0001946186 -0.05341036
0.0001962186 -0.04964575
0.0001978186 -0.04752816
0.0001994186 -0.04541057
0.0002010186 -0.04446942
0.0002026186 -0.04588114
0.0002042186 -0.04776345
0.0002058186 -0.0487046
0.0002074186 -0.04846931
0.0002090186 -0.04541057
0.0002106186 -0.04399884
0.0002122186 -0.04399884
0.0002138186 -0.04611643
0.0002154186 -0.04799874
0.0002170186 -0.0505869
0.0002186186 -0.05105748
0.0002202186 -0.05082219
0.0002218186 -0.04846931
0.0002234186 -0.04588114
0.0002250186 -0.04117539
0.0002266186 -0.0350579
0.0002282186 -0.0272934
0.0002298186 -0.01858775
0.0002314186 -0.008235077
0.0002330186 0.0009411517
0.0002346186 0.008940941
0.0002362186 0.01670544
0.0002378186 0.02305822
0.0002394186 0.02705811
0.0002410186 0.02776397
0.0002426186 0.02423466
0.0002442186 0.01999947
0.0002458186 0.01505843
0.0002474186 0.01035267
0.0002490186 0.004941046
0.0002506186 -0.00117644
0.0002522186 -0.007529213
0.0002538186 -0.0136467
0.0002554186 -0.01764659
0.0002570186 -0.02094062
0.0002586186 -0.02164649
0.0002602186 -0.02023476
0.0002618186 -0.01835246
0.0002634186 -0.01529371
0.0002650186 -0.01341141
0.0002666186 -0.01129382
0.0002682186 -0.009176229
0.0002698186 -0.008235077
0.0002714186 -0.01058796
0.0002730186 -0.01199968
0.0002746186 -0.01529371
0.0002762186 -0.01623487
0.0002778186 -0.01788188
0.0002794186 -0.01694073
0.0002810186 -0.01717602
0.0002826186 -0.02047005
0.0002842186 -0.02564638
0.0002858186 -0.03176387
0.0002874186 -0.03976366
0.0002890186 -0.04964575
0.0002906186 -0.05741025
0.0002922186 -0.06635119
0.0002938186 -0.07458627
0.0002954186 -0.08046847
0.0002970186 -0.08470365
0.0002986186 -0.08635067
0.0003002186 -0.08493894
0.0003018186 -0.07882145
0.0003034186 -0.0719981
0.0003050186 -0.06188072
0.0003066186 -0.05129277
0.0003082186 -0.04070481
0.0003098186 -0.03129329
0.0003114186 -0.02352879
0.0003130186 -0.01670544
0.0003146186 -0.01270555
0.0003162186 -0.007999789
0.0003178186 -0.003999895
0.0003194186 -0.001882303
0.0003210186 -0.00117644
0.0003226186 -0.0009411517
0.0003242186 -0.001647015
0.0003258186 -0.001647015
0.0003274186 -0.001647015
0.0003290186 -0.0009411517
0.0003306186 0.001882303
0.0003322186 0.004941046
0.0003338186 0.009646805
0.0003354186 0.01388199
0.0003370186 0.01858775
0.0003386186 0.02164649
0.0003402186 0.02564638
0.0003418186 0.02870513
0.0003434186 0.03129329
0.0003450186 0.03035214
0.0003466186 0.02799926
0.0003482186 0.02494052
0.0003498186 0.01905832
0.0003514186 0.0136467
0.0003530186 0.007058638
0.0003546186 0.001411728
0.0003562186 -0.003294031
0.0003578186 -0.006352774
0.0003594186 -0.007764501
0.0003610186 -0.007764501
0.0003626186 -0.007529213
0.0003642186 -0.007293925
0.0003658186 -0.007293925
0.0003674186 -0.01011738
0.0003690186 -0.01247026
0.0003706186 -0.01717602
0.0003722186 -0.02023476
0.0003738186 -0.02282293
0.0003754186 -0.0254111
0.0003770186 -0.02658753
0.0003786186 -0.02752869
0.0003802186 -0.02588167
0.0003818186 -0.02564638
0.0003834186 -0.02399937
0.0003850186 -0.02211706
0.0003866186 -0.02188178
0.0003882186 -0.02188178
0.0003898186 -0.02235235
0.0003914186 -0.02376408
0.0003930186 -0.0254111
0.0003946186 -0.0291757
0.0003962186 -0.03341088
0.0003978186 -0.03764607
0.0003994186 -0.0409401
0.0004010186 -0.04329298
0.0004026186 -0.0447047
0.0004042186 -0.04376355
0.0004058186 -0.04141067
0.0004074186 -0.03646963
0.0004090186 -0.03082272
0.0004106186 -0.02352879
0.0004122186 -0.01576429
0.0004138186 -0.007999789
0.0004154186 -0.001411728
0.0004170186 0.00447047
0.0004186186 0.007999789
0.0004202186 0.01129382
0.0004218186 0.01294084
0.0004234186 0.01435256
0.0004250186 0.01576429
0.0004266186 0.01623487
0.0004282186 0.01576429
0.0004298186 0.01529371
0.0004314186 0.01411728
0.0004330186 0.01435256
0.0004346186 0.01599958
0.0004362186 0.01788188
0.0004378186 0.02117591
0.0004394186 0.02494052
0.0004410186 0.02988157
0.0004426186 0.03623434
0.0004442186 0.04235183
0.0004458186 0.04846931
0.0004474186 0.05364565
0.0004490186 0.05788083
0.0004506186 0.0583514
0.0004522186 0.05717496
0.0004538186 0.05482208
0.0004554186 0.05176334
0.0004570186 0.04823402
0.0004586186 0.04211654
0.0004602186 0.03576376
0.0004618186 0.02752869
0.0004634186 0.01858775
0.0004650186 0.01058796
0.0004666186 0.002352879
0.0004682186 -0.002823455
0.0004698186 -0.007058638
0.0004714186 -0.01011738
0.0004730186 -0.01223497
0.0004746186 -0.01223497
0.0004762186 -0.0117644
0.0004778186 -0.008705653
0.0004794186 -0.005411622
0.0004810186 -0.002352879
0.0004826186 -0.001882303
0.0004842186 -0.002588167
0.0004858186 -0.003529319
0.0004874186 -0.005882198
0.0004890186 -0.008235077
0.0004906186 -0.01152911
0.0004922186 -0.01270555
0.0004938186 -0.0136467
0.0004954186 -0.01505843
0.0004970186 -0.01411728
0.0004986186 -0.01270555
0.0005002186 -0.01058796
0.0005018186 -0.009411517
0.0005034186 -0.009411517
0.0005050186 -0.009176229
0.0005066186 -0.008940941
0.0005082186 -0.009411517
0.0005098186 -0.008705653
0.0005114186 -0.008705653
0.0005130186 -0.00682335
0.0005146186 -0.004235183
0.0005162186 -0.00117644
0.0005178186 0.003058743
0.0005194186 0.007999789
0.0005210186 0.01435256
0.0005226186 0.02047005
0.0005242186 0.02776397
0.0005258186 0.03529319
0.0005274186 0.04235183
0.0005290186 0.04846931
0.0005306186 0.05270449
0.0005322186 0.05482208
0.0005338186 0.05552795
0.0005354186 0.05482208
0.0005370186 0.05246921
0.0005386186 0.04917517
0.0005402186 0.0447047
0.0005418186 0.04117539
0.0005434186 0.0369402
0.0005450186 0.0331756
0.0005466186 0.02823455
0.0005482186 0.02517581
0.0005498186 0.02235235
0.0005514186 0.01905832
0.0005530186 0.01741131
0.0005546186 0.01529371
0.0005562186 0.01388199
0.0005578186 0.01270555
0.0005594186 0.01270555
0.0005610186 0.01341141
0.0005626186 0.01482314
0.0005642186 0.01905832
0.0005658186 0.02282293
0.0005674186 0.02611696
0.0005690186 0.02941099
0.0005706186 0.03082272
0.0005722186 0.0331756
0.0005738186 0.03435204
0.0005754186 0.03364617
0.0005770186 0.03223444
0.0005786186 0.02988157
0.0005802186 0.02635225
0.0005818186 0.02282293
0.0005834186 0.01905832
0.0005850186 0.01529371
0.0005866186 0.01317612
0.0005882186 0.01105853
0.0005898186 0.009176229
0.0005914186 0.007293925
0.0005930186 0.005882198
0.0005946186 0.00447047
0.0005962186 0.005411622
0.0005978186 0.005882198
0.0005994186 0.008705653
0.0006010186 0.01435256
0.0006026186 0.02164649
0.0006042186 0.02894041
0.0006058186 0.03717549
0.0006074186 0.04305769
0.0006090186 0.04917517
0.0006106186 0.05435151
0.0006122186 0.05788083
0.0006138186 0.06164543
0.0006154186 0.06470418
0.0006170186 0.0661159
0.0006186186 0.06729234
0.0006202186 0.06705706
0.0006218186 0.06658648
0.0006234186 0.06470418
0.0006250186 0.06352774
0.0006266186 0.06141015
0.0006282186 0.06093957
0.0006298186 0.05976313
0.0006314186 0.05952784
0.0006330186 0.0583514
0.0006346186 0.05764554
0.0006362186 0.05623381
0.0006378186 0.05505737
0.0006394186 0.05317507
0.0006410186 0.05129277
0.0006426186 0.04893989
0.0006442186 0.04752816
0.0006458186 0.04588114
0.0006474186 0.04564586
0.0006490186 0.04541057
0.0006506186 0.04917517
0.0006522186 0.05246921
0.0006538186 0.05788083
0.0006554186 0.06329245
0.0006570186 0.0682335
0.0006586186 0.0719981
0.0006602186 0.07435098
0.0006618186 0.07505685
0.0006634186 0.07482156
0.0006650186 0.07411569
0.0006666186 0.07246868
0.0006682186 0.07058638
0.0006698186 0.06917465
0.0006714186 0.06705706
0.0006730186 0.06493947
0.0006746186 0.06258659
0.0006762186 0.06093957
0.0006778186 0.0583514
0.0006794186 0.05599852
0.0006810186 0.05411622
0.0006826186 0.05152805
0.0006842186 0.04964575
0.0006858186 0.04799874
0.0006874186 0.04635172
0.0006890186 0.04588114
0.0006906186 0.04446942
0.0006922186 0.04446942
0.0006938186 0.04329298
0.0006954186 0.04376355
0.0006970186 0.04423413
0.0006986186 0.04446942
0.0007002186 0.04752816
0.0007018186 0.04964575
0.0007034186 0.05246921
0.0007050186 0.05717496
0.0007066186 0.06093957
0.0007082186 0.06493947
0.0007098186 0.0682335
0.0007114186 0.07152753
0.0007130186 0.07317454
0.0007146186 0.07482156
0.0007162186 0.07529213
0.0007178186 0.07552742
0.0007194186 0.07482156
0.0007210186 0.07435098
0.0007226186 0.07364512
0.0007242186 0.07411569
0.0007258186 0.07340983
0.0007274186 0.07388041
0.0007290186 0.07223339
0.0007306186 0.07058638
0.0007322186 0.06917465
0.0007338186 0.06799821
0.0007354186 0.0661159
0.0007370186 0.06564533
0.0007386186 0.06399831
0.0007402186 0.06376303
0.0007418186 0.06376303
0.0007434186 0.06376303
0.0007450186 0.06329245
0.0007466186 0.06211601
0.0007482186 0.06211601
0.0007498186 0.06258659
0.0007514186 0.06352774
0.0007530186 0.06541004
0.0007546186 0.06705706
0.0007562186 0.06940994
0.0007578186 0.07058638
0.0007594186 0.07246868
0.0007610186 0.07411569
0.0007626186 0.07623329
0.0007642186 0.07858616
0.0007658186 0.08117433
0.0007674186 0.08282135
0.0007690186 0.0856448
0.0007706186 0.08682124
0.0007722186 0.08799768
0.0007738186 0.08940941
0.0007754186 0.09011527
0.0007770186 0.08870354
0.0007786186 0.08635067
0.0007802186 0.0856448
0.0007818186 0.08282135
0.0007834186 0.07905674
0.0007850186 0.07435098
0.0007866186 0.07058638
0.0007882186 0.06658648
0.0007898186 0.06188072
0.0007914186 0.05999842
0.0007930186 0.05858669
0.0007946186 0.05741025
0.0007962186 0.05764554
0.0007978186 0.05952784
0.0007994186 0.06188072
0.0008010186 0.06635119
0.0008026186 0.07082166
0.0008042186 0.07482156
0.0008058186 0.07882145
0.0008074186 0.08093904
0.0008090186 0.08258606
0.0008106186 0.08399779
0.0008122186 0.08423307
0.0008138186 0.08305663
0.0008154186 0.08093904
0.0008170186 0.08023318
0.0008186186 0.07858616
0.0008202186 0.07693915
0.0008218186 0.07552742
0.0008234186 0.07435098
0.0008250186 0.07293925
0.0008266186 0.07293925
0.0008282186 0.07129224
0.0008298186 0.07152753
0.0008314186 0.0701158
0.0008330186 0.06964522
0.0008346186 0.06846878
0.0008362186 0.06799821
0.0008378186 0.06729234
0.0008394186 0.06658648
0.0008410186 0.06493947
0.0008426186 0.0642336
0.0008442186 0.06258659
0.0008458186 0.0623513
0.0008474186 0.06188072
0.0008490186 0.06282187
0.0008506186 0.06399831
0.0008522186 0.06682177
0.0008538186 0.06917465
0.0008554186 0.07152753
0.0008570186 0.07388041
0.0008586186 0.07646857
0.0008602186 0.07882145
0.0008618186 0.08093904
0.0008634186 0.08211548
0.0008650186 0.08329192
0.0008666186 0.08305663
0.0008682186 0.0837625
0.0008698186 0.0818802
0.0008714186 0.08117433
0.0008730186 0.0797626
0.0008746186 0.0778803
0.0008762186 0.07529213
0.0008778186 0.07317454
0.0008794186 0.06893936
0.0008810186 0.0661159
0.0008826186 0.0623513
0.0008842186 0.05858669
0.0008858186 0.05341036
0.0008874186 0.05082219
0.0008890186 0.04776345
0.0008906186 0.04564586
0.0008922186 0.04446942
0.0008938186 0.04446942
0.0008954186 0.04517528
0.0008970186 0.04611643
0.0008986186 0.04752816
0.0009002186 0.04846931
0.0009018186 0.05082219
0.0009034186 0.05293978
0.0009050186 0.05411622
0.0009066186 0.05599852
0.0009082186 0.05670439
0.0009098186 0.05811612
0.0009114186 0.0583514
0.0009130186 0.05882198
0.0009146186 0.05882198
0.0009162186 0.05976313
0.0009178186 0.05999842
0.0009194186 0.06093957
0.0009210186 0.06070428
0.0009226186 0.06282187
0.0009242186 0.06329245
0.0009258186 0.06399831
0.0009274186 0.0642336
0.0009290186 0.06541004
0.0009306186 0.0642336
0.0009322186 0.06376303
0.0009338186 0.06352774
0.0009354186 0.06188072
0.0009370186 0.06117486
0.0009386186 0.05999842
0.0009402186 0.05952784
0.0009418186 0.05952784
0.0009434186 0.05811612
0.0009450186 0.05811612
0.0009466186 0.05670439
0.0009482186 0.05717496
0.0009498186 0.05670439
0.0009514186 0.05552795
0.0009530186 0.0545868
0.0009546186 0.05341036
0.0009562186 0.05246921
0.0009578186 0.05270449
0.0009594186 0.05129277
0.0009610186 0.05176334
0.0009626186 0.05293978
0.0009642186 0.05411622
0.0009658186 0.05529266
0.0009674186 0.05693968
0.0009690186 0.05741025
0.0009706186 0.05952784
0.0009722186 0.05929256
0.0009738186 0.06070428
0.0009754186 0.05952784
0.0009770186 0.05882198
0.0009786186 0.05670439
0.0009802186 0.0545868
0.0009818186 0.05223392
0.0009834186 0.05035161
0.0009850186 0.04941046
0.0009866186 0.04846931
0.0009882186 0.04752816
0.0009898186 0.0468223
0.0009914186 0.04541057
0.0009930186 0.04446942
0.0009946186 0.04376355
0.0009962186 0.0428224
0.0009978186 0.04141067
0.0009994186 0.0409401
0.001001019 0.03976366
0.001002619 0.03905779
0.001004219 0.03882251
0.001005819 0.03764607
0.001007419 0.03764607
0.001009019 0.03835193
0.001010619 0.03999895
0.001012219 0.04188125
0.001013819 0.04376355
0.001015419 0.04588114
0.001017019 0.04752816
0.001018619 0.04917517
0.001020219 0.05105748
0.001021819 0.05152805
0.001023419 0.05246921
0.001025019 0.05176334
0.001026619 0.05105748
0.001028219 0.0505869
0.001029819 0.05011633
0.001031419 0.05011633
0.001033019 0.05082219
0.001034619 0.05152805
0.001036219 0.05270449
0.001037819 0.05411622
0.001039419 0.0545868
0.001041019 0.0545868
0.001042619 0.05388093
0.001044219 0.05293978
0.001045819 0.05011633
0.001047419 0.04752816
0.001049019 0.04329298
0.001050619 0.04046952
0.001052219 0.0369402
0.001053819 0.03364617
0.001055419 0.03058743
0.001057019 0.02799926
0.001058619 0.02588167
0.001060219 0.02376408
0.001061819 0.0214112
0.001063419 0.0195289
0.001065019 0.01788188
0.001066619 0.01482314
0.001068219 0.01223497
0.001069819 0.01011738
0.001071419 0.007999789
0.001073019 0.006117486
0.001074619 0.004941046
0.001076219 0.003529319
0.001077819 0.001647015
0.001079419 0.001882303
0.001081019 0.002588167
0.001082619 0.003058743
0.001084219 0.004941046
0.001085819 0.007293925
0.001087419 0.009882093
0.001089019 0.01247026
0.001090619 0.01529371
0.001092219 0.01694073
0.001093819 0.01929361
0.001095419 0.0214112
0.001097019 0.0232935
0.001098619 0.02423466
0.001100219 0.02588167
0.001101819 0.02752869
0.001103419 0.02682282
0.001105019 0.02682282
0.001106619 0.02682282
0.001108219 0.02611696
0.001109819 0.02494052
0.001111419 0.02423466
0.001113019 0.02446994
0.001114619 0.02517581
0.001116219 0.02517581
0.001117819 0.02588167
0.001119419 0.02635225
0.001121019 0.02682282
0.001122619 0.0272934
0.001124219 0.02776397
0.001125819 0.02776397
0.001127419 0.0272934
0.001129019 0.02658753
0.001130619 0.0254111
0.001132219 0.02352879
0.001133819 0.02188178
0.001135419 0.01976419
0.001137019 0.01811717
0.001138619 0.01647015
0.001140219 0.01458785
0.001141819 0.01388199
0.001143419 0.01317612
0.001145019 0.01247026
0.001146619 0.01270555
0.001148219 0.01270555
0.001149819 0.01411728
0.001151419 0.01482314
0.001153019 0.01623487
0.001154619 0.01858775
0.001156219 0.01999947
0.001157819 0.02235235
0.001159419 0.02423466
0.001161019 0.02494052
0.001162619 0.02588167
0.001164219 0.0254111
0.001165819 0.02517581
0.001167419 0.02376408
0.001169019 0.0232935
0.001170619 0.02164649
0.001172219 0.0214112
0.001173819 0.01929361
0.001175419 0.01905832
0.001177019 0.01741131
0.001178619 0.01788188
0.001180219 0.01788188
0.001181819 0.01905832
0.001183419 0.02023476
0.001185019 0.02188178
0.001186619 0.02164649
0.001188219 0.02305822
0.001189819 0.02211706
0.001191419 0.02235235
0.001193019 0.02117591
0.001194619 0.02023476
0.001196219 0.01858775
0.001197819 0.01741131
0.001199419 0.01717602
0.001201019 0.01694073
0.001202619 0.01717602
0.001204219 0.01835246
0.001205819 0.01788188
0.001207419 0.01976419
0.001209019 0.0195289
0.001210619 0.02117591
0.001212219 0.0232935
0.001213819 0.02517581
0.001215419 0.02776397
0.001217019 0.03035214
0.001218619 0.03341088
0.001220219 0.03529319
0.001221819 0.0369402
0.001223419 0.03835193
0.001225019 0.03905779
0.001226619 0.03999895
0.001228219 0.03976366
0.001229819 0.03929308
0.001231419 0.03811664
0.001233019 0.03670492
0.001234619 0.03458732
0.001236219 0.03176387
0.001237819 0.02870513
0.001239419 0.02564638
0.001241019 0.02282293
0.001242619 0.01976419
0.001244219 0.01811717
0.001245819 0.01599958
0.001247419 0.01388199
0.001249019 0.01270555
0.001250619 0.01105853
0.001252219 0.01082324
0.001253819 0.008940941
0.001255419 0.008940941
0.001257019 0.007529213
0.001258619 0.006117486
0.001260219 0.004705758
0.001261819 0.003529319
0.001263419 0.002352879
0.001265019 0.001647015
0.001266619 0.00117644
0.001268219 0.0009411517
0.001269819 0.001411728
0.001271419 0.001647015
0.001273019 0.002588167
0.001274619 0.003764607
0.001276219 0.004235183
0.001277819 0.005882198
0.001279419 0.00682335
0.001281019 0.007293925
0.001282619 0.007764501
0.001284219 0.007293925
0.001285819 0.006588062
0.001287419 0.00564691
0.001289019 0.004941046
0.001290619 0.004941046
0.001292219 0.003999895
0.001293819 0.004235183
0.001295419 0.004705758
0.001297019 0.005411622
0.001298619 0.006588062
0.001300219 0.007999789
0.001301819 0.009646805
0.001303419 0.01035267
0.001305019 0.01129382
0.001306619 0.0117644
0.001308219 0.01199968
0.001309819 0.01223497
0.001311419 0.01105853
0.001313019 0.009882093
0.001314619 0.008705653
0.001316219 0.007764501
0.001317819 0.006588062
0.001319419 0.00682335
0.001321019 0.006117486
0.001322619 0.00564691
0.001324219 0.004941046
0.001325819 0.00447047
0.001327419 0.001882303
0.001329019 -0.0002352879
0.001330619 -0.001882303
0.001332219 -0.004941046
0.001333819 -0.006352774
0.001335419 -0.007293925
0.001337019 -0.009176229
0.001338619 -0.009411517
0.001340219 -0.01058796
0.001341819 -0.009882093
0.001343419 -0.008940941
0.001345019 -0.008470365
0.001346619 -0.007999789
0.001348219 -0.007058638
0.001349819 -0.005882198
0.001351419 -0.005176334
0.001353019 -0.00447047
0.001354619 -0.004235183
0.001356219 -0.003999895
0.001357819 -0.003764607
0.001359419 -0.004705758
0.001361019 -0.005176334
0.001362619 -0.005176334
0.001364219 -0.005411622
0.001365819 -0.006117486
0.001367419 -0.007058638
0.001369019 -0.008705653
0.001370619 -0.01011738
0.001372219 -0.01341141
0.001373819 -0.01576429
0.001375419 -0.01788188
0.001377019 -0.01999947
0.001378619 -0.02258764
0.001380219 -0.02399937
0.001381819 -0.02564638
0.001383419 -0.02564638
0.001385019 -0.02611696
0.001386619 -0.02611696
0.001388219 -0.02564638
0.001389819 -0.0254111
0.001391419 -0.02470523
0.001393019 -0.02423466
0.001394619 -0.02258764
0.001396219 -0.0214112
0.001397819 -0.02211706
0.001399419 -0.0214112
0.001401019 -0.02188178
0.001402619 -0.02188178
0.001404219 -0.02305822
0.001405819 -0.02305822
0.001407419 -0.02376408
0.001409019 -0.02423466
0.001410619 -0.02517581
0.001412219 -0.0254111
0.001413819 -0.02635225
0.001415419 -0.02682282
0.001417019 -0.0272934
0.001418619 -0.0272934
0.001420219 -0.02799926
0.001421819 -0.02823455
0.001423419 -0.02870513
0.001425019 -0.0291757
0.001426619 -0.03105801
0.001428219 -0.03082272
0.001429819 -0.03223444
0.001431419 -0.03246973
0.001433019 -0.03388146
0.001434619 -0.0350579
0.001436219 -0.03482261
0.001437819 -0.03576376
0.001439419 -0.03576376
0.001441019 -0.03576376
0.001442619 -0.03599905
0.001444219 -0.03552848
0.001445819 -0.03529319
0.001447419 -0.03529319
0.001449019 -0.03482261
0.001450619 -0.03411675
0.001452219 -0.0350579
0.001453819 -0.03482261
0.001455419 -0.0350579
0.001457019 -0.03482261
0.001458619 -0.03482261
0.001460219 -0.0350579
0.001461819 -0.03552848
0.001463419 -0.03552848
0.001465019 -0.03599905
0.001466619 -0.03741078
0.001468219 -0.03835193
0.001469819 -0.03999895
0.001471419 -0.0409401
0.001473019 -0.04188125
0.001474619 -0.04376355
0.001476219 -0.04423413
0.001477819 -0.04564586
0.001479419 -0.04752816
0.001481019 -0.0487046
0.001482619 -0.04988104
0.001484219 -0.05082219
0.001485819 -0.05129277
0.001487419 -0.05223392
0.001489019 -0.05317507
0.001490619 -0.05411622
0.001492219 -0.05482208
0.001493819 -0.0545868
0.001495419 -0.05435151
0.001497019 -0.05482208
0.001498619 -0.05388093
0.001500219 -0.05341036
0.001501819 -0.05152805
0.001503419 -0.04964575
0.001505019 -0.04752816
0.001506619 -0.0447047
0.001508219 -0.04258711
0.001509819 -0.0409401
0.001511419 -0.03858722
0.001513019 -0.03529319
0.001514619 -0.0331756
0.001516219 -0.03152858
0.001517819 -0.03011685
0.001519419 -0.02894041
0.001521019 -0.02870513
0.001522619 -0.02846984
0.001524219 -0.02846984
0.001525819 -0.02941099
0.001527419 -0.02964628
0.001529019 -0.03058743
0.001530619 -0.03152858
0.001532219 -0.03294031
0.001533819 -0.03482261
0.001535419 -0.03599905
0.001537019 -0.03764607
0.001538619 -0.03929308
0.001540219 -0.03976366
0.001541819 -0.0409401
0.001543419 -0.04117539
0.001545019 -0.04117539
0.001546619 -0.04046952
0.001548219 -0.04023423
0.001549819 -0.03929308
0.001551419 -0.03882251
0.001553019 -0.03646963
0.001554619 -0.03623434
0.001556219 -0.03435204
0.001557819 -0.03341088
0.001559419 -0.03364617
0.001561019 -0.03341088
0.001562619 -0.03341088
0.001564219 -0.03294031
0.001565819 -0.0331756
0.001567419 -0.03364617
0.001569019 -0.03411675
0.001570619 -0.03529319
0.001572219 -0.03670492
0.001573819 -0.03835193
0.001575419 -0.03811664
0.001577019 -0.03929308
0.001578619 -0.03999895
0.001580219 -0.0409401
0.001581819 -0.04141067
0.001583419 -0.04188125
0.001585019 -0.04211654
0.001586619 -0.04211654
0.001588219 -0.0428224
0.001589819 -0.04305769
0.001591419 -0.04258711
0.001593019 -0.04235183
0.001594619 -0.04235183
0.001596219 -0.04211654
0.001597819 -0.04211654
0.001599419 -0.04211654
0.001601019 -0.04164596
0.001602619 -0.04211654
0.001604219 -0.04141067
0.001605819 -0.0409401
0.001607419 -0.04046952
0.001609019 -0.04023423
0.001610619 -0.03882251
0.001612219 -0.03811664
0.001613819 -0.0369402
0.001615419 -0.03458732
0.001617019 -0.03364617
0.001618619 -0.03270502
0.001620219 -0.03152858
0.001621819 -0.03035214
0.001623419 -0.03082272
0.001625019 -0.03058743
0.001626619 -0.03058743
0.001628219 -0.03129329
0.001629819 -0.03152858
0.001631419 -0.03246973
0.001633019 -0.03341088
0.001634619 -0.03411675
0.001636219 -0.03552848
0.001637819 -0.03741078
0.001639419 -0.03835193
0.001641019 -0.03882251
0.001642619 -0.03976366
0.001644219 -0.04070481
0.001645819 -0.04141067
0.001647419 -0.04141067
0.001649019 -0.04211654
0.001650619 -0.04188125
0.001652219 -0.04258711
0.001653819 -0.04235183
0.001655419 -0.04329298
0.001657019 -0.04446942
0.001658619 -0.04446942
0.001660219 -0.04564586
0.001661819 -0.04493999
0.001663419 -0.04588114
0.001665019 -0.04564586
0.001666619 -0.04541057
0.001668219 -0.04423413
0.001669819 -0.04352826
0.001671419 -0.04211654
0.001673019 -0.04023423
0.001674619 -0.03882251
0.001676219 -0.03858722
0.001677819 -0.03646963
0.001679419 -0.03529319
0.001681019 -0.03294031
0.001682619 -0.03223444
0.001684219 -0.03058743
0.001685819 -0.02988157
0.001687419 -0.02846984
0.001689019 -0.02752869
0.001690619 -0.02682282
0.001692219 -0.02776397
0.001693819 -0.02799926
0.001695419 -0.02964628
0.001697019 -0.02988157
0.001698619 -0.03176387
0.001700219 -0.03223444
0.001701819 -0.0331756
0.001703419 -0.03388146
0.001705019 -0.03364617
0.001706619 -0.03294031
0.001708219 -0.03341088
0.001709819 -0.03176387
0.001711419 -0.03105801
0.001713019 -0.02941099
0.001714619 -0.02894041
0.001716219 -0.02799926
0.001717819 -0.02776397
0.001719419 -0.0272934
0.001721019 -0.02799926
0.001722619 -0.02870513
0.001724219 -0.02894041
0.001725819 -0.02964628
0.001727419 -0.03105801
0.001729019 -0.03152858
0.001730619 -0.03341088
0.001732219 -0.03482261
0.001733819 -0.03576376
0.001735419 -0.0369402
0.001737019 -0.03858722
0.001738619 -0.03882251
0.001740219 -0.04046952
0.001741819 -0.0409401
0.001743419 -0.04305769
0.001745019 -0.04329298
0.001746619 -0.04446942
0.001748219 -0.04541057
0.001749819 -0.04658701
0.001751419 -0.04705758
0.001753019 -0.04823402
0.001754619 -0.04941046
0.001756219 -0.05035161
0.001757819 -0.05129277
0.001759419 -0.05199863
0.001761019 -0.05364565
0.001762619 -0.05411622
0.001764219 -0.05529266
0.001765819 -0.05576324
0.001767419 -0.05552795
0.001769019 -0.05482208
0.001770619 -0.05388093
0.001772219 -0.05293978
0.001773819 -0.05176334
0.001775419 -0.05082219
0.001777019 -0.04941046
0.001778619 -0.04823402
0.001780219 -0.04776345
0.001781819 -0.04776345
0.001783419 -0.04776345
0.001785019 -0.04776345
0.001786619 -0.04893989
0.001788219 -0.0487046
0.001789819 -0.04964575
0.001791419 -0.04988104
0.001793019 -0.05152805
0.001794619 -0.05199863
0.001796219 -0.05246921
0.001797819 -0.05317507
0.001799419 -0.05317507
0.001801019 -0.05317507
0.001802619 -0.05270449
0.001804219 -0.05152805
0.001805819 -0.05035161
0.001807419 -0.04893989
0.001809019 -0.04776345
0.001810619 -0.04705758
0.001812219 -0.04564586
0.001813819 -0.04493999
0.001815419 -0.04352826
0.001817019 -0.04305769
0.001818619 -0.04352826
0.001820219 -0.04399884
0.001821819 -0.04423413
0.001823419 -0.04588114
0.001825019 -0.04729287
0.001826619 -0.04846931
0.001828219 -0.04988104
0.001829819 -0.05082219
0.001831419 -0.05199863
0.001833019 -0.05293978
0.001834619 -0.05341036
0.001836219 -0.05388093
0.001837819 -0.05482208
0.001839419 -0.05505737
0.001841019 -0.0545868
0.001842619 -0.05552795
0.001844219 -0.05482208
0.001845819 -0.0545868
0.001847419 -0.0545868
0.001849019 -0.05317507
0.001850619 -0.05341036
0.001852219 -0.05176334
0.001853819 -0.05152805
0.001855419 -0.05082219
0.001857019 -0.04917517
0.001858619 -0.04823402
0.001860219 -0.04635172
0.001861819 -0.04541057
0.001863419 -0.0447047
0.001865019 -0.04446942
0.001866619 -0.04376355
0.001868219 -0.04305769
0.001869819 -0.04211654
0.001871419 -0.04117539
0.001873019 -0.0409401
0.001874619 -0.04046952
0.001876219 -0.03905779
0.001877819 -0.03976366
0.001879419 -0.03764607
0.001881019 -0.03717549
0.001882619 -0.03576376
0.001884219 -0.03458732
0.001885819 -0.03411675
0.001887419 -0.03364617
0.001889019 -0.03246973
0.001890619 -0.03176387
0.001892219 -0.03082272
0.001893819 -0.03011685
0.001895419 -0.02894041
0.001897019 -0.0291757
0.001898619 -0.02823455
0.001900219 -0.02682282
0.001901819 -0.02635225
0.001903419 -0.02470523
0.001905019 -0.02399937
0.001906619 -0.02188178
0.001908219 -0.02047005
0.001909819 -0.01929361
0.001911419 -0.01835246
0.001913019 -0.01764659
0.001914619 -0.01623487
0.001916219 -0.01599958
0.001917819 -0.01529371
0.001919419 -0.01505843
0.001921019 -0.01482314
0.001922619 -0.015529
0.001924219 -0.01599958
0.001925819 -0.01670544
0.001927419 -0.01764659
0.001929019 -0.01788188
0.001930619 -0.01764659
0.001932219 -0.01741131
0.001933819 -0.01694073
0.001935419 -0.01647015
0.001937019 -0.01623487
0.001938619 -0.01623487
0.001940219 -0.01482314
0.001941819 -0.01458785
0.001943419 -0.01505843
0.001945019 -0.01435256
0.001946619 -0.01505843
0.001948219 -0.01482314
0.001949819 -0.01505843
0.001951419 -0.01529371
0.001953019 -0.01623487
0.001954619 -0.01694073
0.001956219 -0.01764659
0.001957819 -0.01905832
0.001959419 -0.01905832
0.001961019 -0.02047005
0.001962619 -0.02164649
0.001964219 -0.02282293
0.001965819 -0.02399937
0.001967419 -0.02564638
0.001969019 -0.02611696
0.001970619 -0.02752869
0.001972219 -0.0272934
0.001973819 -0.02658753
0.001975419 -0.02611696
0.001977019 -0.02423466
0.001978619 -0.02305822
0.001980219 -0.02070534
0.001981819 -0.01882303
0.001983419 -0.01670544
0.001985019 -0.01388199
0.001986619 -0.01152911
0.001988219 -0.008470365
0.001989819 -0.005411622
0.001991419 -0.002823455
0.001993019 0.0007058638
0.001994619 0.00447047
0.001996219 0.007999789
0.001997819 0.01129382
0.001999419 0.01341141
0.002001019 0.01811717
0.002002619 0.01929361
0.002004219 0.02117591
0.002005819 0.02188178
0.002007419 0.02305822
0.002009019 0.02282293
0.002010619 0.02376408
0.002012219 0.02305822
0.002013819 0.02352879
0.002015419 0.02352879
0.002017019 0.02399937
0.002018619 0.02352879
0.002020219 0.02376408
0.002021819 0.02494052
0.002023419 0.02352879
0.002025019 0.02446994
0.002026619 0.02282293
0.002028219 0.02258764
0.002029819 0.02188178
0.002031419 0.02117591
0.002033019 0.02047005
0.002034619 0.01858775
0.002036219 0.01811717
0.002037819 0.01694073
0.002039419 0.01623487
0.002041019 0.015529
0.002042619 0.01529371
0.002044219 0.01623487
0.002045819 0.01599958
0.002047419 0.01576429
0.002049019 0.01623487
0.002050619 0.01670544
0.002052219 0.01670544
0.002053819 0.01717602
0.002055419 0.01741131
0.002057019 0.01741131
0.002058619 0.01811717
0.002060219 0.01788188
0.002061819 0.01788188
0.002063419 0.01717602
0.002065019 0.01647015
0.002066619 0.01670544
0.002068219 0.01623487
0.002069819 0.01647015
0.002071419 0.01599958
0.002073019 0.01670544
0.002074619 0.01670544
0.002076219 0.01670544
0.002077819 0.01811717
0.002079419 0.01905832
0.002081019 0.02047005
0.002082619 0.02164649
0.002084219 0.02352879
0.002085819 0.02494052
0.002087419 0.02611696
0.002089019 0.02799926
0.002090619 0.02823455
0.002092219 0.02941099
0.002093819 0.02964628
0.002095419 0.0291757
0.002097019 0.03011685
0.002098619 0.02752869
0.002100219 0.0272934
0.002101819 0.02588167
0.002103419 0.02470523
0.002105019 0.02399937
0.002106619 0.02211706
0.002108219 0.02047005
0.002109819 0.02023476
0.002111419 0.01905832
0.002113019 0.01905832
0.002114619 0.01929361
0.002116219 0.01929361
0.002117819 0.01929361
0.002119419 0.02094062
0.002121019 0.02070534
0.002122619 0.02164649
0.002124219 0.02094062
0.002125819 0.02188178
0.002127419 0.02258764
0.002129019 0.02188178
0.002130619 0.02188178
0.002132219 0.02258764
0.002133819 0.02164649
0.002135419 0.02188178
0.002137019 0.02117591
0.002138619 0.02094062
0.002140219 0.01976419
0.002141819 0.01835246
0.002143419 0.01694073
0.002145019 0.01599958
0.002146619 0.01388199
0.002148219 0.0117644
0.002149819 0.009411517
0.002151419 0.008235077
0.002153019 0.006588062
0.002154619 0.004941046
0.002156219 0.003529319
0.002157819 0.002117591
0.002159419 0.0004705758
0.002161019 0.0002352879
0.002162619 -0.001647015
0.002164219 -0.003294031
0.002165819 -0.00447047
0.002167419 -0.005176334
0.002169019 -0.006588062
0.002170619 -0.007529213
0.002172219 -0.008470365
0.002173819 -0.007764501
0.002175419 -0.008470365
0.002177019 -0.007529213
0.002178619 -0.007293925
0.002180219 -0.005882198
0.002181819 -0.004705758
0.002183419 -0.003999895
0.002185019 -0.002588167
0.002186619 -0.0007058638
0.002188219 0.0009411517
0.002189819 0.002117591
0.002191419 0.003764607
0.002193019 0.004941046
0.002194619 0.006588062
0.002196219 0.008235077
0.002197819 0.009882093
0.002199419 0.01082324
0.002201019 0.01152911
0.002202619 0.01223497
0.002204219 0.01270555
0.002205819 0.01317612
0.002207419 0.01341141
0.002209019 0.0136467
0.002210619 0.01411728
0.002212219 0.01505843
0.002213819 0.01435256
0.002215419 0.01458785
0.002217019 0.01411728
0.002218619 0.0136467
0.002220219 0.01317612
0.002221819 0.01247026
0.002223419 0.01129382
0.002225019 0.01082324
0.002226619 0.008705653
0.002228219 0.007293925
0.002229819 0.006352774
0.002231419 0.004941046
0.002233019 0.003764607
0.002234619 0.003058743
0.002236219 0.002588167
0.002237819 0.002352879
0.002239419 0.001882303
0.002241019 0.002117591
0.002242619 0.002352879
0.002244219 0.001882303
0.002245819 0.002352879
0.002247419 0.001411728
0.002249019 0.0004705758
0.002250619 -0.0004705758
0.002252219 -0.001882303
0.002253819 -0.002823455
0.002255419 -0.00564691
0.002257019 -0.006588062
0.002258619 -0.008470365
0.002260219 -0.009882093
0.002261819 -0.01129382
0.002263419 -0.01223497
0.002265019 -0.01270555
0.002266619 -0.01388199
0.002268219 -0.0136467
0.002269819 -0.01505843
0.002271419 -0.01411728
0.002273019 -0.01317612
0.002274619 -0.01411728
0.002276219 -0.01294084
0.002277819 -0.01199968
0.002279419 -0.01105853
0.002281019 -0.01035267
0.002282619 -0.009882093
0.002284219 -0.007999789
0.002285819 -0.007529213
0.002287419 -0.005882198
0.002289019 -0.006352774
0.002290619 -0.004941046
0.002292219 -0.004235183
0.002293819 -0.003999895
0.002295419 -0.003529319
0.002297019 -0.002588167
0.002298619 -0.003058743
0.002300219 -0.002352879
0.002301819 -0.001882303
0.002303419 -0.001647015
0.002305019 -0.0009411517
0.002306619 -0.0002352879
0.002308219 -0.0007058638
0.002309819 -0.0002352879
0.002311419 -0.0009411517
0.002313019 -0.001647015
0.002314619 -0.001411728
0.002316219 -0.002117591
0.002317819 -0.002588167
0.002319419 -0.002823455
0.002321019 -0.002117591
0.002322619 -0.002588167
0.002324219 -0.003294031
0.002325819 -0.002588167
0.002327419 -0.003529319
0.002329019 -0.003764607
0.002330619 -0.004705758
0.002332219 -0.004705758
0.002333819 -0.00564691
0.002335419 -0.007058638
0.002337019 -0.007764501
0.002338619 -0.008705653
0.002340219 -0.01011738
0.002341819 -0.01058796
0.002343419 -0.01152911
0.002345019 -0.01270555
0.002346619 -0.01294084
0.002348219 -0.0136467
0.002349819 -0.01411728
0.002351419 -0.01411728
0.002353019 -0.01435256
0.002354619 -0.01482314
0.002356219 -0.01458785
0.002357819 -0.01505843
0.002359419 -0.01505843
0.002361019 -0.01505843
0.002362619 -0.01505843
0.002364219 -0.01505843
0.002365819 -0.01388199
0.002367419 -0.01341141
0.002369019 -0.01247026
0.002370619 -0.01199968
0.002372219 -0.01035267
0.002373819 -0.009646805
0.002375419 -0.008940941
0.002377019 -0.007058638
0.002378619 -0.00564691
0.002380219 -0.004941046
0.002381819 -0.002588167
0.002383419 -0.001647015
0.002385019 -0.0004705758
0.002386619 0.001647015
0.002388219 0.002117591
0.002389819 0.003999895
0.002391419 0.005176334
0.002393019 0.005882198
0.002394619 0.007058638
0.002396219 0.006588062
0.002397819 0.007999789
0.002399419 0.008235077
0.002401019 0.008470365
0.002402619 0.009176229
0.002404219 0.009411517
0.002405819 0.009646805
0.002407419 0.009411517
0.002409019 0.009882093
0.002410619 0.009882093
0.002412219 0.01011738
0.002413819 0.01011738
0.002415419 0.009176229
0.002417019 0.009882093
0.002418619 0.009411517
0.002420219 0.009882093
0.002421819 0.01035267
0.002423419 0.01011738
0.002425019 0.01082324
0.002426619 0.01082324
0.002428219 0.01129382
0.002429819 0.01129382
0.002431419 0.01152911
0.002433019 0.0117644
0.002434619 0.01152911
0.002436219 0.01105853
0.002437819 0.01035267
0.002439419 0.01035267
0.002441019 0.009646805
0.002442619 0.009646805
0.002444219 0.009646805
0.002445819 0.009176229
0.002447419 0.008705653
0.002449019 0.009882093
0.002450619 0.009411517
0.002452219 0.01035267
0.002453819 0.01082324
0.002455419 0.01129382
0.002457019 0.0117644
0.002458619 0.01247026
0.002460219 0.01341141
0.002461819 0.01435256
0.002463419 0.01529371
0.002465019 0.015529
0.002466619 0.01623487
0.002468219 0.01717602
0.002469819 0.01741131
0.002471419 0.01835246
0.002473019 0.01882303
0.002474619 0.01905832
0.002476219 0.01882303
0.002477819 0.01976419
0.002479419 0.01929361
0.002481019 0.02047005
0.002482619 0.02047005
0.002484219 0.02070534
0.002485819 0.02188178
0.002487419 0.02164649
0.002489019 0.02211706
0.002490619 0.02235235
0.002492219 0.02211706
0.002493819 0.02235235
0.002495419 0.02188178
0.002497019 0.02188178
0.002498619 0.02188178
0.002500219 0.02211706
0.002501819 0.02211706
0.002503419 0.0232935
0.002505019 0.02376408
0.002506619 0.02470523
0.002508219 0.02611696
0.002509819 0.0272934
0.002511419 0.02894041
0.002513019 0.02988157
0.002514619 0.03082272
0.002516219 0.03294031
0.002517819 0.03411675
0.002519419 0.03529319
0.002521019 0.03529319
0.002522619 0.03717549
0.002524219 0.03670492
0.002525819 0.03741078
0.002527419 0.03858722
0.002529019 0.03858722
0.002530619 0.03952837
0.002532219 0.03952837
0.002533819 0.04023423
0.002535419 0.04117539
0.002537019 0.04141067
0.002538619 0.04188125
0.002540219 0.04211654
0.002541819 0.04235183
0.002543419 0.04258711
0.002545019 0.04235183
0.002546619 0.04258711
0.002548219 0.0428224
0.002549819 0.04235183
0.002551419 0.0428224
0.002553019 0.04305769
0.002554619 0.04258711
0.002556219 0.04235183
0.002557819 0.04258711
0.002559419 0.0428224
0.002561019 0.04141067
0.002562619 0.04117539
0.002564219 0.04023423
0.002565819 0.03952837
0.002567419 0.03952837
0.002569019 0.03858722
0.002570619 0.03788135
0.002572219 0.03811664
0.002573819 0.03741078
0.002575419 0.03788135
0.002577019 0.03788135
0.002578619 0.03835193
0.002580219 0.03882251
0.002581819 0.03882251
0.002583419 0.04023423
0.002585019 0.04023423
0.002586619 0.04070481
0.002588219 0.04164596
0.002589819 0.04211654
0.002591419 0.04258711
0.002593019 0.04376355
0.002594619 0.04399884
0.002596219 0.0447047
0.002597819 0.04493999
0.002599419 0.04635172
0.002601019 0.04752816
0.002602619 0.04799874
0.002604219 0.04776345
0.002605819 0.04917517
0.002607419 0.05035161
0.002609019 0.05105748
0.002610619 0.05223392
0.002612219 0.05364565
0.002613819 0.0545868
0.002615419 0.05599852
0.002617019 0.05670439
0.002618619 0.0583514
0.002620219 0.05952784
0.002621819 0.05952784
0.002623419 0.06023371
0.002625019 0.05999842
0.002626619 0.05999842
0.002628219 0.06023371
0.002629819 0.05929256
0.002631419 0.05905727
0.002633019 0.05717496
0.002634619 0.05693968
0.002636219 0.05552795
0.002637819 0.05505737
0.002639419 0.05364565
0.002641019 0.05317507
0.002642619 0.05293978
0.002644219 0.05270449
0.002645819 0.05199863
0.002647419 0.05105748
0.002649019 0.05152805
0.002650619 0.0505869
0.002652219 0.04988104
0.002653819 0.05011633
0.002655419 0.04917517
0.002657019 0.04988104
0.002658619 0.04941046
0.002660219 0.04941046
0.002661819 0.04752816
0.002663419 0.04752816
0.002665019 0.04729287
0.002666619 0.04517528
0.002668219 0.04446942
0.002669819 0.04423413
0.002671419 0.04329298
0.002673019 0.04329298
0.002674619 0.04352826
0.002676219 0.04376355
0.002677819 0.04423413
0.002679419 0.04493999
0.002681019 0.04541057
0.002682619 0.04541057
0.002684219 0.0468223
0.002685819 0.04799874
0.002687419 0.04893989
0.002689019 0.0487046
0.002690619 0.05011633
0.002692219 0.0505869
0.002693819 0.05011633
0.002695419 0.05152805
0.002697019 0.05105748
0.002698619 0.05223392
0.002700219 0.05176334
0.002701819 0.05223392
0.002703419 0.05105748
0.002705019 0.05129277
0.002706619 0.05199863
0.002708219 0.05176334
0.002709819 0.05199863
0.002711419 0.05246921
0.002713019 0.05176334
0.002714619 0.05270449
0.002716219 0.05270449
0.002717819 0.05293978
0.002719419 0.05388093
0.002721019 0.0545868
0.002722619 0.05576324
0.002724219 0.05552795
0.002725819 0.0564691
0.002727419 0.05623381
0.002729019 0.05717496
0.002730619 0.05717496
0.002732219 0.05741025
0.002733819 0.05811612
0.002735419 0.05741025
0.002737019 0.0583514
0.002738619 0.05741025
0.002740219 0.05764554
0.002741819 0.05670439
0.002743419 0.05623381
0.002745019 0.05505737
0.002746619 0.05364565
0.002748219 0.05199863
0.002749819 0.05129277
0.002751419 0.05011633
0.002753019 0.04917517
0.002754619 0.0487046
0.002756219 0.04776345
0.002757819 0.04823402
0.002759419 0.04823402
0.002761019 0.04729287
0.002762619 0.04752816
0.002764219 0.04705758
0.002765819 0.04776345
0.002767419 0.04776345
0.002769019 0.04729287
0.002770619 0.04776345
0.002772219 0.04941046
0.002773819 0.04846931
0.002775419 0.04988104
0.002777019 0.05011633
0.002778619 0.0505869
0.002780219 0.05105748
0.002781819 0.05176334
0.002783419 0.05199863
0.002785019 0.05270449
0.002786619 0.05293978
0.002788219 0.05223392
0.002789819 0.05293978
0.002791419 0.05388093
0.002793019 0.05317507
0.002794619 0.05317507
0.002796219 0.05293978
0.002797819 0.05293978
0.002799419 0.05199863
0.002801019 0.05223392
0.002802619 0.05105748
0.002804219 0.05035161
0.002805819 0.04964575
0.002807419 0.04893989
0.002809019 0.04799874
0.002810619 0.04752816
0.002812219 0.04658701
0.002813819 0.04658701
0.002815419 0.04635172
0.002817019 0.04564586
0.002818619 0.04517528
0.002820219 0.04541057
0.002821819 0.04517528
0.002823419 0.04541057
0.002825019 0.04541057
0.002826619 0.04517528
0.002828219 0.04517528
0.002829819 0.04517528
0.002831419 0.0447047
0.002833019 0.0447047
0.002834619 0.04423413
0.002836219 0.04399884
0.002837819 0.04352826
0.002839419 0.04352826
0.002841019 0.04258711
0.002842619 0.04235183
0.002844219 0.04164596
0.002845819 0.04141067
0.002847419 0.04188125
0.002849019 0.04141067
0.002850619 0.04117539
0.002852219 0.04164596
0.002853819 0.04188125
0.002855419 0.04188125
0.002857019 0.04211654
0.002858619 0.04258711
0.002860219 0.04188125
0.002861819 0.04258711
0.002863419 0.0428224
0.002865019 0.04235183
0.002866619 0.04211654
0.002868219 0.04258711
0.002869819 0.04235183
0.002871419 0.04235183
0.002873019 0.0428224
0.002874619 0.0428224
0.002876219 0.04258711
0.002877819 0.04305769
0.002879419 0.04305769
0.002881019 0.04258711
0.002882619 0.04258711
0.002884219 0.04329298
0.002885819 0.04305769
0.002887419 0.04211654
0.002889019 0.04188125
0.002890619 0.04211654
0.002892219 0.04141067
0.002893819 0.04164596
0.002895419 0.0409401
0.002897019 0.0409401
0.002898619 0.04070481
0.002900219 0.04141067
0.002901819 0.04117539
0.002903419 0.04141067
0.002905019 0.04117539
0.002906619 0.04164596
0.002908219 0.04188125
0.002909819 0.04305769
0.002911419 0.04376355
0.002913019 0.04423413
0.002914619 0.04564586
0.002916219 0.04705758
0.002917819 0.04823402
0.002919419 0.04917517
0.002921019 0.04964575
0.002922619 0.05105748
0.002924219 0.05082219
0.002925819 0.05129277
0.002927419 0.05176334
0.002929019 0.05082219
0.002930619 0.05105748
0.002932219 0.04988104
0.002933819 0.04941046
0.002935419 0.04893989
0.002937019 0.04776345
0.002938619 0.0468223
0.002940219 0.04564586
0.002941819 0.04446942
0.002943419 0.04352826
0.002945019 0.04258711
0.002946619 0.04117539
0.002948219 0.04046952
0.002949819 0.03976366
0.002951419 0.03905779
0.002953019 0.03811664
0.002954619 0.03764607
0.002956219 0.0369402
0.002957819 0.03646963
0.002959419 0.03646963
0.002961019 0.03646963
0.002962619 0.03646963
0.002964219 0.0350579
0.002965819 0.03576376
0.002967419 0.03482261
0.002969019 0.03482261
0.002970619 0.03411675
0.002972219 0.03411675
0.002973819 0.03294031
0.002975419 0.03223444
0.002977019 0.03246973
0.002978619 0.03152858
0.002980219 0.03129329
0.002981819 0.03152858
0.002983419 0.03129329
0.002985019 0.03105801
0.002986619 0.03035214
0.002988219 0.03105801
0.002989819 0.03058743
0.002991419 0.03035214
0.002993019 0.03082272
0.002994619 0.02988157
0.002996219 0.03082272
0.002997819 0.03035214
0.002999419 0.03011685
0.003001019 0.03129329
0.003002619 0.03082272
0.003004219 0.03152858
0.003005819 0.03176387
0.003007419 0.0331756
0.003009019 0.03270502
0.003010619 0.03341088
0.003012219 0.03482261
0.003013819 0.03458732
0.003015419 0.03646963
0.003017019 0.03741078
0.003018619 0.03741078
0.003020219 0.03764607
0.003021819 0.03811664
0.003023419 0.03835193
0.003025019 0.03764607
0.003026619 0.03764607
0.003028219 0.03788135
0.003029819 0.03811664
0.003031419 0.03741078
0.003033019 0.0369402
0.003034619 0.0369402
0.003036219 0.03599905
0.003037819 0.03576376
0.003039419 0.03529319
0.003041019 0.03482261
0.003042619 0.03341088
0.003044219 0.03294031
0.003045819 0.03176387
0.003047419 0.02988157
0.003049019 0.03058743
0.003050619 0.02941099
0.003052219 0.02823455
0.003053819 0.02752869
0.003055419 0.02682282
0.003057019 0.02588167
0.003058619 0.02494052
0.003060219 0.02446994
0.003061819 0.02423466
0.003063419 0.02282293
0.003065019 0.02211706
0.003066619 0.0214112
0.003068219 0.02047005
0.003069819 0.02023476
0.003071419 0.02023476
0.003073019 0.01976419
0.003074619 0.01882303
0.003076219 0.01811717
0.003077819 0.01835246
0.003079419 0.01811717
0.003081019 0.01764659
0.003082619 0.01811717
0.003084219 0.01811717
0.003085819 0.01741131
0.003087419 0.01811717
0.003089019 0.01764659
0.003090619 0.01858775
0.003092219 0.01835246
0.003093819 0.01858775
0.003095419 0.01858775
0.003097019 0.01905832
0.003098619 0.0195289
0.003100219 0.01905832
0.003101819 0.01882303
0.003103419 0.01976419
0.003105019 0.01905832
0.003106619 0.01905832
0.003108219 0.01811717
0.003109819 0.01811717
0.003111419 0.01717602
0.003113019 0.01717602
0.003114619 0.01694073
0.003116219 0.015529
0.003117819 0.015529
0.003119419 0.0136467
0.003121019 0.01341141
0.003122619 0.01129382
0.003124219 0.01082324
0.003125819 0.009882093
0.003127419 0.008470365
0.003129019 0.007999789
0.003130619 0.006117486
0.003132219 0.005411622
0.003133819 0.004705758
0.003135419 0.003294031
0.003137019 0.002352879
0.003138619 0.00117644
0.003140219 -0.0002352879
0.003141819 -0.00117644
0.003143419 -0.00117644
0.003145019 -0.002588167
0.003146619 -0.003999895
0.003148219 -0.004941046
0.003149819 -0.005882198
0.003151419 -0.00682335
0.003153019 -0.007293925
0.003154619 -0.008705653
0.003156219 -0.008940941
0.003157819 -0.009411517
0.003159419 -0.009882093
0.003161019 -0.01058796
0.003162619 -0.0117644
0.003164219 -0.01223497
0.003165819 -0.01270555
0.003167419 -0.0136467
0.003169019 -0.01482314
0.003170619 -0.01576429
0.003172219 -0.01717602
0.003173819 -0.01764659
0.003175419 -0.01858775
0.003177019 -0.02023476
0.003178619 -0.02070534
0.003180219 -0.02235235
0.003181819 -0.02211706
0.003183419 -0.02282293
0.003185019 -0.02399937
0.003186619 -0.02352879
0.003188219 -0.02376408
0.003189819 -0.02423466
0.003191419 -0.02470523
0.003193019 -0.02517581
0.003194619 -0.02494052
0.003196219 -0.02611696
0.003197819 -0.02682282
0.003199419 -0.02682282
0.003201019 -0.0272934
0.003202619 -0.02823455
0.003204219 -0.02964628
0.003205819 -0.03011685
0.003207419 -0.03035214
0.003209019 -0.03129329
0.003210619 -0.03176387
0.003212219 -0.03341088
0.003213819 -0.03364617
0.003215419 -0.03552848
0.003217019 -0.03599905
0.003218619 -0.03623434
0.003220219 -0.03788135
0.003221819 -0.03929308
0.003223419 -0.03952837
0.003225019 -0.04117539
0.003226619 -0.04235183
0.003228219 -0.04329298
0.003229819 -0.0447047
0.003231419 -0.04588114
0.003233019 -0.04776345
0.003234619 -0.04941046
0.003236219 -0.05176334
0.003237819 -0.05341036
0.003239419 -0.05529266
0.003241019 -0.0564691
0.003242619 -0.05882198
0.003244219 -0.05976313
0.003245819 -0.06164543
0.003247419 -0.06211601
0.003249019 -0.06376303
0.003250619 -0.06493947
0.003252219 -0.06635119
0.003253819 -0.06658648
0.003255419 -0.06799821
0.003257019 -0.06846878
0.003258619 -0.06846878
0.003260219 -0.06917465
0.003261819 -0.06988051
0.003263419 -0.06988051
0.003265019 -0.07082166
0.003266619 -0.07152753
0.003268219 -0.07223339
0.003269819 -0.07246868
0.003271419 -0.07388041
0.003273019 -0.07435098
0.003274619 -0.07576271
0.003276219 -0.07646857
0.003277819 -0.07670386
0.003279419 -0.0778803
0.003281019 -0.07811559
0.003282619 -0.07905674
0.003284219 -0.07905674
0.003285819 -0.07952732
0.003287419 -0.07999789
0.003289019 -0.08023318
0.003290619 -0.08023318
0.003292219 -0.08046847
0.003293819 -0.08070376
0.003295419 -0.08070376
0.003297019 -0.08140962
0.003298619 -0.08070376
0.003300219 -0.08070376
0.003301819 -0.08046847
0.003303419 -0.08046847
0.003305019 -0.07952732
0.003306619 -0.08023318
0.003308219 -0.0797626
0.003309819 -0.07999789
0.003311419 -0.07929203
0.003313019 -0.07905674
0.003314619 -0.07929203
0.003316219 -0.07929203
0.003317819 -0.07882145
0.003319419 -0.07835088
0.003321019 -0.07811559
0.003322619 -0.07740972
0.003324219 -0.07740972
0.003325819 -0.07835088
0.003327419 -0.07670386
0.003329019 -0.07740972
0.003330619 -0.07740972
0.003332219 -0.07764501
0.003333819 -0.07811559
0.003335419 -0.0778803
0.003337019 -0.07811559
0.003338619 -0.07858616
0.003340219 -0.07905674
0.003341819 -0.07858616
0.003343419 -0.07952732
0.003345019 -0.0797626
0.003346619 -0.07929203
0.003348219 -0.0797626
0.003349819 -0.07952732
0.003351419 -0.0797626
0.003353019 -0.07905674
0.003354619 -0.07999789
0.003356219 -0.07905674
0.003357819 -0.07858616
0.003359419 -0.07929203
0.003361019 -0.07929203
0.003362619 -0.07929203
0.003364219 -0.07999789
0.003365819 -0.08023318
0.003367419 -0.08070376
0.003369019 -0.08140962
0.003370619 -0.08211548
0.003372219 -0.0818802
0.003373819 -0.08305663
0.003375419 -0.08446836
0.003377019 -0.08399779
0.003378619 -0.08540951
0.003380219 -0.08588009
0.003381819 -0.08611538
0.003383419 -0.08705653
0.003385019 -0.08682124
0.003386619 -0.08729182
0.003388219 -0.08705653
0.003389819 -0.08682124
0.003391419 -0.08729182
0.003393019 -0.08635067
0.003394619 -0.0856448
0.003396219 -0.08540951
0.003397819 -0.08540951
0.003399419 -0.08517423
0.003401019 -0.08470365
0.003402619 -0.08423307
0.003404219 -0.08399779
0.003405819 -0.08399779
0.003407419 -0.08282135
0.003409019 -0.08329192
0.003410619 -0.08282135
0.003412219 -0.08211548
0.003413819 -0.08140962
0.003415419 -0.08093904
0.003417019 -0.08070376
0.003418619 -0.08023318
0.003420219 -0.08070376
0.003421819 -0.0797626
0.003423419 -0.07999789
0.003425019 -0.08117433
0.003426619 -0.08070376
0.003428219 -0.08046847
0.003429819 -0.08046847
0.003431419 -0.08046847
0.003433019 -0.08140962
0.003434619 -0.08164491
0.003436219 -0.08258606
0.003437819 -0.08258606
0.003439419 -0.08352721
0.003441019 -0.08258606
0.003442619 -0.08235077
0.003444219 -0.08282135
0.003445819 -0.08305663
0.003447419 -0.08258606
0.003449019 -0.08211548
0.003450619 -0.08211548
0.003452219 -0.08140962
0.003453819 -0.08093904
0.003455419 -0.07905674
0.003457019 -0.0778803
0.003458619 -0.07811559
0.003460219 -0.07576271
0.003461819 -0.07529213
0.003463419 -0.07435098
0.003465019 -0.07317454
0.003466619 -0.07293925
0.003468219 -0.07176281
0.003469819 -0.07035109
0.003471419 -0.07058638
0.003473019 -0.06988051
0.003474619 -0.06988051
0.003476219 -0.06917465
0.003477819 -0.06988051
0.003479419 -0.06964522
0.003481019 -0.06988051
0.003482619 -0.06988051
0.003484219 -0.07082166
0.003485819 -0.07058638
0.003487419 -0.07082166
0.003489019 -0.0719981
0.003490619 -0.07270397
0.003492219 -0.07317454
0.003493819 -0.07364512
0.003495419 -0.07458627
0.003497019 -0.07552742
0.003498619 -0.07717444
0.003500219 -0.07811559
0.003501819 -0.07811559
0.003503419 -0.07882145
0.003505019 -0.07952732
0.003506619 -0.0797626
0.003508219 -0.08023318
0.003509819 -0.08070376
0.003511419 -0.0797626
0.003513019 -0.08023318
0.003514619 -0.07999789
0.003516219 -0.07905674
0.003517819 -0.07882145
0.003519419 -0.07764501
0.003521019 -0.07740972
0.003522619 -0.07740972
0.003524219 -0.07740972
0.003525819 -0.07670386
0.003527419 -0.07646857
0.003529019 -0.075998
0.003530619 -0.07576271
0.003532219 -0.07529213
0.003533819 -0.07435098
0.003535419 -0.07458627
0.003537019 -0.07435098
0.003538619 -0.07482156
0.003540219 -0.07458627
0.003541819 -0.07458627
0.003543419 -0.07529213
0.003545019 -0.07505685
0.003546619 -0.075998
0.003548219 -0.07646857
0.003549819 -0.07693915
0.003551419 -0.07717444
0.003553019 -0.07811559
0.003554619 -0.07835088
0.003556219 -0.07905674
0.003557819 -0.07952732
0.003559419 -0.08023318
0.003561019 -0.08140962
0.003562619 -0.08164491
0.003564219 -0.08258606
0.003565819 -0.08282135
0.003567419 -0.08305663
0.003569019 -0.08305663
0.003570619 -0.08258606
0.003572219 -0.08305663
0.003573819 -0.08305663
0.003575419 -0.08235077
0.003577019 -0.08235077
0.003578619 -0.08164491
0.003580219 -0.08070376
0.003581819 -0.08070376
0.003583419 -0.08046847
0.003585019 -0.07952732
0.003586619 -0.07952732
0.003588219 -0.07905674
0.003589819 -0.07835088
0.003591419 -0.07740972
0.003593019 -0.07670386
0.003594619 -0.07623329
0.003596219 -0.07623329
0.003597819 -0.075998
0.003599419 -0.07552742
0.003601019 -0.07529213
0.003602619 -0.07482156
0.003604219 -0.07458627
0.003605819 -0.07482156
0.003607419 -0.07458627
0.003609019 -0.07458627
0.003610619 -0.07458627
0.003612219 -0.07482156
0.003613819 -0.07529213
0.003615419 -0.07458627
0.003617019 -0.07435098
0.003618619 -0.07411569
0.003620219 -0.07364512
0.003621819 -0.07411569
0.003623419 -0.07388041
0.003625019 -0.07435098
0.003626619 -0.07458627
0.003628219 -0.07505685
0.003629819 -0.07505685
0.003631419 -0.07576271
0.003633019 -0.07505685
0.003634619 -0.075998
0.003636219 -0.07576271
0.003637819 -0.07576271
0.003639419 -0.07552742
0.003641019 -0.07576271
0.003642619 -0.07552742
0.003644219 -0.07505685
0.003645819 -0.07505685
0.003647419 -0.07388041
0.003649019 -0.07411569
0.003650619 -0.07364512
0.003652219 -0.07317454
0.003653819 -0.07246868
0.003655419 -0.07176281
0.003657019 -0.07105695
0.003658619 -0.07082166
0.003660219 -0.06988051
0.003661819 -0.06893936
0.003663419 -0.06846878
0.003665019 -0.06846878
0.003666619 -0.06776292
0.003668219 -0.06729234
0.003669819 -0.06705706
0.003671419 -0.06658648
0.003673019 -0.06564533
0.003674619 -0.06564533
0.003676219 -0.06588062
0.003677819 -0.06564533
0.003679419 -0.06493947
0.003681019 -0.0642336
0.003682619 -0.06446889
0.003684219 -0.06446889
0.003685819 -0.06399831
0.003687419 -0.06329245
0.003689019 -0.06305716
0.003690619 -0.0623513
0.003692219 -0.06164543
0.003693819 -0.06093957
0.003695419 -0.06070428
0.003697019 -0.05976313
0.003698619 -0.05976313
0.003700219 -0.05811612
0.003701819 -0.05858669
0.003703419 -0.05741025
0.003705019 -0.05717496
0.003706619 -0.05670439
0.003708219 -0.0564691
0.003709819 -0.0564691
0.003711419 -0.05552795
0.003713019 -0.05552795
0.003714619 -0.05529266
0.003716219 -0.05482208
0.003717819 -0.05529266
0.003719419 -0.05505737
0.003721019 -0.05529266
0.003722619 -0.0545868
0.003724219 -0.05529266
0.003725819 -0.05529266
0.003727419 -0.05505737
0.003729019 -0.05505737
0.003730619 -0.05529266
0.003732219 -0.05552795
0.003733819 -0.0564691
0.003735419 -0.0564691
0.003737019 -0.05717496
0.003738619 -0.05788083
0.003740219 -0.05717496
0.003741819 -0.05764554
0.003743419 -0.05741025
0.003745019 -0.05788083
0.003746619 -0.05811612
0.003748219 -0.05811612
0.003749819 -0.05811612
0.003751419 -0.05788083
0.003753019 -0.0583514
0.003754619 -0.05764554
0.003756219 -0.05788083
0.003757819 -0.05741025
0.003759419 -0.05788083
0.003761019 -0.0564691
0.003762619 -0.05670439
0.003764219 -0.05576324
0.003765819 -0.0564691
0.003767419 -0.05505737
0.003769019 -0.05482208
0.003770619 -0.05411622
0.003772219 -0.05364565
0.003773819 -0.05317507
0.003775419 -0.05270449
0.003777019 -0.05152805
0.003778619 -0.05082219
0.003780219 -0.05011633
0.003781819 -0.04988104
0.003783419 -0.04941046
0.003785019 -0.0487046
0.003786619 -0.04823402
0.003788219 -0.04799874
0.003789819 -0.04776345
0.003791419 -0.04729287
0.003793019 -0.04729287
0.003794619 -0.04705758
0.003796219 -0.04705758
0.003797819 -0.0468223
0.003799419 -0.04658701
0.003801019 -0.04635172
0.003802619 -0.04611643
0.003804219 -0.04564586
0.003805819 -0.04564586
0.003807419 -0.04588114
0.003809019 -0.04493999
0.003810619 -0.04493999
0.003812219 -0.04446942
0.003813819 -0.04446942
0.003815419 -0.04376355
0.003817019 -0.04352826
0.003818619 -0.04352826
0.003820219 -0.0428224
0.003821819 -0.04164596
0.003823419 -0.04141067
0.003825019 -0.04070481
0.003826619 -0.03999895
0.003828219 -0.03929308
0.003829819 -0.03788135
0.003831419 -0.03599905
0.003833019 -0.0350579
0.003834619 -0.03411675
0.003836219 -0.03341088
0.003837819 -0.03176387
0.003839419 -0.03129329
0.003841019 -0.03058743
0.003842619 -0.02964628
0.003844219 -0.02894041
0.003845819 -0.02823455
0.003847419 -0.02776397
0.003849019 -0.02752869
0.003850619 -0.02776397
0.003852219 -0.02682282
0.003853819 -0.02588167
0.003855419 -0.02517581
0.003857019 -0.02470523
0.003858619 -0.02446994
0.003860219 -0.02352879
0.003861819 -0.02282293
0.003863419 -0.02211706
0.003865019 -0.02164649
0.003866619 -0.02070534
0.003868219 -0.0214112
0.003869819 -0.02047005
0.003871419 -0.02117591
0.003873019 -0.02047005
0.003874619 -0.02094062
0.003876219 -0.02047005
0.003877819 -0.02117591
0.003879419 -0.02094062
0.003881019 -0.02117591
0.003882619 -0.02094062
0.003884219 -0.02094062
0.003885819 -0.02117591
0.003887419 -0.02117591
0.003889019 -0.02047005
0.003890619 -0.02047005
0.003892219 -0.02023476
0.003893819 -0.01999947
0.003895419 -0.0195289
0.003897019 -0.01858775
0.003898619 -0.01882303
0.003900219 -0.01858775
0.003901819 -0.01741131
0.003903419 -0.01717602
0.003905019 -0.01623487
0.003906619 -0.01576429
0.003908219 -0.01529371
0.003909819 -0.01505843
0.003911419 -0.01505843
0.003913019 -0.0136467
0.003914619 -0.01341141
0.003916219 -0.01317612
0.003917819 -0.01317612
0.003919419 -0.01294084
0.003921019 -0.01199968
0.003922619 -0.0117644
0.003924219 -0.01129382
0.003925819 -0.01082324
0.003927419 -0.01035267
0.003929019 -0.01082324
0.003930619 -0.009882093
0.003932219 -0.009646805
0.003933819 -0.008940941
0.003935419 -0.008705653
0.003937019 -0.008705653
0.003938619 -0.008235077
0.003940219 -0.007293925
0.003941819 -0.00682335
0.003943419 -0.005411622
0.003945019 -0.005176334
0.003946619 -0.004235183
0.003948219 -0.003058743
0.003949819 -0.002352879
0.003951419 -0.001647015
0.003953019 -0.0004705758
0.003954619 0.0002352879
0.003956219 0.0002352879
0.003957819 0.001411728
0.003959419 0.001411728
0.003961019 0.001882303
0.003962619 0.002352879
0.003964219 0.002823455
0.003965819 0.003294031
0.003967419 0.003529319
0.003969019 0.00447047
0.003970619 0.004705758
0.003972219 0.005411622
0.003973819 0.005411622
0.003975419 0.006588062
0.003977019 0.006588062
0.003978619 0.007293925
0.003980219 0.007999789
0.003981819 0.008705653
0.003983419 0.009882093
0.003985019 0.01105853
0.003986619 0.01129382
0.003988219 0.01270555
0.003989819 0.0136467
0.003991419 0.01482314
0.003993019 0.01529371
0.003994619 0.01623487
0.003996219 0.01670544
0.003997819 0.01858775
0.003999419 0.01905832
0.004001019 0.0195289
0.004002619 0.02094062
0.004004219 0.02094062
0.004005819 0.02164649
0.004007419 0.02282293
0.004009019 0.02305822
0.004010619 0.02352879
0.004012219 0.02423466
0.004013819 0.02446994
0.004015419 0.02470523
0.004017019 0.02494052
0.004018619 0.02494052
0.004020219 0.02517581
0.004021819 0.02564638
0.004023419 0.02588167
0.004025019 0.02611696
0.004026619 0.02588167
0.004028219 0.02658753
0.004029819 0.02635225
0.004031419 0.0272934
0.004033019 0.02752869
0.004034619 0.02752869
0.004036219 0.02776397
0.004037819 0.02776397
0.004039419 0.02799926
0.004041019 0.02846984
0.004042619 0.02870513
0.004044219 0.02870513
0.004045819 0.0291757
0.004047419 0.02988157
0.004049019 0.0291757
0.004050619 0.03058743
0.004052219 0.03105801
0.004053819 0.03105801
0.004055419 0.03152858
0.004057019 0.03129329
0.004058619 0.03176387
0.004060219 0.03176387
0.004061819 0.03246973
0.004063419 0.03199916
0.004065019 0.03199916
0.004066619 0.03176387
0.004068219 0.03223444
0.004069819 0.03199916
0.004071419 0.03176387
0.004073019 0.03223444
0.004074619 0.03199916
0.004076219 0.03246973
0.004077819 0.03223444
0.004079419 0.03199916
0.004081019 0.03246973
0.004082619 0.03270502
0.004084219 0.03294031
0.004085819 0.0331756
0.004087419 0.03435204
0.004089019 0.03435204
0.004090619 0.03411675
0.004092219 0.03411675
0.004093819 0.03435204
0.004095419 0.03458732
0.004097019 0.03482261
0.004098619 0.0350579
0.004100219 0.03646963
0.004101819 0.03670492
0.004103419 0.03788135
0.004105019 0.03717549
0.004106619 0.03835193
0.004108219 0.03905779
0.004109819 0.03952837
0.004111419 0.04023423
0.004113019 0.04070481
0.004114619 0.04164596
0.004116219 0.04258711
0.004117819 0.04305769
0.004119419 0.04376355
0.004121019 0.0447047
0.004122619 0.04611643
0.004124219 0.04658701
0.004125819 0.04776345
0.004127419 0.04893989
0.004129019 0.05011633
0.004130619 0.0505869
0.004132219 0.05223392
0.004133819 0.05246921
0.004135419 0.05388093
0.004137019 0.05482208
0.004138619 0.05552795
0.004140219 0.05599852
0.004141819 0.05717496
0.004143419 0.05741025
0.004145019 0.0583514
0.004146619 0.0583514
0.004148219 0.0583514
0.004149819 0.05882198
0.004151419 0.05929256
0.004153019 0.05952784
0.004154619 0.05976313
0.004156219 0.05999842
0.004157819 0.06070428
0.004159419 0.05999842
0.004161019 0.05999842
0.004162619 0.06070428
0.004164219 0.06023371
0.004165819 0.06046899
0.004167419 0.06070428
0.004169019 0.06070428
0.004170619 0.06211601
0.004172219 0.06141015
0.004173819 0.06305716
0.004175419 0.06399831
0.004177019 0.06446889
0.004178619 0.06517475
0.004180219 0.06635119
0.004181819 0.06658648
0.004183419 0.06846878
0.004185019 0.06964522
0.004186619 0.07129224
0.004188219 0.0719981
0.004189819 0.07388041
0.004191419 0.07482156
0.004193019 0.07623329
0.004194619 0.07646857
0.004196219 0.07764501
0.004197819 0.07835088
0.004199419 0.07952732
0.004201019 0.07952732
