LECROYWS4024HD 19320 Waveform
Segments 1 SegmentSize 3127
Segment TrigTime TimeSinceSegment1
#1 16-May-2024 17:01:58 0                 
Time Ampl
-0.0008006814 0
-0.0007990814 -0.0002352879
-0.0007974814 0.0002352879
-0.0007958814 -0.0002352879
-0.0007942814 -0.0004705758
-0.0007926814 0
-0.0007910814 0
-0.0007894814 0.0002352879
-0.0007878814 -0.0002352879
-0.0007862814 -0.0002352879
-0.0007846814 0
-0.0007830814 0.0002352879
-0.0007814814 0.0004705758
-0.0007798814 0.0002352879
-0.0007782814 -0.0002352879
-0.0007766814 0.0002352879
-0.0007750814 -0.0002352879
-0.0007734814 0.0002352879
-0.0007718814 0.0002352879
-0.0007702814 -0.0002352879
-0.0007686814 0
-0.0007670814 -0.0002352879
-0.0007654814 0
-0.0007638814 -0.0002352879
-0.0007622814 -0.0004705758
-0.0007606814 0.0004705758
-0.0007590814 -0.0002352879
-0.0007574814 0
-0.0007558814 -0.0004705758
-0.0007542814 -0.0002352879
-0.0007526814 0
-0.0007510814 -0.0004705758
-0.0007494814 0.0002352879
-0.0007478814 -0.0004705758
-0.0007462814 0
-0.0007446814 -0.0004705758
-0.0007430814 0.0002352879
-0.0007414814 -0.0002352879
-0.0007398814 -0.0007058638
-0.0007382814 -0.0004705758
-0.0007366814 -0.0002352879
-0.0007350814 0.0002352879
-0.0007334814 0
-0.0007318814 0.0002352879
-0.0007302814 -0.0004705758
-0.0007286814 -0.0002352879
-0.0007270814 -0.0002352879
-0.0007254814 0
-0.0007238814 -0.0002352879
-0.0007222814 0.0002352879
-0.0007206814 0
-0.0007190814 -0.0002352879
-0.0007174814 0
-0.0007158814 0
-0.0007142814 0
-0.0007126814 -0.0004705758
-0.0007110814 0
-0.0007094814 0
-0.0007078814 0.0002352879
-0.0007062814 0
-0.0007046814 -0.0004705758
-0.0007030814 0
-0.0007014814 -0.0004705758
-0.0006998814 -0.0002352879
-0.0006982814 -0.0002352879
-0.0006966814 -0.0002352879
-0.0006950814 -0.0002352879
-0.0006934814 -0.0002352879
-0.0006918814 0.0002352879
-0.0006902814 -0.0002352879
-0.0006886814 0
-0.0006870814 0.0002352879
-0.0006854814 -0.0002352879
-0.0006838814 0
-0.0006822814 -0.0002352879
-0.0006806814 0.0002352879
-0.0006790814 0.0002352879
-0.0006774814 0
-0.0006758814 0
-0.0006742814 0.0002352879
-0.0006726814 -0.0002352879
-0.0006710814 0
-0.0006694814 -0.0004705758
-0.0006678814 0
-0.0006662814 -0.0004705758
-0.0006646814 0
-0.0006630814 -0.0004705758
-0.0006614814 0
-0.0006598814 0.0002352879
-0.0006582814 -0.0002352879
-0.0006566814 -0.0002352879
-0.0006550814 0
-0.0006534814 0
-0.0006518814 0
-0.0006502814 -0.0002352879
-0.0006486814 0.0002352879
-0.0006470814 -0.0007058638
-0.0006454814 -0.0004705758
-0.0006438814 0.0002352879
-0.0006422814 0.0002352879
-0.0006406814 -0.0004705758
-0.0006390814 0
-0.0006374814 -0.0002352879
-0.0006358814 -0.0004705758
-0.0006342814 -0.0007058638
-0.0006326814 -0.0007058638
-0.0006310814 -0.0007058638
-0.0006294814 0
-0.0006278814 -0.0002352879
-0.0006262814 0
-0.0006246814 -0.0004705758
-0.0006230814 0
-0.0006214814 0
-0.0006198814 0
-0.0006182814 -0.0002352879
-0.0006166814 0
-0.0006150814 0
-0.0006134814 -0.0002352879
-0.0006118814 -0.0002352879
-0.0006102814 0
-0.0006086814 0
-0.0006070814 0.0004705758
-0.0006054814 -0.0002352879
-0.0006038814 -0.0002352879
-0.0006022814 -0.0002352879
-0.0006006814 -0.0002352879
-0.0005990814 0
-0.0005974814 -0.0002352879
-0.0005958814 0
-0.0005942814 -0.0009411517
-0.0005926814 -0.0002352879
-0.0005910814 0
-0.0005894814 0.0002352879
-0.0005878814 -0.0002352879
-0.0005862814 0
-0.0005846814 -0.0002352879
-0.0005830814 -0.0002352879
-0.0005814814 0
-0.0005798814 -0.0002352879
-0.0005782814 -0.0004705758
-0.0005766814 0
-0.0005750814 0
-0.0005734814 -0.0002352879
-0.0005718814 0
-0.0005702814 0.0002352879
-0.0005686814 0
-0.0005670814 -0.0002352879
-0.0005654814 -0.0002352879
-0.0005638814 0
-0.0005622814 0
-0.0005606814 0
-0.0005590814 0
-0.0005574814 0
-0.0005558814 0.0002352879
-0.0005542814 -0.0007058638
-0.0005526814 0
-0.0005510814 0.0002352879
-0.0005494814 0
-0.0005478814 -0.0002352879
-0.0005462814 -0.0002352879
-0.0005446814 0
-0.0005430814 0
-0.0005414814 -0.0004705758
-0.0005398814 -0.0002352879
-0.0005382814 0
-0.0005366814 0
-0.0005350814 -0.0002352879
-0.0005334814 -0.0004705758
-0.0005318814 0
-0.0005302814 -0.0002352879
-0.0005286814 0.0002352879
-0.0005270814 0
-0.0005254814 0
-0.0005238814 0
-0.0005222814 -0.0004705758
-0.0005206814 -0.0002352879
-0.0005190814 -0.0002352879
-0.0005174814 -0.0002352879
-0.0005158814 -0.0004705758
-0.0005142814 0
-0.0005126814 0.0002352879
-0.0005110814 -0.0004705758
-0.0005094814 0
-0.0005078814 -0.0002352879
-0.0005062814 -0.0007058638
-0.0005046814 -0.0002352879
-0.0005030814 -0.0007058638
-0.0005014814 -0.0007058638
-0.0004998814 -0.0002352879
-0.0004982814 0
-0.0004966814 -0.0004705758
-0.0004950814 0
-0.0004934814 -0.0002352879
-0.0004918814 0.0002352879
-0.0004902814 -0.0004705758
-0.0004886814 -0.0004705758
-0.0004870814 -0.0002352879
-0.0004854814 -0.0004705758
-0.0004838814 -0.0002352879
-0.0004822814 -0.0002352879
-0.0004806814 0
-0.0004790814 -0.0002352879
-0.0004774814 -0.0009411517
-0.0004758814 0
-0.0004742814 -0.0004705758
-0.0004726814 -0.0002352879
-0.0004710814 -0.0002352879
-0.0004694814 -0.0004705758
-0.0004678814 -0.0002352879
-0.0004662814 -0.0002352879
-0.0004646814 -0.0002352879
-0.0004630814 -0.0007058638
-0.0004614814 -0.0004705758
-0.0004598814 -0.0004705758
-0.0004582814 -0.0004705758
-0.0004566814 -0.0002352879
-0.0004550814 -0.0002352879
-0.0004534814 -0.0007058638
-0.0004518814 -0.0002352879
-0.0004502814 -0.0002352879
-0.0004486814 -0.0009411517
-0.0004470814 -0.0002352879
-0.0004454814 -0.0002352879
-0.0004438814 -0.0007058638
-0.0004422814 -0.0004705758
-0.0004406814 -0.0002352879
-0.0004390814 -0.0004705758
-0.0004374814 -0.0002352879
-0.0004358814 -0.00117644
-0.0004342814 -0.0002352879
-0.0004326814 -0.0002352879
-0.0004310814 -0.0002352879
-0.0004294814 -0.0002352879
-0.0004278814 -0.0004705758
-0.0004262814 0
-0.0004246814 -0.0002352879
-0.0004230814 -0.0007058638
-0.0004214814 -0.0002352879
-0.0004198814 0
-0.0004182814 -0.0004705758
-0.0004166814 -0.0002352879
-0.0004150814 -0.0004705758
-0.0004134814 -0.0004705758
-0.0004118814 0
-0.0004102814 -0.0002352879
-0.0004086814 0
-0.0004070814 0
-0.0004054814 -0.0002352879
-0.0004038814 -0.0002352879
-0.0004022814 -0.0002352879
-0.0004006814 0
-0.0003990814 -0.0002352879
-0.0003974814 -0.0002352879
-0.0003958814 0.0002352879
-0.0003942814 0.0004705758
-0.0003926814 -0.0004705758
-0.0003910814 -0.0002352879
-0.0003894814 -0.0002352879
-0.0003878814 -0.0007058638
-0.0003862814 0
-0.0003846814 -0.0002352879
-0.0003830814 -0.00117644
-0.0003814814 -0.0004705758
-0.0003798814 -0.0004705758
-0.0003782814 -0.0002352879
-0.0003766814 -0.0002352879
-0.0003750814 -0.0004705758
-0.0003734814 -0.0004705758
-0.0003718814 -0.0004705758
-0.0003702814 -0.0002352879
-0.0003686814 -0.0004705758
-0.0003670814 -0.0004705758
-0.0003654814 -0.0004705758
-0.0003638814 0
-0.0003622814 -0.0002352879
-0.0003606814 -0.0002352879
-0.0003590814 -0.0004705758
-0.0003574814 -0.0004705758
-0.0003558814 -0.0004705758
-0.0003542814 -0.0002352879
-0.0003526814 -0.0009411517
-0.0003510814 -0.0007058638
-0.0003494814 0
-0.0003478814 -0.0002352879
-0.0003462814 -0.0009411517
-0.0003446814 -0.0004705758
-0.0003430814 -0.0009411517
-0.0003414814 -0.0007058638
-0.0003398814 -0.0004705758
-0.0003382814 -0.0007058638
-0.0003366814 -0.0004705758
-0.0003350814 -0.0004705758
-0.0003334814 0
-0.0003318814 -0.0007058638
-0.0003302814 -0.0007058638
-0.0003286814 -0.0004705758
-0.0003270814 -0.0004705758
-0.0003254814 -0.0004705758
-0.0003238814 -0.0004705758
-0.0003222814 0
-0.0003206814 -0.0004705758
-0.0003190814 0
-0.0003174814 -0.0002352879
-0.0003158814 -0.0004705758
-0.0003142814 -0.0007058638
-0.0003126814 0
-0.0003110814 -0.0004705758
-0.0003094814 -0.0002352879
-0.0003078814 -0.0004705758
-0.0003062814 -0.0007058638
-0.0003046814 -0.0004705758
-0.0003030814 -0.0004705758
-0.0003014814 -0.0007058638
-0.0002998814 0
-0.0002982814 -0.0007058638
-0.0002966814 -0.0002352879
-0.0002950814 -0.0002352879
-0.0002934814 -0.0009411517
-0.0002918814 -0.0004705758
-0.0002902814 -0.0004705758
-0.0002886814 -0.0004705758
-0.0002870814 -0.0007058638
-0.0002854814 -0.0009411517
-0.0002838814 -0.0007058638
-0.0002822814 -0.0007058638
-0.0002806814 -0.0002352879
-0.0002790814 -0.00117644
-0.0002774814 -0.0004705758
-0.0002758814 -0.0007058638
-0.0002742814 -0.00117644
-0.0002726814 -0.0007058638
-0.0002710814 -0.0004705758
-0.0002694814 -0.0004705758
-0.0002678814 -0.0004705758
-0.0002662814 -0.0004705758
-0.0002646814 -0.0002352879
-0.0002630814 -0.0004705758
-0.0002614814 -0.0009411517
-0.0002598814 -0.0004705758
-0.0002582814 -0.0007058638
-0.0002566814 -0.0007058638
-0.0002550814 -0.0002352879
-0.0002534814 -0.0002352879
-0.0002518814 -0.0002352879
-0.0002502814 -0.0007058638
-0.0002486814 -0.0004705758
-0.0002470814 -0.0007058638
-0.0002454814 -0.0002352879
-0.0002438814 -0.0004705758
-0.0002422814 -0.0007058638
-0.0002406814 -0.0004705758
-0.0002390814 -0.0002352879
-0.0002374814 -0.0007058638
-0.0002358814 -0.0002352879
-0.0002342814 -0.00117644
-0.0002326814 -0.0004705758
-0.0002310814 -0.0009411517
-0.0002294814 -0.0004705758
-0.0002278814 -0.0007058638
-0.0002262814 -0.0002352879
-0.0002246814 -0.001411728
-0.0002230814 -0.0004705758
-0.0002214814 -0.0009411517
-0.0002198814 -0.0002352879
-0.0002182814 -0.0009411517
-0.0002166814 -0.0002352879
-0.0002150814 -0.0009411517
-0.0002134814 -0.0007058638
-0.0002118814 -0.00117644
-0.0002102814 -0.0007058638
-0.0002086814 -0.0009411517
-0.0002070814 -0.0007058638
-0.0002054814 -0.0009411517
-0.0002038814 -0.0004705758
-0.0002022814 -0.00117644
-0.0002006814 -0.0004705758
-0.0001990814 -0.0009411517
-0.0001974814 -0.0002352879
-0.0001958814 -0.0009411517
-0.0001942814 -0.0004705758
-0.0001926814 -0.0007058638
-0.0001910814 -0.0004705758
-0.0001894814 -0.0007058638
-0.0001878814 -0.0009411517
-0.0001862814 -0.0009411517
-0.0001846814 -0.0002352879
-0.0001830814 -0.0009411517
-0.0001814814 -0.0004705758
-0.0001798814 -0.0009411517
-0.0001782814 -0.0009411517
-0.0001766814 -0.00117644
-0.0001750814 -0.0007058638
-0.0001734814 -0.0007058638
-0.0001718814 -0.0007058638
-0.0001702814 -0.0004705758
-0.0001686814 -0.0007058638
-0.0001670814 -0.0009411517
-0.0001654814 -0.00117644
-0.0001638814 -0.0009411517
-0.0001622814 -0.0007058638
-0.0001606814 -0.00117644
-0.0001590814 -0.0009411517
-0.0001574814 -0.0009411517
-0.0001558814 -0.0007058638
-0.0001542814 -0.0009411517
-0.0001526814 -0.00117644
-0.0001510814 -0.0009411517
-0.0001494814 -0.0004705758
-0.0001478814 -0.00117644
-0.0001462814 -0.0004705758
-0.0001446814 -0.00117644
-0.0001430814 -0.00117644
-0.0001414814 -0.0009411517
-0.0001398814 -0.0009411517
-0.0001382814 -0.0009411517
-0.0001366814 -0.0004705758
-0.0001350814 -0.0007058638
-0.0001334814 -0.0007058638
-0.0001318814 -0.0007058638
-0.0001302814 -0.00117644
-0.0001286814 -0.0004705758
-0.0001270814 -0.0007058638
-0.0001254814 -0.00117644
-0.0001238814 -0.00117644
-0.0001222814 -0.00117644
-0.0001206814 -0.0009411517
-0.0001190814 -0.0009411517
-0.0001174814 -0.0009411517
-0.0001158814 -0.0007058638
-0.0001142814 -0.0007058638
-0.0001126814 -0.0009411517
-0.0001110814 -0.0007058638
-0.0001094814 -0.0009411517
-0.0001078814 -0.0009411517
-0.0001062814 -0.0009411517
-0.0001046814 -0.0007058638
-0.0001030814 -0.0004705758
-0.0001014814 -0.0009411517
-9.98814e-005 -0.0009411517
-9.82814e-005 -0.0007058638
-9.66814e-005 -0.0007058638
-9.50814e-005 -0.0007058638
-9.34814e-005 -0.00117644
-9.18814e-005 -0.0009411517
-9.02814e-005 -0.00117644
-8.86814e-005 -0.001647015
-8.70814e-005 -0.0009411517
-8.54814e-005 -0.0007058638
-8.38814e-005 -0.001411728
-8.22814e-005 -0.0009411517
-8.06814e-005 -0.0009411517
-7.90814e-005 -0.0002352879
-7.74814e-005 -0.0009411517
-7.58814e-005 -0.0009411517
-7.42814e-005 -0.0007058638
-7.26814e-005 -0.0009411517
-7.10814e-005 -0.0007058638
-6.94814e-005 -0.0009411517
-6.78814e-005 -0.0007058638
-6.62814e-005 -0.00117644
-6.46814e-005 -0.001411728
-6.30814e-005 -0.0009411517
-6.14814e-005 -0.001411728
-5.98814e-005 -0.00117644
-5.82814e-005 -0.0009411517
-5.66814e-005 -0.0009411517
-5.50814e-005 -0.001411728
-5.34814e-005 -0.0007058638
-5.18814e-005 -0.001411728
-5.02814e-005 -0.0009411517
-4.86814e-005 -0.00117644
-4.70814e-005 -0.0009411517
-4.54814e-005 -0.00117644
-4.38814e-005 -0.00117644
-4.22814e-005 -0.0007058638
-4.06814e-005 0
-3.90814e-005 0.001882303
-3.74814e-005 0.003058743
-3.58814e-005 0.005411622
-3.42814e-005 0.004235183
-3.26814e-005 -0.003294031
-3.10814e-005 -0.0117644
-2.94814e-005 -0.01717602
-2.78814e-005 -0.02964628
-2.62814e-005 -0.03858722
-2.46814e-005 -0.0545868
-2.30814e-005 -0.07293925
-2.14814e-005 -0.08682124
-1.98814e-005 -0.1079972
-1.82814e-005 -0.1317612
-1.66814e-005 -0.1562312
-1.50814e-005 -0.1776424
-1.34814e-005 -0.1955243
-1.18814e-005 -0.2143473
-1.02814e-005 -0.2303469
-8.6814e-006 -0.2364644
-7.0814e-006 -0.2232882
-5.4814e-006 -0.1865833
-3.8814e-006 -0.1345847
-2.2814e-006 -0.07458627
-6.814e-007 -0.02117591
9.186e-007 0.01482314
2.5186e-006 0.02988157
4.1186e-006 0.02823455
5.7186e-006 0.015529
7.3186e-006 0.002588167
8.9186e-006 -0.00682335
1.05186e-005 -0.007999789
1.21186e-005 -0.005882198
1.37186e-005 0.002352879
1.53186e-005 0.01270555
1.69186e-005 0.0195289
1.85186e-005 0.01999947
2.01186e-005 0.01694073
2.17186e-005 0.01035267
2.33186e-005 0.00117644
2.49186e-005 -0.007293925
2.65186e-005 -0.01670544
2.81186e-005 -0.02352879
2.97186e-005 -0.02658753
3.13186e-005 -0.02494052
3.29186e-005 -0.02094062
3.45186e-005 -0.01599958
3.61186e-005 -0.0117644
3.77186e-005 -0.008470365
3.93186e-005 -0.00564691
4.09186e-005 -0.002823455
4.25186e-005 0.0004705758
4.41186e-005 0.003529319
4.57186e-005 0.007293925
4.73186e-005 0.01223497
4.89186e-005 0.01835246
5.05186e-005 0.02635225
5.21186e-005 0.03341088
5.37186e-005 0.04164596
5.53186e-005 0.04493999
5.69186e-005 0.04446942
5.85186e-005 0.03882251
6.01186e-005 0.02799926
6.17186e-005 0.01317612
6.33186e-005 -0.002823455
6.49186e-005 -0.01717602
6.65186e-005 -0.02799926
6.81186e-005 -0.03623434
6.97186e-005 -0.04423413
7.13186e-005 -0.05105748
7.29186e-005 -0.05693968
7.45186e-005 -0.06046899
7.61186e-005 -0.06093957
7.77186e-005 -0.05788083
7.93186e-005 -0.05270449
8.09186e-005 -0.04799874
8.25186e-005 -0.04564586
8.41186e-005 -0.04305769
8.57186e-005 -0.04258711
8.73186e-005 -0.04046952
8.89186e-005 -0.03835193
9.05186e-005 -0.03599905
9.21186e-005 -0.03294031
9.37186e-005 -0.03035214
9.53186e-005 -0.02941099
9.69186e-005 -0.0291757
9.85186e-005 -0.03035214
0.0001001186 -0.03176387
0.0001017186 -0.03482261
0.0001033186 -0.03623434
0.0001049186 -0.03717549
0.0001065186 -0.03599905
0.0001081186 -0.03623434
0.0001097186 -0.03388146
0.0001113186 -0.03223444
0.0001129186 -0.02823455
0.0001145186 -0.02305822
0.0001161186 -0.01929361
0.0001177186 -0.01482314
0.0001193186 -0.01129382
0.0001209186 -0.008470365
0.0001225186 -0.005882198
0.0001241186 -0.002588167
0.0001257186 -0.00117644
0.0001273186 -0.0007058638
0.0001289186 -0.001647015
0.0001305186 -0.002823455
0.0001321186 -0.003294031
0.0001337186 -0.004235183
0.0001353186 -0.003529319
0.0001369186 -0.005411622
0.0001385186 -0.005882198
0.0001401186 -0.007529213
0.0001417186 -0.008705653
0.0001433186 -0.01341141
0.0001449186 -0.01858775
0.0001465186 -0.02494052
0.0001481186 -0.0291757
0.0001497186 -0.03246973
0.0001513186 -0.03294031
0.0001529186 -0.03129329
0.0001545186 -0.02846984
0.0001561186 -0.02470523
0.0001577186 -0.01976419
0.0001593186 -0.01529371
0.0001609186 -0.01082324
0.0001625186 -0.007999789
0.0001641186 -0.005176334
0.0001657186 -0.004941046
0.0001673186 -0.003999895
0.0001689186 -0.00447047
0.0001705186 -0.006352774
0.0001721186 -0.01011738
0.0001737186 -0.01294084
0.0001753186 -0.01599958
0.0001769186 -0.01764659
0.0001785186 -0.01788188
0.0001801186 -0.01623487
0.0001817186 -0.01411728
0.0001833186 -0.01105853
0.0001849186 -0.007999789
0.0001865186 -0.004235183
0.0001881186 -0.001882303
0.0001897186 -0.001411728
0.0001913186 -0.004235183
0.0001929186 -0.007293925
0.0001945186 -0.0117644
0.0001961186 -0.01435256
0.0001977186 -0.01694073
0.0001993186 -0.01882303
0.0002009186 -0.01976419
0.0002025186 -0.0214112
0.0002041186 -0.02399937
0.0002057186 -0.02588167
0.0002073186 -0.02988157
0.0002089186 -0.03223444
0.0002105186 -0.03529319
0.0002121186 -0.03576376
0.0002137186 -0.03552848
0.0002153186 -0.03152858
0.0002169186 -0.02564638
0.0002185186 -0.01599958
0.0002201186 -0.00447047
0.0002217186 0.007293925
0.0002233186 0.01741131
0.0002249186 0.02470523
0.0002265186 0.02941099
0.0002281186 0.03270502
0.0002297186 0.03294031
0.0002313186 0.03152858
0.0002329186 0.02705811
0.0002345186 0.02258764
0.0002361186 0.01717602
0.0002377186 0.01341141
0.0002393186 0.008705653
0.0002409186 0.005176334
0.0002425186 0.001647015
0.0002441186 -0.001647015
0.0002457186 -0.00564691
0.0002473186 -0.006352774
0.0002489186 -0.007764501
0.0002505186 -0.00564691
0.0002521186 -0.003294031
0.0002537186 0.0002352879
0.0002553186 0.003529319
0.0002569186 0.006117486
0.0002585186 0.007293925
0.0002601186 0.008235077
0.0002617186 0.009411517
0.0002633186 0.0117644
0.0002649186 0.01458785
0.0002665186 0.01647015
0.0002681186 0.01788188
0.0002697186 0.01788188
0.0002713186 0.01670544
0.0002729186 0.015529
0.0002745186 0.01223497
0.0002761186 0.007999789
0.0002777186 0.003058743
0.0002793186 -0.002352879
0.0002809186 -0.008235077
0.0002825186 -0.01294084
0.0002841186 -0.01835246
0.0002857186 -0.02258764
0.0002873186 -0.02776397
0.0002889186 -0.03082272
0.0002905186 -0.03411675
0.0002921186 -0.03599905
0.0002937186 -0.0369402
0.0002953186 -0.0369402
0.0002969186 -0.03646963
0.0002985186 -0.03552848
0.0003001186 -0.03294031
0.0003017186 -0.0291757
0.0003033186 -0.02470523
0.0003049186 -0.01882303
0.0003065186 -0.01199968
0.0003081186 -0.005176334
0.0003097186 -0.0007058638
0.0003113186 0.003058743
0.0003129186 0.00564691
0.0003145186 0.007529213
0.0003161186 0.009411517
0.0003177186 0.01105853
0.0003193186 0.01317612
0.0003209186 0.01505843
0.0003225186 0.01670544
0.0003241186 0.02047005
0.0003257186 0.02235235
0.0003273186 0.02305822
0.0003289186 0.02235235
0.0003305186 0.0214112
0.0003321186 0.01976419
0.0003337186 0.01788188
0.0003353186 0.01505843
0.0003369186 0.01270555
0.0003385186 0.01035267
0.0003401186 0.008235077
0.0003417186 0.008470365
0.0003433186 0.01058796
0.0003449186 0.01270555
0.0003465186 0.015529
0.0003481186 0.01623487
0.0003497186 0.01694073
0.0003513186 0.01482314
0.0003529186 0.01270555
0.0003545186 0.007764501
0.0003561186 0.002352879
0.0003577186 -0.003529319
0.0003593186 -0.007293925
0.0003609186 -0.01105853
0.0003625186 -0.01270555
0.0003641186 -0.01458785
0.0003657186 -0.01505843
0.0003673186 -0.01599958
0.0003689186 -0.01623487
0.0003705186 -0.01670544
0.0003721186 -0.01482314
0.0003737186 -0.01341141
0.0003753186 -0.0117644
0.0003769186 -0.01011738
0.0003785186 -0.007764501
0.0003801186 -0.00682335
0.0003817186 -0.006117486
0.0003833186 -0.007764501
0.0003849186 -0.008235077
0.0003865186 -0.009882093
0.0003881186 -0.01105853
0.0003897186 -0.0117644
0.0003913186 -0.01058796
0.0003929186 -0.009646805
0.0003945186 -0.006352774
0.0003961186 -0.002823455
0.0003977186 0.0009411517
0.0003993186 0.004941046
0.0004009186 0.007764501
0.0004025186 0.01223497
0.0004041186 0.01576429
0.0004057186 0.01905832
0.0004073186 0.02094062
0.0004089186 0.02305822
0.0004105186 0.02282293
0.0004121186 0.02117591
0.0004137186 0.01835246
0.0004153186 0.01529371
0.0004169186 0.01199968
0.0004185186 0.007529213
0.0004201186 0.004705758
0.0004217186 0.002588167
0.0004233186 0.001647015
0.0004249186 0
0.0004265186 -0.0004705758
0.0004281186 -0.002588167
0.0004297186 -0.00447047
0.0004313186 -0.005882198
0.0004329186 -0.005882198
0.0004345186 -0.006588062
0.0004361186 -0.00682335
0.0004377186 -0.007529213
0.0004393186 -0.006117486
0.0004409186 -0.005176334
0.0004425186 -0.003294031
0.0004441186 -0.003294031
0.0004457186 -0.001647015
0.0004473186 -0.002588167
0.0004489186 -0.004235183
0.0004505186 -0.006588062
0.0004521186 -0.008470365
0.0004537186 -0.01105853
0.0004553186 -0.01247026
0.0004569186 -0.01435256
0.0004585186 -0.01435256
0.0004601186 -0.01482314
0.0004617186 -0.01435256
0.0004633186 -0.01482314
0.0004649186 -0.01411728
0.0004665186 -0.01388199
0.0004681186 -0.01247026
0.0004697186 -0.0117644
0.0004713186 -0.009411517
0.0004729186 -0.008470365
0.0004745186 -0.006352774
0.0004761186 -0.004235183
0.0004777186 -0.001411728
0.0004793186 0.001647015
0.0004809186 0.004235183
0.0004825186 0.007058638
0.0004841186 0.008470365
0.0004857186 0.008470365
0.0004873186 0.007529213
0.0004889186 0.004941046
0.0004905186 0.001882303
0.0004921186 -0.002352879
0.0004937186 -0.005882198
0.0004953186 -0.009176229
0.0004969186 -0.01105853
0.0004985186 -0.01270555
0.0005001186 -0.01317612
0.0005017186 -0.01317612
0.0005033186 -0.01223497
0.0005049186 -0.01129382
0.0005065186 -0.008470365
0.0005081186 -0.006588062
0.0005097186 -0.003764607
0.0005113186 -0.002823455
0.0005129186 -0.001411728
0.0005145186 0.0002352879
0.0005161186 0.001647015
0.0005177186 0.003058743
0.0005193186 0.004705758
0.0005209186 0.006588062
0.0005225186 0.008235077
0.0005241186 0.009176229
0.0005257186 0.008940941
0.0005273186 0.007999789
0.0005289186 0.005411622
0.0005305186 0.003058743
0.0005321186 -0.0004705758
0.0005337186 -0.003999895
0.0005353186 -0.008235077
0.0005369186 -0.01270555
0.0005385186 -0.01599958
0.0005401186 -0.01929361
0.0005417186 -0.02235235
0.0005433186 -0.02399937
0.0005449186 -0.02446994
0.0005465186 -0.0254111
0.0005481186 -0.02564638
0.0005497186 -0.02611696
0.0005513186 -0.02588167
0.0005529186 -0.02658753
0.0005545186 -0.0272934
0.0005561186 -0.02799926
0.0005577186 -0.02799926
0.0005593186 -0.02870513
0.0005609186 -0.02776397
0.0005625186 -0.02658753
0.0005641186 -0.02494052
0.0005657186 -0.02352879
0.0005673186 -0.02047005
0.0005689186 -0.01788188
0.0005705186 -0.0136467
0.0005721186 -0.009176229
0.0005737186 -0.004941046
0.0005753186 -0.002823455
0.0005769186 0.0007058638
0.0005785186 0.001882303
0.0005801186 0.002823455
0.0005817186 0.002823455
0.0005833186 0.002117591
0.0005849186 0.0009411517
0.0005865186 -0.0002352879
0.0005881186 -0.001411728
0.0005897186 -0.003294031
0.0005913186 -0.004235183
0.0005929186 -0.004235183
0.0005945186 -0.005882198
0.0005961186 -0.005882198
0.0005977186 -0.007058638
0.0005993186 -0.007293925
0.0006009186 -0.008705653
0.0006025186 -0.008705653
0.0006041186 -0.009646805
0.0006057186 -0.01011738
0.0006073186 -0.01035267
0.0006089186 -0.009882093
0.0006105186 -0.009882093
0.0006121186 -0.008940941
0.0006137186 -0.009411517
0.0006153186 -0.007999789
0.0006169186 -0.007999789
0.0006185186 -0.007293925
0.0006201186 -0.006588062
0.0006217186 -0.004705758
0.0006233186 -0.003764607
0.0006249186 -0.001411728
0.0006265186 0
0.0006281186 0.0009411517
0.0006297186 0.002588167
0.0006313186 0.00447047
0.0006329186 0.00564691
0.0006345186 0.006352774
0.0006361186 0.006352774
0.0006377186 0.005882198
0.0006393186 0.005176334
0.0006409186 0.003294031
0.0006425186 0.001647015
0.0006441186 -0.001647015
0.0006457186 -0.006117486
0.0006473186 -0.009411517
0.0006489186 -0.01317612
0.0006505186 -0.01623487
0.0006521186 -0.01929361
0.0006537186 -0.02117591
0.0006553186 -0.02305822
0.0006569186 -0.02305822
0.0006585186 -0.02376408
0.0006601186 -0.02235235
0.0006617186 -0.02282293
0.0006633186 -0.02188178
0.0006649186 -0.02164649
0.0006665186 -0.02117591
0.0006681186 -0.01929361
0.0006697186 -0.01694073
0.0006713186 -0.01576429
0.0006729186 -0.01388199
0.0006745186 -0.01270555
0.0006761186 -0.0117644
0.0006777186 -0.01129382
0.0006793186 -0.01058796
0.0006809186 -0.0117644
0.0006825186 -0.01199968
0.0006841186 -0.0117644
0.0006857186 -0.0117644
0.0006873186 -0.0117644
0.0006889186 -0.01011738
0.0006905186 -0.009882093
0.0006921186 -0.007764501
0.0006937186 -0.00682335
0.0006953186 -0.003529319
0.0006969186 -0.0007058638
0.0006985186 0.003294031
0.0007001186 0.007764501
0.0007017186 0.01223497
0.0007033186 0.015529
0.0007049186 0.0195289
0.0007065186 0.0232935
0.0007081186 0.02588167
0.0007097186 0.02846984
0.0007113186 0.0291757
0.0007129186 0.02823455
0.0007145186 0.02752869
0.0007161186 0.02517581
0.0007177186 0.0232935
0.0007193186 0.02164649
0.0007209186 0.0195289
0.0007225186 0.01788188
0.0007241186 0.01670544
0.0007257186 0.015529
0.0007273186 0.0136467
0.0007289186 0.01223497
0.0007305186 0.01011738
0.0007321186 0.008235077
0.0007337186 0.006117486
0.0007353186 0.003999895
0.0007369186 0.002352879
0.0007385186 0.0007058638
0.0007401186 -0.0002352879
0.0007417186 -0.0002352879
0.0007433186 0.0002352879
0.0007449186 0.0007058638
0.0007465186 0.003294031
0.0007481186 0.00564691
0.0007497186 0.008470365
0.0007513186 0.01199968
0.0007529186 0.01482314
0.0007545186 0.01623487
0.0007561186 0.01811717
0.0007577186 0.0195289
0.0007593186 0.0214112
0.0007609186 0.02164649
0.0007625186 0.0214112
0.0007641186 0.02047005
0.0007657186 0.01976419
0.0007673186 0.01835246
0.0007689186 0.01647015
0.0007705186 0.0136467
0.0007721186 0.01105853
0.0007737186 0.007999789
0.0007753186 0.005882198
0.0007769186 0.003999895
0.0007785186 0.001647015
0.0007801186 0.0007058638
0.0007817186 0
0.0007833186 -0.0004705758
0.0007849186 0.0004705758
0.0007865186 0.002352879
0.0007881186 0.005176334
0.0007897186 0.007293925
0.0007913186 0.01105853
0.0007929186 0.01435256
0.0007945186 0.01835246
0.0007961186 0.02235235
0.0007977186 0.0254111
0.0007993186 0.02870513
0.0008009186 0.03199916
0.0008025186 0.03458732
0.0008041186 0.03623434
0.0008057186 0.03717549
0.0008073186 0.03788135
0.0008089186 0.03811664
0.0008105186 0.03741078
0.0008121186 0.03599905
0.0008137186 0.03482261
0.0008153186 0.03270502
0.0008169186 0.03082272
0.0008185186 0.02870513
0.0008201186 0.02635225
0.0008217186 0.02564638
0.0008233186 0.02399937
0.0008249186 0.02376408
0.0008265186 0.02258764
0.0008281186 0.02188178
0.0008297186 0.02094062
0.0008313186 0.02047005
0.0008329186 0.01976419
0.0008345186 0.01999947
0.0008361186 0.02047005
0.0008377186 0.02094062
0.0008393186 0.02117591
0.0008409186 0.02258764
0.0008425186 0.02282293
0.0008441186 0.02352879
0.0008457186 0.02352879
0.0008473186 0.02305822
0.0008489186 0.02211706
0.0008505186 0.02094062
0.0008521186 0.01929361
0.0008537186 0.01764659
0.0008553186 0.01599958
0.0008569186 0.0136467
0.0008585186 0.01223497
0.0008601186 0.01105853
0.0008617186 0.009882093
0.0008633186 0.01058796
0.0008649186 0.01035267
0.0008665186 0.01082324
0.0008681186 0.01199968
0.0008697186 0.01341141
0.0008713186 0.01576429
0.0008729186 0.01811717
0.0008745186 0.01929361
0.0008761186 0.01999947
0.0008777186 0.01999947
0.0008793186 0.01929361
0.0008809186 0.01835246
0.0008825186 0.01694073
0.0008841186 0.01647015
0.0008857186 0.01576429
0.0008873186 0.015529
0.0008889186 0.015529
0.0008905186 0.01529371
0.0008921186 0.01458785
0.0008937186 0.01435256
0.0008953186 0.01317612
0.0008969186 0.01247026
0.0008985186 0.01082324
0.0009001186 0.01058796
0.0009017186 0.01011738
0.0009033186 0.01035267
0.0009049186 0.01105853
0.0009065186 0.01270555
0.0009081186 0.0136467
0.0009097186 0.01529371
0.0009113186 0.01647015
0.0009129186 0.01788188
0.0009145186 0.01929361
0.0009161186 0.02023476
0.0009177186 0.02117591
0.0009193186 0.02211706
0.0009209186 0.02352879
0.0009225186 0.02399937
0.0009241186 0.02494052
0.0009257186 0.02564638
0.0009273186 0.02564638
0.0009289186 0.0254111
0.0009305186 0.02470523
0.0009321186 0.02494052
0.0009337186 0.02494052
0.0009353186 0.02446994
0.0009369186 0.02376408
0.0009385186 0.02282293
0.0009401186 0.02188178
0.0009417186 0.01999947
0.0009433186 0.01858775
0.0009449186 0.01623487
0.0009465186 0.01411728
0.0009481186 0.0136467
0.0009497186 0.01294084
0.0009513186 0.01247026
0.0009529186 0.01270555
0.0009545186 0.0136467
0.0009561186 0.01505843
0.0009577186 0.01764659
0.0009593186 0.0195289
0.0009609186 0.02211706
0.0009625186 0.02399937
0.0009641186 0.02446994
0.0009657186 0.02658753
0.0009673186 0.02682282
0.0009689186 0.02658753
0.0009705186 0.02705811
0.0009721186 0.02682282
0.0009737186 0.02658753
0.0009753186 0.02682282
0.0009769186 0.02752869
0.0009785186 0.0272934
0.0009801186 0.02776397
0.0009817186 0.02682282
0.0009833186 0.02658753
0.0009849186 0.02611696
0.0009865186 0.0254111
0.0009881186 0.02494052
0.0009897186 0.02494052
0.0009913186 0.02376408
0.0009929186 0.02470523
0.0009945186 0.02399937
0.0009961186 0.02446994
0.0009977186 0.02494052
0.0009993186 0.02376408
0.001000919 0.02305822
0.001002519 0.02164649
0.001004119 0.0214112
0.001005719 0.01929361
0.001007319 0.01764659
0.001008919 0.01623487
0.001010519 0.01482314
0.001012119 0.01388199
0.001013719 0.0136467
0.001015319 0.01411728
0.001016919 0.01458785
0.001018519 0.01458785
0.001020119 0.01505843
0.001021719 0.01576429
0.001023319 0.01599958
0.001024919 0.01529371
0.001026519 0.01435256
0.001028119 0.01435256
0.001029719 0.01341141
0.001031319 0.01294084
0.001032919 0.01294084
0.001034519 0.01294084
0.001036119 0.01317612
0.001037719 0.01341141
0.001039319 0.01435256
0.001040919 0.01576429
0.001042519 0.01717602
0.001044119 0.01858775
0.001045719 0.01999947
0.001047319 0.02047005
0.001048919 0.02164649
0.001050519 0.02235235
0.001052119 0.02258764
0.001053719 0.02164649
0.001055319 0.02094062
0.001056919 0.02047005
0.001058519 0.01999947
0.001060119 0.01835246
0.001061719 0.01788188
0.001063319 0.01694073
0.001064919 0.015529
0.001066519 0.01458785
0.001068119 0.01341141
0.001069719 0.01317612
0.001071319 0.01317612
0.001072919 0.01388199
0.001074519 0.01435256
0.001076119 0.01717602
0.001077719 0.01882303
0.001079319 0.02094062
0.001080919 0.02235235
0.001082519 0.02352879
0.001084119 0.02446994
0.001085719 0.02470523
0.001087319 0.02494052
0.001088919 0.02446994
0.001090519 0.02352879
0.001092119 0.02282293
0.001093719 0.02211706
0.001095319 0.02117591
0.001096919 0.02164649
0.001098519 0.02094062
0.001100119 0.02094062
0.001101719 0.02117591
0.001103319 0.02282293
0.001104919 0.0232935
0.001106519 0.02423466
0.001108119 0.02517581
0.001109719 0.02564638
0.001111319 0.02588167
0.001112919 0.02611696
0.001114519 0.02682282
0.001116119 0.02611696
0.001117719 0.02494052
0.001119319 0.02376408
0.001120919 0.02258764
0.001122519 0.02117591
0.001124119 0.01905832
0.001125719 0.01717602
0.001127319 0.01576429
0.001128919 0.01458785
0.001130519 0.01388199
0.001132119 0.0136467
0.001133719 0.01270555
0.001135319 0.01223497
0.001136919 0.01247026
0.001138519 0.01247026
0.001140119 0.01105853
0.001141719 0.01011738
0.001143319 0.008940941
0.001144919 0.007999789
0.001146519 0.006117486
0.001148119 0.00564691
0.001149719 0.005411622
0.001151319 0.00564691
0.001152919 0.006588062
0.001154519 0.007529213
0.001156119 0.008705653
0.001157719 0.009646805
0.001159319 0.01152911
0.001160919 0.01270555
0.001162519 0.0136467
0.001164119 0.0136467
0.001165719 0.01411728
0.001167319 0.0136467
0.001168919 0.01341141
0.001170519 0.01341141
0.001172119 0.01247026
0.001173719 0.01223497
0.001175319 0.01082324
0.001176919 0.01105853
0.001178519 0.01082324
0.001180119 0.01035267
0.001181719 0.01058796
0.001183319 0.01082324
0.001184919 0.01082324
0.001186519 0.0117644
0.001188119 0.01223497
0.001189719 0.01270555
0.001191319 0.01317612
0.001192919 0.01505843
0.001194519 0.01647015
0.001196119 0.01788188
0.001197719 0.01976419
0.001199319 0.02070534
0.001200919 0.02164649
0.001202519 0.02258764
0.001204119 0.02282293
0.001205719 0.02305822
0.001207319 0.02258764
0.001208919 0.02235235
0.001210519 0.02164649
0.001212119 0.02117591
0.001213719 0.02070534
0.001215319 0.02094062
0.001216919 0.02023476
0.001218519 0.02164649
0.001220119 0.02258764
0.001221719 0.02258764
0.001223319 0.02305822
0.001224919 0.02399937
0.001226519 0.02494052
0.001228119 0.02423466
0.001229719 0.02399937
0.001231319 0.02305822
0.001232919 0.02188178
0.001234519 0.02070534
0.001236119 0.01905832
0.001237719 0.01694073
0.001239319 0.01576429
0.001240919 0.0136467
0.001242519 0.01199968
0.001244119 0.01011738
0.001245719 0.008470365
0.001247319 0.00682335
0.001248919 0.005411622
0.001250519 0.00447047
0.001252119 0.003529319
0.001253719 0.002588167
0.001255319 0.002588167
0.001256919 0.002352879
0.001258519 0.002823455
0.001260119 0.003999895
0.001261719 0.004235183
0.001263319 0.005411622
0.001264919 0.006588062
0.001266519 0.007764501
0.001268119 0.008470365
0.001269719 0.009176229
0.001271319 0.008940941
0.001272919 0.008940941
0.001274519 0.008705653
0.001276119 0.008705653
0.001277719 0.008235077
0.001279319 0.008705653
0.001280919 0.009411517
0.001282519 0.009882093
0.001284119 0.01058796
0.001285719 0.01105853
0.001287319 0.01105853
0.001288919 0.01082324
0.001290519 0.01058796
0.001292119 0.009882093
0.001293719 0.009646805
0.001295319 0.009411517
0.001296919 0.009646805
0.001298519 0.009882093
0.001300119 0.01082324
0.001301719 0.01199968
0.001303319 0.01388199
0.001304919 0.01482314
0.001306519 0.01647015
0.001308119 0.01764659
0.001309719 0.01788188
0.001311319 0.01882303
0.001312919 0.01929361
0.001314519 0.01882303
0.001316119 0.01835246
0.001317719 0.01717602
0.001319319 0.01623487
0.001320919 0.01505843
0.001322519 0.0136467
0.001324119 0.01247026
0.001325719 0.01129382
0.001327319 0.009646805
0.001328919 0.007293925
0.001330519 0.006117486
0.001332119 0.003529319
0.001333719 0.002117591
0.001335319 0.0002352879
0.001336919 -0.0009411517
0.001338519 -0.002117591
0.001340119 -0.002823455
0.001341719 -0.003058743
0.001343319 -0.003294031
0.001344919 -0.002352879
0.001346519 -0.002823455
0.001348119 -0.001411728
0.001349719 -0.00117644
0.001351319 -0.0007058638
0.001352919 -0.0007058638
0.001354519 -0.0004705758
0.001356119 0.0004705758
0.001357719 0.00117644
0.001359319 0.002117591
0.001360919 0.003294031
0.001362519 0.004235183
0.001364119 0.005176334
0.001365719 0.006352774
0.001367319 0.007764501
0.001368919 0.009176229
0.001370519 0.01058796
0.001372119 0.01129382
0.001373719 0.01223497
0.001375319 0.0136467
0.001376919 0.01388199
0.001378519 0.01482314
0.001380119 0.01576429
0.001381719 0.01505843
0.001383319 0.015529
0.001384919 0.01576429
0.001386519 0.015529
0.001388119 0.01623487
0.001389719 0.015529
0.001391319 0.01576429
0.001392919 0.01576429
0.001394519 0.01576429
0.001396119 0.01599958
0.001397719 0.01529371
0.001399319 0.01647015
0.001400919 0.01529371
0.001402519 0.01458785
0.001404119 0.01411728
0.001405719 0.01341141
0.001407319 0.01294084
0.001408919 0.01294084
0.001410519 0.01247026
0.001412119 0.01199968
0.001413719 0.0117644
0.001415319 0.0117644
0.001416919 0.01199968
0.001418519 0.01223497
0.001420119 0.01294084
0.001421719 0.01317612
0.001423319 0.0136467
0.001424919 0.01435256
0.001426519 0.01482314
0.001428119 0.01529371
0.001429719 0.01576429
0.001431319 0.01599958
0.001432919 0.01647015
0.001434519 0.01647015
0.001436119 0.01647015
0.001437719 0.01623487
0.001439319 0.01623487
0.001440919 0.01670544
0.001442519 0.01670544
0.001444119 0.01741131
0.001445719 0.01764659
0.001447319 0.01811717
0.001448919 0.01788188
0.001450519 0.01811717
0.001452119 0.01717602
0.001453719 0.01670544
0.001455319 0.015529
0.001456919 0.0136467
0.001458519 0.01341141
0.001460119 0.01223497
0.001461719 0.01152911
0.001463319 0.01035267
0.001464919 0.009646805
0.001466519 0.009646805
0.001468119 0.009411517
0.001469719 0.01058796
0.001471319 0.01105853
0.001472919 0.01129382
0.001474519 0.01294084
0.001476119 0.01458785
0.001477719 0.01529371
0.001479319 0.01647015
0.001480919 0.01858775
0.001482519 0.01929361
0.001484119 0.02047005
0.001485719 0.02047005
0.001487319 0.0214112
0.001488919 0.02211706
0.001490519 0.02235235
0.001492119 0.02282293
0.001493719 0.02282293
0.001495319 0.02235235
0.001496919 0.02188178
0.001498519 0.01999947
0.001500119 0.01999947
0.001501719 0.01882303
0.001503319 0.01764659
0.001504919 0.01694073
0.001506519 0.01623487
0.001508119 0.01576429
0.001509719 0.01482314
0.001511319 0.01435256
0.001512919 0.01411728
0.001514519 0.01411728
0.001516119 0.01341141
0.001517719 0.01294084
0.001519319 0.01294084
0.001520919 0.01317612
0.001522519 0.01341141
0.001524119 0.01411728
0.001525719 0.01458785
0.001527319 0.01505843
0.001528919 0.01623487
0.001530519 0.01741131
0.001532119 0.01905832
0.001533719 0.01976419
0.001535319 0.02164649
0.001536919 0.02235235
0.001538519 0.02305822
0.001540119 0.0232935
0.001541719 0.0232935
0.001543319 0.02423466
0.001544919 0.02352879
0.001546519 0.02258764
0.001548119 0.02188178
0.001549719 0.02164649
0.001551319 0.01999947
0.001552919 0.01858775
0.001554519 0.01623487
0.001556119 0.01482314
0.001557719 0.01411728
0.001559319 0.0117644
0.001560919 0.01035267
0.001562519 0.009176229
0.001564119 0.008470365
0.001565719 0.007529213
0.001567319 0.007293925
0.001568919 0.00682335
0.001570519 0.007058638
0.001572119 0.006588062
0.001573719 0.00682335
0.001575319 0.007529213
0.001576919 0.007529213
0.001578519 0.007764501
0.001580119 0.008235077
0.001581719 0.009176229
0.001583319 0.01011738
0.001584919 0.01058796
0.001586519 0.01129382
0.001588119 0.01129382
0.001589719 0.01129382
0.001591319 0.01129382
0.001592919 0.01058796
0.001594519 0.01105853
0.001596119 0.01058796
0.001597719 0.009882093
0.001599319 0.01035267
0.001600919 0.009176229
0.001602519 0.009882093
0.001604119 0.008940941
0.001605719 0.008235077
0.001607319 0.007764501
0.001608919 0.006588062
0.001610519 0.005176334
0.001612119 0.004235183
0.001613719 0.002823455
0.001615319 0.0009411517
0.001616919 0.0007058638
0.001618519 -0.0007058638
0.001620119 -0.0009411517
0.001621719 -0.0009411517
0.001623319 -0.001411728
0.001624919 -0.002352879
0.001626519 -0.002352879
0.001628119 -0.003058743
0.001629719 -0.003294031
0.001631319 -0.003294031
0.001632919 -0.003294031
0.001634519 -0.002588167
0.001636119 -0.002588167
0.001637719 -0.003058743
0.001639319 -0.002823455
0.001640919 -0.002823455
0.001642519 -0.003294031
0.001644119 -0.003294031
0.001645719 -0.003764607
0.001647319 -0.004705758
0.001648919 -0.004235183
0.001650519 -0.004705758
0.001652119 -0.004235183
0.001653719 -0.005176334
0.001655319 -0.004235183
0.001656919 -0.003764607
0.001658519 -0.003294031
0.001660119 -0.003058743
0.001661719 -0.002117591
0.001663319 -0.002588167
0.001664919 -0.002352879
0.001666519 -0.003294031
0.001668119 -0.003294031
0.001669719 -0.003999895
0.001671319 -0.003764607
0.001672919 -0.00447047
0.001674519 -0.003764607
0.001676119 -0.003999895
0.001677719 -0.003764607
0.001679319 -0.003999895
0.001680919 -0.003294031
0.001682519 -0.003999895
0.001684119 -0.004235183
0.001685719 -0.005411622
0.001687319 -0.00564691
0.001688919 -0.007529213
0.001690519 -0.007293925
0.001692119 -0.009176229
0.001693719 -0.01011738
0.001695319 -0.01058796
0.001696919 -0.01152911
0.001698519 -0.01247026
0.001700119 -0.01294084
0.001701719 -0.0136467
0.001703319 -0.01411728
0.001704919 -0.015529
0.001706519 -0.01576429
0.001708119 -0.01717602
0.001709719 -0.01835246
0.001711319 -0.01999947
0.001712919 -0.02117591
0.001714519 -0.02188178
0.001716119 -0.02305822
0.001717719 -0.02399937
0.001719319 -0.02376408
0.001720919 -0.02470523
0.001722519 -0.02399937
0.001724119 -0.02470523
0.001725719 -0.02399937
0.001727319 -0.0232935
0.001728919 -0.02305822
0.001730519 -0.02258764
0.001732119 -0.02211706
0.001733719 -0.02164649
0.001735319 -0.02164649
0.001736919 -0.02188178
0.001738519 -0.0214112
0.001740119 -0.0214112
0.001741719 -0.02164649
0.001743319 -0.02094062
0.001744919 -0.02047005
0.001746519 -0.02047005
0.001748119 -0.01905832
0.001749719 -0.01811717
0.001751319 -0.01717602
0.001752919 -0.01576429
0.001754519 -0.015529
0.001756119 -0.01388199
0.001757719 -0.0136467
0.001759319 -0.01294084
0.001760919 -0.01294084
0.001762519 -0.01270555
0.001764119 -0.0117644
0.001765719 -0.01294084
0.001767319 -0.01247026
0.001768919 -0.01341141
0.001770519 -0.0136467
0.001772119 -0.01458785
0.001773719 -0.01482314
0.001775319 -0.01529371
0.001776919 -0.01647015
0.001778519 -0.01764659
0.001780119 -0.0195289
0.001781719 -0.02117591
0.001783319 -0.02188178
0.001784919 -0.02376408
0.001786519 -0.02446994
0.001788119 -0.02588167
0.001789719 -0.02682282
0.001791319 -0.02776397
0.001792919 -0.02799926
0.001794519 -0.02823455
0.001796119 -0.02752869
0.001797719 -0.02799926
0.001799319 -0.02682282
0.001800919 -0.02588167
0.001802519 -0.02470523
0.001804119 -0.02446994
0.001805719 -0.0232935
0.001807319 -0.02282293
0.001808919 -0.02235235
0.001810519 -0.02211706
0.001812119 -0.0214112
0.001813719 -0.0214112
0.001815319 -0.02164649
0.001816919 -0.02211706
0.001818519 -0.02188178
0.001820119 -0.02235235
0.001821719 -0.02258764
0.001823319 -0.02164649
0.001824919 -0.02258764
0.001826519 -0.02235235
0.001828119 -0.02258764
0.001829719 -0.02258764
0.001831319 -0.0232935
0.001832919 -0.02352879
0.001834519 -0.02352879
0.001836119 -0.0232935
0.001837719 -0.0232935
0.001839319 -0.02258764
0.001840919 -0.02164649
0.001842519 -0.02094062
0.001844119 -0.01999947
0.001845719 -0.01882303
0.001847319 -0.01623487
0.001848919 -0.015529
0.001850519 -0.01341141
0.001852119 -0.01247026
0.001853719 -0.01058796
0.001855319 -0.008940941
0.001856919 -0.006588062
0.001858519 -0.007058638
0.001860119 -0.006117486
0.001861719 -0.006352774
0.001863319 -0.006117486
0.001864919 -0.006588062
0.001866519 -0.006588062
0.001868119 -0.007529213
0.001869719 -0.007529213
0.001871319 -0.009176229
0.001872919 -0.009176229
0.001874519 -0.009411517
0.001876119 -0.009176229
0.001877719 -0.01058796
0.001879319 -0.01011738
0.001880919 -0.01058796
0.001882519 -0.01105853
0.001884119 -0.0117644
0.001885719 -0.0117644
0.001887319 -0.01341141
0.001888919 -0.0136467
0.001890519 -0.01482314
0.001892119 -0.01505843
0.001893719 -0.01623487
0.001895319 -0.01670544
0.001896919 -0.01741131
0.001898519 -0.01741131
0.001900119 -0.01788188
0.001901719 -0.01694073
0.001903319 -0.01647015
0.001904919 -0.015529
0.001906519 -0.01529371
0.001908119 -0.01388199
0.001909719 -0.01411728
0.001911319 -0.01247026
0.001912919 -0.01247026
0.001914519 -0.01152911
0.001916119 -0.01129382
0.001917719 -0.01058796
0.001919319 -0.01105853
0.001920919 -0.01082324
0.001922519 -0.01035267
0.001924119 -0.009882093
0.001925719 -0.009411517
0.001927319 -0.008705653
0.001928919 -0.008940941
0.001930519 -0.008235077
0.001932119 -0.007999789
0.001933719 -0.007058638
0.001935319 -0.008235077
0.001936919 -0.007529213
0.001938519 -0.008235077
0.001940119 -0.007293925
0.001941719 -0.007293925
0.001943319 -0.006352774
0.001944919 -0.006117486
0.001946519 -0.00564691
0.001948119 -0.005882198
0.001949719 -0.004705758
0.001951319 -0.00447047
0.001952919 -0.003529319
0.001954519 -0.002588167
0.001956119 -0.001411728
0.001957719 -0.0002352879
0.001959319 0.001647015
0.001960919 0.002117591
0.001962519 0.002823455
0.001964119 0.003058743
0.001965719 0.003529319
0.001967319 0.003294031
0.001968919 0.003294031
0.001970519 0.003764607
0.001972119 0.003529319
0.001973719 0.003058743
0.001975319 0.002823455
0.001976919 0.002588167
0.001978519 0.002352879
0.001980119 0.002117591
0.001981719 0.001882303
0.001983319 0.0009411517
0.001984919 0.0004705758
0.001986519 -0.0002352879
0.001988119 -0.00117644
0.001989719 -0.001882303
0.001991319 -0.001882303
0.001992919 -0.002352879
0.001994519 -0.002352879
0.001996119 -0.003058743
0.001997719 -0.002588167
0.001999319 -0.003058743
0.002000919 -0.002117591
0.002002519 -0.003058743
0.002004119 -0.002588167
0.002005719 -0.003058743
0.002007319 -0.002588167
0.002008919 -0.002823455
0.002010519 -0.003294031
0.002012119 -0.003294031
0.002013719 -0.002588167
0.002015319 -0.003294031
0.002016919 -0.001882303
0.002018519 -0.002352879
0.002020119 -0.0009411517
0.002021719 -0.00117644
0.002023319 -0.0009411517
0.002024919 -0.001411728
0.002026519 -0.0007058638
0.002028119 0
0.002029719 0.0002352879
0.002031319 0.001411728
0.002032919 0.00117644
0.002034519 0.002823455
0.002036119 0.003294031
0.002037719 0.003999895
0.002039319 0.00447047
0.002040919 0.005176334
0.002042519 0.005882198
0.002044119 0.005176334
0.002045719 0.005176334
0.002047319 0.005882198
0.002048919 0.005411622
0.002050519 0.00564691
0.002052119 0.006352774
0.002053719 0.006117486
0.002055319 0.00682335
0.002056919 0.007999789
0.002058519 0.008705653
0.002060119 0.009646805
0.002061719 0.01058796
0.002063319 0.01129382
0.002064919 0.0117644
0.002066519 0.01199968
0.002068119 0.01152911
0.002069719 0.01058796
0.002071319 0.009882093
0.002072919 0.009176229
0.002074519 0.007999789
0.002076119 0.007293925
0.002077719 0.006352774
0.002079319 0.005882198
0.002080919 0.005176334
0.002082519 0.004705758
0.002084119 0.003764607
0.002085719 0.003294031
0.002087319 0.003529319
0.002088919 0.003294031
0.002090519 0.003764607
0.002092119 0.002823455
0.002093719 0.003294031
0.002095319 0.002823455
0.002096919 0.002588167
0.002098519 0.002117591
0.002100119 0.001882303
0.002101719 0.00117644
0.002103319 0.0009411517
0.002104919 0
0.002106519 -0.001647015
0.002108119 -0.002352879
0.002109719 -0.002352879
0.002111319 -0.003529319
0.002112919 -0.003294031
0.002114519 -0.003999895
0.002116119 -0.004235183
0.002117719 -0.004235183
0.002119319 -0.004235183
0.002120919 -0.003999895
0.002122519 -0.00447047
0.002124119 -0.00447047
0.002125719 -0.00447047
0.002127319 -0.004941046
0.002128919 -0.004705758
0.002130519 -0.005411622
0.002132119 -0.004705758
0.002133719 -0.005411622
0.002135319 -0.005411622
0.002136919 -0.006588062
0.002138519 -0.007058638
0.002140119 -0.007529213
0.002141719 -0.007529213
0.002143319 -0.008705653
0.002144919 -0.007999789
0.002146519 -0.009176229
0.002148119 -0.008470365
0.002149719 -0.009176229
0.002151319 -0.007764501
0.002152919 -0.007999789
0.002154519 -0.006588062
0.002156119 -0.005411622
0.002157719 -0.003999895
0.002159319 -0.002588167
0.002160919 -0.0009411517
0.002162519 0
0.002164119 0.00117644
0.002165719 0.002588167
0.002167319 0.002823455
0.002168919 0.003058743
0.002170519 0.002352879
0.002172119 0.002352879
0.002173719 0.0007058638
0.002175319 0
0.002176919 -0.0009411517
0.002178519 -0.002588167
0.002180119 -0.003999895
0.002181719 -0.006352774
0.002183319 -0.006588062
0.002184919 -0.009176229
0.002186519 -0.009176229
0.002188119 -0.01129382
0.002189719 -0.0117644
0.002191319 -0.01247026
0.002192919 -0.01247026
0.002194519 -0.01294084
0.002196119 -0.0136467
0.002197719 -0.01294084
0.002199319 -0.01341141
0.002200919 -0.0136467
0.002202519 -0.01388199
0.002204119 -0.01458785
0.002205719 -0.01388199
0.002207319 -0.01505843
0.002208919 -0.01482314
0.002210519 -0.01505843
0.002212119 -0.01482314
0.002213719 -0.01482314
0.002215319 -0.01505843
0.002216919 -0.01505843
0.002218519 -0.01458785
0.002220119 -0.01529371
0.002221719 -0.01505843
0.002223319 -0.015529
0.002224919 -0.015529
0.002226519 -0.01529371
0.002228119 -0.01576429
0.002229719 -0.01599958
0.002231319 -0.01623487
0.002232919 -0.01694073
0.002234519 -0.01717602
0.002236119 -0.01717602
0.002237719 -0.01788188
0.002239319 -0.01764659
0.002240919 -0.01741131
0.002242519 -0.01741131
0.002244119 -0.01694073
0.002245719 -0.01647015
0.002247319 -0.015529
0.002248919 -0.01505843
0.002250519 -0.01435256
0.002252119 -0.01388199
0.002253719 -0.0117644
0.002255319 -0.01152911
0.002256919 -0.01035267
0.002258519 -0.01035267
0.002260119 -0.008705653
0.002261719 -0.009176229
0.002263319 -0.008470365
0.002264919 -0.008940941
0.002266519 -0.009176229
0.002268119 -0.01035267
0.002269719 -0.01058796
0.002271319 -0.01199968
0.002272919 -0.01247026
0.002274519 -0.01341141
0.002276119 -0.0136467
0.002277719 -0.01482314
0.002279319 -0.01505843
0.002280919 -0.01529371
0.002282519 -0.01505843
0.002284119 -0.01435256
0.002285719 -0.01388199
0.002287319 -0.01411728
0.002288919 -0.01341141
0.002290519 -0.0136467
0.002292119 -0.01247026
0.002293719 -0.01270555
0.002295319 -0.01270555
0.002296919 -0.01317612
0.002298519 -0.01247026
0.002300119 -0.01411728
0.002301719 -0.01411728
0.002303319 -0.01505843
0.002304919 -0.01482314
0.002306519 -0.01623487
0.002308119 -0.01599958
0.002309719 -0.01670544
0.002311319 -0.01670544
0.002312919 -0.01717602
0.002314519 -0.01717602
0.002316119 -0.01741131
0.002317719 -0.01811717
0.002319319 -0.01905832
0.002320919 -0.01905832
0.002322519 -0.01905832
0.002324119 -0.0195289
0.002325719 -0.01999947
0.002327319 -0.0195289
0.002328919 -0.01976419
0.002330519 -0.02023476
0.002332119 -0.01999947
0.002333719 -0.01999947
0.002335319 -0.0195289
0.002336919 -0.01929361
0.002338519 -0.0195289
0.002340119 -0.0195289
0.002341719 -0.01905832
0.002343319 -0.01811717
0.002344919 -0.01788188
0.002346519 -0.01670544
0.002348119 -0.01599958
0.002349719 -0.01505843
0.002351319 -0.01458785
0.002352919 -0.01341141
0.002354519 -0.01247026
0.002356119 -0.01129382
0.002357719 -0.01035267
0.002359319 -0.008940941
0.002360919 -0.008940941
0.002362519 -0.007999789
0.002364119 -0.008235077
0.002365719 -0.006588062
0.002367319 -0.006352774
0.002368919 -0.006117486
0.002370519 -0.006588062
0.002372119 -0.006117486
0.002373719 -0.006588062
0.002375319 -0.00564691
0.002376919 -0.006352774
0.002378519 -0.005882198
0.002380119 -0.007058638
0.002381719 -0.006588062
0.002383319 -0.007293925
0.002384919 -0.006588062
0.002386519 -0.008235077
0.002388119 -0.007764501
0.002389719 -0.008940941
0.002391319 -0.007999789
0.002392919 -0.008705653
0.002394519 -0.009176229
0.002396119 -0.01058796
0.002397719 -0.01035267
0.002399319 -0.01082324
0.002400919 -0.009882093
0.002402519 -0.01105853
0.002404119 -0.01058796
0.002405719 -0.01152911
0.002407319 -0.01058796
0.002408919 -0.01082324
0.002410519 -0.01011738
0.002412119 -0.01058796
0.002413719 -0.009411517
0.002415319 -0.008940941
0.002416919 -0.007999789
0.002418519 -0.007293925
0.002420119 -0.006117486
0.002421719 -0.00564691
0.002423319 -0.003764607
0.002424919 -0.003764607
0.002426519 -0.001882303
0.002428119 -0.0007058638
0.002429719 -0.0007058638
0.002431319 0
0.002432919 0.0007058638
0.002434519 0.00117644
0.002436119 0.00117644
0.002437719 0.001411728
0.002439319 0.00117644
0.002440919 0.0004705758
0.002442519 0
0.002444119 -0.0004705758
0.002445719 -0.0009411517
0.002447319 -0.001411728
0.002448919 -0.002117591
0.002450519 -0.002588167
0.002452119 -0.002352879
0.002453719 -0.002823455
0.002455319 -0.002823455
0.002456919 -0.002588167
0.002458519 -0.002117591
0.002460119 -0.002117591
0.002461719 -0.0007058638
0.002463319 -0.0004705758
0.002464919 0.0007058638
0.002466519 0.001647015
0.002468119 0.003058743
0.002469719 0.003999895
0.002471319 0.005411622
0.002472919 0.006117486
0.002474519 0.007764501
0.002476119 0.008235077
0.002477719 0.009411517
0.002479319 0.009882093
0.002480919 0.01035267
0.002482519 0.01082324
0.002484119 0.01058796
0.002485719 0.01011738
0.002487319 0.009411517
0.002488919 0.009882093
0.002490519 0.008705653
0.002492119 0.008235077
0.002493719 0.007764501
0.002495319 0.007058638
0.002496919 0.00682335
0.002498519 0.006352774
0.002500119 0.006117486
0.002501719 0.006117486
0.002503319 0.005882198
0.002504919 0.006588062
0.002506519 0.006352774
0.002508119 0.007293925
0.002509719 0.007529213
0.002511319 0.008470365
0.002512919 0.008470365
0.002514519 0.008940941
0.002516119 0.008940941
0.002517719 0.009882093
0.002519319 0.009646805
0.002520919 0.01011738
0.002522519 0.01011738
0.002524119 0.01058796
0.002525719 0.01129382
0.002527319 0.0117644
0.002528919 0.01270555
0.002530519 0.01294084
0.002532119 0.0136467
0.002533719 0.01411728
0.002535319 0.01529371
0.002536919 0.01623487
0.002538519 0.01670544
0.002540119 0.01741131
0.002541719 0.01764659
0.002543319 0.01788188
0.002544919 0.01811717
0.002546519 0.01741131
0.002548119 0.01788188
0.002549719 0.01741131
0.002551319 0.01694073
0.002552919 0.01623487
0.002554519 0.01623487
0.002556119 0.01529371
0.002557719 0.01529371
0.002559319 0.01341141
0.002560919 0.01294084
0.002562519 0.01247026
0.002564119 0.01223497
0.002565719 0.0117644
0.002567319 0.01105853
0.002568919 0.01129382
0.002570519 0.0117644
0.002572119 0.01152911
0.002573719 0.01223497
0.002575319 0.01294084
0.002576919 0.01341141
0.002578519 0.0136467
0.002580119 0.01482314
0.002581719 0.01505843
0.002583319 0.01529371
0.002584919 0.01623487
0.002586519 0.01647015
0.002588119 0.01670544
0.002589719 0.01764659
0.002591319 0.01741131
0.002592919 0.01670544
0.002594519 0.01623487
0.002596119 0.01623487
0.002597719 0.015529
0.002599319 0.015529
0.002600919 0.01388199
0.002602519 0.01317612
0.002604119 0.01270555
0.002605719 0.01152911
0.002607319 0.01129382
0.002608919 0.01105853
0.002610519 0.01011738
0.002612119 0.01011738
0.002613719 0.009646805
0.002615319 0.009176229
0.002616919 0.008705653
0.002618519 0.008235077
0.002620119 0.008705653
0.002621719 0.008235077
0.002623319 0.008235077
0.002624919 0.008235077
0.002626519 0.008470365
0.002628119 0.007764501
0.002629719 0.008235077
0.002631319 0.007999789
0.002632919 0.007999789
0.002634519 0.008235077
0.002636119 0.007999789
0.002637719 0.007999789
0.002639319 0.007529213
0.002640919 0.006352774
0.002642519 0.006117486
0.002644119 0.00564691
0.002645719 0.00447047
0.002647319 0.004941046
0.002648919 0.00447047
0.002650519 0.004235183
0.002652119 0.003764607
0.002653719 0.004235183
0.002655319 0.003999895
0.002656919 0.004705758
0.002658519 0.00447047
0.002660119 0.004941046
0.002661719 0.005411622
0.002663319 0.006352774
0.002664919 0.00682335
0.002666519 0.00682335
0.002668119 0.007529213
0.002669719 0.007764501
0.002671319 0.008235077
0.002672919 0.008705653
0.002674519 0.008470365
0.002676119 0.008705653
0.002677719 0.008470365
0.002679319 0.008235077
0.002680919 0.007764501
0.002682519 0.007999789
0.002684119 0.007293925
0.002685719 0.006588062
0.002687319 0.006588062
0.002688919 0.00682335
0.002690519 0.006117486
0.002692119 0.005882198
0.002693719 0.005882198
0.002695319 0.005411622
0.002696919 0.005176334
0.002698519 0.003999895
0.002700119 0.003999895
0.002701719 0.003294031
0.002703319 0.002823455
0.002704919 0.002823455
0.002706519 0.001647015
0.002708119 0.001411728
0.002709719 0.0009411517
0.002711319 0.00117644
0.002712919 0.0009411517
0.002714519 0.0009411517
0.002716119 0.0009411517
0.002717719 0.001882303
0.002719319 0.002352879
0.002720919 0.003058743
0.002722519 0.003529319
0.002724119 0.003764607
0.002725719 0.003999895
0.002727319 0.004705758
0.002728919 0.00564691
0.002730519 0.005411622
0.002732119 0.005882198
0.002733719 0.006117486
0.002735319 0.006352774
0.002736919 0.00682335
0.002738519 0.006588062
0.002740119 0.006588062
0.002741719 0.006117486
0.002743319 0.00682335
0.002744919 0.007058638
0.002746519 0.007293925
0.002748119 0.007293925
0.002749719 0.007529213
0.002751319 0.007764501
0.002752919 0.008470365
0.002754519 0.009411517
0.002756119 0.009646805
0.002757719 0.01011738
0.002759319 0.01082324
0.002760919 0.01129382
0.002762519 0.01152911
0.002764119 0.01129382
0.002765719 0.01105853
0.002767319 0.01152911
0.002768919 0.01129382
0.002770519 0.01105853
0.002772119 0.01011738
0.002773719 0.01058796
0.002775319 0.009176229
0.002776919 0.009411517
0.002778519 0.008705653
0.002780119 0.007999789
0.002781719 0.006588062
0.002783319 0.006117486
0.002784919 0.005411622
0.002786519 0.003999895
0.002788119 0.003529319
0.002789719 0.002823455
0.002791319 0.002588167
0.002792919 0.001647015
0.002794519 0.00117644
0.002796119 0.001411728
0.002797719 0.0007058638
0.002799319 0.0009411517
0.002800919 0.00117644
0.002802519 0.0009411517
0.002804119 0.0009411517
0.002805719 0.0007058638
0.002807319 0.0007058638
0.002808919 0.0007058638
0.002810519 0.001647015
0.002812119 0.00117644
0.002813719 0.001882303
0.002815319 0.002823455
0.002816919 0.003058743
0.002818519 0.003764607
0.002820119 0.00447047
0.002821719 0.005882198
0.002823319 0.00564691
0.002824919 0.006352774
0.002826519 0.007293925
0.002828119 0.008235077
0.002829719 0.008705653
0.002831319 0.009646805
0.002832919 0.01082324
0.002834519 0.01129382
0.002836119 0.01223497
0.002837719 0.01270555
0.002839319 0.01317612
0.002840919 0.01341141
0.002842519 0.01482314
0.002844119 0.01505843
0.002845719 0.01623487
0.002847319 0.01529371
0.002848919 0.01599958
0.002850519 0.01576429
0.002852119 0.01623487
0.002853719 0.01529371
0.002855319 0.01576429
0.002856919 0.01576429
0.002858519 0.01529371
0.002860119 0.015529
0.002861719 0.015529
0.002863319 0.01529371
0.002864919 0.01505843
0.002866519 0.01458785
0.002868119 0.01411728
0.002869719 0.0136467
0.002871319 0.01341141
0.002872919 0.01317612
0.002874519 0.01294084
0.002876119 0.01317612
0.002877719 0.01294084
0.002879319 0.01270555
0.002880919 0.01294084
0.002882519 0.01317612
0.002884119 0.01294084
0.002885719 0.01223497
0.002887319 0.01247026
0.002888919 0.01129382
0.002890519 0.01129382
0.002892119 0.01035267
0.002893719 0.01011738
0.002895319 0.009411517
0.002896919 0.009411517
0.002898519 0.007999789
0.002900119 0.007529213
0.002901719 0.007293925
0.002903319 0.006352774
0.002904919 0.006352774
0.002906519 0.005176334
0.002908119 0.004941046
0.002909719 0.003999895
0.002911319 0.003764607
0.002912919 0.003999895
0.002914519 0.003764607
0.002916119 0.003999895
0.002917719 0.003999895
0.002919319 0.004705758
0.002920919 0.005411622
0.002922519 0.005882198
0.002924119 0.006352774
0.002925719 0.00682335
0.002927319 0.007293925
0.002928919 0.007999789
0.002930519 0.007764501
0.002932119 0.008235077
0.002933719 0.008235077
0.002935319 0.008470365
0.002936919 0.008235077
0.002938519 0.009176229
0.002940119 0.008705653
0.002941719 0.008940941
0.002943319 0.009176229
0.002944919 0.009882093
0.002946519 0.01011738
0.002948119 0.01082324
0.002949719 0.01105853
0.002951319 0.01105853
0.002952919 0.01199968
0.002954519 0.01247026
0.002956119 0.01223497
0.002957719 0.01152911
0.002959319 0.01199968
0.002960919 0.01199968
0.002962519 0.01105853
0.002964119 0.01035267
0.002965719 0.009882093
0.002967319 0.008940941
0.002968919 0.008235077
0.002970519 0.007764501
0.002972119 0.006352774
0.002973719 0.006117486
0.002975319 0.006117486
0.002976919 0.004705758
0.002978519 0.003999895
0.002980119 0.003529319
0.002981719 0.003294031
0.002983319 0.002823455
0.002984919 0.002117591
0.002986519 0.00117644
0.002988119 0.0007058638
0.002989719 0.0002352879
0.002991319 -0.0007058638
0.002992919 -0.0007058638
0.002994519 -0.00117644
0.002996119 -0.00117644
0.002997719 -0.002117591
0.002999319 -0.002352879
0.003000919 -0.003058743
0.003002519 -0.003058743
0.003004119 -0.004235183
0.003005719 -0.003294031
0.003007319 -0.00447047
0.003008919 -0.003999895
0.003010519 -0.00447047
0.003012119 -0.003999895
0.003013719 -0.004705758
0.003015319 -0.003999895
0.003016919 -0.003999895
0.003018519 -0.003058743
0.003020119 -0.003058743
0.003021719 -0.001411728
0.003023319 -0.001647015
0.003024919 -0.0009411517
0.003026519 0
0.003028119 0.0007058638
0.003029719 0.0009411517
0.003031319 0.002588167
0.003032919 0.002588167
0.003034519 0.003529319
0.003036119 0.004235183
0.003037719 0.004941046
0.003039319 0.006117486
0.003040919 0.006352774
0.003042519 0.007293925
0.003044119 0.007293925
0.003045719 0.007764501
0.003047319 0.007764501
0.003048919 0.008705653
0.003050519 0.008470365
0.003052119 0.009411517
0.003053719 0.009411517
0.003055319 0.009646805
0.003056919 0.009176229
0.003058519 0.01058796
0.003060119 0.01035267
0.003061719 0.01058796
0.003063319 0.01105853
0.003064919 0.01058796
0.003066519 0.0117644
0.003068119 0.0117644
0.003069719 0.01247026
0.003071319 0.01223497
0.003072919 0.01270555
0.003074519 0.01294084
0.003076119 0.0136467
0.003077719 0.01294084
0.003079319 0.01317612
0.003080919 0.01317612
0.003082519 0.01247026
0.003084119 0.01247026
0.003085719 0.01223497
0.003087319 0.01152911
0.003088919 0.01082324
0.003090519 0.009882093
0.003092119 0.008940941
0.003093719 0.008235077
0.003095319 0.006588062
0.003096919 0.005882198
0.003098519 0.005176334
0.003100119 0.004705758
0.003101719 0.004235183
0.003103319 0.003999895
0.003104919 0.002823455
0.003106519 0.003058743
0.003108119 0.003529319
0.003109719 0.003529319
0.003111319 0.003764607
0.003112919 0.003999895
0.003114519 0.004705758
0.003116119 0.004705758
0.003117719 0.004941046
0.003119319 0.006352774
0.003120919 0.006352774
0.003122519 0.00682335
0.003124119 0.007764501
0.003125719 0.008470365
0.003127319 0.01011738
0.003128919 0.01035267
0.003130519 0.01082324
0.003132119 0.01223497
0.003133719 0.01270555
0.003135319 0.0136467
0.003136919 0.0136467
0.003138519 0.01411728
0.003140119 0.01458785
0.003141719 0.01505843
0.003143319 0.01505843
0.003144919 0.01482314
0.003146519 0.01482314
0.003148119 0.01458785
0.003149719 0.01458785
0.003151319 0.0136467
0.003152919 0.01388199
0.003154519 0.01341141
0.003156119 0.01317612
0.003157719 0.01294084
0.003159319 0.01199968
0.003160919 0.0117644
0.003162519 0.0117644
0.003164119 0.01082324
0.003165719 0.01035267
0.003167319 0.009411517
0.003168919 0.008940941
0.003170519 0.008235077
0.003172119 0.007764501
0.003173719 0.007293925
0.003175319 0.007293925
0.003176919 0.006117486
0.003178519 0.00564691
0.003180119 0.005176334
0.003181719 0.004941046
0.003183319 0.004705758
0.003184919 0.00447047
0.003186519 0.00447047
0.003188119 0.003999895
0.003189719 0.003999895
0.003191319 0.003294031
0.003192919 0.002823455
0.003194519 0.002588167
0.003196119 0.002588167
0.003197719 0.002117591
0.003199319 0.002117591
0.003200919 0.00117644
0.003202519 0.001411728
0.003204119 0.001411728
0.003205719 0.001411728
0.003207319 0.001411728
0.003208919 0.001411728
0.003210519 0.001882303
0.003212119 0.001882303
0.003213719 0.002117591
0.003215319 0.002588167
0.003216919 0.003058743
0.003218519 0.003764607
0.003220119 0.004235183
0.003221719 0.00447047
0.003223319 0.005411622
0.003224919 0.006117486
0.003226519 0.006117486
0.003228119 0.007058638
0.003229719 0.007058638
0.003231319 0.007529213
0.003232919 0.007529213
0.003234519 0.007529213
0.003236119 0.007529213
0.003237719 0.00682335
0.003239319 0.006117486
0.003240919 0.006117486
0.003242519 0.005411622
0.003244119 0.004235183
0.003245719 0.003999895
0.003247319 0.003058743
0.003248919 0.002352879
0.003250519 0.001882303
0.003252119 0.00117644
0.003253719 0.0007058638
0.003255319 0.0002352879
0.003256919 -0.0002352879
0.003258519 -0.0009411517
0.003260119 -0.0007058638
0.003261719 -0.001647015
0.003263319 -0.002352879
0.003264919 -0.001882303
0.003266519 -0.002117591
0.003268119 -0.002117591
0.003269719 -0.002588167
0.003271319 -0.001882303
0.003272919 -0.001882303
0.003274519 -0.001882303
0.003276119 -0.002117591
0.003277719 -0.002352879
0.003279319 -0.001647015
0.003280919 -0.002117591
0.003282519 -0.002117591
0.003284119 -0.001647015
0.003285719 -0.001411728
0.003287319 -0.001411728
0.003288919 -0.0007058638
0.003290519 -0.0002352879
0.003292119 0
0.003293719 0.0002352879
0.003295319 0
0.003296919 0.00117644
0.003298519 0
0.003300119 0.0002352879
0.003301719 -0.0002352879
0.003303319 -0.0004705758
0.003304919 -0.001647015
0.003306519 -0.001411728
0.003308119 -0.002823455
0.003309719 -0.003058743
0.003311319 -0.003764607
0.003312919 -0.003764607
0.003314519 -0.005176334
0.003316119 -0.004705758
0.003317719 -0.006117486
0.003319319 -0.005882198
0.003320919 -0.006352774
0.003322519 -0.006117486
0.003324119 -0.006588062
0.003325719 -0.005882198
0.003327319 -0.006352774
0.003328919 -0.006117486
0.003330519 -0.005882198
0.003332119 -0.005176334
0.003333719 -0.005411622
0.003335319 -0.005176334
0.003336919 -0.004941046
0.003338519 -0.00447047
0.003340119 -0.004705758
0.003341719 -0.003999895
0.003343319 -0.004235183
0.003344919 -0.003529319
0.003346519 -0.003999895
0.003348119 -0.003294031
0.003349719 -0.003529319
0.003351319 -0.003764607
0.003352919 -0.003999895
0.003354519 -0.003529319
0.003356119 -0.003764607
0.003357719 -0.003999895
0.003359319 -0.00447047
0.003360919 -0.00447047
0.003362519 -0.004705758
0.003364119 -0.00564691
0.003365719 -0.005882198
0.003367319 -0.005411622
0.003368919 -0.006352774
0.003370519 -0.00564691
0.003372119 -0.006588062
0.003373719 -0.005411622
0.003375319 -0.006117486
0.003376919 -0.00564691
0.003378519 -0.006117486
0.003380119 -0.005411622
0.003381719 -0.005176334
0.003383319 -0.004705758
0.003384919 -0.004941046
0.003386519 -0.00447047
0.003388119 -0.004235183
0.003389719 -0.003999895
0.003391319 -0.004235183
0.003392919 -0.003294031
0.003394519 -0.003764607
0.003396119 -0.004235183
0.003397719 -0.004235183
0.003399319 -0.00447047
0.003400919 -0.00564691
0.003402519 -0.00447047
0.003404119 -0.00564691
0.003405719 -0.005176334
0.003407319 -0.006352774
0.003408919 -0.005882198
0.003410519 -0.00682335
0.003412119 -0.00564691
0.003413719 -0.006352774
0.003415319 -0.005411622
0.003416919 -0.00564691
0.003418519 -0.005176334
0.003420119 -0.006352774
0.003421719 -0.005411622
0.003423319 -0.005176334
0.003424919 -0.004941046
0.003426519 -0.005411622
0.003428119 -0.004705758
0.003429719 -0.00447047
0.003431319 -0.004235183
0.003432919 -0.003999895
0.003434519 -0.004235183
0.003436119 -0.00447047
0.003437719 -0.00447047
0.003439319 -0.004705758
0.003440919 -0.004941046
0.003442519 -0.00564691
0.003444119 -0.005411622
0.003445719 -0.00682335
0.003447319 -0.006588062
0.003448919 -0.007529213
0.003450519 -0.006588062
0.003452119 -0.007529213
0.003453719 -0.006588062
0.003455319 -0.007529213
0.003456919 -0.007058638
0.003458519 -0.007293925
0.003460119 -0.006588062
0.003461719 -0.007293925
0.003463319 -0.007529213
0.003464919 -0.007999789
0.003466519 -0.007293925
0.003468119 -0.008940941
0.003469719 -0.009176229
0.003471319 -0.01035267
0.003472919 -0.01011738
0.003474519 -0.01199968
0.003476119 -0.01247026
0.003477719 -0.01270555
0.003479319 -0.01294084
0.003480919 -0.01435256
0.003482519 -0.01458785
0.003484119 -0.015529
0.003485719 -0.01458785
0.003487319 -0.01599958
0.003488919 -0.01529371
0.003490519 -0.01576429
0.003492119 -0.01505843
0.003493719 -0.01505843
0.003495319 -0.01458785
0.003496919 -0.01458785
0.003498519 -0.01388199
0.003500119 -0.01435256
0.003501719 -0.01294084
0.003503319 -0.01341141
0.003504919 -0.01341141
0.003506519 -0.01317612
0.003508119 -0.01270555
0.003509719 -0.01247026
0.003511319 -0.01199968
0.003512919 -0.0117644
0.003514519 -0.01011738
0.003516119 -0.01058796
0.003517719 -0.009882093
0.003519319 -0.009176229
0.003520919 -0.008705653
0.003522519 -0.008235077
0.003524119 -0.007058638
0.003525719 -0.007764501
0.003527319 -0.007058638
0.003528919 -0.007999789
0.003530519 -0.00682335
0.003532119 -0.008235077
0.003533719 -0.007999789
0.003535319 -0.009176229
0.003536919 -0.008235077
0.003538519 -0.009411517
0.003540119 -0.009411517
0.003541719 -0.01011738
0.003543319 -0.01011738
0.003544919 -0.01129382
0.003546519 -0.01058796
0.003548119 -0.01199968
0.003549719 -0.01223497
0.003551319 -0.01270555
0.003552919 -0.01317612
0.003554519 -0.01388199
0.003556119 -0.01388199
0.003557719 -0.01388199
0.003559319 -0.01388199
0.003560919 -0.01435256
0.003562519 -0.01388199
0.003564119 -0.01388199
0.003565719 -0.0136467
0.003567319 -0.01411728
0.003568919 -0.01388199
0.003570519 -0.01411728
0.003572119 -0.0136467
0.003573719 -0.01388199
0.003575319 -0.01388199
0.003576919 -0.01505843
0.003578519 -0.01435256
0.003580119 -0.01505843
0.003581719 -0.01482314
0.003583319 -0.01505843
0.003584919 -0.01458785
0.003586519 -0.015529
0.003588119 -0.01529371
0.003589719 -0.01623487
0.003591319 -0.01576429
0.003592919 -0.01599958
0.003594519 -0.01529371
0.003596119 -0.01599958
0.003597719 -0.01458785
0.003599319 -0.01435256
0.003600919 -0.01411728
0.003602519 -0.0136467
0.003604119 -0.01317612
0.003605719 -0.01247026
0.003607319 -0.01152911
0.003608919 -0.01129382
0.003610519 -0.009646805
0.003612119 -0.009882093
0.003613719 -0.009176229
0.003615319 -0.008705653
0.003616919 -0.007293925
0.003618519 -0.007529213
0.003620119 -0.006352774
0.003621719 -0.00682335
0.003623319 -0.005882198
0.003624919 -0.006588062
0.003626519 -0.00564691
0.003628119 -0.005882198
0.003629719 -0.005411622
0.003631319 -0.006588062
0.003632919 -0.005882198
0.003634519 -0.006588062
0.003636119 -0.005882198
0.003637719 -0.006588062
0.003639319 -0.006117486
0.003640919 -0.00682335
0.003642519 -0.006117486
0.003644119 -0.007058638
0.003645719 -0.006352774
0.003647319 -0.006352774
0.003648919 -0.006117486
0.003650519 -0.006117486
0.003652119 -0.005176334
0.003653719 -0.005411622
0.003655319 -0.004941046
0.003656919 -0.004235183
0.003658519 -0.003529319
0.003660119 -0.003294031
0.003661719 -0.002588167
0.003663319 -0.002823455
0.003664919 -0.001882303
0.003666519 -0.002352879
0.003668119 -0.001411728
0.003669719 -0.002117591
0.003671319 -0.001411728
0.003672919 -0.001882303
0.003674519 -0.001647015
0.003676119 -0.002117591
0.003677719 -0.001411728
0.003679319 -0.001411728
0.003680919 -0.00117644
0.003682519 -0.001411728
0.003684119 -0.001411728
0.003685719 -0.001647015
0.003687319 -0.001411728
0.003688919 -0.002117591
0.003690519 -0.001411728
0.003692119 -0.001647015
0.003693719 -0.00117644
0.003695319 -0.001647015
0.003696919 -0.001411728
0.003698519 -0.0007058638
0.003700119 0.0002352879
0.003701719 0.0007058638
0.003703319 0.0009411517
0.003704919 0.0007058638
0.003706519 0.001647015
0.003708119 0.001882303
0.003709719 0.002117591
0.003711319 0.002352879
0.003712919 0.002352879
0.003714519 0.002823455
0.003716119 0.002588167
0.003717719 0.002352879
0.003719319 0.002823455
0.003720919 0.002823455
0.003722519 0.002588167
0.003724119 0.002117591
0.003725719 0.002117591
0.003727319 0.001647015
0.003728919 0.001411728
0.003730519 0.0009411517
0.003732119 0.0004705758
0.003733719 0.0004705758
0.003735319 0.0004705758
0.003736919 0.0004705758
0.003738519 0.0004705758
0.003740119 0.0002352879
0.003741719 0.0004705758
0.003743319 0.0004705758
0.003744919 0.0007058638
0.003746519 0.0004705758
0.003748119 0.0009411517
0.003749719 0.00117644
0.003751319 0.001411728
0.003752919 0.0009411517
0.003754519 0.001882303
0.003756119 0.001411728
0.003757719 0.002117591
0.003759319 0.002117591
0.003760919 0.002588167
0.003762519 0.003058743
0.003764119 0.002588167
0.003765719 0.003529319
0.003767319 0.003764607
0.003768919 0.00447047
0.003770519 0.004941046
0.003772119 0.00564691
0.003773719 0.005411622
0.003775319 0.005411622
0.003776919 0.005176334
0.003778519 0.006352774
0.003780119 0.005882198
0.003781719 0.005882198
0.003783319 0.006352774
0.003784919 0.006352774
0.003786519 0.007058638
0.003788119 0.00682335
0.003789719 0.005882198
0.003791319 0.005882198
0.003792919 0.005411622
0.003794519 0.004941046
0.003796119 0.005411622
0.003797719 0.00447047
0.003799319 0.003999895
0.003800919 0.003764607
0.003802519 0.003764607
0.003804119 0.003058743
0.003805719 0.002352879
0.003807319 0.001882303
0.003808919 0.00117644
0.003810519 0.0009411517
0.003812119 0.0002352879
0.003813719 0.0002352879
0.003815319 0.0002352879
0.003816919 -0.0004705758
0.003818519 -0.0007058638
0.003820119 -0.001411728
0.003821719 -0.00117644
0.003823319 -0.002352879
0.003824919 -0.001647015
0.003826519 -0.002117591
0.003828119 -0.001882303
0.003829719 -0.002352879
0.003831319 -0.001882303
0.003832919 -0.002823455
0.003834519 -0.002117591
0.003836119 -0.003294031
0.003837719 -0.002588167
0.003839319 -0.002588167
0.003840919 -0.002352879
0.003842519 -0.002588167
0.003844119 -0.001882303
0.003845719 -0.001647015
0.003847319 -0.00117644
0.003848919 -0.0009411517
0.003850519 -0.0009411517
0.003852119 -0.0009411517
0.003853719 -0.0004705758
0.003855319 -0.002117591
0.003856919 -0.00117644
0.003858519 -0.0009411517
0.003860119 -0.001882303
0.003861719 -0.002117591
0.003863319 -0.002117591
0.003864919 -0.003294031
0.003866519 -0.003764607
0.003868119 -0.00447047
0.003869719 -0.004941046
0.003871319 -0.00564691
0.003872919 -0.006352774
0.003874519 -0.007293925
0.003876119 -0.00682335
0.003877719 -0.008470365
0.003879319 -0.008470365
0.003880919 -0.009646805
0.003882519 -0.009411517
0.003884119 -0.01105853
0.003885719 -0.01035267
0.003887319 -0.01129382
0.003888919 -0.01105853
0.003890519 -0.01199968
0.003892119 -0.01129382
0.003893719 -0.01199968
0.003895319 -0.01152911
0.003896919 -0.01247026
0.003898519 -0.01199968
0.003900119 -0.01247026
0.003901719 -0.01199968
0.003903319 -0.01294084
0.003904919 -0.01223497
0.003906519 -0.01317612
0.003908119 -0.01270555
0.003909719 -0.01270555
0.003911319 -0.0117644
0.003912919 -0.01294084
0.003914519 -0.01223497
0.003916119 -0.01247026
0.003917719 -0.0117644
0.003919319 -0.01223497
0.003920919 -0.0117644
0.003922519 -0.01199968
0.003924119 -0.01129382
0.003925719 -0.01129382
0.003927319 -0.01129382
0.003928919 -0.01152911
0.003930519 -0.01082324
0.003932119 -0.01058796
0.003933719 -0.009882093
0.003935319 -0.01035267
0.003936919 -0.009882093
0.003938519 -0.01035267
0.003940119 -0.008705653
0.003941719 -0.009882093
0.003943319 -0.008705653
0.003944919 -0.009176229
0.003946519 -0.008235077
0.003948119 -0.008940941
0.003949719 -0.007764501
0.003951319 -0.008470365
0.003952919 -0.007529213
0.003954519 -0.008235077
0.003956119 -0.007293925
0.003957719 -0.008235077
0.003959319 -0.00682335
0.003960919 -0.007529213
0.003962519 -0.00682335
0.003964119 -0.007293925
0.003965719 -0.006352774
0.003967319 -0.007293925
0.003968919 -0.007058638
0.003970519 -0.00682335
0.003972119 -0.006352774
0.003973719 -0.007293925
0.003975319 -0.007058638
0.003976919 -0.007999789
0.003978519 -0.007529213
0.003980119 -0.008470365
0.003981719 -0.007764501
0.003983319 -0.008940941
0.003984919 -0.008235077
0.003986519 -0.009646805
0.003988119 -0.008470365
0.003989719 -0.009176229
0.003991319 -0.009882093
0.003992919 -0.01011738
0.003994519 -0.009176229
0.003996119 -0.01058796
0.003997719 -0.01011738
0.003999319 -0.01082324
0.004000919 -0.01058796
0.004002519 -0.01129382
0.004004119 -0.01058796
0.004005719 -0.01105853
0.004007319 -0.01058796
0.004008919 -0.01129382
0.004010519 -0.01035267
0.004012119 -0.01011738
0.004013719 -0.01058796
0.004015319 -0.01035267
0.004016919 -0.009646805
0.004018519 -0.01082324
0.004020119 -0.009882093
0.004021719 -0.01058796
0.004023319 -0.01035267
0.004024919 -0.01011738
0.004026519 -0.009411517
0.004028119 -0.01011738
0.004029719 -0.009176229
0.004031319 -0.009882093
0.004032919 -0.009646805
0.004034519 -0.01035267
0.004036119 -0.009411517
0.004037719 -0.01011738
0.004039319 -0.009411517
0.004040919 -0.009882093
0.004042519 -0.009882093
0.004044119 -0.009646805
0.004045719 -0.009882093
0.004047319 -0.009882093
0.004048919 -0.009411517
0.004050519 -0.009176229
0.004052119 -0.009176229
0.004053719 -0.009882093
0.004055319 -0.009176229
0.004056919 -0.009176229
0.004058519 -0.008940941
0.004060119 -0.009411517
0.004061719 -0.008705653
0.004063319 -0.009411517
0.004064919 -0.008705653
0.004066519 -0.009176229
0.004068119 -0.008470365
0.004069719 -0.009176229
0.004071319 -0.008235077
0.004072919 -0.008705653
0.004074519 -0.007764501
0.004076119 -0.008235077
0.004077719 -0.007058638
0.004079319 -0.007764501
0.004080919 -0.00682335
0.004082519 -0.007293925
0.004084119 -0.006117486
0.004085719 -0.00682335
0.004087319 -0.005882198
0.004088919 -0.006352774
0.004090519 -0.005176334
0.004092119 -0.00564691
0.004093719 -0.005176334
0.004095319 -0.004705758
0.004096919 -0.004235183
0.004098519 -0.004235183
0.004100119 -0.003058743
0.004101719 -0.003764607
0.004103319 -0.002823455
0.004104919 -0.003058743
0.004106519 -0.002352879
0.004108119 -0.001647015
0.004109719 -0.00117644
0.004111319 -0.0009411517
0.004112919 0
0.004114519 0
0.004116119 0
0.004117719 0.0007058638
0.004119319 0.0007058638
0.004120919 0.001411728
0.004122519 0.001647015
0.004124119 0.002117591
0.004125719 0.002352879
0.004127319 0.002588167
0.004128919 0.002117591
0.004130519 0.002823455
0.004132119 0.003294031
0.004133719 0.003294031
0.004135319 0.003529319
0.004136919 0.003764607
0.004138519 0.004235183
0.004140119 0.003764607
0.004141719 0.003999895
0.004143319 0.003999895
0.004144919 0.00447047
0.004146519 0.003999895
0.004148119 0.004705758
0.004149719 0.004705758
0.004151319 0.00447047
0.004152919 0.005176334
0.004154519 0.004941046
0.004156119 0.005176334
0.004157719 0.005176334
0.004159319 0.005411622
0.004160919 0.00564691
0.004162519 0.00564691
0.004164119 0.00564691
0.004165719 0.006117486
0.004167319 0.005882198
0.004168919 0.006117486
0.004170519 0.006117486
0.004172119 0.006117486
0.004173719 0.006117486
0.004175319 0.006588062
0.004176919 0.006588062
0.004178519 0.00682335
0.004180119 0.007058638
0.004181719 0.007293925
0.004183319 0.007293925
0.004184919 0.007529213
0.004186519 0.007999789
0.004188119 0.007529213
0.004189719 0.008235077
0.004191319 0.007999789
0.004192919 0.008470365
0.004194519 0.008705653
0.004196119 0.009176229
0.004197719 0.008705653
0.004199319 0.008470365
0.004200919 0.008705653
