LECROYWS4024HD 19320 Waveform
Segments 1 SegmentSize 3127
Segment TrigTime TimeSinceSegment1
#1 16-May-2024 17:21:48 0                 
Time Ampl
-0.0008007102 -0.0002352879
-0.0007991102 -0.0002352879
-0.0007975102 -0.0002352879
-0.0007959102 0
-0.0007943102 0.0004705758
-0.0007927102 -0.0007058638
-0.0007911102 0.0002352879
-0.0007895102 -0.0002352879
-0.0007879102 -0.0002352879
-0.0007863102 -0.0007058638
-0.0007847102 0
-0.0007831102 0.0002352879
-0.0007815102 -0.0002352879
-0.0007799102 -0.0002352879
-0.0007783102 -0.0004705758
-0.0007767102 -0.0004705758
-0.0007751102 -0.0007058638
-0.0007735102 0
-0.0007719102 0.0004705758
-0.0007703102 0
-0.0007687102 0
-0.0007671102 -0.0002352879
-0.0007655102 0.0002352879
-0.0007639102 -0.0002352879
-0.0007623102 0.0002352879
-0.0007607102 -0.0004705758
-0.0007591102 -0.0002352879
-0.0007575102 -0.0004705758
-0.0007559102 -0.0004705758
-0.0007543102 0.0002352879
-0.0007527102 -0.0002352879
-0.0007511102 -0.0004705758
-0.0007495102 0
-0.0007479102 -0.0002352879
-0.0007463102 0.0002352879
-0.0007447102 -0.0002352879
-0.0007431102 0.0002352879
-0.0007415102 -0.0009411517
-0.0007399102 0
-0.0007383102 -0.0007058638
-0.0007367102 0
-0.0007351102 -0.0002352879
-0.0007335102 -0.0004705758
-0.0007319102 -0.0004705758
-0.0007303102 -0.0004705758
-0.0007287102 -0.0004705758
-0.0007271102 -0.0007058638
-0.0007255102 -0.0007058638
-0.0007239102 -0.0004705758
-0.0007223102 0
-0.0007207102 -0.0007058638
-0.0007191102 -0.0002352879
-0.0007175102 0.0004705758
-0.0007159102 -0.0002352879
-0.0007143102 -0.0004705758
-0.0007127102 -0.0002352879
-0.0007111102 -0.0002352879
-0.0007095102 0
-0.0007079102 -0.0002352879
-0.0007063102 -0.0002352879
-0.0007047102 -0.0002352879
-0.0007031102 0
-0.0007015102 0.0002352879
-0.0006999102 -0.0002352879
-0.0006983102 0.0004705758
-0.0006967102 -0.0004705758
-0.0006951102 0.0004705758
-0.0006935102 -0.0002352879
-0.0006919102 0
-0.0006903102 0
-0.0006887102 -0.0004705758
-0.0006871102 -0.0002352879
-0.0006855102 0
-0.0006839102 0
-0.0006823102 0.0007058638
-0.0006807102 -0.0002352879
-0.0006791102 0.0004705758
-0.0006775102 -0.0002352879
-0.0006759102 0.0004705758
-0.0006743102 -0.0007058638
-0.0006727102 -0.0002352879
-0.0006711102 -0.0002352879
-0.0006695102 0
-0.0006679102 -0.0004705758
-0.0006663102 0
-0.0006647102 -0.0002352879
-0.0006631102 0
-0.0006615102 0
-0.0006599102 -0.0004705758
-0.0006583102 -0.0002352879
-0.0006567102 0
-0.0006551102 -0.0002352879
-0.0006535102 0.0002352879
-0.0006519102 -0.0002352879
-0.0006503102 -0.0002352879
-0.0006487102 -0.0007058638
-0.0006471102 -0.0002352879
-0.0006455102 0
-0.0006439102 0.0002352879
-0.0006423102 -0.0004705758
-0.0006407102 0.0002352879
-0.0006391102 -0.0004705758
-0.0006375102 0.0002352879
-0.0006359102 0
-0.0006343102 0.0004705758
-0.0006327102 -0.0002352879
-0.0006311102 0.0004705758
-0.0006295102 -0.0007058638
-0.0006279102 0
-0.0006263102 -0.0004705758
-0.0006247102 0.0002352879
-0.0006231102 -0.0002352879
-0.0006215102 0
-0.0006199102 0
-0.0006183102 0.0002352879
-0.0006167102 -0.0007058638
-0.0006151102 0.0002352879
-0.0006135102 0
-0.0006119102 0.0002352879
-0.0006103102 -0.0002352879
-0.0006087102 0.0002352879
-0.0006071102 -0.0002352879
-0.0006055102 0.0002352879
-0.0006039102 0
-0.0006023102 0.0002352879
-0.0006007102 0
-0.0005991102 0
-0.0005975102 -0.0002352879
-0.0005959102 -0.0007058638
-0.0005943102 -0.0004705758
-0.0005927102 0.0002352879
-0.0005911102 -0.0004705758
-0.0005895102 0.0004705758
-0.0005879102 -0.0002352879
-0.0005863102 -0.0009411517
-0.0005847102 -0.0007058638
-0.0005831102 0.0002352879
-0.0005815102 -0.0004705758
-0.0005799102 -0.0002352879
-0.0005783102 -0.0004705758
-0.0005767102 0.0002352879
-0.0005751102 0
-0.0005735102 0.0002352879
-0.0005719102 -0.0004705758
-0.0005703102 0.0004705758
-0.0005687102 -0.0007058638
-0.0005671102 0.0004705758
-0.0005655102 -0.0009411517
-0.0005639102 -0.0004705758
-0.0005623102 -0.0004705758
-0.0005607102 -0.0002352879
-0.0005591102 -0.0007058638
-0.0005575102 -0.0002352879
-0.0005559102 -0.0002352879
-0.0005543102 0.0007058638
-0.0005527102 -0.0007058638
-0.0005511102 0.0002352879
-0.0005495102 -0.00117644
-0.0005479102 0.0002352879
-0.0005463102 0
-0.0005447102 0.0002352879
-0.0005431102 -0.0004705758
-0.0005415102 0.0002352879
-0.0005399102 -0.0004705758
-0.0005383102 0.0002352879
-0.0005367102 -0.0002352879
-0.0005351102 -0.0002352879
-0.0005335102 0
-0.0005319102 0.0004705758
-0.0005303102 -0.0002352879
-0.0005287102 0
-0.0005271102 0
-0.0005255102 0
-0.0005239102 -0.0004705758
-0.0005223102 0.0002352879
-0.0005207102 -0.0009411517
-0.0005191102 0.0002352879
-0.0005175102 -0.0002352879
-0.0005159102 0
-0.0005143102 -0.0004705758
-0.0005127102 -0.0002352879
-0.0005111102 0
-0.0005095102 0.0002352879
-0.0005079102 -0.0004705758
-0.0005063102 0
-0.0005047102 -0.0002352879
-0.0005031102 -0.0004705758
-0.0005015102 -0.0004705758
-0.0004999102 0
-0.0004983102 -0.0004705758
-0.0004967102 0.0004705758
-0.0004951102 -0.0007058638
-0.0004935102 -0.0004705758
-0.0004919102 -0.0004705758
-0.0004903102 0.0004705758
-0.0004887102 -0.0004705758
-0.0004871102 0.0002352879
-0.0004855102 -0.0004705758
-0.0004839102 -0.0002352879
-0.0004823102 0
-0.0004807102 0
-0.0004791102 -0.0004705758
-0.0004775102 0
-0.0004759102 0
-0.0004743102 0.0002352879
-0.0004727102 0
-0.0004711102 0
-0.0004695102 -0.0002352879
-0.0004679102 0.0002352879
-0.0004663102 -0.0002352879
-0.0004647102 0.0002352879
-0.0004631102 -0.0004705758
-0.0004615102 0.0002352879
-0.0004599102 -0.0004705758
-0.0004583102 0
-0.0004567102 0
-0.0004551102 -0.0002352879
-0.0004535102 -0.0004705758
-0.0004519102 -0.0004705758
-0.0004503102 -0.0007058638
-0.0004487102 0.0004705758
-0.0004471102 -0.0004705758
-0.0004455102 0.0004705758
-0.0004439102 -0.0002352879
-0.0004423102 0
-0.0004407102 0
-0.0004391102 -0.0002352879
-0.0004375102 -0.0004705758
-0.0004359102 0
-0.0004343102 -0.0002352879
-0.0004327102 0.0002352879
-0.0004311102 -0.0002352879
-0.0004295102 0
-0.0004279102 -0.0007058638
-0.0004263102 -0.0002352879
-0.0004247102 -0.0004705758
-0.0004231102 0.0002352879
-0.0004215102 -0.0007058638
-0.0004199102 -0.0004705758
-0.0004183102 -0.0004705758
-0.0004167102 0.0002352879
-0.0004151102 -0.0004705758
-0.0004135102 0.0002352879
-0.0004119102 -0.0002352879
-0.0004103102 0.0002352879
-0.0004087102 -0.0004705758
-0.0004071102 0
-0.0004055102 -0.0004705758
-0.0004039102 0
-0.0004023102 -0.0007058638
-0.0004007102 0.0004705758
-0.0003991102 -0.0004705758
-0.0003975102 0.0002352879
-0.0003959102 -0.0007058638
-0.0003943102 0
-0.0003927102 -0.0002352879
-0.0003911102 -0.00117644
-0.0003895102 -0.0004705758
-0.0003879102 -0.0002352879
-0.0003863102 -0.0004705758
-0.0003847102 -0.0004705758
-0.0003831102 0
-0.0003815102 0.0002352879
-0.0003799102 -0.0009411517
-0.0003783102 -0.0002352879
-0.0003767102 -0.0004705758
-0.0003751102 -0.0004705758
-0.0003735102 0.0002352879
-0.0003719102 -0.0002352879
-0.0003703102 -0.0004705758
-0.0003687102 0
-0.0003671102 -0.0004705758
-0.0003655102 -0.0004705758
-0.0003639102 -0.0002352879
-0.0003623102 0.0002352879
-0.0003607102 -0.0007058638
-0.0003591102 0.0002352879
-0.0003575102 0
-0.0003559102 -0.0002352879
-0.0003543102 -0.0002352879
-0.0003527102 -0.0004705758
-0.0003511102 -0.0007058638
-0.0003495102 -0.0004705758
-0.0003479102 -0.0007058638
-0.0003463102 -0.0002352879
-0.0003447102 0
-0.0003431102 0.0007058638
-0.0003415102 -0.0002352879
-0.0003399102 0.0002352879
-0.0003383102 0
-0.0003367102 0
-0.0003351102 -0.0004705758
-0.0003335102 -0.0007058638
-0.0003319102 -0.0004705758
-0.0003303102 0.0004705758
-0.0003287102 -0.0007058638
-0.0003271102 0.0002352879
-0.0003255102 -0.0007058638
-0.0003239102 0
-0.0003223102 -0.0007058638
-0.0003207102 0.0002352879
-0.0003191102 0
-0.0003175102 0.0002352879
-0.0003159102 -0.0002352879
-0.0003143102 0
-0.0003127102 -0.0004705758
-0.0003111102 -0.0004705758
-0.0003095102 -0.0002352879
-0.0003079102 -0.0004705758
-0.0003063102 0
-0.0003047102 -0.0002352879
-0.0003031102 -0.0002352879
-0.0003015102 0.0002352879
-0.0002999102 -0.0002352879
-0.0002983102 -0.0002352879
-0.0002967102 -0.0004705758
-0.0002951102 -0.0002352879
-0.0002935102 -0.0002352879
-0.0002919102 -0.0002352879
-0.0002903102 0
-0.0002887102 0.0002352879
-0.0002871102 0
-0.0002855102 -0.0002352879
-0.0002839102 -0.0007058638
-0.0002823102 0.0002352879
-0.0002807102 -0.0002352879
-0.0002791102 0.0004705758
-0.0002775102 -0.0002352879
-0.0002759102 -0.0004705758
-0.0002743102 -0.0002352879
-0.0002727102 -0.0002352879
-0.0002711102 0
-0.0002695102 -0.0002352879
-0.0002679102 -0.0002352879
-0.0002663102 0
-0.0002647102 -0.0007058638
-0.0002631102 0
-0.0002615102 0
-0.0002599102 -0.0004705758
-0.0002583102 -0.0002352879
-0.0002567102 0.0002352879
-0.0002551102 -0.0007058638
-0.0002535102 0
-0.0002519102 0.0002352879
-0.0002503102 -0.0002352879
-0.0002487102 0
-0.0002471102 -0.0002352879
-0.0002455102 -0.0004705758
-0.0002439102 -0.0002352879
-0.0002423102 -0.0002352879
-0.0002407102 0
-0.0002391102 -0.0002352879
-0.0002375102 0
-0.0002359102 -0.0002352879
-0.0002343102 -0.0004705758
-0.0002327102 -0.0004705758
-0.0002311102 -0.0004705758
-0.0002295102 -0.0004705758
-0.0002279102 -0.0002352879
-0.0002263102 -0.0002352879
-0.0002247102 0
-0.0002231102 -0.0002352879
-0.0002215102 -0.0007058638
-0.0002199102 -0.0002352879
-0.0002183102 0.0004705758
-0.0002167102 -0.0002352879
-0.0002151102 0.0002352879
-0.0002135102 -0.0004705758
-0.0002119102 0.0004705758
-0.0002103102 -0.0004705758
-0.0002087102 0
-0.0002071102 -0.0002352879
-0.0002055102 0.0002352879
-0.0002039102 0.0002352879
-0.0002023102 0.0004705758
-0.0002007102 -0.0007058638
-0.0001991102 0.0002352879
-0.0001975102 -0.0007058638
-0.0001959102 -0.0004705758
-0.0001943102 -0.0004705758
-0.0001927102 -0.0004705758
-0.0001911102 -0.0007058638
-0.0001895102 0
-0.0001879102 -0.0007058638
-0.0001863102 -0.0004705758
-0.0001847102 0
-0.0001831102 -0.0007058638
-0.0001815102 -0.0004705758
-0.0001799102 -0.0007058638
-0.0001783102 0.0002352879
-0.0001767102 0.0002352879
-0.0001751102 -0.0002352879
-0.0001735102 -0.0004705758
-0.0001719102 -0.0007058638
-0.0001703102 -0.0004705758
-0.0001687102 -0.0004705758
-0.0001671102 0
-0.0001655102 -0.0007058638
-0.0001639102 0
-0.0001623102 -0.0002352879
-0.0001607102 -0.0004705758
-0.0001591102 -0.0002352879
-0.0001575102 0
-0.0001559102 -0.0007058638
-0.0001543102 0
-0.0001527102 -0.0004705758
-0.0001511102 0
-0.0001495102 -0.0004705758
-0.0001479102 0.0004705758
-0.0001463102 -0.0002352879
-0.0001447102 -0.0004705758
-0.0001431102 -0.0002352879
-0.0001415102 0
-0.0001399102 -0.0004705758
-0.0001383102 -0.0002352879
-0.0001367102 0
-0.0001351102 0.0004705758
-0.0001335102 -0.0002352879
-0.0001319102 0.0002352879
-0.0001303102 -0.0007058638
-0.0001287102 -0.0004705758
-0.0001271102 -0.0002352879
-0.0001255102 0.0002352879
-0.0001239102 -0.0004705758
-0.0001223102 -0.0002352879
-0.0001207102 0.0002352879
-0.0001191102 0
-0.0001175102 -0.0004705758
-0.0001159102 0.0002352879
-0.0001143102 -0.0002352879
-0.0001127102 0
-0.0001111102 -0.0002352879
-0.0001095102 -0.0002352879
-0.0001079102 -0.0007058638
-0.0001063102 0
-0.0001047102 -0.0007058638
-0.0001031102 0
-0.0001015102 -0.0002352879
-9.99102e-005 -0.0002352879
-9.83102e-005 0
-9.67102e-005 -0.0002352879
-9.51102e-005 -0.0002352879
-9.35102e-005 0.0002352879
-9.19102e-005 -0.0004705758
-9.03102e-005 -0.0002352879
-8.87102e-005 -0.0002352879
-8.71102e-005 -0.0007058638
-8.55102e-005 0.0004705758
-8.39102e-005 0
-8.23102e-005 -0.0004705758
-8.07102e-005 -0.0002352879
-7.91102e-005 0
-7.75102e-005 0.0007058638
-7.59102e-005 -0.0002352879
-7.43102e-005 0
-7.27102e-005 -0.0004705758
-7.11102e-005 -0.0004705758
-6.95102e-005 0
-6.79102e-005 -0.0004705758
-6.63102e-005 0
-6.47102e-005 -0.0004705758
-6.31102e-005 0
-6.15102e-005 0.0002352879
-5.99102e-005 -0.0002352879
-5.83102e-005 0.0002352879
-5.67102e-005 -0.0002352879
-5.51102e-005 -0.0002352879
-5.35102e-005 -0.0004705758
-5.19102e-005 -0.0002352879
-5.03102e-005 0
-4.87102e-005 0.0007058638
-4.71102e-005 0.001647015
-4.55102e-005 0.001647015
-4.39102e-005 0.001647015
-4.23102e-005 0.001882303
-4.07102e-005 0.001882303
-3.91102e-005 -0.003058743
-3.75102e-005 -0.01529371
-3.59102e-005 -0.02588167
-3.43102e-005 -0.03199916
-3.27102e-005 -0.04258711
-3.11102e-005 -0.05976313
-2.95102e-005 -0.08258606
-2.79102e-005 -0.1089383
-2.63102e-005 -0.1362317
-2.47102e-005 -0.1592899
-2.31102e-005 -0.1837599
-2.15102e-005 -0.2096415
-1.99102e-005 -0.2416407
-1.83102e-005 -0.2708164
-1.67102e-005 -0.2894041
-1.51102e-005 -0.3002274
-1.35102e-005 -0.3084625
-1.19102e-005 -0.3143447
-1.03102e-005 -0.3150505
-8.7102e-006 -0.3030508
-7.1102e-006 -0.2724634
-5.5102e-006 -0.2185825
-3.9102e-006 -0.148702
-2.3102e-006 -0.07835088
-7.102e-007 -0.0195289
8.898e-007 0.01247026
2.4898e-006 0.01788188
4.0898e-006 0.0004705758
5.6898e-006 -0.03082272
7.2898e-006 -0.06470418
8.8898e-006 -0.09435045
1.04898e-005 -0.1162322
1.20898e-005 -0.1268202
1.36898e-005 -0.1322318
1.52898e-005 -0.1324671
1.68898e-005 -0.1402316
1.84898e-005 -0.1470549
2.00898e-005 -0.1574076
2.16898e-005 -0.1630545
2.32898e-005 -0.1628192
2.48898e-005 -0.1576429
2.64898e-005 -0.1494078
2.80898e-005 -0.1371729
2.96898e-005 -0.1199968
3.12898e-005 -0.1009385
3.28898e-005 -0.08117433
3.44898e-005 -0.06282187
3.60898e-005 -0.04258711
3.76898e-005 -0.02470523
3.92898e-005 -0.01105853
4.08898e-005 -0.00117644
4.24898e-005 0.001882303
4.40898e-005 0.001647015
4.56898e-005 0.001411728
4.72898e-005 0.00564691
4.88898e-005 0.01199968
5.04898e-005 0.01882303
5.20898e-005 0.02352879
5.36898e-005 0.02823455
5.52898e-005 0.03152858
5.68898e-005 0.03294031
5.84898e-005 0.03199916
6.00898e-005 0.02799926
6.16898e-005 0.02117591
6.32898e-005 0.01035267
6.48898e-005 -0.003058743
6.64898e-005 -0.01576429
6.80898e-005 -0.0291757
6.96898e-005 -0.0428224
7.12898e-005 -0.05199863
7.28898e-005 -0.05764554
7.44898e-005 -0.06093957
7.60898e-005 -0.06093957
7.76898e-005 -0.05905727
7.92898e-005 -0.05764554
8.08898e-005 -0.0545868
8.24898e-005 -0.04658701
8.40898e-005 -0.0331756
8.56898e-005 -0.01599958
8.72898e-005 0.002588167
8.88898e-005 0.02070534
9.04898e-005 0.03835193
9.20898e-005 0.05388093
9.36898e-005 0.06635119
9.52898e-005 0.07646857
9.68898e-005 0.08070376
9.84898e-005 0.08305663
0.0001000898 0.08140962
0.0001016898 0.07835088
0.0001032898 0.07482156
0.0001048898 0.07223339
0.0001064898 0.06729234
0.0001080898 0.06446889
0.0001096898 0.06070428
0.0001112898 0.05599852
0.0001128898 0.04964575
0.0001144898 0.04023423
0.0001160898 0.02846984
0.0001176898 0.01529371
0.0001192898 0.0009411517
0.0001208898 -0.01482314
0.0001224898 -0.02894041
0.0001240898 -0.04070481
0.0001256898 -0.0487046
0.0001272898 -0.05035161
0.0001288898 -0.04705758
0.0001304898 -0.04070481
0.0001320898 -0.03294031
0.0001336898 -0.02376408
0.0001352898 -0.01435256
0.0001368898 -0.003764607
0.0001384898 0.005176334
0.0001400898 0.01388199
0.0001416898 0.02023476
0.0001432898 0.02470523
0.0001448898 0.02988157
0.0001464898 0.03670492
0.0001480898 0.04611643
0.0001496898 0.05270449
0.0001512898 0.05717496
0.0001528898 0.05717496
0.0001544898 0.05364565
0.0001560898 0.0468223
0.0001576898 0.0369402
0.0001592898 0.02588167
0.0001608898 0.0136467
0.0001624898 0.001647015
0.0001640898 -0.01011738
0.0001656898 -0.01764659
0.0001672898 -0.02352879
0.0001688898 -0.0272934
0.0001704898 -0.03246973
0.0001720898 -0.03670492
0.0001736898 -0.04070481
0.0001752898 -0.04211654
0.0001768898 -0.0428224
0.0001784898 -0.03952837
0.0001800898 -0.03717549
0.0001816898 -0.03246973
0.0001832898 -0.02564638
0.0001848898 -0.01741131
0.0001864898 -0.009176229
0.0001880898 -0.003058743
0.0001896898 0.0002352879
0.0001912898 0.00447047
0.0001928898 0.008235077
0.0001944898 0.01129382
0.0001960898 0.01388199
0.0001976898 0.01647015
0.0001992898 0.01741131
0.0002008898 0.01788188
0.0002024898 0.01882303
0.0002040898 0.01835246
0.0002056898 0.01741131
0.0002072898 0.01317612
0.0002088898 0.006588062
0.0002104898 -0.0002352879
0.0002120898 -0.005882198
0.0002136898 -0.01152911
0.0002152898 -0.01717602
0.0002168898 -0.0214112
0.0002184898 -0.02494052
0.0002200898 -0.02658753
0.0002216898 -0.02846984
0.0002232898 -0.02870513
0.0002248898 -0.02846984
0.0002264898 -0.02517581
0.0002280898 -0.01976419
0.0002296898 -0.01152911
0.0002312898 -0.004235183
0.0002328898 0.002823455
0.0002344898 0.008705653
0.0002360898 0.01435256
0.0002376898 0.0195289
0.0002392898 0.02470523
0.0002408898 0.02776397
0.0002424898 0.02988157
0.0002440898 0.03129329
0.0002456898 0.03270502
0.0002472898 0.03364617
0.0002488898 0.03294031
0.0002504898 0.03199916
0.0002520898 0.03082272
0.0002536898 0.02941099
0.0002552898 0.0272934
0.0002568898 0.02611696
0.0002584898 0.0254111
0.0002600898 0.02352879
0.0002616898 0.02282293
0.0002632898 0.02188178
0.0002648898 0.02352879
0.0002664898 0.02564638
0.0002680898 0.02776397
0.0002696898 0.02894041
0.0002712898 0.03058743
0.0002728898 0.03199916
0.0002744898 0.03458732
0.0002760898 0.03717549
0.0002776898 0.04141067
0.0002792898 0.04423413
0.0002808898 0.04705758
0.0002824898 0.04776345
0.0002840898 0.04729287
0.0002856898 0.04658701
0.0002872898 0.04564586
0.0002888898 0.0447047
0.0002904898 0.04493999
0.0002920898 0.04517528
0.0002936898 0.04658701
0.0002952898 0.04752816
0.0002968898 0.0487046
0.0002984898 0.05011633
0.0003000898 0.05223392
0.0003016898 0.05270449
0.0003032898 0.05364565
0.0003048898 0.05388093
0.0003064898 0.05317507
0.0003080898 0.05105748
0.0003096898 0.04988104
0.0003112898 0.04776345
0.0003128898 0.04517528
0.0003144898 0.04399884
0.0003160898 0.04352826
0.0003176898 0.04305769
0.0003192898 0.04258711
0.0003208898 0.04188125
0.0003224898 0.04376355
0.0003240898 0.04564586
0.0003256898 0.04941046
0.0003272898 0.05388093
0.0003288898 0.05929256
0.0003304898 0.06305716
0.0003320898 0.06588062
0.0003336898 0.0682335
0.0003352898 0.06964522
0.0003368898 0.06846878
0.0003384898 0.06705706
0.0003400898 0.06446889
0.0003416898 0.06164543
0.0003432898 0.05952784
0.0003448898 0.05576324
0.0003464898 0.05105748
0.0003480898 0.04658701
0.0003496898 0.04376355
0.0003512898 0.04070481
0.0003528898 0.03811664
0.0003544898 0.03670492
0.0003560898 0.0331756
0.0003576898 0.03129329
0.0003592898 0.03035214
0.0003608898 0.02964628
0.0003624898 0.02988157
0.0003640898 0.03011685
0.0003656898 0.03129329
0.0003672898 0.03152858
0.0003688898 0.03223444
0.0003704898 0.0331756
0.0003720898 0.03388146
0.0003736898 0.03458732
0.0003752898 0.03529319
0.0003768898 0.03623434
0.0003784898 0.03764607
0.0003800898 0.03952837
0.0003816898 0.0409401
0.0003832898 0.0428224
0.0003848898 0.0447047
0.0003864898 0.04493999
0.0003880898 0.04517528
0.0003896898 0.04776345
0.0003912898 0.0487046
0.0003928898 0.05011633
0.0003944898 0.05082219
0.0003960898 0.05270449
0.0003976898 0.05388093
0.0003992898 0.05764554
0.0004008898 0.06023371
0.0004024898 0.06352774
0.0004040898 0.06399831
0.0004056898 0.0642336
0.0004072898 0.0623513
0.0004088898 0.06023371
0.0004104898 0.05623381
0.0004120898 0.05105748
0.0004136898 0.04399884
0.0004152898 0.03764607
0.0004168898 0.03035214
0.0004184898 0.02470523
0.0004200898 0.01882303
0.0004216898 0.01294084
0.0004232898 0.007529213
0.0004248898 0.003058743
0.0004264898 -0.0004705758
0.0004280898 -0.003529319
0.0004296898 -0.005882198
0.0004312898 -0.007293925
0.0004328898 -0.008705653
0.0004344898 -0.009176229
0.0004360898 -0.008470365
0.0004376898 -0.007764501
0.0004392898 -0.00682335
0.0004408898 -0.006352774
0.0004424898 -0.005411622
0.0004440898 -0.006117486
0.0004456898 -0.00682335
0.0004472898 -0.007058638
0.0004488898 -0.007999789
0.0004504898 -0.008470365
0.0004520898 -0.008705653
0.0004536898 -0.007999789
0.0004552898 -0.007999789
0.0004568898 -0.008940941
0.0004584898 -0.01011738
0.0004600898 -0.01247026
0.0004616898 -0.01482314
0.0004632898 -0.01694073
0.0004648898 -0.02047005
0.0004664898 -0.02423466
0.0004680898 -0.02870513
0.0004696898 -0.03105801
0.0004712898 -0.03482261
0.0004728898 -0.03670492
0.0004744898 -0.03835193
0.0004760898 -0.03882251
0.0004776898 -0.03858722
0.0004792898 -0.03623434
0.0004808898 -0.03388146
0.0004824898 -0.02964628
0.0004840898 -0.02611696
0.0004856898 -0.0232935
0.0004872898 -0.02070534
0.0004888898 -0.01858775
0.0004904898 -0.01670544
0.0004920898 -0.01529371
0.0004936898 -0.01599958
0.0004952898 -0.01529371
0.0004968898 -0.015529
0.0004984898 -0.01670544
0.0005000898 -0.01882303
0.0005016898 -0.02094062
0.0005032898 -0.0232935
0.0005048898 -0.0254111
0.0005064898 -0.02682282
0.0005080898 -0.02894041
0.0005096898 -0.02988157
0.0005112898 -0.02964628
0.0005128898 -0.03035214
0.0005144898 -0.02846984
0.0005160898 -0.02635225
0.0005176898 -0.02305822
0.0005192898 -0.01788188
0.0005208898 -0.01199968
0.0005224898 -0.006117486
0.0005240898 0.0002352879
0.0005256898 0.005176334
0.0005272898 0.01035267
0.0005288898 0.01341141
0.0005304898 0.015529
0.0005320898 0.01741131
0.0005336898 0.01858775
0.0005352898 0.01976419
0.0005368898 0.02164649
0.0005384898 0.02258764
0.0005400898 0.02494052
0.0005416898 0.02635225
0.0005432898 0.02823455
0.0005448898 0.02988157
0.0005464898 0.03341088
0.0005480898 0.0350579
0.0005496898 0.0369402
0.0005512898 0.03858722
0.0005528898 0.03952837
0.0005544898 0.03952837
0.0005560898 0.03999895
0.0005576898 0.03976366
0.0005592898 0.04070481
0.0005608898 0.04141067
0.0005624898 0.04258711
0.0005640898 0.04493999
0.0005656898 0.04776345
0.0005672898 0.04988104
0.0005688898 0.05199863
0.0005704898 0.05388093
0.0005720898 0.05576324
0.0005736898 0.05693968
0.0005752898 0.05788083
0.0005768898 0.05788083
0.0005784898 0.05952784
0.0005800898 0.06023371
0.0005816898 0.06141015
0.0005832898 0.06188072
0.0005848898 0.06282187
0.0005864898 0.06282187
0.0005880898 0.06376303
0.0005896898 0.06470418
0.0005912898 0.06588062
0.0005928898 0.06541004
0.0005944898 0.06541004
0.0005960898 0.06376303
0.0005976898 0.06117486
0.0005992898 0.0583514
0.0006008898 0.05576324
0.0006024898 0.05199863
0.0006040898 0.04776345
0.0006056898 0.04305769
0.0006072898 0.03858722
0.0006088898 0.03435204
0.0006104898 0.03058743
0.0006120898 0.02823455
0.0006136898 0.02564638
0.0006152898 0.02376408
0.0006168898 0.02399937
0.0006184898 0.02423466
0.0006200898 0.02564638
0.0006216898 0.02658753
0.0006232898 0.02752869
0.0006248898 0.02823455
0.0006264898 0.0291757
0.0006280898 0.03035214
0.0006296898 0.03058743
0.0006312898 0.03082272
0.0006328898 0.03011685
0.0006344898 0.02823455
0.0006360898 0.02658753
0.0006376898 0.02376408
0.0006392898 0.02047005
0.0006408898 0.01670544
0.0006424898 0.01270555
0.0006440898 0.009411517
0.0006456898 0.006352774
0.0006472898 0.003529319
0.0006488898 0.001411728
0.0006504898 -0.001411728
0.0006520898 -0.001882303
0.0006536898 -0.003999895
0.0006552898 -0.004235183
0.0006568898 -0.00447047
0.0006584898 -0.00447047
0.0006600898 -0.00447047
0.0006616898 -0.003529319
0.0006632898 -0.001411728
0.0006648898 0.0002352879
0.0006664898 0.001647015
0.0006680898 0.002823455
0.0006696898 0.003529319
0.0006712898 0.003529319
0.0006728898 0.003058743
0.0006744898 0.003294031
0.0006760898 0.001647015
0.0006776898 0
0.0006792898 -0.002352879
0.0006808898 -0.005411622
0.0006824898 -0.009411517
0.0006840898 -0.01270555
0.0006856898 -0.01623487
0.0006872898 -0.01929361
0.0006888898 -0.02164649
0.0006904898 -0.0232935
0.0006920898 -0.02423466
0.0006936898 -0.02446994
0.0006952898 -0.02305822
0.0006968898 -0.02117591
0.0006984898 -0.01882303
0.0007000898 -0.01411728
0.0007016898 -0.009882093
0.0007032898 -0.004941046
0.0007048898 -0.0002352879
0.0007064898 0.004705758
0.0007080898 0.008470365
0.0007096898 0.01247026
0.0007112898 0.01458785
0.0007128898 0.015529
0.0007144898 0.01623487
0.0007160898 0.01670544
0.0007176898 0.01694073
0.0007192898 0.01623487
0.0007208898 0.01529371
0.0007224898 0.01482314
0.0007240898 0.01317612
0.0007256898 0.01294084
0.0007272898 0.01129382
0.0007288898 0.01011738
0.0007304898 0.007764501
0.0007320898 0.006352774
0.0007336898 0.004235183
0.0007352898 0.002588167
0.0007368898 0.00117644
0.0007384898 0.0004705758
0.0007400898 0
0.0007416898 0.0002352879
0.0007432898 0.001411728
0.0007448898 0.002588167
0.0007464898 0.003764607
0.0007480898 0.005882198
0.0007496898 0.007999789
0.0007512898 0.01129382
0.0007528898 0.0136467
0.0007544898 0.01741131
0.0007560898 0.0214112
0.0007576898 0.02494052
0.0007592898 0.02776397
0.0007608898 0.03058743
0.0007624898 0.0331756
0.0007640898 0.03435204
0.0007656898 0.03411675
0.0007672898 0.03364617
0.0007688898 0.03152858
0.0007704898 0.02846984
0.0007720898 0.02611696
0.0007736898 0.02376408
0.0007752898 0.02094062
0.0007768898 0.01882303
0.0007784898 0.01647015
0.0007800898 0.01505843
0.0007816898 0.0136467
0.0007832898 0.0136467
0.0007848898 0.01270555
0.0007864898 0.01341141
0.0007880898 0.01411728
0.0007896898 0.01599958
0.0007912898 0.01811717
0.0007928898 0.01999947
0.0007944898 0.02094062
0.0007960898 0.02282293
0.0007976898 0.02352879
0.0007992898 0.02494052
0.0008008898 0.02588167
0.0008024898 0.02752869
0.0008040898 0.02799926
0.0008056898 0.03035214
0.0008072898 0.03105801
0.0008088898 0.03129329
0.0008104898 0.03129329
0.0008120898 0.03035214
0.0008136898 0.02941099
0.0008152898 0.02941099
0.0008168898 0.0291757
0.0008184898 0.02941099
0.0008200898 0.02823455
0.0008216898 0.02776397
0.0008232898 0.02658753
0.0008248898 0.02494052
0.0008264898 0.02188178
0.0008280898 0.01882303
0.0008296898 0.015529
0.0008312898 0.0117644
0.0008328898 0.007529213
0.0008344898 0.003764607
0.0008360898 -0.0002352879
0.0008376898 -0.003529319
0.0008392898 -0.006352774
0.0008408898 -0.007764501
0.0008424898 -0.008705653
0.0008440898 -0.007764501
0.0008456898 -0.006352774
0.0008472898 -0.004705758
0.0008488898 -0.001647015
0.0008504898 0.00117644
0.0008520898 0.003764607
0.0008536898 0.005176334
0.0008552898 0.006588062
0.0008568898 0.006117486
0.0008584898 0.00447047
0.0008600898 0.001882303
0.0008616898 -0.001882303
0.0008632898 -0.006117486
0.0008648898 -0.01058796
0.0008664898 -0.01411728
0.0008680898 -0.01788188
0.0008696898 -0.01999947
0.0008712898 -0.02211706
0.0008728898 -0.02352879
0.0008744898 -0.02494052
0.0008760898 -0.02564638
0.0008776898 -0.02517581
0.0008792898 -0.0254111
0.0008808898 -0.02470523
0.0008824898 -0.02470523
0.0008840898 -0.0232935
0.0008856898 -0.02376408
0.0008872898 -0.02352879
0.0008888898 -0.02376408
0.0008904898 -0.02470523
0.0008920898 -0.02494052
0.0008936898 -0.02611696
0.0008952898 -0.02611696
0.0008968898 -0.02682282
0.0008984898 -0.0272934
0.0009000898 -0.02776397
0.0009016898 -0.02705811
0.0009032898 -0.02705811
0.0009048898 -0.02611696
0.0009064898 -0.02611696
0.0009080898 -0.02517581
0.0009096898 -0.02470523
0.0009112898 -0.0232935
0.0009128898 -0.02211706
0.0009144898 -0.01976419
0.0009160898 -0.01835246
0.0009176898 -0.015529
0.0009192898 -0.01341141
0.0009208898 -0.0117644
0.0009224898 -0.01105853
0.0009240898 -0.01058796
0.0009256898 -0.01082324
0.0009272898 -0.01082324
0.0009288898 -0.01152911
0.0009304898 -0.0117644
0.0009320898 -0.01247026
0.0009336898 -0.01294084
0.0009352898 -0.01341141
0.0009368898 -0.01388199
0.0009384898 -0.01411728
0.0009400898 -0.01317612
0.0009416898 -0.01152911
0.0009432898 -0.008940941
0.0009448898 -0.005176334
0.0009464898 -0.001647015
0.0009480898 0.002117591
0.0009496898 0.006352774
0.0009512898 0.01082324
0.0009528898 0.01505843
0.0009544898 0.01929361
0.0009560898 0.0232935
0.0009576898 0.02611696
0.0009592898 0.02799926
0.0009608898 0.02988157
0.0009624898 0.03082272
0.0009640898 0.03105801
0.0009656898 0.02988157
0.0009672898 0.02823455
0.0009688898 0.02658753
0.0009704898 0.0232935
0.0009720898 0.02023476
0.0009736898 0.01788188
0.0009752898 0.01458785
0.0009768898 0.01105853
0.0009784898 0.008470365
0.0009800898 0.006588062
0.0009816898 0.003999895
0.0009832898 0.002588167
0.0009848898 0.00117644
0.0009864898 0
0.0009880898 -0.0009411517
0.0009896898 -0.002117591
0.0009912898 -0.002588167
0.0009928898 -0.003058743
0.0009944898 -0.003294031
0.0009960898 -0.005176334
0.0009976898 -0.006352774
0.0009992898 -0.007999789
0.00100089 -0.009176229
0.00100249 -0.01082324
0.00100409 -0.01247026
0.00100569 -0.01458785
0.00100729 -0.01647015
0.00100889 -0.01835246
0.00101049 -0.01882303
0.00101209 -0.02070534
0.00101369 -0.02047005
0.00101529 -0.02211706
0.00101689 -0.02305822
0.00101849 -0.0232935
0.00102009 -0.02305822
0.00102169 -0.02376408
0.00102329 -0.02282293
0.00102489 -0.02211706
0.00102649 -0.02188178
0.00102809 -0.02164649
0.00102969 -0.02117591
0.00103129 -0.02117591
0.00103289 -0.02047005
0.00103449 -0.02164649
0.00103609 -0.02188178
0.00103769 -0.02258764
0.00103929 -0.0232935
0.00104089 -0.02352879
0.00104249 -0.02376408
0.00104409 -0.02352879
0.00104569 -0.02258764
0.00104729 -0.02023476
0.00104889 -0.01717602
0.00105049 -0.01317612
0.00105209 -0.007764501
0.00105369 -0.002588167
0.00105529 0.003294031
0.00105689 0.008940941
0.00105849 0.01388199
0.00106009 0.01811717
0.00106169 0.02258764
0.00106329 0.02494052
0.00106489 0.02705811
0.00106649 0.02799926
0.00106809 0.02894041
0.00106969 0.02799926
0.00107129 0.02776397
0.00107289 0.02611696
0.00107449 0.02446994
0.00107609 0.02164649
0.00107769 0.0195289
0.00107929 0.01647015
0.00108089 0.01411728
0.00108249 0.01129382
0.00108409 0.009176229
0.00108569 0.007293925
0.00108729 0.005411622
0.00108889 0.004235183
0.00109049 0.003999895
0.00109209 0.00447047
0.00109369 0.005882198
0.00109529 0.006352774
0.00109689 0.007529213
0.00109849 0.008470365
0.00110009 0.01011738
0.00110169 0.01035267
0.00110329 0.01105853
0.00110489 0.0117644
0.00110649 0.01082324
0.00110809 0.009411517
0.00110969 0.007999789
0.00111129 0.005882198
0.00111289 0.003764607
0.00111449 0.0007058638
0.00111609 -0.002117591
0.00111769 -0.005176334
0.00111929 -0.007529213
0.00112089 -0.01035267
0.00112249 -0.01247026
0.00112409 -0.01505843
0.00112569 -0.01741131
0.00112729 -0.02047005
0.00112889 -0.02258764
0.00113049 -0.02611696
0.00113209 -0.02870513
0.00113369 -0.03176387
0.00113529 -0.03411675
0.00113689 -0.03717549
0.00113849 -0.03882251
0.00114009 -0.04070481
0.00114169 -0.04305769
0.00114329 -0.04399884
0.00114489 -0.04399884
0.00114649 -0.04446942
0.00114809 -0.04423413
0.00114969 -0.0447047
0.00115129 -0.04399884
0.00115289 -0.04423413
0.00115449 -0.04423413
0.00115609 -0.04423413
0.00115769 -0.04376355
0.00115929 -0.04493999
0.00116089 -0.04446942
0.00116249 -0.04493999
0.00116409 -0.04493999
0.00116569 -0.04588114
0.00116729 -0.04658701
0.00116889 -0.04846931
0.00117049 -0.04941046
0.00117209 -0.05129277
0.00117369 -0.05341036
0.00117529 -0.05576324
0.00117689 -0.0583514
0.00117849 -0.06046899
0.00118009 -0.0623513
0.00118169 -0.06305716
0.00118329 -0.06493947
0.00118489 -0.0661159
0.00118649 -0.06658648
0.00118809 -0.06776292
0.00118969 -0.06729234
0.00119129 -0.06729234
0.00119289 -0.06658648
0.00119449 -0.06682177
0.00119609 -0.06541004
0.00119769 -0.06470418
0.00119929 -0.06305716
0.00120089 -0.06258659
0.00120249 -0.06093957
0.00120409 -0.06023371
0.00120569 -0.05788083
0.00120729 -0.05623381
0.00120889 -0.05388093
0.00121049 -0.05105748
0.00121209 -0.04799874
0.00121369 -0.04588114
0.00121529 -0.04258711
0.00121689 -0.03976366
0.00121849 -0.03646963
0.00122009 -0.03552848
0.00122169 -0.03341088
0.00122329 -0.0331756
0.00122489 -0.03341088
0.00122649 -0.03458732
0.00122809 -0.03482261
0.00122969 -0.03646963
0.00123129 -0.03741078
0.00123289 -0.03811664
0.00123449 -0.03882251
0.00123609 -0.03882251
0.00123769 -0.03788135
0.00123929 -0.03646963
0.00124089 -0.0350579
0.00124249 -0.03223444
0.00124409 -0.0291757
0.00124569 -0.02588167
0.00124729 -0.0214112
0.00124889 -0.01764659
0.00125049 -0.01388199
0.00125209 -0.01105853
0.00125369 -0.007058638
0.00125529 -0.004705758
0.00125689 -0.002117591
0.00125849 0
0.00126009 0.001882303
0.00126169 0.004235183
0.00126329 0.006352774
0.00126489 0.007058638
0.00126649 0.008705653
0.00126809 0.007999789
0.00126969 0.008470365
0.00127129 0.00682335
0.00127289 0.005411622
0.00127449 0.003764607
0.00127609 0.001882303
0.00127769 0.0002352879
0.00127929 -0.0009411517
0.00128089 -0.001882303
0.00128249 -0.002352879
0.00128409 -0.003999895
0.00128569 -0.004705758
0.00128729 -0.004941046
0.00128889 -0.004941046
0.00129049 -0.003999895
0.00129209 -0.003529319
0.00129369 -0.002823455
0.00129529 -0.001882303
0.00129689 -0.0002352879
0.00129849 0.0009411517
0.00130009 0.0009411517
0.00130169 0.002352879
0.00130329 0.002588167
0.00130489 0.002588167
0.00130649 0.002117591
0.00130809 0.001647015
0.00130969 0.0007058638
0.00131129 -0.0004705758
0.00131289 -0.002823455
0.00131449 -0.004705758
0.00131609 -0.008235077
0.00131769 -0.01223497
0.00131929 -0.01599958
0.00132089 -0.01905832
0.00132249 -0.02376408
0.00132409 -0.02705811
0.00132569 -0.03152858
0.00132729 -0.03435204
0.00132889 -0.03811664
0.00133049 -0.03952837
0.00133209 -0.04046952
0.00133369 -0.04141067
0.00133529 -0.04235183
0.00133689 -0.04258711
0.00133849 -0.04258711
0.00134009 -0.04258711
0.00134169 -0.04376355
0.00134329 -0.04446942
0.00134489 -0.04635172
0.00134649 -0.04729287
0.00134809 -0.04917517
0.00134969 -0.0505869
0.00135129 -0.05176334
0.00135289 -0.05293978
0.00135449 -0.05411622
0.00135609 -0.05388093
0.00135769 -0.05341036
0.00135929 -0.05246921
0.00136089 -0.05199863
0.00136249 -0.04988104
0.00136409 -0.0487046
0.00136569 -0.04705758
0.00136729 -0.04611643
0.00136889 -0.0447047
0.00137049 -0.04423413
0.00137209 -0.04399884
0.00137369 -0.04376355
0.00137529 -0.04329298
0.00137689 -0.04352826
0.00137849 -0.04352826
0.00138009 -0.04258711
0.00138169 -0.04258711
0.00138329 -0.04188125
0.00138489 -0.04046952
0.00138649 -0.03929308
0.00138809 -0.03788135
0.00138969 -0.03552848
0.00139129 -0.03341088
0.00139289 -0.03129329
0.00139449 -0.02776397
0.00139609 -0.02517581
0.00139769 -0.02188178
0.00139929 -0.0195289
0.00140089 -0.01623487
0.00140249 -0.01458785
0.00140409 -0.01270555
0.00140569 -0.01058796
0.00140729 -0.007999789
0.00140889 -0.005882198
0.00141049 -0.003294031
0.00141209 -0.0007058638
0.00141369 0.001647015
0.00141529 0.004235183
0.00141689 0.00682335
0.00141849 0.008705653
0.00142009 0.01152911
0.00142169 0.01317612
0.00142329 0.01505843
0.00142489 0.01505843
0.00142649 0.01458785
0.00142809 0.01529371
0.00142969 0.01482314
0.00143129 0.01435256
0.00143289 0.01458785
0.00143449 0.01505843
0.00143609 0.01623487
0.00143769 0.01741131
0.00143929 0.01999947
0.00144089 0.0214112
0.00144249 0.02446994
0.00144409 0.02658753
0.00144569 0.0291757
0.00144729 0.03152858
0.00144889 0.03364617
0.00145049 0.03576376
0.00145209 0.03764607
0.00145369 0.03858722
0.00145529 0.03952837
0.00145689 0.03905779
0.00145849 0.03835193
0.00146009 0.03811664
0.00146169 0.03646963
0.00146329 0.03552848
0.00146489 0.03411675
0.00146649 0.03223444
0.00146809 0.03129329
0.00146969 0.03011685
0.00147129 0.02964628
0.00147289 0.0291757
0.00147449 0.02941099
0.00147609 0.02941099
0.00147769 0.03011685
0.00147929 0.03035214
0.00148089 0.03152858
0.00148249 0.03294031
0.00148409 0.03482261
0.00148569 0.03646963
0.00148729 0.03929308
0.00148889 0.04164596
0.00149049 0.04423413
0.00149209 0.04658701
0.00149369 0.04941046
0.00149529 0.05082219
0.00149689 0.05293978
0.00149849 0.05388093
0.00150009 0.05435151
0.00150169 0.05411622
0.00150329 0.05388093
0.00150489 0.05246921
0.00150649 0.05082219
0.00150809 0.04823402
0.00150969 0.04658701
0.00151129 0.04399884
0.00151289 0.04164596
0.00151449 0.03858722
0.00151609 0.03646963
0.00151769 0.03435204
0.00151929 0.03246973
0.00152089 0.03035214
0.00152249 0.02894041
0.00152409 0.02752869
0.00152569 0.02635225
0.00152729 0.02564638
0.00152889 0.02682282
0.00153049 0.02705811
0.00153209 0.02752869
0.00153369 0.0291757
0.00153529 0.03105801
0.00153689 0.03270502
0.00153849 0.0350579
0.00154009 0.03623434
0.00154169 0.03929308
0.00154329 0.04070481
0.00154489 0.04258711
0.00154649 0.04423413
0.00154809 0.04588114
0.00154969 0.04658701
0.00155129 0.04846931
0.00155289 0.04917517
0.00155449 0.04964575
0.00155609 0.04941046
0.00155769 0.0487046
0.00155929 0.04799874
0.00156089 0.04752816
0.00156249 0.04635172
0.00156409 0.04517528
0.00156569 0.04258711
0.00156729 0.04141067
0.00156889 0.03788135
0.00157049 0.03623434
0.00157209 0.0331756
0.00157369 0.03058743
0.00157529 0.02799926
0.00157689 0.02611696
0.00157849 0.02282293
0.00158009 0.02094062
0.00158169 0.01835246
0.00158329 0.01599958
0.00158489 0.01388199
0.00158649 0.01247026
0.00158809 0.01082324
0.00158969 0.009411517
0.00159129 0.008470365
0.00159289 0.007529213
0.00159449 0.006588062
0.00159609 0.006352774
0.00159769 0.005882198
0.00159929 0.004941046
0.00160089 0.004705758
0.00160249 0.004235183
0.00160409 0.003058743
0.00160569 0.003058743
0.00160729 0.001882303
0.00160889 0.001882303
0.00161049 0.0009411517
0.00161209 0.0009411517
0.00161369 -0.0009411517
0.00161529 -0.001647015
0.00161689 -0.002352879
0.00161849 -0.003999895
0.00162009 -0.004705758
0.00162169 -0.006588062
0.00162329 -0.007529213
0.00162489 -0.007999789
0.00162649 -0.009176229
0.00162809 -0.009882093
0.00162969 -0.01129382
0.00163129 -0.01152911
0.00163289 -0.01270555
0.00163449 -0.01247026
0.00163609 -0.01341141
0.00163769 -0.01317612
0.00163929 -0.0136467
0.00164089 -0.01411728
0.00164249 -0.01482314
0.00164409 -0.01505843
0.00164569 -0.01623487
0.00164729 -0.01670544
0.00164889 -0.01811717
0.00165049 -0.01929361
0.00165209 -0.02023476
0.00165369 -0.0214112
0.00165529 -0.02305822
0.00165689 -0.02446994
0.00165849 -0.02611696
0.00166009 -0.02658753
0.00166169 -0.02776397
0.00166329 -0.02823455
0.00166489 -0.0291757
0.00166649 -0.02964628
0.00166809 -0.02870513
0.00166969 -0.02870513
0.00167129 -0.02823455
0.00167289 -0.02658753
0.00167449 -0.02564638
0.00167609 -0.02423466
0.00167769 -0.0232935
0.00167929 -0.02117591
0.00168089 -0.01999947
0.00168249 -0.01858775
0.00168409 -0.01788188
0.00168569 -0.01670544
0.00168729 -0.01623487
0.00168889 -0.015529
0.00169049 -0.01458785
0.00169209 -0.0136467
0.00169369 -0.01247026
0.00169529 -0.01199968
0.00169689 -0.01058796
0.00169849 -0.009882093
0.00170009 -0.008705653
0.00170169 -0.007529213
0.00170329 -0.007058638
0.00170489 -0.006117486
0.00170649 -0.005176334
0.00170809 -0.005176334
0.00170969 -0.003999895
0.00171129 -0.00447047
0.00171289 -0.005176334
0.00171449 -0.004941046
0.00171609 -0.00564691
0.00171769 -0.006352774
0.00171929 -0.006588062
0.00172089 -0.007058638
0.00172249 -0.007529213
0.00172409 -0.007764501
0.00172569 -0.007764501
0.00172729 -0.007529213
0.00172889 -0.006588062
0.00173049 -0.005882198
0.00173209 -0.003529319
0.00173369 -0.001882303
0.00173529 0.0004705758
0.00173689 0.004235183
0.00173849 0.007293925
0.00174009 0.01105853
0.00174169 0.01482314
0.00174329 0.01835246
0.00174489 0.02211706
0.00174649 0.02494052
0.00174809 0.02823455
0.00174969 0.03105801
0.00175129 0.03364617
0.00175289 0.03599905
0.00175449 0.03741078
0.00175609 0.03858722
0.00175769 0.03952837
0.00175929 0.03999895
0.00176089 0.03976366
0.00176249 0.03999895
0.00176409 0.03905779
0.00176569 0.03811664
0.00176729 0.03576376
0.00176889 0.03435204
0.00177049 0.03246973
0.00177209 0.03011685
0.00177369 0.02799926
0.00177529 0.0254111
0.00177689 0.02282293
0.00177849 0.02047005
0.00178009 0.01741131
0.00178169 0.01529371
0.00178329 0.01247026
0.00178489 0.009411517
0.00178649 0.006588062
0.00178809 0.00447047
0.00178969 0.001411728
0.00179129 -0.0004705758
0.00179289 -0.003058743
0.00179449 -0.004705758
0.00179609 -0.006588062
0.00179769 -0.008470365
0.00179929 -0.01035267
0.00180089 -0.01152911
0.00180249 -0.01294084
0.00180409 -0.01388199
0.00180569 -0.01529371
0.00180729 -0.01599958
0.00180889 -0.01694073
0.00181049 -0.01788188
0.00181209 -0.01905832
0.00181369 -0.01905832
0.00181529 -0.01929361
0.00181689 -0.01929361
0.00181849 -0.01999947
0.00182009 -0.01882303
0.00182169 -0.01882303
0.00182329 -0.01835246
0.00182489 -0.01858775
0.00182649 -0.01882303
0.00182809 -0.01929361
0.00182969 -0.01976419
0.00183129 -0.01999947
0.00183289 -0.02117591
0.00183449 -0.02211706
0.00183609 -0.02188178
0.00183769 -0.02282293
0.00183929 -0.02282293
0.00184089 -0.0232935
0.00184249 -0.02352879
0.00184409 -0.02352879
0.00184569 -0.02258764
0.00184729 -0.02235235
0.00184889 -0.02117591
0.00185049 -0.02023476
0.00185209 -0.01858775
0.00185369 -0.01717602
0.00185529 -0.01435256
0.00185689 -0.0117644
0.00185849 -0.009176229
0.00186009 -0.007058638
0.00186169 -0.003529319
0.00186329 -0.0007058638
0.00186489 0.002117591
0.00186649 0.003764607
0.00186809 0.005411622
0.00186969 0.00682335
0.00187129 0.007293925
0.00187289 0.007999789
0.00187449 0.009411517
0.00187609 0.01011738
0.00187769 0.01152911
0.00187929 0.01270555
0.00188089 0.01458785
0.00188249 0.01599958
0.00188409 0.01882303
0.00188569 0.02235235
0.00188729 0.02494052
0.00188889 0.02870513
0.00189049 0.03364617
0.00189209 0.03646963
0.00189369 0.04046952
0.00189529 0.04423413
0.00189689 0.04752816
0.00189849 0.0505869
0.00190009 0.05411622
0.00190169 0.0564691
0.00190329 0.05929256
0.00190489 0.06070428
0.00190649 0.06258659
0.00190809 0.06305716
0.00190969 0.06399831
0.00191129 0.06470418
0.00191289 0.06493947
0.00191449 0.06517475
0.00191609 0.06588062
0.00191769 0.06541004
0.00191929 0.0661159
0.00192089 0.06541004
0.00192249 0.06541004
0.00192409 0.06541004
0.00192569 0.06564533
0.00192729 0.06564533
0.00192889 0.06517475
0.00193049 0.06517475
0.00193209 0.0661159
0.00193369 0.06541004
0.00193529 0.06658648
0.00193689 0.06658648
0.00193849 0.06682177
0.00194009 0.06705706
0.00194169 0.06752763
0.00194329 0.06776292
0.00194489 0.06893936
0.00194649 0.06893936
0.00194809 0.06988051
0.00194969 0.0701158
0.00195129 0.07058638
0.00195289 0.07058638
0.00195449 0.07105695
0.00195609 0.07082166
0.00195769 0.07082166
0.00195929 0.07058638
0.00196089 0.07082166
0.00196249 0.06964522
0.00196409 0.06846878
0.00196569 0.06752763
0.00196729 0.06658648
0.00196889 0.0661159
0.00197049 0.06564533
0.00197209 0.06399831
0.00197369 0.06305716
0.00197529 0.0623513
0.00197689 0.06093957
0.00197849 0.05952784
0.00198009 0.05858669
0.00198169 0.05670439
0.00198329 0.05505737
0.00198489 0.05270449
0.00198649 0.0505869
0.00198809 0.0487046
0.00198969 0.04729287
0.00199129 0.0447047
0.00199289 0.04399884
0.00199449 0.04188125
0.00199609 0.04117539
0.00199769 0.04023423
0.00199929 0.03905779
0.00200089 0.03858722
0.00200249 0.03717549
0.00200409 0.0350579
0.00200569 0.03294031
0.00200729 0.03082272
0.00200889 0.02823455
0.00201049 0.02635225
0.00201209 0.02399937
0.00201369 0.02023476
0.00201529 0.01764659
0.00201689 0.01435256
0.00201849 0.01199968
0.00202009 0.009411517
0.00202169 0.006352774
0.00202329 0.003999895
0.00202489 0.001647015
0.00202649 -0.001411728
0.00202809 -0.004705758
0.00202969 -0.006588062
0.00203129 -0.007999789
0.00203289 -0.01035267
0.00203449 -0.01105853
0.00203609 -0.01247026
0.00203769 -0.01199968
0.00203929 -0.01152911
0.00204089 -0.01082324
0.00204249 -0.009646805
0.00204409 -0.008235077
0.00204569 -0.006117486
0.00204729 -0.003529319
0.00204889 -0.001882303
0.00205049 0.0004705758
0.00205209 0.002352879
0.00205369 0.004941046
0.00205529 0.006588062
0.00205689 0.008940941
0.00205849 0.01035267
0.00206009 0.01152911
0.00206169 0.01199968
0.00206329 0.01270555
0.00206489 0.01294084
0.00206649 0.01247026
0.00206809 0.01199968
0.00206969 0.01152911
0.00207129 0.01082324
0.00207289 0.009882093
0.00207449 0.009176229
0.00207609 0.008940941
0.00207769 0.008470365
0.00207929 0.008470365
0.00208089 0.008705653
0.00208249 0.008705653
0.00208409 0.009646805
0.00208569 0.01035267
0.00208729 0.01129382
0.00208889 0.01294084
0.00209049 0.0136467
0.00209209 0.01529371
0.00209369 0.01599958
0.00209529 0.01764659
0.00209689 0.01905832
0.00209849 0.02070534
0.00210009 0.02164649
0.00210169 0.02305822
0.00210329 0.0232935
0.00210489 0.02446994
0.00210649 0.02470523
0.00210809 0.02494052
0.00210969 0.02470523
0.00211129 0.02423466
0.00211289 0.02352879
0.00211449 0.02305822
0.00211609 0.02188178
0.00211769 0.02094062
0.00211929 0.01905832
0.00212089 0.01835246
0.00212249 0.01694073
0.00212409 0.01576429
0.00212569 0.01482314
0.00212729 0.01388199
0.00212889 0.01317612
0.00213049 0.01317612
0.00213209 0.01223497
0.00213369 0.01270555
0.00213529 0.01247026
0.00213689 0.01270555
0.00213849 0.01294084
0.00214009 0.0136467
0.00214169 0.01317612
0.00214329 0.01341141
0.00214489 0.01388199
0.00214649 0.0136467
0.00214809 0.0136467
0.00214969 0.01294084
0.00215129 0.01223497
0.00215289 0.0117644
0.00215449 0.01058796
0.00215609 0.008940941
0.00215769 0.008235077
0.00215929 0.00682335
0.00216089 0.005411622
0.00216249 0.003999895
0.00216409 0.002352879
0.00216569 0.0009411517
0.00216729 -0.0004705758
0.00216889 -0.002588167
0.00217049 -0.004235183
0.00217209 -0.005176334
0.00217369 -0.007293925
0.00217529 -0.008705653
0.00217689 -0.01011738
0.00217849 -0.01152911
0.00218009 -0.01294084
0.00218169 -0.01458785
0.00218329 -0.015529
0.00218489 -0.01647015
0.00218649 -0.01741131
0.00218809 -0.01811717
0.00218969 -0.0195289
0.00219129 -0.01929361
0.00219289 -0.02023476
0.00219449 -0.01976419
0.00219609 -0.02023476
0.00219769 -0.02023476
0.00219929 -0.02023476
0.00220089 -0.02023476
0.00220249 -0.02117591
0.00220409 -0.02094062
0.00220569 -0.02164649
0.00220729 -0.02164649
0.00220889 -0.02235235
0.00221049 -0.02282293
0.00221209 -0.02352879
0.00221369 -0.02517581
0.00221529 -0.02658753
0.00221689 -0.02799926
0.00221849 -0.03035214
0.00222009 -0.03129329
0.00222169 -0.0350579
0.00222329 -0.03670492
0.00222489 -0.03999895
0.00222649 -0.04235183
0.00222809 -0.04541057
0.00222969 -0.04752816
0.00223129 -0.04941046
0.00223289 -0.05129277
0.00223449 -0.05317507
0.00223609 -0.05411622
0.00223769 -0.05529266
0.00223929 -0.05552795
0.00224089 -0.05599852
0.00224249 -0.05552795
0.00224409 -0.05505737
0.00224569 -0.0545868
0.00224729 -0.05341036
0.00224889 -0.05199863
0.00225049 -0.05129277
0.00225209 -0.04917517
0.00225369 -0.04729287
0.00225529 -0.04564586
0.00225689 -0.04446942
0.00225849 -0.04235183
0.00226009 -0.04117539
0.00226169 -0.03976366
0.00226329 -0.03858722
0.00226489 -0.03741078
0.00226649 -0.03623434
0.00226809 -0.03529319
0.00226969 -0.03482261
0.00227129 -0.0331756
0.00227289 -0.03246973
0.00227449 -0.03082272
0.00227609 -0.03035214
0.00227769 -0.02964628
0.00227929 -0.02941099
0.00228089 -0.02870513
0.00228249 -0.02799926
0.00228409 -0.02776397
0.00228569 -0.02635225
0.00228729 -0.02517581
0.00228889 -0.02446994
0.00229049 -0.02282293
0.00229209 -0.02164649
0.00229369 -0.01999947
0.00229529 -0.01882303
0.00229689 -0.01717602
0.00229849 -0.01623487
0.00230009 -0.01529371
0.00230169 -0.01482314
0.00230329 -0.01388199
0.00230489 -0.0136467
0.00230649 -0.0136467
0.00230809 -0.0136467
0.00230969 -0.01388199
0.00231129 -0.01388199
0.00231289 -0.0136467
0.00231449 -0.01458785
0.00231609 -0.01388199
0.00231769 -0.01388199
0.00231929 -0.0136467
0.00232089 -0.01388199
0.00232249 -0.01388199
0.00232409 -0.01388199
0.00232569 -0.01388199
0.00232729 -0.01482314
0.00232889 -0.01435256
0.00233049 -0.01458785
0.00233209 -0.01482314
0.00233369 -0.015529
0.00233529 -0.015529
0.00233689 -0.015529
0.00233849 -0.01505843
0.00234009 -0.015529
0.00234169 -0.01505843
0.00234329 -0.01482314
0.00234489 -0.01411728
0.00234649 -0.01341141
0.00234809 -0.01341141
0.00234969 -0.01247026
0.00235129 -0.01223497
0.00235289 -0.01247026
0.00235449 -0.01223497
0.00235609 -0.01294084
0.00235769 -0.01247026
0.00235929 -0.01270555
0.00236089 -0.01317612
0.00236249 -0.01341141
0.00236409 -0.01317612
0.00236569 -0.0136467
0.00236729 -0.01435256
0.00236889 -0.01458785
0.00237049 -0.01482314
0.00237209 -0.01482314
0.00237369 -0.01458785
0.00237529 -0.01505843
0.00237689 -0.01482314
0.00237849 -0.01435256
0.00238009 -0.0136467
0.00238169 -0.01411728
0.00238329 -0.01341141
0.00238489 -0.01247026
0.00238649 -0.01223497
0.00238809 -0.01152911
0.00238969 -0.01058796
0.00239129 -0.01058796
0.00239289 -0.009411517
0.00239449 -0.009411517
0.00239609 -0.008705653
0.00239769 -0.009646805
0.00239929 -0.009882093
0.00240089 -0.01011738
0.00240249 -0.009882093
0.00240409 -0.01058796
0.00240569 -0.01152911
0.00240729 -0.01270555
0.00240889 -0.01270555
0.00241049 -0.0136467
0.00241209 -0.01435256
0.00241369 -0.01529371
0.00241529 -0.01576429
0.00241689 -0.01717602
0.00241849 -0.01717602
0.00242009 -0.01835246
0.00242169 -0.01882303
0.00242329 -0.0195289
0.00242489 -0.02023476
0.00242649 -0.02094062
0.00242809 -0.02164649
0.00242969 -0.02164649
0.00243129 -0.02047005
0.00243289 -0.02164649
0.00243449 -0.02094062
0.00243609 -0.0214112
0.00243769 -0.02094062
0.00243929 -0.02094062
0.00244089 -0.02117591
0.00244249 -0.02258764
0.00244409 -0.02235235
0.00244569 -0.0232935
0.00244729 -0.02352879
0.00244889 -0.02517581
0.00245049 -0.0254111
0.00245209 -0.02705811
0.00245369 -0.02799926
0.00245529 -0.02941099
0.00245689 -0.03105801
0.00245849 -0.03176387
0.00246009 -0.0331756
0.00246169 -0.03435204
0.00246329 -0.03482261
0.00246489 -0.03623434
0.00246649 -0.03529319
0.00246809 -0.03576376
0.00246969 -0.03599905
0.00247129 -0.03576376
0.00247289 -0.03552848
0.00247449 -0.03576376
0.00247609 -0.03482261
0.00247769 -0.03482261
0.00247929 -0.03529319
0.00248089 -0.03529319
0.00248249 -0.03529319
0.00248409 -0.03576376
0.00248569 -0.03529319
0.00248729 -0.03576376
0.00248889 -0.03552848
0.00249049 -0.03599905
0.00249209 -0.03670492
0.00249369 -0.03741078
0.00249529 -0.03717549
0.00249689 -0.03835193
0.00249849 -0.03835193
0.00250009 -0.03905779
0.00250169 -0.03929308
0.00250329 -0.03905779
0.00250489 -0.03858722
0.00250649 -0.03788135
0.00250809 -0.03717549
0.00250969 -0.03646963
0.00251129 -0.03552848
0.00251289 -0.03435204
0.00251449 -0.03294031
0.00251609 -0.03199916
0.00251769 -0.03082272
0.00251929 -0.03058743
0.00252089 -0.02894041
0.00252249 -0.02846984
0.00252409 -0.0272934
0.00252569 -0.02682282
0.00252729 -0.02564638
0.00252889 -0.02517581
0.00253049 -0.02470523
0.00253209 -0.02423466
0.00253369 -0.0232935
0.00253529 -0.0232935
0.00253689 -0.0232935
0.00253849 -0.02282293
0.00254009 -0.0214112
0.00254169 -0.02188178
0.00254329 -0.02023476
0.00254489 -0.01929361
0.00254649 -0.01811717
0.00254809 -0.01694073
0.00254969 -0.015529
0.00255129 -0.01388199
0.00255289 -0.01270555
0.00255449 -0.01129382
0.00255609 -0.009176229
0.00255769 -0.008705653
0.00255929 -0.007293925
0.00256089 -0.00682335
0.00256249 -0.00564691
0.00256409 -0.004941046
0.00256569 -0.00447047
0.00256729 -0.004235183
0.00256889 -0.003529319
0.00257049 -0.002823455
0.00257209 -0.003058743
0.00257369 -0.002352879
0.00257529 -0.001647015
0.00257689 -0.001411728
0.00257849 -0.0009411517
0.00258009 -0.0002352879
0.00258169 -0.0002352879
0.00258329 0
0.00258489 0.0007058638
0.00258649 0.001647015
0.00258809 0.001411728
0.00258969 0.001647015
0.00259129 0.002117591
0.00259289 0.002117591
0.00259449 0.002823455
0.00259609 0.002352879
0.00259769 0.002588167
0.00259929 0.002117591
0.00260089 0.001882303
0.00260249 0.00117644
0.00260409 0.002117591
0.00260569 0.001882303
0.00260729 0.001882303
0.00260889 0.002352879
0.00261049 0.002588167
0.00261209 0.003058743
0.00261369 0.003529319
0.00261529 0.00447047
0.00261689 0.006117486
0.00261849 0.006588062
0.00262009 0.007999789
0.00262169 0.008705653
0.00262329 0.01035267
0.00262489 0.01105853
0.00262649 0.01223497
0.00262809 0.01317612
0.00262969 0.01411728
0.00263129 0.01458785
0.00263289 0.015529
0.00263449 0.01623487
0.00263609 0.01670544
0.00263769 0.01670544
0.00263929 0.01647015
0.00264089 0.015529
0.00264249 0.01458785
0.00264409 0.0136467
0.00264569 0.01317612
0.00264729 0.01129382
0.00264889 0.009646805
0.00265049 0.008705653
0.00265209 0.007999789
0.00265369 0.006352774
0.00265529 0.006352774
0.00265689 0.006117486
0.00265849 0.006117486
0.00266009 0.005411622
0.00266169 0.005411622
0.00266329 0.005411622
0.00266489 0.006117486
0.00266649 0.006352774
0.00266809 0.007058638
0.00266969 0.007529213
0.00267129 0.007764501
0.00267289 0.007293925
0.00267449 0.007764501
0.00267609 0.007058638
0.00267769 0.007764501
0.00267929 0.006352774
0.00268089 0.006352774
0.00268249 0.005882198
0.00268409 0.00564691
0.00268569 0.00447047
0.00268729 0.003999895
0.00268889 0.003294031
0.00269049 0.003058743
0.00269209 0.002352879
0.00269369 0.002588167
0.00269529 0.002117591
0.00269689 0.002823455
0.00269849 0.002117591
0.00270009 0.002823455
0.00270169 0.002823455
0.00270329 0.003529319
0.00270489 0.003058743
0.00270649 0.003529319
0.00270809 0.003764607
0.00270969 0.003294031
0.00271129 0.003058743
0.00271289 0.003529319
0.00271449 0.002823455
0.00271609 0.003764607
0.00271769 0.003999895
0.00271929 0.003529319
0.00272089 0.003529319
0.00272249 0.004235183
0.00272409 0.00447047
0.00272569 0.004941046
0.00272729 0.005411622
0.00272889 0.00564691
0.00273049 0.006588062
0.00273209 0.007764501
0.00273369 0.007999789
0.00273529 0.009176229
0.00273689 0.009646805
0.00273849 0.01082324
0.00274009 0.01058796
0.00274169 0.0117644
0.00274329 0.0117644
0.00274489 0.01199968
0.00274649 0.0117644
0.00274809 0.01199968
0.00274969 0.0117644
0.00275129 0.0117644
0.00275289 0.01152911
0.00275449 0.01152911
0.00275609 0.01152911
0.00275769 0.01223497
0.00275929 0.01247026
0.00276089 0.0136467
0.00276249 0.01435256
0.00276409 0.01647015
0.00276569 0.01788188
0.00276729 0.01999947
0.00276889 0.02164649
0.00277049 0.02470523
0.00277209 0.02635225
0.00277369 0.02894041
0.00277529 0.03082272
0.00277689 0.03270502
0.00277849 0.03435204
0.00278009 0.03623434
0.00278169 0.03670492
0.00278329 0.03764607
0.00278489 0.03788135
0.00278649 0.03835193
0.00278809 0.03811664
0.00278969 0.03788135
0.00279129 0.0369402
0.00279289 0.03623434
0.00279449 0.03482261
0.00279609 0.03435204
0.00279769 0.03364617
0.00279929 0.0331756
0.00280089 0.03176387
0.00280249 0.03223444
0.00280409 0.03223444
0.00280569 0.03176387
0.00280729 0.03199916
0.00280889 0.03199916
0.00281049 0.03270502
0.00281209 0.03270502
0.00281369 0.03294031
0.00281529 0.03364617
0.00281689 0.03388146
0.00281849 0.03435204
0.00282009 0.03435204
0.00282169 0.03458732
0.00282329 0.03364617
0.00282489 0.0331756
0.00282649 0.03246973
0.00282809 0.03270502
0.00282969 0.03105801
0.00283129 0.02988157
0.00283289 0.02823455
0.00283449 0.02635225
0.00283609 0.0254111
0.00283769 0.02211706
0.00283929 0.01999947
0.00284089 0.01858775
0.00284249 0.01670544
0.00284409 0.01458785
0.00284569 0.01223497
0.00284729 0.01058796
0.00284889 0.008705653
0.00285049 0.00682335
0.00285209 0.004941046
0.00285369 0.003294031
0.00285529 0.001647015
0.00285689 0.0009411517
0.00285849 -0.0007058638
0.00286009 -0.001647015
0.00286169 -0.002352879
0.00286329 -0.002823455
0.00286489 -0.003529319
0.00286649 -0.003764607
0.00286809 -0.00447047
0.00286969 -0.003999895
0.00287129 -0.003999895
0.00287289 -0.003058743
0.00287449 -0.002352879
0.00287609 -0.002588167
0.00287769 -0.001411728
0.00287929 -0.001411728
0.00288089 -0.0004705758
0.00288249 0.0002352879
0.00288409 0.0004705758
0.00288569 0.00117644
0.00288729 0.0009411517
0.00288889 0.0007058638
0.00289049 -0.0002352879
0.00289209 -0.0004705758
0.00289369 -0.0004705758
0.00289529 -0.0004705758
0.00289689 -0.0007058638
0.00289849 -0.0002352879
0.00290009 -0.0009411517
0.00290169 -0.0004705758
0.00290329 -0.0002352879
0.00290489 -0.0004705758
0.00290649 0.0009411517
0.00290809 0.001647015
0.00290969 0.00117644
0.00291129 0.002117591
0.00291289 0.002352879
0.00291449 0.003529319
0.00291609 0.00447047
0.00291769 0.005411622
0.00291929 0.006117486
0.00292089 0.00682335
0.00292249 0.007999789
0.00292409 0.008235077
0.00292569 0.008705653
0.00292729 0.009411517
0.00292889 0.008940941
0.00293049 0.009411517
0.00293209 0.008940941
0.00293369 0.009411517
0.00293529 0.008940941
0.00293689 0.007764501
0.00293849 0.007529213
0.00294009 0.006588062
0.00294169 0.00564691
0.00294329 0.004941046
0.00294489 0.003764607
0.00294649 0.002588167
0.00294809 0.00117644
0.00294969 0.0004705758
0.00295129 -0.001411728
0.00295289 -0.001882303
0.00295449 -0.003529319
0.00295609 -0.003999895
0.00295769 -0.00447047
0.00295929 -0.004705758
0.00296089 -0.004705758
0.00296249 -0.005411622
0.00296409 -0.005411622
0.00296569 -0.005176334
0.00296729 -0.005411622
0.00296889 -0.005176334
0.00297049 -0.005176334
0.00297209 -0.005411622
0.00297369 -0.005176334
0.00297529 -0.005882198
0.00297689 -0.006352774
0.00297849 -0.007058638
0.00298009 -0.007764501
0.00298169 -0.008235077
0.00298329 -0.008940941
0.00298489 -0.009882093
0.00298649 -0.01058796
0.00298809 -0.01152911
0.00298969 -0.01247026
0.00299129 -0.01341141
0.00299289 -0.01411728
0.00299449 -0.01505843
0.00299609 -0.01505843
0.00299769 -0.01576429
0.00299929 -0.01623487
0.00300089 -0.01670544
0.00300249 -0.01599958
0.00300409 -0.01576429
0.00300569 -0.01529371
0.00300729 -0.01505843
0.00300889 -0.01435256
0.00301049 -0.01341141
0.00301209 -0.01223497
0.00301369 -0.01105853
0.00301529 -0.009646805
0.00301689 -0.007999789
0.00301849 -0.006588062
0.00302009 -0.005176334
0.00302169 -0.003999895
0.00302329 -0.002117591
0.00302489 -0.0009411517
0.00302649 0.0002352879
0.00302809 0.0009411517
0.00302969 0.001882303
0.00303129 0.002117591
0.00303289 0.003058743
0.00303449 0.003529319
0.00303609 0.003529319
0.00303769 0.003529319
0.00303929 0.00447047
0.00304089 0.003999895
0.00304249 0.00447047
0.00304409 0.004941046
0.00304569 0.005411622
0.00304729 0.006352774
0.00304889 0.007293925
0.00305049 0.007999789
0.00305209 0.009646805
0.00305369 0.01082324
0.00305529 0.01223497
0.00305689 0.0136467
0.00305849 0.01505843
0.00306009 0.01599958
0.00306169 0.01741131
0.00306329 0.01858775
0.00306489 0.0195289
0.00306649 0.02117591
0.00306809 0.02282293
0.00306969 0.02399937
0.00307129 0.02517581
0.00307289 0.02635225
0.00307449 0.02658753
0.00307609 0.02799926
0.00307769 0.02870513
0.00307929 0.02941099
0.00308089 0.03011685
0.00308249 0.03105801
0.00308409 0.03152858
0.00308569 0.03270502
0.00308729 0.03364617
0.00308889 0.03435204
0.00309049 0.0350579
0.00309209 0.03552848
0.00309369 0.03646963
0.00309529 0.03764607
0.00309689 0.03929308
0.00309849 0.03929308
0.00310009 0.04070481
0.00310169 0.04188125
0.00310329 0.04305769
0.00310489 0.04446942
0.00310649 0.04611643
0.00310809 0.04705758
0.00310969 0.04846931
0.00311129 0.04964575
0.00311289 0.05176334
0.00311449 0.05246921
0.00311609 0.05388093
0.00311769 0.05435151
0.00311929 0.05505737
0.00312089 0.05576324
0.00312249 0.05599852
0.00312409 0.05552795
0.00312569 0.05552795
0.00312729 0.05435151
0.00312889 0.05341036
0.00313049 0.05199863
0.00313209 0.05129277
0.00313369 0.0487046
0.00313529 0.04752816
0.00313689 0.04541057
0.00313849 0.04423413
0.00314009 0.04211654
0.00314169 0.04070481
0.00314329 0.03882251
0.00314489 0.03788135
0.00314649 0.03623434
0.00314809 0.03529319
0.00314969 0.03435204
0.00315129 0.03294031
0.00315289 0.03129329
0.00315449 0.03058743
0.00315609 0.02988157
0.00315769 0.02941099
0.00315929 0.02799926
0.00316089 0.02776397
0.00316249 0.02776397
0.00316409 0.02776397
0.00316569 0.02635225
0.00316729 0.02635225
0.00316889 0.02635225
0.00317049 0.02564638
0.00317209 0.02517581
0.00317369 0.02564638
0.00317529 0.02470523
0.00317689 0.02423466
0.00317849 0.02258764
0.00318009 0.02258764
0.00318169 0.02047005
0.00318329 0.01929361
0.00318489 0.01717602
0.00318649 0.01576429
0.00318809 0.01388199
0.00318969 0.01152911
0.00319129 0.01058796
0.00319289 0.009176229
0.00319449 0.006352774
0.00319609 0.005176334
0.00319769 0.003999895
0.00319929 0.002352879
0.00320089 0.00117644
0.00320249 0.0007058638
0.00320409 0
0.00320569 -0.0009411517
0.00320729 -0.00117644
0.00320889 -0.0009411517
0.00321049 -0.0007058638
0.00321209 -0.00117644
0.00321369 -0.0002352879
0.00321529 -0.0007058638
0.00321689 -0.0002352879
0.00321849 0.0007058638
0.00322009 0.0002352879
0.00322169 0.0007058638
0.00322329 0.0004705758
0.00322489 0.00117644
0.00322649 0.0007058638
0.00322809 0.0007058638
0.00322969 0.00117644
0.00323129 0.0009411517
0.00323289 0.0004705758
0.00323449 -0.0002352879
0.00323609 -0.00117644
0.00323769 -0.002352879
0.00323929 -0.002588167
0.00324089 -0.004235183
0.00324249 -0.005176334
0.00324409 -0.006352774
0.00324569 -0.007058638
0.00324729 -0.007293925
0.00324889 -0.008235077
0.00325049 -0.008940941
0.00325209 -0.01011738
0.00325369 -0.009882093
0.00325529 -0.01035267
0.00325689 -0.01082324
0.00325849 -0.01082324
0.00326009 -0.01058796
0.00326169 -0.01152911
0.00326329 -0.01082324
0.00326489 -0.01129382
0.00326649 -0.01082324
0.00326809 -0.01105853
0.00326969 -0.01035267
0.00327129 -0.01058796
0.00327289 -0.009882093
0.00327449 -0.009176229
0.00327609 -0.008940941
0.00327769 -0.009646805
0.00327929 -0.009646805
0.00328089 -0.009411517
0.00328249 -0.009411517
0.00328409 -0.009646805
0.00328569 -0.009646805
0.00328729 -0.01011738
0.00328889 -0.009882093
0.00329049 -0.01082324
0.00329209 -0.01058796
0.00329369 -0.01129382
0.00329529 -0.01105853
0.00329689 -0.01223497
0.00329849 -0.01294084
0.00330009 -0.01341141
0.00330169 -0.01341141
0.00330329 -0.01482314
0.00330489 -0.01505843
0.00330649 -0.015529
0.00330809 -0.01623487
0.00330969 -0.01694073
0.00331129 -0.01670544
0.00331289 -0.01788188
0.00331449 -0.01764659
0.00331609 -0.01858775
0.00331769 -0.01882303
0.00331929 -0.01905832
0.00332089 -0.02023476
0.00332249 -0.02117591
0.00332409 -0.02164649
0.00332569 -0.02188178
0.00332729 -0.02258764
0.00332889 -0.02376408
0.00333049 -0.02399937
0.00333209 -0.02446994
0.00333369 -0.02517581
0.00333529 -0.0254111
0.00333689 -0.02611696
0.00333849 -0.0272934
0.00334009 -0.02776397
0.00334169 -0.02894041
0.00334329 -0.02894041
0.00334489 -0.02988157
0.00334649 -0.03035214
0.00334809 -0.03035214
0.00334969 -0.03105801
0.00335129 -0.03199916
0.00335289 -0.03199916
0.00335449 -0.03341088
0.00335609 -0.03411675
0.00335769 -0.03435204
0.00335929 -0.03435204
0.00336089 -0.03529319
0.00336249 -0.03623434
0.00336409 -0.03670492
0.00336569 -0.03717549
0.00336729 -0.03858722
0.00336889 -0.03811664
0.00337049 -0.03882251
0.00337209 -0.03882251
0.00337369 -0.03929308
0.00337529 -0.03929308
0.00337689 -0.03929308
0.00337849 -0.03952837
0.00338009 -0.03976366
0.00338169 -0.03952837
0.00338329 -0.03905779
0.00338489 -0.03882251
0.00338649 -0.03929308
0.00338809 -0.03858722
0.00338969 -0.03882251
0.00339129 -0.03835193
0.00339289 -0.03882251
0.00339449 -0.03811664
0.00339609 -0.03858722
0.00339769 -0.03788135
0.00339929 -0.03835193
0.00340089 -0.03788135
0.00340249 -0.03811664
0.00340409 -0.03741078
0.00340569 -0.03717549
0.00340729 -0.0369402
0.00340889 -0.0369402
0.00341049 -0.03623434
0.00341209 -0.03599905
0.00341369 -0.03599905
0.00341529 -0.03576376
0.00341689 -0.03458732
0.00341849 -0.03458732
0.00342009 -0.03411675
0.00342169 -0.03411675
0.00342329 -0.03341088
0.00342489 -0.03411675
0.00342649 -0.03364617
0.00342809 -0.03388146
0.00342969 -0.03364617
0.00343129 -0.03364617
0.00343289 -0.03364617
0.00343449 -0.03388146
0.00343609 -0.03341088
0.00343769 -0.03411675
0.00343929 -0.03388146
0.00344089 -0.03458732
0.00344249 -0.03388146
0.00344409 -0.03388146
0.00344569 -0.03388146
0.00344729 -0.03388146
0.00344889 -0.03388146
0.00345049 -0.03364617
0.00345209 -0.03270502
0.00345369 -0.0331756
0.00345529 -0.03270502
0.00345689 -0.03270502
0.00345849 -0.03152858
0.00346009 -0.03199916
0.00346169 -0.03129329
0.00346329 -0.03082272
0.00346489 -0.03035214
0.00346649 -0.03058743
0.00346809 -0.03035214
0.00346969 -0.02988157
0.00347129 -0.02964628
0.00347289 -0.02941099
0.00347449 -0.0291757
0.00347609 -0.0291757
0.00347769 -0.02823455
0.00347929 -0.02846984
0.00348089 -0.02776397
0.00348249 -0.02823455
0.00348409 -0.0272934
0.00348569 -0.02682282
0.00348729 -0.02611696
0.00348889 -0.02635225
0.00349049 -0.02564638
0.00349209 -0.0254111
0.00349369 -0.02517581
0.00349529 -0.0254111
0.00349689 -0.02446994
0.00349849 -0.02423466
0.00350009 -0.0232935
0.00350169 -0.02282293
0.00350329 -0.02258764
0.00350489 -0.02235235
0.00350649 -0.02117591
0.00350809 -0.02070534
0.00350969 -0.01999947
0.00351129 -0.01976419
0.00351289 -0.01882303
0.00351449 -0.01811717
0.00351609 -0.01670544
0.00351769 -0.01599958
0.00351929 -0.01482314
0.00352089 -0.01458785
0.00352249 -0.01341141
0.00352409 -0.01270555
0.00352569 -0.01152911
0.00352729 -0.01129382
0.00352889 -0.009646805
0.00353049 -0.009176229
0.00353209 -0.007529213
0.00353369 -0.006588062
0.00353529 -0.005411622
0.00353689 -0.004235183
0.00353849 -0.002117591
0.00354009 -0.0007058638
0.00354169 0.00117644
0.00354329 0.002352879
0.00354489 0.003529319
0.00354649 0.005176334
0.00354809 0.006352774
0.00354969 0.007999789
0.00355129 0.009176229
0.00355289 0.01082324
0.00355449 0.01270555
0.00355609 0.01317612
0.00355769 0.01482314
0.00355929 0.015529
0.00356089 0.01694073
0.00356249 0.01764659
0.00356409 0.01858775
0.00356569 0.0195289
0.00356729 0.0195289
0.00356889 0.02047005
0.00357049 0.02047005
0.00357209 0.02094062
0.00357369 0.0214112
0.00357529 0.02047005
0.00357689 0.01976419
0.00357849 0.01999947
0.00358009 0.01976419
0.00358169 0.01835246
0.00358329 0.01858775
0.00358489 0.01741131
0.00358649 0.01694073
0.00358809 0.01505843
0.00358969 0.01458785
0.00359129 0.01341141
0.00359289 0.01294084
0.00359449 0.01152911
0.00359609 0.01129382
0.00359769 0.01058796
0.00359929 0.009882093
0.00360089 0.009411517
0.00360249 0.009411517
0.00360409 0.008705653
0.00360569 0.008470365
0.00360729 0.007999789
0.00360889 0.007529213
0.00361049 0.006588062
0.00361209 0.006588062
0.00361369 0.006117486
0.00361529 0.005411622
0.00361689 0.005411622
0.00361849 0.005176334
0.00362009 0.003999895
0.00362169 0.003529319
0.00362329 0.003294031
0.00362489 0.002117591
0.00362649 0.001882303
0.00362809 0.0004705758
0.00362969 -0.0004705758
0.00363129 -0.00117644
0.00363289 -0.001882303
0.00363449 -0.002352879
0.00363609 -0.003058743
0.00363769 -0.003764607
0.00363929 -0.004705758
0.00364089 -0.004705758
0.00364249 -0.00564691
0.00364409 -0.005176334
0.00364569 -0.006352774
0.00364729 -0.007058638
0.00364889 -0.006588062
0.00365049 -0.007058638
0.00365209 -0.007764501
0.00365369 -0.007293925
0.00365529 -0.007764501
0.00365689 -0.007529213
0.00365849 -0.007529213
0.00366009 -0.007529213
0.00366169 -0.007293925
0.00366329 -0.00682335
0.00366489 -0.006588062
0.00366649 -0.00682335
0.00366809 -0.007529213
0.00366969 -0.007764501
0.00367129 -0.008470365
0.00367289 -0.008470365
0.00367449 -0.008940941
0.00367609 -0.008705653
0.00367769 -0.009646805
0.00367929 -0.01011738
0.00368089 -0.01082324
0.00368249 -0.01058796
0.00368409 -0.01058796
0.00368569 -0.01058796
0.00368729 -0.01129382
0.00368889 -0.01082324
0.00369049 -0.01082324
0.00369209 -0.009646805
0.00369369 -0.009882093
0.00369529 -0.009176229
0.00369689 -0.008705653
0.00369849 -0.007529213
0.00370009 -0.007529213
0.00370169 -0.006117486
0.00370329 -0.00564691
0.00370489 -0.004705758
0.00370649 -0.003764607
0.00370809 -0.003294031
0.00370969 -0.002588167
0.00371129 -0.001882303
0.00371289 -0.00117644
0.00371449 -0.0004705758
0.00371609 0.0004705758
0.00371769 0.00117644
0.00371929 0.001647015
0.00372089 0.002588167
0.00372249 0.003294031
0.00372409 0.003764607
0.00372569 0.004705758
0.00372729 0.00564691
0.00372889 0.005882198
0.00373049 0.006117486
0.00373209 0.007058638
0.00373369 0.008470365
0.00373529 0.008235077
0.00373689 0.009646805
0.00373849 0.009646805
0.00374009 0.01035267
0.00374169 0.01105853
0.00374329 0.01152911
0.00374489 0.01270555
0.00374649 0.01270555
0.00374809 0.0136467
0.00374969 0.01482314
0.00375129 0.01529371
0.00375289 0.015529
0.00375449 0.01694073
0.00375609 0.01741131
0.00375769 0.01811717
0.00375929 0.01882303
0.00376089 0.01905832
0.00376249 0.01976419
0.00376409 0.02047005
0.00376569 0.02070534
0.00376729 0.02047005
0.00376889 0.02070534
0.00377049 0.02070534
0.00377209 0.02117591
0.00377369 0.02094062
0.00377529 0.02094062
0.00377689 0.02117591
0.00377849 0.02164649
0.00378009 0.02117591
0.00378169 0.0214112
0.00378329 0.0214112
0.00378489 0.02094062
0.00378649 0.02070534
0.00378809 0.02117591
0.00378969 0.02094062
0.00379129 0.02094062
0.00379289 0.02117591
0.00379449 0.02070534
0.00379609 0.02117591
0.00379769 0.02070534
0.00379929 0.02070534
0.00380089 0.02023476
0.00380249 0.01976419
0.00380409 0.0195289
0.00380569 0.01905832
0.00380729 0.01882303
0.00380889 0.01835246
0.00381049 0.01788188
0.00381209 0.01694073
0.00381369 0.01717602
0.00381529 0.01599958
0.00381689 0.01529371
0.00381849 0.01411728
0.00382009 0.01388199
0.00382169 0.01247026
0.00382329 0.0117644
0.00382489 0.01082324
0.00382649 0.009411517
0.00382809 0.008705653
0.00382969 0.007764501
0.00383129 0.006352774
0.00383289 0.005411622
0.00383449 0.004235183
0.00383609 0.003764607
0.00383769 0.002352879
0.00383929 0.001411728
0.00384089 0.0002352879
0.00384249 -0.0007058638
0.00384409 -0.001411728
0.00384569 -0.002588167
0.00384729 -0.003764607
0.00384889 -0.003764607
0.00385049 -0.004941046
0.00385209 -0.005411622
0.00385369 -0.006117486
0.00385529 -0.006352774
0.00385689 -0.007529213
0.00385849 -0.007529213
0.00386009 -0.008470365
0.00386169 -0.008705653
0.00386329 -0.009411517
0.00386489 -0.009411517
0.00386649 -0.01011738
0.00386809 -0.01035267
0.00386969 -0.01105853
0.00387129 -0.01082324
0.00387289 -0.0117644
0.00387449 -0.01199968
0.00387609 -0.01270555
0.00387769 -0.01294084
0.00387929 -0.01435256
0.00388089 -0.01411728
0.00388249 -0.01458785
0.00388409 -0.01482314
0.00388569 -0.01576429
0.00388729 -0.01482314
0.00388889 -0.01529371
0.00389049 -0.01529371
0.00389209 -0.01458785
0.00389369 -0.01458785
0.00389529 -0.01411728
0.00389689 -0.01317612
0.00389849 -0.01247026
0.00390009 -0.01129382
0.00390169 -0.01082324
0.00390329 -0.009176229
0.00390489 -0.008705653
0.00390649 -0.007764501
0.00390809 -0.006352774
0.00390969 -0.00447047
0.00391129 -0.004235183
0.00391289 -0.002823455
0.00391449 -0.001411728
0.00391609 -0.0009411517
0.00391769 0.0002352879
0.00391929 0.001882303
0.00392089 0.002352879
0.00392249 0.003764607
0.00392409 0.005176334
0.00392569 0.006588062
0.00392729 0.007293925
0.00392889 0.008470365
0.00393049 0.009882093
0.00393209 0.01129382
0.00393369 0.01223497
0.00393529 0.01435256
0.00393689 0.01458785
0.00393849 0.01599958
0.00394009 0.01694073
0.00394169 0.01788188
0.00394329 0.01905832
0.00394489 0.02023476
0.00394649 0.02094062
0.00394809 0.02164649
0.00394969 0.02211706
0.00395129 0.02352879
0.00395289 0.0232935
0.00395449 0.02446994
0.00395609 0.02470523
0.00395769 0.02494052
0.00395929 0.0254111
0.00396089 0.02564638
0.00396249 0.02564638
0.00396409 0.02588167
0.00396569 0.0254111
0.00396729 0.02564638
0.00396889 0.02588167
0.00397049 0.02494052
0.00397209 0.02494052
0.00397369 0.02494052
0.00397529 0.02446994
0.00397689 0.02399937
0.00397849 0.02352879
0.00398009 0.02376408
0.00398169 0.02235235
0.00398329 0.02235235
0.00398489 0.02164649
0.00398649 0.02164649
0.00398809 0.0214112
0.00398969 0.02164649
0.00399129 0.02117591
0.00399289 0.02070534
0.00399449 0.02070534
0.00399609 0.02094062
0.00399769 0.02070534
0.00399929 0.02094062
0.00400089 0.02070534
0.00400249 0.02070534
0.00400409 0.02023476
0.00400569 0.01999947
0.00400729 0.02023476
0.00400889 0.02094062
0.00401049 0.01976419
0.00401209 0.01976419
0.00401369 0.01929361
0.00401529 0.01905832
0.00401689 0.01858775
0.00401849 0.01788188
0.00402009 0.01741131
0.00402169 0.01717602
0.00402329 0.01670544
0.00402489 0.01647015
0.00402649 0.01623487
0.00402809 0.01623487
0.00402969 0.015529
0.00403129 0.01599958
0.00403289 0.015529
0.00403449 0.01482314
0.00403609 0.01505843
0.00403769 0.01435256
0.00403929 0.01317612
0.00404089 0.01294084
0.00404249 0.01199968
0.00404409 0.01105853
0.00404569 0.009646805
0.00404729 0.008705653
0.00404889 0.007529213
0.00405049 0.00682335
0.00405209 0.005176334
0.00405369 0.004235183
0.00405529 0.002823455
0.00405689 0.001882303
0.00405849 0.0004705758
0.00406009 -0.0004705758
0.00406169 -0.001411728
0.00406329 -0.002588167
0.00406489 -0.002823455
0.00406649 -0.002823455
0.00406809 -0.002823455
0.00406969 -0.003999895
0.00407129 -0.00447047
0.00407289 -0.003529319
0.00407449 -0.00447047
0.00407609 -0.003764607
0.00407769 -0.003999895
0.00407929 -0.003529319
0.00408089 -0.003999895
0.00408249 -0.003058743
0.00408409 -0.002823455
0.00408569 -0.002352879
0.00408729 -0.002352879
0.00408889 -0.001647015
0.00409049 -0.00117644
0.00409209 -0.0004705758
0.00409369 -0.0002352879
0.00409529 0.0002352879
0.00409689 0.0009411517
0.00409849 0.00117644
0.00410009 0.001411728
0.00410169 0.001647015
0.00410329 0.001882303
0.00410489 0.002823455
0.00410649 0.002823455
0.00410809 0.003294031
0.00410969 0.003294031
0.00411129 0.003999895
0.00411289 0.00447047
0.00411449 0.004705758
0.00411609 0.00447047
0.00411769 0.00564691
0.00411929 0.005176334
0.00412089 0.005176334
0.00412249 0.00564691
0.00412409 0.005882198
0.00412569 0.006352774
0.00412729 0.00682335
0.00412889 0.007058638
0.00413049 0.007764501
0.00413209 0.008235077
0.00413369 0.009176229
0.00413529 0.009646805
0.00413689 0.01035267
0.00413849 0.01082324
0.00414009 0.0117644
0.00414169 0.01247026
0.00414329 0.01341141
0.00414489 0.01411728
0.00414649 0.01505843
0.00414809 0.01576429
0.00414969 0.01670544
0.00415129 0.01647015
0.00415289 0.01741131
0.00415449 0.01694073
0.00415609 0.01811717
0.00415769 0.01694073
0.00415929 0.01741131
0.00416089 0.01694073
0.00416249 0.01694073
0.00416409 0.01647015
0.00416569 0.01647015
0.00416729 0.01623487
0.00416889 0.01623487
0.00417049 0.01647015
0.00417209 0.01670544
0.00417369 0.01670544
0.00417529 0.01670544
0.00417689 0.01694073
0.00417849 0.01764659
0.00418009 0.01741131
0.00418169 0.01811717
0.00418329 0.01835246
0.00418489 0.01929361
0.00418649 0.0195289
0.00418809 0.01999947
0.00418969 0.01999947
0.00419129 0.02094062
0.00419289 0.02047005
0.00419449 0.0214112
0.00419609 0.02164649
0.00419769 0.02164649
0.00419929 0.0214112
0.00420089 0.02188178
