LECROYWS4024HD 19320 Waveform
Segments 1 SegmentSize 3127
Segment TrigTime TimeSinceSegment1
#1 04-Jun-2024 15:15:17 0                 
Time Ampl
-0.0008006426 0.0003529319
-0.0007990426 0.0003529319
-0.0007974426 0.0004705758
-0.0007958426 0.0007058638
-0.0007942426 0.0004705758
-0.0007926426 0.0003529319
-0.0007910426 0.000117644
-0.0007894426 0.0003529319
-0.0007878426 0.0004705758
-0.0007862426 0.0005882198
-0.0007846426 0.000117644
-0.0007830426 0.0003529319
-0.0007814426 0.0002352879
-0.0007798426 0.0002352879
-0.0007782426 0.0002352879
-0.0007766426 0.0004705758
-0.0007750426 0.000117644
-0.0007734426 0.0003529319
-0.0007718426 0.0002352879
-0.0007702426 0.0007058638
-0.0007686426 0.0005882198
-0.0007670426 0.0003529319
-0.0007654426 0.000117644
-0.0007638426 0.0003529319
-0.0007622426 0.0003529319
-0.0007606426 0.0004705758
-0.0007590426 0.0004705758
-0.0007574426 0.0005882198
-0.0007558426 0.0005882198
-0.0007542426 0.0002352879
-0.0007526426 0.0004705758
-0.0007510426 0.0003529319
-0.0007494426 0.0007058638
-0.0007478426 0.0004705758
-0.0007462426 0.0004705758
-0.0007446426 0.0007058638
-0.0007430426 0.0002352879
-0.0007414426 0.000117644
-0.0007398426 0.0004705758
-0.0007382426 0.0003529319
-0.0007366426 0.0004705758
-0.0007350426 0.0005882198
-0.0007334426 0.0003529319
-0.0007318426 0.0004705758
-0.0007302426 0.0003529319
-0.0007286426 0
-0.0007270426 0.0004705758
-0.0007254426 0.000117644
-0.0007238426 0.0005882198
-0.0007222426 0.0003529319
-0.0007206426 0.0004705758
-0.0007190426 0.0002352879
-0.0007174426 0.0002352879
-0.0007158426 0.0004705758
-0.0007142426 0.0003529319
-0.0007126426 0.0003529319
-0.0007110426 0.0004705758
-0.0007094426 0.0004705758
-0.0007078426 0.0005882198
-0.0007062426 0.0004705758
-0.0007046426 0.0003529319
-0.0007030426 0.0002352879
-0.0007014426 0.0003529319
-0.0006998426 0.0002352879
-0.0006982426 0
-0.0006966426 0.0003529319
-0.0006950426 0.0004705758
-0.0006934426 0.0004705758
-0.0006918426 0.0005882198
-0.0006902426 0.0002352879
-0.0006886426 0.0004705758
-0.0006870426 0.0004705758
-0.0006854426 0.0004705758
-0.0006838426 0.000117644
-0.0006822426 0.0005882198
-0.0006806426 0.0003529319
-0.0006790426 0.0005882198
-0.0006774426 0.000117644
-0.0006758426 0.0004705758
-0.0006742426 0.0005882198
-0.0006726426 0.0003529319
-0.0006710426 0.0003529319
-0.0006694426 0.0003529319
-0.0006678426 0.0005882198
-0.0006662426 0.0003529319
-0.0006646426 0.0002352879
-0.0006630426 0.000117644
-0.0006614426 0.0002352879
-0.0006598426 0.000117644
-0.0006582426 0.0004705758
-0.0006566426 0.0004705758
-0.0006550426 0.0004705758
-0.0006534426 0.0007058638
-0.0006518426 0.0005882198
-0.0006502426 0.0002352879
-0.0006486426 0.0003529319
-0.0006470426 0.0003529319
-0.0006454426 0.0003529319
-0.0006438426 0.0003529319
-0.0006422426 0.0004705758
-0.0006406426 0.0003529319
-0.0006390426 0.0002352879
-0.0006374426 0.0002352879
-0.0006358426 0.0007058638
-0.0006342426 0.0003529319
-0.0006326426 0.0002352879
-0.0006310426 0.0002352879
-0.0006294426 0.0003529319
-0.0006278426 0.0002352879
-0.0006262426 0.0002352879
-0.0006246426 0.0007058638
-0.0006230426 0.000117644
-0.0006214426 0.0002352879
-0.0006198426 0.000117644
-0.0006182426 0
-0.0006166426 0.0003529319
-0.0006150426 0.000117644
-0.0006134426 0.0003529319
-0.0006118426 0.0004705758
-0.0006102426 0.0004705758
-0.0006086426 0.0004705758
-0.0006070426 0.0004705758
-0.0006054426 0.0002352879
-0.0006038426 0.0002352879
-0.0006022426 0.000117644
-0.0006006426 0.0004705758
-0.0005990426 0.0002352879
-0.0005974426 0.0002352879
-0.0005958426 0.0002352879
-0.0005942426 0.0004705758
-0.0005926426 0.0002352879
-0.0005910426 0.000117644
-0.0005894426 0.0007058638
-0.0005878426 0.0004705758
-0.0005862426 0
-0.0005846426 0.000117644
-0.0005830426 0.0003529319
-0.0005814426 0.0002352879
-0.0005798426 0.0004705758
-0.0005782426 0.0003529319
-0.0005766426 0
-0.0005750426 0.0004705758
-0.0005734426 0.0007058638
-0.0005718426 0.0004705758
-0.0005702426 0.0007058638
-0.0005686426 0.0003529319
-0.0005670426 0.0002352879
-0.0005654426 0.0003529319
-0.0005638426 0.0003529319
-0.0005622426 0.0002352879
-0.0005606426 0.0002352879
-0.0005590426 0.0002352879
-0.0005574426 0.0003529319
-0.0005558426 0.0003529319
-0.0005542426 0.000117644
-0.0005526426 0.000117644
-0.0005510426 0.0005882198
-0.0005494426 0.0002352879
-0.0005478426 0.0002352879
-0.0005462426 0.0002352879
-0.0005446426 0.000117644
-0.0005430426 0.0004705758
-0.0005414426 0.0003529319
-0.0005398426 0.0003529319
-0.0005382426 0.0002352879
-0.0005366426 0.0002352879
-0.0005350426 0
-0.0005334426 -0.000117644
-0.0005318426 0.0003529319
-0.0005302426 0.0002352879
-0.0005286426 0.0003529319
-0.0005270426 0.0003529319
-0.0005254426 0.0002352879
-0.0005238426 0.0002352879
-0.0005222426 0
-0.0005206426 0.0003529319
-0.0005190426 0.0002352879
-0.0005174426 0.0004705758
-0.0005158426 0.0004705758
-0.0005142426 0.000117644
-0.0005126426 0.0004705758
-0.0005110426 0.0002352879
-0.0005094426 0.0003529319
-0.0005078426 0.0002352879
-0.0005062426 0
-0.0005046426 0
-0.0005030426 0.0002352879
-0.0005014426 0.0002352879
-0.0004998426 0.0002352879
-0.0004982426 0.000117644
-0.0004966426 0.0004705758
-0.0004950426 0.0005882198
-0.0004934426 0.0003529319
-0.0004918426 0.0004705758
-0.0004902426 0
-0.0004886426 0.0002352879
-0.0004870426 0.0002352879
-0.0004854426 0.0003529319
-0.0004838426 0.0003529319
-0.0004822426 0.0002352879
-0.0004806426 0.0002352879
-0.0004790426 0.000117644
-0.0004774426 0.000117644
-0.0004758426 0.0002352879
-0.0004742426 0
-0.0004726426 0.0002352879
-0.0004710426 0.0003529319
-0.0004694426 0.0005882198
-0.0004678426 0.000117644
-0.0004662426 0.0003529319
-0.0004646426 0.0004705758
-0.0004630426 0
-0.0004614426 0.0002352879
-0.0004598426 0.0002352879
-0.0004582426 0.0003529319
-0.0004566426 -0.0002352879
-0.0004550426 0.0002352879
-0.0004534426 0.0003529319
-0.0004518426 0.0002352879
-0.0004502426 0.0003529319
-0.0004486426 0.0003529319
-0.0004470426 0.0002352879
-0.0004454426 0.0004705758
-0.0004438426 0.000117644
-0.0004422426 0.0003529319
-0.0004406426 0.000117644
-0.0004390426 0.0002352879
-0.0004374426 0.0005882198
-0.0004358426 0.0003529319
-0.0004342426 0.000117644
-0.0004326426 0.0002352879
-0.0004310426 0.000117644
-0.0004294426 0.0002352879
-0.0004278426 0.0003529319
-0.0004262426 -0.000117644
-0.0004246426 0.000117644
-0.0004230426 0.0002352879
-0.0004214426 0.000117644
-0.0004198426 0.000117644
-0.0004182426 0.0003529319
-0.0004166426 0
-0.0004150426 0.0002352879
-0.0004134426 -0.000117644
-0.0004118426 0.000117644
-0.0004102426 0.0003529319
-0.0004086426 0.000117644
-0.0004070426 0.0002352879
-0.0004054426 0.0002352879
-0.0004038426 0.0002352879
-0.0004022426 -0.000117644
-0.0004006426 0
-0.0003990426 0
-0.0003974426 0.000117644
-0.0003958426 0.0003529319
-0.0003942426 0.000117644
-0.0003926426 0
-0.0003910426 0.0003529319
-0.0003894426 0
-0.0003878426 0.000117644
-0.0003862426 0
-0.0003846426 0.0003529319
-0.0003830426 0.0004705758
-0.0003814426 0.0002352879
-0.0003798426 0.0004705758
-0.0003782426 0.0004705758
-0.0003766426 0.000117644
-0.0003750426 0.0002352879
-0.0003734426 0.0003529319
-0.0003718426 0.0002352879
-0.0003702426 0.0002352879
-0.0003686426 0.0004705758
-0.0003670426 0.0002352879
-0.0003654426 0.0002352879
-0.0003638426 0.000117644
-0.0003622426 0
-0.0003606426 0.0004705758
-0.0003590426 0.0004705758
-0.0003574426 0
-0.0003558426 0.0005882198
-0.0003542426 0.0002352879
-0.0003526426 0.0005882198
-0.0003510426 0.0005882198
-0.0003494426 0.0003529319
-0.0003478426 0.0003529319
-0.0003462426 0.0005882198
-0.0003446426 0.0003529319
-0.0003430426 0.0002352879
-0.0003414426 0.0003529319
-0.0003398426 0.000117644
-0.0003382426 0.0005882198
-0.0003366426 0.000117644
-0.0003350426 0.0002352879
-0.0003334426 0.0002352879
-0.0003318426 0.0003529319
-0.0003302426 0.0003529319
-0.0003286426 0.0004705758
-0.0003270426 0.0005882198
-0.0003254426 0.000117644
-0.0003238426 0.0003529319
-0.0003222426 0.0003529319
-0.0003206426 0.0002352879
-0.0003190426 0.000117644
-0.0003174426 0.000117644
-0.0003158426 0.0002352879
-0.0003142426 0.0003529319
-0.0003126426 0.0002352879
-0.0003110426 0.0002352879
-0.0003094426 0.000117644
-0.0003078426 0
-0.0003062426 0.0003529319
-0.0003046426 0.0003529319
-0.0003030426 0.0003529319
-0.0003014426 0.000117644
-0.0002998426 -0.0003529319
-0.0002982426 0.000117644
-0.0002966426 0.0003529319
-0.0002950426 0.0002352879
-0.0002934426 0.0002352879
-0.0002918426 0.0003529319
-0.0002902426 0.000117644
-0.0002886426 0.0003529319
-0.0002870426 0.0002352879
-0.0002854426 0.0004705758
-0.0002838426 0.0003529319
-0.0002822426 0.0005882198
-0.0002806426 0
-0.0002790426 0.0002352879
-0.0002774426 0.0003529319
-0.0002758426 0.0005882198
-0.0002742426 0.0002352879
-0.0002726426 0.0003529319
-0.0002710426 0.000117644
-0.0002694426 0.0003529319
-0.0002678426 0.0002352879
-0.0002662426 0.0003529319
-0.0002646426 0.000117644
-0.0002630426 0.0004705758
-0.0002614426 0.0003529319
-0.0002598426 0
-0.0002582426 0.0003529319
-0.0002566426 0.0003529319
-0.0002550426 0.0002352879
-0.0002534426 0.0002352879
-0.0002518426 0.000117644
-0.0002502426 0.0005882198
-0.0002486426 0.0002352879
-0.0002470426 0.0004705758
-0.0002454426 0.0004705758
-0.0002438426 0.0002352879
-0.0002422426 0.0003529319
-0.0002406426 0.0003529319
-0.0002390426 0.0004705758
-0.0002374426 0.0003529319
-0.0002358426 0.0004705758
-0.0002342426 0.000117644
-0.0002326426 0.000117644
-0.0002310426 0.0004705758
-0.0002294426 0.0003529319
-0.0002278426 0.0002352879
-0.0002262426 0.0003529319
-0.0002246426 0.0004705758
-0.0002230426 0.000117644
-0.0002214426 0.0002352879
-0.0002198426 0.0004705758
-0.0002182426 0.0003529319
-0.0002166426 0.0002352879
-0.0002150426 0.0002352879
-0.0002134426 0.000117644
-0.0002118426 0.0002352879
-0.0002102426 0.0003529319
-0.0002086426 0.0007058638
-0.0002070426 0.0003529319
-0.0002054426 0.0002352879
-0.0002038426 0.0004705758
-0.0002022426 0.0004705758
-0.0002006426 0.0005882198
-0.0001990426 0.0002352879
-0.0001974426 0.0003529319
-0.0001958426 0.000117644
-0.0001942426 0.0002352879
-0.0001926426 0.000117644
-0.0001910426 0.0003529319
-0.0001894426 0.0002352879
-0.0001878426 0.0005882198
-0.0001862426 0.0004705758
-0.0001846426 0.0004705758
-0.0001830426 0.0002352879
-0.0001814426 0.0003529319
-0.0001798426 0.0004705758
-0.0001782426 0.0004705758
-0.0001766426 0.0003529319
-0.0001750426 0.0005882198
-0.0001734426 0.0003529319
-0.0001718426 0.0004705758
-0.0001702426 0.0005882198
-0.0001686426 0.0003529319
-0.0001670426 0.0002352879
-0.0001654426 0.000117644
-0.0001638426 0.0004705758
-0.0001622426 0.0004705758
-0.0001606426 0.0003529319
-0.0001590426 -0.000117644
-0.0001574426 0
-0.0001558426 0.0004705758
-0.0001542426 0.0003529319
-0.0001526426 0.0002352879
-0.0001510426 0.0003529319
-0.0001494426 0.0002352879
-0.0001478426 0.0003529319
-0.0001462426 0.0003529319
-0.0001446426 0.0002352879
-0.0001430426 0.0002352879
-0.0001414426 0.0004705758
-0.0001398426 0.0004705758
-0.0001382426 0
-0.0001366426 0.0002352879
-0.0001350426 0.0002352879
-0.0001334426 0.0003529319
-0.0001318426 0.0003529319
-0.0001302426 0.0007058638
-0.0001286426 0.0005882198
-0.0001270426 0.0004705758
-0.0001254426 0.0003529319
-0.0001238426 0.0003529319
-0.0001222426 0.000117644
-0.0001206426 0.0002352879
-0.0001190426 0.0005882198
-0.0001174426 0
-0.0001158426 0.0005882198
-0.0001142426 0.0003529319
-0.0001126426 0.0003529319
-0.0001110426 0.0003529319
-0.0001094426 0.0005882198
-0.0001078426 0.0005882198
-0.0001062426 0.0004705758
-0.0001046426 0.0003529319
-0.0001030426 0.000117644
-0.0001014426 0.0003529319
-9.98426e-005 0.0003529319
-9.82426e-005 0.0004705758
-9.66426e-005 0.0004705758
-9.50426e-005 0
-9.34426e-005 0.000117644
-9.18426e-005 0.0002352879
-9.02426e-005 0.0004705758
-8.86426e-005 0.0003529319
-8.70426e-005 0.0003529319
-8.54426e-005 0.0003529319
-8.38426e-005 0.0007058638
-8.22426e-005 0.0004705758
-8.06426e-005 0.0004705758
-7.90426e-005 0.0002352879
-7.74426e-005 0.0004705758
-7.58426e-005 0.000117644
-7.42426e-005 0.0003529319
-7.26426e-005 0.0003529319
-7.10426e-005 0.0003529319
-6.94426e-005 0.0003529319
-6.78426e-005 0.0002352879
-6.62426e-005 0.0004705758
-6.46426e-005 0.0005882198
-6.30426e-005 0.0005882198
-6.14426e-005 0.0004705758
-5.98426e-005 0.00117644
-5.82426e-005 0.000117644
-5.66426e-005 0.0005882198
-5.50426e-005 0.00117644
-5.34426e-005 0.001058796
-5.18426e-005 -0.0002352879
-5.02426e-005 -0.002470523
-4.86426e-005 -0.003999895
-4.70426e-005 -0.005764554
-4.54426e-005 -0.005764554
-4.38426e-005 -0.006470418
-4.22426e-005 -0.006940994
-4.06426e-005 -0.007058638
-3.90426e-005 -0.006940994
-3.74426e-005 -0.007882145
-3.58426e-005 -0.008823297
-3.42426e-005 -0.01223497
-3.26426e-005 -0.01494078
-3.10426e-005 -0.02317586
-2.94426e-005 -0.0339991
-2.78426e-005 -0.04294004
-2.62426e-005 -0.05188099
-2.46426e-005 -0.06317481
-2.30426e-005 -0.07529213
-2.14426e-005 -0.08940941
-1.98426e-005 -0.105409
-1.82426e-005 -0.1169381
-1.66426e-005 -0.1228203
-1.50426e-005 -0.1265849
-1.34426e-005 -0.1319965
-1.18426e-005 -0.1335259
-1.02426e-005 -0.1297613
-8.6426e-006 -0.1228203
-7.0426e-006 -0.1127029
-5.4426e-006 -0.09117407
-3.8426e-006 -0.06341009
-2.2426e-006 -0.03599905
-6.426e-007 -0.009882093
9.574e-007 0.006117486
2.5574e-006 0.01223497
4.1574e-006 0.01152911
5.7574e-006 0.003058743
7.3574e-006 -0.007529213
8.9574e-006 -0.01823481
1.05574e-005 -0.0302345
1.21574e-005 -0.03882251
1.37574e-005 -0.04999868
1.53574e-005 -0.06364538
1.69574e-005 -0.07552742
1.85574e-005 -0.08317428
2.01574e-005 -0.08870354
2.17574e-005 -0.08764475
2.33574e-005 -0.0856448
2.49574e-005 -0.08046847
2.65574e-005 -0.07282161
2.81574e-005 -0.06258659
2.97574e-005 -0.05223392
3.13574e-005 -0.04235183
3.29574e-005 -0.03529319
3.45574e-005 -0.03070507
3.61574e-005 -0.02752869
3.77574e-005 -0.02446994
3.93574e-005 -0.02070534
4.09574e-005 -0.01729366
4.25574e-005 -0.01329377
4.41574e-005 -0.007058638
4.57574e-005 -0.000117644
4.73574e-005 0.006352774
4.89574e-005 0.0117644
5.05574e-005 0.01599958
5.21574e-005 0.01611722
5.37574e-005 0.015529
5.53574e-005 0.01329377
5.69574e-005 0.01082324
5.85574e-005 0.007646857
6.01574e-005 0.003764607
6.17574e-005 0.0007058638
6.33574e-005 -0.002588167
6.49574e-005 -0.005293978
6.65574e-005 -0.007411569
6.81574e-005 -0.007411569
6.97574e-005 -0.007999789
7.13574e-005 -0.008352721
7.29574e-005 -0.008823297
7.45574e-005 -0.01047031
7.61574e-005 -0.0125879
7.77574e-005 -0.01188204
7.93574e-005 -0.008352721
8.09574e-005 -0.001411728
8.25574e-005 0.005411622
8.41574e-005 0.01082324
8.57574e-005 0.01399963
8.73574e-005 0.01494078
8.89574e-005 0.01458785
9.05574e-005 0.01494078
9.21574e-005 0.01494078
9.37574e-005 0.01529371
9.53574e-005 0.01388199
9.69574e-005 0.0117644
9.85574e-005 0.01011738
0.0001001574 0.007999789
0.0001017574 0.005293978
0.0001033574 0.003529319
0.0001049574 0.001294084
0.0001065574 -0.0005882198
0.0001081574 -0.003529319
0.0001097574 -0.006352774
0.0001113574 -0.007999789
0.0001129574 -0.009646805
0.0001145574 -0.009411517
0.0001161574 -0.007764501
0.0001177574 -0.00564691
0.0001193574 -0.004117539
0.0001209574 -0.004705758
0.0001225574 -0.006470418
0.0001241574 -0.008705653
0.0001257574 -0.009646805
0.0001273574 -0.009411517
0.0001289574 -0.008588009
0.0001305574 -0.006705706
0.0001321574 -0.004352826
0.0001337574 -0.001647015
0.0001353574 0.00117644
0.0001369574 0.003646963
0.0001385574 0.004588114
0.0001401574 0.004823402
0.0001417574 0.005293978
0.0001433574 0.00564691
0.0001449574 0.005999842
0.0001465574 0.007176281
0.0001481574 0.007058638
0.0001497574 0.004823402
0.0001513574 0.002588167
0.0001529574 0
0.0001545574 -0.003764607
0.0001561574 -0.007293925
0.0001577574 -0.01023502
0.0001593574 -0.01199968
0.0001609574 -0.01317612
0.0001625574 -0.01270555
0.0001641574 -0.01023502
0.0001657574 -0.007764501
0.0001673574 -0.005882198
0.0001689574 -0.004235183
0.0001705574 -0.003882251
0.0001721574 -0.003882251
0.0001737574 -0.00505869
0.0001753574 -0.00505869
0.0001769574 -0.006117486
0.0001785574 -0.008117433
0.0001801574 -0.009176229
0.0001817574 -0.0107056
0.0001833574 -0.0125879
0.0001849574 -0.01482314
0.0001865574 -0.01705837
0.0001881574 -0.01823481
0.0001897574 -0.0184701
0.0001913574 -0.01752895
0.0001929574 -0.015529
0.0001945574 -0.01399963
0.0001961574 -0.01129382
0.0001977574 -0.008470365
0.0001993574 -0.005764554
0.0002009574 -0.003646963
0.0002025574 -0.002470523
0.0002041574 -0.001529371
0.0002057574 -0.001882303
0.0002073574 -0.002352879
0.0002089574 -0.003529319
0.0002105574 -0.005411622
0.0002121574 -0.00682335
0.0002137574 -0.008823297
0.0002153574 -0.009999736
0.0002169574 -0.01294084
0.0002185574 -0.01529371
0.0002201574 -0.01741131
0.0002217574 -0.01894068
0.0002233574 -0.01964654
0.0002249574 -0.01835246
0.0002265574 -0.01564665
0.0002281574 -0.01117618
0.0002297574 -0.006588062
0.0002313574 -0.001647015
0.0002329574 0.001764659
0.0002345574 0.004588114
0.0002361574 0.006352774
0.0002377574 0.007529213
0.0002393574 0.008117433
0.0002409574 0.008940941
0.0002425574 0.009293873
0.0002441574 0.009411517
0.0002457574 0.009176229
0.0002473574 0.009176229
0.0002489574 0.008352721
0.0002505574 0.007411569
0.0002521574 0.004941046
0.0002537574 0.001882303
0.0002553574 -0.0009411517
0.0002569574 -0.003176387
0.0002585574 -0.003646963
0.0002601574 -0.002823455
0.0002617574 -0.002117591
0.0002633574 -0.001882303
0.0002649574 -0.002235235
0.0002665574 -0.002235235
0.0002681574 -0.001529371
0.0002697574 -0.000117644
0.0002713574 0.002470523
0.0002729574 0.004823402
0.0002745574 0.007411569
0.0002761574 0.008823297
0.0002777574 0.0107056
0.0002793574 0.01223497
0.0002809574 0.01317612
0.0002825574 0.01447021
0.0002841574 0.01599958
0.0002857574 0.01705837
0.0002873574 0.01870539
0.0002889574 0.01999947
0.0002905574 0.02176413
0.0002921574 0.02235235
0.0002937574 0.02247
0.0002953574 0.02199942
0.0002969574 0.02129356
0.0002985574 0.02047005
0.0003001574 0.01964654
0.0003017574 0.01835246
0.0003033574 0.01694073
0.0003049574 0.01517607
0.0003065574 0.01294084
0.0003081574 0.0117644
0.0003097574 0.01082324
0.0003113574 0.01058796
0.0003129574 0.0107056
0.0003145574 0.009882093
0.0003161574 0.009176229
0.0003177574 0.009529161
0.0003193574 0.009882093
0.0003209574 0.01094089
0.0003225574 0.0125879
0.0003241574 0.01470549
0.0003257574 0.01670544
0.0003273574 0.01835246
0.0003289574 0.01929361
0.0003305574 0.01964654
0.0003321574 0.01870539
0.0003337574 0.01694073
0.0003353574 0.01541136
0.0003369574 0.01411728
0.0003385574 0.01376434
0.0003401574 0.01482314
0.0003417574 0.01588193
0.0003433574 0.01705837
0.0003449574 0.01717602
0.0003465574 0.01670544
0.0003481574 0.01599958
0.0003497574 0.01576429
0.0003513574 0.01517607
0.0003529574 0.01470549
0.0003545574 0.01423492
0.0003561574 0.01352906
0.0003577574 0.01294084
0.0003593574 0.01270555
0.0003609574 0.01247026
0.0003625574 0.01188204
0.0003641574 0.0117644
0.0003657574 0.01199968
0.0003673574 0.01188204
0.0003689574 0.01152911
0.0003705574 0.0117644
0.0003721574 0.01188204
0.0003737574 0.01199968
0.0003753574 0.01199968
0.0003769574 0.01211733
0.0003785574 0.01188204
0.0003801574 0.01164675
0.0003817574 0.0117644
0.0003833574 0.01235262
0.0003849574 0.0136467
0.0003865574 0.01399963
0.0003881574 0.01352906
0.0003897574 0.01211733
0.0003913574 0.01094089
0.0003929574 0.009293873
0.0003945574 0.007411569
0.0003961574 0.006588062
0.0003977574 0.006117486
0.0003993574 0.00623513
0.0004009574 0.006352774
0.0004025574 0.007058638
0.0004041574 0.007529213
0.0004057574 0.007764501
0.0004073574 0.007882145
0.0004089574 0.008235077
0.0004105574 0.007882145
0.0004121574 0.007646857
0.0004137574 0.007176281
0.0004153574 0.006588062
0.0004169574 0.005764554
0.0004185574 0.005529266
0.0004201574 0.004117539
0.0004217574 0.002705811
0.0004233574 0.0005882198
0.0004249574 -0.001999947
0.0004265574 -0.004235183
0.0004281574 -0.005293978
0.0004297574 -0.005999842
0.0004313574 -0.005882198
0.0004329574 -0.00623513
0.0004345574 -0.006117486
0.0004361574 -0.006117486
0.0004377574 -0.005176334
0.0004393574 -0.004352826
0.0004409574 -0.003529319
0.0004425574 -0.002705811
0.0004441574 -0.001529371
0.0004457574 -0.001294084
0.0004473574 -0.001764659
0.0004489574 -0.003058743
0.0004505574 -0.004117539
0.0004521574 -0.005176334
0.0004537574 -0.00682335
0.0004553574 -0.007646857
0.0004569574 -0.008940941
0.0004585574 -0.01047031
0.0004601574 -0.01305848
0.0004617574 -0.01529371
0.0004633574 -0.01752895
0.0004649574 -0.0195289
0.0004665574 -0.02117591
0.0004681574 -0.02270528
0.0004697574 -0.0243523
0.0004713574 -0.02529345
0.0004729574 -0.0262346
0.0004745574 -0.02694047
0.0004761574 -0.02705811
0.0004777574 -0.02670518
0.0004793574 -0.02588167
0.0004809574 -0.02411701
0.0004825574 -0.02211706
0.0004841574 -0.02023476
0.0004857574 -0.01835246
0.0004873574 -0.01611722
0.0004889574 -0.01341141
0.0004905574 -0.01047031
0.0004921574 -0.007646857
0.0004937574 -0.005293978
0.0004953574 -0.003882251
0.0004969574 -0.002705811
0.0004985574 -0.001294084
0.0005001574 0.0005882198
0.0005017574 0.001411728
0.0005033574 0.002470523
0.0005049574 0.002823455
0.0005065574 0.003294031
0.0005081574 0.002823455
0.0005097574 0.002470523
0.0005113574 0.001294084
0.0005129574 0.000117644
0.0005145574 -0.001294084
0.0005161574 -0.002705811
0.0005177574 -0.004117539
0.0005193574 -0.004352826
0.0005209574 -0.004588114
0.0005225574 -0.00447047
0.0005241574 -0.003529319
0.0005257574 -0.002705811
0.0005273574 -0.001647015
0.0005289574 -0.0005882198
0.0005305574 0.0005882198
0.0005321574 0.002235235
0.0005337574 0.003882251
0.0005353574 0.006117486
0.0005369574 0.008705653
0.0005385574 0.01094089
0.0005401574 0.01294084
0.0005417574 0.01482314
0.0005433574 0.01635251
0.0005449574 0.01764659
0.0005465574 0.0184701
0.0005481574 0.01941125
0.0005497574 0.02023476
0.0005513574 0.02094062
0.0005529574 0.02188178
0.0005545574 0.02247
0.0005561574 0.02294057
0.0005577574 0.02352879
0.0005593574 0.02423466
0.0005609574 0.02458759
0.0005625574 0.0254111
0.0005641574 0.02611696
0.0005657574 0.02646989
0.0005673574 0.0262346
0.0005689574 0.02635225
0.0005705574 0.02611696
0.0005721574 0.02658753
0.0005737574 0.02741104
0.0005753574 0.02776397
0.0005769574 0.02788162
0.0005785574 0.02835219
0.0005801574 0.02835219
0.0005817574 0.02941099
0.0005833574 0.0302345
0.0005849574 0.03129329
0.0005865574 0.03199916
0.0005881574 0.03246973
0.0005897574 0.03270502
0.0005913574 0.03270502
0.0005929574 0.03199916
0.0005945574 0.03094036
0.0005961574 0.0302345
0.0005977574 0.02988157
0.0005993574 0.02846984
0.0006009574 0.02764633
0.0006025574 0.02611696
0.0006041574 0.02411701
0.0006057574 0.02188178
0.0006073574 0.02011712
0.0006089574 0.01858775
0.0006105574 0.01647015
0.0006121574 0.01505843
0.0006137574 0.01423492
0.0006153574 0.01376434
0.0006169574 0.01352906
0.0006185574 0.01341141
0.0006201574 0.01341141
0.0006217574 0.01305848
0.0006233574 0.01247026
0.0006249574 0.01235262
0.0006265574 0.01223497
0.0006281574 0.01152911
0.0006297574 0.01152911
0.0006313574 0.01047031
0.0006329574 0.009176229
0.0006345574 0.007529213
0.0006361574 0.006352774
0.0006377574 0.005293978
0.0006393574 0.004705758
0.0006409574 0.00447047
0.0006425574 0.004705758
0.0006441574 0.00505869
0.0006457574 0.005411622
0.0006473574 0.00623513
0.0006489574 0.006940994
0.0006505574 0.007646857
0.0006521574 0.008470365
0.0006537574 0.009058585
0.0006553574 0.008823297
0.0006569574 0.008352721
0.0006585574 0.007411569
0.0006601574 0.006352774
0.0006617574 0.004705758
0.0006633574 0.003411675
0.0006649574 0.001764659
0.0006665574 -0.000117644
0.0006681574 -0.001529371
0.0006697574 -0.002352879
0.0006713574 -0.003646963
0.0006729574 -0.004235183
0.0006745574 -0.003882251
0.0006761574 -0.003529319
0.0006777574 -0.003294031
0.0006793574 -0.002823455
0.0006809574 -0.002941099
0.0006825574 -0.003294031
0.0006841574 -0.003646963
0.0006857574 -0.003646963
0.0006873574 -0.003882251
0.0006889574 -0.003646963
0.0006905574 -0.003411675
0.0006921574 -0.003058743
0.0006937574 -0.002352879
0.0006953574 -0.00117644
0.0006969574 0
0.0006985574 0.001411728
0.0007001574 0.003411675
0.0007017574 0.004823402
0.0007033574 0.00623513
0.0007049574 0.007764501
0.0007065574 0.008940941
0.0007081574 0.009646805
0.0007097574 0.01035267
0.0007113574 0.009882093
0.0007129574 0.009764449
0.0007145574 0.008940941
0.0007161574 0.008823297
0.0007177574 0.008117433
0.0007193574 0.008235077
0.0007209574 0.00682335
0.0007225574 0.00623513
0.0007241574 0.005176334
0.0007257574 0.004705758
0.0007273574 0.003646963
0.0007289574 0.003058743
0.0007305574 0.002235235
0.0007321574 0.001647015
0.0007337574 0.0008235077
0.0007353574 0.0004705758
0.0007369574 0.0005882198
0.0007385574 0.0008235077
0.0007401574 0.001764659
0.0007417574 0.002823455
0.0007433574 0.004352826
0.0007449574 0.005882198
0.0007465574 0.008235077
0.0007481574 0.01058796
0.0007497574 0.01294084
0.0007513574 0.01494078
0.0007529574 0.01752895
0.0007545574 0.01941125
0.0007561574 0.02105827
0.0007577574 0.02282293
0.0007593574 0.02423466
0.0007609574 0.02505816
0.0007625574 0.02529345
0.0007641574 0.02564638
0.0007657574 0.02529345
0.0007673574 0.02458759
0.0007689574 0.02470523
0.0007705574 0.0243523
0.0007721574 0.02411701
0.0007737574 0.02364644
0.0007753574 0.02247
0.0007769574 0.02129356
0.0007785574 0.01988183
0.0007801574 0.01905832
0.0007817574 0.01858775
0.0007833574 0.01835246
0.0007849574 0.01870539
0.0007865574 0.01941125
0.0007881574 0.01976419
0.0007897574 0.02070534
0.0007913574 0.02152884
0.0007929574 0.02235235
0.0007945574 0.02317586
0.0007961574 0.02423466
0.0007977574 0.02552874
0.0007993574 0.02635225
0.0008009574 0.0272934
0.0008025574 0.02870513
0.0008041574 0.0291757
0.0008057574 0.02929335
0.0008073574 0.02929335
0.0008089574 0.02870513
0.0008105574 0.02764633
0.0008121574 0.0272934
0.0008137574 0.02646989
0.0008153574 0.02552874
0.0008169574 0.02482288
0.0008185574 0.0232935
0.0008201574 0.02199942
0.0008217574 0.02117591
0.0008233574 0.02011712
0.0008249574 0.01882303
0.0008265574 0.01741131
0.0008281574 0.01647015
0.0008297574 0.01517607
0.0008313574 0.01470549
0.0008329574 0.01435256
0.0008345574 0.0136467
0.0008361574 0.01305848
0.0008377574 0.01270555
0.0008393574 0.01164675
0.0008409574 0.0107056
0.0008425574 0.009764449
0.0008441574 0.009293873
0.0008457574 0.009411517
0.0008473574 0.009058585
0.0008489574 0.009411517
0.0008505574 0.01011738
0.0008521574 0.01047031
0.0008537574 0.0107056
0.0008553574 0.01105853
0.0008569574 0.01082324
0.0008585574 0.01047031
0.0008601574 0.009529161
0.0008617574 0.009176229
0.0008633574 0.007764501
0.0008649574 0.006705706
0.0008665574 0.005999842
0.0008681574 0.004823402
0.0008697574 0.003411675
0.0008713574 0.001882303
0.0008729574 -0.0002352879
0.0008745574 -0.002117591
0.0008761574 -0.003999895
0.0008777574 -0.006588062
0.0008793574 -0.008588009
0.0008809574 -0.01094089
0.0008825574 -0.01223497
0.0008841574 -0.01341141
0.0008857574 -0.01423492
0.0008873574 -0.01435256
0.0008889574 -0.01482314
0.0008905574 -0.01541136
0.0008921574 -0.01611722
0.0008937574 -0.01599958
0.0008953574 -0.01541136
0.0008969574 -0.01529371
0.0008985574 -0.01494078
0.0009001574 -0.01376434
0.0009017574 -0.01329377
0.0009033574 -0.01235262
0.0009049574 -0.01152911
0.0009065574 -0.01047031
0.0009081574 -0.009293873
0.0009097574 -0.008352721
0.0009113574 -0.007529213
0.0009129574 -0.006470418
0.0009145574 -0.00564691
0.0009161574 -0.004941046
0.0009177574 -0.003999895
0.0009193574 -0.003411675
0.0009209574 -0.002705811
0.0009225574 -0.002470523
0.0009241574 -0.001529371
0.0009257574 -0.0004705758
0.0009273574 0
0.0009289574 0.0008235077
0.0009305574 0.00117644
0.0009321574 0.001647015
0.0009337574 0.002352879
0.0009353574 0.003058743
0.0009369574 0.003999895
0.0009385574 0.005411622
0.0009401574 0.006705706
0.0009417574 0.008588009
0.0009433574 0.01011738
0.0009449574 0.01152911
0.0009465574 0.0125879
0.0009481574 0.01376434
0.0009497574 0.01505843
0.0009513574 0.015529
0.0009529574 0.01635251
0.0009545574 0.01705837
0.0009561574 0.01776424
0.0009577574 0.01835246
0.0009593574 0.01929361
0.0009609574 0.01964654
0.0009625574 0.02011712
0.0009641574 0.0203524
0.0009657574 0.02047005
0.0009673574 0.0203524
0.0009689574 0.0203524
0.0009705574 0.01988183
0.0009721574 0.01929361
0.0009737574 0.01894068
0.0009753574 0.01929361
0.0009769574 0.0195289
0.0009785574 0.01964654
0.0009801574 0.02011712
0.0009817574 0.01999947
0.0009833574 0.02023476
0.0009849574 0.01941125
0.0009865574 0.01929361
0.0009881574 0.01835246
0.0009897574 0.01823481
0.0009913574 0.01764659
0.0009929574 0.01752895
0.0009945574 0.01682309
0.0009961574 0.01647015
0.0009977574 0.015529
0.0009993574 0.01517607
0.001000957 0.01505843
0.001002557 0.01482314
0.001004157 0.01447021
0.001005757 0.0136467
0.001007357 0.01247026
0.001008957 0.01105853
0.001010557 0.009764449
0.001012157 0.007882145
0.001013757 0.006470418
0.001015357 0.00447047
0.001016957 0.003058743
0.001018557 0.001058796
0.001020157 -0.0002352879
0.001021757 -0.001647015
0.001023357 -0.002235235
0.001024957 -0.003058743
0.001026557 -0.003058743
0.001028157 -0.002588167
0.001029757 -0.001882303
0.001031357 -0.001294084
0.001032957 0.0002352879
0.001034557 0.001294084
0.001036157 0.002470523
0.001037757 0.003411675
0.001039357 0.003764607
0.001040957 0.004235183
0.001042557 0.004941046
0.001044157 0.005293978
0.001045757 0.00505869
0.001047357 0.005529266
0.001048957 0.005293978
0.001050557 0.00505869
0.001052157 0.00505869
0.001053757 0.005176334
0.001055357 0.004823402
0.001056957 0.004705758
0.001058557 0.004941046
0.001060157 0.004823402
0.001061757 0.004941046
0.001063357 0.005176334
0.001064957 0.005529266
0.001066557 0.005764554
0.001068157 0.005764554
0.001069757 0.00623513
0.001071357 0.006470418
0.001072957 0.006705706
0.001074557 0.006940994
0.001076157 0.007058638
0.001077757 0.007176281
0.001079357 0.006705706
0.001080957 0.006705706
0.001082557 0.006470418
0.001084157 0.006705706
0.001085757 0.006940994
0.001087357 0.007058638
0.001088957 0.006705706
0.001090557 0.00682335
0.001092157 0.006705706
0.001093757 0.006940994
0.001095357 0.006705706
0.001096957 0.006940994
0.001098557 0.007176281
0.001100157 0.006940994
0.001101757 0.00623513
0.001103357 0.005764554
0.001104957 0.005293978
0.001106557 0.004352826
0.001108157 0.003058743
0.001109757 0.002470523
0.001111357 0.00117644
0.001112957 0
0.001114557 -0.001529371
0.001116157 -0.002588167
0.001117757 -0.004352826
0.001119357 -0.00505869
0.001120957 -0.006470418
0.001122557 -0.007293925
0.001124157 -0.007882145
0.001125757 -0.008117433
0.001127357 -0.008823297
0.001128957 -0.009646805
0.001130557 -0.009764449
0.001132157 -0.01035267
0.001133757 -0.01094089
0.001135357 -0.01129382
0.001136957 -0.01211733
0.001138557 -0.01235262
0.001140157 -0.01270555
0.001141757 -0.01247026
0.001143357 -0.0125879
0.001144957 -0.01294084
0.001146557 -0.01341141
0.001148157 -0.01411728
0.001149757 -0.01482314
0.001151357 -0.01529371
0.001152957 -0.01611722
0.001154557 -0.01635251
0.001156157 -0.01705837
0.001157757 -0.01799953
0.001159357 -0.01858775
0.001160957 -0.01964654
0.001162557 -0.02023476
0.001164157 -0.02105827
0.001165757 -0.02129356
0.001167357 -0.02152884
0.001168957 -0.02211706
0.001170557 -0.02235235
0.001172157 -0.02282293
0.001173757 -0.0232935
0.001175357 -0.02423466
0.001176957 -0.0243523
0.001178557 -0.0243523
0.001180157 -0.02411701
0.001181757 -0.02364644
0.001183357 -0.02376408
0.001184957 -0.02305822
0.001186557 -0.02235235
0.001188157 -0.02164649
0.001189757 -0.02047005
0.001191357 -0.01917597
0.001192957 -0.01752895
0.001194557 -0.015529
0.001196157 -0.01399963
0.001197757 -0.01247026
0.001199357 -0.01094089
0.001200957 -0.01011738
0.001202557 -0.008823297
0.001204157 -0.008588009
0.001205757 -0.008470365
0.001207357 -0.009058585
0.001208957 -0.009882093
0.001210557 -0.01058796
0.001212157 -0.01129382
0.001213757 -0.01199968
0.001215357 -0.01282319
0.001216957 -0.01352906
0.001218557 -0.01399963
0.001220157 -0.01411728
0.001221757 -0.01435256
0.001223357 -0.01399963
0.001224957 -0.01317612
0.001226557 -0.01294084
0.001228157 -0.01188204
0.001229757 -0.01164675
0.001231357 -0.01082324
0.001232957 -0.009764449
0.001234557 -0.009529161
0.001236157 -0.009058585
0.001237757 -0.008705653
0.001239357 -0.008235077
0.001240957 -0.007646857
0.001242557 -0.007058638
0.001244157 -0.006588062
0.001245757 -0.005764554
0.001247357 -0.004823402
0.001248957 -0.004588114
0.001250557 -0.003529319
0.001252157 -0.002941099
0.001253757 -0.001999947
0.001255357 -0.001647015
0.001256957 -0.0009411517
0.001258557 -0.0008235077
0.001260157 -0.0003529319
0.001261757 0.000117644
0.001263357 0.0002352879
0.001264957 0.0004705758
0.001266557 0.0007058638
0.001268157 0.0004705758
0.001269757 0.000117644
0.001271357 0.0002352879
0.001272957 0.000117644
0.001274557 0.0004705758
0.001276157 0.001058796
0.001277757 0.0009411517
0.001279357 0.001647015
0.001280957 0.001764659
0.001282557 0.001764659
0.001284157 0.002470523
0.001285757 0.002235235
0.001287357 0.001529371
0.001288957 0.001411728
0.001290557 0.0007058638
0.001292157 0.0003529319
0.001293757 -0.0004705758
0.001295357 -0.0005882198
0.001296957 -0.001294084
0.001298557 -0.001999947
0.001300157 -0.002470523
0.001301757 -0.002352879
0.001303357 -0.002823455
0.001304957 -0.002823455
0.001306557 -0.003058743
0.001308157 -0.002823455
0.001309757 -0.003294031
0.001311357 -0.003411675
0.001312957 -0.004117539
0.001314557 -0.004235183
0.001316157 -0.004941046
0.001317757 -0.005764554
0.001319357 -0.006705706
0.001320957 -0.007646857
0.001322557 -0.008705653
0.001324157 -0.009764449
0.001325757 -0.0107056
0.001327357 -0.01164675
0.001328957 -0.01317612
0.001330557 -0.01411728
0.001332157 -0.01505843
0.001333757 -0.01517607
0.001335357 -0.01564665
0.001336957 -0.01564665
0.001338557 -0.01588193
0.001340157 -0.01647015
0.001341757 -0.01729366
0.001343357 -0.01811717
0.001344957 -0.01858775
0.001346557 -0.01905832
0.001348157 -0.0203524
0.001349757 -0.0203524
0.001351357 -0.02105827
0.001352957 -0.02070534
0.001354557 -0.02117591
0.001356157 -0.02164649
0.001357757 -0.02152884
0.001359357 -0.02164649
0.001360957 -0.02199942
0.001362557 -0.02247
0.001364157 -0.02305822
0.001365757 -0.02352879
0.001367357 -0.02411701
0.001368957 -0.02458759
0.001370557 -0.02494052
0.001372157 -0.02517581
0.001373757 -0.02517581
0.001375357 -0.02494052
0.001376957 -0.02446994
0.001378557 -0.02446994
0.001380157 -0.02399937
0.001381757 -0.02294057
0.001383357 -0.02211706
0.001384957 -0.0214112
0.001386557 -0.02058769
0.001388157 -0.01976419
0.001389757 -0.01882303
0.001391357 -0.01776424
0.001392957 -0.01705837
0.001394557 -0.0165878
0.001396157 -0.01576429
0.001397757 -0.01470549
0.001399357 -0.01447021
0.001400957 -0.0136467
0.001402557 -0.01329377
0.001404157 -0.01282319
0.001405757 -0.0117644
0.001407357 -0.0107056
0.001408957 -0.009293873
0.001410557 -0.008470365
0.001412157 -0.006940994
0.001413757 -0.005293978
0.001415357 -0.003529319
0.001416957 -0.001999947
0.001418557 -0.0005882198
0.001420157 0.0008235077
0.001421757 0.001764659
0.001423357 0.002823455
0.001424957 0.003764607
0.001426557 0.004352826
0.001428157 0.004823402
0.001429757 0.005529266
0.001431357 0.006117486
0.001432957 0.006705706
0.001434557 0.007293925
0.001436157 0.007646857
0.001437757 0.008470365
0.001439357 0.009293873
0.001440957 0.0107056
0.001442557 0.01199968
0.001444157 0.01399963
0.001445757 0.015529
0.001447357 0.01741131
0.001448957 0.01894068
0.001450557 0.0203524
0.001452157 0.02211706
0.001453757 0.02282293
0.001455357 0.02388172
0.001456957 0.0243523
0.001458557 0.02470523
0.001460157 0.02517581
0.001461757 0.0254111
0.001463357 0.02517581
0.001464957 0.02494052
0.001466557 0.0243523
0.001468157 0.02376408
0.001469757 0.02270528
0.001471357 0.02223471
0.001472957 0.02152884
0.001474557 0.02105827
0.001476157 0.02082298
0.001477757 0.02023476
0.001479357 0.02047005
0.001480957 0.02047005
0.001482557 0.02082298
0.001484157 0.02117591
0.001485757 0.02188178
0.001487357 0.02223471
0.001488957 0.02305822
0.001490557 0.02352879
0.001492157 0.02376408
0.001493757 0.02411701
0.001495357 0.02364644
0.001496957 0.02388172
0.001498557 0.0232935
0.001500157 0.02270528
0.001501757 0.02211706
0.001503357 0.02117591
0.001504957 0.02011712
0.001506557 0.01882303
0.001508157 0.01764659
0.001509757 0.01599958
0.001511357 0.01447021
0.001512957 0.0136467
0.001514557 0.0117644
0.001516157 0.0107056
0.001517757 0.009293873
0.001519357 0.007999789
0.001520957 0.00682335
0.001522557 0.00623513
0.001524157 0.005293978
0.001525757 0.004705758
0.001527357 0.004117539
0.001528957 0.003764607
0.001530557 0.002705811
0.001532157 0.002117591
0.001533757 0.001529371
0.001535357 0.0007058638
0.001536957 -0.0002352879
0.001538557 -0.0008235077
0.001540157 -0.001411728
0.001541757 -0.001529371
0.001543357 -0.002588167
0.001544957 -0.002235235
0.001546557 -0.002705811
0.001548157 -0.002352879
0.001549757 -0.002117591
0.001551357 -0.001529371
0.001552957 -0.00117644
0.001554557 -0.0004705758
0.001556157 -0.0002352879
0.001557757 -0.0003529319
0.001559357 0.0003529319
0.001560957 0.0005882198
0.001562557 0.0005882198
0.001564157 0.0004705758
0.001565757 0
0.001567357 -0.0002352879
0.001568957 -0.0009411517
0.001570557 -0.0009411517
0.001572157 -0.001764659
0.001573757 -0.001764659
0.001575357 -0.002470523
0.001576957 -0.002352879
0.001578557 -0.002823455
0.001580157 -0.002470523
0.001581757 -0.001764659
0.001583357 -0.001411728
0.001584957 -0.0005882198
0.001586557 0.000117644
0.001588157 0.0008235077
0.001589757 0.001411728
0.001591357 0.001529371
0.001592957 0.001647015
0.001594557 0.001529371
0.001596157 0.001411728
0.001597757 0.001411728
0.001599357 0.00117644
0.001600957 0.0008235077
0.001602557 0.0005882198
0.001604157 0
0.001605757 0
0.001607357 0.000117644
0.001608957 -0.0002352879
0.001610557 -0.000117644
0.001612157 -0.000117644
0.001613757 -0.0003529319
0.001615357 -0.0003529319
0.001616957 -0.0007058638
0.001618557 -0.0002352879
0.001620157 -0.0005882198
0.001621757 -0.0009411517
0.001623357 -0.001529371
0.001624957 -0.001882303
0.001626557 -0.002470523
0.001628157 -0.002352879
0.001629757 -0.003176387
0.001631357 -0.003058743
0.001632957 -0.002941099
0.001634557 -0.002352879
0.001636157 -0.002470523
0.001637757 -0.002352879
0.001639357 -0.002470523
0.001640957 -0.002117591
0.001642557 -0.002352879
0.001644157 -0.002470523
0.001645757 -0.002588167
0.001647357 -0.002705811
0.001648957 -0.003176387
0.001650557 -0.004235183
0.001652157 -0.004588114
0.001653757 -0.00505869
0.001655357 -0.00564691
0.001656957 -0.006117486
0.001658557 -0.00682335
0.001660157 -0.007058638
0.001661757 -0.007764501
0.001663357 -0.008235077
0.001664957 -0.008352721
0.001666557 -0.008470365
0.001668157 -0.008823297
0.001669757 -0.008940941
0.001671357 -0.008705653
0.001672957 -0.008823297
0.001674557 -0.009058585
0.001676157 -0.008588009
0.001677757 -0.008470365
0.001679357 -0.008117433
0.001680957 -0.007882145
0.001682557 -0.007293925
0.001684157 -0.007058638
0.001685757 -0.006470418
0.001687357 -0.006705706
0.001688957 -0.006352774
0.001690557 -0.005764554
0.001692157 -0.00505869
0.001693757 -0.00447047
0.001695357 -0.003529319
0.001696957 -0.002705811
0.001698557 -0.001647015
0.001700157 -0.001058796
0.001701757 0.000117644
0.001703357 0.0007058638
0.001704957 0.001411728
0.001706557 0.001647015
0.001708157 0.002117591
0.001709757 0.002235235
0.001711357 0.002470523
0.001712957 0.001882303
0.001714557 0.002117591
0.001716157 0.002117591
0.001717757 0.001294084
0.001719357 0.001529371
0.001720957 0.001411728
0.001722557 0.00117644
0.001724157 0.001882303
0.001725757 0.001647015
0.001727357 0.002705811
0.001728957 0.002823455
0.001730557 0.003646963
0.001732157 0.004352826
0.001733757 0.004941046
0.001735357 0.005293978
0.001736957 0.005882198
0.001738557 0.00623513
0.001740157 0.006470418
0.001741757 0.006588062
0.001743357 0.006705706
0.001744957 0.006470418
0.001746557 0.006588062
0.001748157 0.006117486
0.001749757 0.006470418
0.001751357 0.006588062
0.001752957 0.006470418
0.001754557 0.006470418
0.001756157 0.006117486
0.001757757 0.005529266
0.001759357 0.005176334
0.001760957 0.004705758
0.001762557 0.004352826
0.001764157 0.004117539
0.001765757 0.003646963
0.001767357 0.002941099
0.001768957 0.002588167
0.001770557 0.002235235
0.001772157 0.001647015
0.001773757 0.00117644
0.001775357 0.0009411517
0.001776957 0.0005882198
0.001778557 0.000117644
0.001780157 0
0.001781757 -0.0002352879
0.001783357 -0.0007058638
0.001784957 -0.001058796
0.001786557 -0.0009411517
0.001788157 -0.0008235077
0.001789757 -0.001058796
0.001791357 -0.001411728
0.001792957 -0.001882303
0.001794557 -0.002352879
0.001796157 -0.002588167
0.001797757 -0.002823455
0.001799357 -0.003411675
0.001800957 -0.004117539
0.001802557 -0.004941046
0.001804157 -0.006117486
0.001805757 -0.006588062
0.001807357 -0.007882145
0.001808957 -0.008588009
0.001810557 -0.009411517
0.001812157 -0.01047031
0.001813757 -0.01105853
0.001815357 -0.0117644
0.001816957 -0.01188204
0.001818557 -0.0125879
0.001820157 -0.01247026
0.001821757 -0.01270555
0.001823357 -0.01247026
0.001824957 -0.01223497
0.001826557 -0.01188204
0.001828157 -0.0117644
0.001829757 -0.01117618
0.001831357 -0.01094089
0.001832957 -0.01023502
0.001834557 -0.009764449
0.001836157 -0.009176229
0.001837757 -0.008352721
0.001839357 -0.007646857
0.001840957 -0.006588062
0.001842557 -0.005529266
0.001844157 -0.004588114
0.001845757 -0.003058743
0.001847357 -0.001882303
0.001848957 -0.0004705758
0.001850557 0.00117644
0.001852157 0.002705811
0.001853757 0.003882251
0.001855357 0.005411622
0.001856957 0.007058638
0.001858557 0.007882145
0.001860157 0.009176229
0.001861757 0.01035267
0.001863357 0.01082324
0.001864957 0.0117644
0.001866557 0.01211733
0.001868157 0.01270555
0.001869757 0.01317612
0.001871357 0.01388199
0.001872957 0.01447021
0.001874557 0.01505843
0.001876157 0.015529
0.001877757 0.01635251
0.001879357 0.01729366
0.001880957 0.01835246
0.001882557 0.01905832
0.001884157 0.02011712
0.001885757 0.02082298
0.001887357 0.02211706
0.001888957 0.02317586
0.001890557 0.02423466
0.001892157 0.02517581
0.001893757 0.02576403
0.001895357 0.02646989
0.001896957 0.02705811
0.001898557 0.02764633
0.001900157 0.02811691
0.001901757 0.02835219
0.001903357 0.02870513
0.001904957 0.02823455
0.001906557 0.02870513
0.001908157 0.02858748
0.001909757 0.02858748
0.001911357 0.02788162
0.001912957 0.02799926
0.001914557 0.02717575
0.001916157 0.02694047
0.001917757 0.02635225
0.001919357 0.02646989
0.001920957 0.02552874
0.001922557 0.02505816
0.001924157 0.02458759
0.001925757 0.02376408
0.001927357 0.02317586
0.001928957 0.02247
0.001930557 0.02176413
0.001932157 0.02129356
0.001933757 0.02129356
0.001935357 0.02105827
0.001936957 0.02117591
0.001938557 0.02117591
0.001940157 0.02152884
0.001941757 0.02211706
0.001943357 0.02235235
0.001944957 0.02341115
0.001946557 0.02399937
0.001948157 0.02517581
0.001949757 0.02564638
0.001951357 0.02599931
0.001952957 0.02646989
0.001954557 0.02646989
0.001956157 0.02682282
0.001957757 0.02611696
0.001959357 0.02564638
0.001960957 0.02494052
0.001962557 0.02411701
0.001964157 0.02352879
0.001965757 0.02258764
0.001967357 0.02164649
0.001968957 0.02129356
0.001970557 0.02058769
0.001972157 0.02023476
0.001973757 0.01976419
0.001975357 0.01964654
0.001976957 0.01999947
0.001978557 0.0203524
0.001980157 0.02023476
0.001981757 0.02047005
0.001983357 0.02094062
0.001984957 0.02094062
0.001986557 0.02082298
0.001988157 0.02129356
0.001989757 0.02129356
0.001991357 0.02117591
0.001992957 0.02105827
0.001994557 0.02070534
0.001996157 0.02082298
0.001997757 0.02023476
0.001999357 0.02011712
0.002000957 0.01941125
0.002002557 0.01917597
0.002004157 0.01870539
0.002005757 0.01835246
0.002007357 0.01764659
0.002008957 0.01741131
0.002010557 0.01682309
0.002012157 0.01635251
0.002013757 0.01529371
0.002015357 0.01494078
0.002016957 0.01447021
0.002018557 0.01411728
0.002020157 0.01352906
0.002021757 0.01305848
0.002023357 0.01211733
0.002024957 0.01223497
0.002026557 0.01141146
0.002028157 0.01141146
0.002029757 0.01094089
0.002031357 0.01035267
0.002032957 0.009764449
0.002034557 0.009529161
0.002036157 0.008940941
0.002037757 0.008705653
0.002039357 0.008117433
0.002040957 0.007646857
0.002042557 0.007293925
0.002044157 0.006470418
0.002045757 0.005764554
0.002047357 0.00564691
0.002048957 0.005293978
0.002050557 0.005293978
0.002052157 0.004823402
0.002053757 0.004823402
0.002055357 0.00447047
0.002056957 0.004705758
0.002058557 0.004588114
0.002060157 0.004941046
0.002061757 0.005293978
0.002063357 0.005764554
0.002064957 0.00623513
0.002066557 0.006470418
0.002068157 0.007058638
0.002069757 0.007058638
0.002071357 0.007529213
0.002072957 0.007646857
0.002074557 0.007999789
0.002076157 0.008352721
0.002077757 0.008235077
0.002079357 0.007999789
0.002080957 0.008235077
0.002082557 0.008235077
0.002084157 0.008117433
0.002085757 0.007646857
0.002087357 0.007646857
0.002088957 0.007529213
0.002090557 0.007646857
0.002092157 0.007529213
0.002093757 0.006940994
0.002095357 0.007293925
0.002096957 0.007176281
0.002098557 0.006940994
0.002100157 0.007646857
0.002101757 0.007058638
0.002103357 0.007529213
0.002104957 0.007764501
0.002106557 0.007882145
0.002108157 0.007999789
0.002109757 0.007764501
0.002111357 0.008117433
0.002112957 0.007764501
0.002114557 0.007764501
0.002116157 0.007058638
0.002117757 0.006705706
0.002119357 0.006588062
0.002120957 0.005999842
0.002122557 0.005411622
0.002124157 0.005411622
0.002125757 0.004588114
0.002127357 0.004352826
0.002128957 0.003764607
0.002130557 0.003529319
0.002132157 0.003529319
0.002133757 0.003411675
0.002135357 0.003529319
0.002136957 0.003411675
0.002138557 0.003529319
0.002140157 0.003411675
0.002141757 0.003411675
0.002143357 0.003411675
0.002144957 0.003294031
0.002146557 0.003294031
0.002148157 0.002941099
0.002149757 0.003294031
0.002151357 0.002705811
0.002152957 0.002588167
0.002154557 0.002352879
0.002156157 0.002470523
0.002157757 0.002235235
0.002159357 0.002235235
0.002160957 0.001764659
0.002162557 0.001529371
0.002164157 0.001294084
0.002165757 0.0007058638
0.002167357 -0.0002352879
0.002168957 -0.0007058638
0.002170557 -0.001294084
0.002172157 -0.002235235
0.002173757 -0.003176387
0.002175357 -0.003646963
0.002176957 -0.00447047
0.002178557 -0.004705758
0.002180157 -0.004941046
0.002181757 -0.004823402
0.002183357 -0.005411622
0.002184957 -0.004588114
0.002186557 -0.004588114
0.002188157 -0.004117539
0.002189757 -0.003882251
0.002191357 -0.003882251
0.002192957 -0.003646963
0.002194557 -0.003529319
0.002196157 -0.003294031
0.002197757 -0.003411675
0.002199357 -0.003882251
0.002200957 -0.004117539
0.002202557 -0.003999895
0.002204157 -0.003999895
0.002205757 -0.004235183
0.002207357 -0.004352826
0.002208957 -0.004941046
0.002210557 -0.004705758
0.002212157 -0.004941046
0.002213757 -0.005293978
0.002215357 -0.00564691
0.002216957 -0.006470418
0.002218557 -0.006352774
0.002220157 -0.007176281
0.002221757 -0.007646857
0.002223357 -0.007529213
0.002224957 -0.008352721
0.002226557 -0.008235077
0.002228157 -0.008588009
0.002229757 -0.008470365
0.002231357 -0.008470365
0.002232957 -0.009176229
0.002234557 -0.008940941
0.002236157 -0.009411517
0.002237757 -0.009529161
0.002239357 -0.009999736
0.002240957 -0.009999736
0.002242557 -0.01011738
0.002244157 -0.009764449
0.002245757 -0.01047031
0.002247357 -0.009999736
0.002248957 -0.01035267
0.002250557 -0.009999736
0.002252157 -0.009764449
0.002253757 -0.009411517
0.002255357 -0.009529161
0.002256957 -0.009411517
0.002258557 -0.009293873
0.002260157 -0.009058585
0.002261757 -0.009293873
0.002263357 -0.009176229
0.002264957 -0.008940941
0.002266557 -0.009411517
0.002268157 -0.009411517
0.002269757 -0.009529161
0.002271357 -0.009646805
0.002272957 -0.009646805
0.002274557 -0.009882093
0.002276157 -0.01011738
0.002277757 -0.01011738
0.002279357 -0.0107056
0.002280957 -0.01082324
0.002282557 -0.01094089
0.002284157 -0.01117618
0.002285757 -0.01094089
0.002287357 -0.01105853
0.002288957 -0.01117618
0.002290557 -0.01141146
0.002292157 -0.01164675
0.002293757 -0.01141146
0.002295357 -0.01164675
0.002296957 -0.01117618
0.002298557 -0.01117618
0.002300157 -0.0107056
0.002301757 -0.0107056
0.002303357 -0.01035267
0.002304957 -0.009999736
0.002306557 -0.009529161
0.002308157 -0.009058585
0.002309757 -0.008470365
0.002311357 -0.007882145
0.002312957 -0.007058638
0.002314557 -0.006588062
0.002316157 -0.006352774
0.002317757 -0.005764554
0.002319357 -0.005529266
0.002320957 -0.005411622
0.002322557 -0.005176334
0.002324157 -0.005293978
0.002325757 -0.005293978
0.002327357 -0.006117486
0.002328957 -0.006470418
0.002330557 -0.006588062
0.002332157 -0.007293925
0.002333757 -0.007293925
0.002335357 -0.007293925
0.002336957 -0.007176281
0.002338557 -0.006940994
0.002340157 -0.007176281
0.002341757 -0.006588062
0.002343357 -0.005999842
0.002344957 -0.005411622
0.002346557 -0.004941046
0.002348157 -0.004588114
0.002349757 -0.003411675
0.002351357 -0.003058743
0.002352957 -0.002941099
0.002354557 -0.002705811
0.002356157 -0.002588167
0.002357757 -0.002235235
0.002359357 -0.002470523
0.002360957 -0.002470523
0.002362557 -0.002941099
0.002364157 -0.003294031
0.002365757 -0.003294031
0.002367357 -0.003999895
0.002368957 -0.004352826
0.002370557 -0.004705758
0.002372157 -0.005529266
0.002373757 -0.005882198
0.002375357 -0.006352774
0.002376957 -0.006588062
0.002378557 -0.007646857
0.002380157 -0.007529213
0.002381757 -0.007999789
0.002383357 -0.008470365
0.002384957 -0.008470365
0.002386557 -0.008470365
0.002388157 -0.008823297
0.002389757 -0.009293873
0.002391357 -0.009058585
0.002392957 -0.009293873
0.002394557 -0.009176229
0.002396157 -0.009058585
0.002397757 -0.009411517
0.002399357 -0.009293873
0.002400957 -0.009176229
0.002402557 -0.009293873
0.002404157 -0.009176229
0.002405757 -0.009058585
0.002407357 -0.008823297
0.002408957 -0.008823297
0.002410557 -0.008705653
0.002412157 -0.008588009
0.002413757 -0.008352721
0.002415357 -0.007999789
0.002416957 -0.007999789
0.002418557 -0.007764501
0.002420157 -0.007411569
0.002421757 -0.007764501
0.002423357 -0.008235077
0.002424957 -0.008235077
0.002426557 -0.008705653
0.002428157 -0.009058585
0.002429757 -0.009882093
0.002431357 -0.01011738
0.002432957 -0.01082324
0.002434557 -0.01152911
0.002436157 -0.01235262
0.002437757 -0.01282319
0.002439357 -0.01317612
0.002440957 -0.01305848
0.002442557 -0.01317612
0.002444157 -0.01305848
0.002445757 -0.01282319
0.002447357 -0.01247026
0.002448957 -0.01211733
0.002450557 -0.01211733
0.002452157 -0.0117644
0.002453757 -0.01105853
0.002455357 -0.01094089
0.002456957 -0.01094089
0.002458557 -0.0107056
0.002460157 -0.01058796
0.002461757 -0.01094089
0.002463357 -0.01058796
0.002464957 -0.0107056
0.002466557 -0.0107056
0.002468157 -0.01117618
0.002469757 -0.01117618
0.002471357 -0.01129382
0.002472957 -0.01141146
0.002474557 -0.01129382
0.002476157 -0.01152911
0.002477757 -0.01141146
0.002479357 -0.01105853
0.002480957 -0.01082324
0.002482557 -0.01058796
0.002484157 -0.01011738
0.002485757 -0.01011738
0.002487357 -0.009764449
0.002488957 -0.009529161
0.002490557 -0.009058585
0.002492157 -0.009176229
0.002493757 -0.009411517
0.002495357 -0.009293873
0.002496957 -0.01011738
0.002498557 -0.01023502
0.002500157 -0.01035267
0.002501757 -0.01082324
0.002503357 -0.01105853
0.002504957 -0.01129382
0.002506557 -0.01164675
0.002508157 -0.01188204
0.002509757 -0.01235262
0.002511357 -0.01247026
0.002512957 -0.0125879
0.002514557 -0.0125879
0.002516157 -0.01270555
0.002517757 -0.01317612
0.002519357 -0.01317612
0.002520957 -0.01305848
0.002522557 -0.01317612
0.002524157 -0.01329377
0.002525757 -0.01352906
0.002527357 -0.01352906
0.002528957 -0.01423492
0.002530557 -0.01494078
0.002532157 -0.01505843
0.002533757 -0.015529
0.002535357 -0.01576429
0.002536957 -0.0165878
0.002538557 -0.01717602
0.002540157 -0.01729366
0.002541757 -0.01776424
0.002543357 -0.01799953
0.002544957 -0.01811717
0.002546557 -0.01764659
0.002548157 -0.01788188
0.002549757 -0.01788188
0.002551357 -0.01788188
0.002552957 -0.01717602
0.002554557 -0.01741131
0.002556157 -0.01764659
0.002557757 -0.01764659
0.002559357 -0.01741131
0.002560957 -0.01752895
0.002562557 -0.01741131
0.002564157 -0.01764659
0.002565757 -0.01741131
0.002567357 -0.01729366
0.002568957 -0.01705837
0.002570557 -0.01682309
0.002572157 -0.0165878
0.002573757 -0.01647015
0.002575357 -0.01623487
0.002576957 -0.01599958
0.002578557 -0.015529
0.002580157 -0.01576429
0.002581757 -0.01541136
0.002583357 -0.01541136
0.002584957 -0.01505843
0.002586557 -0.01494078
0.002588157 -0.01482314
0.002589757 -0.01482314
0.002591357 -0.01435256
0.002592957 -0.01411728
0.002594557 -0.01399963
0.002596157 -0.01305848
0.002597757 -0.0125879
0.002599357 -0.01211733
0.002600957 -0.01164675
0.002602557 -0.01047031
0.002604157 -0.009529161
0.002605757 -0.008940941
0.002607357 -0.007764501
0.002608957 -0.006705706
0.002610557 -0.006588062
0.002612157 -0.00623513
0.002613757 -0.004823402
0.002615357 -0.004352826
0.002616957 -0.003764607
0.002618557 -0.003176387
0.002620157 -0.002705811
0.002621757 -0.002588167
0.002623357 -0.001294084
0.002624957 -0.00117644
0.002626557 -0.0003529319
0.002628157 0
0.002629757 0.001058796
0.002631357 0.001529371
0.002632957 0.002705811
0.002634557 0.003058743
0.002636157 0.003882251
0.002637757 0.004588114
0.002639357 0.00505869
0.002640957 0.005411622
0.002642557 0.005999842
0.002644157 0.006470418
0.002645757 0.00682335
0.002647357 0.006588062
0.002648957 0.007293925
0.002650557 0.006705706
0.002652157 0.006705706
0.002653757 0.00682335
0.002655357 0.00682335
0.002656957 0.006352774
0.002658557 0.00682335
0.002660157 0.00682335
0.002661757 0.00682335
0.002663357 0.00682335
0.002664957 0.006588062
0.002666557 0.006705706
0.002668157 0.006940994
0.002669757 0.006470418
0.002671357 0.00682335
0.002672957 0.007058638
0.002674557 0.007058638
0.002676157 0.00682335
0.002677757 0.006940994
0.002679357 0.006588062
0.002680957 0.006470418
0.002682557 0.006117486
0.002684157 0.006117486
0.002685757 0.005999842
0.002687357 0.005764554
0.002688957 0.005293978
0.002690557 0.004588114
0.002692157 0.003999895
0.002693757 0.003411675
0.002695357 0.002941099
0.002696957 0.002352879
0.002698557 0.001999947
0.002700157 0.001764659
0.002701757 0.0009411517
0.002703357 0.0004705758
0.002704957 0.0005882198
0.002706557 0.0003529319
0.002708157 0
0.002709757 -0.0002352879
0.002711357 0
0.002712957 -0.000117644
0.002714557 -0.0002352879
0.002716157 -0.0004705758
0.002717757 -0.000117644
0.002719357 -0.0004705758
0.002720957 -0.0005882198
0.002722557 -0.0003529319
0.002724157 -0.0002352879
0.002725757 -0.0002352879
0.002727357 -0.0005882198
0.002728957 -0.0002352879
0.002730557 -0.0005882198
0.002732157 -0.0003529319
0.002733757 -0.0009411517
0.002735357 -0.0007058638
0.002736957 -0.00117644
0.002738557 -0.001294084
0.002740157 -0.001411728
0.002741757 -0.001411728
0.002743357 -0.001529371
0.002744957 -0.001764659
0.002746557 -0.001882303
0.002748157 -0.002117591
0.002749757 -0.002352879
0.002751357 -0.001999947
0.002752957 -0.002235235
0.002754557 -0.002352879
0.002756157 -0.002235235
0.002757757 -0.001882303
0.002759357 -0.001764659
0.002760957 -0.00117644
0.002762557 -0.00117644
0.002764157 -0.00117644
0.002765757 -0.0009411517
0.002767357 -0.0003529319
0.002768957 0.0002352879
0.002770557 -0.000117644
0.002772157 0.0002352879
0.002773757 0.0003529319
0.002775357 0.0005882198
0.002776957 0.0007058638
0.002778557 0.0007058638
0.002780157 0.0009411517
0.002781757 0.001058796
0.002783357 0.00117644
0.002784957 0.001294084
0.002786557 0.001647015
0.002788157 0.001999947
0.002789757 0.002117591
0.002791357 0.002235235
0.002792957 0.002588167
0.002794557 0.002588167
0.002796157 0.002588167
0.002797757 0.002941099
0.002799357 0.003058743
0.002800957 0.003294031
0.002802557 0.003529319
0.002804157 0.003882251
0.002805757 0.003999895
0.002807357 0.004235183
0.002808957 0.005176334
0.002810557 0.00564691
0.002812157 0.006470418
0.002813757 0.006588062
0.002815357 0.007176281
0.002816957 0.007882145
0.002818557 0.008235077
0.002820157 0.008705653
0.002821757 0.008940941
0.002823357 0.009293873
0.002824957 0.009529161
0.002826557 0.009764449
0.002828157 0.009999736
0.002829757 0.009411517
0.002831357 0.009529161
0.002832957 0.008940941
0.002834557 0.009058585
0.002836157 0.008470365
0.002837757 0.008352721
0.002839357 0.007882145
0.002840957 0.007882145
0.002842557 0.007646857
0.002844157 0.007411569
0.002845757 0.007411569
0.002847357 0.007176281
0.002848957 0.007058638
0.002850557 0.006940994
0.002852157 0.006940994
0.002853757 0.007176281
0.002855357 0.007058638
0.002856957 0.007058638
0.002858557 0.006940994
0.002860157 0.007058638
0.002861757 0.007058638
0.002863357 0.00682335
0.002864957 0.006470418
0.002866557 0.005882198
0.002868157 0.00564691
0.002869757 0.005293978
0.002871357 0.004352826
0.002872957 0.004352826
0.002874557 0.003764607
0.002876157 0.003411675
0.002877757 0.002823455
0.002879357 0.002470523
0.002880957 0.002117591
0.002882557 0.001647015
0.002884157 0.001529371
0.002885757 0.001647015
0.002887357 0.001529371
0.002888957 0.001647015
0.002890557 0.001647015
0.002892157 0.001764659
0.002893757 0.001999947
0.002895357 0.002352879
0.002896957 0.003294031
0.002898557 0.003529319
0.002900157 0.004235183
0.002901757 0.004352826
0.002903357 0.004588114
0.002904957 0.005293978
0.002906557 0.005529266
0.002908157 0.005529266
0.002909757 0.00564691
0.002911357 0.005764554
0.002912957 0.00564691
0.002914557 0.00564691
0.002916157 0.005293978
0.002917757 0.005176334
0.002919357 0.00447047
0.002920957 0.004588114
0.002922557 0.003999895
0.002924157 0.003294031
0.002925757 0.002705811
0.002927357 0.002588167
0.002928957 0.001999947
0.002930557 0.001529371
0.002932157 0.001294084
0.002933757 0.0003529319
0.002935357 -0.0003529319
0.002936957 -0.0004705758
0.002938557 -0.001529371
0.002940157 -0.001764659
0.002941757 -0.002588167
0.002943357 -0.003294031
0.002944957 -0.003294031
0.002946557 -0.003529319
0.002948157 -0.004352826
0.002949757 -0.004588114
0.002951357 -0.005411622
0.002952957 -0.005176334
0.002954557 -0.005529266
0.002956157 -0.00564691
0.002957757 -0.005999842
0.002959357 -0.006470418
0.002960957 -0.00682335
0.002962557 -0.00682335
0.002964157 -0.006940994
0.002965757 -0.007176281
0.002967357 -0.007411569
0.002968957 -0.007411569
0.002970557 -0.007529213
0.002972157 -0.007764501
0.002973757 -0.007764501
0.002975357 -0.007646857
0.002976957 -0.007764501
0.002978557 -0.007411569
0.002980157 -0.007176281
0.002981757 -0.007411569
0.002983357 -0.007293925
0.002984957 -0.007293925
0.002986557 -0.007176281
0.002988157 -0.00682335
0.002989757 -0.006588062
0.002991357 -0.00623513
0.002992957 -0.00623513
0.002994557 -0.005764554
0.002996157 -0.005293978
0.002997757 -0.005176334
0.002999357 -0.005176334
0.003000957 -0.004588114
0.003002557 -0.004588114
0.003004157 -0.003882251
0.003005757 -0.003176387
0.003007357 -0.003058743
0.003008957 -0.002823455
0.003010557 -0.002117591
0.003012157 -0.002235235
0.003013757 -0.001529371
0.003015357 -0.001529371
0.003016957 -0.0009411517
0.003018557 -0.0007058638
0.003020157 -0.0004705758
0.003021757 -0.0002352879
0.003023357 0.0003529319
0.003024957 0.0009411517
0.003026557 0.0009411517
0.003028157 0.001764659
0.003029757 0.002117591
0.003031357 0.002235235
0.003032957 0.002823455
0.003034557 0.003529319
0.003036157 0.004117539
0.003037757 0.004705758
0.003039357 0.005529266
0.003040957 0.00623513
0.003042557 0.007058638
0.003044157 0.007999789
0.003045757 0.009293873
0.003047357 0.009764449
0.003048957 0.01117618
0.003050557 0.01211733
0.003052157 0.01294084
0.003053757 0.01388199
0.003055357 0.01470549
0.003056957 0.015529
0.003058557 0.01635251
0.003060157 0.01694073
0.003061757 0.01717602
0.003063357 0.01823481
0.003064957 0.01835246
0.003066557 0.01882303
0.003068157 0.01870539
0.003069757 0.01894068
0.003071357 0.01929361
0.003072957 0.0195289
0.003074557 0.0195289
0.003076157 0.01976419
0.003077757 0.01988183
0.003079357 0.02011712
0.003080957 0.02023476
0.003082557 0.02047005
0.003084157 0.02070534
0.003085757 0.02105827
0.003087357 0.02105827
0.003088957 0.02129356
0.003090557 0.02129356
0.003092157 0.02188178
0.003093757 0.02211706
0.003095357 0.02211706
0.003096957 0.02223471
0.003098557 0.02247
0.003100157 0.02294057
0.003101757 0.02305822
0.003103357 0.02341115
0.003104957 0.02364644
0.003106557 0.02376408
0.003108157 0.02388172
0.003109757 0.02388172
0.003111357 0.02423466
0.003112957 0.02446994
0.003114557 0.02470523
0.003116157 0.02494052
0.003117757 0.02482288
0.003119357 0.02482288
0.003120957 0.02505816
0.003122557 0.02505816
0.003124157 0.02482288
0.003125757 0.02505816
0.003127357 0.02470523
0.003128957 0.02458759
0.003130557 0.02423466
0.003132157 0.02376408
0.003133757 0.02364644
0.003135357 0.0232935
0.003136957 0.02282293
0.003138557 0.02235235
0.003140157 0.02199942
0.003141757 0.02129356
0.003143357 0.02105827
0.003144957 0.02011712
0.003146557 0.01988183
0.003148157 0.01905832
0.003149757 0.01858775
0.003151357 0.01811717
0.003152957 0.01764659
0.003154557 0.01741131
0.003156157 0.0165878
0.003157757 0.01635251
0.003159357 0.01599958
0.003160957 0.01576429
0.003162557 0.01529371
0.003164157 0.01505843
0.003165757 0.01435256
0.003167357 0.01435256
0.003168957 0.01399963
0.003170557 0.01352906
0.003172157 0.01341141
0.003173757 0.01282319
0.003175357 0.01235262
0.003176957 0.01152911
0.003178557 0.01141146
0.003180157 0.0107056
0.003181757 0.009999736
0.003183357 0.009058585
0.003184957 0.008470365
0.003186557 0.007999789
0.003188157 0.007411569
0.003189757 0.00682335
0.003191357 0.005882198
0.003192957 0.005764554
0.003194557 0.004588114
0.003196157 0.004352826
0.003197757 0.003882251
0.003199357 0.003176387
0.003200957 0.002588167
0.003202557 0.002352879
0.003204157 0.001764659
0.003205757 0.00117644
0.003207357 0.001058796
0.003208957 0.0008235077
0.003210557 0.0004705758
0.003212157 0.0005882198
0.003213757 0.0002352879
0.003215357 0.0002352879
0.003216957 0.0002352879
0.003218557 0.0004705758
0.003220157 0.0005882198
0.003221757 0.0004705758
0.003223357 0.0003529319
0.003224957 0.0005882198
0.003226557 0.0005882198
0.003228157 0.0003529319
0.003229757 0.000117644
0.003231357 0.000117644
0.003232957 0
0.003234557 0
0.003236157 -0.0002352879
0.003237757 -0.0007058638
0.003239357 -0.001294084
0.003240957 -0.00117644
0.003242557 -0.001529371
0.003244157 -0.001999947
0.003245757 -0.002705811
0.003247357 -0.002705811
0.003248957 -0.002823455
0.003250557 -0.003294031
0.003252157 -0.003176387
0.003253757 -0.003411675
0.003255357 -0.003176387
0.003256957 -0.003058743
0.003258557 -0.003058743
0.003260157 -0.002588167
0.003261757 -0.002588167
0.003263357 -0.001764659
0.003264957 -0.001529371
0.003266557 -0.001411728
0.003268157 -0.0008235077
0.003269757 0
0.003271357 0.0002352879
0.003272957 0.0004705758
0.003274557 0.001058796
0.003276157 0.001411728
0.003277757 0.001764659
0.003279357 0.002117591
0.003280957 0.002117591
0.003282557 0.002235235
0.003284157 0.002235235
0.003285757 0.002470523
0.003287357 0.002588167
0.003288957 0.002941099
0.003290557 0.003176387
0.003292157 0.003058743
0.003293757 0.002941099
0.003295357 0.003058743
0.003296957 0.002941099
0.003298557 0.003058743
0.003300157 0.002823455
0.003301757 0.002588167
0.003303357 0.002588167
0.003304957 0.001999947
0.003306557 0.001647015
0.003308157 0.00117644
0.003309757 0.001058796
0.003311357 0.0008235077
0.003312957 0.0002352879
0.003314557 0.0002352879
0.003316157 -0.0002352879
0.003317757 -0.0003529319
0.003319357 -0.001058796
0.003320957 -0.00117644
0.003322557 -0.001647015
0.003324157 -0.001529371
0.003325757 -0.002117591
0.003327357 -0.002352879
0.003328957 -0.002941099
0.003330557 -0.003176387
0.003332157 -0.003764607
0.003333757 -0.004117539
0.003335357 -0.004588114
0.003336957 -0.00505869
0.003338557 -0.005529266
0.003340157 -0.005764554
0.003341757 -0.006588062
0.003343357 -0.007058638
0.003344957 -0.007999789
0.003346557 -0.007999789
0.003348157 -0.008352721
0.003349757 -0.008823297
0.003351357 -0.009293873
0.003352957 -0.009293873
0.003354557 -0.009646805
0.003356157 -0.009999736
0.003357757 -0.009882093
0.003359357 -0.009764449
0.003360957 -0.01011738
0.003362557 -0.009882093
0.003364157 -0.009999736
0.003365757 -0.01023502
0.003367357 -0.01035267
0.003368957 -0.01035267
0.003370557 -0.01047031
0.003372157 -0.01058796
0.003373757 -0.01035267
0.003375357 -0.01058796
0.003376957 -0.01058796
0.003378557 -0.01058796
0.003380157 -0.01035267
0.003381757 -0.01047031
0.003383357 -0.01035267
0.003384957 -0.01035267
0.003386557 -0.01035267
0.003388157 -0.01035267
0.003389757 -0.0107056
0.003391357 -0.0107056
0.003392957 -0.01094089
0.003394557 -0.01105853
0.003396157 -0.01164675
0.003397757 -0.01199968
0.003399357 -0.01247026
0.003400957 -0.01247026
0.003402557 -0.0125879
0.003404157 -0.01329377
0.003405757 -0.01317612
0.003407357 -0.01352906
0.003408957 -0.01376434
0.003410557 -0.01388199
0.003412157 -0.01447021
0.003413757 -0.01470549
0.003415357 -0.01494078
0.003416957 -0.01517607
0.003418557 -0.01494078
0.003420157 -0.01517607
0.003421757 -0.015529
0.003423357 -0.01505843
0.003424957 -0.01529371
0.003426557 -0.01541136
0.003428157 -0.01505843
0.003429757 -0.01494078
0.003431357 -0.01423492
0.003432957 -0.01423492
0.003434557 -0.01399963
0.003436157 -0.01376434
0.003437757 -0.01341141
0.003439357 -0.01305848
0.003440957 -0.01294084
0.003442557 -0.0125879
0.003444157 -0.01199968
0.003445757 -0.0117644
0.003447357 -0.01188204
0.003448957 -0.01117618
0.003450557 -0.01082324
0.003452157 -0.01035267
0.003453757 -0.009999736
0.003455357 -0.009529161
0.003456957 -0.009293873
0.003458557 -0.008588009
0.003460157 -0.008352721
0.003461757 -0.007882145
0.003463357 -0.007411569
0.003464957 -0.00682335
0.003466557 -0.006705706
0.003468157 -0.006470418
0.003469757 -0.005764554
0.003471357 -0.005411622
0.003472957 -0.005176334
0.003474557 -0.004823402
0.003476157 -0.00447047
0.003477757 -0.00447047
0.003479357 -0.003999895
0.003480957 -0.003999895
0.003482557 -0.003529319
0.003484157 -0.003529319
0.003485757 -0.003176387
0.003487357 -0.003411675
0.003488957 -0.003294031
0.003490557 -0.002588167
0.003492157 -0.002823455
0.003493757 -0.002588167
0.003495357 -0.002705811
0.003496957 -0.002470523
0.003498557 -0.002823455
0.003500157 -0.002117591
0.003501757 -0.002470523
0.003503357 -0.001882303
0.003504957 -0.001999947
0.003506557 -0.001999947
0.003508157 -0.001882303
0.003509757 -0.001764659
0.003511357 -0.001764659
0.003512957 -0.001882303
0.003514557 -0.001764659
0.003516157 -0.001411728
0.003517757 -0.001529371
0.003519357 -0.001411728
0.003520957 -0.001294084
0.003522557 -0.001294084
0.003524157 -0.001529371
0.003525757 -0.0007058638
0.003527357 -0.0004705758
0.003528957 -0.0002352879
0.003530557 0
0.003532157 0.0005882198
0.003533757 0.0009411517
0.003535357 0.00117644
0.003536957 0.002117591
0.003538557 0.002352879
0.003540157 0.002823455
0.003541757 0.003176387
0.003543357 0.003764607
0.003544957 0.003882251
0.003546557 0.004117539
0.003548157 0.004352826
0.003549757 0.00447047
0.003551357 0.004588114
0.003552957 0.004823402
0.003554557 0.00447047
0.003556157 0.004705758
0.003557757 0.004235183
0.003559357 0.003999895
0.003560957 0.004117539
0.003562557 0.004235183
0.003564157 0.004352826
0.003565757 0.003999895
0.003567357 0.003999895
0.003568957 0.00447047
0.003570557 0.004705758
0.003572157 0.004588114
0.003573757 0.004705758
0.003575357 0.004823402
0.003576957 0.005411622
0.003578557 0.005411622
0.003580157 0.005293978
0.003581757 0.005293978
0.003583357 0.005411622
0.003584957 0.004941046
0.003586557 0.004941046
0.003588157 0.004588114
0.003589757 0.004117539
0.003591357 0.003646963
0.003592957 0.002941099
0.003594557 0.003058743
0.003596157 0.002352879
0.003597757 0.002117591
0.003599357 0.001529371
0.003600957 0.001058796
0.003602557 0.0009411517
0.003604157 0.0002352879
0.003605757 0.0002352879
0.003607357 0.000117644
0.003608957 -0.0005882198
0.003610557 -0.0008235077
0.003612157 -0.0005882198
0.003613757 -0.0009411517
0.003615357 -0.001058796
0.003616957 -0.001529371
0.003618557 -0.001294084
0.003620157 -0.001647015
0.003621757 -0.001529371
0.003623357 -0.001999947
0.003624957 -0.001999947
0.003626557 -0.002705811
0.003628157 -0.002705811
0.003629757 -0.002823455
0.003631357 -0.002705811
0.003632957 -0.002941099
0.003634557 -0.003176387
0.003636157 -0.003294031
0.003637757 -0.003646963
0.003639357 -0.003999895
0.003640957 -0.004117539
0.003642557 -0.00447047
0.003644157 -0.004823402
0.003645757 -0.004941046
0.003647357 -0.005176334
0.003648957 -0.005529266
0.003650557 -0.00623513
0.003652157 -0.006588062
0.003653757 -0.007176281
0.003655357 -0.00682335
0.003656957 -0.007058638
0.003658557 -0.007882145
0.003660157 -0.008117433
0.003661757 -0.008117433
0.003663357 -0.008588009
0.003664957 -0.008705653
0.003666557 -0.008470365
0.003668157 -0.008588009
0.003669757 -0.008940941
0.003671357 -0.009058585
0.003672957 -0.008823297
0.003674557 -0.008705653
0.003676157 -0.008940941
0.003677757 -0.008588009
0.003679357 -0.008705653
0.003680957 -0.008352721
0.003682557 -0.007999789
0.003684157 -0.007882145
0.003685757 -0.007999789
0.003687357 -0.007882145
0.003688957 -0.007646857
0.003690557 -0.007058638
0.003692157 -0.007176281
0.003693757 -0.006705706
0.003695357 -0.006352774
0.003696957 -0.005764554
0.003698557 -0.005764554
0.003700157 -0.005411622
0.003701757 -0.004823402
0.003703357 -0.004588114
0.003704957 -0.004352826
0.003706557 -0.003999895
0.003708157 -0.003764607
0.003709757 -0.003999895
0.003711357 -0.003764607
0.003712957 -0.003529319
0.003714557 -0.003529319
0.003716157 -0.003411675
0.003717757 -0.003411675
0.003719357 -0.003411675
0.003720957 -0.003176387
0.003722557 -0.003529319
0.003724157 -0.003529319
0.003725757 -0.003176387
0.003727357 -0.003058743
0.003728957 -0.003411675
0.003730557 -0.002823455
0.003732157 -0.003058743
0.003733757 -0.002352879
0.003735357 -0.002352879
0.003736957 -0.002117591
0.003738557 -0.001882303
0.003740157 -0.001529371
0.003741757 -0.001058796
0.003743357 -0.0002352879
0.003744957 0
0.003746557 0.0005882198
0.003748157 0.0007058638
0.003749757 0.00117644
0.003751357 0.001882303
0.003752957 0.002117591
0.003754557 0.002352879
0.003756157 0.002823455
0.003757757 0.002941099
0.003759357 0.003294031
0.003760957 0.003646963
0.003762557 0.003529319
0.003764157 0.003411675
0.003765757 0.003646963
0.003767357 0.003294031
0.003768957 0.003058743
0.003770557 0.002941099
0.003772157 0.003176387
0.003773757 0.003294031
0.003775357 0.002470523
0.003776957 0.002823455
0.003778557 0.002941099
0.003780157 0.002941099
0.003781757 0.002588167
0.003783357 0.002588167
0.003784957 0.003058743
0.003786557 0.002705811
0.003788157 0.002705811
0.003789757 0.002705811
0.003791357 0.002235235
0.003792957 0.002235235
0.003794557 0.002470523
0.003796157 0.002117591
0.003797757 0.001882303
0.003799357 0.001411728
0.003800957 0.001529371
0.003802557 0.00117644
0.003804157 0.0009411517
0.003805757 0.0007058638
0.003807357 0.0008235077
0.003808957 0.0002352879
0.003810557 0.0004705758
0.003812157 0.0002352879
0.003813757 0.000117644
0.003815357 -0.0004705758
0.003816957 -0.0005882198
0.003818557 -0.0005882198
0.003820157 -0.0005882198
0.003821757 -0.001058796
0.003823357 -0.001411728
0.003824957 -0.001529371
0.003826557 -0.001647015
0.003828157 -0.001999947
0.003829757 -0.002470523
0.003831357 -0.002470523
0.003832957 -0.002705811
0.003834557 -0.003058743
0.003836157 -0.002941099
0.003837757 -0.003058743
0.003839357 -0.003411675
0.003840957 -0.003411675
0.003842557 -0.003529319
0.003844157 -0.003646963
0.003845757 -0.003529319
0.003847357 -0.003882251
0.003848957 -0.004117539
0.003850557 -0.004117539
0.003852157 -0.003882251
0.003853757 -0.004588114
0.003855357 -0.004235183
0.003856957 -0.004705758
0.003858557 -0.004705758
0.003860157 -0.004705758
0.003861757 -0.004941046
0.003863357 -0.004941046
0.003864957 -0.005293978
0.003866557 -0.005529266
0.003868157 -0.005764554
0.003869757 -0.005999842
0.003871357 -0.006352774
0.003872957 -0.006352774
0.003874557 -0.006352774
0.003876157 -0.006705706
0.003877757 -0.007058638
0.003879357 -0.007176281
0.003880957 -0.007529213
0.003882557 -0.007293925
0.003884157 -0.007646857
0.003885757 -0.007646857
0.003887357 -0.007646857
0.003888957 -0.007764501
0.003890557 -0.007411569
0.003892157 -0.007293925
0.003893757 -0.007293925
0.003895357 -0.007058638
0.003896957 -0.007058638
0.003898557 -0.006352774
0.003900157 -0.00623513
0.003901757 -0.005764554
0.003903357 -0.006117486
0.003904957 -0.005411622
0.003906557 -0.005176334
0.003908157 -0.004823402
0.003909757 -0.004588114
0.003911357 -0.00447047
0.003912957 -0.003999895
0.003914557 -0.003646963
0.003916157 -0.003058743
0.003917757 -0.002705811
0.003919357 -0.002588167
0.003920957 -0.001882303
0.003922557 -0.001411728
0.003924157 -0.001058796
0.003925757 -0.0002352879
0.003927357 -0.000117644
0.003928957 0.0003529319
0.003930557 0.00117644
0.003932157 0.00117644
0.003933757 0.001411728
0.003935357 0.001764659
0.003936957 0.001999947
0.003938557 0.002352879
0.003940157 0.002470523
0.003941757 0.002823455
0.003943357 0.002823455
0.003944957 0.002823455
0.003946557 0.003411675
0.003948157 0.003176387
0.003949757 0.003529319
0.003951357 0.003646963
0.003952957 0.004117539
0.003954557 0.003882251
0.003956157 0.004705758
0.003957757 0.004588114
0.003959357 0.004588114
0.003960957 0.005176334
0.003962557 0.005411622
0.003964157 0.005529266
0.003965757 0.005999842
0.003967357 0.00623513
0.003968957 0.005999842
0.003970557 0.006588062
0.003972157 0.00682335
0.003973757 0.006470418
0.003975357 0.007058638
0.003976957 0.007293925
0.003978557 0.007176281
0.003980157 0.007411569
0.003981757 0.007646857
0.003983357 0.007529213
0.003984957 0.007646857
0.003986557 0.007764501
0.003988157 0.008117433
0.003989757 0.008235077
0.003991357 0.008470365
0.003992957 0.008588009
0.003994557 0.008235077
0.003996157 0.008235077
0.003997757 0.008470365
0.003999357 0.008588009
0.004000957 0.008470365
0.004002557 0.008705653
0.004004157 0.008705653
0.004005757 0.008940941
0.004007357 0.008823297
0.004008957 0.008705653
0.004010557 0.008705653
0.004012157 0.008705653
0.004013757 0.008823297
0.004015357 0.008470365
0.004016957 0.008823297
0.004018557 0.008470365
0.004020157 0.008588009
0.004021757 0.008588009
0.004023357 0.008352721
0.004024957 0.008117433
0.004026557 0.007882145
0.004028157 0.007882145
0.004029757 0.007529213
0.004031357 0.007411569
0.004032957 0.006940994
0.004034557 0.006705706
0.004036157 0.006470418
0.004037757 0.005882198
0.004039357 0.005882198
0.004040957 0.005529266
0.004042557 0.005411622
0.004044157 0.005293978
0.004045757 0.004823402
0.004047357 0.004588114
0.004048957 0.004352826
0.004050557 0.004117539
0.004052157 0.003999895
0.004053757 0.003646963
0.004055357 0.003058743
0.004056957 0.003176387
0.004058557 0.002941099
0.004060157 0.002588167
0.004061757 0.002470523
0.004063357 0.002470523
0.004064957 0.002235235
0.004066557 0.002470523
0.004068157 0.001999947
0.004069757 0.001764659
0.004071357 0.001882303
0.004072957 0.001764659
0.004074557 0.001882303
0.004076157 0.001411728
0.004077757 0.001294084
0.004079357 0.001411728
0.004080957 0.001411728
0.004082557 0.001058796
0.004084157 0.0009411517
0.004085757 0.0009411517
0.004087357 0.0005882198
0.004088957 0.0007058638
0.004090557 0.0004705758
0.004092157 0.0008235077
0.004093757 0.0007058638
0.004095357 0.0002352879
0.004096957 0.0004705758
0.004098557 0.0005882198
0.004100157 0.0004705758
0.004101757 0.0004705758
0.004103357 0.0002352879
0.004104957 0.0003529319
0.004106557 0.0005882198
0.004108157 0.0005882198
0.004109757 0.0004705758
0.004111357 0.0005882198
0.004112957 0.0009411517
0.004114557 0.001058796
0.004116157 0.001058796
0.004117757 0.001411728
0.004119357 0.001411728
0.004120957 0.001764659
0.004122557 0.001764659
0.004124157 0.002235235
0.004125757 0.001882303
0.004127357 0.002117591
0.004128957 0.001999947
0.004130557 0.002117591
0.004132157 0.002235235
0.004133757 0.002352879
0.004135357 0.002352879
0.004136957 0.002352879
0.004138557 0.002352879
0.004140157 0.002352879
0.004141757 0.002352879
0.004143357 0.002588167
0.004144957 0.002588167
0.004146557 0.002705811
0.004148157 0.003058743
0.004149757 0.003058743
0.004151357 0.002588167
0.004152957 0.003176387
0.004154557 0.003058743
0.004156157 0.003176387
0.004157757 0.003176387
0.004159357 0.003411675
0.004160957 0.003411675
0.004162557 0.003529319
0.004164157 0.003764607
0.004165757 0.004117539
0.004167357 0.003882251
0.004168957 0.004235183
0.004170557 0.004588114
0.004172157 0.004705758
0.004173757 0.004823402
0.004175357 0.00505869
0.004176957 0.005293978
0.004178557 0.00564691
0.004180157 0.005882198
0.004181757 0.005764554
0.004183357 0.006117486
0.004184957 0.006117486
0.004186557 0.006117486
0.004188157 0.006352774
0.004189757 0.006117486
0.004191357 0.00623513
0.004192957 0.005882198
0.004194557 0.006588062
0.004196157 0.006352774
0.004197757 0.00623513
0.004199357 0.006588062
0.004200957 0.006705706
