LECROYWS4024HD 19320 Waveform
Segments 1 SegmentSize 3127
Segment TrigTime TimeSinceSegment1
#1 04-Jun-2024 15:26:17 0                 
Time Ampl
-0.000801485 0.0004705758
-0.000799885 0.0005882198
-0.000798285 0.0008235077
-0.000796685 0.0005882198
-0.000795085 0.001058796
-0.000793485 0.001058796
-0.000791885 0.0007058638
-0.000790285 0.0008235077
-0.000788685 0.0007058638
-0.000787085 0.0008235077
-0.000785485 0.0009411517
-0.000783885 0.0009411517
-0.000782285 0.0005882198
-0.000780685 0.0004705758
-0.000779085 0.00117644
-0.000777485 0.0005882198
-0.000775885 0.0008235077
-0.000774285 0.0009411517
-0.000772685 0.0007058638
-0.000771085 0.0008235077
-0.000769485 0.0002352879
-0.000767885 0.0007058638
-0.000766285 0.0005882198
-0.000764685 0.0004705758
-0.000763085 0.0007058638
-0.000761485 0.0005882198
-0.000759885 0.0008235077
-0.000758285 0.0008235077
-0.000756685 0.0008235077
-0.000755085 0.0007058638
-0.000753485 0.0007058638
-0.000751885 0.0008235077
-0.000750285 0.0007058638
-0.000748685 0.0008235077
-0.000747085 0.0007058638
-0.000745485 0.0003529319
-0.000743885 0.001058796
-0.000742285 0.0004705758
-0.000740685 0.0009411517
-0.000739085 0.0004705758
-0.000737485 0.0007058638
-0.000735885 0.0009411517
-0.000734285 0.0007058638
-0.000732685 0.0005882198
-0.000731085 0.0008235077
-0.000729485 0.0007058638
-0.000727885 0.0007058638
-0.000726285 0.0005882198
-0.000724685 0.0005882198
-0.000723085 0.0009411517
-0.000721485 0.0007058638
-0.000719885 0.0005882198
-0.000718285 0.0007058638
-0.000716685 0.0009411517
-0.000715085 0.0007058638
-0.000713485 0.0007058638
-0.000711885 0.0009411517
-0.000710285 0.0007058638
-0.000708685 0.0007058638
-0.000707085 0.0005882198
-0.000705485 0.0008235077
-0.000703885 0.0007058638
-0.000702285 0.0008235077
-0.000700685 0.0005882198
-0.000699085 0.0008235077
-0.000697485 0.0008235077
-0.000695885 0.0005882198
-0.000694285 0.0004705758
-0.000692685 0.0009411517
-0.000691085 0.0003529319
-0.000689485 0.0009411517
-0.000687885 0.0008235077
-0.000686285 0.0007058638
-0.000684685 0.0005882198
-0.000683085 0.0005882198
-0.000681485 0.0008235077
-0.000679885 0.0008235077
-0.000678285 0.0004705758
-0.000676685 0.0005882198
-0.000675085 0.0007058638
-0.000673485 0.0003529319
-0.000671885 0.0007058638
-0.000670285 0.0009411517
-0.000668685 0.0008235077
-0.000667085 0.0007058638
-0.000665485 0.0004705758
-0.000663885 0.0007058638
-0.000662285 0.0005882198
-0.000660685 0.0007058638
-0.000659085 0.0008235077
-0.000657485 0.0008235077
-0.000655885 0.0005882198
-0.000654285 0.0008235077
-0.000652685 0.0004705758
-0.000651085 0.0009411517
-0.000649485 0.001058796
-0.000647885 0.0005882198
-0.000646285 0.0009411517
-0.000644685 0.0009411517
-0.000643085 0.0009411517
-0.000641485 0.0009411517
-0.000639885 0.0007058638
-0.000638285 0.0004705758
-0.000636685 0.0009411517
-0.000635085 0.0007058638
-0.000633485 0.0009411517
-0.000631885 0.0007058638
-0.000630285 0.0007058638
-0.000628685 0.0008235077
-0.000627085 0.0009411517
-0.000625485 0.001058796
-0.000623885 0.0007058638
-0.000622285 0.0009411517
-0.000620685 0.0005882198
-0.000619085 0.0007058638
-0.000617485 0.0007058638
-0.000615885 0.0008235077
-0.000614285 0.0005882198
-0.000612685 0.001058796
-0.000611085 0.0005882198
-0.000609485 0.0008235077
-0.000607885 0.0005882198
-0.000606285 0.0007058638
-0.000604685 0.0008235077
-0.000603085 0.0008235077
-0.000601485 0.0008235077
-0.000599885 0.0007058638
-0.000598285 0.0007058638
-0.000596685 0.0007058638
-0.000595085 0.0005882198
-0.000593485 0.0004705758
-0.000591885 0.0008235077
-0.000590285 0.0008235077
-0.000588685 0.0008235077
-0.000587085 0.0007058638
-0.000585485 0.0004705758
-0.000583885 0.0007058638
-0.000582285 0.0008235077
-0.000580685 0.0007058638
-0.000579085 0.0009411517
-0.000577485 0.0008235077
-0.000575885 0.0007058638
-0.000574285 0.0004705758
-0.000572685 0.0005882198
-0.000571085 0.0007058638
-0.000569485 0.0005882198
-0.000567885 0.0009411517
-0.000566285 0.0007058638
-0.000564685 0.0009411517
-0.000563085 0.0003529319
-0.000561485 0.0008235077
-0.000559885 0.0009411517
-0.000558285 0.0009411517
-0.000556685 0.0007058638
-0.000555085 0.0008235077
-0.000553485 0.0004705758
-0.000551885 0.0008235077
-0.000550285 0.0007058638
-0.000548685 0.0004705758
-0.000547085 0.0004705758
-0.000545485 0.001058796
-0.000543885 0.0007058638
-0.000542285 0.0008235077
-0.000540685 0.0008235077
-0.000539085 0.0005882198
-0.000537485 0.0005882198
-0.000535885 0.0008235077
-0.000534285 0.0007058638
-0.000532685 0.0008235077
-0.000531085 0.0007058638
-0.000529485 0.0008235077
-0.000527885 0.0004705758
-0.000526285 0.0005882198
-0.000524685 0.0007058638
-0.000523085 0.0008235077
-0.000521485 0.0008235077
-0.000519885 0.0007058638
-0.000518285 0.0007058638
-0.000516685 0.0007058638
-0.000515085 0.0008235077
-0.000513485 0.0008235077
-0.000511885 0.0008235077
-0.000510285 0.0005882198
-0.000508685 0.0009411517
-0.000507085 0.0007058638
-0.000505485 0.0002352879
-0.000503885 0.0005882198
-0.000502285 0.0005882198
-0.000500685 0.0005882198
-0.000499085 0.0008235077
-0.000497485 0.0007058638
-0.000495885 0.0007058638
-0.000494285 0.0007058638
-0.000492685 0.0005882198
-0.000491085 0.0007058638
-0.000489485 0.0004705758
-0.000487885 0.0007058638
-0.000486285 0.0004705758
-0.000484685 0.0009411517
-0.000483085 0.0007058638
-0.000481485 0.0007058638
-0.000479885 0.0009411517
-0.000478285 0.0007058638
-0.000476685 0.0008235077
-0.000475085 0.0007058638
-0.000473485 0.0007058638
-0.000471885 0.0007058638
-0.000470285 0.0005882198
-0.000468685 0.0005882198
-0.000467085 0.0004705758
-0.000465485 0.0007058638
-0.000463885 0.0008235077
-0.000462285 0.0009411517
-0.000460685 0.0005882198
-0.000459085 0.0005882198
-0.000457485 0.0007058638
-0.000455885 0.0007058638
-0.000454285 0.001058796
-0.000452685 0.0009411517
-0.000451085 0.0004705758
-0.000449485 0.0007058638
-0.000447885 0.0007058638
-0.000446285 0.0004705758
-0.000444685 0.0002352879
-0.000443085 0.0005882198
-0.000441485 0.0004705758
-0.000439885 0.0009411517
-0.000438285 0.0005882198
-0.000436685 0.0005882198
-0.000435085 0.0009411517
-0.000433485 0.0005882198
-0.000431885 0.0003529319
-0.000430285 0.0009411517
-0.000428685 0.0003529319
-0.000427085 0.0005882198
-0.000425485 0.0009411517
-0.000423885 0.0005882198
-0.000422285 0.0007058638
-0.000420685 0.0007058638
-0.000419085 0.0003529319
-0.000417485 0.0007058638
-0.000415885 0.0007058638
-0.000414285 0.0008235077
-0.000412685 0.0007058638
-0.000411085 0.0007058638
-0.000409485 0.0003529319
-0.000407885 0.0005882198
-0.000406285 0.0008235077
-0.000404685 0.0005882198
-0.000403085 0.0004705758
-0.000401485 0.0007058638
-0.000399885 0.0005882198
-0.000398285 0.0004705758
-0.000396685 0.0004705758
-0.000395085 0.0005882198
-0.000393485 0.0005882198
-0.000391885 0.0007058638
-0.000390285 0.0007058638
-0.000388685 0.0004705758
-0.000387085 0.0005882198
-0.000385485 0.0007058638
-0.000383885 0.0007058638
-0.000382285 0.0008235077
-0.000380685 0.0007058638
-0.000379085 0.0008235077
-0.000377485 0.0005882198
-0.000375885 0.0008235077
-0.000374285 0.0005882198
-0.000372685 0.0007058638
-0.000371085 0.0005882198
-0.000369485 0.0005882198
-0.000367885 0.0005882198
-0.000366285 0.0007058638
-0.000364685 0.0007058638
-0.000363085 0.0008235077
-0.000361485 0.0005882198
-0.000359885 0.0007058638
-0.000358285 0.0005882198
-0.000356685 0.0007058638
-0.000355085 0.0005882198
-0.000353485 0.0007058638
-0.000351885 0.0008235077
-0.000350285 0.0007058638
-0.000348685 0.0008235077
-0.000347085 0.0004705758
-0.000345485 0.0003529319
-0.000343885 0.0007058638
-0.000342285 0.0007058638
-0.000340685 0.0007058638
-0.000339085 0.0004705758
-0.000337485 0.0008235077
-0.000335885 0.0008235077
-0.000334285 0.0005882198
-0.000332685 0.0008235077
-0.000331085 0.0008235077
-0.000329485 0.0008235077
-0.000327885 0.0005882198
-0.000326285 0.0009411517
-0.000324685 0.0007058638
-0.000323085 0.0008235077
-0.000321485 0.0007058638
-0.000319885 0.0008235077
-0.000318285 0.0008235077
-0.000316685 0.0005882198
-0.000315085 0.0004705758
-0.000313485 0.0007058638
-0.000311885 0.0008235077
-0.000310285 0.0007058638
-0.000308685 0.0005882198
-0.000307085 0.0007058638
-0.000305485 0.0005882198
-0.000303885 0.0007058638
-0.000302285 0.0009411517
-0.000300685 0.001058796
-0.000299085 0.0007058638
-0.000297485 0.0007058638
-0.000295885 0.0009411517
-0.000294285 0.0005882198
-0.000292685 0.0007058638
-0.000291085 0.0008235077
-0.000289485 0.0007058638
-0.000287885 0.0007058638
-0.000286285 0.0007058638
-0.000284685 0.0008235077
-0.000283085 0.001058796
-0.000281485 0.0008235077
-0.000279885 0.0007058638
-0.000278285 0.0007058638
-0.000276685 0.0008235077
-0.000275085 0.0008235077
-0.000273485 0.0007058638
-0.000271885 0.0008235077
-0.000270285 0.0008235077
-0.000268685 0.0005882198
-0.000267085 0.001058796
-0.000265485 0.0005882198
-0.000263885 0.0004705758
-0.000262285 0.0008235077
-0.000260685 0.0009411517
-0.000259085 0.0005882198
-0.000257485 0.0008235077
-0.000255885 0.0007058638
-0.000254285 0.0007058638
-0.000252685 0.0007058638
-0.000251085 0.0005882198
-0.000249485 0.0005882198
-0.000247885 0.0007058638
-0.000246285 0.0008235077
-0.000244685 0.0008235077
-0.000243085 0.0009411517
-0.000241485 0.0009411517
-0.000239885 0.0008235077
-0.000238285 0.0009411517
-0.000236685 0.0007058638
-0.000235085 0.0007058638
-0.000233485 0.0007058638
-0.000231885 0.0007058638
-0.000230285 0.0005882198
-0.000228685 0.0008235077
-0.000227085 0.0008235077
-0.000225485 0.0008235077
-0.000223885 0.0008235077
-0.000222285 0.0009411517
-0.000220685 0.0007058638
-0.000219085 0.0005882198
-0.000217485 0.0009411517
-0.000215885 0.0007058638
-0.000214285 0.0007058638
-0.000212685 0.0005882198
-0.000211085 0.0007058638
-0.000209485 0.0008235077
-0.000207885 0.0005882198
-0.000206285 0.0005882198
-0.000204685 0.0007058638
-0.000203085 0.0007058638
-0.000201485 0.0004705758
-0.000199885 0.0007058638
-0.000198285 0.0008235077
-0.000196685 0.0008235077
-0.000195085 0.0007058638
-0.000193485 0.0008235077
-0.000191885 0.0008235077
-0.000190285 0.0009411517
-0.000188685 0.001058796
-0.000187085 0.0009411517
-0.000185485 0.0007058638
-0.000183885 0.0009411517
-0.000182285 0.0009411517
-0.000180685 0.0007058638
-0.000179085 0.0005882198
-0.000177485 0.0009411517
-0.000175885 0.0008235077
-0.000174285 0.0009411517
-0.000172685 0.0009411517
-0.000171085 0.0008235077
-0.000169485 0.0008235077
-0.000167885 0.0009411517
-0.000166285 0.0005882198
-0.000164685 0.0007058638
-0.000163085 0.0005882198
-0.000161485 0.0008235077
-0.000159885 0.0005882198
-0.000158285 0.0005882198
-0.000156685 0.0008235077
-0.000155085 0.0009411517
-0.000153485 0.0008235077
-0.000151885 0.0007058638
-0.000150285 0.001058796
-0.000148685 0.0007058638
-0.000147085 0.0005882198
-0.000145485 0.0005882198
-0.000143885 0.0004705758
-0.000142285 0.0007058638
-0.000140685 0.0008235077
-0.000139085 0.0008235077
-0.000137485 0.0007058638
-0.000135885 0.0005882198
-0.000134285 0.0004705758
-0.000132685 0.0005882198
-0.000131085 0.0005882198
-0.000129485 0.0007058638
-0.000127885 0.0007058638
-0.000126285 0.001058796
-0.000124685 0.000117644
-0.000123085 0.0007058638
-0.000121485 0.0005882198
-0.000119885 0.0009411517
-0.000118285 0.0008235077
-0.000116685 0.0003529319
-0.000115085 0.0008235077
-0.000113485 0.001058796
-0.000111885 0.0007058638
-0.000110285 0.0007058638
-0.000108685 0.0005882198
-0.000107085 0.0004705758
-0.000105485 0.0003529319
-0.000103885 0.0007058638
-0.000102285 0.0007058638
-0.000100685 0.0007058638
-9.9085e-005 0.0008235077
-9.7485e-005 0.0008235077
-9.5885e-005 0.0004705758
-9.4285e-005 0.0009411517
-9.2685e-005 0.0007058638
-9.1085e-005 0.0008235077
-8.9485e-005 0.0008235077
-8.7885e-005 0.0008235077
-8.6285e-005 0.0005882198
-8.4685e-005 0.0002352879
-8.3085e-005 -0.000117644
-8.1485e-005 -0.0005882198
-7.9885e-005 -0.0004705758
-7.8285e-005 -0.0007058638
-7.6685e-005 -0.0004705758
-7.5085e-005 -0.0005882198
-7.3485e-005 -0.0005882198
-7.1885e-005 -0.0009411517
-7.0285e-005 -0.001058796
-6.8685e-005 -0.001529371
-6.7085e-005 -0.001294084
-6.5485e-005 -0.00117644
-6.3885e-005 -0.001411728
-6.2285e-005 -0.001999947
-6.0685e-005 -0.002352879
-5.9085e-005 -0.002705811
-5.7485e-005 -0.003294031
-5.5885e-005 -0.003764607
-5.4285e-005 -0.004235183
-5.2685e-005 -0.005176334
-5.1085e-005 -0.006470418
-4.9485e-005 -0.007646857
-4.7885e-005 -0.008352721
-4.6285e-005 -0.008823297
-4.4685e-005 -0.01094089
-4.3085e-005 -0.01588193
-4.1485e-005 -0.02270528
-3.9885e-005 -0.03152858
-3.8285e-005 -0.04023423
-3.6685e-005 -0.04788109
-3.5085e-005 -0.0554103
-3.3485e-005 -0.06199837
-3.1885e-005 -0.06740999
-3.0285e-005 -0.07070402
-2.8685e-005 -0.07411569
-2.7085e-005 -0.07835088
-2.5485e-005 -0.08352721
-2.3885e-005 -0.08917412
-2.2285e-005 -0.09399752
-2.0685e-005 -0.09893857
-1.9085e-005 -0.1016444
-1.7485e-005 -0.1032914
-1.5885e-005 -0.103409
-1.4285e-005 -0.1007032
-1.2685e-005 -0.09411517
-1.1085e-005 -0.0837625
-9.485e-006 -0.07023344
-7.885e-006 -0.0545868
-6.285e-006 -0.03823429
-4.685e-006 -0.02446994
-3.085e-006 -0.01529371
-1.485e-006 -0.007882145
1.15e-007 -0.001999947
1.715e-006 0.001764659
3.315e-006 0.003411675
4.915e-006 0.003294031
6.515e-006 0.002352879
8.115e-006 0.00117644
9.715e-006 0.0008235077
1.1315e-005 0.001882303
1.2915e-005 0.002823455
1.4515e-005 0.004235183
1.6115e-005 0.003529319
1.7715e-005 0.002352879
1.9315e-005 0.0008235077
2.0915e-005 0.0004705758
2.2515e-005 0.001529371
2.4115e-005 0.004117539
2.5715e-005 0.006117486
2.7315e-005 0.006705706
2.8915e-005 0.006588062
3.0515e-005 0.00505869
3.2115e-005 0.003646963
3.3715e-005 0.003058743
3.5315e-005 0.001058796
3.6915e-005 -0.002352879
3.8515e-005 -0.007411569
4.0115e-005 -0.01399963
4.1715e-005 -0.0214112
4.3315e-005 -0.02964628
4.4915e-005 -0.03670492
4.6515e-005 -0.04493999
4.8115e-005 -0.05258685
4.9715e-005 -0.05999842
5.1315e-005 -0.06552768
5.2915e-005 -0.07035109
5.4515e-005 -0.07376276
5.6115e-005 -0.07623329
5.7715e-005 -0.0768215
5.9315e-005 -0.07693915
6.0915e-005 -0.07505685
6.2515e-005 -0.07293925
6.4115e-005 -0.06988051
6.5715e-005 -0.06799821
6.7315e-005 -0.06576297
6.8915e-005 -0.06411596
7.0515e-005 -0.06093957
7.2115e-005 -0.0583514
7.3715e-005 -0.05588088
7.5315e-005 -0.05446915
7.6915e-005 -0.05388093
7.8515e-005 -0.05341036
8.0115e-005 -0.05482208
8.1715e-005 -0.05635146
8.3315e-005 -0.05788083
8.4915e-005 -0.05905727
8.6515e-005 -0.06046899
8.8115e-005 -0.0612925
8.9715e-005 -0.0612925
9.1315e-005 -0.06046899
9.2915e-005 -0.05858669
9.4515e-005 -0.0554103
9.6115e-005 -0.05093983
9.7715e-005 -0.04611643
9.9315e-005 -0.04141067
0.000100915 -0.03670492
0.000102515 -0.03199916
0.000104115 -0.02823455
0.000105715 -0.02470523
0.000107315 -0.0214112
0.000108915 -0.01835246
0.000110515 -0.0165878
0.000112115 -0.01541136
0.000113715 -0.01376434
0.000115315 -0.01188204
0.000116915 -0.01035267
0.000118515 -0.008940941
0.000120115 -0.007882145
0.000121715 -0.007176281
0.000123315 -0.006470418
0.000124915 -0.006352774
0.000126515 -0.005882198
0.000128115 -0.005999842
0.000129715 -0.006470418
0.000131315 -0.006470418
0.000132915 -0.007293925
0.000134515 -0.007293925
0.000136115 -0.007646857
0.000137715 -0.008352721
0.000139315 -0.009058585
0.000140915 -0.009293873
0.000142515 -0.01011738
0.000144115 -0.01011738
0.000145715 -0.01129382
0.000147315 -0.01282319
0.000148915 -0.01482314
0.000150515 -0.01717602
0.000152115 -0.01999947
0.000153715 -0.0232935
0.000155315 -0.02599931
0.000156915 -0.0291757
0.000158515 -0.03258738
0.000160115 -0.03529319
0.000161715 -0.03811664
0.000163315 -0.0398813
0.000164915 -0.04211654
0.000166515 -0.04317533
0.000168115 -0.0447047
0.000169715 -0.04658701
0.000171315 -0.0487046
0.000172915 -0.04976339
0.000174515 -0.05117512
0.000176115 -0.05093983
0.000177715 -0.04999868
0.000179315 -0.04858695
0.000180915 -0.04693994
0.000182515 -0.04529292
0.000184115 -0.04411648
0.000185715 -0.04211654
0.000187315 -0.0398813
0.000188915 -0.03823429
0.000190515 -0.03682256
0.000192115 -0.0361167
0.000193715 -0.03541083
0.000195315 -0.03552848
0.000196915 -0.03541083
0.000198515 -0.03482261
0.000200115 -0.03435204
0.000201715 -0.03294031
0.000203315 -0.03176387
0.000204915 -0.0302345
0.000206515 -0.02905806
0.000208115 -0.02788162
0.000209715 -0.0272934
0.000211315 -0.02635225
0.000212915 -0.02529345
0.000214515 -0.0243523
0.000216115 -0.02305822
0.000217715 -0.02176413
0.000219315 -0.0203524
0.000220915 -0.01870539
0.000222515 -0.01776424
0.000224115 -0.01694073
0.000225715 -0.01705837
0.000227315 -0.01670544
0.000228915 -0.01635251
0.000230515 -0.015529
0.000232115 -0.01482314
0.000233715 -0.01376434
0.000235315 -0.0125879
0.000236915 -0.01094089
0.000238515 -0.008588009
0.000240115 -0.006117486
0.000241715 -0.003294031
0.000243315 -0.0007058638
0.000244915 0.0009411517
0.000246515 0.002235235
0.000248115 0.002941099
0.000249715 0.003764607
0.000251315 0.004352826
0.000252915 0.00447047
0.000254515 0.004705758
0.000256115 0.00447047
0.000257715 0.003999895
0.000259315 0.003646963
0.000260915 0.002941099
0.000262515 0.002117591
0.000264115 0.0008235077
0.000265715 -0.0002352879
0.000267315 -0.002470523
0.000268915 -0.004352826
0.000270515 -0.005882198
0.000272115 -0.007176281
0.000273715 -0.007764501
0.000275315 -0.008470365
0.000276915 -0.009293873
0.000278515 -0.009646805
0.000280115 -0.01058796
0.000281715 -0.01105853
0.000283315 -0.01199968
0.000284915 -0.01305848
0.000286515 -0.01482314
0.000288115 -0.01647015
0.000289715 -0.01799953
0.000291315 -0.01882303
0.000292915 -0.0203524
0.000294515 -0.02152884
0.000296115 -0.02282293
0.000297715 -0.02376408
0.000299315 -0.02376408
0.000300915 -0.02352879
0.000302515 -0.02258764
0.000304115 -0.02188178
0.000305715 -0.02094062
0.000307315 -0.02011712
0.000308915 -0.0195289
0.000310515 -0.01811717
0.000312115 -0.01764659
0.000313715 -0.0165878
0.000315315 -0.01623487
0.000316915 -0.015529
0.000318515 -0.01447021
0.000320115 -0.01282319
0.000321715 -0.01141146
0.000323315 -0.009058585
0.000324915 -0.007058638
0.000326515 -0.004235183
0.000328115 -0.001647015
0.000329715 0.001411728
0.000331315 0.004117539
0.000332915 0.007646857
0.000334515 0.01058796
0.000336115 0.01352906
0.000337715 0.01694073
0.000339315 0.0195289
0.000340915 0.02211706
0.000342515 0.02411701
0.000344115 0.02588167
0.000345715 0.02776397
0.000347315 0.02870513
0.000348915 0.02870513
0.000350515 0.02823455
0.000352115 0.0272934
0.000353715 0.0254111
0.000355315 0.02305822
0.000356915 0.02047005
0.000358515 0.01741131
0.000360115 0.01447021
0.000361715 0.01105853
0.000363315 0.007764501
0.000364915 0.004588114
0.000366515 0.001529371
0.000368115 -0.0009411517
0.000369715 -0.003294031
0.000371315 -0.004705758
0.000372915 -0.005999842
0.000374515 -0.006588062
0.000376115 -0.006705706
0.000377715 -0.007293925
0.000379315 -0.007529213
0.000380915 -0.007882145
0.000382515 -0.008470365
0.000384115 -0.008235077
0.000385715 -0.008470365
0.000387315 -0.007764501
0.000388915 -0.006940994
0.000390515 -0.005529266
0.000392115 -0.003646963
0.000393715 -0.001764659
0.000395315 0
0.000396915 0.002352879
0.000398515 0.005293978
0.000400115 0.006705706
0.000401715 0.008352721
0.000403315 0.008823297
0.000404915 0.009293873
0.000406515 0.009176229
0.000408115 0.009176229
0.000409715 0.008588009
0.000411315 0.008117433
0.000412915 0.008117433
0.000414515 0.007882145
0.000416115 0.007764501
0.000417715 0.007999789
0.000419315 0.007764501
0.000420915 0.007411569
0.000422515 0.00682335
0.000424115 0.006470418
0.000425715 0.005999842
0.000427315 0.00505869
0.000428915 0.004823402
0.000430515 0.004235183
0.000432115 0.004588114
0.000433715 0.004823402
0.000435315 0.005764554
0.000436915 0.006940994
0.000438515 0.008352721
0.000440115 0.009764449
0.000441715 0.01105853
0.000443315 0.01270555
0.000444915 0.01423492
0.000446515 0.01564665
0.000448115 0.01670544
0.000449715 0.01776424
0.000451315 0.01823481
0.000452915 0.01870539
0.000454515 0.01964654
0.000456115 0.01976419
0.000457715 0.01964654
0.000459315 0.01917597
0.000460915 0.01870539
0.000462515 0.01823481
0.000464115 0.01717602
0.000465715 0.01564665
0.000467315 0.01458785
0.000468915 0.01329377
0.000470515 0.01247026
0.000472115 0.01152911
0.000473715 0.0107056
0.000475315 0.009529161
0.000476915 0.007999789
0.000478515 0.00682335
0.000480115 0.005411622
0.000481715 0.004235183
0.000483315 0.002705811
0.000484915 0.001411728
0.000486515 0.0005882198
0.000488115 -0.0004705758
0.000489715 -0.001058796
0.000491315 -0.00117644
0.000492915 -0.0004705758
0.000494515 0.0003529319
0.000496115 0.001411728
0.000497715 0.003176387
0.000499315 0.004823402
0.000500915 0.00682335
0.000502515 0.008823297
0.000504115 0.01082324
0.000505715 0.01329377
0.000507315 0.01529371
0.000508915 0.01823481
0.000510515 0.01976419
0.000512115 0.02164649
0.000513715 0.02364644
0.000515315 0.02494052
0.000516915 0.02658753
0.000518515 0.02705811
0.000520115 0.02776397
0.000521715 0.02823455
0.000523315 0.02799926
0.000524915 0.02799926
0.000526515 0.02788162
0.000528115 0.02835219
0.000529715 0.02835219
0.000531315 0.02882277
0.000532915 0.02988157
0.000534515 0.03070507
0.000536115 0.03152858
0.000537715 0.03270502
0.000539315 0.03376382
0.000540915 0.0339991
0.000542515 0.03470497
0.000544115 0.03529319
0.000545715 0.03564612
0.000547315 0.03588141
0.000548915 0.0361167
0.000550515 0.03635198
0.000552115 0.0369402
0.000553715 0.03682256
0.000555315 0.0361167
0.000556915 0.03599905
0.000558515 0.03529319
0.000560115 0.03517554
0.000561715 0.0339991
0.000563315 0.03282266
0.000564915 0.03188151
0.000566515 0.03070507
0.000568115 0.02964628
0.000569715 0.02835219
0.000571315 0.02776397
0.000572915 0.02694047
0.000574515 0.02646989
0.000576115 0.02611696
0.000577715 0.02552874
0.000579315 0.02505816
0.000580915 0.02458759
0.000582515 0.02399937
0.000584115 0.02352879
0.000585715 0.02294057
0.000587315 0.02282293
0.000588915 0.02258764
0.000590515 0.02223471
0.000592115 0.02235235
0.000593715 0.02270528
0.000595315 0.02294057
0.000596915 0.02341115
0.000598515 0.02388172
0.000600115 0.02411701
0.000601715 0.02482288
0.000603315 0.02470523
0.000604915 0.02494052
0.000606515 0.02482288
0.000608115 0.02446994
0.000609715 0.02423466
0.000611315 0.02364644
0.000612915 0.02364644
0.000614515 0.02317586
0.000616115 0.02376408
0.000617715 0.02352879
0.000619315 0.02423466
0.000620915 0.02458759
0.000622515 0.02505816
0.000624115 0.02564638
0.000625715 0.02611696
0.000627315 0.02717575
0.000628915 0.02752869
0.000630515 0.02823455
0.000632115 0.02858748
0.000633715 0.02929335
0.000635315 0.02952863
0.000636915 0.0302345
0.000638515 0.03082272
0.000640115 0.03117565
0.000641715 0.03176387
0.000643315 0.0321168
0.000644915 0.03258738
0.000646515 0.0331756
0.000648115 0.03341088
0.000649715 0.03352853
0.000651315 0.03388146
0.000652915 0.03376382
0.000654515 0.03341088
0.000656115 0.03294031
0.000657715 0.03294031
0.000659315 0.03223444
0.000660915 0.03223444
0.000662515 0.03164622
0.000664115 0.03141094
0.000665715 0.03141094
0.000667315 0.03176387
0.000668915 0.03164622
0.000670515 0.03188151
0.000672115 0.03129329
0.000673715 0.03094036
0.000675315 0.03058743
0.000676915 0.02999921
0.000678515 0.02952863
0.000680115 0.02846984
0.000681715 0.0272934
0.000683315 0.02658753
0.000684915 0.02588167
0.000686515 0.02529345
0.000688115 0.02529345
0.000689715 0.0254111
0.000691315 0.02505816
0.000692915 0.02529345
0.000694515 0.02599931
0.000696115 0.0262346
0.000697715 0.0272934
0.000699315 0.02799926
0.000700915 0.02894041
0.000702515 0.02988157
0.000704115 0.03141094
0.000705715 0.03188151
0.000707315 0.03282266
0.000708915 0.03341088
0.000710515 0.03364617
0.000712115 0.03364617
0.000713715 0.03364617
0.000715315 0.03352853
0.000716915 0.03305795
0.000718515 0.03270502
0.000720115 0.03270502
0.000721715 0.03246973
0.000723315 0.03223444
0.000724915 0.0321168
0.000726515 0.0321168
0.000728115 0.03246973
0.000729715 0.03270502
0.000731315 0.03294031
0.000732915 0.0331756
0.000734515 0.0339991
0.000736115 0.03494026
0.000737715 0.03599905
0.000739315 0.03717549
0.000740915 0.03823429
0.000742515 0.03941073
0.000744115 0.04023423
0.000745715 0.04058717
0.000747315 0.04105774
0.000748915 0.04117539
0.000750515 0.04082245
0.000752115 0.04058717
0.000753715 0.04035188
0.000755315 0.03941073
0.000756915 0.03882251
0.000758515 0.03835193
0.000760115 0.03835193
0.000761715 0.03835193
0.000763315 0.03811664
0.000764915 0.03811664
0.000766515 0.03823429
0.000768115 0.03752842
0.000769715 0.03752842
0.000771315 0.03717549
0.000772915 0.03658727
0.000774515 0.03646963
0.000776115 0.03635198
0.000777715 0.03658727
0.000779315 0.03682256
0.000780915 0.03741078
0.000782515 0.03788135
0.000784115 0.03858722
0.000785715 0.03870486
0.000787315 0.03905779
0.000788915 0.03941073
0.000790515 0.03964601
0.000792115 0.03976366
0.000793715 0.03976366
0.000795315 0.03976366
0.000796915 0.03905779
0.000798515 0.03882251
0.000800115 0.03870486
0.000801715 0.03823429
0.000803315 0.03823429
0.000804915 0.03764607
0.000806515 0.03682256
0.000808115 0.03599905
0.000809715 0.03552848
0.000811315 0.03423439
0.000812915 0.03305795
0.000814515 0.03246973
0.000816115 0.03129329
0.000817715 0.03011685
0.000819315 0.02870513
0.000820915 0.02694047
0.000822515 0.02564638
0.000824115 0.0243523
0.000825715 0.02247
0.000827315 0.02129356
0.000828915 0.01964654
0.000830515 0.0184701
0.000832115 0.01717602
0.000833715 0.01611722
0.000835315 0.01564665
0.000836915 0.01529371
0.000838515 0.01494078
0.000840115 0.01470549
0.000841715 0.01505843
0.000843315 0.01623487
0.000844915 0.01635251
0.000846515 0.01717602
0.000848115 0.01799953
0.000849715 0.01929361
0.000851315 0.0203524
0.000852915 0.0214112
0.000854515 0.02247
0.000856115 0.02341115
0.000857715 0.02411701
0.000859315 0.02494052
0.000860915 0.0254111
0.000862515 0.02588167
0.000864115 0.02682282
0.000865715 0.02694047
0.000867315 0.02776397
0.000868915 0.02776397
0.000870515 0.02799926
0.000872115 0.02835219
0.000873715 0.02835219
0.000875315 0.02799926
0.000876915 0.02835219
0.000878515 0.02776397
0.000880115 0.02670518
0.000881715 0.02646989
0.000883315 0.02564638
0.000884915 0.02482288
0.000886515 0.02352879
0.000888115 0.02211706
0.000889715 0.01988183
0.000891315 0.01858775
0.000892915 0.01682309
0.000894515 0.01482314
0.000896115 0.01352906
0.000897715 0.01164675
0.000899315 0.009999736
0.000900915 0.008470365
0.000902515 0.007411569
0.000904115 0.00682335
0.000905715 0.005999842
0.000907315 0.005293978
0.000908915 0.004941046
0.000910515 0.005411622
0.000912115 0.005764554
0.000913715 0.00682335
0.000915315 0.007764501
0.000916915 0.009058585
0.000918515 0.009646805
0.000920115 0.0107056
0.000921715 0.0117644
0.000923315 0.01270555
0.000924915 0.01341141
0.000926515 0.01388199
0.000928115 0.01423492
0.000929715 0.01435256
0.000931315 0.01447021
0.000932915 0.01482314
0.000934515 0.01447021
0.000936115 0.01458785
0.000937715 0.01435256
0.000939315 0.01447021
0.000940915 0.01447021
0.000942515 0.01505843
0.000944115 0.01529371
0.000945715 0.01564665
0.000947315 0.01623487
0.000948915 0.01729366
0.000950515 0.0184701
0.000952115 0.0195289
0.000953715 0.02058769
0.000955315 0.02176413
0.000956915 0.02294057
0.000958515 0.02399937
0.000960115 0.02470523
0.000961715 0.02470523
0.000963315 0.02517581
0.000964915 0.02470523
0.000966515 0.02446994
0.000968115 0.02364644
0.000969715 0.02247
0.000971315 0.02164649
0.000972915 0.0203524
0.000974515 0.01882303
0.000976115 0.01729366
0.000977715 0.015529
0.000979315 0.01388199
0.000980915 0.01223497
0.000982515 0.0107056
0.000984115 0.009058585
0.000985715 0.008117433
0.000987315 0.006940994
0.000988915 0.006117486
0.000990515 0.005764554
0.000992115 0.004941046
0.000993715 0.004705758
0.000995315 0.004588114
0.000996915 0.004705758
0.000998515 0.004705758
0.001000115 0.003999895
0.001001715 0.003999895
0.001003315 0.003764607
0.001004915 0.003411675
0.001006515 0.003529319
0.001008115 0.003411675
0.001009715 0.003646963
0.001011315 0.003999895
0.001012915 0.004352826
0.001014515 0.004823402
0.001016115 0.005999842
0.001017715 0.006352774
0.001019315 0.006940994
0.001020915 0.007058638
0.001022515 0.007176281
0.001024115 0.007293925
0.001025715 0.007293925
0.001027315 0.007293925
0.001028915 0.007293925
0.001030515 0.006470418
0.001032115 0.005999842
0.001033715 0.005529266
0.001035315 0.004705758
0.001036915 0.003882251
0.001038515 0.003999895
0.001040115 0.003058743
0.001041715 0.002470523
0.001043315 0.002235235
0.001044915 0.001647015
0.001046515 0.001058796
0.001048115 0.0009411517
0.001049715 0.0003529319
0.001051315 -0.0005882198
0.001052915 -0.001294084
0.001054515 -0.001999947
0.001056115 -0.002823455
0.001057715 -0.004117539
0.001059315 -0.004823402
0.001060915 -0.005764554
0.001062515 -0.007058638
0.001064115 -0.007999789
0.001065715 -0.008235077
0.001067315 -0.008940941
0.001068915 -0.009411517
0.001070515 -0.009646805
0.001072115 -0.009764449
0.001073715 -0.009646805
0.001075315 -0.009411517
0.001076915 -0.008588009
0.001078515 -0.008940941
0.001080115 -0.008235077
0.001081715 -0.007882145
0.001083315 -0.007882145
0.001084915 -0.007646857
0.001086515 -0.007293925
0.001088115 -0.00682335
0.001089715 -0.006470418
0.001091315 -0.005764554
0.001092915 -0.005293978
0.001094515 -0.004705758
0.001096115 -0.003882251
0.001097715 -0.003176387
0.001099315 -0.002588167
0.001100915 -0.001999947
0.001102515 -0.001764659
0.001104115 -0.00117644
0.001105715 -0.0009411517
0.001107315 -0.0005882198
0.001108915 -0.0002352879
0.001110515 -0.000117644
0.001112115 -0.0003529319
0.001113715 0
0.001115315 0
0.001116915 -0.0002352879
0.001118515 0.0002352879
0.001120115 -0.0004705758
0.001121715 -0.0005882198
0.001123315 -0.001058796
0.001124915 -0.002117591
0.001126515 -0.003058743
0.001128115 -0.004117539
0.001129715 -0.004941046
0.001131315 -0.005882198
0.001132915 -0.006705706
0.001134515 -0.006940994
0.001136115 -0.007411569
0.001137715 -0.008117433
0.001139315 -0.008117433
0.001140915 -0.008117433
0.001142515 -0.007529213
0.001144115 -0.007411569
0.001145715 -0.007058638
0.001147315 -0.006470418
0.001148915 -0.005529266
0.001150515 -0.005176334
0.001152115 -0.003882251
0.001153715 -0.003294031
0.001155315 -0.002352879
0.001156915 -0.001294084
0.001158515 -0.0005882198
0.001160115 -0.0002352879
0.001161715 0.0003529319
0.001163315 0
0.001164915 0.0003529319
0.001166515 0
0.001168115 -0.0005882198
0.001169715 -0.0008235077
0.001171315 -0.001764659
0.001172915 -0.002705811
0.001174515 -0.003176387
0.001176115 -0.004235183
0.001177715 -0.004352826
0.001179315 -0.004823402
0.001180915 -0.00505869
0.001182515 -0.005411622
0.001184115 -0.005176334
0.001185715 -0.004705758
0.001187315 -0.003999895
0.001188915 -0.003294031
0.001190515 -0.002588167
0.001192115 -0.001294084
0.001193715 -0.000117644
0.001195315 0.0004705758
0.001196915 0.001764659
0.001198515 0.002352879
0.001200115 0.002588167
0.001201715 0.003176387
0.001203315 0.003176387
0.001204915 0.003411675
0.001206515 0.003646963
0.001208115 0.003529319
0.001209715 0.003646963
0.001211315 0.003882251
0.001212915 0.003999895
0.001214515 0.004235183
0.001216115 0.00447047
0.001217715 0.004823402
0.001219315 0.00505869
0.001220915 0.005293978
0.001222515 0.005411622
0.001224115 0.005411622
0.001225715 0.005529266
0.001227315 0.005411622
0.001228915 0.005529266
0.001230515 0.00564691
0.001232115 0.005529266
0.001233715 0.005293978
0.001235315 0.004823402
0.001236915 0.004823402
0.001238515 0.004117539
0.001240115 0.003764607
0.001241715 0.003176387
0.001243315 0.002823455
0.001244915 0.002352879
0.001246515 0.001764659
0.001248115 0.001058796
0.001249715 0.0008235077
0.001251315 0.0004705758
0.001252915 0.0002352879
0.001254515 -0.000117644
0.001256115 -0.0002352879
0.001257715 -0.0002352879
0.001259315 -0.000117644
0.001260915 0.0003529319
0.001262515 0.0004705758
0.001264115 0.001058796
0.001265715 0.001411728
0.001267315 0.001999947
0.001268915 0.002470523
0.001270515 0.002352879
0.001272115 0.002941099
0.001273715 0.002705811
0.001275315 0.002352879
0.001276915 0.002235235
0.001278515 0.001882303
0.001280115 0.0009411517
0.001281715 0.000117644
0.001283315 -0.0004705758
0.001284915 -0.001999947
0.001286515 -0.002588167
0.001288115 -0.003529319
0.001289715 -0.004235183
0.001291315 -0.004941046
0.001292915 -0.005411622
0.001294515 -0.006588062
0.001296115 -0.006940994
0.001297715 -0.007529213
0.001299315 -0.007999789
0.001300915 -0.008823297
0.001302515 -0.008705653
0.001304115 -0.009293873
0.001305715 -0.008940941
0.001307315 -0.009293873
0.001308915 -0.009764449
0.001310515 -0.009882093
0.001312115 -0.009646805
0.001313715 -0.009411517
0.001315315 -0.009529161
0.001316915 -0.009646805
0.001318515 -0.009293873
0.001320115 -0.009411517
0.001321715 -0.009058585
0.001323315 -0.009176229
0.001324915 -0.009293873
0.001326515 -0.009293873
0.001328115 -0.009764449
0.001329715 -0.009882093
0.001331315 -0.009999736
0.001332915 -0.01058796
0.001334515 -0.01035267
0.001336115 -0.01058796
0.001337715 -0.01117618
0.001339315 -0.01094089
0.001340915 -0.01105853
0.001342515 -0.01152911
0.001344115 -0.01117618
0.001345715 -0.01188204
0.001347315 -0.01152911
0.001348915 -0.0117644
0.001350515 -0.01247026
0.001352115 -0.01294084
0.001353715 -0.01329377
0.001355315 -0.01352906
0.001356915 -0.01388199
0.001358515 -0.01458785
0.001360115 -0.01470549
0.001361715 -0.01458785
0.001363315 -0.01423492
0.001364915 -0.01423492
0.001366515 -0.0136467
0.001368115 -0.01282319
0.001369715 -0.01247026
0.001371315 -0.0117644
0.001372915 -0.01094089
0.001374515 -0.01117618
0.001376115 -0.01023502
0.001377715 -0.01035267
0.001379315 -0.009764449
0.001380915 -0.009646805
0.001382515 -0.009529161
0.001384115 -0.009529161
0.001385715 -0.009529161
0.001387315 -0.009529161
0.001388915 -0.009411517
0.001390515 -0.009882093
0.001392115 -0.009882093
0.001393715 -0.01058796
0.001395315 -0.01082324
0.001396915 -0.01164675
0.001398515 -0.01223497
0.001400115 -0.01329377
0.001401715 -0.01399963
0.001403315 -0.01494078
0.001404915 -0.01588193
0.001406515 -0.01729366
0.001408115 -0.01788188
0.001409715 -0.01882303
0.001411315 -0.01941125
0.001412915 -0.02023476
0.001414515 -0.02105827
0.001416115 -0.02152884
0.001417715 -0.02211706
0.001419315 -0.02294057
0.001420915 -0.02341115
0.001422515 -0.0243523
0.001424115 -0.02446994
0.001425715 -0.02482288
0.001427315 -0.02517581
0.001428915 -0.02529345
0.001430515 -0.0254111
0.001432115 -0.02588167
0.001433715 -0.02552874
0.001435315 -0.02505816
0.001436915 -0.02517581
0.001438515 -0.02446994
0.001440115 -0.02388172
0.001441715 -0.02317586
0.001443315 -0.02270528
0.001444915 -0.02188178
0.001446515 -0.02117591
0.001448115 -0.02082298
0.001449715 -0.02011712
0.001451315 -0.01905832
0.001452915 -0.01882303
0.001454515 -0.01870539
0.001456115 -0.01811717
0.001457715 -0.01811717
0.001459315 -0.01799953
0.001460915 -0.01811717
0.001462515 -0.01835246
0.001464115 -0.01823481
0.001465715 -0.01823481
0.001467315 -0.01882303
0.001468915 -0.01811717
0.001470515 -0.01835246
0.001472115 -0.01788188
0.001473715 -0.01741131
0.001475315 -0.01752895
0.001476915 -0.01717602
0.001478515 -0.0165878
0.001480115 -0.01623487
0.001481715 -0.01564665
0.001483315 -0.01529371
0.001484915 -0.01505843
0.001486515 -0.01517607
0.001488115 -0.01517607
0.001489715 -0.01541136
0.001491315 -0.01588193
0.001492915 -0.01623487
0.001494515 -0.01694073
0.001496115 -0.01764659
0.001497715 -0.01858775
0.001499315 -0.01964654
0.001500915 -0.02070534
0.001502515 -0.02176413
0.001504115 -0.02247
0.001505715 -0.02352879
0.001507315 -0.02458759
0.001508915 -0.02529345
0.001510515 -0.02599931
0.001512115 -0.02635225
0.001513715 -0.02682282
0.001515315 -0.02717575
0.001516915 -0.02752869
0.001518515 -0.02717575
0.001520115 -0.02705811
0.001521715 -0.02694047
0.001523315 -0.0262346
0.001524915 -0.0262346
0.001526515 -0.02599931
0.001528115 -0.02611696
0.001529715 -0.02576403
0.001531315 -0.02599931
0.001532915 -0.02611696
0.001534515 -0.02658753
0.001536115 -0.02646989
0.001537715 -0.02705811
0.001539315 -0.02741104
0.001540915 -0.02741104
0.001542515 -0.02741104
0.001544115 -0.02705811
0.001545715 -0.02705811
0.001547315 -0.02658753
0.001548915 -0.0262346
0.001550515 -0.02576403
0.001552115 -0.02564638
0.001553715 -0.02458759
0.001555315 -0.02399937
0.001556915 -0.02341115
0.001558515 -0.02305822
0.001560115 -0.02258764
0.001561715 -0.02199942
0.001563315 -0.02164649
0.001564915 -0.02164649
0.001566515 -0.02105827
0.001568115 -0.02058769
0.001569715 -0.02058769
0.001571315 -0.02023476
0.001572915 -0.02047005
0.001574515 -0.0203524
0.001576115 -0.02047005
0.001577715 -0.01999947
0.001579315 -0.0203524
0.001580915 -0.02011712
0.001582515 -0.0203524
0.001584115 -0.02011712
0.001585715 -0.02023476
0.001587315 -0.01988183
0.001588915 -0.02023476
0.001590515 -0.0203524
0.001592115 -0.02058769
0.001593715 -0.02023476
0.001595315 -0.02058769
0.001596915 -0.02011712
0.001598515 -0.02011712
0.001600115 -0.0203524
0.001601715 -0.02011712
0.001603315 -0.01941125
0.001604915 -0.0195289
0.001606515 -0.01905832
0.001608115 -0.01882303
0.001609715 -0.01894068
0.001611315 -0.01858775
0.001612915 -0.01799953
0.001614515 -0.01799953
0.001616115 -0.01741131
0.001617715 -0.01670544
0.001619315 -0.01670544
0.001620915 -0.01623487
0.001622515 -0.015529
0.001624115 -0.01529371
0.001625715 -0.01494078
0.001627315 -0.01482314
0.001628915 -0.01470549
0.001630515 -0.01458785
0.001632115 -0.01494078
0.001633715 -0.01529371
0.001635315 -0.01529371
0.001636915 -0.015529
0.001638515 -0.01599958
0.001640115 -0.01611722
0.001641715 -0.0165878
0.001643315 -0.01611722
0.001644915 -0.01611722
0.001646515 -0.01576429
0.001648115 -0.01529371
0.001649715 -0.01494078
0.001651315 -0.01435256
0.001652915 -0.01376434
0.001654515 -0.01317612
0.001656115 -0.01235262
0.001657715 -0.01164675
0.001659315 -0.01141146
0.001660915 -0.01082324
0.001662515 -0.009882093
0.001664115 -0.009646805
0.001665715 -0.008940941
0.001667315 -0.008352721
0.001668915 -0.008117433
0.001670515 -0.007646857
0.001672115 -0.007176281
0.001673715 -0.007176281
0.001675315 -0.00682335
0.001676915 -0.006470418
0.001678515 -0.00623513
0.001680115 -0.005764554
0.001681715 -0.00564691
0.001683315 -0.005411622
0.001684915 -0.004705758
0.001686515 -0.004705758
0.001688115 -0.004705758
0.001689715 -0.004705758
0.001691315 -0.00447047
0.001692915 -0.00447047
0.001694515 -0.004352826
0.001696115 -0.004352826
0.001697715 -0.00447047
0.001699315 -0.004705758
0.001700915 -0.004941046
0.001702515 -0.00505869
0.001704115 -0.005411622
0.001705715 -0.005176334
0.001707315 -0.005176334
0.001708915 -0.005176334
0.001710515 -0.004823402
0.001712115 -0.00447047
0.001713715 -0.00447047
0.001715315 -0.00447047
0.001716915 -0.004235183
0.001718515 -0.003999895
0.001720115 -0.004117539
0.001721715 -0.004235183
0.001723315 -0.004117539
0.001724915 -0.00447047
0.001726515 -0.004352826
0.001728115 -0.005176334
0.001729715 -0.00505869
0.001731315 -0.005411622
0.001732915 -0.005529266
0.001734515 -0.005529266
0.001736115 -0.005764554
0.001737715 -0.005176334
0.001739315 -0.005529266
0.001740915 -0.005529266
0.001742515 -0.00505869
0.001744115 -0.004941046
0.001745715 -0.004941046
0.001747315 -0.004705758
0.001748915 -0.004823402
0.001750515 -0.004588114
0.001752115 -0.004235183
0.001753715 -0.003999895
0.001755315 -0.003294031
0.001756915 -0.002823455
0.001758515 -0.002235235
0.001760115 -0.001529371
0.001761715 -0.0007058638
0.001763315 0.0002352879
0.001764915 0.0008235077
0.001766515 0.001294084
0.001768115 0.001999947
0.001769715 0.002823455
0.001771315 0.003176387
0.001772915 0.003882251
0.001774515 0.004235183
0.001776115 0.005176334
0.001777715 0.004941046
0.001779315 0.005529266
0.001780915 0.005764554
0.001782515 0.006117486
0.001784115 0.005999842
0.001785715 0.005882198
0.001787315 0.00564691
0.001788915 0.005293978
0.001790515 0.004705758
0.001792115 0.00447047
0.001793715 0.003882251
0.001795315 0.003411675
0.001796915 0.002588167
0.001798515 0.002117591
0.001800115 0.001529371
0.001801715 0.001411728
0.001803315 0.00117644
0.001804915 0.001058796
0.001806515 0.001058796
0.001808115 0.001529371
0.001809715 0.001999947
0.001811315 0.002588167
0.001812915 0.003294031
0.001814515 0.003999895
0.001816115 0.004588114
0.001817715 0.005529266
0.001819315 0.006352774
0.001820915 0.007058638
0.001822515 0.007999789
0.001824115 0.008352721
0.001825715 0.008940941
0.001827315 0.009293873
0.001828915 0.009999736
0.001830515 0.009999736
0.001832115 0.01082324
0.001833715 0.01117618
0.001835315 0.01129382
0.001836915 0.01152911
0.001838515 0.01141146
0.001840115 0.01152911
0.001841715 0.01164675
0.001843315 0.01129382
0.001844915 0.01117618
0.001846515 0.01164675
0.001848115 0.01164675
0.001849715 0.01199968
0.001851315 0.01211733
0.001852915 0.01211733
0.001854515 0.0125879
0.001856115 0.01270555
0.001857715 0.01329377
0.001859315 0.01341141
0.001860915 0.01376434
0.001862515 0.01423492
0.001864115 0.01470549
0.001865715 0.01541136
0.001867315 0.01576429
0.001868915 0.01705837
0.001870515 0.01799953
0.001872115 0.01905832
0.001873715 0.0203524
0.001875315 0.02117591
0.001876915 0.02211706
0.001878515 0.02341115
0.001880115 0.02376408
0.001881715 0.02411701
0.001883315 0.02505816
0.001884915 0.02517581
0.001886515 0.02470523
0.001888115 0.02505816
0.001889715 0.02505816
0.001891315 0.02458759
0.001892915 0.02470523
0.001894515 0.02458759
0.001896115 0.02446994
0.001897715 0.02446994
0.001899315 0.02470523
0.001900915 0.02458759
0.001902515 0.02494052
0.001904115 0.02517581
0.001905715 0.02529345
0.001907315 0.02599931
0.001908915 0.0262346
0.001910515 0.02694047
0.001912115 0.0272934
0.001913715 0.02811691
0.001915315 0.02894041
0.001916915 0.02976392
0.001918515 0.03011685
0.001920115 0.03105801
0.001921715 0.03152858
0.001923315 0.03258738
0.001924915 0.03294031
0.001926515 0.03341088
0.001928115 0.0339991
0.001929715 0.03423439
0.001931315 0.0339991
0.001932915 0.0339991
0.001934515 0.03376382
0.001936115 0.03364617
0.001937715 0.03294031
0.001939315 0.03223444
0.001940915 0.03164622
0.001942515 0.03094036
0.001944115 0.03011685
0.001945715 0.02988157
0.001947315 0.02952863
0.001948915 0.02835219
0.001950515 0.02788162
0.001952115 0.02788162
0.001953715 0.0272934
0.001955315 0.0272934
0.001956915 0.02705811
0.001958515 0.02741104
0.001960115 0.02741104
0.001961715 0.02788162
0.001963315 0.02835219
0.001964915 0.02905806
0.001966515 0.02964628
0.001968115 0.03058743
0.001969715 0.03152858
0.001971315 0.03223444
0.001972915 0.0331756
0.001974515 0.03388146
0.001976115 0.03458732
0.001977715 0.03552848
0.001979315 0.03588141
0.001980915 0.03646963
0.001982515 0.0369402
0.001984115 0.03729313
0.001985715 0.03717549
0.001987315 0.03752842
0.001988915 0.03788135
0.001990515 0.03788135
0.001992115 0.03823429
0.001993715 0.03870486
0.001995315 0.03882251
0.001996915 0.03882251
0.001998515 0.03917544
0.002000115 0.03952837
0.002001715 0.03964601
0.002003315 0.0398813
0.002004915 0.03976366
0.002006515 0.03952837
0.002008115 0.04023423
0.002009715 0.04011659
0.002011315 0.0398813
0.002012915 0.04035188
0.002014515 0.04070481
0.002016115 0.0409401
0.002017715 0.04141067
0.002019315 0.04188125
0.002020915 0.04199889
0.002022515 0.04223418
0.002024115 0.0428224
0.002025715 0.04317533
0.002027315 0.04341062
0.002028915 0.04376355
0.002030515 0.04399884
0.002032115 0.04411648
0.002033715 0.04435177
0.002035315 0.04446942
0.002036915 0.04399884
0.002038515 0.04399884
0.002040115 0.04341062
0.002041715 0.0428224
0.002043315 0.04258711
0.002044915 0.04141067
0.002046515 0.04035188
0.002048115 0.03976366
0.002049715 0.03870486
0.002051315 0.037999
0.002052915 0.03717549
0.002054515 0.03623434
0.002056115 0.03552848
0.002057715 0.03446968
0.002059315 0.03411675
0.002060915 0.03352853
0.002062515 0.03294031
0.002064115 0.0321168
0.002065715 0.03188151
0.002067315 0.03188151
0.002068915 0.03141094
0.002070515 0.03129329
0.002072115 0.03129329
0.002073715 0.03129329
0.002075315 0.03152858
0.002076915 0.03164622
0.002078515 0.0321168
0.002080115 0.03235209
0.002081715 0.03246973
0.002083315 0.03305795
0.002084915 0.03329324
0.002086515 0.03329324
0.002088115 0.03388146
0.002089715 0.03423439
0.002091315 0.03388146
0.002092915 0.03376382
0.002094515 0.0339991
0.002096115 0.03388146
0.002097715 0.0339991
0.002099315 0.03364617
0.002100915 0.03376382
0.002102515 0.03341088
0.002104115 0.0331756
0.002105715 0.03270502
0.002107315 0.03246973
0.002108915 0.03223444
0.002110515 0.03141094
0.002112115 0.03141094
0.002113715 0.03046979
0.002115315 0.0302345
0.002116915 0.02952863
0.002118515 0.0291757
0.002120115 0.02846984
0.002121715 0.02764633
0.002123315 0.02741104
0.002124915 0.02658753
0.002126515 0.02611696
0.002128115 0.02552874
0.002129715 0.02482288
0.002131315 0.02458759
0.002132915 0.02411701
0.002134515 0.02341115
0.002136115 0.02317586
0.002137715 0.02305822
0.002139315 0.02223471
0.002140915 0.02176413
0.002142515 0.0214112
0.002144115 0.02094062
0.002145715 0.02047005
0.002147315 0.02011712
0.002148915 0.02011712
0.002150515 0.01964654
0.002152115 0.01964654
0.002153715 0.01905832
0.002155315 0.01882303
0.002156915 0.01870539
0.002158515 0.01870539
0.002160115 0.01811717
0.002161715 0.01811717
0.002163315 0.01741131
0.002164915 0.01694073
0.002166515 0.01705837
0.002168115 0.0165878
0.002169715 0.01576429
0.002171315 0.01576429
0.002172915 0.01517607
0.002174515 0.01494078
0.002176115 0.01458785
0.002177715 0.01435256
0.002179315 0.01388199
0.002180915 0.01317612
0.002182515 0.01282319
0.002184115 0.01211733
0.002185715 0.01199968
0.002187315 0.01129382
0.002188915 0.01094089
0.002190515 0.01047031
0.002192115 0.01011738
0.002193715 0.009529161
0.002195315 0.009411517
0.002196915 0.009176229
0.002198515 0.008823297
0.002200115 0.008705653
0.002201715 0.008823297
0.002203315 0.008705653
0.002204915 0.008588009
0.002206515 0.008823297
0.002208115 0.008823297
0.002209715 0.008823297
0.002211315 0.009293873
0.002212915 0.009176229
0.002214515 0.009176229
0.002216115 0.008940941
0.002217715 0.009176229
0.002219315 0.009058585
0.002220915 0.008470365
0.002222515 0.008352721
0.002224115 0.007764501
0.002225715 0.007529213
0.002227315 0.007058638
0.002228915 0.00623513
0.002230515 0.006117486
0.002232115 0.00564691
0.002233715 0.00505869
0.002235315 0.004823402
0.002236915 0.00447047
0.002238515 0.003882251
0.002240115 0.003529319
0.002241715 0.003411675
0.002243315 0.003176387
0.002244915 0.002941099
0.002246515 0.002588167
0.002248115 0.002117591
0.002249715 0.001882303
0.002251315 0.001529371
0.002252915 0.00117644
0.002254515 0.001058796
0.002256115 0.0005882198
0.002257715 0.0005882198
0.002259315 0
0.002260915 -0.000117644
0.002262515 -0.0005882198
0.002264115 -0.00117644
0.002265715 -0.001411728
0.002267315 -0.002117591
0.002268915 -0.002705811
0.002270515 -0.003529319
0.002272115 -0.004235183
0.002273715 -0.005176334
0.002275315 -0.005529266
0.002276915 -0.00682335
0.002278515 -0.007176281
0.002280115 -0.007882145
0.002281715 -0.008352721
0.002283315 -0.009176229
0.002284915 -0.009411517
0.002286515 -0.009764449
0.002288115 -0.009999736
0.002289715 -0.01047031
0.002291315 -0.01011738
0.002292915 -0.01035267
0.002294515 -0.01047031
0.002296115 -0.01094089
0.002297715 -0.0107056
0.002299315 -0.0107056
0.002300915 -0.01058796
0.002302515 -0.009999736
0.002304115 -0.009764449
0.002305715 -0.009411517
0.002307315 -0.009293873
0.002308915 -0.009293873
0.002310515 -0.008823297
0.002312115 -0.008470365
0.002313715 -0.008117433
0.002315315 -0.008470365
0.002316915 -0.008235077
0.002318515 -0.008588009
0.002320115 -0.008352721
0.002321715 -0.008705653
0.002323315 -0.008705653
0.002324915 -0.008823297
0.002326515 -0.009058585
0.002328115 -0.009646805
0.002329715 -0.009411517
0.002331315 -0.009882093
0.002332915 -0.009764449
0.002334515 -0.01011738
0.002336115 -0.009999736
0.002337715 -0.01035267
0.002339315 -0.01058796
0.002340915 -0.0107056
0.002342515 -0.01047031
0.002344115 -0.01129382
0.002345715 -0.01117618
0.002347315 -0.0117644
0.002348915 -0.01211733
0.002350515 -0.01305848
0.002352115 -0.01352906
0.002353715 -0.01435256
0.002355315 -0.01517607
0.002356915 -0.01611722
0.002358515 -0.01705837
0.002360115 -0.01799953
0.002361715 -0.01858775
0.002363315 -0.01964654
0.002364915 -0.02058769
0.002366515 -0.02129356
0.002368115 -0.02188178
0.002369715 -0.02247
0.002371315 -0.02270528
0.002372915 -0.02341115
0.002374515 -0.02352879
0.002376115 -0.02423466
0.002377715 -0.02399937
0.002379315 -0.02399937
0.002380915 -0.02399937
0.002382515 -0.02388172
0.002384115 -0.02352879
0.002385715 -0.02399937
0.002387315 -0.02341115
0.002388915 -0.02317586
0.002390515 -0.02305822
0.002392115 -0.02282293
0.002393715 -0.02247
0.002395315 -0.02235235
0.002396915 -0.02223471
0.002398515 -0.02235235
0.002400115 -0.02211706
0.002401715 -0.02176413
0.002403315 -0.02199942
0.002404915 -0.02199942
0.002406515 -0.02188178
0.002408115 -0.02188178
0.002409715 -0.02176413
0.002411315 -0.02176413
0.002412915 -0.02152884
0.002414515 -0.02223471
0.002416115 -0.02211706
0.002417715 -0.02270528
0.002419315 -0.02247
0.002420915 -0.02282293
0.002422515 -0.02341115
0.002424115 -0.02341115
0.002425715 -0.02399937
0.002427315 -0.02423466
0.002428915 -0.02423466
0.002430515 -0.02505816
0.002432115 -0.02494052
0.002433715 -0.02517581
0.002435315 -0.02517581
0.002436915 -0.02564638
0.002438515 -0.02564638
0.002440115 -0.02576403
0.002441715 -0.02588167
0.002443315 -0.02611696
0.002444915 -0.02564638
0.002446515 -0.02635225
0.002448115 -0.02599931
0.002449715 -0.02588167
0.002451315 -0.02576403
0.002452915 -0.02576403
0.002454515 -0.0254111
0.002456115 -0.02529345
0.002457715 -0.02494052
0.002459315 -0.02470523
0.002460915 -0.02458759
0.002462515 -0.02423466
0.002464115 -0.0243523
0.002465715 -0.02388172
0.002467315 -0.02411701
0.002468915 -0.02376408
0.002470515 -0.02364644
0.002472115 -0.02411701
0.002473715 -0.02388172
0.002475315 -0.02376408
0.002476915 -0.0232935
0.002478515 -0.0232935
0.002480115 -0.02352879
0.002481715 -0.02352879
0.002483315 -0.02352879
0.002484915 -0.02341115
0.002486515 -0.02352879
0.002488115 -0.02364644
0.002489715 -0.02388172
0.002491315 -0.02411701
0.002492915 -0.02458759
0.002494515 -0.02505816
0.002496115 -0.0254111
0.002497715 -0.02576403
0.002499315 -0.02588167
0.002500915 -0.02646989
0.002502515 -0.02682282
0.002504115 -0.02741104
0.002505715 -0.02776397
0.002507315 -0.02764633
0.002508915 -0.02752869
0.002510515 -0.02788162
0.002512115 -0.02799926
0.002513715 -0.02823455
0.002515315 -0.02788162
0.002516915 -0.02764633
0.002518515 -0.02776397
0.002520115 -0.02752869
0.002521715 -0.0272934
0.002523315 -0.02682282
0.002524915 -0.0262346
0.002526515 -0.02588167
0.002528115 -0.02552874
0.002529715 -0.02517581
0.002531315 -0.02470523
0.002532915 -0.02470523
0.002534515 -0.02446994
0.002536115 -0.02423466
0.002537715 -0.02399937
0.002539315 -0.02388172
0.002540915 -0.02388172
0.002542515 -0.02388172
0.002544115 -0.02388172
0.002545715 -0.02364644
0.002547315 -0.02376408
0.002548915 -0.02388172
0.002550515 -0.02411701
0.002552115 -0.02411701
0.002553715 -0.02399937
0.002555315 -0.02411701
0.002556915 -0.02411701
0.002558515 -0.02411701
0.002560115 -0.02423466
0.002561715 -0.02388172
0.002563315 -0.02376408
0.002564915 -0.02341115
0.002566515 -0.02317586
0.002568115 -0.02282293
0.002569715 -0.02270528
0.002571315 -0.02258764
0.002572915 -0.02235235
0.002574515 -0.02199942
0.002576115 -0.02223471
0.002577715 -0.02247
0.002579315 -0.02235235
0.002580915 -0.02258764
0.002582515 -0.02258764
0.002584115 -0.02294057
0.002585715 -0.02294057
0.002587315 -0.02305822
0.002588915 -0.0232935
0.002590515 -0.02376408
0.002592115 -0.02388172
0.002593715 -0.02388172
0.002595315 -0.02388172
0.002596915 -0.02376408
0.002598515 -0.02364644
0.002600115 -0.02341115
0.002601715 -0.02317586
0.002603315 -0.02317586
0.002604915 -0.02294057
0.002606515 -0.02247
0.002608115 -0.02211706
0.002609715 -0.02152884
0.002611315 -0.02094062
0.002612915 -0.02070534
0.002614515 -0.01976419
0.002616115 -0.01917597
0.002617715 -0.01882303
0.002619315 -0.01858775
0.002620915 -0.01799953
0.002622515 -0.01811717
0.002624115 -0.01811717
0.002625715 -0.01741131
0.002627315 -0.01705837
0.002628915 -0.01670544
0.002630515 -0.01647015
0.002632115 -0.01623487
0.002633715 -0.01588193
0.002635315 -0.01517607
0.002636915 -0.01517607
0.002638515 -0.01482314
0.002640115 -0.01470549
0.002641715 -0.01447021
0.002643315 -0.01388199
0.002644915 -0.01388199
0.002646515 -0.01341141
0.002648115 -0.01341141
0.002649715 -0.01341141
0.002651315 -0.01317612
0.002652915 -0.01317612
0.002654515 -0.01282319
0.002656115 -0.01317612
0.002657715 -0.01282319
0.002659315 -0.01282319
0.002660915 -0.01341141
0.002662515 -0.01376434
0.002664115 -0.01411728
0.002665715 -0.01435256
0.002667315 -0.01435256
0.002668915 -0.01482314
0.002670515 -0.01505843
0.002672115 -0.01505843
0.002673715 -0.01529371
0.002675315 -0.01541136
0.002676915 -0.015529
0.002678515 -0.01541136
0.002680115 -0.01564665
0.002681715 -0.01541136
0.002683315 -0.01517607
0.002684915 -0.01505843
0.002686515 -0.01482314
0.002688115 -0.01482314
0.002689715 -0.01482314
0.002691315 -0.01447021
0.002692915 -0.01423492
0.002694515 -0.01399963
0.002696115 -0.0136467
0.002697715 -0.01341141
0.002699315 -0.01329377
0.002700915 -0.01317612
0.002702515 -0.01270555
0.002704115 -0.01211733
0.002705715 -0.01211733
0.002707315 -0.01141146
0.002708915 -0.0107056
0.002710515 -0.01011738
0.002712115 -0.009646805
0.002713715 -0.008705653
0.002715315 -0.007999789
0.002716915 -0.007411569
0.002718515 -0.00682335
0.002720115 -0.005999842
0.002721715 -0.00564691
0.002723315 -0.004941046
0.002724915 -0.004588114
0.002726515 -0.003999895
0.002728115 -0.003999895
0.002729715 -0.003411675
0.002731315 -0.003176387
0.002732915 -0.003058743
0.002734515 -0.002823455
0.002736115 -0.002588167
0.002737715 -0.002705811
0.002739315 -0.002235235
0.002740915 -0.002117591
0.002742515 -0.001882303
0.002744115 -0.001529371
0.002745715 -0.001294084
0.002747315 -0.0005882198
0.002748915 -0.0004705758
0.002750515 -0.000117644
0.002752115 0.0004705758
0.002753715 0.001058796
0.002755315 0.001764659
0.002756915 0.002470523
0.002758515 0.003058743
0.002760115 0.003411675
0.002761715 0.003999895
0.002763315 0.004705758
0.002764915 0.004823402
0.002766515 0.005411622
0.002768115 0.00564691
0.002769715 0.005882198
0.002771315 0.005529266
0.002772915 0.00564691
0.002774515 0.005764554
0.002776115 0.00564691
0.002777715 0.00505869
0.002779315 0.005293978
0.002780915 0.004705758
0.002782515 0.004352826
0.002784115 0.004117539
0.002785715 0.003529319
0.002787315 0.003294031
0.002788915 0.003294031
0.002790515 0.002588167
0.002792115 0.002941099
0.002793715 0.002705811
0.002795315 0.002823455
0.002796915 0.002470523
0.002798515 0.002705811
0.002800115 0.002941099
0.002801715 0.003294031
0.002803315 0.003646963
0.002804915 0.004117539
0.002806515 0.003999895
0.002808115 0.004941046
0.002809715 0.005529266
0.002811315 0.00623513
0.002812915 0.00682335
0.002814515 0.007529213
0.002816115 0.008117433
0.002817715 0.008823297
0.002819315 0.009529161
0.002820915 0.01011738
0.002822515 0.01058796
0.002824115 0.01094089
0.002825715 0.0117644
0.002827315 0.01211733
0.002828915 0.01235262
0.002830515 0.0125879
0.002832115 0.01329377
0.002833715 0.01317612
0.002835315 0.01282319
0.002836915 0.01341141
0.002838515 0.01352906
0.002840115 0.0136467
0.002841715 0.01399963
0.002843315 0.01399963
0.002844915 0.01388199
0.002846515 0.01447021
0.002848115 0.01458785
0.002849715 0.01435256
0.002851315 0.01447021
0.002852915 0.01482314
0.002854515 0.01505843
0.002856115 0.01482314
0.002857715 0.01494078
0.002859315 0.01505843
0.002860915 0.01517607
0.002862515 0.01494078
0.002864115 0.01517607
0.002865715 0.01529371
0.002867315 0.01529371
0.002868915 0.01576429
0.002870515 0.015529
0.002872115 0.01576429
0.002873715 0.01635251
0.002875315 0.01670544
0.002876915 0.01682309
0.002878515 0.01694073
0.002880115 0.01717602
0.002881715 0.01729366
0.002883315 0.01729366
0.002884915 0.01764659
0.002886515 0.01729366
0.002888115 0.01764659
0.002889715 0.01717602
0.002891315 0.01682309
0.002892915 0.01694073
0.002894515 0.01670544
0.002896115 0.01670544
0.002897715 0.01670544
0.002899315 0.01623487
0.002900915 0.01611722
0.002902515 0.01611722
0.002904115 0.01599958
0.002905715 0.01623487
0.002907315 0.01635251
0.002908915 0.0165878
0.002910515 0.01647015
0.002912115 0.0165878
0.002913715 0.01682309
0.002915315 0.01705837
0.002916915 0.01717602
0.002918515 0.01705837
0.002920115 0.01752895
0.002921715 0.01729366
0.002923315 0.01729366
0.002924915 0.01694073
0.002926515 0.01694073
0.002928115 0.01694073
0.002929715 0.01670544
0.002931315 0.01611722
0.002932915 0.01588193
0.002934515 0.01588193
0.002936115 0.01576429
0.002937715 0.01529371
0.002939315 0.01564665
0.002940915 0.01576429
0.002942515 0.01517607
0.002944115 0.01564665
0.002945715 0.01576429
0.002947315 0.01576429
0.002948915 0.01576429
0.002950515 0.01599958
0.002952115 0.01623487
0.002953715 0.01623487
0.002955315 0.01611722
0.002956915 0.01635251
0.002958515 0.01623487
0.002960115 0.01635251
0.002961715 0.01647015
0.002963315 0.01647015
0.002964915 0.0165878
0.002966515 0.01611722
0.002968115 0.01647015
0.002969715 0.01611722
0.002971315 0.01588193
0.002972915 0.01588193
0.002974515 0.01599958
0.002976115 0.01611722
0.002977715 0.01599958
0.002979315 0.01611722
0.002980915 0.01623487
0.002982515 0.01647015
0.002984115 0.0165878
0.002985715 0.01694073
0.002987315 0.01717602
0.002988915 0.01741131
0.002990515 0.01729366
0.002992115 0.01741131
0.002993715 0.01741131
0.002995315 0.01764659
0.002996915 0.01776424
0.002998515 0.01752895
0.003000115 0.01705837
0.003001715 0.01729366
0.003003315 0.01717602
0.003004915 0.01717602
0.003006515 0.01670544
0.003008115 0.01694073
0.003009715 0.01611722
0.003011315 0.01647015
0.003012915 0.01635251
0.003014515 0.01611722
0.003016115 0.01611722
0.003017715 0.01635251
0.003019315 0.01670544
0.003020915 0.01670544
0.003022515 0.01717602
0.003024115 0.01752895
0.003025715 0.01788188
0.003027315 0.01799953
0.003028915 0.01776424
0.003030515 0.01835246
0.003032115 0.01870539
0.003033715 0.01870539
0.003035315 0.01858775
0.003036915 0.0184701
0.003038515 0.01870539
0.003040115 0.01858775
0.003041715 0.0184701
0.003043315 0.0184701
0.003044915 0.01858775
0.003046515 0.0184701
0.003048115 0.0184701
0.003049715 0.01858775
0.003051315 0.0184701
0.003052915 0.0184701
0.003054515 0.0184701
0.003056115 0.01823481
0.003057715 0.01858775
0.003059315 0.01835246
0.003060915 0.01835246
0.003062515 0.01858775
0.003064115 0.01823481
0.003065715 0.01882303
0.003067315 0.01858775
0.003068915 0.01870539
0.003070515 0.0184701
0.003072115 0.0184701
0.003073715 0.01858775
0.003075315 0.0184701
0.003076915 0.01835246
0.003078515 0.01858775
0.003080115 0.01870539
0.003081715 0.0184701
0.003083315 0.01870539
0.003084915 0.01858775
0.003086515 0.01870539
0.003088115 0.01917597
0.003089715 0.01882303
0.003091315 0.01917597
0.003092915 0.01894068
0.003094515 0.01858775
0.003096115 0.01905832
0.003097715 0.01882303
0.003099315 0.0184701
0.003100915 0.01882303
0.003102515 0.01835246
0.003104115 0.01811717
0.003105715 0.01799953
0.003107315 0.01776424
0.003108915 0.01764659
0.003110515 0.01752895
0.003112115 0.01705837
0.003113715 0.0165878
0.003115315 0.01647015
0.003116915 0.01599958
0.003118515 0.01541136
0.003120115 0.01517607
0.003121715 0.01470549
0.003123315 0.01399963
0.003124915 0.01376434
0.003126515 0.01282319
0.003128115 0.0125879
0.003129715 0.01199968
0.003131315 0.01164675
0.003132915 0.01117618
0.003134515 0.01094089
0.003136115 0.0107056
0.003137715 0.01035267
0.003139315 0.01047031
0.003140915 0.009882093
0.003142515 0.009999736
0.003144115 0.009764449
0.003145715 0.009764449
0.003147315 0.009764449
0.003148915 0.009764449
0.003150515 0.009882093
0.003152115 0.009999736
0.003153715 0.009882093
0.003155315 0.009999736
0.003156915 0.01011738
0.003158515 0.009882093
0.003160115 0.009882093
0.003161715 0.009764449
0.003163315 0.009176229
0.003164915 0.009058585
0.003166515 0.009411517
0.003168115 0.008940941
0.003169715 0.008588009
0.003171315 0.008235077
0.003172915 0.008117433
0.003174515 0.007646857
0.003176115 0.007646857
0.003177715 0.006940994
0.003179315 0.006588062
0.003180915 0.006470418
0.003182515 0.005999842
0.003184115 0.005882198
0.003185715 0.005764554
0.003187315 0.005293978
0.003188915 0.00505869
0.003190515 0.004823402
0.003192115 0.004588114
0.003193715 0.004235183
0.003195315 0.004117539
0.003196915 0.004117539
0.003198515 0.003764607
0.003200115 0.003294031
0.003201715 0.003294031
0.003203315 0.003058743
0.003204915 0.002705811
0.003206515 0.002588167
0.003208115 0.002588167
0.003209715 0.002117591
0.003211315 0.001647015
0.003212915 0.001411728
0.003214515 0.0009411517
0.003216115 0.0007058638
0.003217715 0.0004705758
0.003219315 -0.000117644
0.003220915 -0.0008235077
0.003222515 -0.001411728
0.003224115 -0.001529371
0.003225715 -0.001764659
0.003227315 -0.002705811
0.003228915 -0.002823455
0.003230515 -0.003529319
0.003232115 -0.003529319
0.003233715 -0.004117539
0.003235315 -0.004235183
0.003236915 -0.004588114
0.003238515 -0.005176334
0.003240115 -0.005411622
0.003241715 -0.00564691
0.003243315 -0.005764554
0.003244915 -0.005999842
0.003246515 -0.006705706
0.003248115 -0.006588062
0.003249715 -0.006940994
0.003251315 -0.007058638
0.003252915 -0.006940994
0.003254515 -0.006940994
0.003256115 -0.007529213
0.003257715 -0.007058638
0.003259315 -0.007176281
0.003260915 -0.006940994
0.003262515 -0.00682335
0.003264115 -0.006705706
0.003265715 -0.00623513
0.003267315 -0.006117486
0.003268915 -0.006117486
0.003270515 -0.005411622
0.003272115 -0.00564691
0.003273715 -0.00505869
0.003275315 -0.004705758
0.003276915 -0.004588114
0.003278515 -0.004705758
0.003280115 -0.004588114
0.003281715 -0.004588114
0.003283315 -0.004823402
0.003284915 -0.004588114
0.003286515 -0.005176334
0.003288115 -0.005529266
0.003289715 -0.00564691
0.003291315 -0.005764554
0.003292915 -0.005882198
0.003294515 -0.006352774
0.003296115 -0.00682335
0.003297715 -0.006940994
0.003299315 -0.007176281
0.003300915 -0.007646857
0.003302515 -0.007529213
0.003304115 -0.007882145
0.003305715 -0.007764501
0.003307315 -0.007882145
0.003308915 -0.007529213
0.003310515 -0.007529213
0.003312115 -0.007176281
0.003313715 -0.006705706
0.003315315 -0.006705706
0.003316915 -0.006117486
0.003318515 -0.006117486
0.003320115 -0.005293978
0.003321715 -0.004941046
0.003323315 -0.004588114
0.003324915 -0.00447047
0.003326515 -0.004117539
0.003328115 -0.003882251
0.003329715 -0.003646963
0.003331315 -0.003764607
0.003332915 -0.003646963
0.003334515 -0.003529319
0.003336115 -0.003646963
0.003337715 -0.003882251
0.003339315 -0.004235183
0.003340915 -0.00447047
0.003342515 -0.004823402
0.003344115 -0.004941046
0.003345715 -0.005293978
0.003347315 -0.00564691
0.003348915 -0.005764554
0.003350515 -0.005882198
0.003352115 -0.006117486
0.003353715 -0.005882198
0.003355315 -0.006470418
0.003356915 -0.006705706
0.003358515 -0.00682335
0.003360115 -0.007058638
0.003361715 -0.007176281
0.003363315 -0.007529213
0.003364915 -0.007646857
0.003366515 -0.007764501
0.003368115 -0.007646857
0.003369715 -0.007529213
0.003371315 -0.007764501
0.003372915 -0.007882145
0.003374515 -0.008117433
0.003376115 -0.007999789
0.003377715 -0.008235077
0.003379315 -0.007999789
0.003380915 -0.007999789
0.003382515 -0.007764501
0.003384115 -0.008117433
0.003385715 -0.007529213
0.003387315 -0.007529213
0.003388915 -0.007411569
0.003390515 -0.007529213
0.003392115 -0.007529213
0.003393715 -0.007411569
0.003395315 -0.007058638
0.003396915 -0.006940994
0.003398515 -0.00682335
0.003400115 -0.007058638
0.003401715 -0.006588062
0.003403315 -0.006705706
0.003404915 -0.006588062
0.003406515 -0.006470418
0.003408115 -0.005999842
0.003409715 -0.005882198
0.003411315 -0.005764554
0.003412915 -0.005293978
0.003414515 -0.005176334
0.003416115 -0.00447047
0.003417715 -0.00447047
0.003419315 -0.004117539
0.003420915 -0.003529319
0.003422515 -0.003411675
0.003424115 -0.003176387
0.003425715 -0.002705811
0.003427315 -0.002588167
0.003428915 -0.002235235
0.003430515 -0.001882303
0.003432115 -0.001647015
0.003433715 -0.001411728
0.003435315 -0.001529371
0.003436915 -0.0009411517
0.003438515 -0.0005882198
0.003440115 -0.0004705758
0.003441715 -0.0007058638
0.003443315 -0.0008235077
0.003444915 -0.0005882198
0.003446515 -0.0004705758
0.003448115 -0.0004705758
0.003449715 -0.0005882198
0.003451315 -0.001411728
0.003452915 -0.001058796
0.003454515 -0.001411728
0.003456115 -0.001411728
0.003457715 -0.001882303
0.003459315 -0.002117591
0.003460915 -0.002470523
0.003462515 -0.002823455
0.003464115 -0.003294031
0.003465715 -0.003411675
0.003467315 -0.004235183
0.003468915 -0.004117539
0.003470515 -0.004588114
0.003472115 -0.004588114
0.003473715 -0.004941046
0.003475315 -0.005176334
0.003476915 -0.005176334
0.003478515 -0.005764554
0.003480115 -0.005999842
0.003481715 -0.006117486
0.003483315 -0.006117486
0.003484915 -0.006470418
0.003486515 -0.006470418
0.003488115 -0.006470418
0.003489715 -0.006352774
0.003491315 -0.00682335
0.003492915 -0.006352774
0.003494515 -0.006352774
0.003496115 -0.006352774
0.003497715 -0.005529266
0.003499315 -0.00564691
0.003500915 -0.005529266
0.003502515 -0.00564691
0.003504115 -0.005529266
0.003505715 -0.00564691
0.003507315 -0.005529266
0.003508915 -0.005411622
0.003510515 -0.004823402
0.003512115 -0.00505869
0.003513715 -0.00505869
0.003515315 -0.00505869
0.003516915 -0.004705758
0.003518515 -0.004588114
0.003520115 -0.003999895
0.003521715 -0.004352826
0.003523315 -0.004352826
0.003524915 -0.003882251
0.003526515 -0.003882251
0.003528115 -0.003764607
0.003529715 -0.003411675
0.003531315 -0.003411675
0.003532915 -0.003411675
0.003534515 -0.003294031
0.003536115 -0.003176387
0.003537715 -0.003646963
0.003539315 -0.003176387
0.003540915 -0.003294031
0.003542515 -0.003411675
0.003544115 -0.003764607
0.003545715 -0.004235183
0.003547315 -0.004823402
0.003548915 -0.005293978
0.003550515 -0.00564691
0.003552115 -0.005999842
0.003553715 -0.006705706
0.003555315 -0.007293925
0.003556915 -0.007646857
0.003558515 -0.007999789
0.003560115 -0.008705653
0.003561715 -0.008470365
0.003563315 -0.009293873
0.003564915 -0.009529161
0.003566515 -0.009646805
0.003568115 -0.009529161
0.003569715 -0.009999736
0.003571315 -0.009764449
0.003572915 -0.01011738
0.003574515 -0.009882093
0.003576115 -0.009646805
0.003577715 -0.009529161
0.003579315 -0.009529161
0.003580915 -0.009176229
0.003582515 -0.009411517
0.003584115 -0.009293873
0.003585715 -0.009529161
0.003587315 -0.009293873
0.003588915 -0.009764449
0.003590515 -0.01011738
0.003592115 -0.01035267
0.003593715 -0.01082324
0.003595315 -0.01094089
0.003596915 -0.01105853
0.003598515 -0.01164675
0.003600115 -0.01188204
0.003601715 -0.01235262
0.003603315 -0.0125879
0.003604915 -0.01317612
0.003606515 -0.01352906
0.003608115 -0.01423492
0.003609715 -0.01423492
0.003611315 -0.01494078
0.003612915 -0.01494078
0.003614515 -0.01517607
0.003616115 -0.01541136
0.003617715 -0.01529371
0.003619315 -0.01529371
0.003620915 -0.01576429
0.003622515 -0.01564665
0.003624115 -0.015529
0.003625715 -0.01517607
0.003627315 -0.01494078
0.003628915 -0.01458785
0.003630515 -0.01435256
0.003632115 -0.01435256
0.003633715 -0.01352906
0.003635315 -0.01317612
0.003636915 -0.01305848
0.003638515 -0.01211733
0.003640115 -0.01223497
0.003641715 -0.01129382
0.003643315 -0.01129382
0.003644915 -0.01058796
0.003646515 -0.01035267
0.003648115 -0.009882093
0.003649715 -0.009764449
0.003651315 -0.009058585
0.003652915 -0.009293873
0.003654515 -0.008823297
0.003656115 -0.008823297
0.003657715 -0.008823297
0.003659315 -0.008940941
0.003660915 -0.008352721
0.003662515 -0.008705653
0.003664115 -0.008352721
0.003665715 -0.008705653
0.003667315 -0.008705653
0.003668915 -0.008823297
0.003670515 -0.008705653
0.003672115 -0.009176229
0.003673715 -0.009529161
0.003675315 -0.009529161
0.003676915 -0.009999736
0.003678515 -0.01023502
0.003680115 -0.01047031
0.003681715 -0.01082324
0.003683315 -0.01094089
0.003684915 -0.01117618
0.003686515 -0.01117618
0.003688115 -0.01152911
0.003689715 -0.01141146
0.003691315 -0.01199968
0.003692915 -0.01199968
0.003694515 -0.01223497
0.003696115 -0.01188204
0.003697715 -0.01247026
0.003699315 -0.01199968
0.003700915 -0.0125879
0.003702515 -0.01247026
0.003704115 -0.01282319
0.003705715 -0.0125879
0.003707315 -0.01282319
0.003708915 -0.01247026
0.003710515 -0.01270555
0.003712115 -0.01247026
0.003713715 -0.01235262
0.003715315 -0.01211733
0.003716915 -0.01211733
0.003718515 -0.01211733
0.003720115 -0.01235262
0.003721715 -0.01211733
0.003723315 -0.01235262
0.003724915 -0.0117644
0.003726515 -0.01211733
0.003728115 -0.01188204
0.003729715 -0.01188204
0.003731315 -0.01188204
0.003732915 -0.0117644
0.003734515 -0.01141146
0.003736115 -0.01199968
0.003737715 -0.0117644
0.003739315 -0.01199968
0.003740915 -0.01152911
0.003742515 -0.01164675
0.003744115 -0.01129382
0.003745715 -0.01129382
0.003747315 -0.01117618
0.003748915 -0.01094089
0.003750515 -0.01058796
0.003752115 -0.01011738
0.003753715 -0.01011738
0.003755315 -0.009646805
0.003756915 -0.009646805
0.003758515 -0.009411517
0.003760115 -0.008823297
0.003761715 -0.008823297
0.003763315 -0.008588009
0.003764915 -0.008235077
0.003766515 -0.008352721
0.003768115 -0.008588009
0.003769715 -0.008352721
0.003771315 -0.008352721
0.003772915 -0.008352721
0.003774515 -0.008940941
0.003776115 -0.008823297
0.003777715 -0.009411517
0.003779315 -0.009646805
0.003780915 -0.009882093
0.003782515 -0.01047031
0.003784115 -0.0107056
0.003785715 -0.01094089
0.003787315 -0.01164675
0.003788915 -0.0117644
0.003790515 -0.01211733
0.003792115 -0.01235262
0.003793715 -0.0125879
0.003795315 -0.01282319
0.003796915 -0.01329377
0.003798515 -0.01317612
0.003800115 -0.01376434
0.003801715 -0.01352906
0.003803315 -0.01399963
0.003804915 -0.01411728
0.003806515 -0.01423492
0.003808115 -0.01399963
0.003809715 -0.01423492
0.003811315 -0.01447021
0.003812915 -0.01435256
0.003814515 -0.01423492
0.003816115 -0.01411728
0.003817715 -0.01411728
0.003819315 -0.01411728
0.003820915 -0.01376434
0.003822515 -0.01329377
0.003824115 -0.01294084
0.003825715 -0.01294084
0.003827315 -0.01223497
0.003828915 -0.01235262
0.003830515 -0.0117644
0.003832115 -0.01152911
0.003833715 -0.01117618
0.003835315 -0.01117618
0.003836915 -0.0107056
0.003838515 -0.0107056
0.003840115 -0.01011738
0.003841715 -0.009764449
0.003843315 -0.009882093
0.003844915 -0.009646805
0.003846515 -0.009176229
0.003848115 -0.009058585
0.003849715 -0.008705653
0.003851315 -0.008940941
0.003852915 -0.008470365
0.003854515 -0.008588009
0.003856115 -0.007999789
0.003857715 -0.008352721
0.003859315 -0.007999789
0.003860915 -0.007882145
0.003862515 -0.008117433
0.003864115 -0.007764501
0.003865715 -0.007999789
0.003867315 -0.007646857
0.003868915 -0.007882145
0.003870515 -0.008117433
0.003872115 -0.007882145
0.003873715 -0.007882145
0.003875315 -0.008235077
0.003876915 -0.008235077
0.003878515 -0.008470365
0.003880115 -0.008352721
0.003881715 -0.008470365
0.003883315 -0.009058585
0.003884915 -0.008940941
0.003886515 -0.009529161
0.003888115 -0.009764449
0.003889715 -0.009529161
0.003891315 -0.009764449
0.003892915 -0.009999736
0.003894515 -0.009646805
0.003896115 -0.009882093
0.003897715 -0.009646805
0.003899315 -0.009882093
0.003900915 -0.009764449
0.003902515 -0.009999736
0.003904115 -0.009646805
0.003905715 -0.009176229
0.003907315 -0.008470365
0.003908915 -0.008705653
0.003910515 -0.008235077
0.003912115 -0.007882145
0.003913715 -0.007176281
0.003915315 -0.007411569
0.003916915 -0.006705706
0.003918515 -0.006470418
0.003920115 -0.00564691
0.003921715 -0.005529266
0.003923315 -0.004823402
0.003924915 -0.004588114
0.003926515 -0.003999895
0.003928115 -0.003411675
0.003929715 -0.002941099
0.003931315 -0.002705811
0.003932915 -0.002352879
0.003934515 -0.002352879
0.003936115 -0.001999947
0.003937715 -0.001882303
0.003939315 -0.001529371
0.003940915 -0.001294084
0.003942515 -0.00117644
0.003944115 -0.0009411517
0.003945715 -0.0008235077
0.003947315 -0.0009411517
0.003948915 -0.00117644
0.003950515 -0.00117644
0.003952115 -0.001411728
0.003953715 -0.001764659
0.003955315 -0.001764659
0.003956915 -0.001999947
0.003958515 -0.002235235
0.003960115 -0.002588167
0.003961715 -0.002823455
0.003963315 -0.003411675
0.003964915 -0.003646963
0.003966515 -0.004117539
0.003968115 -0.004235183
0.003969715 -0.004588114
0.003971315 -0.004588114
0.003972915 -0.004705758
0.003974515 -0.004705758
0.003976115 -0.004823402
0.003977715 -0.00505869
0.003979315 -0.004823402
0.003980915 -0.004941046
0.003982515 -0.004588114
0.003984115 -0.004352826
0.003985715 -0.004117539
0.003987315 -0.003646963
0.003988915 -0.003999895
0.003990515 -0.003294031
0.003992115 -0.003294031
0.003993715 -0.003058743
0.003995315 -0.002705811
0.003996915 -0.002588167
0.003998515 -0.002235235
0.004000115 -0.001411728
0.004001715 -0.001294084
0.004003315 -0.001529371
0.004004915 -0.001294084
0.004006515 -0.0009411517
0.004008115 -0.0008235077
0.004009715 -0.0007058638
0.004011315 -0.0005882198
0.004012915 -0.0004705758
0.004014515 -0.0005882198
0.004016115 -0.0004705758
0.004017715 -0.0003529319
0.004019315 -0.0003529319
0.004020915 -0.0007058638
0.004022515 -0.0008235077
0.004024115 -0.0007058638
0.004025715 -0.0008235077
0.004027315 -0.001058796
0.004028915 -0.00117644
0.004030515 -0.00117644
0.004032115 -0.001411728
0.004033715 -0.001411728
0.004035315 -0.001882303
0.004036915 -0.001882303
0.004038515 -0.002235235
0.004040115 -0.002235235
0.004041715 -0.002352879
0.004043315 -0.002352879
0.004044915 -0.002588167
0.004046515 -0.002588167
0.004048115 -0.002705811
0.004049715 -0.002941099
0.004051315 -0.002823455
0.004052915 -0.003176387
0.004054515 -0.002705811
0.004056115 -0.002941099
0.004057715 -0.002823455
0.004059315 -0.002705811
0.004060915 -0.002941099
0.004062515 -0.002705811
0.004064115 -0.002470523
0.004065715 -0.002588167
0.004067315 -0.001882303
0.004068915 -0.002235235
0.004070515 -0.001411728
0.004072115 -0.001058796
0.004073715 -0.0007058638
0.004075315 -0.0003529319
0.004076915 0.0004705758
0.004078515 0.0008235077
0.004080115 0.001294084
0.004081715 0.002117591
0.004083315 0.002588167
0.004084915 0.003176387
0.004086515 0.003882251
0.004088115 0.004235183
0.004089715 0.004823402
0.004091315 0.005411622
0.004092915 0.00623513
0.004094515 0.006588062
0.004096115 0.00682335
0.004097715 0.007176281
0.004099315 0.007529213
0.004100915 0.007882145
0.004102515 0.008117433
0.004104115 0.008470365
0.004105715 0.008588009
0.004107315 0.008705653
0.004108915 0.008940941
0.004110515 0.009176229
0.004112115 0.009411517
0.004113715 0.009293873
0.004115315 0.009411517
0.004116915 0.009764449
0.004118515 0.01011738
0.004120115 0.01035267
0.004121715 0.01035267
0.004123315 0.01058796
0.004124915 0.01058796
0.004126515 0.01082324
0.004128115 0.01141146
0.004129715 0.01129382
0.004131315 0.01188204
0.004132915 0.01211733
0.004134515 0.01223497
0.004136115 0.01223497
0.004137715 0.0125879
0.004139315 0.01294084
0.004140915 0.01305848
0.004142515 0.01341141
0.004144115 0.0136467
0.004145715 0.01388199
0.004147315 0.01423492
0.004148915 0.01435256
0.004150515 0.01447021
0.004152115 0.01482314
0.004153715 0.015529
0.004155315 0.01529371
0.004156915 0.01564665
0.004158515 0.01623487
0.004160115 0.0165878
0.004161715 0.01694073
0.004163315 0.01729366
0.004164915 0.01741131
0.004166515 0.01788188
0.004168115 0.01823481
0.004169715 0.01835246
0.004171315 0.01882303
0.004172915 0.01882303
0.004174515 0.0195289
0.004176115 0.01976419
0.004177715 0.01976419
0.004179315 0.01988183
0.004180915 0.0203524
0.004182515 0.02094062
0.004184115 0.02082298
0.004185715 0.0214112
0.004187315 0.02176413
0.004188915 0.02199942
0.004190515 0.02211706
0.004192115 0.02258764
0.004193715 0.02270528
0.004195315 0.02341115
0.004196915 0.02352879
0.004198515 0.02364644
0.004200115 0.02388172
