LECROYWS4024HD 19320 Waveform
Segments 1 SegmentSize 3127
Segment TrigTime TimeSinceSegment1
#1 04-Jun-2024 16:00:53 0                 
Time Ampl
-0.0008015522 0.0002352879
-0.0007999522 0.000117644
-0.0007983522 -0.000117644
-0.0007967522 0.000117644
-0.0007951522 0.000117644
-0.0007935522 0
-0.0007919522 0.000117644
-0.0007903522 -0.000117644
-0.0007887522 0.000117644
-0.0007871522 0.0002352879
-0.0007855522 -0.000117644
-0.0007839522 0.0002352879
-0.0007823522 0.000117644
-0.0007807522 0.0003529319
-0.0007791522 0.000117644
-0.0007775522 0.0003529319
-0.0007759522 0.000117644
-0.0007743522 0
-0.0007727522 0.0003529319
-0.0007711522 0.000117644
-0.0007695522 0.000117644
-0.0007679522 0.0002352879
-0.0007663522 0.000117644
-0.0007647522 0.000117644
-0.0007631522 0.0002352879
-0.0007615522 0.0004705758
-0.0007599522 0
-0.0007583522 0.000117644
-0.0007567522 0.000117644
-0.0007551522 0.0003529319
-0.0007535522 0.0002352879
-0.0007519522 0
-0.0007503522 0.0004705758
-0.0007487522 0.000117644
-0.0007471522 0.0002352879
-0.0007455522 0.000117644
-0.0007439522 0.000117644
-0.0007423522 0.000117644
-0.0007407522 0.000117644
-0.0007391522 0.0002352879
-0.0007375522 0.0003529319
-0.0007359522 0.0002352879
-0.0007343522 0.0003529319
-0.0007327522 0.000117644
-0.0007311522 0.0003529319
-0.0007295522 0
-0.0007279522 0.0002352879
-0.0007263522 0
-0.0007247522 0.000117644
-0.0007231522 0.0003529319
-0.0007215522 -0.000117644
-0.0007199522 0.000117644
-0.0007183522 0.000117644
-0.0007167522 0.000117644
-0.0007151522 0.0002352879
-0.0007135522 0.0003529319
-0.0007119522 0
-0.0007103522 0.0003529319
-0.0007087522 0
-0.0007071522 0.0005882198
-0.0007055522 0
-0.0007039522 0.0002352879
-0.0007023522 0.000117644
-0.0007007522 0.000117644
-0.0006991522 0.0003529319
-0.0006975522 0.0002352879
-0.0006959522 0.0002352879
-0.0006943522 0.0002352879
-0.0006927522 0.0002352879
-0.0006911522 0.0002352879
-0.0006895522 -0.000117644
-0.0006879522 0.0002352879
-0.0006863522 0.0002352879
-0.0006847522 0.000117644
-0.0006831522 0.0003529319
-0.0006815522 0.0002352879
-0.0006799522 0.0002352879
-0.0006783522 0.0003529319
-0.0006767522 0.0003529319
-0.0006751522 0.000117644
-0.0006735522 0.0002352879
-0.0006719522 0.000117644
-0.0006703522 0.0005882198
-0.0006687522 0.000117644
-0.0006671522 0.000117644
-0.0006655522 0.000117644
-0.0006639522 0.0002352879
-0.0006623522 0.0004705758
-0.0006607522 0
-0.0006591522 0.0003529319
-0.0006575522 0.000117644
-0.0006559522 0.0002352879
-0.0006543522 0.000117644
-0.0006527522 0.000117644
-0.0006511522 0.000117644
-0.0006495522 0.0002352879
-0.0006479522 0.000117644
-0.0006463522 0.000117644
-0.0006447522 0.0002352879
-0.0006431522 0.000117644
-0.0006415522 0.0005882198
-0.0006399522 0.0002352879
-0.0006383522 0
-0.0006367522 0.0004705758
-0.0006351522 0.0002352879
-0.0006335522 -0.000117644
-0.0006319522 0.000117644
-0.0006303522 0.0002352879
-0.0006287522 0
-0.0006271522 0.0002352879
-0.0006255522 0.000117644
-0.0006239522 0
-0.0006223522 0.000117644
-0.0006207522 0.0002352879
-0.0006191522 0.000117644
-0.0006175522 0.0002352879
-0.0006159522 0.0005882198
-0.0006143522 0.0003529319
-0.0006127522 -0.000117644
-0.0006111522 0.000117644
-0.0006095522 0.0002352879
-0.0006079522 0.0002352879
-0.0006063522 0.000117644
-0.0006047522 0.000117644
-0.0006031522 0.0004705758
-0.0006015522 0.0003529319
-0.0005999522 0
-0.0005983522 0.0003529319
-0.0005967522 0.0002352879
-0.0005951522 0.0004705758
-0.0005935522 0.0002352879
-0.0005919522 0.000117644
-0.0005903522 0.000117644
-0.0005887522 0.000117644
-0.0005871522 0.0004705758
-0.0005855522 0.000117644
-0.0005839522 0.000117644
-0.0005823522 0.000117644
-0.0005807522 0.0002352879
-0.0005791522 0.0004705758
-0.0005775522 0.0003529319
-0.0005759522 0.0002352879
-0.0005743522 0.000117644
-0.0005727522 0.0002352879
-0.0005711522 0
-0.0005695522 0.000117644
-0.0005679522 0
-0.0005663522 0
-0.0005647522 0.0002352879
-0.0005631522 0.0004705758
-0.0005615522 0.0004705758
-0.0005599522 0.000117644
-0.0005583522 0.0002352879
-0.0005567522 0.0002352879
-0.0005551522 0.0004705758
-0.0005535522 0.0003529319
-0.0005519522 0.000117644
-0.0005503522 0.000117644
-0.0005487522 0.0002352879
-0.0005471522 0.0002352879
-0.0005455522 0.0003529319
-0.0005439522 0.000117644
-0.0005423522 0.000117644
-0.0005407522 0.0002352879
-0.0005391522 0.0002352879
-0.0005375522 0.000117644
-0.0005359522 0.0002352879
-0.0005343522 0.0003529319
-0.0005327522 0.000117644
-0.0005311522 0.000117644
-0.0005295522 0.0004705758
-0.0005279522 0.000117644
-0.0005263522 0.0002352879
-0.0005247522 0.0004705758
-0.0005231522 0.0002352879
-0.0005215522 0.0004705758
-0.0005199522 0.0007058638
-0.0005183522 0
-0.0005167522 0.0002352879
-0.0005151522 0.0004705758
-0.0005135522 0.000117644
-0.0005119522 0.000117644
-0.0005103522 0.000117644
-0.0005087522 0.0002352879
-0.0005071522 0.000117644
-0.0005055522 0.0002352879
-0.0005039522 0.0002352879
-0.0005023522 0.0003529319
-0.0005007522 0.0004705758
-0.0004991522 0.0005882198
-0.0004975522 0.0007058638
-0.0004959522 0.0005882198
-0.0004943522 0.0003529319
-0.0004927522 0.0003529319
-0.0004911522 0.0003529319
-0.0004895522 0.0004705758
-0.0004879522 0.0003529319
-0.0004863522 0.0002352879
-0.0004847522 0.0004705758
-0.0004831522 0.0003529319
-0.0004815522 0.0002352879
-0.0004799522 0.000117644
-0.0004783522 0.0002352879
-0.0004767522 0.0003529319
-0.0004751522 0.0002352879
-0.0004735522 0
-0.0004719522 0.0002352879
-0.0004703522 0.0002352879
-0.0004687522 0.0002352879
-0.0004671522 0.0003529319
-0.0004655522 0.0008235077
-0.0004639522 0.0002352879
-0.0004623522 0.0002352879
-0.0004607522 0
-0.0004591522 0.0005882198
-0.0004575522 0.0002352879
-0.0004559522 0.0004705758
-0.0004543522 0.000117644
-0.0004527522 0.0003529319
-0.0004511522 0.0002352879
-0.0004495522 0.0003529319
-0.0004479522 0.0004705758
-0.0004463522 0.0003529319
-0.0004447522 0.0003529319
-0.0004431522 0
-0.0004415522 0.0003529319
-0.0004399522 0.0002352879
-0.0004383522 0.0003529319
-0.0004367522 0.0002352879
-0.0004351522 0.0003529319
-0.0004335522 0.000117644
-0.0004319522 0.0003529319
-0.0004303522 0.0002352879
-0.0004287522 0.0002352879
-0.0004271522 0.0002352879
-0.0004255522 0.000117644
-0.0004239522 0.0003529319
-0.0004223522 0.000117644
-0.0004207522 0.0003529319
-0.0004191522 0.0004705758
-0.0004175522 0.000117644
-0.0004159522 0.0002352879
-0.0004143522 0.0002352879
-0.0004127522 0.0004705758
-0.0004111522 -0.000117644
-0.0004095522 0.000117644
-0.0004079522 0.0004705758
-0.0004063522 0.000117644
-0.0004047522 0.0003529319
-0.0004031522 0
-0.0004015522 0.000117644
-0.0003999522 0.0002352879
-0.0003983522 0.0003529319
-0.0003967522 0.000117644
-0.0003951522 0.000117644
-0.0003935522 0.0002352879
-0.0003919522 0.000117644
-0.0003903522 0.0002352879
-0.0003887522 0.0002352879
-0.0003871522 0.000117644
-0.0003855522 0.0003529319
-0.0003839522 0.0004705758
-0.0003823522 0.0004705758
-0.0003807522 0.0003529319
-0.0003791522 0.0003529319
-0.0003775522 0.0003529319
-0.0003759522 0
-0.0003743522 0.0002352879
-0.0003727522 0.0002352879
-0.0003711522 0.0003529319
-0.0003695522 0.0002352879
-0.0003679522 -0.000117644
-0.0003663522 0.0004705758
-0.0003647522 0.000117644
-0.0003631522 0.0002352879
-0.0003615522 0.0003529319
-0.0003599522 0.0002352879
-0.0003583522 0.000117644
-0.0003567522 0.0003529319
-0.0003551522 0.0002352879
-0.0003535522 0.0003529319
-0.0003519522 0.000117644
-0.0003503522 0.000117644
-0.0003487522 0.0003529319
-0.0003471522 0.0003529319
-0.0003455522 0.000117644
-0.0003439522 0.0002352879
-0.0003423522 0.0003529319
-0.0003407522 0.000117644
-0.0003391522 0.0002352879
-0.0003375522 0.000117644
-0.0003359522 0.0002352879
-0.0003343522 0.0004705758
-0.0003327522 0.000117644
-0.0003311522 0.000117644
-0.0003295522 0.0004705758
-0.0003279522 0.000117644
-0.0003263522 0
-0.0003247522 -0.0002352879
-0.0003231522 0.0002352879
-0.0003215522 0
-0.0003199522 0
-0.0003183522 0.000117644
-0.0003167522 0.000117644
-0.0003151522 0.000117644
-0.0003135522 0.0002352879
-0.0003119522 0.0002352879
-0.0003103522 0.0004705758
-0.0003087522 0.000117644
-0.0003071522 0.000117644
-0.0003055522 0.000117644
-0.0003039522 0.0004705758
-0.0003023522 0
-0.0003007522 0.0002352879
-0.0002991522 -0.000117644
-0.0002975522 0.000117644
-0.0002959522 0
-0.0002943522 0.0005882198
-0.0002927522 0.000117644
-0.0002911522 0.000117644
-0.0002895522 0.000117644
-0.0002879522 0.0004705758
-0.0002863522 0.0002352879
-0.0002847522 0.000117644
-0.0002831522 0.0002352879
-0.0002815522 0.000117644
-0.0002799522 0.000117644
-0.0002783522 0.0003529319
-0.0002767522 0.0002352879
-0.0002751522 0.0003529319
-0.0002735522 0.0003529319
-0.0002719522 0.0002352879
-0.0002703522 0
-0.0002687522 0.0003529319
-0.0002671522 0.0003529319
-0.0002655522 0.0005882198
-0.0002639522 0.000117644
-0.0002623522 0.0004705758
-0.0002607522 -0.000117644
-0.0002591522 0.0002352879
-0.0002575522 0
-0.0002559522 0.000117644
-0.0002543522 0.0002352879
-0.0002527522 0.000117644
-0.0002511522 0.0004705758
-0.0002495522 0.000117644
-0.0002479522 0.000117644
-0.0002463522 -0.000117644
-0.0002447522 0.0002352879
-0.0002431522 0.000117644
-0.0002415522 0.000117644
-0.0002399522 0.0003529319
-0.0002383522 0.000117644
-0.0002367522 0.000117644
-0.0002351522 0.000117644
-0.0002335522 0.0004705758
-0.0002319522 -0.000117644
-0.0002303522 0.0003529319
-0.0002287522 0.000117644
-0.0002271522 0.0002352879
-0.0002255522 0.000117644
-0.0002239522 0
-0.0002223522 0.0003529319
-0.0002207522 0.000117644
-0.0002191522 0
-0.0002175522 0.0002352879
-0.0002159522 0.000117644
-0.0002143522 0.0003529319
-0.0002127522 0.000117644
-0.0002111522 0.0002352879
-0.0002095522 0.000117644
-0.0002079522 0.000117644
-0.0002063522 0.0002352879
-0.0002047522 0.0002352879
-0.0002031522 0.000117644
-0.0002015522 0.000117644
-0.0001999522 0.000117644
-0.0001983522 0.0002352879
-0.0001967522 0.0002352879
-0.0001951522 0.000117644
-0.0001935522 0.000117644
-0.0001919522 -0.000117644
-0.0001903522 0.0003529319
-0.0001887522 0.0002352879
-0.0001871522 0.0003529319
-0.0001855522 0.000117644
-0.0001839522 0.0003529319
-0.0001823522 0.0003529319
-0.0001807522 0.0002352879
-0.0001791522 0.0002352879
-0.0001775522 0.0002352879
-0.0001759522 0.0003529319
-0.0001743522 0.0004705758
-0.0001727522 0.0002352879
-0.0001711522 0.000117644
-0.0001695522 0.0002352879
-0.0001679522 0.0003529319
-0.0001663522 0
-0.0001647522 0.000117644
-0.0001631522 0.000117644
-0.0001615522 0.000117644
-0.0001599522 0.000117644
-0.0001583522 0.0004705758
-0.0001567522 0.0003529319
-0.0001551522 0.0007058638
-0.0001535522 0.0004705758
-0.0001519522 0.0002352879
-0.0001503522 0.0005882198
-0.0001487522 0.0003529319
-0.0001471522 0.0004705758
-0.0001455522 0.0003529319
-0.0001439522 0.0002352879
-0.0001423522 0.0002352879
-0.0001407522 0
-0.0001391522 0.000117644
-0.0001375522 0.0003529319
-0.0001359522 0.0002352879
-0.0001343522 0.000117644
-0.0001327522 0.0003529319
-0.0001311522 0.0005882198
-0.0001295522 0
-0.0001279522 0.000117644
-0.0001263522 0.000117644
-0.0001247522 0.0003529319
-0.0001231522 0.000117644
-0.0001215522 0.000117644
-0.0001199522 -0.000117644
-0.0001183522 0.0002352879
-0.0001167522 0.0002352879
-0.0001151522 0.000117644
-0.0001135522 -0.000117644
-0.0001119522 0.0002352879
-0.0001103522 0.0002352879
-0.0001087522 0
-0.0001071522 0.0002352879
-0.0001055522 0.000117644
-0.0001039522 0
-0.0001023522 0.0004705758
-0.0001007522 0.0003529319
-9.91522e-005 0.0007058638
-9.75522e-005 0.001294084
-9.59522e-005 0.002588167
-9.43522e-005 0.003411675
-9.27522e-005 0.003764607
-9.11522e-005 0.003411675
-8.95522e-005 0.00447047
-8.79522e-005 0.007058638
-8.63522e-005 0.008705653
-8.47522e-005 0.007176281
-8.31522e-005 -0.003294031
-8.15522e-005 -0.01717602
-7.99522e-005 -0.02823455
-7.83522e-005 -0.03905779
-7.67522e-005 -0.05152805
-7.51522e-005 -0.06470418
-7.35522e-005 -0.07423334
-7.19522e-005 -0.08293899
-7.03522e-005 -0.09823271
-6.87522e-005 -0.1167028
-6.71522e-005 -0.1309377
-6.55522e-005 -0.1395257
-6.39522e-005 -0.1484667
-6.23522e-005 -0.1587017
-6.07522e-005 -0.1672897
-5.91522e-005 -0.1754071
-5.75522e-005 -0.1821128
-5.59522e-005 -0.1831716
-5.43522e-005 -0.1716425
-5.27522e-005 -0.1469373
-5.11522e-005 -0.1141146
-4.95522e-005 -0.08105669
-4.79522e-005 -0.05011633
-4.63522e-005 -0.03141094
-4.47522e-005 -0.02988157
-4.31522e-005 -0.04305769
-4.15522e-005 -0.0594102
-3.99522e-005 -0.07411569
-3.83522e-005 -0.08493894
-3.67522e-005 -0.09717391
-3.51522e-005 -0.1117618
-3.35522e-005 -0.1221144
-3.19522e-005 -0.1263496
-3.03522e-005 -0.1259967
-2.87522e-005 -0.1197615
-2.71522e-005 -0.1111735
-2.55522e-005 -0.1009385
-2.39522e-005 -0.09329166
-2.23522e-005 -0.08717417
-2.07522e-005 -0.08293899
-1.91522e-005 -0.08035082
-1.75522e-005 -0.07952732
-1.59522e-005 -0.07435098
-1.43522e-005 -0.06282187
-1.27522e-005 -0.04799874
-1.11522e-005 -0.03788135
-9.5522e-006 -0.0321168
-7.9522e-006 -0.0302345
-6.3522e-006 -0.02776397
-4.7522e-006 -0.02352879
-3.1522e-006 -0.01717602
-1.5522e-006 -0.008588009
4.78e-008 -0.000117644
1.6478e-006 0.006470418
3.2478e-006 0.01129382
4.8478e-006 0.01599958
6.4478e-006 0.01694073
8.0478e-006 0.01199968
9.6478e-006 0.002705811
1.12478e-005 -0.007293925
1.28478e-005 -0.01576429
1.44478e-005 -0.0232935
1.60478e-005 -0.02976392
1.76478e-005 -0.03376382
1.92478e-005 -0.03517554
2.08478e-005 -0.03494026
2.24478e-005 -0.03541083
2.40478e-005 -0.03717549
2.56478e-005 -0.03952837
2.72478e-005 -0.0428224
2.88478e-005 -0.04505764
3.04478e-005 -0.04305769
3.20478e-005 -0.037999
3.36478e-005 -0.03199916
3.52478e-005 -0.02552874
3.68478e-005 -0.01870539
3.84478e-005 -0.01223497
4.00478e-005 -0.00682335
4.16478e-005 -0.003058743
4.32478e-005 0.0009411517
4.48478e-005 0.005176334
4.64478e-005 0.009176229
4.80478e-005 0.01211733
4.96478e-005 0.0125879
5.12478e-005 0.01152911
5.28478e-005 0.009411517
5.44478e-005 0.007411569
5.60478e-005 0.005529266
5.76478e-005 0.003882251
5.92478e-005 0.003058743
6.08478e-005 0.002117591
6.24478e-005 0.001764659
6.40478e-005 0.001882303
6.56478e-005 0.001647015
6.72478e-005 0.001647015
6.88478e-005 0.002235235
7.04478e-005 0.002823455
7.20478e-005 0.003058743
7.36478e-005 0.003529319
7.52478e-005 0.003646963
7.68478e-005 0.004235183
7.84478e-005 0.006470418
8.00478e-005 0.0107056
8.16478e-005 0.01647015
8.32478e-005 0.02188178
8.48478e-005 0.02682282
8.64478e-005 0.03141094
8.80478e-005 0.03458732
8.96478e-005 0.03729313
9.12478e-005 0.037999
9.28478e-005 0.03741078
9.44478e-005 0.03541083
9.60478e-005 0.03282266
9.76478e-005 0.02941099
9.92478e-005 0.02529345
0.0001008478 0.02117591
0.0001024478 0.01705837
0.0001040478 0.01317612
0.0001056478 0.008470365
0.0001072478 0.003764607
0.0001088478 0
0.0001104478 -0.002117591
0.0001120478 -0.003529319
0.0001136478 -0.003882251
0.0001152478 -0.003176387
0.0001168478 -0.002705811
0.0001184478 -0.001294084
0.0001200478 0.001647015
0.0001216478 0.005999842
0.0001232478 0.01035267
0.0001248478 0.01270555
0.0001264478 0.01388199
0.0001280478 0.01423492
0.0001296478 0.01458785
0.0001312478 0.01423492
0.0001328478 0.01294084
0.0001344478 0.0117644
0.0001360478 0.01094089
0.0001376478 0.01211733
0.0001392478 0.01447021
0.0001408478 0.01635251
0.0001424478 0.01823481
0.0001440478 0.01905832
0.0001456478 0.01905832
0.0001472478 0.01882303
0.0001488478 0.01882303
0.0001504478 0.01882303
0.0001520478 0.01682309
0.0001536478 0.01376434
0.0001552478 0.009764449
0.0001568478 0.00623513
0.0001584478 0.003529319
0.0001600478 0.002941099
0.0001616478 0.002941099
0.0001632478 0.004117539
0.0001648478 0.006352774
0.0001664478 0.008117433
0.0001680478 0.009411517
0.0001696478 0.009293873
0.0001712478 0.007764501
0.0001728478 0.005529266
0.0001744478 0.003411675
0.0001760478 0.003646963
0.0001776478 0.004941046
0.0001792478 0.006470418
0.0001808478 0.007646857
0.0001824478 0.01023502
0.0001840478 0.01388199
0.0001856478 0.01788188
0.0001872478 0.02129356
0.0001888478 0.02341115
0.0001904478 0.02529345
0.0001920478 0.0262346
0.0001936478 0.02741104
0.0001952478 0.02788162
0.0001968478 0.02776397
0.0001984478 0.0262346
0.0002000478 0.02399937
0.0002016478 0.02164649
0.0002032478 0.01870539
0.0002048478 0.01411728
0.0002064478 0.008235077
0.0002080478 0.002941099
0.0002096478 0.0005882198
0.0002112478 0.0008235077
0.0002128478 0.002470523
0.0002144478 0.003294031
0.0002160478 0.004235183
0.0002176478 0.004235183
0.0002192478 0.00505869
0.0002208478 0.006352774
0.0002224478 0.008352721
0.0002240478 0.01141146
0.0002256478 0.01517607
0.0002272478 0.01811717
0.0002288478 0.02129356
0.0002304478 0.02399937
0.0002320478 0.0262346
0.0002336478 0.02611696
0.0002352478 0.0243523
0.0002368478 0.02305822
0.0002384478 0.02152884
0.0002400478 0.02011712
0.0002416478 0.01799953
0.0002432478 0.0165878
0.0002448478 0.01635251
0.0002464478 0.01729366
0.0002480478 0.01964654
0.0002496478 0.02399937
0.0002512478 0.02905806
0.0002528478 0.0339991
0.0002544478 0.03811664
0.0002560478 0.04141067
0.0002576478 0.04435177
0.0002592478 0.04611643
0.0002608478 0.04623408
0.0002624478 0.04517528
0.0002640478 0.04599879
0.0002656478 0.04670465
0.0002672478 0.04741052
0.0002688478 0.0476458
0.0002704478 0.0468223
0.0002720478 0.04623408
0.0002736478 0.04623408
0.0002752478 0.04635172
0.0002768478 0.04599879
0.0002784478 0.04435177
0.0002800478 0.04294004
0.0002816478 0.0409401
0.0002832478 0.0398813
0.0002848478 0.03858722
0.0002864478 0.03741078
0.0002880478 0.0350579
0.0002896478 0.03294031
0.0002912478 0.03129329
0.0002928478 0.0302345
0.0002944478 0.02941099
0.0002960478 0.02823455
0.0002976478 0.02682282
0.0002992478 0.0262346
0.0003008478 0.0262346
0.0003024478 0.02776397
0.0003040478 0.03046979
0.0003056478 0.03341088
0.0003072478 0.0361167
0.0003088478 0.03870486
0.0003104478 0.04082245
0.0003120478 0.04270476
0.0003136478 0.04329298
0.0003152478 0.04329298
0.0003168478 0.0428224
0.0003184478 0.04188125
0.0003200478 0.04082245
0.0003216478 0.03917544
0.0003232478 0.0369402
0.0003248478 0.0350579
0.0003264478 0.03164622
0.0003280478 0.02835219
0.0003296478 0.02529345
0.0003312478 0.02317586
0.0003328478 0.02094062
0.0003344478 0.02047005
0.0003360478 0.01941125
0.0003376478 0.0195289
0.0003392478 0.01835246
0.0003408478 0.01776424
0.0003424478 0.01705837
0.0003440478 0.01729366
0.0003456478 0.01694073
0.0003472478 0.01635251
0.0003488478 0.01517607
0.0003504478 0.01470549
0.0003520478 0.01447021
0.0003536478 0.01411728
0.0003552478 0.01329377
0.0003568478 0.01317612
0.0003584478 0.0136467
0.0003600478 0.01341141
0.0003616478 0.01329377
0.0003632478 0.01199968
0.0003648478 0.01011738
0.0003664478 0.007529213
0.0003680478 0.004823402
0.0003696478 0.002117591
0.0003712478 0.000117644
0.0003728478 -0.002352879
0.0003744478 -0.005764554
0.0003760478 -0.009411517
0.0003776478 -0.01305848
0.0003792478 -0.01517607
0.0003808478 -0.01764659
0.0003824478 -0.01999947
0.0003840478 -0.02211706
0.0003856478 -0.02341115
0.0003872478 -0.02423466
0.0003888478 -0.02399937
0.0003904478 -0.02317586
0.0003920478 -0.02247
0.0003936478 -0.02176413
0.0003952478 -0.02047005
0.0003968478 -0.01976419
0.0003984478 -0.01870539
0.0004000478 -0.01823481
0.0004016478 -0.0184701
0.0004032478 -0.01823481
0.0004048478 -0.01811717
0.0004064478 -0.01811717
0.0004080478 -0.01835246
0.0004096478 -0.01929361
0.0004112478 -0.01999947
0.0004128478 -0.02082298
0.0004144478 -0.02058769
0.0004160478 -0.02011712
0.0004176478 -0.01882303
0.0004192478 -0.01776424
0.0004208478 -0.01694073
0.0004224478 -0.0165878
0.0004240478 -0.01682309
0.0004256478 -0.01752895
0.0004272478 -0.01752895
0.0004288478 -0.01764659
0.0004304478 -0.01682309
0.0004320478 -0.01647015
0.0004336478 -0.01611722
0.0004352478 -0.01623487
0.0004368478 -0.01576429
0.0004384478 -0.01517607
0.0004400478 -0.015529
0.0004416478 -0.015529
0.0004432478 -0.01682309
0.0004448478 -0.01764659
0.0004464478 -0.01835246
0.0004480478 -0.01776424
0.0004496478 -0.01635251
0.0004512478 -0.01352906
0.0004528478 -0.01105853
0.0004544478 -0.008352721
0.0004560478 -0.004235183
0.0004576478 -0.0008235077
0.0004592478 0.002352879
0.0004608478 0.00505869
0.0004624478 0.007646857
0.0004640478 0.01023502
0.0004656478 0.01188204
0.0004672478 0.01329377
0.0004688478 0.01411728
0.0004704478 0.01447021
0.0004720478 0.01529371
0.0004736478 0.01647015
0.0004752478 0.01823481
0.0004768478 0.01964654
0.0004784478 0.02070534
0.0004800478 0.02199942
0.0004816478 0.02341115
0.0004832478 0.02517581
0.0004848478 0.02741104
0.0004864478 0.02941099
0.0004880478 0.03129329
0.0004896478 0.03352853
0.0004912478 0.0361167
0.0004928478 0.03835193
0.0004944478 0.04058717
0.0004960478 0.04235183
0.0004976478 0.04376355
0.0004992478 0.04446942
0.0005008478 0.04541057
0.0005024478 0.04623408
0.0005040478 0.04646936
0.0005056478 0.04646936
0.0005072478 0.04693994
0.0005088478 0.04788109
0.0005104478 0.04964575
0.0005120478 0.05117512
0.0005136478 0.05293978
0.0005152478 0.05317507
0.0005168478 0.05282214
0.0005184478 0.05141041
0.0005200478 0.04952811
0.0005216478 0.0476458
0.0005232478 0.04517528
0.0005248478 0.04305769
0.0005264478 0.04164596
0.0005280478 0.0409401
0.0005296478 0.04070481
0.0005312478 0.04082245
0.0005328478 0.04164596
0.0005344478 0.04223418
0.0005360478 0.04258711
0.0005376478 0.04270476
0.0005392478 0.04270476
0.0005408478 0.04176361
0.0005424478 0.04164596
0.0005440478 0.04058717
0.0005456478 0.03964601
0.0005472478 0.03858722
0.0005488478 0.03835193
0.0005504478 0.03811664
0.0005520478 0.03846957
0.0005536478 0.03835193
0.0005552478 0.03717549
0.0005568478 0.03517554
0.0005584478 0.03341088
0.0005600478 0.03129329
0.0005616478 0.02999921
0.0005632478 0.02894041
0.0005648478 0.02858748
0.0005664478 0.02811691
0.0005680478 0.02694047
0.0005696478 0.0254111
0.0005712478 0.02411701
0.0005728478 0.02223471
0.0005744478 0.02094062
0.0005760478 0.01917597
0.0005776478 0.01858775
0.0005792478 0.01788188
0.0005808478 0.01717602
0.0005824478 0.01694073
0.0005840478 0.01705837
0.0005856478 0.01682309
0.0005872478 0.01588193
0.0005888478 0.01541136
0.0005904478 0.01482314
0.0005920478 0.01435256
0.0005936478 0.01388199
0.0005952478 0.01282319
0.0005968478 0.01282319
0.0005984478 0.01141146
0.0006000478 0.009882093
0.0006016478 0.008823297
0.0006032478 0.00682335
0.0006048478 0.004705758
0.0006064478 0.002823455
0.0006080478 0.0005882198
0.0006096478 -0.0003529319
0.0006112478 -0.0009411517
0.0006128478 -0.001294084
0.0006144478 -0.00117644
0.0006160478 -0.0007058638
0.0006176478 -0.0005882198
0.0006192478 -0.000117644
0.0006208478 0.0005882198
0.0006224478 0.0009411517
0.0006240478 0.0008235077
0.0006256478 0.0007058638
0.0006272478 0.001058796
0.0006288478 0.0008235077
0.0006304478 0.0009411517
0.0006320478 0.0003529319
0.0006336478 0.0004705758
0.0006352478 0.0008235077
0.0006368478 0.001529371
0.0006384478 0.002941099
0.0006400478 0.003764607
0.0006416478 0.004117539
0.0006432478 0.003999895
0.0006448478 0.004705758
0.0006464478 0.00505869
0.0006480478 0.005999842
0.0006496478 0.00623513
0.0006512478 0.006940994
0.0006528478 0.007293925
0.0006544478 0.007176281
0.0006560478 0.006705706
0.0006576478 0.005999842
0.0006592478 0.005999842
0.0006608478 0.006352774
0.0006624478 0.007058638
0.0006640478 0.008588009
0.0006656478 0.01011738
0.0006672478 0.01152911
0.0006688478 0.01235262
0.0006704478 0.01352906
0.0006720478 0.01482314
0.0006736478 0.01611722
0.0006752478 0.01623487
0.0006768478 0.01599958
0.0006784478 0.01529371
0.0006800478 0.01470549
0.0006816478 0.01376434
0.0006832478 0.01223497
0.0006848478 0.0107056
0.0006864478 0.009293873
0.0006880478 0.007293925
0.0006896478 0.006352774
0.0006912478 0.004235183
0.0006928478 0.002352879
0.0006944478 0
0.0006960478 -0.001999947
0.0006976478 -0.004117539
0.0006992478 -0.005764554
0.0007008478 -0.006588062
0.0007024478 -0.006940994
0.0007040478 -0.006352774
0.0007056478 -0.005176334
0.0007072478 -0.003999895
0.0007088478 -0.002352879
0.0007104478 -0.0008235077
0.0007120478 0.0003529319
0.0007136478 0.002235235
0.0007152478 0.003764607
0.0007168478 0.004588114
0.0007184478 0.004941046
0.0007200478 0.005293978
0.0007216478 0.005411622
0.0007232478 0.004941046
0.0007248478 0.004941046
0.0007264478 0.004588114
0.0007280478 0.004941046
0.0007296478 0.004705758
0.0007312478 0.004823402
0.0007328478 0.004235183
0.0007344478 0.003882251
0.0007360478 0.003529319
0.0007376478 0.003176387
0.0007392478 0.002823455
0.0007408478 0.003411675
0.0007424478 0.003764607
0.0007440478 0.00505869
0.0007456478 0.006117486
0.0007472478 0.007529213
0.0007488478 0.009411517
0.0007504478 0.01117618
0.0007520478 0.01317612
0.0007536478 0.015529
0.0007552478 0.01788188
0.0007568478 0.0203524
0.0007584478 0.02270528
0.0007600478 0.02517581
0.0007616478 0.0272934
0.0007632478 0.02811691
0.0007648478 0.0291757
0.0007664478 0.03011685
0.0007680478 0.03094036
0.0007696478 0.03141094
0.0007712478 0.03176387
0.0007728478 0.03258738
0.0007744478 0.03270502
0.0007760478 0.03282266
0.0007776478 0.03294031
0.0007792478 0.03235209
0.0007808478 0.03223444
0.0007824478 0.03164622
0.0007840478 0.03058743
0.0007856478 0.02988157
0.0007872478 0.02894041
0.0007888478 0.02788162
0.0007904478 0.02646989
0.0007920478 0.02482288
0.0007936478 0.02294057
0.0007952478 0.02117591
0.0007968478 0.01882303
0.0007984478 0.01717602
0.0008000478 0.01541136
0.0008016478 0.01447021
0.0008032478 0.01411728
0.0008048478 0.0136467
0.0008064478 0.01329377
0.0008080478 0.01317612
0.0008096478 0.01247026
0.0008112478 0.0117644
0.0008128478 0.01082324
0.0008144478 0.009529161
0.0008160478 0.006470418
0.0008176478 0.004823402
0.0008192478 0.002235235
0.0008208478 -0.000117644
0.0008224478 -0.001999947
0.0008240478 -0.003529319
0.0008256478 -0.004823402
0.0008272478 -0.005411622
0.0008288478 -0.006117486
0.0008304478 -0.005764554
0.0008320478 -0.00682335
0.0008336478 -0.006940994
0.0008352478 -0.008352721
0.0008368478 -0.009176229
0.0008384478 -0.009529161
0.0008400478 -0.009882093
0.0008416478 -0.01047031
0.0008432478 -0.01152911
0.0008448478 -0.01199968
0.0008464478 -0.0125879
0.0008480478 -0.01282319
0.0008496478 -0.01352906
0.0008512478 -0.01399963
0.0008528478 -0.01494078
0.0008544478 -0.01588193
0.0008560478 -0.01717602
0.0008576478 -0.0184701
0.0008592478 -0.0195289
0.0008608478 -0.02082298
0.0008624478 -0.02152884
0.0008640478 -0.02199942
0.0008656478 -0.02211706
0.0008672478 -0.0214112
0.0008688478 -0.02105827
0.0008704478 -0.02094062
0.0008720478 -0.02047005
0.0008736478 -0.02011712
0.0008752478 -0.01976419
0.0008768478 -0.01964654
0.0008784478 -0.01988183
0.0008800478 -0.01999947
0.0008816478 -0.02047005
0.0008832478 -0.02047005
0.0008848478 -0.02094062
0.0008864478 -0.02152884
0.0008880478 -0.02235235
0.0008896478 -0.02223471
0.0008912478 -0.02223471
0.0008928478 -0.02199942
0.0008944478 -0.02164649
0.0008960478 -0.02176413
0.0008976478 -0.02176413
0.0008992478 -0.0214112
0.0009008478 -0.02117591
0.0009024478 -0.02023476
0.0009040478 -0.01976419
0.0009056478 -0.01999947
0.0009072478 -0.01964654
0.0009088478 -0.01858775
0.0009104478 -0.01752895
0.0009120478 -0.01670544
0.0009136478 -0.01505843
0.0009152478 -0.01399963
0.0009168478 -0.01270555
0.0009184478 -0.01199968
0.0009200478 -0.01164675
0.0009216478 -0.01199968
0.0009232478 -0.01247026
0.0009248478 -0.01270555
0.0009264478 -0.01329377
0.0009280478 -0.01282319
0.0009296478 -0.0125879
0.0009312478 -0.01211733
0.0009328478 -0.01141146
0.0009344478 -0.01023502
0.0009360478 -0.008940941
0.0009376478 -0.007293925
0.0009392478 -0.006352774
0.0009408478 -0.00447047
0.0009424478 -0.002823455
0.0009440478 -0.001764659
0.0009456478 -0.0004705758
0.0009472478 0.0008235077
0.0009488478 0.002352879
0.0009504478 0.003058743
0.0009520478 0.00447047
0.0009536478 0.005411622
0.0009552478 0.006470418
0.0009568478 0.006940994
0.0009584478 0.007646857
0.0009600478 0.008352721
0.0009616478 0.009058585
0.0009632478 0.009999736
0.0009648478 0.009999736
0.0009664478 0.01011738
0.0009680478 0.009411517
0.0009696478 0.008352721
0.0009712478 0.00682335
0.0009728478 0.005529266
0.0009744478 0.004705758
0.0009760478 0.003294031
0.0009776478 0.002352879
0.0009792478 0.001764659
0.0009808478 0.001647015
0.0009824478 0.001764659
0.0009840478 0.001999947
0.0009856478 0.002823455
0.0009872478 0.003529319
0.0009888478 0.004705758
0.0009904478 0.00623513
0.0009920478 0.007999789
0.0009936478 0.008940941
0.0009952478 0.009646805
0.0009968478 0.01082324
0.0009984478 0.01082324
0.001000048 0.01141146
0.001001648 0.01105853
0.001003248 0.01082324
0.001004848 0.01058796
0.001006448 0.01058796
0.001008048 0.01058796
0.001009648 0.01035267
0.001011248 0.01035267
0.001012848 0.0107056
0.001014448 0.01058796
0.001016048 0.01094089
0.001017648 0.01094089
0.001019248 0.01047031
0.001020848 0.01035267
0.001022448 0.009882093
0.001024048 0.009764449
0.001025648 0.009529161
0.001027248 0.008705653
0.001028848 0.007999789
0.001030448 0.007058638
0.001032048 0.00623513
0.001033648 0.005411622
0.001035248 0.004588114
0.001036848 0.003058743
0.001038448 0.002117591
0.001040048 0.001411728
0.001041648 0.00117644
0.001043248 0.00117644
0.001044848 0.001764659
0.001046448 0.002588167
0.001048048 0.003646963
0.001049648 0.004588114
0.001051248 0.005176334
0.001052848 0.005764554
0.001054448 0.006588062
0.001056048 0.007176281
0.001057648 0.007764501
0.001059248 0.008117433
0.001060848 0.008352721
0.001062448 0.009058585
0.001064048 0.009411517
0.001065648 0.009529161
0.001067248 0.009764449
0.001068848 0.009411517
0.001070448 0.008470365
0.001072048 0.007293925
0.001073648 0.006117486
0.001075248 0.004823402
0.001076848 0.003294031
0.001078448 0.001529371
0.001080048 0.0008235077
0.001081648 -0.0007058638
0.001083248 -0.001529371
0.001084848 -0.002588167
0.001086448 -0.003529319
0.001088048 -0.004235183
0.001089648 -0.005176334
0.001091248 -0.006588062
0.001092848 -0.007764501
0.001094448 -0.009411517
0.001096048 -0.01117618
0.001097648 -0.01223497
0.001099248 -0.01388199
0.001100848 -0.01458785
0.001102448 -0.01482314
0.001104048 -0.01529371
0.001105648 -0.015529
0.001107248 -0.01635251
0.001108848 -0.01682309
0.001110448 -0.01741131
0.001112048 -0.01752895
0.001113648 -0.01799953
0.001115248 -0.01823481
0.001116848 -0.01870539
0.001118448 -0.0195289
0.001120048 -0.0203524
0.001121648 -0.02164649
0.001123248 -0.02247
0.001124848 -0.02305822
0.001126448 -0.02352879
0.001128048 -0.02364644
0.001129648 -0.02411701
0.001131248 -0.02458759
0.001132848 -0.0254111
0.001134448 -0.02635225
0.001136048 -0.02741104
0.001137648 -0.02882277
0.001139248 -0.02964628
0.001140848 -0.03070507
0.001142448 -0.03164622
0.001144048 -0.03305795
0.001145648 -0.03435204
0.001147248 -0.0350579
0.001148848 -0.03599905
0.001150448 -0.03576376
0.001152048 -0.0361167
0.001153648 -0.03588141
0.001155248 -0.03564612
0.001156848 -0.03482261
0.001158448 -0.03552848
0.001160048 -0.0350579
0.001161648 -0.03494026
0.001163248 -0.03552848
0.001164848 -0.03517554
0.001166448 -0.03564612
0.001168048 -0.03517554
0.001169648 -0.03588141
0.001171248 -0.03646963
0.001172848 -0.03682256
0.001174448 -0.03764607
0.001176048 -0.03788135
0.001177648 -0.03870486
0.001179248 -0.03976366
0.001180848 -0.04011659
0.001182448 -0.04058717
0.001184048 -0.04152832
0.001185648 -0.04199889
0.001187248 -0.04258711
0.001188848 -0.04223418
0.001190448 -0.04246947
0.001192048 -0.04211654
0.001193648 -0.04176361
0.001195248 -0.04117539
0.001196848 -0.04023423
0.001198448 -0.03952837
0.001200048 -0.037999
0.001201648 -0.03623434
0.001203248 -0.03435204
0.001204848 -0.03270502
0.001206448 -0.03058743
0.001208048 -0.02882277
0.001209648 -0.02670518
0.001211248 -0.02505816
0.001212848 -0.02305822
0.001214448 -0.02164649
0.001216048 -0.0203524
0.001217648 -0.01894068
0.001219248 -0.01788188
0.001220848 -0.01694073
0.001222448 -0.01647015
0.001224048 -0.01576429
0.001225648 -0.01541136
0.001227248 -0.01494078
0.001228848 -0.01447021
0.001230448 -0.01423492
0.001232048 -0.01352906
0.001233648 -0.01329377
0.001235248 -0.0125879
0.001236848 -0.01141146
0.001238448 -0.01094089
0.001240048 -0.01011738
0.001241648 -0.009058585
0.001243248 -0.007999789
0.001244848 -0.007176281
0.001246448 -0.007058638
0.001248048 -0.005999842
0.001249648 -0.005411622
0.001251248 -0.005529266
0.001252848 -0.004588114
0.001254448 -0.003294031
0.001256048 -0.002705811
0.001257648 -0.002235235
0.001259248 -0.001764659
0.001260848 -0.00117644
0.001262448 -0.0009411517
0.001264048 -0.0002352879
0.001265648 -0.0005882198
0.001267248 -0.0003529319
0.001268848 -0.0009411517
0.001270448 -0.0008235077
0.001272048 -0.001529371
0.001273648 -0.002235235
0.001275248 -0.002352879
0.001276848 -0.002941099
0.001278448 -0.003529319
0.001280048 -0.003764607
0.001281648 -0.004352826
0.001283248 -0.004705758
0.001284848 -0.005529266
0.001286448 -0.005882198
0.001288048 -0.00623513
0.001289648 -0.006352774
0.001291248 -0.006705706
0.001292848 -0.006705706
0.001294448 -0.007293925
0.001296048 -0.007646857
0.001297648 -0.008705653
0.001299248 -0.009293873
0.001300848 -0.01058796
0.001302448 -0.0117644
0.001304048 -0.01341141
0.001305648 -0.01505843
0.001307248 -0.01729366
0.001308848 -0.01976419
0.001310448 -0.02176413
0.001312048 -0.02458759
0.001313648 -0.02658753
0.001315248 -0.02858748
0.001316848 -0.03011685
0.001318448 -0.03141094
0.001320048 -0.03258738
0.001321648 -0.03341088
0.001323248 -0.03388146
0.001324848 -0.03423439
0.001326448 -0.03435204
0.001328048 -0.03482261
0.001329648 -0.03529319
0.001331248 -0.0350579
0.001332848 -0.03458732
0.001334448 -0.03458732
0.001336048 -0.03435204
0.001337648 -0.03411675
0.001339248 -0.03411675
0.001340848 -0.03388146
0.001342448 -0.03388146
0.001344048 -0.0339991
0.001345648 -0.0339991
0.001347248 -0.03494026
0.001348848 -0.03482261
0.001350448 -0.03482261
0.001352048 -0.03435204
0.001353648 -0.0339991
0.001355248 -0.03270502
0.001356848 -0.03176387
0.001358448 -0.02999921
0.001360048 -0.02823455
0.001361648 -0.02646989
0.001363248 -0.02364644
0.001364848 -0.02129356
0.001366448 -0.01894068
0.001368048 -0.01611722
0.001369648 -0.01376434
0.001371248 -0.01117618
0.001372848 -0.008705653
0.001374448 -0.006352774
0.001376048 -0.003411675
0.001377648 -0.001411728
0.001379248 0.0007058638
0.001380848 0.002705811
0.001382448 0.004823402
0.001384048 0.006588062
0.001385648 0.008235077
0.001387248 0.009529161
0.001388848 0.01047031
0.001390448 0.01164675
0.001392048 0.01247026
0.001393648 0.01247026
0.001395248 0.01223497
0.001396848 0.0125879
0.001398448 0.01247026
0.001400048 0.01294084
0.001401648 0.01329377
0.001403248 0.01447021
0.001404848 0.01599958
0.001406448 0.01752895
0.001408048 0.0195289
0.001409648 0.02105827
0.001411248 0.02317586
0.001412848 0.02552874
0.001414448 0.02764633
0.001416048 0.02952863
0.001417648 0.03105801
0.001419248 0.03258738
0.001420848 0.03376382
0.001422448 0.03517554
0.001424048 0.03635198
0.001425648 0.03788135
0.001427248 0.03894015
0.001428848 0.03964601
0.001430448 0.04070481
0.001432048 0.04164596
0.001433648 0.04246947
0.001435248 0.04294004
0.001436848 0.04364591
0.001438448 0.04517528
0.001440048 0.04611643
0.001441648 0.04741052
0.001443248 0.04823402
0.001444848 0.04882224
0.001446448 0.04952811
0.001448048 0.05011633
0.001449648 0.05023397
0.001451248 0.04999868
0.001452848 0.04952811
0.001454448 0.04905753
0.001456048 0.04917517
0.001457648 0.04858695
0.001459248 0.04846931
0.001460848 0.04835167
0.001462448 0.04893989
0.001464048 0.04917517
0.001465648 0.04999868
0.001467248 0.05093983
0.001468848 0.0516457
0.001470448 0.05258685
0.001472048 0.05270449
0.001473648 0.05341036
0.001475248 0.05293978
0.001476848 0.05246921
0.001478448 0.05188099
0.001480048 0.05093983
0.001481648 0.05023397
0.001483248 0.04882224
0.001484848 0.04776345
0.001486448 0.04635172
0.001488048 0.04505764
0.001489648 0.04341062
0.001491248 0.04117539
0.001492848 0.04011659
0.001494448 0.03776371
0.001496048 0.03564612
0.001497648 0.03364617
0.001499248 0.03164622
0.001500848 0.02952863
0.001502448 0.02776397
0.001504048 0.0262346
0.001505648 0.02470523
0.001507248 0.02376408
0.001508848 0.02305822
0.001510448 0.02188178
0.001512048 0.0214112
0.001513648 0.02094062
0.001515248 0.02023476
0.001516848 0.01964654
0.001518448 0.01905832
0.001520048 0.01811717
0.001521648 0.01611722
0.001523248 0.01435256
0.001524848 0.01211733
0.001526448 0.009999736
0.001528048 0.008117433
0.001529648 0.005176334
0.001531248 0.003058743
0.001532848 0.0008235077
0.001534448 -0.001999947
0.001536048 -0.004352826
0.001537648 -0.006705706
0.001539248 -0.008352721
0.001540848 -0.009882093
0.001542448 -0.01117618
0.001544048 -0.01270555
0.001545648 -0.01352906
0.001547248 -0.01494078
0.001548848 -0.01623487
0.001550448 -0.01705837
0.001552048 -0.0184701
0.001553648 -0.01941125
0.001555248 -0.02047005
0.001556848 -0.02199942
0.001558448 -0.02294057
0.001560048 -0.02446994
0.001561648 -0.02529345
0.001563248 -0.0262346
0.001564848 -0.02694047
0.001566448 -0.02776397
0.001568048 -0.02846984
0.001569648 -0.02929335
0.001571248 -0.03011685
0.001572848 -0.03070507
0.001574448 -0.03129329
0.001576048 -0.03176387
0.001577648 -0.03141094
0.001579248 -0.03188151
0.001580848 -0.03129329
0.001582448 -0.03058743
0.001584048 -0.02952863
0.001585648 -0.0291757
0.001587248 -0.02799926
0.001588848 -0.0272934
0.001590448 -0.02658753
0.001592048 -0.02611696
0.001593648 -0.02646989
0.001595248 -0.02646989
0.001596848 -0.02694047
0.001598448 -0.02741104
0.001600048 -0.02752869
0.001601648 -0.02835219
0.001603248 -0.02952863
0.001604848 -0.03046979
0.001606448 -0.03176387
0.001608048 -0.03246973
0.001609648 -0.03352853
0.001611248 -0.03388146
0.001612848 -0.03446968
0.001614448 -0.03423439
0.001616048 -0.03470497
0.001617648 -0.03446968
0.001619248 -0.03376382
0.001620848 -0.03329324
0.001622448 -0.0321168
0.001624048 -0.03176387
0.001625648 -0.0302345
0.001627248 -0.02941099
0.001628848 -0.02870513
0.001630448 -0.02846984
0.001632048 -0.02776397
0.001633648 -0.02705811
0.001635248 -0.02705811
0.001636848 -0.02658753
0.001638448 -0.02635225
0.001640048 -0.02635225
0.001641648 -0.02599931
0.001643248 -0.02611696
0.001644848 -0.02611696
0.001646448 -0.02599931
0.001648048 -0.02564638
0.001649648 -0.02505816
0.001651248 -0.02482288
0.001652848 -0.02411701
0.001654448 -0.02364644
0.001656048 -0.02341115
0.001657648 -0.02270528
0.001659248 -0.02223471
0.001660848 -0.02164649
0.001662448 -0.02105827
0.001664048 -0.02082298
0.001665648 -0.01988183
0.001667248 -0.01882303
0.001668848 -0.01764659
0.001670448 -0.01741131
0.001672048 -0.01611722
0.001673648 -0.01482314
0.001675248 -0.0136467
0.001676848 -0.01211733
0.001678448 -0.01082324
0.001680048 -0.009882093
0.001681648 -0.008470365
0.001683248 -0.00682335
0.001684848 -0.004823402
0.001686448 -0.003411675
0.001688048 -0.002117591
0.001689648 -0.0008235077
0.001691248 0.0004705758
0.001692848 0.001294084
0.001694448 0.001647015
0.001696048 0.002117591
0.001697648 0.002823455
0.001699248 0.002941099
0.001700848 0.003176387
0.001702448 0.003176387
0.001704048 0.003411675
0.001705648 0.003529319
0.001707248 0.004235183
0.001708848 0.004588114
0.001710448 0.004705758
0.001712048 0.004588114
0.001713648 0.00447047
0.001715248 0.004235183
0.001716848 0.004352826
0.001718448 0.003882251
0.001720048 0.003646963
0.001721648 0.003646963
0.001723248 0.003764607
0.001724848 0.003764607
0.001726448 0.004235183
0.001728048 0.004941046
0.001729648 0.00564691
0.001731248 0.006588062
0.001732848 0.007176281
0.001734448 0.007646857
0.001736048 0.007529213
0.001737648 0.007058638
0.001739248 0.007058638
0.001740848 0.006470418
0.001742448 0.005764554
0.001744048 0.00505869
0.001745648 0.004235183
0.001747248 0.003294031
0.001748848 0.002941099
0.001750448 0.001999947
0.001752048 0.001294084
0.001753648 0.000117644
0.001755248 -0.0008235077
0.001756848 -0.001647015
0.001758448 -0.003294031
0.001760048 -0.004823402
0.001761648 -0.006352774
0.001763248 -0.007293925
0.001764848 -0.007999789
0.001766448 -0.008823297
0.001768048 -0.009529161
0.001769648 -0.009764449
0.001771248 -0.01035267
0.001772848 -0.01082324
0.001774448 -0.01094089
0.001776048 -0.01141146
0.001777648 -0.0117644
0.001779248 -0.01164675
0.001780848 -0.0117644
0.001782448 -0.01199968
0.001784048 -0.01188204
0.001785648 -0.01164675
0.001787248 -0.0117644
0.001788848 -0.01117618
0.001790448 -0.01105853
0.001792048 -0.01058796
0.001793648 -0.01047031
0.001795248 -0.01058796
0.001796848 -0.0107056
0.001798448 -0.01047031
0.001800048 -0.01047031
0.001801648 -0.01035267
0.001803248 -0.01035267
0.001804848 -0.01011738
0.001806448 -0.009529161
0.001808048 -0.009764449
0.001809648 -0.008823297
0.001811248 -0.008470365
0.001812848 -0.007646857
0.001814448 -0.006588062
0.001816048 -0.005411622
0.001817648 -0.003999895
0.001819248 -0.002705811
0.001820848 -0.001411728
0.001822448 -0.000117644
0.001824048 0.00117644
0.001825648 0.002823455
0.001827248 0.004352826
0.001828848 0.005999842
0.001830448 0.007882145
0.001832048 0.009764449
0.001833648 0.01188204
0.001835248 0.01399963
0.001836848 0.01599958
0.001838448 0.0184701
0.001840048 0.02082298
0.001841648 0.02270528
0.001843248 0.02529345
0.001844848 0.02717575
0.001846448 0.02964628
0.001848048 0.03199916
0.001849648 0.03388146
0.001851248 0.03529319
0.001852848 0.03658727
0.001854448 0.037999
0.001856048 0.03835193
0.001857648 0.03917544
0.001859248 0.03976366
0.001860848 0.04023423
0.001862448 0.04035188
0.001864048 0.0409401
0.001865648 0.04070481
0.001867248 0.04070481
0.001868848 0.04105774
0.001870448 0.04176361
0.001872048 0.04152832
0.001873648 0.04211654
0.001875248 0.04211654
0.001876848 0.04317533
0.001878448 0.04305769
0.001880048 0.04376355
0.001881648 0.04411648
0.001883248 0.04458706
0.001884848 0.04493999
0.001886448 0.0457635
0.001888048 0.04635172
0.001889648 0.04752816
0.001891248 0.04823402
0.001892848 0.05011633
0.001894448 0.05093983
0.001896048 0.05176334
0.001897648 0.05270449
0.001899248 0.05388093
0.001900848 0.05446915
0.001902448 0.0545868
0.001904048 0.05470444
0.001905648 0.0545868
0.001907248 0.05423386
0.001908848 0.05388093
0.001910448 0.05235156
0.001912048 0.05093983
0.001913648 0.04976339
0.001915248 0.04823402
0.001916848 0.04599879
0.001918448 0.04446942
0.001920048 0.04258711
0.001921648 0.04058717
0.001923248 0.03894015
0.001924848 0.03717549
0.001926448 0.03588141
0.001928048 0.03458732
0.001929648 0.03376382
0.001931248 0.0331756
0.001932848 0.03246973
0.001934448 0.03176387
0.001936048 0.03046979
0.001937648 0.0291757
0.001939248 0.02835219
0.001940848 0.02741104
0.001942448 0.02658753
0.001944048 0.0254111
0.001945648 0.02446994
0.001947248 0.02294057
0.001948848 0.02164649
0.001950448 0.02047005
0.001952048 0.01905832
0.001953648 0.01776424
0.001955248 0.01623487
0.001956848 0.01505843
0.001958448 0.01447021
0.001960048 0.01294084
0.001961648 0.01164675
0.001963248 0.01047031
0.001964848 0.009176229
0.001966448 0.008117433
0.001968048 0.006588062
0.001969648 0.005411622
0.001971248 0.003646963
0.001972848 0.002705811
0.001974448 0.001529371
0.001976048 0.0003529319
0.001977648 -0.0009411517
0.001979248 -0.001529371
0.001980848 -0.002235235
0.001982448 -0.002470523
0.001984048 -0.002705811
0.001985648 -0.003176387
0.001987248 -0.002705811
0.001988848 -0.002941099
0.001990448 -0.002823455
0.001992048 -0.002470523
0.001993648 -0.003058743
0.001995248 -0.002470523
0.001996848 -0.003176387
0.001998448 -0.003411675
0.002000048 -0.003764607
0.002001648 -0.00447047
0.002003248 -0.004941046
0.002004848 -0.005529266
0.002006448 -0.00564691
0.002008048 -0.006117486
0.002009648 -0.006705706
0.002011248 -0.00682335
0.002012848 -0.006940994
0.002014448 -0.006705706
0.002016048 -0.007293925
0.002017648 -0.006940994
0.002019248 -0.007176281
0.002020848 -0.006940994
0.002022448 -0.007411569
0.002024048 -0.007411569
0.002025648 -0.007058638
0.002027248 -0.006940994
0.002028848 -0.006588062
0.002030448 -0.006117486
0.002032048 -0.005529266
0.002033648 -0.004588114
0.002035248 -0.004117539
0.002036848 -0.003294031
0.002038448 -0.002470523
0.002040048 -0.0009411517
0.002041648 0
0.002043248 0.001294084
0.002044848 0.002352879
0.002046448 0.003529319
0.002048048 0.004823402
0.002049648 0.005999842
0.002051248 0.006940994
0.002052848 0.007764501
0.002054448 0.008705653
0.002056048 0.009529161
0.002057648 0.01011738
0.002059248 0.01058796
0.002060848 0.0107056
0.002062448 0.0107056
0.002064048 0.0107056
0.002065648 0.0107056
0.002067248 0.01094089
0.002068848 0.009999736
0.002070448 0.009764449
0.002072048 0.009882093
0.002073648 0.009411517
0.002075248 0.009176229
0.002076848 0.008588009
0.002078448 0.008352721
0.002080048 0.007999789
0.002081648 0.007882145
0.002083248 0.007764501
0.002084848 0.007058638
0.002086448 0.006705706
0.002088048 0.006705706
0.002089648 0.006470418
0.002091248 0.00682335
0.002092848 0.006470418
0.002094448 0.007058638
0.002096048 0.006940994
0.002097648 0.007646857
0.002099248 0.007646857
0.002100848 0.007882145
0.002102448 0.008235077
0.002104048 0.007882145
0.002105648 0.007882145
0.002107248 0.007646857
0.002108848 0.007529213
0.002110448 0.007293925
0.002112048 0.007176281
0.002113648 0.006940994
0.002115248 0.006352774
0.002116848 0.006352774
0.002118448 0.00623513
0.002120048 0.00623513
0.002121648 0.006352774
0.002123248 0.006470418
0.002124848 0.006588062
0.002126448 0.006470418
0.002128048 0.006470418
0.002129648 0.00682335
0.002131248 0.00682335
0.002132848 0.006588062
0.002134448 0.006588062
0.002136048 0.00623513
0.002137648 0.00623513
0.002139248 0.00505869
0.002140848 0.00447047
0.002142448 0.003529319
0.002144048 0.003176387
0.002145648 0.002352879
0.002147248 0.001647015
0.002148848 0.0009411517
0.002150448 0.0004705758
0.002152048 0.0003529319
0.002153648 -0.0002352879
0.002155248 0.0002352879
0.002156848 -0.000117644
0.002158448 0.000117644
0.002160048 -0.000117644
0.002161648 -0.0002352879
0.002163248 -0.0005882198
0.002164848 -0.0009411517
0.002166448 -0.001529371
0.002168048 -0.001999947
0.002169648 -0.002470523
0.002171248 -0.003058743
0.002172848 -0.003411675
0.002174448 -0.003764607
0.002176048 -0.00447047
0.002177648 -0.004588114
0.002179248 -0.004705758
0.002180848 -0.005176334
0.002182448 -0.006117486
0.002184048 -0.006470418
0.002185648 -0.007176281
0.002187248 -0.007646857
0.002188848 -0.008940941
0.002190448 -0.009882093
0.002192048 -0.01082324
0.002193648 -0.01141146
0.002195248 -0.01235262
0.002196848 -0.01294084
0.002198448 -0.01388199
0.002200048 -0.01494078
0.002201648 -0.015529
0.002203248 -0.01611722
0.002204848 -0.01647015
0.002206448 -0.0165878
0.002208048 -0.01694073
0.002209648 -0.01682309
0.002211248 -0.01647015
0.002212848 -0.01588193
0.002214448 -0.01564665
0.002216048 -0.01517607
0.002217648 -0.01470549
0.002219248 -0.01423492
0.002220848 -0.01317612
0.002222448 -0.01270555
0.002224048 -0.01188204
0.002225648 -0.01141146
0.002227248 -0.01082324
0.002228848 -0.01035267
0.002230448 -0.01035267
0.002232048 -0.01011738
0.002233648 -0.009764449
0.002235248 -0.009764449
0.002236848 -0.01047031
0.002238448 -0.01023502
0.002240048 -0.01082324
0.002241648 -0.01094089
0.002243248 -0.01188204
0.002244848 -0.0125879
0.002246448 -0.01341141
0.002248048 -0.01435256
0.002249648 -0.01470549
0.002251248 -0.01494078
0.002252848 -0.01599958
0.002254448 -0.01576429
0.002256048 -0.01611722
0.002257648 -0.01588193
0.002259248 -0.01564665
0.002260848 -0.01494078
0.002262448 -0.01435256
0.002264048 -0.01388199
0.002265648 -0.01294084
0.002267248 -0.01188204
0.002268848 -0.01117618
0.002270448 -0.01035267
0.002272048 -0.009646805
0.002273648 -0.008823297
0.002275248 -0.007646857
0.002276848 -0.00682335
0.002278448 -0.005999842
0.002280048 -0.005176334
0.002281648 -0.003999895
0.002283248 -0.003058743
0.002284848 -0.001882303
0.002286448 -0.0007058638
0.002288048 0.0004705758
0.002289648 0.001294084
0.002291248 0.002117591
0.002292848 0.003294031
0.002294448 0.003999895
0.002296048 0.004823402
0.002297648 0.005176334
0.002299248 0.005529266
0.002300848 0.005999842
0.002302448 0.006705706
0.002304048 0.006705706
0.002305648 0.007176281
0.002307248 0.007176281
0.002308848 0.007293925
0.002310448 0.00682335
0.002312048 0.007176281
0.002313648 0.007058638
0.002315248 0.006588062
0.002316848 0.006940994
0.002318448 0.007058638
0.002320048 0.006940994
0.002321648 0.007411569
0.002323248 0.007293925
0.002324848 0.007529213
0.002326448 0.007882145
0.002328048 0.007764501
0.002329648 0.007999789
0.002331248 0.007999789
0.002332848 0.007999789
0.002334448 0.007999789
0.002336048 0.008117433
0.002337648 0.007999789
0.002339248 0.007764501
0.002340848 0.007646857
0.002342448 0.007764501
0.002344048 0.007646857
0.002345648 0.007293925
0.002347248 0.007411569
0.002348848 0.007411569
0.002350448 0.006588062
0.002352048 0.006470418
0.002353648 0.006117486
0.002355248 0.00623513
0.002356848 0.00623513
0.002358448 0.005882198
0.002360048 0.006352774
0.002361648 0.005999842
0.002363248 0.005882198
0.002364848 0.005411622
0.002366448 0.005411622
0.002368048 0.004705758
0.002369648 0.004352826
0.002371248 0.003646963
0.002372848 0.003294031
0.002374448 0.002352879
0.002376048 0.001647015
0.002377648 0.0005882198
0.002379248 0
0.002380848 -0.0008235077
0.002382448 -0.001647015
0.002384048 -0.001647015
0.002385648 -0.001999947
0.002387248 -0.002705811
0.002388848 -0.002823455
0.002390448 -0.003294031
0.002392048 -0.003294031
0.002393648 -0.003529319
0.002395248 -0.003529319
0.002396848 -0.003764607
0.002398448 -0.003764607
0.002400048 -0.003882251
0.002401648 -0.004117539
0.002403248 -0.004235183
0.002404848 -0.004823402
0.002406448 -0.004823402
0.002408048 -0.005411622
0.002409648 -0.00623513
0.002411248 -0.006470418
0.002412848 -0.007176281
0.002414448 -0.007293925
0.002416048 -0.007646857
0.002417648 -0.008235077
0.002419248 -0.008705653
0.002420848 -0.009411517
0.002422448 -0.009764449
0.002424048 -0.01082324
0.002425648 -0.01141146
0.002427248 -0.01211733
0.002428848 -0.01317612
0.002430448 -0.01423492
0.002432048 -0.01564665
0.002433648 -0.01670544
0.002435248 -0.0184701
0.002436848 -0.01964654
0.002438448 -0.02094062
0.002440048 -0.02211706
0.002441648 -0.02352879
0.002443248 -0.02423466
0.002444848 -0.0254111
0.002446448 -0.02611696
0.002448048 -0.02717575
0.002449648 -0.02741104
0.002451248 -0.02858748
0.002452848 -0.02905806
0.002454448 -0.0291757
0.002456048 -0.02941099
0.002457648 -0.02976392
0.002459248 -0.02976392
0.002460848 -0.02941099
0.002462448 -0.02870513
0.002464048 -0.02846984
0.002465648 -0.0272934
0.002467248 -0.02646989
0.002468848 -0.02517581
0.002470448 -0.02458759
0.002472048 -0.0232935
0.002473648 -0.02258764
0.002475248 -0.02129356
0.002476848 -0.01999947
0.002478448 -0.01917597
0.002480048 -0.01835246
0.002481648 -0.01764659
0.002483248 -0.01670544
0.002484848 -0.01564665
0.002486448 -0.01505843
0.002488048 -0.01482314
0.002489648 -0.01411728
0.002491248 -0.01399963
0.002492848 -0.01352906
0.002494448 -0.01305848
0.002496048 -0.01282319
0.002497648 -0.01294084
0.002499248 -0.01270555
0.002500848 -0.0125879
0.002502448 -0.01211733
0.002504048 -0.01223497
0.002505648 -0.01199968
0.002507248 -0.01117618
0.002508848 -0.01105853
0.002510448 -0.01023502
0.002512048 -0.009529161
0.002513648 -0.009058585
0.002515248 -0.007999789
0.002516848 -0.007176281
0.002518448 -0.00623513
0.002520048 -0.00505869
0.002521648 -0.003882251
0.002523248 -0.003176387
0.002524848 -0.001764659
0.002526448 -0.001058796
0.002528048 0.0002352879
0.002529648 0.00117644
0.002531248 0.001764659
0.002532848 0.002588167
0.002534448 0.002941099
0.002536048 0.003646963
0.002537648 0.004352826
0.002539248 0.004823402
0.002540848 0.00505869
0.002542448 0.005529266
0.002544048 0.005882198
0.002545648 0.006117486
0.002547248 0.005999842
0.002548848 0.005764554
0.002550448 0.005882198
0.002552048 0.005764554
0.002553648 0.005293978
0.002555248 0.005176334
0.002556848 0.004705758
0.002558448 0.004941046
0.002560048 0.00447047
0.002561648 0.004235183
0.002563248 0.003999895
0.002564848 0.003646963
0.002566448 0.003176387
0.002568048 0.002941099
0.002569648 0.002117591
0.002571248 0.001882303
0.002572848 0.001411728
0.002574448 0.001294084
0.002576048 0.0007058638
0.002577648 0.0002352879
0.002579248 -0.000117644
0.002580848 0
0.002582448 -0.000117644
0.002584048 -0.0003529319
0.002585648 0.000117644
0.002587248 -0.000117644
0.002588848 0.000117644
0.002590448 0.0003529319
0.002592048 0.0004705758
0.002593648 0.00117644
0.002595248 0.001647015
0.002596848 0.002235235
0.002598448 0.003058743
0.002600048 0.003529319
0.002601648 0.004235183
0.002603248 0.005411622
0.002604848 0.00564691
0.002606448 0.006470418
0.002608048 0.006940994
0.002609648 0.007646857
0.002611248 0.008470365
0.002612848 0.008940941
0.002614448 0.009646805
0.002616048 0.01047031
0.002617648 0.01094089
0.002619248 0.01129382
0.002620848 0.01199968
0.002622448 0.01235262
0.002624048 0.01317612
0.002625648 0.01352906
0.002627248 0.01388199
0.002628848 0.01399963
0.002630448 0.01458785
0.002632048 0.01494078
0.002633648 0.01529371
0.002635248 0.01564665
0.002636848 0.01611722
0.002638448 0.01682309
0.002640048 0.01694073
0.002641648 0.01799953
0.002643248 0.01823481
0.002644848 0.01858775
0.002646448 0.01917597
0.002648048 0.01964654
0.002649648 0.01929361
0.002651248 0.01917597
0.002652848 0.01941125
0.002654448 0.0195289
0.002656048 0.01882303
0.002657648 0.0184701
0.002659248 0.01788188
0.002660848 0.01764659
0.002662448 0.01717602
0.002664048 0.01729366
0.002665648 0.01705837
0.002667248 0.01717602
0.002668848 0.01741131
0.002670448 0.01776424
0.002672048 0.01811717
0.002673648 0.01858775
0.002675248 0.01941125
0.002676848 0.02023476
0.002678448 0.02023476
0.002680048 0.02129356
0.002681648 0.02164649
0.002683248 0.02247
0.002684848 0.02294057
0.002686448 0.02341115
0.002688048 0.02364644
0.002689648 0.0243523
0.002691248 0.02423466
0.002692848 0.02446994
0.002694448 0.02446994
0.002696048 0.02423466
0.002697648 0.02376408
0.002699248 0.02305822
0.002700848 0.02258764
0.002702448 0.02188178
0.002704048 0.0203524
0.002705648 0.0195289
0.002707248 0.01870539
0.002708848 0.01823481
0.002710448 0.01764659
0.002712048 0.01705837
0.002713648 0.01717602
0.002715248 0.01705837
0.002716848 0.01741131
0.002718448 0.01788188
0.002720048 0.01858775
0.002721648 0.0195289
0.002723248 0.02047005
0.002724848 0.02176413
0.002726448 0.02270528
0.002728048 0.02388172
0.002729648 0.02482288
0.002731248 0.02588167
0.002732848 0.02658753
0.002734448 0.0272934
0.002736048 0.02799926
0.002737648 0.02811691
0.002739248 0.02788162
0.002740848 0.02846984
0.002742448 0.02799926
0.002744048 0.02752869
0.002745648 0.02776397
0.002747248 0.02741104
0.002748848 0.02705811
0.002750448 0.02670518
0.002752048 0.02658753
0.002753648 0.02670518
0.002755248 0.02635225
0.002756848 0.02611696
0.002758448 0.02576403
0.002760048 0.02552874
0.002761648 0.02517581
0.002763248 0.0254111
0.002764848 0.02482288
0.002766448 0.02470523
0.002768048 0.02423466
0.002769648 0.02399937
0.002771248 0.0232935
0.002772848 0.02317586
0.002774448 0.02258764
0.002776048 0.02258764
0.002777648 0.02199942
0.002779248 0.02152884
0.002780848 0.02129356
0.002782448 0.02094062
0.002784048 0.02011712
0.002785648 0.01964654
0.002787248 0.01894068
0.002788848 0.01811717
0.002790448 0.01741131
0.002792048 0.01635251
0.002793648 0.01599958
0.002795248 0.01541136
0.002796848 0.01458785
0.002798448 0.01341141
0.002800048 0.01294084
0.002801648 0.01164675
0.002803248 0.01082324
0.002804848 0.009646805
0.002806448 0.008470365
0.002808048 0.007411569
0.002809648 0.006117486
0.002811248 0.004941046
0.002812848 0.003646963
0.002814448 0.002352879
0.002816048 0.0009411517
0.002817648 0
0.002819248 -0.001294084
0.002820848 -0.002352879
0.002822448 -0.003176387
0.002824048 -0.00447047
0.002825648 -0.00505869
0.002827248 -0.005764554
0.002828848 -0.006470418
0.002830448 -0.006940994
0.002832048 -0.007411569
0.002833648 -0.007999789
0.002835248 -0.008117433
0.002836848 -0.008705653
0.002838448 -0.008588009
0.002840048 -0.009176229
0.002841648 -0.009411517
0.002843248 -0.009529161
0.002844848 -0.01011738
0.002846448 -0.01047031
0.002848048 -0.01105853
0.002849648 -0.01199968
0.002851248 -0.01282319
0.002852848 -0.01376434
0.002854448 -0.01482314
0.002856048 -0.01564665
0.002857648 -0.0165878
0.002859248 -0.01788188
0.002860848 -0.01905832
0.002862448 -0.01988183
0.002864048 -0.02105827
0.002865648 -0.02211706
0.002867248 -0.02317586
0.002868848 -0.02388172
0.002870448 -0.02446994
0.002872048 -0.02505816
0.002873648 -0.02529345
0.002875248 -0.02611696
0.002876848 -0.02635225
0.002878448 -0.02694047
0.002880048 -0.02635225
0.002881648 -0.02635225
0.002883248 -0.0262346
0.002884848 -0.02635225
0.002886448 -0.02646989
0.002888048 -0.0262346
0.002889648 -0.02611696
0.002891248 -0.02635225
0.002892848 -0.02646989
0.002894448 -0.02646989
0.002896048 -0.0272934
0.002897648 -0.02788162
0.002899248 -0.02811691
0.002900848 -0.02858748
0.002902448 -0.02929335
0.002904048 -0.02988157
0.002905648 -0.02999921
0.002907248 -0.03082272
0.002908848 -0.03094036
0.002910448 -0.03105801
0.002912048 -0.03117565
0.002913648 -0.03094036
0.002915248 -0.03094036
0.002916848 -0.03094036
0.002918448 -0.03094036
0.002920048 -0.03046979
0.002921648 -0.03035214
0.002923248 -0.0302345
0.002924848 -0.02964628
0.002926448 -0.02988157
0.002928048 -0.02999921
0.002929648 -0.02952863
0.002931248 -0.02952863
0.002932848 -0.0291757
0.002934448 -0.02941099
0.002936048 -0.02882277
0.002937648 -0.02846984
0.002939248 -0.02799926
0.002940848 -0.02776397
0.002942448 -0.02670518
0.002944048 -0.0262346
0.002945648 -0.02552874
0.002947248 -0.02494052
0.002948848 -0.0243523
0.002950448 -0.02376408
0.002952048 -0.0232935
0.002953648 -0.02258764
0.002955248 -0.02211706
0.002956848 -0.0214112
0.002958448 -0.02070534
0.002960048 -0.02047005
0.002961648 -0.01988183
0.002963248 -0.01941125
0.002964848 -0.01870539
0.002966448 -0.01776424
0.002968048 -0.01741131
0.002969648 -0.01647015
0.002971248 -0.01541136
0.002972848 -0.01435256
0.002974448 -0.01282319
0.002976048 -0.01235262
0.002977648 -0.01082324
0.002979248 -0.009764449
0.002980848 -0.008588009
0.002982448 -0.007293925
0.002984048 -0.00623513
0.002985648 -0.004941046
0.002987248 -0.003882251
0.002988848 -0.003176387
0.002990448 -0.002470523
0.002992048 -0.001764659
0.002993648 -0.001411728
0.002995248 -0.001058796
0.002996848 -0.0004705758
0.002998448 -0.0004705758
0.003000048 0.000117644
0.003001648 0.0004705758
0.003003248 0.0007058638
0.003004848 0.001411728
0.003006448 0.001882303
0.003008048 0.002352879
0.003009648 0.003294031
0.003011248 0.004117539
0.003012848 0.00505869
0.003014448 0.00623513
0.003016048 0.006940994
0.003017648 0.008352721
0.003019248 0.009411517
0.003020848 0.01058796
0.003022448 0.01211733
0.003024048 0.01305848
0.003025648 0.01447021
0.003027248 0.01564665
0.003028848 0.01717602
0.003030448 0.01788188
0.003032048 0.01894068
0.003033648 0.0203524
0.003035248 0.02117591
0.003036848 0.02199942
0.003038448 0.02270528
0.003040048 0.0232935
0.003041648 0.02411701
0.003043248 0.02470523
0.003044848 0.02494052
0.003046448 0.02564638
0.003048048 0.02588167
0.003049648 0.02599931
0.003051248 0.02646989
0.003052848 0.02682282
0.003054448 0.02752869
0.003056048 0.02823455
0.003057648 0.02811691
0.003059248 0.02870513
0.003060848 0.0291757
0.003062448 0.02941099
0.003064048 0.02941099
0.003065648 0.03011685
0.003067248 0.03082272
0.003068848 0.03117565
0.003070448 0.03105801
0.003072048 0.03117565
0.003073648 0.03223444
0.003075248 0.03246973
0.003076848 0.03258738
0.003078448 0.03388146
0.003080048 0.03458732
0.003081648 0.03541083
0.003083248 0.03623434
0.003084848 0.03682256
0.003086448 0.03752842
0.003088048 0.03811664
0.003089648 0.03835193
0.003091248 0.03858722
0.003092848 0.03894015
0.003094448 0.03870486
0.003096048 0.03858722
0.003097648 0.03835193
0.003099248 0.03788135
0.003100848 0.03729313
0.003102448 0.0361167
0.003104048 0.03541083
0.003105648 0.03446968
0.003107248 0.0331756
0.003108848 0.03246973
0.003110448 0.03094036
0.003112048 0.02999921
0.003113648 0.02870513
0.003115248 0.02752869
0.003116848 0.02658753
0.003118448 0.02564638
0.003120048 0.02446994
0.003121648 0.02364644
0.003123248 0.02247
0.003124848 0.02164649
0.003126448 0.02023476
0.003128048 0.01858775
0.003129648 0.01741131
0.003131248 0.01564665
0.003132848 0.01399963
0.003134448 0.0125879
0.003136048 0.01082324
0.003137648 0.009176229
0.003139248 0.007764501
0.003140848 0.005882198
0.003142448 0.004705758
0.003144048 0.002941099
0.003145648 0.001647015
0.003147248 0
0.003148848 -0.001294084
0.003150448 -0.002588167
0.003152048 -0.003764607
0.003153648 -0.004705758
0.003155248 -0.005882198
0.003156848 -0.006705706
0.003158448 -0.007176281
0.003160048 -0.007529213
0.003161648 -0.007999789
0.003163248 -0.008470365
0.003164848 -0.008588009
0.003166448 -0.008940941
0.003168048 -0.008940941
0.003169648 -0.009176229
0.003171248 -0.009882093
0.003172848 -0.009882093
0.003174448 -0.01011738
0.003176048 -0.0107056
0.003177648 -0.01094089
0.003179248 -0.01129382
0.003180848 -0.01223497
0.003182448 -0.01294084
0.003184048 -0.0136467
0.003185648 -0.01435256
0.003187248 -0.01494078
0.003188848 -0.01635251
0.003190448 -0.01741131
0.003192048 -0.01788188
0.003193648 -0.01917597
0.003195248 -0.01976419
0.003196848 -0.02094062
0.003198448 -0.02164649
0.003200048 -0.02211706
0.003201648 -0.02258764
0.003203248 -0.02341115
0.003204848 -0.02399937
0.003206448 -0.0243523
0.003208048 -0.02482288
0.003209648 -0.02529345
0.003211248 -0.02529345
0.003212848 -0.02552874
0.003214448 -0.02564638
0.003216048 -0.02611696
0.003217648 -0.0254111
0.003219248 -0.02517581
0.003220848 -0.02505816
0.003222448 -0.02411701
0.003224048 -0.02399937
0.003225648 -0.0232935
0.003227248 -0.02247
0.003228848 -0.02176413
0.003230448 -0.02152884
0.003232048 -0.02070534
0.003233648 -0.02011712
0.003235248 -0.01976419
0.003236848 -0.01941125
0.003238448 -0.01917597
0.003240048 -0.01870539
0.003241648 -0.01894068
0.003243248 -0.01835246
0.003244848 -0.01799953
0.003246448 -0.01799953
0.003248048 -0.01776424
0.003249648 -0.01811717
0.003251248 -0.01835246
0.003252848 -0.01799953
0.003254448 -0.0184701
0.003256048 -0.01823481
0.003257648 -0.01858775
0.003259248 -0.01799953
0.003260848 -0.01799953
0.003262448 -0.01764659
0.003264048 -0.01752895
0.003265648 -0.01729366
0.003267248 -0.01694073
0.003268848 -0.01635251
0.003270448 -0.01635251
0.003272048 -0.01588193
0.003273648 -0.01599958
0.003275248 -0.01588193
0.003276848 -0.01611722
0.003278448 -0.01576429
0.003280048 -0.01611722
0.003281648 -0.01588193
0.003283248 -0.01564665
0.003284848 -0.01576429
0.003286448 -0.01541136
0.003288048 -0.01505843
0.003289648 -0.01529371
0.003291248 -0.01482314
0.003292848 -0.01482314
0.003294448 -0.01423492
0.003296048 -0.01435256
0.003297648 -0.01435256
0.003299248 -0.01388199
0.003300848 -0.01376434
0.003302448 -0.01352906
0.003304048 -0.01399963
0.003305648 -0.01399963
0.003307248 -0.01399963
0.003308848 -0.01376434
0.003310448 -0.01399963
0.003312048 -0.01411728
0.003313648 -0.01423492
0.003315248 -0.01458785
0.003316848 -0.01517607
0.003318448 -0.01517607
0.003320048 -0.01611722
0.003321648 -0.01611722
0.003323248 -0.01635251
0.003324848 -0.01682309
0.003326448 -0.01717602
0.003328048 -0.01788188
0.003329648 -0.01752895
0.003331248 -0.01811717
0.003332848 -0.01858775
0.003334448 -0.01894068
0.003336048 -0.01964654
0.003337648 -0.01999947
0.003339248 -0.02058769
0.003340848 -0.0214112
0.003342448 -0.02176413
0.003344048 -0.02235235
0.003345648 -0.02305822
0.003347248 -0.02364644
0.003348848 -0.02446994
0.003350448 -0.02470523
0.003352048 -0.02517581
0.003353648 -0.02564638
0.003355248 -0.02599931
0.003356848 -0.02599931
0.003358448 -0.0262346
0.003360048 -0.02635225
0.003361648 -0.02658753
0.003363248 -0.0262346
0.003364848 -0.02694047
0.003366448 -0.02646989
0.003368048 -0.02658753
0.003369648 -0.0262346
0.003371248 -0.02611696
0.003372848 -0.0262346
0.003374448 -0.02599931
0.003376048 -0.0262346
0.003377648 -0.02599931
0.003379248 -0.02646989
0.003380848 -0.02658753
0.003382448 -0.02682282
0.003384048 -0.02694047
0.003385648 -0.02682282
0.003387248 -0.02682282
0.003388848 -0.02694047
0.003390448 -0.02705811
0.003392048 -0.02694047
0.003393648 -0.02658753
0.003395248 -0.02611696
0.003396848 -0.02588167
0.003398448 -0.02576403
0.003400048 -0.02517581
0.003401648 -0.02470523
0.003403248 -0.02423466
0.003404848 -0.02352879
0.003406448 -0.02305822
0.003408048 -0.02223471
0.003409648 -0.02176413
0.003411248 -0.02117591
0.003412848 -0.02023476
0.003414448 -0.0195289
0.003416048 -0.0184701
0.003417648 -0.01741131
0.003419248 -0.01682309
0.003420848 -0.01576429
0.003422448 -0.01494078
0.003424048 -0.01399963
0.003425648 -0.01270555
0.003427248 -0.0117644
0.003428848 -0.01023502
0.003430448 -0.009646805
0.003432048 -0.008117433
0.003433648 -0.007058638
0.003435248 -0.00623513
0.003436848 -0.004941046
0.003438448 -0.004352826
0.003440048 -0.002941099
0.003441648 -0.002235235
0.003443248 -0.001294084
0.003444848 -0.000117644
0.003446448 0.0005882198
0.003448048 0.001294084
0.003449648 0.002470523
0.003451248 0.003176387
0.003452848 0.003646963
0.003454448 0.004823402
0.003456048 0.005882198
0.003457648 0.006705706
0.003459248 0.007646857
0.003460848 0.008588009
0.003462448 0.009411517
0.003464048 0.01082324
0.003465648 0.01152911
0.003467248 0.01270555
0.003468848 0.01388199
0.003470448 0.01494078
0.003472048 0.01599958
0.003473648 0.01705837
0.003475248 0.01835246
0.003476848 0.01929361
0.003478448 0.02047005
0.003480048 0.0214112
0.003481648 0.02270528
0.003483248 0.02352879
0.003484848 0.02411701
0.003486448 0.02494052
0.003488048 0.02576403
0.003489648 0.02635225
0.003491248 0.02670518
0.003492848 0.02670518
0.003494448 0.02776397
0.003496048 0.02799926
0.003497648 0.02846984
0.003499248 0.02846984
0.003500848 0.02858748
0.003502448 0.02870513
0.003504048 0.02894041
0.003505648 0.02894041
0.003507248 0.02894041
0.003508848 0.02882277
0.003510448 0.02858748
0.003512048 0.0291757
0.003513648 0.02894041
0.003515248 0.02870513
0.003516848 0.02882277
0.003518448 0.02835219
0.003520048 0.02811691
0.003521648 0.02764633
0.003523248 0.02752869
0.003524848 0.02670518
0.003526448 0.02646989
0.003528048 0.02576403
0.003529648 0.02529345
0.003531248 0.02470523
0.003532848 0.02352879
0.003534448 0.02223471
0.003536048 0.02129356
0.003537648 0.0203524
0.003539248 0.01905832
0.003540848 0.01799953
0.003542448 0.01764659
0.003544048 0.01635251
0.003545648 0.01505843
0.003547248 0.01447021
0.003548848 0.01341141
0.003550448 0.01247026
0.003552048 0.0117644
0.003553648 0.01094089
0.003555248 0.01011738
0.003556848 0.009529161
0.003558448 0.008588009
0.003560048 0.007529213
0.003561648 0.006352774
0.003563248 0.005293978
0.003564848 0.004235183
0.003566448 0.003411675
0.003568048 0.002117591
0.003569648 0.00117644
0.003571248 0
0.003572848 -0.0009411517
0.003574448 -0.002352879
0.003576048 -0.003529319
0.003577648 -0.004352826
0.003579248 -0.005529266
0.003580848 -0.00623513
0.003582448 -0.007293925
0.003584048 -0.007646857
0.003585648 -0.008705653
0.003587248 -0.009176229
0.003588848 -0.009764449
0.003590448 -0.01011738
0.003592048 -0.01058796
0.003593648 -0.01105853
0.003595248 -0.01141146
0.003596848 -0.01152911
0.003598448 -0.01152911
0.003600048 -0.01199968
0.003601648 -0.01211733
0.003603248 -0.01235262
0.003604848 -0.0125879
0.003606448 -0.01282319
0.003608048 -0.0125879
0.003609648 -0.0125879
0.003611248 -0.01247026
0.003612848 -0.01282319
0.003614448 -0.01305848
0.003616048 -0.01305848
0.003617648 -0.01329377
0.003619248 -0.01317612
0.003620848 -0.01341141
0.003622448 -0.01341141
0.003624048 -0.0136467
0.003625648 -0.0136467
0.003627248 -0.01341141
0.003628848 -0.01282319
0.003630448 -0.0125879
0.003632048 -0.01247026
0.003633648 -0.01211733
0.003635248 -0.01117618
0.003636848 -0.01047031
0.003638448 -0.009999736
0.003640048 -0.009058585
0.003641648 -0.008352721
0.003643248 -0.007293925
0.003644848 -0.006705706
0.003646448 -0.005529266
0.003648048 -0.004705758
0.003649648 -0.003646963
0.003651248 -0.002705811
0.003652848 -0.001764659
0.003654448 -0.0008235077
0.003656048 -0.0003529319
0.003657648 0.0008235077
0.003659248 0.001647015
0.003660848 0.002235235
0.003662448 0.003176387
0.003664048 0.003764607
0.003665648 0.004705758
0.003667248 0.00564691
0.003668848 0.006352774
0.003670448 0.006940994
0.003672048 0.007882145
0.003673648 0.008352721
0.003675248 0.009058585
0.003676848 0.009646805
0.003678448 0.009999736
0.003680048 0.01058796
0.003681648 0.01105853
0.003683248 0.01152911
0.003684848 0.01129382
0.003686448 0.01223497
0.003688048 0.01235262
0.003689648 0.01247026
0.003691248 0.01294084
0.003692848 0.01329377
0.003694448 0.01388199
0.003696048 0.01411728
0.003697648 0.01470549
0.003699248 0.01529371
0.003700848 0.01611722
0.003702448 0.01682309
0.003704048 0.01788188
0.003705648 0.0184701
0.003707248 0.0195289
0.003708848 0.02023476
0.003710448 0.02094062
0.003712048 0.02164649
0.003713648 0.02223471
0.003715248 0.02258764
0.003716848 0.02305822
0.003718448 0.02317586
0.003720048 0.02352879
0.003721648 0.02364644
0.003723248 0.02364644
0.003724848 0.02341115
0.003726448 0.02341115
0.003728048 0.02294057
0.003729648 0.02294057
0.003731248 0.02235235
0.003732848 0.02188178
0.003734448 0.02129356
0.003736048 0.02105827
0.003737648 0.0203524
0.003739248 0.01976419
0.003740848 0.01929361
0.003742448 0.01823481
0.003744048 0.01741131
0.003745648 0.01682309
0.003747248 0.01588193
0.003748848 0.01576429
0.003750448 0.01494078
0.003752048 0.01447021
0.003753648 0.01376434
0.003755248 0.01341141
0.003756848 0.01282319
0.003758448 0.01235262
0.003760048 0.0117644
0.003761648 0.01117618
0.003763248 0.01082324
0.003764848 0.01035267
0.003766448 0.009646805
0.003768048 0.009293873
0.003769648 0.009058585
0.003771248 0.008235077
0.003772848 0.007646857
0.003774448 0.007293925
0.003776048 0.00682335
0.003777648 0.006352774
0.003779248 0.005764554
0.003780848 0.00505869
0.003782448 0.003999895
0.003784048 0.003764607
0.003785648 0.002705811
0.003787248 0.001882303
0.003788848 0.001058796
0.003790448 0.000117644
0.003792048 -0.0007058638
0.003793648 -0.001882303
0.003795248 -0.002823455
0.003796848 -0.004235183
0.003798448 -0.005529266
0.003800048 -0.006470418
0.003801648 -0.007411569
0.003803248 -0.008470365
0.003804848 -0.009411517
0.003806448 -0.01011738
0.003808048 -0.01152911
0.003809648 -0.01211733
0.003811248 -0.0125879
0.003812848 -0.01329377
0.003814448 -0.01399963
0.003816048 -0.01435256
0.003817648 -0.01505843
0.003819248 -0.01529371
0.003820848 -0.01588193
0.003822448 -0.01623487
0.003824048 -0.01647015
0.003825648 -0.01729366
0.003827248 -0.01764659
0.003828848 -0.01835246
0.003830448 -0.01941125
0.003832048 -0.01976419
0.003833648 -0.0203524
0.003835248 -0.02082298
0.003836848 -0.0214112
0.003838448 -0.02164649
0.003840048 -0.02211706
0.003841648 -0.02247
0.003843248 -0.02294057
0.003844848 -0.02258764
0.003846448 -0.0232935
0.003848048 -0.0232935
0.003849648 -0.02317586
0.003851248 -0.02282293
0.003852848 -0.02282293
0.003854448 -0.02223471
0.003856048 -0.02199942
0.003857648 -0.02176413
0.003859248 -0.02129356
0.003860848 -0.02094062
0.003862448 -0.02058769
0.003864048 -0.02023476
0.003865648 -0.01988183
0.003867248 -0.01917597
0.003868848 -0.01941125
0.003870448 -0.01870539
0.003872048 -0.01835246
0.003873648 -0.01799953
0.003875248 -0.01776424
0.003876848 -0.01694073
0.003878448 -0.01682309
0.003880048 -0.01588193
0.003881648 -0.01529371
0.003883248 -0.01435256
0.003884848 -0.01317612
0.003886448 -0.01235262
0.003888048 -0.01188204
0.003889648 -0.0107056
0.003891248 -0.01011738
0.003892848 -0.009176229
0.003894448 -0.008470365
0.003896048 -0.007764501
0.003897648 -0.006940994
0.003899248 -0.005882198
0.003900848 -0.005176334
0.003902448 -0.004823402
0.003904048 -0.003764607
0.003905648 -0.002941099
0.003907248 -0.002352879
0.003908848 -0.001294084
0.003910448 -0.0007058638
0.003912048 0.000117644
0.003913648 0.001058796
0.003915248 0.001647015
0.003916848 0.002588167
0.003918448 0.003176387
0.003920048 0.003999895
0.003921648 0.005293978
0.003923248 0.00564691
0.003924848 0.006705706
0.003926448 0.007764501
0.003928048 0.008235077
0.003929648 0.009293873
0.003931248 0.009882093
0.003932848 0.0107056
0.003934448 0.01152911
0.003936048 0.01211733
0.003937648 0.01282319
0.003939248 0.01305848
0.003940848 0.01435256
0.003942448 0.01470549
0.003944048 0.01517607
0.003945648 0.015529
0.003947248 0.01576429
0.003948848 0.01635251
0.003950448 0.01623487
0.003952048 0.01611722
0.003953648 0.01635251
0.003955248 0.01611722
0.003956848 0.01588193
0.003958448 0.015529
0.003960048 0.01505843
0.003961648 0.01494078
0.003963248 0.01447021
0.003964848 0.01411728
0.003966448 0.01411728
0.003968048 0.01352906
0.003969648 0.01294084
0.003971248 0.0125879
0.003972848 0.01235262
0.003974448 0.01188204
0.003976048 0.01164675
0.003977648 0.01152911
0.003979248 0.01105853
0.003980848 0.01023502
0.003982448 0.01023502
0.003984048 0.009646805
0.003985648 0.009411517
0.003987248 0.008823297
0.003988848 0.008235077
0.003990448 0.007999789
0.003992048 0.007058638
0.003993648 0.006588062
0.003995248 0.005882198
0.003996848 0.005176334
0.003998448 0.004117539
0.004000048 0.003294031
0.004001648 0.002235235
0.004003248 0.001411728
0.004004848 0.0004705758
0.004006448 -0.0003529319
0.004008048 -0.001529371
0.004009648 -0.002705811
0.004011248 -0.003764607
0.004012848 -0.004352826
0.004014448 -0.005176334
0.004016048 -0.00623513
0.004017648 -0.00682335
0.004019248 -0.007999789
0.004020848 -0.008705653
0.004022448 -0.009293873
0.004024048 -0.009646805
0.004025648 -0.01047031
0.004027248 -0.01082324
0.004028848 -0.01117618
0.004030448 -0.01188204
0.004032048 -0.01235262
0.004033648 -0.01317612
0.004035248 -0.01352906
0.004036848 -0.01411728
0.004038448 -0.01423492
0.004040048 -0.01517607
0.004041648 -0.01588193
0.004043248 -0.01670544
0.004044848 -0.01741131
0.004046448 -0.01811717
0.004048048 -0.01870539
0.004049648 -0.01929361
0.004051248 -0.02011712
0.004052848 -0.02105827
0.004054448 -0.02176413
0.004056048 -0.02223471
0.004057648 -0.0232935
0.004059248 -0.02364644
0.004060848 -0.0243523
0.004062448 -0.02505816
0.004064048 -0.0254111
0.004065648 -0.02599931
0.004067248 -0.02646989
0.004068848 -0.02646989
0.004070448 -0.02717575
0.004072048 -0.02741104
0.004073648 -0.02752869
0.004075248 -0.02752869
0.004076848 -0.02764633
0.004078448 -0.0272934
0.004080048 -0.02705811
0.004081648 -0.02682282
0.004083248 -0.02646989
0.004084848 -0.02646989
0.004086448 -0.02588167
0.004088048 -0.02599931
0.004089648 -0.02517581
0.004091248 -0.02505816
0.004092848 -0.02470523
0.004094448 -0.02388172
0.004096048 -0.02364644
0.004097648 -0.02305822
0.004099248 -0.02270528
0.004100848 -0.02199942
0.004102448 -0.02152884
0.004104048 -0.02070534
0.004105648 -0.02011712
0.004107248 -0.01929361
0.004108848 -0.01917597
0.004110448 -0.01835246
0.004112048 -0.01764659
0.004113648 -0.01752895
0.004115248 -0.0165878
0.004116848 -0.01599958
0.004118448 -0.01541136
0.004120048 -0.01505843
0.004121648 -0.01399963
0.004123248 -0.01317612
0.004124848 -0.01294084
0.004126448 -0.01199968
0.004128048 -0.01129382
0.004129648 -0.01058796
0.004131248 -0.009999736
0.004132848 -0.009058585
0.004134448 -0.008117433
0.004136048 -0.007176281
0.004137648 -0.006588062
0.004139248 -0.005411622
0.004140848 -0.00447047
0.004142448 -0.003764607
0.004144048 -0.002705811
0.004145648 -0.001647015
0.004147248 -0.001529371
0.004148848 -0.0007058638
0.004150448 -0.000117644
0.004152048 0.0004705758
0.004153648 0.0009411517
0.004155248 0.001294084
0.004156848 0.001529371
0.004158448 0.002117591
0.004160048 0.002823455
0.004161648 0.002941099
0.004163248 0.003411675
0.004164848 0.003882251
0.004166448 0.004352826
0.004168048 0.00505869
0.004169648 0.00505869
0.004171248 0.005529266
0.004172848 0.00564691
0.004174448 0.005999842
0.004176048 0.006117486
0.004177648 0.006588062
0.004179248 0.007058638
0.004180848 0.007293925
0.004182448 0.007646857
0.004184048 0.007646857
0.004185648 0.007882145
0.004187248 0.007764501
0.004188848 0.007882145
0.004190448 0.008117433
0.004192048 0.007882145
0.004193648 0.007999789
0.004195248 0.007293925
0.004196848 0.007411569
0.004198448 0.007058638
0.004200048 0.006352774
