LECROYWS4024HD 19320 Waveform
Segments 1 SegmentSize 3127
Segment TrigTime TimeSinceSegment1
#1 04-Jun-2024 16:40:27 0                 
Time Ampl
-0.0008006018 0
-0.0007990018 0
-0.0007974018 0.0002352879
-0.0007958018 0
-0.0007942018 -0.0004705758
-0.0007926018 0.0002352879
-0.0007910018 -0.0002352879
-0.0007894018 -0.0002352879
-0.0007878018 0
-0.0007862018 0
-0.0007846018 -0.0004705758
-0.0007830018 -0.0002352879
-0.0007814018 -0.0007058638
-0.0007798018 -0.0002352879
-0.0007782018 -0.0004705758
-0.0007766018 0.0002352879
-0.0007750018 0
-0.0007734018 -0.0002352879
-0.0007718018 0
-0.0007702018 0.0007058638
-0.0007686018 0
-0.0007670018 0.0002352879
-0.0007654018 -0.0004705758
-0.0007638018 0.0004705758
-0.0007622018 -0.0002352879
-0.0007606018 0
-0.0007590018 -0.0002352879
-0.0007574018 0
-0.0007558018 0
-0.0007542018 0
-0.0007526018 -0.0002352879
-0.0007510018 0
-0.0007494018 0.0002352879
-0.0007478018 -0.0002352879
-0.0007462018 0.0004705758
-0.0007446018 -0.0002352879
-0.0007430018 -0.0007058638
-0.0007414018 0
-0.0007398018 0
-0.0007382018 0.0002352879
-0.0007366018 -0.0002352879
-0.0007350018 0.0002352879
-0.0007334018 -0.0002352879
-0.0007318018 0
-0.0007302018 0
-0.0007286018 0.0004705758
-0.0007270018 -0.0002352879
-0.0007254018 0.0002352879
-0.0007238018 0
-0.0007222018 0.0002352879
-0.0007206018 0
-0.0007190018 0.0002352879
-0.0007174018 -0.0002352879
-0.0007158018 0.0004705758
-0.0007142018 -0.0002352879
-0.0007126018 0
-0.0007110018 -0.0002352879
-0.0007094018 0.0004705758
-0.0007078018 0
-0.0007062018 0.0002352879
-0.0007046018 -0.0004705758
-0.0007030018 0.0002352879
-0.0007014018 -0.0002352879
-0.0006998018 0.0002352879
-0.0006982018 0.0002352879
-0.0006966018 0.0004705758
-0.0006950018 -0.0002352879
-0.0006934018 0.0002352879
-0.0006918018 0
-0.0006902018 0.0004705758
-0.0006886018 0
-0.0006870018 0.0002352879
-0.0006854018 0
-0.0006838018 0
-0.0006822018 0
-0.0006806018 0.0007058638
-0.0006790018 -0.0004705758
-0.0006774018 0.0004705758
-0.0006758018 -0.0004705758
-0.0006742018 -0.0002352879
-0.0006726018 -0.0002352879
-0.0006710018 0
-0.0006694018 -0.0007058638
-0.0006678018 -0.0002352879
-0.0006662018 0
-0.0006646018 0.0002352879
-0.0006630018 0.0002352879
-0.0006614018 0.0004705758
-0.0006598018 -0.0004705758
-0.0006582018 0.0002352879
-0.0006566018 -0.0002352879
-0.0006550018 0.0004705758
-0.0006534018 -0.0002352879
-0.0006518018 0.0004705758
-0.0006502018 -0.0002352879
-0.0006486018 0.0002352879
-0.0006470018 -0.0002352879
-0.0006454018 0.0004705758
-0.0006438018 -0.0002352879
-0.0006422018 0.0002352879
-0.0006406018 0
-0.0006390018 0.0002352879
-0.0006374018 -0.0002352879
-0.0006358018 0
-0.0006342018 0.0002352879
-0.0006326018 0.0002352879
-0.0006310018 -0.0007058638
-0.0006294018 -0.0004705758
-0.0006278018 -0.0007058638
-0.0006262018 0.0002352879
-0.0006246018 -0.0002352879
-0.0006230018 0.0002352879
-0.0006214018 0.0002352879
-0.0006198018 0
-0.0006182018 0
-0.0006166018 -0.0002352879
-0.0006150018 -0.0002352879
-0.0006134018 0
-0.0006118018 0
-0.0006102018 -0.0004705758
-0.0006086018 0
-0.0006070018 0.0004705758
-0.0006054018 -0.0004705758
-0.0006038018 -0.0002352879
-0.0006022018 -0.0002352879
-0.0006006018 -0.0002352879
-0.0005990018 -0.0004705758
-0.0005974018 0.0004705758
-0.0005958018 0.0002352879
-0.0005942018 0.0007058638
-0.0005926018 -0.0002352879
-0.0005910018 0
-0.0005894018 -0.0004705758
-0.0005878018 0
-0.0005862018 -0.0002352879
-0.0005846018 -0.0002352879
-0.0005830018 -0.0002352879
-0.0005814018 0
-0.0005798018 0
-0.0005782018 0
-0.0005766018 -0.0004705758
-0.0005750018 0.0002352879
-0.0005734018 -0.0004705758
-0.0005718018 0
-0.0005702018 -0.0007058638
-0.0005686018 0.0004705758
-0.0005670018 -0.0004705758
-0.0005654018 0
-0.0005638018 -0.0004705758
-0.0005622018 -0.0002352879
-0.0005606018 -0.0004705758
-0.0005590018 0.0002352879
-0.0005574018 0.0002352879
-0.0005558018 0
-0.0005542018 -0.0007058638
-0.0005526018 0
-0.0005510018 0
-0.0005494018 -0.0002352879
-0.0005478018 0
-0.0005462018 0.0004705758
-0.0005446018 -0.0002352879
-0.0005430018 0.0002352879
-0.0005414018 -0.0002352879
-0.0005398018 0.0007058638
-0.0005382018 0
-0.0005366018 0.0002352879
-0.0005350018 -0.0004705758
-0.0005334018 0.0004705758
-0.0005318018 0.0007058638
-0.0005302018 0.0002352879
-0.0005286018 -0.0002352879
-0.0005270018 0.0004705758
-0.0005254018 0
-0.0005238018 0.0004705758
-0.0005222018 0
-0.0005206018 -0.0002352879
-0.0005190018 0
-0.0005174018 0.0002352879
-0.0005158018 0
-0.0005142018 0.0002352879
-0.0005126018 -0.0004705758
-0.0005110018 0.0002352879
-0.0005094018 -0.0002352879
-0.0005078018 0.0004705758
-0.0005062018 0
-0.0005046018 0.0002352879
-0.0005030018 -0.0007058638
-0.0005014018 0.0002352879
-0.0004998018 -0.0002352879
-0.0004982018 0.0002352879
-0.0004966018 -0.0002352879
-0.0004950018 0.0002352879
-0.0004934018 -0.0002352879
-0.0004918018 0.0002352879
-0.0004902018 -0.0002352879
-0.0004886018 0.0004705758
-0.0004870018 0.0004705758
-0.0004854018 0
-0.0004838018 -0.0002352879
-0.0004822018 0.0002352879
-0.0004806018 0
-0.0004790018 0.0002352879
-0.0004774018 -0.0002352879
-0.0004758018 0
-0.0004742018 0.0002352879
-0.0004726018 0.0004705758
-0.0004710018 -0.0004705758
-0.0004694018 0.0004705758
-0.0004678018 -0.0002352879
-0.0004662018 0
-0.0004646018 0.0002352879
-0.0004630018 0.0004705758
-0.0004614018 0.0004705758
-0.0004598018 0.0004705758
-0.0004582018 -0.0004705758
-0.0004566018 0
-0.0004550018 0.0002352879
-0.0004534018 0.0002352879
-0.0004518018 0.0002352879
-0.0004502018 -0.0002352879
-0.0004486018 0
-0.0004470018 0.0004705758
-0.0004454018 -0.0002352879
-0.0004438018 0.0004705758
-0.0004422018 0
-0.0004406018 0
-0.0004390018 0
-0.0004374018 0.0002352879
-0.0004358018 0.0002352879
-0.0004342018 0.0002352879
-0.0004326018 -0.0002352879
-0.0004310018 0.0004705758
-0.0004294018 0.0007058638
-0.0004278018 0.0004705758
-0.0004262018 -0.0004705758
-0.0004246018 0.0007058638
-0.0004230018 -0.0002352879
-0.0004214018 0.0007058638
-0.0004198018 -0.0002352879
-0.0004182018 0
-0.0004166018 -0.0002352879
-0.0004150018 0.0004705758
-0.0004134018 -0.0002352879
-0.0004118018 -0.0002352879
-0.0004102018 -0.0002352879
-0.0004086018 0.0004705758
-0.0004070018 -0.0002352879
-0.0004054018 0.0007058638
-0.0004038018 0
-0.0004022018 0.0004705758
-0.0004006018 0
-0.0003990018 0.0007058638
-0.0003974018 0.0002352879
-0.0003958018 0.0002352879
-0.0003942018 -0.0004705758
-0.0003926018 0.0004705758
-0.0003910018 -0.0002352879
-0.0003894018 0.0009411517
-0.0003878018 0
-0.0003862018 0.0007058638
-0.0003846018 -0.0002352879
-0.0003830018 0
-0.0003814018 -0.0002352879
-0.0003798018 0.0004705758
-0.0003782018 0.0002352879
-0.0003766018 0.0004705758
-0.0003750018 0
-0.0003734018 0.0002352879
-0.0003718018 0.0002352879
-0.0003702018 0.0004705758
-0.0003686018 0.0002352879
-0.0003670018 0.0004705758
-0.0003654018 -0.0004705758
-0.0003638018 0
-0.0003622018 0.0002352879
-0.0003606018 0.0004705758
-0.0003590018 0
-0.0003574018 0.0004705758
-0.0003558018 0.0002352879
-0.0003542018 0.0007058638
-0.0003526018 0.0002352879
-0.0003510018 0.0007058638
-0.0003494018 -0.0004705758
-0.0003478018 0.0004705758
-0.0003462018 0.0002352879
-0.0003446018 0.0002352879
-0.0003430018 0.0002352879
-0.0003414018 0.0002352879
-0.0003398018 0
-0.0003382018 0
-0.0003366018 -0.0004705758
-0.0003350018 0.0002352879
-0.0003334018 0.0002352879
-0.0003318018 0.0007058638
-0.0003302018 0
-0.0003286018 0.0004705758
-0.0003270018 0.0002352879
-0.0003254018 0.0002352879
-0.0003238018 0
-0.0003222018 0
-0.0003206018 0.0002352879
-0.0003190018 0
-0.0003174018 -0.0002352879
-0.0003158018 0.0002352879
-0.0003142018 0.0007058638
-0.0003126018 0.0002352879
-0.0003110018 0
-0.0003094018 0.0007058638
-0.0003078018 0
-0.0003062018 0.0004705758
-0.0003046018 0
-0.0003030018 -0.0002352879
-0.0003014018 0
-0.0002998018 0.0002352879
-0.0002982018 -0.0004705758
-0.0002966018 0.0004705758
-0.0002950018 0
-0.0002934018 0.0002352879
-0.0002918018 -0.0004705758
-0.0002902018 0
-0.0002886018 -0.0002352879
-0.0002870018 0.0004705758
-0.0002854018 -0.0004705758
-0.0002838018 0
-0.0002822018 0
-0.0002806018 0.0007058638
-0.0002790018 0
-0.0002774018 0
-0.0002758018 0
-0.0002742018 0.0004705758
-0.0002726018 -0.0002352879
-0.0002710018 0
-0.0002694018 0.0002352879
-0.0002678018 0.0007058638
-0.0002662018 -0.0004705758
-0.0002646018 0.0002352879
-0.0002630018 -0.0004705758
-0.0002614018 0.0002352879
-0.0002598018 0
-0.0002582018 0.0004705758
-0.0002566018 0.0002352879
-0.0002550018 0.0004705758
-0.0002534018 0
-0.0002518018 0.0004705758
-0.0002502018 0.0002352879
-0.0002486018 0.0002352879
-0.0002470018 -0.0002352879
-0.0002454018 0.0002352879
-0.0002438018 0.0002352879
-0.0002422018 0.0004705758
-0.0002406018 -0.0002352879
-0.0002390018 0.0004705758
-0.0002374018 0
-0.0002358018 0.0002352879
-0.0002342018 0
-0.0002326018 0.0007058638
-0.0002310018 0
-0.0002294018 0.0002352879
-0.0002278018 -0.0002352879
-0.0002262018 -0.0002352879
-0.0002246018 -0.0002352879
-0.0002230018 0.0004705758
-0.0002214018 -0.0002352879
-0.0002198018 0.0007058638
-0.0002182018 0.0002352879
-0.0002166018 0.0002352879
-0.0002150018 0
-0.0002134018 0.0004705758
-0.0002118018 -0.0002352879
-0.0002102018 0.0002352879
-0.0002086018 -0.0002352879
-0.0002070018 0
-0.0002054018 0.0002352879
-0.0002038018 0
-0.0002022018 0
-0.0002006018 0.0002352879
-0.0001990018 0
-0.0001974018 0.0002352879
-0.0001958018 0
-0.0001942018 0.0007058638
-0.0001926018 0
-0.0001910018 0.0002352879
-0.0001894018 0
-0.0001878018 0.0002352879
-0.0001862018 0
-0.0001846018 0
-0.0001830018 0.0002352879
-0.0001814018 -0.0002352879
-0.0001798018 0.0002352879
-0.0001782018 0.0009411517
-0.0001766018 0.0002352879
-0.0001750018 0.0002352879
-0.0001734018 0.0002352879
-0.0001718018 0.0002352879
-0.0001702018 0.0002352879
-0.0001686018 0.0007058638
-0.0001670018 -0.0002352879
-0.0001654018 0.0004705758
-0.0001638018 0.0002352879
-0.0001622018 0
-0.0001606018 0
-0.0001590018 0
-0.0001574018 0
-0.0001558018 0.0004705758
-0.0001542018 0.0002352879
-0.0001526018 0.0002352879
-0.0001510018 0
-0.0001494018 0.0004705758
-0.0001478018 0.0002352879
-0.0001462018 -0.0002352879
-0.0001446018 0
-0.0001430018 0.0004705758
-0.0001414018 -0.0002352879
-0.0001398018 0.0007058638
-0.0001382018 0
-0.0001366018 0.0007058638
-0.0001350018 0.0002352879
-0.0001334018 0.0002352879
-0.0001318018 0
-0.0001302018 0.0007058638
-0.0001286018 0
-0.0001270018 0.0002352879
-0.0001254018 0.0002352879
-0.0001238018 0.0004705758
-0.0001222018 0.0002352879
-0.0001206018 0
-0.0001190018 0.0002352879
-0.0001174018 0.0009411517
-0.0001158018 0.0004705758
-0.0001142018 0.0004705758
-0.0001126018 0.0002352879
-0.0001110018 0.0007058638
-0.0001094018 0
-0.0001078018 0.0007058638
-0.0001062018 0.0002352879
-0.0001046018 0.0004705758
-0.0001030018 0.0002352879
-0.0001014018 0.0004705758
-9.98018e-005 0
-9.82018e-005 0.0002352879
-9.66018e-005 -0.0004705758
-9.50018e-005 0.0009411517
-9.34018e-005 0.0002352879
-9.18018e-005 0
-9.02018e-005 0
-8.86018e-005 0
-8.70018e-005 0.0004705758
-8.54018e-005 0.0007058638
-8.38018e-005 -0.0002352879
-8.22018e-005 0.0004705758
-8.06018e-005 0
-7.90018e-005 0.0007058638
-7.74018e-005 -0.0002352879
-7.58018e-005 0.0004705758
-7.42018e-005 0.0002352879
-7.26018e-005 0.0004705758
-7.10018e-005 0
-6.94018e-005 0
-6.78018e-005 0.0002352879
-6.62018e-005 0.0004705758
-6.46018e-005 0.0002352879
-6.30018e-005 0.0007058638
-6.14018e-005 0
-5.98018e-005 0.0009411517
-5.82018e-005 0
-5.66018e-005 0.0004705758
-5.50018e-005 0.0002352879
-5.34018e-005 0.00117644
-5.18018e-005 0.003764607
-5.02018e-005 0.009176229
-4.86018e-005 0.01694073
-4.70018e-005 0.02258764
-4.54018e-005 0.01976419
-4.38018e-005 0.007058638
-4.22018e-005 -0.01247026
-4.06018e-005 -0.02658753
-3.90018e-005 -0.03176387
-3.74018e-005 -0.02517581
-3.58018e-005 -0.01411728
-3.42018e-005 -0.00564691
-3.26018e-005 -0.008235077
-3.10018e-005 -0.01741131
-2.94018e-005 -0.02964628
-2.78018e-005 -0.04329298
-2.62018e-005 -0.05929256
-2.46018e-005 -0.07129224
-2.30018e-005 -0.09317402
-2.14018e-005 -0.1202321
-1.98018e-005 -0.156937
-1.82018e-005 -0.1964654
-1.66018e-005 -0.2345821
-1.50018e-005 -0.259052
-1.34018e-005 -0.2811691
-1.18018e-005 -0.2945805
-1.02018e-005 -0.3014038
-8.6018e-006 -0.2865807
-7.0018e-006 -0.2552874
-5.4018e-006 -0.201877
-3.8018e-006 -0.1390552
-2.2018e-006 -0.07458627
-6.018e-007 -0.01835246
9.982e-007 0.02164649
2.5982e-006 0.03976366
4.1982e-006 0.04211654
5.7982e-006 0.03929308
7.3982e-006 0.03388146
8.9982e-006 0.02376408
1.05982e-005 0.01811717
1.21982e-005 0.01317612
1.37982e-005 0.007058638
1.53982e-005 0.002823455
1.69982e-005 0.0007058638
1.85982e-005 -0.003529319
2.01982e-005 -0.003294031
2.17982e-005 -0.003999895
2.33982e-005 -0.006352774
2.49982e-005 -0.008470365
2.65982e-005 -0.01011738
2.81982e-005 -0.01435256
2.97982e-005 -0.01858775
3.13982e-005 -0.02446994
3.29982e-005 -0.02823455
3.45982e-005 -0.03035214
3.61982e-005 -0.02752869
3.77982e-005 -0.02399937
3.93982e-005 -0.02023476
4.09982e-005 -0.01458785
4.25982e-005 -0.008940941
4.41982e-005 -0.002823455
4.57982e-005 0.005882198
4.73982e-005 0.01623487
4.89982e-005 0.02588167
5.05982e-005 0.03482261
5.21982e-005 0.03929308
5.37982e-005 0.03741078
5.53982e-005 0.03011685
5.69982e-005 0.01882303
5.85982e-005 0.008470365
6.01982e-005 -0.002588167
6.17982e-005 -0.01411728
6.33982e-005 -0.02494052
6.49982e-005 -0.03599905
6.65982e-005 -0.04752816
6.81982e-005 -0.05858669
6.97982e-005 -0.06846878
7.13982e-005 -0.07576271
7.29982e-005 -0.08282135
7.45982e-005 -0.0896447
7.61982e-005 -0.09552689
7.77982e-005 -0.09952679
7.93982e-005 -0.1004679
8.09982e-005 -0.09599747
8.25982e-005 -0.08987998
8.41982e-005 -0.08093904
8.57982e-005 -0.0701158
8.73982e-005 -0.06141015
8.89982e-005 -0.05529266
9.05982e-005 -0.04941046
9.21982e-005 -0.04611643
9.37982e-005 -0.04399884
9.53982e-005 -0.04352826
9.69982e-005 -0.04493999
9.85982e-005 -0.04729287
0.0001001982 -0.04611643
0.0001017982 -0.04352826
0.0001033982 -0.03599905
0.0001049982 -0.02588167
0.0001065982 -0.01647015
0.0001081982 -0.008940941
0.0001097982 -0.001411728
0.0001113982 0.002588167
0.0001129982 0.004235183
0.0001145982 0.005176334
0.0001161982 0.008470365
0.0001177982 0.01035267
0.0001193982 0.0117644
0.0001209982 0.01223497
0.0001225982 0.01341141
0.0001241982 0.01247026
0.0001257982 0.01270555
0.0001273982 0.01035267
0.0001289982 0.006352774
0.0001305982 0.001411728
0.0001321982 -0.004235183
0.0001337982 -0.01152911
0.0001353982 -0.01764659
0.0001369982 -0.02305822
0.0001385982 -0.02823455
0.0001401982 -0.03176387
0.0001417982 -0.03458732
0.0001433982 -0.03552848
0.0001449982 -0.03482261
0.0001465982 -0.03294031
0.0001481982 -0.03035214
0.0001497982 -0.02776397
0.0001513982 -0.02494052
0.0001529982 -0.02282293
0.0001545982 -0.01764659
0.0001561982 -0.01317612
0.0001577982 -0.00682335
0.0001593982 -0.001647015
0.0001609982 0.00447047
0.0001625982 0.006588062
0.0001641982 0.008470365
0.0001657982 0.00564691
0.0001673982 0.0002352879
0.0001689982 -0.008705653
0.0001705982 -0.01741131
0.0001721982 -0.02423466
0.0001737982 -0.02494052
0.0001753982 -0.02399937
0.0001769982 -0.01976419
0.0001785982 -0.01741131
0.0001801982 -0.01505843
0.0001817982 -0.01435256
0.0001833982 -0.01317612
0.0001849982 -0.01411728
0.0001865982 -0.01341141
0.0001881982 -0.01411728
0.0001897982 -0.01341141
0.0001913982 -0.01247026
0.0001929982 -0.01105853
0.0001945982 -0.009882093
0.0001961982 -0.009882093
0.0001977982 -0.0117644
0.0001993982 -0.01317612
0.0002009982 -0.01694073
0.0002025982 -0.01788188
0.0002041982 -0.01835246
0.0002057982 -0.01505843
0.0002073982 -0.009882093
0.0002089982 -0.002352879
0.0002105982 0.003764607
0.0002121982 0.01152911
0.0002137982 0.01694073
0.0002153982 0.02164649
0.0002169982 0.02399937
0.0002185982 0.02494052
0.0002201982 0.02423466
0.0002217982 0.02376408
0.0002233982 0.02399937
0.0002249982 0.02564638
0.0002265982 0.02658753
0.0002281982 0.02870513
0.0002297982 0.03058743
0.0002313982 0.03364617
0.0002329982 0.03552848
0.0002345982 0.03717549
0.0002361982 0.03599905
0.0002377982 0.03364617
0.0002393982 0.03011685
0.0002409982 0.02705811
0.0002425982 0.02352879
0.0002441982 0.02094062
0.0002457982 0.01741131
0.0002473982 0.01529371
0.0002489982 0.01270555
0.0002505982 0.009882093
0.0002521982 0.006352774
0.0002537982 0.004235183
0.0002553982 0.0007058638
0.0002569982 -0.003058743
0.0002585982 -0.009176229
0.0002601982 -0.0136467
0.0002617982 -0.01835246
0.0002633982 -0.01882303
0.0002649982 -0.02070534
0.0002665982 -0.02094062
0.0002681982 -0.02117591
0.0002697982 -0.01976419
0.0002713982 -0.01811717
0.0002729982 -0.01411728
0.0002745982 -0.01199968
0.0002761982 -0.01152911
0.0002777982 -0.01388199
0.0002793982 -0.01788188
0.0002809982 -0.0232935
0.0002825982 -0.02941099
0.0002841982 -0.0331756
0.0002857982 -0.03388146
0.0002873982 -0.03270502
0.0002889982 -0.02988157
0.0002905982 -0.0272934
0.0002921982 -0.02564638
0.0002937982 -0.02705811
0.0002953982 -0.02894041
0.0002969982 -0.03341088
0.0002985982 -0.03670492
0.0003001982 -0.04117539
0.0003017982 -0.04399884
0.0003033982 -0.04658701
0.0003049982 -0.04541057
0.0003065982 -0.04305769
0.0003081982 -0.03788135
0.0003097982 -0.03223444
0.0003113982 -0.02446994
0.0003129982 -0.01741131
0.0003145982 -0.008235077
0.0003161982 0.001411728
0.0003177982 0.0117644
0.0003193982 0.02070534
0.0003209982 0.02752869
0.0003225982 0.03011685
0.0003241982 0.0291757
0.0003257982 0.02282293
0.0003273982 0.01505843
0.0003289982 0.006352774
0.0003305982 -0.002352879
0.0003321982 -0.01082324
0.0003337982 -0.01576429
0.0003353982 -0.01882303
0.0003369982 -0.01882303
0.0003385982 -0.01764659
0.0003401982 -0.015529
0.0003417982 -0.01599958
0.0003433982 -0.015529
0.0003449982 -0.01764659
0.0003465982 -0.01905832
0.0003481982 -0.0214112
0.0003497982 -0.02235235
0.0003513982 -0.0232935
0.0003529982 -0.02376408
0.0003545982 -0.02399937
0.0003561982 -0.02352879
0.0003577982 -0.02188178
0.0003593982 -0.01788188
0.0003609982 -0.01388199
0.0003625982 -0.007999789
0.0003641982 -0.002588167
0.0003657982 0.003058743
0.0003673982 0.008940941
0.0003689982 0.01599958
0.0003705982 0.02117591
0.0003721982 0.02611696
0.0003737982 0.02846984
0.0003753982 0.03011685
0.0003769982 0.03035214
0.0003785982 0.03035214
0.0003801982 0.02988157
0.0003817982 0.02988157
0.0003833982 0.02964628
0.0003849982 0.02988157
0.0003865982 0.03199916
0.0003881982 0.03388146
0.0003897982 0.03623434
0.0003913982 0.04023423
0.0003929982 0.04329298
0.0003945982 0.04493999
0.0003961982 0.04517528
0.0003977982 0.04541057
0.0003993982 0.04541057
0.0004009982 0.0468223
0.0004025982 0.04823402
0.0004041982 0.04941046
0.0004057982 0.0505869
0.0004073982 0.05176334
0.0004089982 0.05176334
0.0004105982 0.05129277
0.0004121982 0.05105748
0.0004137982 0.05035161
0.0004153982 0.04917517
0.0004169982 0.04799874
0.0004185982 0.04541057
0.0004201982 0.04352826
0.0004217982 0.04070481
0.0004233982 0.03882251
0.0004249982 0.03623434
0.0004265982 0.03482261
0.0004281982 0.03270502
0.0004297982 0.03129329
0.0004313982 0.02964628
0.0004329982 0.02894041
0.0004345982 0.02658753
0.0004361982 0.0232935
0.0004377982 0.01788188
0.0004393982 0.0117644
0.0004409982 0.003058743
0.0004425982 -0.004235183
0.0004441982 -0.01247026
0.0004457982 -0.01882303
0.0004473982 -0.02399937
0.0004489982 -0.0254111
0.0004505982 -0.02611696
0.0004521982 -0.0254111
0.0004537982 -0.02446994
0.0004553982 -0.02211706
0.0004569982 -0.01999947
0.0004585982 -0.01529371
0.0004601982 -0.01129382
0.0004617982 -0.005176334
0.0004633982 0.00117644
0.0004649982 0.007999789
0.0004665982 0.01529371
0.0004681982 0.02282293
0.0004697982 0.02894041
0.0004713982 0.03458732
0.0004729982 0.03905779
0.0004745982 0.04235183
0.0004761982 0.04329298
0.0004777982 0.04541057
0.0004793982 0.04588114
0.0004809982 0.04564586
0.0004825982 0.04564586
0.0004841982 0.04517528
0.0004857982 0.04493999
0.0004873982 0.04611643
0.0004889982 0.04752816
0.0004905982 0.05035161
0.0004921982 0.05270449
0.0004937982 0.05505737
0.0004953982 0.05717496
0.0004969982 0.05811612
0.0004985982 0.05976313
0.0005001982 0.06117486
0.0005017982 0.06023371
0.0005033982 0.06046899
0.0005049982 0.0583514
0.0005065982 0.0564691
0.0005081982 0.05435151
0.0005097982 0.05199863
0.0005113982 0.05152805
0.0005129982 0.05199863
0.0005145982 0.05223392
0.0005161982 0.05293978
0.0005177982 0.05293978
0.0005193982 0.05270449
0.0005209982 0.05035161
0.0005225982 0.0487046
0.0005241982 0.04564586
0.0005257982 0.04141067
0.0005273982 0.0350579
0.0005289982 0.02941099
0.0005305982 0.02399937
0.0005321982 0.01929361
0.0005337982 0.01529371
0.0005353982 0.01270555
0.0005369982 0.01129382
0.0005385982 0.0117644
0.0005401982 0.01317612
0.0005417982 0.01717602
0.0005433982 0.01999947
0.0005449982 0.02446994
0.0005465982 0.02752869
0.0005481982 0.03105801
0.0005497982 0.03341088
0.0005513982 0.03482261
0.0005529982 0.0350579
0.0005545982 0.03576376
0.0005561982 0.03435204
0.0005577982 0.03411675
0.0005593982 0.03223444
0.0005609982 0.03035214
0.0005625982 0.02799926
0.0005641982 0.02658753
0.0005657982 0.02376408
0.0005673982 0.02235235
0.0005689982 0.0195289
0.0005705982 0.01905832
0.0005721982 0.01882303
0.0005737982 0.0195289
0.0005753982 0.02164649
0.0005769982 0.02470523
0.0005785982 0.02799926
0.0005801982 0.03246973
0.0005817982 0.03646963
0.0005833982 0.04070481
0.0005849982 0.04352826
0.0005865982 0.04541057
0.0005881982 0.04705758
0.0005897982 0.04799874
0.0005913982 0.04846931
0.0005929982 0.04917517
0.0005945982 0.04776345
0.0005961982 0.04564586
0.0005977982 0.04329298
0.0005993982 0.04046952
0.0006009982 0.03646963
0.0006025982 0.03364617
0.0006041982 0.02988157
0.0006057982 0.02564638
0.0006073982 0.02117591
0.0006089982 0.01717602
0.0006105982 0.01388199
0.0006121982 0.01199968
0.0006137982 0.01058796
0.0006153982 0.009411517
0.0006169982 0.007764501
0.0006185982 0.006352774
0.0006201982 0.003764607
0.0006217982 0.001882303
0.0006233982 -0.0002352879
0.0006249982 -0.0007058638
0.0006265982 -0.001647015
0.0006281982 -0.00117644
0.0006297982 -0.001647015
0.0006313982 -0.001411728
0.0006329982 -0.002352879
0.0006345982 -0.002823455
0.0006361982 -0.004941046
0.0006377982 -0.006117486
0.0006393982 -0.007999789
0.0006409982 -0.008940941
0.0006425982 -0.01011738
0.0006441982 -0.01011738
0.0006457982 -0.01035267
0.0006473982 -0.009176229
0.0006489982 -0.008235077
0.0006505982 -0.005411622
0.0006521982 -0.003294031
0.0006537982 -0.00117644
0.0006553982 0.001647015
0.0006569982 0.00447047
0.0006585982 0.008235077
0.0006601982 0.01199968
0.0006617982 0.01576429
0.0006633982 0.01858775
0.0006649982 0.01976419
0.0006665982 0.01999947
0.0006681982 0.01835246
0.0006697982 0.01670544
0.0006713982 0.01482314
0.0006729982 0.01341141
0.0006745982 0.0117644
0.0006761982 0.01058796
0.0006777982 0.009646805
0.0006793982 0.008940941
0.0006809982 0.008235077
0.0006825982 0.007764501
0.0006841982 0.007529213
0.0006857982 0.009176229
0.0006873982 0.01105853
0.0006889982 0.01270555
0.0006905982 0.01411728
0.0006921982 0.01741131
0.0006937982 0.0195289
0.0006953982 0.02211706
0.0006969982 0.02376408
0.0006985982 0.0254111
0.0007001982 0.02635225
0.0007017982 0.02752869
0.0007033982 0.0272934
0.0007049982 0.02776397
0.0007065982 0.0272934
0.0007081982 0.0272934
0.0007097982 0.02705811
0.0007113982 0.0272934
0.0007129982 0.02611696
0.0007145982 0.02517581
0.0007161982 0.02258764
0.0007177982 0.02164649
0.0007193982 0.01929361
0.0007209982 0.01764659
0.0007225982 0.01529371
0.0007241982 0.01294084
0.0007257982 0.008940941
0.0007273982 0.006117486
0.0007289982 0.003058743
0.0007305982 0.001411728
0.0007321982 -0.0007058638
0.0007337982 -0.0009411517
0.0007353982 -0.001882303
0.0007369982 -0.0004705758
0.0007385982 0.0009411517
0.0007401982 0.003529319
0.0007417982 0.006352774
0.0007433982 0.009411517
0.0007449982 0.01152911
0.0007465982 0.01341141
0.0007481982 0.01317612
0.0007497982 0.01411728
0.0007513982 0.0136467
0.0007529982 0.01388199
0.0007545982 0.01294084
0.0007561982 0.01105853
0.0007577982 0.007764501
0.0007593982 0.006117486
0.0007609982 0.002588167
0.0007625982 0.0007058638
0.0007641982 -0.001882303
0.0007657982 -0.003529319
0.0007673982 -0.004705758
0.0007689982 -0.004235183
0.0007705982 -0.00447047
0.0007721982 -0.002823455
0.0007737982 -0.001411728
0.0007753982 0.001411728
0.0007769982 0.003294031
0.0007785982 0.00447047
0.0007801982 0.005411622
0.0007817982 0.005882198
0.0007833982 0.006117486
0.0007849982 0.00682335
0.0007865982 0.007529213
0.0007881982 0.008235077
0.0007897982 0.008470365
0.0007913982 0.01058796
0.0007929982 0.0117644
0.0007945982 0.01458785
0.0007961982 0.01529371
0.0007977982 0.01647015
0.0007993982 0.01647015
0.0008009982 0.01694073
0.0008025982 0.01694073
0.0008041982 0.01623487
0.0008057982 0.01576429
0.0008073982 0.015529
0.0008089982 0.01482314
0.0008105982 0.01529371
0.0008121982 0.01599958
0.0008137982 0.01788188
0.0008153982 0.01929361
0.0008169982 0.02211706
0.0008185982 0.02423466
0.0008201982 0.0272934
0.0008217982 0.03011685
0.0008233982 0.03294031
0.0008249982 0.03458732
0.0008265982 0.03646963
0.0008281982 0.03741078
0.0008297982 0.03811664
0.0008313982 0.03670492
0.0008329982 0.03599905
0.0008345982 0.03388146
0.0008361982 0.03341088
0.0008377982 0.03152858
0.0008393982 0.03129329
0.0008409982 0.03011685
0.0008425982 0.02988157
0.0008441982 0.02846984
0.0008457982 0.02870513
0.0008473982 0.02846984
0.0008489982 0.03011685
0.0008505982 0.03105801
0.0008521982 0.03270502
0.0008537982 0.03270502
0.0008553982 0.0331756
0.0008569982 0.03388146
0.0008585982 0.03341088
0.0008601982 0.03246973
0.0008617982 0.03152858
0.0008633982 0.02964628
0.0008649982 0.02799926
0.0008665982 0.02399937
0.0008681982 0.02235235
0.0008697982 0.01976419
0.0008713982 0.01764659
0.0008729982 0.01599958
0.0008745982 0.015529
0.0008761982 0.01317612
0.0008777982 0.01199968
0.0008793982 0.01035267
0.0008809982 0.01058796
0.0008825982 0.01011738
0.0008841982 0.01082324
0.0008857982 0.01105853
0.0008873982 0.01199968
0.0008889982 0.01058796
0.0008905982 0.009882093
0.0008921982 0.008705653
0.0008937982 0.007529213
0.0008953982 0.007529213
0.0008969982 0.007293925
0.0008985982 0.007529213
0.0009001982 0.008470365
0.0009017982 0.008705653
0.0009033982 0.009411517
0.0009049982 0.008940941
0.0009065982 0.009176229
0.0009081982 0.008940941
0.0009097982 0.008705653
0.0009113982 0.008470365
0.0009129982 0.008235077
0.0009145982 0.007529213
0.0009161982 0.007293925
0.0009177982 0.006117486
0.0009193982 0.005411622
0.0009209982 0.003764607
0.0009225982 0.002588167
0.0009241982 0.002823455
0.0009257982 0.003058743
0.0009273982 0.003529319
0.0009289982 0.004235183
0.0009305982 0.005411622
0.0009321982 0.007058638
0.0009337982 0.008235077
0.0009353982 0.008470365
0.0009369982 0.008705653
0.0009385982 0.007999789
0.0009401982 0.00682335
0.0009417982 0.00564691
0.0009433982 0.003294031
0.0009449982 0.002117591
0.0009465982 0.0007058638
0.0009481982 0.0009411517
0.0009497982 0.0004705758
0.0009513982 0.0009411517
0.0009529982 0.00117644
0.0009545982 0.001882303
0.0009561982 0.001411728
0.0009577982 0.003529319
0.0009593982 0.003999895
0.0009609982 0.004941046
0.0009625982 0.003999895
0.0009641982 0.004235183
0.0009657982 0.002588167
0.0009673982 0.002117591
0.0009689982 -0.0002352879
0.0009705982 -0.001411728
0.0009721982 -0.003294031
0.0009737982 -0.005176334
0.0009753982 -0.007764501
0.0009769982 -0.009411517
0.0009785982 -0.01082324
0.0009801982 -0.01223497
0.0009817982 -0.01270555
0.0009833982 -0.01270555
0.0009849982 -0.01270555
0.0009865982 -0.01199968
0.0009881982 -0.0117644
0.0009897982 -0.01035267
0.0009913982 -0.008705653
0.0009929982 -0.006588062
0.0009945982 -0.004235183
0.0009961982 -0.0009411517
0.0009977982 0.001411728
0.0009993982 0.003764607
0.001000998 0.004705758
0.001002598 0.006352774
0.001004198 0.006588062
0.001005798 0.006352774
0.001007398 0.005176334
0.001008998 0.004235183
0.001010598 0.002352879
0.001012198 0.0007058638
0.001013798 -0.0009411517
0.001015398 -0.001882303
0.001016998 -0.003294031
0.001018598 -0.002823455
0.001020198 -0.004235183
0.001021798 -0.004235183
0.001023398 -0.005882198
0.001024998 -0.006117486
0.001026598 -0.007058638
0.001028198 -0.007293925
0.001029798 -0.007999789
0.001031398 -0.008235077
0.001032998 -0.009411517
0.001034598 -0.01035267
0.001036198 -0.01270555
0.001037798 -0.01341141
0.001039398 -0.01435256
0.001040998 -0.01294084
0.001042598 -0.0136467
0.001044198 -0.01388199
0.001045798 -0.01435256
0.001047398 -0.01482314
0.001048998 -0.01599958
0.001050598 -0.01647015
0.001052198 -0.01835246
0.001053798 -0.01976419
0.001055398 -0.02211706
0.001056998 -0.02305822
0.001058598 -0.02517581
0.001060198 -0.02564638
0.001061798 -0.02635225
0.001063398 -0.02682282
0.001064998 -0.02752869
0.001066598 -0.02776397
0.001068198 -0.02752869
0.001069798 -0.02658753
0.001071398 -0.02588167
0.001072998 -0.02470523
0.001074598 -0.02352879
0.001076198 -0.02188178
0.001077798 -0.02094062
0.001079398 -0.01905832
0.001080998 -0.01788188
0.001082598 -0.015529
0.001084198 -0.01458785
0.001085798 -0.01223497
0.001087398 -0.01223497
0.001088998 -0.01058796
0.001090598 -0.01129382
0.001092198 -0.01035267
0.001093798 -0.01129382
0.001095398 -0.01199968
0.001096998 -0.0136467
0.001098598 -0.01576429
0.001100198 -0.01882303
0.001101798 -0.02047005
0.001103398 -0.02399937
0.001104998 -0.02517581
0.001106598 -0.02776397
0.001108198 -0.02823455
0.001109798 -0.0291757
0.001111398 -0.02894041
0.001112998 -0.02894041
0.001114598 -0.02776397
0.001116198 -0.02658753
0.001117798 -0.02517581
0.001119398 -0.02446994
0.001120998 -0.02305822
0.001122598 -0.02211706
0.001124198 -0.02047005
0.001125798 -0.0195289
0.001127398 -0.01717602
0.001128998 -0.01647015
0.001130598 -0.01435256
0.001132198 -0.01317612
0.001133798 -0.01082324
0.001135398 -0.008705653
0.001136998 -0.006588062
0.001138598 -0.004705758
0.001140198 -0.003294031
0.001141798 -0.002352879
0.001143398 -0.001882303
0.001144998 -0.002117591
0.001146598 -0.001647015
0.001148198 -0.002352879
0.001149798 -0.001882303
0.001151398 -0.002823455
0.001152998 -0.002588167
0.001154598 -0.002823455
0.001156198 -0.00117644
0.001157798 -0.001411728
0.001159398 0.0002352879
0.001160998 0.00117644
0.001162598 0.001882303
0.001164198 0.002117591
0.001165798 0.002117591
0.001167398 0.002117591
0.001168998 0.001882303
0.001170598 0.002117591
0.001172198 0.002117591
0.001173798 0.001411728
0.001175398 0.00117644
0.001176998 -0.0002352879
0.001178598 -0.001411728
0.001180198 -0.002823455
0.001181798 -0.004705758
0.001183398 -0.007764501
0.001184998 -0.01011738
0.001186598 -0.01247026
0.001188198 -0.01482314
0.001189798 -0.01764659
0.001191398 -0.01811717
0.001192998 -0.01976419
0.001194598 -0.01929361
0.001196198 -0.02047005
0.001197798 -0.01905832
0.001199398 -0.0195289
0.001200998 -0.01788188
0.001202598 -0.01717602
0.001204198 -0.01576429
0.001205798 -0.01529371
0.001207398 -0.01388199
0.001208998 -0.01411728
0.001210598 -0.01294084
0.001212198 -0.01294084
0.001213798 -0.01223497
0.001215398 -0.01270555
0.001216998 -0.01223497
0.001218598 -0.01247026
0.001220198 -0.0117644
0.001221798 -0.01199968
0.001223398 -0.01035267
0.001224998 -0.009411517
0.001226598 -0.008235077
0.001228198 -0.007293925
0.001229798 -0.006117486
0.001231398 -0.005176334
0.001232998 -0.004705758
0.001234598 -0.004705758
0.001236198 -0.004235183
0.001237798 -0.005411622
0.001239398 -0.004941046
0.001240998 -0.006352774
0.001242598 -0.007764501
0.001244198 -0.009646805
0.001245798 -0.01152911
0.001247398 -0.01294084
0.001248998 -0.0136467
0.001250598 -0.01529371
0.001252198 -0.015529
0.001253798 -0.01741131
0.001255398 -0.01694073
0.001256998 -0.01741131
0.001258598 -0.01670544
0.001260198 -0.01741131
0.001261798 -0.01623487
0.001263398 -0.01717602
0.001264998 -0.01670544
0.001266598 -0.01670544
0.001268198 -0.01623487
0.001269798 -0.01599958
0.001271398 -0.01435256
0.001272998 -0.01388199
0.001274598 -0.01270555
0.001276198 -0.01082324
0.001277798 -0.008940941
0.001279398 -0.007764501
0.001280998 -0.005882198
0.001282598 -0.00447047
0.001284198 -0.003529319
0.001285798 -0.003764607
0.001287398 -0.003294031
0.001288998 -0.002823455
0.001290598 -0.002588167
0.001292198 -0.003529319
0.001293798 -0.003999895
0.001295398 -0.006352774
0.001296998 -0.007999789
0.001298598 -0.01035267
0.001300198 -0.01294084
0.001301798 -0.01458785
0.001303398 -0.01623487
0.001304998 -0.01835246
0.001306598 -0.0195289
0.001308198 -0.02117591
0.001309798 -0.02235235
0.001311398 -0.02258764
0.001312998 -0.02258764
0.001314598 -0.02258764
0.001316198 -0.0214112
0.001317798 -0.02070534
0.001319398 -0.01905832
0.001320998 -0.01811717
0.001322598 -0.01623487
0.001324198 -0.01482314
0.001325798 -0.01223497
0.001327398 -0.01129382
0.001328998 -0.009646805
0.001330598 -0.01035267
0.001332198 -0.009176229
0.001333798 -0.01035267
0.001335398 -0.01082324
0.001336998 -0.01129382
0.001338598 -0.01152911
0.001340198 -0.01247026
0.001341798 -0.01388199
0.001343398 -0.01576429
0.001344998 -0.01599958
0.001346598 -0.01647015
0.001348198 -0.01599958
0.001349798 -0.01599958
0.001351398 -0.01505843
0.001352998 -0.01482314
0.001354598 -0.01270555
0.001356198 -0.01105853
0.001357798 -0.007293925
0.001359398 -0.00447047
0.001360998 -0.0002352879
0.001362598 0.002823455
0.001364198 0.007058638
0.001365798 0.01058796
0.001367398 0.01435256
0.001368998 0.01694073
0.001370598 0.01882303
0.001372198 0.02047005
0.001373798 0.0214112
0.001375398 0.02117591
0.001376998 0.02070534
0.001378598 0.01976419
0.001380198 0.01882303
0.001381798 0.01764659
0.001383398 0.01599958
0.001384998 0.01388199
0.001386598 0.01294084
0.001388198 0.01129382
0.001389798 0.01011738
0.001391398 0.008470365
0.001392998 0.007529213
0.001394598 0.006352774
0.001396198 0.005882198
0.001397798 0.00447047
0.001399398 0.00447047
0.001400998 0.003529319
0.001402598 0.003529319
0.001404198 0.002823455
0.001405798 0.003058743
0.001407398 0.002823455
0.001408998 0.003058743
0.001410598 0.002352879
0.001412198 0.002823455
0.001413798 0.002823455
0.001415398 0.003058743
0.001416998 0.001411728
0.001418598 0.0009411517
0.001420198 -0.0004705758
0.001421798 -0.0007058638
0.001423398 -0.002117591
0.001424998 -0.003294031
0.001426598 -0.005176334
0.001428198 -0.007058638
0.001429798 -0.008940941
0.001431398 -0.01035267
0.001432998 -0.01199968
0.001434598 -0.01270555
0.001436198 -0.01411728
0.001437798 -0.0136467
0.001439398 -0.01435256
0.001440998 -0.0136467
0.001442598 -0.01411728
0.001444198 -0.0136467
0.001445798 -0.01294084
0.001447398 -0.0117644
0.001448998 -0.01152911
0.001450598 -0.009882093
0.001452198 -0.009882093
0.001453798 -0.008470365
0.001455398 -0.007293925
0.001456998 -0.00564691
0.001458598 -0.00447047
0.001460198 -0.002352879
0.001461798 -0.0004705758
0.001463398 0.001411728
0.001464998 0.004235183
0.001466598 0.00682335
0.001468198 0.009646805
0.001469798 0.01270555
0.001471398 0.015529
0.001472998 0.01858775
0.001474598 0.02117591
0.001476198 0.02423466
0.001477798 0.02611696
0.001479398 0.02799926
0.001480998 0.02941099
0.001482598 0.03058743
0.001484198 0.03129329
0.001485798 0.03176387
0.001487398 0.03105801
0.001488998 0.03105801
0.001490598 0.02941099
0.001492198 0.02823455
0.001493798 0.02635225
0.001495398 0.02470523
0.001496998 0.02211706
0.001498598 0.02047005
0.001500198 0.01882303
0.001501798 0.01599958
0.001503398 0.01317612
0.001504998 0.01129382
0.001506598 0.008940941
0.001508198 0.006352774
0.001509798 0.00447047
0.001511398 0.002823455
0.001512998 0.0002352879
0.001514598 -0.001647015
0.001516198 -0.003529319
0.001517798 -0.006117486
0.001519398 -0.008470365
0.001520998 -0.01035267
0.001522598 -0.01223497
0.001524198 -0.01294084
0.001525798 -0.01435256
0.001527398 -0.01482314
0.001528998 -0.01576429
0.001530598 -0.01435256
0.001532198 -0.01482314
0.001533798 -0.01294084
0.001535398 -0.01199968
0.001536998 -0.01011738
0.001538598 -0.008235077
0.001540198 -0.005411622
0.001541798 -0.003764607
0.001543398 -0.001882303
0.001544998 -0.0004705758
0.001546598 0.0009411517
0.001548198 0.001647015
0.001549798 0.002352879
0.001551398 0.002823455
0.001552998 0.003058743
0.001554598 0.003058743
0.001556198 0.003294031
0.001557798 0.002823455
0.001559398 0.002352879
0.001560998 0.002352879
0.001562598 0.002352879
0.001564198 0.002352879
0.001565798 0.002823455
0.001567398 0.002823455
0.001568998 0.004235183
0.001570598 0.004235183
0.001572198 0.00682335
0.001573798 0.007999789
0.001575398 0.01035267
0.001576998 0.01082324
0.001578598 0.01199968
0.001580198 0.01294084
0.001581798 0.01458785
0.001583398 0.01388199
0.001584998 0.01435256
0.001586598 0.01435256
0.001588198 0.0136467
0.001589798 0.01294084
0.001591398 0.0117644
0.001592998 0.01011738
0.001594598 0.008470365
0.001596198 0.006588062
0.001597798 0.004235183
0.001599398 0.001411728
0.001600998 -0.0007058638
0.001602598 -0.00447047
0.001604198 -0.006588062
0.001605798 -0.009646805
0.001607398 -0.01129382
0.001608998 -0.01458785
0.001610598 -0.015529
0.001612198 -0.01858775
0.001613798 -0.01858775
0.001615398 -0.02023476
0.001616998 -0.0195289
0.001618598 -0.02023476
0.001620198 -0.01929361
0.001621798 -0.01858775
0.001623398 -0.01717602
0.001624998 -0.01529371
0.001626598 -0.01388199
0.001628198 -0.01317612
0.001629798 -0.01105853
0.001631398 -0.01035267
0.001632998 -0.009176229
0.001634598 -0.007999789
0.001636198 -0.006352774
0.001637798 -0.006117486
0.001639398 -0.004705758
0.001640998 -0.004705758
0.001642598 -0.004235183
0.001644198 -0.004941046
0.001645798 -0.00564691
0.001647398 -0.006117486
0.001648998 -0.007058638
0.001650598 -0.009411517
0.001652198 -0.009882093
0.001653798 -0.0117644
0.001655398 -0.01294084
0.001656998 -0.01435256
0.001658598 -0.01529371
0.001660198 -0.01717602
0.001661798 -0.01764659
0.001663398 -0.01929361
0.001664998 -0.0195289
0.001666598 -0.02070534
0.001668198 -0.02023476
0.001669798 -0.0214112
0.001671398 -0.0214112
0.001672998 -0.02188178
0.001674598 -0.02188178
0.001676198 -0.02164649
0.001677798 -0.02094062
0.001679398 -0.02047005
0.001680998 -0.0195289
0.001682598 -0.01905832
0.001684198 -0.01647015
0.001685798 -0.01529371
0.001687398 -0.01270555
0.001688998 -0.01082324
0.001690598 -0.007999789
0.001692198 -0.005411622
0.001693798 -0.003058743
0.001695398 -0.002352879
0.001696998 -0.0002352879
0.001698598 0.0004705758
0.001700198 0.001411728
0.001701798 0.0002352879
0.001703398 -0.0004705758
0.001704998 -0.001647015
0.001706598 -0.002588167
0.001708198 -0.004705758
0.001709798 -0.005882198
0.001711398 -0.007529213
0.001712998 -0.008470365
0.001714598 -0.01011738
0.001716198 -0.01058796
0.001717798 -0.01152911
0.001719398 -0.01199968
0.001720998 -0.01270555
0.001722598 -0.01270555
0.001724198 -0.01317612
0.001725798 -0.01317612
0.001727398 -0.01341141
0.001728998 -0.01294084
0.001730598 -0.01294084
0.001732198 -0.0117644
0.001733798 -0.01129382
0.001735398 -0.009882093
0.001736998 -0.008705653
0.001738598 -0.007529213
0.001740198 -0.006352774
0.001741798 -0.003999895
0.001743398 -0.003294031
0.001744998 -0.002352879
0.001746598 -0.00117644
0.001748198 -0.0007058638
0.001749798 -0.001647015
0.001751398 -0.001882303
0.001752998 -0.003294031
0.001754598 -0.003764607
0.001756198 -0.00564691
0.001757798 -0.006588062
0.001759398 -0.009646805
0.001760998 -0.01129382
0.001762598 -0.0136467
0.001764198 -0.015529
0.001765798 -0.01717602
0.001767398 -0.01811717
0.001768998 -0.01882303
0.001770598 -0.01905832
0.001772198 -0.01882303
0.001773798 -0.01764659
0.001775398 -0.01764659
0.001776998 -0.01599958
0.001778598 -0.01458785
0.001780198 -0.01247026
0.001781798 -0.01058796
0.001783398 -0.007999789
0.001784998 -0.004941046
0.001786598 -0.002352879
0.001788198 -0.0002352879
0.001789798 0.003529319
0.001791398 0.005411622
0.001792998 0.007999789
0.001794598 0.01058796
0.001796198 0.01270555
0.001797798 0.01435256
0.001799398 0.01623487
0.001800998 0.01670544
0.001802598 0.01741131
0.001804198 0.01811717
0.001805798 0.01811717
0.001807398 0.01741131
0.001808998 0.01788188
0.001810598 0.01717602
0.001812198 0.01670544
0.001813798 0.01529371
0.001815398 0.01505843
0.001816998 0.01435256
0.001818598 0.0136467
0.001820198 0.01341141
0.001821798 0.0136467
0.001823398 0.01294084
0.001824998 0.01317612
0.001826598 0.01270555
0.001828198 0.01223497
0.001829798 0.01294084
0.001831398 0.01247026
0.001832998 0.01270555
0.001834598 0.0136467
0.001836198 0.01341141
0.001837798 0.01458785
0.001839398 0.01529371
0.001840998 0.01694073
0.001842598 0.01764659
0.001844198 0.01882303
0.001845798 0.01976419
0.001847398 0.02117591
0.001848998 0.02258764
0.001850598 0.02352879
0.001852198 0.02446994
0.001853798 0.02564638
0.001855398 0.02635225
0.001856998 0.02799926
0.001858598 0.02870513
0.001860198 0.02988157
0.001861798 0.02988157
0.001863398 0.03105801
0.001864998 0.03035214
0.001866598 0.03082272
0.001868198 0.02964628
0.001869798 0.03011685
0.001871398 0.02870513
0.001872998 0.02658753
0.001874598 0.02517581
0.001876198 0.0232935
0.001877798 0.02070534
0.001879398 0.01858775
0.001880998 0.01647015
0.001882598 0.01411728
0.001884198 0.01129382
0.001885798 0.009411517
0.001887398 0.007529213
0.001888998 0.006352774
0.001890598 0.00447047
0.001892198 0.003058743
0.001893798 0.001882303
0.001895398 0.001647015
0.001896998 0.0009411517
0.001898598 0.001411728
0.001900198 0.001647015
0.001901798 0.003529319
0.001903398 0.003999895
0.001904998 0.00564691
0.001906598 0.007293925
0.001908198 0.009411517
0.001909798 0.01058796
0.001911398 0.01294084
0.001912998 0.01458785
0.001914598 0.01741131
0.001916198 0.01905832
0.001917798 0.02094062
0.001919398 0.02305822
0.001920998 0.02517581
0.001922598 0.02635225
0.001924198 0.02799926
0.001925798 0.02870513
0.001927398 0.03035214
0.001928998 0.03035214
0.001930598 0.03058743
0.001932198 0.03129329
0.001933798 0.03129329
0.001935398 0.03152858
0.001936998 0.03246973
0.001938598 0.03246973
0.001940198 0.03294031
0.001941798 0.03294031
0.001943398 0.03388146
0.001944998 0.03458732
0.001946598 0.03576376
0.001948198 0.03599905
0.001949798 0.03670492
0.001951398 0.03646963
0.001952998 0.03599905
0.001954598 0.03623434
0.001956198 0.03576376
0.001957798 0.0350579
0.001959398 0.03435204
0.001960998 0.0331756
0.001962598 0.03246973
0.001964198 0.03035214
0.001965798 0.03058743
0.001967398 0.02964628
0.001968998 0.02964628
0.001970598 0.02846984
0.001972198 0.02799926
0.001973798 0.02776397
0.001975398 0.02705811
0.001976998 0.02658753
0.001978598 0.02658753
0.001980198 0.02494052
0.001981798 0.02494052
0.001983398 0.02352879
0.001984998 0.02305822
0.001986598 0.02188178
0.001988198 0.02117591
0.001989798 0.02047005
0.001991398 0.02117591
0.001992998 0.02094062
0.001994598 0.02117591
0.001996198 0.0214112
0.001997798 0.02188178
0.001999398 0.02235235
0.002000998 0.02305822
0.002002598 0.02352879
0.002004198 0.02423466
0.002005798 0.02470523
0.002007398 0.02588167
0.002008998 0.02611696
0.002010598 0.02799926
0.002012198 0.02823455
0.002013798 0.03058743
0.002015398 0.03176387
0.002016998 0.03341088
0.002018598 0.03458732
0.002020198 0.03529319
0.002021798 0.03717549
0.002023398 0.03882251
0.002024998 0.03929308
0.002026598 0.04046952
0.002028198 0.04046952
0.002029798 0.04070481
0.002031398 0.04070481
0.002032998 0.04117539
0.002034598 0.04023423
0.002036198 0.04046952
0.002037798 0.03999895
0.002039398 0.04023423
0.002040998 0.03952837
0.002042598 0.03882251
0.002044198 0.03811664
0.002045798 0.03764607
0.002047398 0.03717549
0.002048998 0.03670492
0.002050598 0.03552848
0.002052198 0.03388146
0.002053798 0.03270502
0.002055398 0.03223444
0.002056998 0.03105801
0.002058598 0.03035214
0.002060198 0.02964628
0.002061798 0.02941099
0.002063398 0.0291757
0.002064998 0.02799926
0.002066598 0.02799926
0.002068198 0.02752869
0.002069798 0.02658753
0.002071398 0.02611696
0.002072998 0.02470523
0.002074598 0.02423466
0.002076198 0.02305822
0.002077798 0.02258764
0.002079398 0.02164649
0.002080998 0.0214112
0.002082598 0.02047005
0.002084198 0.02070534
0.002085798 0.01999947
0.002087398 0.02047005
0.002088998 0.02047005
0.002090598 0.02188178
0.002092198 0.02235235
0.002093798 0.02399937
0.002095398 0.02446994
0.002096998 0.02658753
0.002098598 0.02776397
0.002100198 0.02870513
0.002101798 0.02988157
0.002103398 0.03129329
0.002104998 0.03129329
0.002106598 0.03246973
0.002108198 0.03246973
0.002109798 0.03294031
0.002111398 0.03246973
0.002112998 0.03270502
0.002114598 0.03270502
0.002116198 0.03246973
0.002117798 0.03176387
0.002119398 0.03223444
0.002120998 0.03223444
0.002122598 0.03270502
0.002124198 0.03294031
0.002125798 0.03411675
0.002127398 0.0350579
0.002128998 0.03576376
0.002130598 0.03623434
0.002132198 0.03646963
0.002133798 0.03646963
0.002135398 0.03623434
0.002136998 0.0350579
0.002138598 0.03411675
0.002140198 0.03223444
0.002141798 0.02988157
0.002143398 0.02752869
0.002144998 0.02494052
0.002146598 0.02094062
0.002148198 0.01835246
0.002149798 0.01458785
0.002151398 0.01129382
0.002152998 0.007999789
0.002154598 0.006588062
0.002156198 0.003294031
0.002157798 0.002352879
0.002159398 0.00117644
0.002160998 0
0.002162598 0
0.002164198 0.0002352879
0.002165798 0.0004705758
0.002167398 0.001411728
0.002168998 0.002117591
0.002170598 0.003529319
0.002172198 0.004941046
0.002173798 0.006588062
0.002175398 0.007764501
0.002176998 0.009411517
0.002178598 0.01058796
0.002180198 0.01199968
0.002181798 0.01199968
0.002183398 0.01294084
0.002184998 0.01341141
0.002186598 0.01388199
0.002188198 0.01435256
0.002189798 0.01482314
0.002191398 0.01435256
0.002192998 0.01411728
0.002194598 0.01388199
0.002196198 0.01317612
0.002197798 0.01223497
0.002199398 0.01223497
0.002200998 0.01058796
0.002202598 0.009176229
0.002204198 0.007529213
0.002205798 0.006588062
0.002207398 0.00447047
0.002208998 0.003294031
0.002210598 0.00117644
0.002212198 0.0004705758
0.002213798 -0.001411728
0.002215398 -0.001882303
0.002216998 -0.003294031
0.002218598 -0.002588167
0.002220198 -0.003294031
0.002221798 -0.003058743
0.002223398 -0.003764607
0.002224998 -0.003294031
0.002226598 -0.004235183
0.002228198 -0.003529319
0.002229798 -0.004941046
0.002231398 -0.005411622
0.002232998 -0.00682335
0.002234598 -0.00682335
0.002236198 -0.008235077
0.002237798 -0.009411517
0.002239398 -0.01152911
0.002240998 -0.01199968
0.002242598 -0.01388199
0.002244198 -0.01435256
0.002245798 -0.01599958
0.002247398 -0.01670544
0.002248998 -0.01788188
0.002250598 -0.01717602
0.002252198 -0.01811717
0.002253798 -0.01741131
0.002255398 -0.01811717
0.002256998 -0.01694073
0.002258598 -0.01741131
0.002260198 -0.01623487
0.002261798 -0.01717602
0.002263398 -0.01694073
0.002264998 -0.01741131
0.002266598 -0.01623487
0.002268198 -0.01741131
0.002269798 -0.01694073
0.002271398 -0.01670544
0.002272998 -0.01670544
0.002274598 -0.01647015
0.002276198 -0.01623487
0.002277798 -0.01647015
0.002279398 -0.01576429
0.002280998 -0.01599958
0.002282598 -0.01529371
0.002284198 -0.01529371
0.002285798 -0.01411728
0.002287398 -0.01435256
0.002288998 -0.0136467
0.002290598 -0.01435256
0.002292198 -0.01411728
0.002293798 -0.01482314
0.002295398 -0.01482314
0.002296998 -0.01623487
0.002298598 -0.01647015
0.002300198 -0.01811717
0.002301798 -0.01788188
0.002303398 -0.0195289
0.002304998 -0.01999947
0.002306598 -0.02164649
0.002308198 -0.02235235
0.002309798 -0.0232935
0.002311398 -0.02470523
0.002312998 -0.02588167
0.002314598 -0.02682282
0.002316198 -0.02752869
0.002317798 -0.02799926
0.002319398 -0.02964628
0.002320998 -0.02964628
0.002322598 -0.03011685
0.002324198 -0.03082272
0.002325798 -0.03176387
0.002327398 -0.03152858
0.002328998 -0.03199916
0.002330598 -0.03223444
0.002332198 -0.03246973
0.002333798 -0.03223444
0.002335398 -0.03341088
0.002336998 -0.03294031
0.002338598 -0.03388146
0.002340198 -0.03411675
0.002341798 -0.03552848
0.002343398 -0.0350579
0.002344998 -0.03599905
0.002346598 -0.03576376
0.002348198 -0.03646963
0.002349798 -0.03670492
0.002351398 -0.03717549
0.002352998 -0.03670492
0.002354598 -0.03670492
0.002356198 -0.03623434
0.002357798 -0.03599905
0.002359398 -0.03552848
0.002360998 -0.03670492
0.002362598 -0.03529319
0.002364198 -0.03599905
0.002365798 -0.03623434
0.002367398 -0.03646963
0.002368998 -0.03599905
0.002370598 -0.03670492
0.002372198 -0.03717549
0.002373798 -0.03882251
0.002375398 -0.03835193
0.002376998 -0.04023423
0.002378598 -0.04070481
0.002380198 -0.04258711
0.002381798 -0.04305769
0.002383398 -0.04493999
0.002384998 -0.0447047
0.002386598 -0.04588114
0.002388198 -0.04588114
0.002389798 -0.04658701
0.002391398 -0.04541057
0.002392998 -0.04564586
0.002394598 -0.04352826
0.002396198 -0.04305769
0.002397798 -0.04046952
0.002399398 -0.03905779
0.002400998 -0.03741078
0.002402598 -0.03529319
0.002404198 -0.03246973
0.002405798 -0.03152858
0.002407398 -0.02894041
0.002408998 -0.02752869
0.002410598 -0.02611696
0.002412198 -0.02564638
0.002413798 -0.02517581
0.002415398 -0.02470523
0.002416998 -0.02376408
0.002418598 -0.02423466
0.002420198 -0.02470523
0.002421798 -0.02494052
0.002423398 -0.02446994
0.002424998 -0.0254111
0.002426598 -0.0254111
0.002428198 -0.02682282
0.002429798 -0.02658753
0.002431398 -0.02682282
0.002432998 -0.02658753
0.002434598 -0.02658753
0.002436198 -0.02588167
0.002437798 -0.0254111
0.002439398 -0.02423466
0.002440998 -0.02399937
0.002442598 -0.02258764
0.002444198 -0.02211706
0.002445798 -0.02094062
0.002447398 -0.02047005
0.002448998 -0.0195289
0.002450598 -0.01976419
0.002452198 -0.0195289
0.002453798 -0.01999947
0.002455398 -0.01882303
0.002456998 -0.01929361
0.002458598 -0.01858775
0.002460198 -0.01905832
0.002461798 -0.01858775
0.002463398 -0.01882303
0.002464998 -0.01858775
0.002466598 -0.01882303
0.002468198 -0.01788188
0.002469798 -0.01858775
0.002471398 -0.01764659
0.002472998 -0.01788188
0.002474598 -0.01741131
0.002476198 -0.01882303
0.002477798 -0.01811717
0.002479398 -0.01835246
0.002480998 -0.01835246
0.002482598 -0.01999947
0.002484198 -0.0195289
0.002485798 -0.02047005
0.002487398 -0.02023476
0.002488998 -0.02211706
0.002490598 -0.02235235
0.002492198 -0.02352879
0.002493798 -0.02423466
0.002495398 -0.02517581
0.002496998 -0.02564638
0.002498598 -0.02635225
0.002500198 -0.02635225
0.002501798 -0.0272934
0.002503398 -0.02752869
0.002504998 -0.02846984
0.002506598 -0.02752869
0.002508198 -0.0272934
0.002509798 -0.02564638
0.002511398 -0.02588167
0.002512998 -0.02446994
0.002514598 -0.02423466
0.002516198 -0.02282293
0.002517798 -0.02211706
0.002519398 -0.02070534
0.002520998 -0.01976419
0.002522598 -0.01858775
0.002524198 -0.01929361
0.002525798 -0.01764659
0.002527398 -0.01858775
0.002528998 -0.01741131
0.002530598 -0.01764659
0.002532198 -0.01670544
0.002533798 -0.01788188
0.002535398 -0.01694073
0.002536998 -0.01764659
0.002538598 -0.01670544
0.002540198 -0.01764659
0.002541798 -0.01670544
0.002543398 -0.01741131
0.002544998 -0.01694073
0.002546598 -0.01670544
0.002548198 -0.01694073
0.002549798 -0.01694073
0.002551398 -0.01647015
0.002552998 -0.01670544
0.002554598 -0.01623487
0.002556198 -0.01717602
0.002557798 -0.01623487
0.002559398 -0.01670544
0.002560998 -0.01623487
0.002562598 -0.01717602
0.002564198 -0.01670544
0.002565798 -0.01764659
0.002567398 -0.01717602
0.002568998 -0.01858775
0.002570598 -0.0195289
0.002572198 -0.02023476
0.002573798 -0.02094062
0.002575398 -0.02258764
0.002576998 -0.02305822
0.002578598 -0.02470523
0.002580198 -0.0254111
0.002581798 -0.02682282
0.002583398 -0.02658753
0.002584998 -0.0272934
0.002586598 -0.02752869
0.002588198 -0.0272934
0.002589798 -0.02705811
0.002591398 -0.02752869
0.002592998 -0.02705811
0.002594598 -0.02705811
0.002596198 -0.02611696
0.002597798 -0.02611696
0.002599398 -0.02494052
0.002600998 -0.02446994
0.002602598 -0.02305822
0.002604198 -0.02305822
0.002605798 -0.02211706
0.002607398 -0.02094062
0.002608998 -0.01976419
0.002610598 -0.01882303
0.002612198 -0.01811717
0.002613798 -0.01741131
0.002615398 -0.015529
0.002616998 -0.01482314
0.002618598 -0.0136467
0.002620198 -0.01341141
0.002621798 -0.01270555
0.002623398 -0.01317612
0.002624998 -0.01317612
0.002626598 -0.0136467
0.002628198 -0.01388199
0.002629798 -0.01576429
0.002631398 -0.01599958
0.002632998 -0.01788188
0.002634598 -0.01905832
0.002636198 -0.02070534
0.002637798 -0.02094062
0.002639398 -0.02258764
0.002640998 -0.02282293
0.002642598 -0.02376408
0.002644198 -0.02305822
0.002645798 -0.02423466
0.002647398 -0.02282293
0.002648998 -0.02211706
0.002650598 -0.0214112
0.002652198 -0.02117591
0.002653798 -0.01905832
0.002655398 -0.01882303
0.002656998 -0.01717602
0.002658598 -0.01670544
0.002660198 -0.01505843
0.002661798 -0.01458785
0.002663398 -0.0136467
0.002664998 -0.01341141
0.002666598 -0.01270555
0.002668198 -0.01294084
0.002669798 -0.0117644
0.002671398 -0.0117644
0.002672998 -0.01129382
0.002674598 -0.01199968
0.002676198 -0.0117644
0.002677798 -0.01199968
0.002679398 -0.01152911
0.002680998 -0.01199968
0.002682598 -0.01223497
0.002684198 -0.01294084
0.002685798 -0.01294084
0.002687398 -0.0136467
0.002688998 -0.01388199
0.002690598 -0.01411728
0.002692198 -0.01411728
0.002693798 -0.01435256
0.002695398 -0.0136467
0.002696998 -0.01341141
0.002698598 -0.01199968
0.002700198 -0.01105853
0.002701798 -0.009176229
0.002703398 -0.007999789
0.002704998 -0.005882198
0.002706598 -0.00447047
0.002708198 -0.002117591
0.002709798 -0.0009411517
0.002711398 0.001411728
0.002712998 0.002352879
0.002714598 0.003764607
0.002716198 0.004705758
0.002717798 0.00564691
0.002719398 0.006352774
0.002720998 0.007058638
0.002722598 0.007058638
0.002724198 0.007529213
0.002725798 0.007999789
0.002727398 0.007999789
0.002728998 0.007529213
0.002730598 0.007764501
0.002732198 0.00682335
0.002733798 0.007293925
0.002735398 0.00682335
0.002736998 0.007529213
0.002738598 0.006588062
0.002740198 0.006352774
0.002741798 0.007058638
0.002743398 0.00682335
0.002744998 0.007058638
0.002746598 0.006352774
0.002748198 0.007529213
0.002749798 0.007999789
0.002751398 0.007529213
0.002752998 0.008470365
0.002754598 0.008940941
0.002756198 0.009646805
0.002757798 0.009882093
0.002759398 0.01011738
0.002760998 0.01058796
0.002762598 0.01035267
0.002764198 0.01082324
0.002765798 0.01129382
0.002767398 0.01082324
0.002768998 0.01152911
0.002770598 0.01105853
0.002772198 0.01199968
0.002773798 0.0117644
0.002775398 0.01247026
0.002776998 0.01223497
0.002778598 0.0136467
0.002780198 0.01317612
0.002781798 0.01411728
0.002783398 0.01435256
0.002784998 0.01505843
0.002786598 0.01458785
0.002788198 0.01435256
0.002789798 0.01411728
0.002791398 0.01435256
0.002792998 0.01388199
0.002794598 0.01388199
0.002796198 0.01317612
0.002797798 0.0136467
0.002799398 0.01341141
0.002800998 0.0136467
0.002802598 0.01294084
0.002804198 0.01270555
0.002805798 0.01270555
0.002807398 0.01317612
0.002808998 0.01294084
0.002810598 0.0136467
0.002812198 0.01270555
0.002813798 0.01294084
0.002815398 0.01270555
0.002816998 0.01270555
0.002818598 0.01223497
0.002820198 0.01223497
0.002821798 0.01152911
0.002823398 0.01129382
0.002824998 0.01129382
0.002826598 0.01082324
0.002828198 0.01011738
0.002829798 0.01011738
0.002831398 0.009411517
0.002832998 0.009646805
0.002834598 0.009882093
0.002836198 0.01058796
0.002837798 0.01035267
0.002839398 0.01105853
0.002840998 0.01082324
0.002842598 0.01105853
0.002844198 0.01129382
0.002845798 0.01247026
0.002847398 0.01199968
0.002848998 0.01247026
0.002850598 0.01152911
0.002852198 0.01270555
0.002853798 0.0117644
0.002855398 0.01223497
0.002856998 0.01082324
0.002858598 0.01129382
0.002860198 0.0117644
0.002861798 0.01223497
0.002863398 0.0117644
0.002864998 0.01270555
0.002866598 0.01152911
0.002868198 0.01223497
0.002869798 0.0117644
0.002871398 0.01247026
0.002872998 0.0117644
0.002874598 0.01247026
0.002876198 0.01152911
0.002877798 0.0117644
0.002879398 0.01152911
0.002880998 0.01199968
0.002882598 0.0117644
0.002884198 0.01223497
0.002885798 0.01247026
0.002887398 0.01270555
0.002888998 0.01317612
0.002890598 0.01341141
0.002892198 0.01341141
0.002893798 0.01482314
0.002895398 0.01388199
0.002896998 0.01482314
0.002898598 0.01505843
0.002900198 0.015529
0.002901798 0.01505843
0.002903398 0.01482314
0.002904998 0.01435256
0.002906598 0.01388199
0.002908198 0.01341141
0.002909798 0.01317612
0.002911398 0.01152911
0.002912998 0.01199968
0.002914598 0.01058796
0.002916198 0.01058796
0.002917798 0.009882093
0.002919398 0.01035267
0.002920998 0.009411517
0.002922598 0.009646805
0.002924198 0.009176229
0.002925798 0.008940941
0.002927398 0.009176229
0.002928998 0.009176229
0.002930598 0.008940941
0.002932198 0.008470365
0.002933798 0.008235077
0.002935398 0.007764501
0.002936998 0.007293925
0.002938598 0.006352774
0.002940198 0.005882198
0.002941798 0.004941046
0.002943398 0.003294031
0.002944998 0.002588167
0.002946598 0.0009411517
0.002948198 0
0.002949798 -0.0009411517
0.002951398 -0.002117591
0.002952998 -0.002823455
0.002954598 -0.003294031
0.002956198 -0.00447047
0.002957798 -0.00447047
0.002959398 -0.005411622
0.002960998 -0.005176334
0.002962598 -0.005882198
0.002964198 -0.005411622
0.002965798 -0.005176334
0.002967398 -0.004705758
0.002968998 -0.004705758
0.002970598 -0.003294031
0.002972198 -0.003058743
0.002973798 -0.002117591
0.002975398 -0.00117644
0.002976998 0
0.002978598 0.0007058638
0.002980198 0.002117591
0.002981798 0.003058743
0.002983398 0.003764607
0.002984998 0.004705758
0.002986598 0.005411622
0.002988198 0.006352774
0.002989798 0.007058638
0.002991398 0.007293925
0.002992998 0.007999789
0.002994598 0.008705653
0.002996198 0.008705653
0.002997798 0.008705653
0.002999398 0.009411517
0.003000998 0.008705653
0.003002598 0.008940941
0.003004198 0.009176229
0.003005798 0.009411517
0.003007398 0.008940941
0.003008998 0.01035267
0.003010598 0.01011738
0.003012198 0.01152911
0.003013798 0.0117644
0.003015398 0.01294084
0.003016998 0.01458785
0.003018598 0.01599958
0.003020198 0.01694073
0.003021798 0.01929361
0.003023398 0.01999947
0.003024998 0.0214112
0.003026598 0.02235235
0.003028198 0.02376408
0.003029798 0.02470523
0.003031398 0.02611696
0.003032998 0.02588167
0.003034598 0.02752869
0.003036198 0.0272934
0.003037798 0.0272934
0.003039398 0.02658753
0.003040998 0.02658753
0.003042598 0.02564638
0.003044198 0.02564638
0.003045798 0.02446994
0.003047398 0.02446994
0.003048998 0.02376408
0.003050598 0.02352879
0.003052198 0.02305822
0.003053798 0.02352879
0.003055398 0.02352879
0.003056998 0.02423466
0.003058598 0.02423466
0.003060198 0.02517581
0.003061798 0.02517581
0.003063398 0.02658753
0.003064998 0.02658753
0.003066598 0.02752869
0.003068198 0.02823455
0.003069798 0.0291757
0.003071398 0.02941099
0.003072998 0.02964628
0.003074598 0.02988157
0.003076198 0.03011685
0.003077798 0.02964628
0.003079398 0.02894041
0.003080998 0.02941099
0.003082598 0.0291757
0.003084198 0.02799926
0.003085798 0.02823455
0.003087398 0.02658753
0.003088998 0.0272934
0.003090598 0.02635225
0.003092198 0.02682282
0.003093798 0.02611696
0.003095398 0.02564638
0.003096998 0.02564638
0.003098598 0.02611696
0.003100198 0.02494052
0.003101798 0.02517581
0.003103398 0.02564638
0.003104998 0.02611696
0.003106598 0.0254111
0.003108198 0.02635225
0.003109798 0.02658753
0.003111398 0.02635225
0.003112998 0.02682282
0.003114598 0.02682282
0.003116198 0.02658753
0.003117798 0.02776397
0.003119398 0.02752869
0.003120998 0.02705811
0.003122598 0.02682282
0.003124198 0.0272934
0.003125798 0.02682282
0.003127398 0.02635225
0.003128998 0.02564638
0.003130598 0.02588167
0.003132198 0.02470523
0.003133798 0.02423466
0.003135398 0.02282293
0.003136998 0.0232935
0.003138598 0.02164649
0.003140198 0.02211706
0.003141798 0.02047005
0.003143398 0.01999947
0.003144998 0.01929361
0.003146598 0.0195289
0.003148198 0.01835246
0.003149798 0.01835246
0.003151398 0.01835246
0.003152998 0.01741131
0.003154598 0.01741131
0.003156198 0.01788188
0.003157798 0.01788188
0.003159398 0.01788188
0.003160998 0.01764659
0.003162598 0.01788188
0.003164198 0.01741131
0.003165798 0.01788188
0.003167398 0.01764659
0.003168998 0.01788188
0.003170598 0.01811717
0.003172198 0.01835246
0.003173798 0.01835246
0.003175398 0.01905832
0.003176998 0.01905832
0.003178598 0.0195289
0.003180198 0.01929361
0.003181798 0.01999947
0.003183398 0.0195289
0.003184998 0.02094062
0.003186598 0.02047005
0.003188198 0.02117591
0.003189798 0.02023476
0.003191398 0.01976419
0.003192998 0.01858775
0.003194598 0.01858775
0.003196198 0.01788188
0.003197798 0.01717602
0.003199398 0.01647015
0.003200998 0.01623487
0.003202598 0.01529371
0.003204198 0.01435256
0.003205798 0.01388199
0.003207398 0.01411728
0.003208998 0.01341141
0.003210598 0.0136467
0.003212198 0.0136467
0.003213798 0.01388199
0.003215398 0.01294084
0.003216998 0.01341141
0.003218598 0.01270555
0.003220198 0.01341141
0.003221798 0.01223497
0.003223398 0.01247026
0.003224998 0.01129382
0.003226598 0.01129382
0.003228198 0.01035267
0.003229798 0.008705653
0.003231398 0.007999789
0.003232998 0.007058638
0.003234598 0.006117486
0.003236198 0.006117486
0.003237798 0.00447047
0.003239398 0.004705758
0.003240998 0.003529319
0.003242598 0.003058743
0.003244198 0.003294031
0.003245798 0.003294031
0.003247398 0.003294031
0.003248998 0.003529319
0.003250598 0.002588167
0.003252198 0.002588167
0.003253798 0.002588167
0.003255398 0.002352879
0.003256998 0.001411728
0.003258598 0.00117644
0.003260198 0.0002352879
0.003261798 0
0.003263398 -0.001411728
0.003264998 -0.001647015
0.003266598 -0.002588167
0.003268198 -0.002823455
0.003269798 -0.003999895
0.003271398 -0.00447047
0.003272998 -0.005882198
0.003274598 -0.005882198
0.003276198 -0.007293925
0.003277798 -0.007764501
0.003279398 -0.009176229
0.003280998 -0.009646805
0.003282598 -0.01058796
0.003284198 -0.01035267
0.003285798 -0.01199968
0.003287398 -0.01247026
0.003288998 -0.01317612
0.003290598 -0.0136467
0.003292198 -0.01505843
0.003293798 -0.01482314
0.003295398 -0.01670544
0.003296998 -0.01694073
0.003298598 -0.01788188
0.003300198 -0.01811717
0.003301798 -0.0195289
0.003303398 -0.01976419
0.003304998 -0.02117591
0.003306598 -0.02117591
0.003308198 -0.02282293
0.003309798 -0.02258764
0.003311398 -0.02376408
0.003312998 -0.0232935
0.003314598 -0.02446994
0.003316198 -0.02470523
0.003317798 -0.02494052
0.003319398 -0.02470523
0.003320998 -0.02494052
0.003322598 -0.02423466
0.003324198 -0.02494052
0.003325798 -0.02446994
0.003327398 -0.02399937
0.003328998 -0.02352879
0.003330598 -0.02305822
0.003332198 -0.02211706
0.003333798 -0.0214112
0.003335398 -0.02070534
0.003336998 -0.01905832
0.003338598 -0.01741131
0.003340198 -0.01694073
0.003341798 -0.01529371
0.003343398 -0.01435256
0.003344998 -0.01270555
0.003346598 -0.01129382
0.003348198 -0.01035267
0.003349798 -0.008940941
0.003351398 -0.008470365
0.003352998 -0.008470365
0.003354598 -0.006117486
0.003356198 -0.006588062
0.003357798 -0.005882198
0.003359398 -0.006117486
0.003360998 -0.00564691
0.003362598 -0.006117486
0.003364198 -0.006588062
0.003365798 -0.00682335
0.003367398 -0.006117486
0.003368998 -0.006588062
0.003370598 -0.00682335
0.003372198 -0.006588062
0.003373798 -0.007293925
0.003375398 -0.008235077
0.003376998 -0.007058638
0.003378598 -0.007293925
0.003380198 -0.007529213
0.003381798 -0.007529213
0.003383398 -0.007764501
0.003384998 -0.007764501
0.003386598 -0.007764501
0.003388198 -0.007764501
0.003389798 -0.007999789
0.003391398 -0.007999789
0.003392998 -0.007764501
0.003394598 -0.007764501
0.003396198 -0.008470365
0.003397798 -0.008470365
0.003399398 -0.008940941
0.003400998 -0.009411517
0.003402598 -0.009176229
0.003404198 -0.009646805
0.003405798 -0.009411517
0.003407398 -0.01058796
0.003408998 -0.01058796
0.003410598 -0.01058796
0.003412198 -0.01035267
0.003413798 -0.01082324
0.003415398 -0.01035267
0.003416998 -0.01082324
0.003418598 -0.01011738
0.003420198 -0.01035267
0.003421798 -0.009882093
0.003423398 -0.009882093
0.003424998 -0.008940941
0.003426598 -0.008470365
0.003428198 -0.007529213
0.003429798 -0.007293925
0.003431398 -0.006117486
0.003432998 -0.006352774
0.003434598 -0.005411622
0.003436198 -0.004705758
0.003437798 -0.003764607
0.003439398 -0.003999895
0.003440998 -0.002588167
0.003442598 -0.003058743
0.003444198 -0.002588167
0.003445798 -0.002352879
0.003447398 -0.002117591
0.003448998 -0.001647015
0.003450598 -0.0007058638
0.003452198 -0.0007058638
0.003453798 0.0002352879
0.003455398 0
0.003456998 0.0004705758
0.003458598 0.0009411517
0.003460198 0.002352879
0.003461798 0.001882303
0.003463398 0.002117591
0.003464998 0.002352879
0.003466598 0.003058743
0.003468198 0.002588167
0.003469798 0.003058743
0.003471398 0.002117591
0.003472998 0.002588167
0.003474598 0.002117591
0.003476198 0.001882303
0.003477798 0.0004705758
0.003479398 0.0004705758
0.003480998 -0.0004705758
0.003482598 -0.0007058638
0.003484198 -0.001411728
0.003485798 -0.00117644
0.003487398 -0.002352879
0.003488998 -0.001882303
0.003490598 -0.002588167
0.003492198 -0.001647015
0.003493798 -0.002352879
0.003495398 -0.001647015
0.003496998 -0.001647015
0.003498598 -0.0009411517
0.003500198 -0.001411728
0.003501798 0
0.003503398 -0.0009411517
0.003504998 -0.0002352879
0.003506598 -0.0004705758
0.003508198 -0.0004705758
0.003509798 -0.0004705758
0.003511398 -0.0002352879
0.003512998 -0.0007058638
0.003514598 0
0.003516198 -0.0004705758
0.003517798 -0.0002352879
0.003519398 -0.00117644
0.003520998 -0.0009411517
0.003522598 -0.002117591
0.003524198 -0.001882303
0.003525798 -0.003529319
0.003527398 -0.002588167
0.003528998 -0.003058743
0.003530598 -0.003294031
0.003532198 -0.003529319
0.003533798 -0.003999895
0.003535398 -0.003764607
0.003536998 -0.003999895
0.003538598 -0.003529319
0.003540198 -0.002588167
0.003541798 -0.002823455
0.003543398 -0.001882303
0.003544998 -0.002117591
0.003546598 -0.00117644
0.003548198 -0.001647015
0.003549798 -0.001647015
0.003551398 -0.0007058638
0.003552998 -0.0007058638
0.003554598 -0.001647015
0.003556198 -0.0007058638
0.003557798 -0.001411728
0.003559398 -0.001411728
0.003560998 -0.002352879
0.003562598 -0.002352879
0.003564198 -0.003529319
0.003565798 -0.004235183
0.003567398 -0.004941046
0.003568998 -0.004941046
0.003570598 -0.005882198
0.003572198 -0.00682335
0.003573798 -0.007293925
0.003575398 -0.007999789
0.003576998 -0.008940941
0.003578598 -0.008940941
0.003580198 -0.01011738
0.003581798 -0.01011738
0.003583398 -0.01011738
0.003584998 -0.01058796
0.003586598 -0.01105853
0.003588198 -0.01082324
0.003589798 -0.01129382
0.003591398 -0.01129382
0.003592998 -0.0117644
0.003594598 -0.0117644
0.003596198 -0.01223497
0.003597798 -0.01223497
0.003599398 -0.01247026
0.003600998 -0.01247026
0.003602598 -0.0136467
0.003604198 -0.01341141
0.003605798 -0.01458785
0.003607398 -0.01458785
0.003608998 -0.015529
0.003610598 -0.01599958
0.003612198 -0.01741131
0.003613798 -0.01717602
0.003615398 -0.01764659
0.003616998 -0.01788188
0.003618598 -0.01811717
0.003620198 -0.01835246
0.003621798 -0.01811717
0.003623398 -0.01741131
0.003624998 -0.01788188
0.003626598 -0.01623487
0.003628198 -0.01623487
0.003629798 -0.01482314
0.003631398 -0.01435256
0.003632998 -0.01270555
0.003634598 -0.01199968
0.003636198 -0.01035267
0.003637798 -0.01035267
0.003639398 -0.008705653
0.003640998 -0.007999789
0.003642598 -0.007058638
0.003644198 -0.006352774
0.003645798 -0.004941046
0.003647398 -0.00447047
0.003648998 -0.003764607
0.003650598 -0.003294031
0.003652198 -0.002588167
0.003653798 -0.002352879
0.003655398 -0.001882303
0.003656998 -0.002352879
0.003658598 -0.001411728
0.003660198 -0.002117591
0.003661798 -0.001411728
0.003663398 -0.002352879
0.003664998 -0.002117591
0.003666598 -0.002823455
0.003668198 -0.002352879
0.003669798 -0.002823455
0.003671398 -0.002352879
0.003672998 -0.002823455
0.003674598 -0.002823455
0.003676198 -0.002352879
0.003677798 -0.001411728
0.003679398 -0.001647015
0.003680998 -0.001411728
0.003682598 -0.0004705758
0.003684198 0.0002352879
0.003685798 0.0004705758
0.003687398 0.001411728
0.003688998 0.001882303
0.003690598 0.002823455
0.003692198 0.003058743
0.003693798 0.004705758
0.003695398 0.00447047
0.003696998 0.005411622
0.003698598 0.006588062
0.003700198 0.007293925
0.003701798 0.007999789
0.003703398 0.008470365
0.003704998 0.008940941
0.003706598 0.01035267
0.003708198 0.01058796
0.003709798 0.0117644
0.003711398 0.01223497
0.003712998 0.01388199
0.003714598 0.01341141
0.003716198 0.01458785
0.003717798 0.01505843
0.003719398 0.01576429
0.003720998 0.01529371
0.003722598 0.01599958
0.003724198 0.01623487
0.003725798 0.01647015
0.003727398 0.01623487
0.003728998 0.01647015
0.003730598 0.01576429
0.003732198 0.01694073
0.003733798 0.015529
0.003735398 0.01599958
0.003736998 0.015529
0.003738598 0.01576429
0.003740198 0.01482314
0.003741798 0.01505843
0.003743398 0.01435256
0.003744998 0.01411728
0.003746598 0.0136467
0.003748198 0.01388199
0.003749798 0.01223497
0.003751398 0.01270555
0.003752998 0.01152911
0.003754598 0.01129382
0.003756198 0.01082324
0.003757798 0.01082324
0.003759398 0.01035267
0.003760998 0.01011738
0.003762598 0.009882093
0.003764198 0.009882093
0.003765798 0.009411517
0.003767398 0.01011738
0.003768998 0.009411517
0.003770598 0.009646805
0.003772198 0.009882093
0.003773798 0.009882093
0.003775398 0.01011738
0.003776998 0.01011738
0.003778598 0.01035267
0.003780198 0.01035267
0.003781798 0.01011738
0.003783398 0.01011738
0.003784998 0.01035267
0.003786598 0.01035267
0.003788198 0.009646805
0.003789798 0.01058796
0.003791398 0.009176229
0.003792998 0.009882093
0.003794598 0.009176229
0.003796198 0.009411517
0.003797798 0.008705653
0.003799398 0.008940941
0.003800998 0.008470365
0.003802598 0.008940941
0.003804198 0.008235077
0.003805798 0.007999789
0.003807398 0.007293925
0.003808998 0.007764501
0.003810598 0.00682335
0.003812198 0.006588062
0.003813798 0.006352774
0.003815398 0.006117486
0.003816998 0.004705758
0.003818598 0.004705758
0.003820198 0.003999895
0.003821798 0.003529319
0.003823398 0.003058743
0.003824998 0.003058743
0.003826598 0.001882303
0.003828198 0.001647015
0.003829798 0.0009411517
0.003831398 0.0009411517
0.003832998 -0.0002352879
0.003834598 0
0.003836198 -0.0004705758
0.003837798 -0.0007058638
0.003839398 -0.001882303
0.003840998 -0.002117591
0.003842598 -0.002823455
0.003844198 -0.003058743
0.003845798 -0.003529319
0.003847398 -0.003764607
0.003848998 -0.003999895
0.003850598 -0.00447047
0.003852198 -0.005882198
0.003853798 -0.005882198
0.003855398 -0.007293925
0.003856998 -0.007529213
0.003858598 -0.008235077
0.003860198 -0.008470365
0.003861798 -0.009176229
0.003863398 -0.009882093
0.003864998 -0.01082324
0.003866598 -0.01129382
0.003868198 -0.01199968
0.003869798 -0.0117644
0.003871398 -0.01247026
0.003872998 -0.01247026
0.003874598 -0.01411728
0.003876198 -0.01388199
0.003877798 -0.01505843
0.003879398 -0.01505843
0.003880998 -0.01599958
0.003882598 -0.01623487
0.003884198 -0.01717602
0.003885798 -0.01741131
0.003887398 -0.01811717
0.003888998 -0.01858775
0.003890598 -0.0195289
0.003892198 -0.01882303
0.003893798 -0.02047005
0.003895398 -0.02023476
0.003896998 -0.0214112
0.003898598 -0.02070534
0.003900198 -0.02211706
0.003901798 -0.02094062
0.003903398 -0.02164649
0.003904998 -0.0214112
0.003906598 -0.02164649
0.003908198 -0.0214112
0.003909798 -0.02164649
0.003911398 -0.0214112
0.003912998 -0.02070534
0.003914598 -0.02023476
0.003916198 -0.02023476
0.003917798 -0.0195289
0.003919398 -0.0195289
0.003920998 -0.01905832
0.003922598 -0.01929361
0.003924198 -0.01858775
0.003925798 -0.01835246
0.003927398 -0.01764659
0.003928998 -0.01741131
0.003930598 -0.01741131
0.003932198 -0.01811717
0.003933798 -0.01717602
0.003935398 -0.01764659
0.003936998 -0.01741131
0.003938598 -0.01788188
0.003940198 -0.01741131
0.003941798 -0.01811717
0.003943398 -0.01835246
0.003944998 -0.01858775
0.003946598 -0.01858775
0.003948198 -0.01905832
0.003949798 -0.01858775
0.003951398 -0.01905832
0.003952998 -0.01858775
0.003954598 -0.01882303
0.003956198 -0.01811717
0.003957798 -0.01882303
0.003959398 -0.01788188
0.003960998 -0.01811717
0.003962598 -0.01788188
0.003964198 -0.01694073
0.003965798 -0.01647015
0.003967398 -0.01599958
0.003968998 -0.01529371
0.003970598 -0.01458785
0.003972198 -0.01317612
0.003973798 -0.01317612
0.003975398 -0.0117644
0.003976998 -0.01199968
0.003978598 -0.01105853
0.003980198 -0.01011738
0.003981798 -0.009646805
0.003983398 -0.009646805
0.003984998 -0.008940941
0.003986598 -0.009176229
0.003988198 -0.008705653
0.003989798 -0.009411517
0.003991398 -0.008705653
0.003992998 -0.009646805
0.003994598 -0.008940941
0.003996198 -0.008940941
0.003997798 -0.009176229
0.003999398 -0.009646805
0.004000998 -0.009411517
0.004002598 -0.01011738
0.004004198 -0.009411517
0.004005798 -0.009882093
0.004007398 -0.009176229
0.004008998 -0.009882093
0.004010598 -0.008940941
0.004012198 -0.009411517
0.004013798 -0.008705653
0.004015398 -0.008235077
0.004016998 -0.007529213
0.004018598 -0.007764501
0.004020198 -0.007293925
0.004021798 -0.007058638
0.004023398 -0.006117486
0.004024998 -0.006117486
0.004026598 -0.004941046
0.004028198 -0.005176334
0.004029798 -0.004235183
0.004031398 -0.004235183
0.004032998 -0.003529319
0.004034598 -0.003999895
0.004036198 -0.003294031
0.004037798 -0.003764607
0.004039398 -0.003529319
0.004040998 -0.00447047
0.004042598 -0.003529319
0.004044198 -0.004235183
0.004045798 -0.003294031
0.004047398 -0.004941046
0.004048998 -0.004941046
0.004050598 -0.00564691
0.004052198 -0.004705758
0.004053798 -0.004941046
0.004055398 -0.00564691
0.004056998 -0.006588062
0.004058598 -0.006117486
0.004060198 -0.007293925
0.004061798 -0.007058638
0.004063398 -0.007529213
0.004064998 -0.007529213
0.004066598 -0.007293925
0.004068198 -0.007058638
0.004069798 -0.007058638
0.004071398 -0.006117486
0.004072998 -0.00682335
0.004074598 -0.006117486
0.004076198 -0.005882198
0.004077798 -0.004941046
0.004079398 -0.005176334
0.004080998 -0.004235183
0.004082598 -0.00447047
0.004084198 -0.003764607
0.004085798 -0.003999895
0.004087398 -0.003294031
0.004088998 -0.003294031
0.004090598 -0.003058743
0.004092198 -0.003294031
0.004093798 -0.002588167
0.004095398 -0.003294031
0.004096998 -0.00117644
0.004098598 -0.002117591
0.004100198 -0.00117644
0.004101798 -0.001411728
0.004103398 -0.0004705758
0.004104998 -0.0004705758
0.004106598 0.0004705758
0.004108198 0.0002352879
0.004109798 0.0009411517
0.004111398 0.0004705758
0.004112998 0.001647015
0.004114598 0.001411728
0.004116198 0.002117591
0.004117798 0.001882303
0.004119398 0.003058743
0.004120998 0.003529319
0.004122598 0.003764607
0.004124198 0.003999895
0.004125798 0.005411622
0.004127398 0.005176334
0.004128998 0.005411622
0.004130598 0.006117486
0.004132198 0.006588062
0.004133798 0.005882198
0.004135398 0.006117486
0.004136998 0.006117486
0.004138598 0.00682335
0.004140198 0.006117486
0.004141798 0.006117486
0.004143398 0.006117486
0.004144998 0.006117486
0.004146598 0.004941046
0.004148198 0.00564691
0.004149798 0.004941046
0.004151398 0.004941046
0.004152998 0.00447047
0.004154598 0.00447047
0.004156198 0.003764607
0.004157798 0.00447047
0.004159398 0.003294031
0.004160998 0.003529319
0.004162598 0.003764607
0.004164198 0.003764607
0.004165798 0.003294031
0.004167398 0.003764607
0.004168998 0.003529319
0.004170598 0.004235183
0.004172198 0.003999895
0.004173798 0.004705758
0.004175398 0.00447047
0.004176998 0.005411622
0.004178598 0.004941046
0.004180198 0.00564691
0.004181798 0.006117486
0.004183398 0.007529213
0.004184998 0.007529213
0.004186598 0.007999789
0.004188198 0.007999789
0.004189798 0.008705653
0.004191398 0.008705653
0.004192998 0.009646805
0.004194598 0.008705653
0.004196198 0.01011738
0.004197798 0.01035267
0.004199398 0.01011738
0.004200998 0.009646805
