LECROYWS4024HD 19320 Waveform
Segments 1 SegmentSize 3127
Segment TrigTime TimeSinceSegment1
#1 04-Jun-2024 16:55:03 0                 
Time Ampl
-0.0008010966 0
-0.0007994966 0.0002352879
-0.0007978966 0.0002352879
-0.0007962966 0.0004705758
-0.0007946966 0.0002352879
-0.0007930966 0.0002352879
-0.0007914966 0
-0.0007898966 0.0002352879
-0.0007882966 0.0002352879
-0.0007866966 0
-0.0007850966 0.0007058638
-0.0007834966 0
-0.0007818966 0.0004705758
-0.0007802966 0
-0.0007786966 0.0002352879
-0.0007770966 0.0007058638
-0.0007754966 0.0002352879
-0.0007738966 0.0002352879
-0.0007722966 0.0007058638
-0.0007706966 0
-0.0007690966 0.0004705758
-0.0007674966 0.0004705758
-0.0007658966 0.0007058638
-0.0007642966 0.0007058638
-0.0007626966 0.0002352879
-0.0007610966 0
-0.0007594966 0
-0.0007578966 -0.0002352879
-0.0007562966 0
-0.0007546966 -0.0002352879
-0.0007530966 0.0007058638
-0.0007514966 -0.0002352879
-0.0007498966 0
-0.0007482966 -0.0002352879
-0.0007466966 0.0002352879
-0.0007450966 0.0002352879
-0.0007434966 0.0009411517
-0.0007418966 0.0004705758
-0.0007402966 0.0002352879
-0.0007386966 0.0004705758
-0.0007370966 0.0002352879
-0.0007354966 0.0004705758
-0.0007338966 0
-0.0007322966 0.0002352879
-0.0007306966 0.0004705758
-0.0007290966 0.0004705758
-0.0007274966 0.0002352879
-0.0007258966 0.0004705758
-0.0007242966 0.0007058638
-0.0007226966 0.0002352879
-0.0007210966 0.0004705758
-0.0007194966 -0.0002352879
-0.0007178966 0.0004705758
-0.0007162966 0.0004705758
-0.0007146966 0.0004705758
-0.0007130966 0.0004705758
-0.0007114966 0.0002352879
-0.0007098966 0.0004705758
-0.0007082966 0.0002352879
-0.0007066966 0.0002352879
-0.0007050966 0.0002352879
-0.0007034966 0
-0.0007018966 0
-0.0007002966 0.0002352879
-0.0006986966 0.0002352879
-0.0006970966 0
-0.0006954966 0
-0.0006938966 0.0002352879
-0.0006922966 0.0007058638
-0.0006906966 0.0004705758
-0.0006890966 0.0004705758
-0.0006874966 0.0009411517
-0.0006858966 0.0002352879
-0.0006842966 0.0002352879
-0.0006826966 0.0002352879
-0.0006810966 0
-0.0006794966 0.0007058638
-0.0006778966 0.0002352879
-0.0006762966 0.0002352879
-0.0006746966 0.0002352879
-0.0006730966 0.0002352879
-0.0006714966 0
-0.0006698966 0.0004705758
-0.0006682966 0.0002352879
-0.0006666966 0.0009411517
-0.0006650966 0.0004705758
-0.0006634966 0.0002352879
-0.0006618966 0.0002352879
-0.0006602966 0.0002352879
-0.0006586966 0.0007058638
-0.0006570966 0.0002352879
-0.0006554966 0.0002352879
-0.0006538966 0.0004705758
-0.0006522966 0.0007058638
-0.0006506966 0.0007058638
-0.0006490966 0.0007058638
-0.0006474966 0.0002352879
-0.0006458966 0.0002352879
-0.0006442966 -0.0004705758
-0.0006426966 -0.0002352879
-0.0006410966 0.0002352879
-0.0006394966 0.0007058638
-0.0006378966 0.0004705758
-0.0006362966 0.0004705758
-0.0006346966 0.0002352879
-0.0006330966 0.0002352879
-0.0006314966 0
-0.0006298966 -0.0007058638
-0.0006282966 0.0004705758
-0.0006266966 -0.0002352879
-0.0006250966 0.0004705758
-0.0006234966 -0.0002352879
-0.0006218966 0.0004705758
-0.0006202966 0.0002352879
-0.0006186966 0.0004705758
-0.0006170966 0
-0.0006154966 0.0007058638
-0.0006138966 0
-0.0006122966 0
-0.0006106966 0.0002352879
-0.0006090966 0.0007058638
-0.0006074966 0.0007058638
-0.0006058966 0.0007058638
-0.0006042966 0
-0.0006026966 0.0004705758
-0.0006010966 0.0002352879
-0.0005994966 0
-0.0005978966 0.0009411517
-0.0005962966 0.0002352879
-0.0005946966 0
-0.0005930966 0.0004705758
-0.0005914966 0.0002352879
-0.0005898966 0.0002352879
-0.0005882966 0.0002352879
-0.0005866966 0.0007058638
-0.0005850966 0.0002352879
-0.0005834966 0
-0.0005818966 0
-0.0005802966 0.0007058638
-0.0005786966 0.0002352879
-0.0005770966 0
-0.0005754966 0
-0.0005738966 0.0002352879
-0.0005722966 0.0002352879
-0.0005706966 0.0004705758
-0.0005690966 0
-0.0005674966 0.0004705758
-0.0005658966 0.0007058638
-0.0005642966 0.0004705758
-0.0005626966 0
-0.0005610966 0.0004705758
-0.0005594966 0.0007058638
-0.0005578966 0.0002352879
-0.0005562966 0.0004705758
-0.0005546966 0.0002352879
-0.0005530966 0.0009411517
-0.0005514966 0.0002352879
-0.0005498966 0.0009411517
-0.0005482966 0.0007058638
-0.0005466966 0.0009411517
-0.0005450966 0.0002352879
-0.0005434966 -0.0002352879
-0.0005418966 0.0004705758
-0.0005402966 0.0007058638
-0.0005386966 0.0002352879
-0.0005370966 0
-0.0005354966 0
-0.0005338966 -0.0002352879
-0.0005322966 0.0004705758
-0.0005306966 0
-0.0005290966 0.0004705758
-0.0005274966 0.0002352879
-0.0005258966 0.0002352879
-0.0005242966 0
-0.0005226966 0.0004705758
-0.0005210966 0.0002352879
-0.0005194966 0
-0.0005178966 0
-0.0005162966 0.0007058638
-0.0005146966 0.0004705758
-0.0005130966 0.0002352879
-0.0005114966 0.0002352879
-0.0005098966 0
-0.0005082966 0.0004705758
-0.0005066966 0.0002352879
-0.0005050966 0.0002352879
-0.0005034966 0.0002352879
-0.0005018966 0.0009411517
-0.0005002966 0.0002352879
-0.0004986966 0.0007058638
-0.0004970966 -0.0007058638
-0.0004954966 0.0002352879
-0.0004938966 0.0002352879
-0.0004922966 0
-0.0004906966 0.0002352879
-0.0004890966 -0.0002352879
-0.0004874966 0
-0.0004858966 0
-0.0004842966 0.0007058638
-0.0004826966 0.0002352879
-0.0004810966 0.0002352879
-0.0004794966 0.0007058638
-0.0004778966 -0.0002352879
-0.0004762966 0
-0.0004746966 0.0004705758
-0.0004730966 0.0004705758
-0.0004714966 0.0002352879
-0.0004698966 0
-0.0004682966 0.0002352879
-0.0004666966 0.0002352879
-0.0004650966 0.0002352879
-0.0004634966 0.0002352879
-0.0004618966 0
-0.0004602966 0.0002352879
-0.0004586966 0.0004705758
-0.0004570966 0.0004705758
-0.0004554966 0.0002352879
-0.0004538966 -0.0002352879
-0.0004522966 0.0007058638
-0.0004506966 0.0002352879
-0.0004490966 0
-0.0004474966 -0.0004705758
-0.0004458966 0.0004705758
-0.0004442966 0.0007058638
-0.0004426966 0
-0.0004410966 0
-0.0004394966 0.0002352879
-0.0004378966 -0.0002352879
-0.0004362966 0.0004705758
-0.0004346966 0.0002352879
-0.0004330966 0.0002352879
-0.0004314966 0.0007058638
-0.0004298966 0.0004705758
-0.0004282966 0.0004705758
-0.0004266966 0.0004705758
-0.0004250966 0.0002352879
-0.0004234966 0.0004705758
-0.0004218966 0.0002352879
-0.0004202966 0
-0.0004186966 0
-0.0004170966 0.0002352879
-0.0004154966 0.0004705758
-0.0004138966 0
-0.0004122966 0.0002352879
-0.0004106966 0.0009411517
-0.0004090966 0
-0.0004074966 0.0007058638
-0.0004058966 0
-0.0004042966 0.0002352879
-0.0004026966 0.0004705758
-0.0004010966 0.0002352879
-0.0003994966 0.0002352879
-0.0003978966 0.0007058638
-0.0003962966 0.0002352879
-0.0003946966 0.0002352879
-0.0003930966 0
-0.0003914966 0.0002352879
-0.0003898966 0.0002352879
-0.0003882966 0
-0.0003866966 0.0007058638
-0.0003850966 0.0002352879
-0.0003834966 -0.0002352879
-0.0003818966 0.0007058638
-0.0003802966 0
-0.0003786966 0
-0.0003770966 0.0007058638
-0.0003754966 0
-0.0003738966 0.0002352879
-0.0003722966 0.0007058638
-0.0003706966 0
-0.0003690966 0.0007058638
-0.0003674966 0.0002352879
-0.0003658966 0.0004705758
-0.0003642966 0
-0.0003626966 0
-0.0003610966 0.0004705758
-0.0003594966 0.0002352879
-0.0003578966 -0.0002352879
-0.0003562966 0.0002352879
-0.0003546966 0
-0.0003530966 -0.0004705758
-0.0003514966 0.0004705758
-0.0003498966 0.0002352879
-0.0003482966 -0.0004705758
-0.0003466966 -0.0002352879
-0.0003450966 0
-0.0003434966 0.0002352879
-0.0003418966 0.0004705758
-0.0003402966 0.0004705758
-0.0003386966 0.0004705758
-0.0003370966 0
-0.0003354966 0.0004705758
-0.0003338966 0
-0.0003322966 0.0004705758
-0.0003306966 0
-0.0003290966 0.0007058638
-0.0003274966 0
-0.0003258966 -0.0002352879
-0.0003242966 -0.0002352879
-0.0003226966 0.0004705758
-0.0003210966 -0.0002352879
-0.0003194966 0.0002352879
-0.0003178966 0.0002352879
-0.0003162966 0.0007058638
-0.0003146966 0.0004705758
-0.0003130966 -0.0004705758
-0.0003114966 0.0002352879
-0.0003098966 0
-0.0003082966 0.0004705758
-0.0003066966 0.0002352879
-0.0003050966 0.0004705758
-0.0003034966 0
-0.0003018966 0
-0.0003002966 0.0002352879
-0.0002986966 0.0004705758
-0.0002970966 -0.0002352879
-0.0002954966 0.0002352879
-0.0002938966 0
-0.0002922966 0.0002352879
-0.0002906966 0.0004705758
-0.0002890966 0.0002352879
-0.0002874966 0.0002352879
-0.0002858966 0.0002352879
-0.0002842966 0
-0.0002826966 0
-0.0002810966 0
-0.0002794966 0.0004705758
-0.0002778966 0.0002352879
-0.0002762966 0
-0.0002746966 0.0004705758
-0.0002730966 0.0007058638
-0.0002714966 0.0002352879
-0.0002698966 0.0009411517
-0.0002682966 0.0004705758
-0.0002666966 0.0007058638
-0.0002650966 0.0002352879
-0.0002634966 0.0004705758
-0.0002618966 -0.0002352879
-0.0002602966 0.0004705758
-0.0002586966 -0.0002352879
-0.0002570966 0
-0.0002554966 0.0004705758
-0.0002538966 -0.0002352879
-0.0002522966 0
-0.0002506966 0.0002352879
-0.0002490966 0.0002352879
-0.0002474966 0.0004705758
-0.0002458966 0.0002352879
-0.0002442966 0
-0.0002426966 0.0004705758
-0.0002410966 0.0004705758
-0.0002394966 0.0002352879
-0.0002378966 0.0002352879
-0.0002362966 -0.0002352879
-0.0002346966 0.0004705758
-0.0002330966 0.0004705758
-0.0002314966 0.0009411517
-0.0002298966 0.0002352879
-0.0002282966 0
-0.0002266966 0.0004705758
-0.0002250966 0
-0.0002234966 0
-0.0002218966 0
-0.0002202966 0.0004705758
-0.0002186966 0.0004705758
-0.0002170966 0.0002352879
-0.0002154966 0
-0.0002138966 0.0004705758
-0.0002122966 0
-0.0002106966 -0.0002352879
-0.0002090966 0
-0.0002074966 0.0004705758
-0.0002058966 0
-0.0002042966 0.0004705758
-0.0002026966 0.0002352879
-0.0002010966 0.0002352879
-0.0001994966 0
-0.0001978966 0
-0.0001962966 0.0004705758
-0.0001946966 0.0004705758
-0.0001930966 0
-0.0001914966 0
-0.0001898966 0.0004705758
-0.0001882966 0.0004705758
-0.0001866966 0.0009411517
-0.0001850966 0.0002352879
-0.0001834966 -0.0002352879
-0.0001818966 0.0007058638
-0.0001802966 0.0004705758
-0.0001786966 0.0002352879
-0.0001770966 0
-0.0001754966 0
-0.0001738966 -0.0004705758
-0.0001722966 0.0002352879
-0.0001706966 0.0002352879
-0.0001690966 0.0002352879
-0.0001674966 0
-0.0001658966 0
-0.0001642966 0.0002352879
-0.0001626966 0.0007058638
-0.0001610966 0
-0.0001594966 0
-0.0001578966 -0.0002352879
-0.0001562966 0.0002352879
-0.0001546966 0.0004705758
-0.0001530966 0.0004705758
-0.0001514966 0
-0.0001498966 0.0002352879
-0.0001482966 0
-0.0001466966 0
-0.0001450966 0.0002352879
-0.0001434966 0
-0.0001418966 0.0002352879
-0.0001402966 0.0002352879
-0.0001386966 0
-0.0001370966 0.0004705758
-0.0001354966 0.0002352879
-0.0001338966 0
-0.0001322966 0.0004705758
-0.0001306966 -0.0002352879
-0.0001290966 0.0002352879
-0.0001274966 0.0002352879
-0.0001258966 0
-0.0001242966 0
-0.0001226966 0
-0.0001210966 0.0002352879
-0.0001194966 0.0004705758
-0.0001178966 0.0004705758
-0.0001162966 0
-0.0001146966 0.0002352879
-0.0001130966 -0.0002352879
-0.0001114966 0.0002352879
-0.0001098966 0.0002352879
-0.0001082966 0.0002352879
-0.0001066966 0
-0.0001050966 0.0002352879
-0.0001034966 0.0002352879
-0.0001018966 0.0002352879
-0.0001002966 0.0002352879
-9.86966e-005 0
-9.70966e-005 0
-9.54966e-005 0.0004705758
-9.38966e-005 0.0007058638
-9.22966e-005 0.0002352879
-9.06966e-005 0.0002352879
-8.90966e-005 0.0002352879
-8.74966e-005 0.0002352879
-8.58966e-005 0.0002352879
-8.42966e-005 0.0002352879
-8.26966e-005 0.0007058638
-8.10966e-005 0.0004705758
-7.94966e-005 0.0004705758
-7.78966e-005 0.0002352879
-7.62966e-005 0.0002352879
-7.46966e-005 0.0002352879
-7.30966e-005 -0.0002352879
-7.14966e-005 0.0002352879
-6.98966e-005 0.0004705758
-6.82966e-005 0
-6.66966e-005 0
-6.50966e-005 0.0004705758
-6.34966e-005 0.0007058638
-6.18966e-005 0.0002352879
-6.02966e-005 0
-5.86966e-005 0.0007058638
-5.70966e-005 0.0004705758
-5.54966e-005 0.0004705758
-5.38966e-005 0.0002352879
-5.22966e-005 0.0002352879
-5.06966e-005 0
-4.90966e-005 0.0007058638
-4.74966e-005 0.0004705758
-4.58966e-005 0.001411728
-4.42966e-005 0.004235183
-4.26966e-005 0.009176229
-4.10966e-005 0.01717602
-3.94966e-005 0.02846984
-3.78966e-005 0.04446942
-3.62966e-005 0.06305716
-3.46966e-005 0.07105695
-3.30966e-005 0.05764554
-3.14966e-005 0.01717602
-2.98966e-005 -0.02988157
-2.82966e-005 -0.05176334
-2.66966e-005 -0.05693968
-2.50966e-005 -0.06564533
-2.34966e-005 -0.08140962
-2.18966e-005 -0.0974092
-2.02966e-005 -0.1152911
-1.86966e-005 -0.1345847
-1.70966e-005 -0.1555253
-1.54966e-005 -0.167525
-1.38966e-005 -0.1665838
-1.22966e-005 -0.1538783
-1.06966e-005 -0.1392904
-9.0966e-006 -0.1237614
-7.4966e-006 -0.102115
-5.8966e-006 -0.07693915
-4.2966e-006 -0.05293978
-2.6966e-006 -0.03270502
-1.0966e-006 -0.0117644
5.034e-007 0.002823455
2.1034e-006 0.003058743
3.7034e-006 -0.007058638
5.3034e-006 -0.01835246
6.9034e-006 -0.02352879
8.5034e-006 -0.0195289
1.01034e-005 -0.01458785
1.17034e-005 -0.008235077
1.33034e-005 0.00682335
1.49034e-005 0.02494052
1.65034e-005 0.0428224
1.81034e-005 0.05529266
1.97034e-005 0.06070428
2.13034e-005 0.05882198
2.29034e-005 0.0487046
2.45034e-005 0.03999895
2.61034e-005 0.03435204
2.77034e-005 0.02941099
2.93034e-005 0.01882303
3.09034e-005 0.003764607
3.25034e-005 -0.009646805
3.41034e-005 -0.01835246
3.57034e-005 -0.0214112
3.73034e-005 -0.0214112
3.89034e-005 -0.02023476
4.05034e-005 -0.01670544
4.21034e-005 -0.01599958
4.37034e-005 -0.01294084
4.53034e-005 -0.0117644
4.69034e-005 -0.009411517
4.85034e-005 -0.01105853
5.01034e-005 -0.01811717
5.17034e-005 -0.02658753
5.33034e-005 -0.03411675
5.49034e-005 -0.04141067
5.65034e-005 -0.04964575
5.81034e-005 -0.05623381
5.97034e-005 -0.05764554
6.13034e-005 -0.05364565
6.29034e-005 -0.04729287
6.45034e-005 -0.04329298
6.61034e-005 -0.04211654
6.77034e-005 -0.04258711
6.93034e-005 -0.04305769
7.09034e-005 -0.04611643
7.25034e-005 -0.04705758
7.41034e-005 -0.04893989
7.57034e-005 -0.04846931
7.73034e-005 -0.04493999
7.89034e-005 -0.03976366
8.05034e-005 -0.03552848
8.21034e-005 -0.03364617
8.37034e-005 -0.03294031
8.53034e-005 -0.03270502
8.69034e-005 -0.03411675
8.85034e-005 -0.03482261
9.01034e-005 -0.03458732
9.17034e-005 -0.03364617
9.33034e-005 -0.03435204
9.49034e-005 -0.03599905
9.65034e-005 -0.03741078
9.81034e-005 -0.03623434
9.97034e-005 -0.03341088
0.0001013034 -0.03152858
0.0001029034 -0.03082272
0.0001045034 -0.02846984
0.0001061034 -0.0232935
0.0001077034 -0.01741131
0.0001093034 -0.01270555
0.0001109034 -0.009882093
0.0001125034 -0.01105853
0.0001141034 -0.01482314
0.0001157034 -0.01811717
0.0001173034 -0.02117591
0.0001189034 -0.02494052
0.0001205034 -0.02705811
0.0001221034 -0.02799926
0.0001237034 -0.02635225
0.0001253034 -0.02470523
0.0001269034 -0.02282293
0.0001285034 -0.02376408
0.0001301034 -0.02564638
0.0001317034 -0.0272934
0.0001333034 -0.02611696
0.0001349034 -0.02352879
0.0001365034 -0.0214112
0.0001381034 -0.02188178
0.0001397034 -0.01999947
0.0001413034 -0.01764659
0.0001429034 -0.01152911
0.0001445034 -0.003058743
0.0001461034 0.001882303
0.0001477034 0.003999895
0.0001493034 0.00564691
0.0001509034 0.00564691
0.0001525034 0.005176334
0.0001541034 0.004705758
0.0001557034 0.003529319
0.0001573034 0.001411728
0.0001589034 -0.001647015
0.0001605034 -0.004235183
0.0001621034 -0.005176334
0.0001637034 -0.00564691
0.0001653034 -0.008235077
0.0001669034 -0.01317612
0.0001685034 -0.01929361
0.0001701034 -0.02635225
0.0001717034 -0.03129329
0.0001733034 -0.03670492
0.0001749034 -0.04141067
0.0001765034 -0.0447047
0.0001781034 -0.04658701
0.0001797034 -0.04635172
0.0001813034 -0.04446942
0.0001829034 -0.04329298
0.0001845034 -0.04117539
0.0001861034 -0.03741078
0.0001877034 -0.03270502
0.0001893034 -0.02846984
0.0001909034 -0.02470523
0.0001925034 -0.02188178
0.0001941034 -0.01811717
0.0001957034 -0.015529
0.0001973034 -0.0136467
0.0001989034 -0.0136467
0.0002005034 -0.01694073
0.0002021034 -0.02094062
0.0002037034 -0.02611696
0.0002053034 -0.03223444
0.0002069034 -0.03858722
0.0002085034 -0.04541057
0.0002101034 -0.0505869
0.0002117034 -0.05270449
0.0002133034 -0.04941046
0.0002149034 -0.0447047
0.0002165034 -0.03999895
0.0002181034 -0.03717549
0.0002197034 -0.03599905
0.0002213034 -0.03623434
0.0002229034 -0.03411675
0.0002245034 -0.03105801
0.0002261034 -0.02799926
0.0002277034 -0.0254111
0.0002293034 -0.02517581
0.0002309034 -0.02470523
0.0002325034 -0.02305822
0.0002341034 -0.02094062
0.0002357034 -0.01764659
0.0002373034 -0.01505843
0.0002389034 -0.01152911
0.0002405034 -0.0117644
0.0002421034 -0.01317612
0.0002437034 -0.01670544
0.0002453034 -0.01835246
0.0002469034 -0.01882303
0.0002485034 -0.01788188
0.0002501034 -0.01741131
0.0002517034 -0.01858775
0.0002533034 -0.02117591
0.0002549034 -0.02399937
0.0002565034 -0.02564638
0.0002581034 -0.02517581
0.0002597034 -0.02611696
0.0002613034 -0.02823455
0.0002629034 -0.03176387
0.0002645034 -0.03246973
0.0002661034 -0.02894041
0.0002677034 -0.02211706
0.0002693034 -0.01576429
0.0002709034 -0.01199968
0.0002725034 -0.01129382
0.0002741034 -0.01223497
0.0002757034 -0.0136467
0.0002773034 -0.01388199
0.0002789034 -0.01223497
0.0002805034 -0.0117644
0.0002821034 -0.0117644
0.0002837034 -0.01152911
0.0002853034 -0.01035267
0.0002869034 -0.009882093
0.0002885034 -0.009646805
0.0002901034 -0.01129382
0.0002917034 -0.01317612
0.0002933034 -0.01694073
0.0002949034 -0.02188178
0.0002965034 -0.02611696
0.0002981034 -0.02894041
0.0002997034 -0.03105801
0.0003013034 -0.03199916
0.0003029034 -0.03199916
0.0003045034 -0.03105801
0.0003061034 -0.02941099
0.0003077034 -0.02823455
0.0003093034 -0.02776397
0.0003109034 -0.0272934
0.0003125034 -0.02705811
0.0003141034 -0.02846984
0.0003157034 -0.02988157
0.0003173034 -0.03058743
0.0003189034 -0.03035214
0.0003205034 -0.02846984
0.0003221034 -0.0272934
0.0003237034 -0.02564638
0.0003253034 -0.0254111
0.0003269034 -0.02517581
0.0003285034 -0.02258764
0.0003301034 -0.01882303
0.0003317034 -0.01435256
0.0003333034 -0.01199968
0.0003349034 -0.009882093
0.0003365034 -0.008940941
0.0003381034 -0.00682335
0.0003397034 -0.0009411517
0.0003413034 0.003058743
0.0003429034 0.005411622
0.0003445034 0.00564691
0.0003461034 0.003764607
0.0003477034 0.002588167
0.0003493034 0.0002352879
0.0003509034 -0.00117644
0.0003525034 -0.001882303
0.0003541034 -0.0007058638
0.0003557034 -0.001411728
0.0003573034 -0.002823455
0.0003589034 -0.004705758
0.0003605034 -0.005176334
0.0003621034 -0.003999895
0.0003637034 -0.002117591
0.0003653034 -0.0002352879
0.0003669034 -0.001882303
0.0003685034 -0.004705758
0.0003701034 -0.006117486
0.0003717034 -0.005882198
0.0003733034 -0.003764607
0.0003749034 -0.0002352879
0.0003765034 0.0002352879
0.0003781034 -0.001411728
0.0003797034 -0.003058743
0.0003813034 -0.005176334
0.0003829034 -0.003764607
0.0003845034 -0.003294031
0.0003861034 -0.003999895
0.0003877034 -0.006117486
0.0003893034 -0.009882093
0.0003909034 -0.01341141
0.0003925034 -0.01435256
0.0003941034 -0.01576429
0.0003957034 -0.01576429
0.0003973034 -0.01694073
0.0003989034 -0.01835246
0.0004005034 -0.01882303
0.0004021034 -0.01741131
0.0004037034 -0.01482314
0.0004053034 -0.01152911
0.0004069034 -0.008705653
0.0004085034 -0.004705758
0.0004101034 -0.002117591
0.0004117034 -0.00117644
0.0004133034 -0.001882303
0.0004149034 -0.003294031
0.0004165034 -0.006117486
0.0004181034 -0.01011738
0.0004197034 -0.01435256
0.0004213034 -0.01835246
0.0004229034 -0.02258764
0.0004245034 -0.02494052
0.0004261034 -0.02517581
0.0004277034 -0.02235235
0.0004293034 -0.01905832
0.0004309034 -0.01694073
0.0004325034 -0.01505843
0.0004341034 -0.01152911
0.0004357034 -0.007293925
0.0004373034 -0.002588167
0.0004389034 0.002117591
0.0004405034 0.005882198
0.0004421034 0.009176229
0.0004437034 0.0136467
0.0004453034 0.01741131
0.0004469034 0.02164649
0.0004485034 0.02470523
0.0004501034 0.02635225
0.0004517034 0.02846984
0.0004533034 0.03129329
0.0004549034 0.03270502
0.0004565034 0.03482261
0.0004581034 0.03482261
0.0004597034 0.03411675
0.0004613034 0.03223444
0.0004629034 0.03082272
0.0004645034 0.02894041
0.0004661034 0.02799926
0.0004677034 0.02517581
0.0004693034 0.02188178
0.0004709034 0.01835246
0.0004725034 0.01599958
0.0004741034 0.01411728
0.0004757034 0.01411728
0.0004773034 0.01270555
0.0004789034 0.01152911
0.0004805034 0.008235077
0.0004821034 0.004705758
0.0004837034 0.001411728
0.0004853034 -0.0002352879
0.0004869034 -0.0002352879
0.0004885034 0
0.0004901034 0.0009411517
0.0004917034 0.002117591
0.0004933034 0.002117591
0.0004949034 0.0004705758
0.0004965034 0
0.0004981034 0
0.0004997034 0.00117644
0.0005013034 0.001411728
0.0005029034 -0.0002352879
0.0005045034 -0.0002352879
0.0005061034 -0.0007058638
0.0005077034 0
0.0005093034 0.003058743
0.0005109034 0.005411622
0.0005125034 0.007764501
0.0005141034 0.007529213
0.0005157034 0.007529213
0.0005173034 0.008235077
0.0005189034 0.009646805
0.0005205034 0.0117644
0.0005221034 0.01388199
0.0005237034 0.01458785
0.0005253034 0.01482314
0.0005269034 0.01599958
0.0005285034 0.01788188
0.0005301034 0.02023476
0.0005317034 0.01976419
0.0005333034 0.01882303
0.0005349034 0.01576429
0.0005365034 0.01341141
0.0005381034 0.01199968
0.0005397034 0.01105853
0.0005413034 0.01035267
0.0005429034 0.01011738
0.0005445034 0.01035267
0.0005461034 0.01105853
0.0005477034 0.01129382
0.0005493034 0.01199968
0.0005509034 0.01247026
0.0005525034 0.01247026
0.0005541034 0.0117644
0.0005557034 0.01247026
0.0005573034 0.0136467
0.0005589034 0.01529371
0.0005605034 0.01599958
0.0005621034 0.01694073
0.0005637034 0.01717602
0.0005653034 0.01788188
0.0005669034 0.01882303
0.0005685034 0.01999947
0.0005701034 0.02188178
0.0005717034 0.02423466
0.0005733034 0.02564638
0.0005749034 0.02682282
0.0005765034 0.02705811
0.0005781034 0.02776397
0.0005797034 0.02799926
0.0005813034 0.02894041
0.0005829034 0.0291757
0.0005845034 0.02846984
0.0005861034 0.02682282
0.0005877034 0.0254111
0.0005893034 0.02352879
0.0005909034 0.02305822
0.0005925034 0.02211706
0.0005941034 0.02164649
0.0005957034 0.01788188
0.0005973034 0.01411728
0.0005989034 0.01270555
0.0006005034 0.0117644
0.0006021034 0.01223497
0.0006037034 0.01317612
0.0006053034 0.0136467
0.0006069034 0.0136467
0.0006085034 0.0136467
0.0006101034 0.01458785
0.0006117034 0.01458785
0.0006133034 0.01435256
0.0006149034 0.01317612
0.0006165034 0.01129382
0.0006181034 0.01011738
0.0006197034 0.008705653
0.0006213034 0.007058638
0.0006229034 0.005176334
0.0006245034 0.004235183
0.0006261034 0.004235183
0.0006277034 0.002823455
0.0006293034 0.003058743
0.0006309034 0.003999895
0.0006325034 0.00564691
0.0006341034 0.006352774
0.0006357034 0.008235077
0.0006373034 0.007999789
0.0006389034 0.009411517
0.0006405034 0.01058796
0.0006421034 0.01247026
0.0006437034 0.01411728
0.0006453034 0.01505843
0.0006469034 0.01435256
0.0006485034 0.01247026
0.0006501034 0.01011738
0.0006517034 0.007999789
0.0006533034 0.006352774
0.0006549034 0.005176334
0.0006565034 0.003529319
0.0006581034 0.002823455
0.0006597034 0.00117644
0.0006613034 0.0007058638
0.0006629034 0.001882303
0.0006645034 0.005176334
0.0006661034 0.008940941
0.0006677034 0.01058796
0.0006693034 0.0117644
0.0006709034 0.01341141
0.0006725034 0.01482314
0.0006741034 0.01741131
0.0006757034 0.01788188
0.0006773034 0.01811717
0.0006789034 0.01717602
0.0006805034 0.01741131
0.0006821034 0.01788188
0.0006837034 0.01858775
0.0006853034 0.01905832
0.0006869034 0.01999947
0.0006885034 0.02023476
0.0006901034 0.02070534
0.0006917034 0.02023476
0.0006933034 0.01905832
0.0006949034 0.01717602
0.0006965034 0.01576429
0.0006981034 0.01482314
0.0006997034 0.01458785
0.0007013034 0.01411728
0.0007029034 0.0136467
0.0007045034 0.01388199
0.0007061034 0.0136467
0.0007077034 0.01458785
0.0007093034 0.01529371
0.0007109034 0.01576429
0.0007125034 0.01647015
0.0007141034 0.01717602
0.0007157034 0.01788188
0.0007173034 0.01835246
0.0007189034 0.01976419
0.0007205034 0.02094062
0.0007221034 0.02235235
0.0007237034 0.0232935
0.0007253034 0.02305822
0.0007269034 0.02235235
0.0007285034 0.0214112
0.0007301034 0.0195289
0.0007317034 0.01599958
0.0007333034 0.01294084
0.0007349034 0.01058796
0.0007365034 0.008235077
0.0007381034 0.007293925
0.0007397034 0.005411622
0.0007413034 0.003999895
0.0007429034 0.001647015
0.0007445034 0.0002352879
0.0007461034 -0.0007058638
0.0007477034 0.0004705758
0.0007493034 0.0009411517
0.0007509034 0.002588167
0.0007525034 0.004235183
0.0007541034 0.00682335
0.0007557034 0.009646805
0.0007573034 0.01247026
0.0007589034 0.01411728
0.0007605034 0.01576429
0.0007621034 0.01670544
0.0007637034 0.01717602
0.0007653034 0.01670544
0.0007669034 0.01694073
0.0007685034 0.0195289
0.0007701034 0.02211706
0.0007717034 0.02376408
0.0007733034 0.02446994
0.0007749034 0.0232935
0.0007765034 0.02258764
0.0007781034 0.02164649
0.0007797034 0.02188178
0.0007813034 0.02188178
0.0007829034 0.02117591
0.0007845034 0.02023476
0.0007861034 0.02023476
0.0007877034 0.02070534
0.0007893034 0.02235235
0.0007909034 0.02352879
0.0007925034 0.02423466
0.0007941034 0.02399937
0.0007957034 0.02352879
0.0007973034 0.02188178
0.0007989034 0.02117591
0.0008005034 0.02070534
0.0008021034 0.0214112
0.0008037034 0.02094062
0.0008053034 0.02070534
0.0008069034 0.01835246
0.0008085034 0.01623487
0.0008101034 0.01388199
0.0008117034 0.01223497
0.0008133034 0.01058796
0.0008149034 0.009411517
0.0008165034 0.008940941
0.0008181034 0.009646805
0.0008197034 0.01105853
0.0008213034 0.01317612
0.0008229034 0.01623487
0.0008245034 0.01905832
0.0008261034 0.02094062
0.0008277034 0.02258764
0.0008293034 0.02211706
0.0008309034 0.02282293
0.0008325034 0.02188178
0.0008341034 0.02070534
0.0008357034 0.01788188
0.0008373034 0.01435256
0.0008389034 0.01152911
0.0008405034 0.008235077
0.0008421034 0.005176334
0.0008437034 0.002352879
0.0008453034 -0.0009411517
0.0008469034 -0.003529319
0.0008485034 -0.00564691
0.0008501034 -0.00682335
0.0008517034 -0.00682335
0.0008533034 -0.006588062
0.0008549034 -0.00564691
0.0008565034 -0.004705758
0.0008581034 -0.003529319
0.0008597034 -0.003058743
0.0008613034 -0.002352879
0.0008629034 -0.001411728
0.0008645034 0
0.0008661034 0.0009411517
0.0008677034 0.002117591
0.0008693034 0.003058743
0.0008709034 0.004235183
0.0008725034 0.005176334
0.0008741034 0.007293925
0.0008757034 0.01011738
0.0008773034 0.01247026
0.0008789034 0.01482314
0.0008805034 0.01529371
0.0008821034 0.01764659
0.0008837034 0.01905832
0.0008853034 0.02047005
0.0008869034 0.02070534
0.0008885034 0.01999947
0.0008901034 0.01882303
0.0008917034 0.01811717
0.0008933034 0.01670544
0.0008949034 0.01482314
0.0008965034 0.01270555
0.0008981034 0.01011738
0.0008997034 0.00682335
0.0009013034 0.004941046
0.0009029034 0.003294031
0.0009045034 0.001411728
0.0009061034 -0.0004705758
0.0009077034 -0.002588167
0.0009093034 -0.00447047
0.0009109034 -0.004941046
0.0009125034 -0.005882198
0.0009141034 -0.005882198
0.0009157034 -0.006352774
0.0009173034 -0.00682335
0.0009189034 -0.006588062
0.0009205034 -0.005882198
0.0009221034 -0.005176334
0.0009237034 -0.003294031
0.0009253034 -0.002117591
0.0009269034 -0.001411728
0.0009285034 -0.0009411517
0.0009301034 -0.00117644
0.0009317034 -0.001411728
0.0009333034 -0.0009411517
0.0009349034 -0.0009411517
0.0009365034 -0.0004705758
0.0009381034 0.0004705758
0.0009397034 0
0.0009413034 -0.00117644
0.0009429034 -0.00117644
0.0009445034 -0.00117644
0.0009461034 -0.0007058638
0.0009477034 -0.001647015
0.0009493034 -0.001647015
0.0009509034 -0.001411728
0.0009525034 -0.002352879
0.0009541034 -0.001882303
0.0009557034 -0.002117591
0.0009573034 -0.0009411517
0.0009589034 -0.0009411517
0.0009605034 -0.0009411517
0.0009621034 -0.001411728
0.0009637034 -0.0009411517
0.0009653034 -0.0007058638
0.0009669034 -0.0009411517
0.0009685034 -0.001882303
0.0009701034 -0.002823455
0.0009717034 -0.002823455
0.0009733034 -0.002117591
0.0009749034 -0.00117644
0.0009765034 -0.0002352879
0.0009781034 0.0004705758
0.0009797034 0.00117644
0.0009813034 0.001411728
0.0009829034 0.002588167
0.0009845034 0.004235183
0.0009861034 0.005176334
0.0009877034 0.006117486
0.0009893034 0.005882198
0.0009909034 0.007058638
0.0009925034 0.007293925
0.0009941034 0.006588062
0.0009957034 0.006588062
0.0009973034 0.006117486
0.0009989034 0.005176334
0.001000503 0.00447047
0.001002103 0.003764607
0.001003703 0.002588167
0.001005303 0.0007058638
0.001006903 -0.0009411517
0.001008503 -0.003764607
0.001010103 -0.00564691
0.001011703 -0.008235077
0.001013303 -0.008940941
0.001014903 -0.01035267
0.001016503 -0.01082324
0.001018103 -0.01082324
0.001019703 -0.01035267
0.001021303 -0.008940941
0.001022903 -0.007999789
0.001024503 -0.00564691
0.001026103 -0.003764607
0.001027703 -0.002823455
0.001029303 -0.001411728
0.001030903 -0.0007058638
0.001032503 -0.001411728
0.001034103 -0.002117591
0.001035703 -0.003529319
0.001037303 -0.00447047
0.001038903 -0.005411622
0.001040503 -0.00682335
0.001042103 -0.00682335
0.001043703 -0.008470365
0.001045303 -0.008470365
0.001046903 -0.007764501
0.001048503 -0.007293925
0.001050103 -0.006117486
0.001051703 -0.004941046
0.001053303 -0.002352879
0.001054903 -0.0009411517
0.001056503 0.0007058638
0.001058103 0.003294031
0.001059703 0.00447047
0.001061303 0.006117486
0.001062903 0.007058638
0.001064503 0.008705653
0.001066103 0.009646805
0.001067703 0.01011738
0.001069303 0.008705653
0.001070903 0.008940941
0.001072503 0.008705653
0.001074103 0.009411517
0.001075703 0.008705653
0.001077303 0.007529213
0.001078903 0.005411622
0.001080503 0.003999895
0.001082103 0.001882303
0.001083703 0.0007058638
0.001085303 -0.00117644
0.001086903 -0.002352879
0.001088503 -0.002588167
0.001090103 -0.003294031
0.001091703 -0.003529319
0.001093303 -0.003058743
0.001094903 -0.003764607
0.001096503 -0.003529319
0.001098103 -0.003764607
0.001099703 -0.003999895
0.001101303 -0.003764607
0.001102903 -0.002352879
0.001104503 -0.0007058638
0.001106103 0.0007058638
0.001107703 0.002117591
0.001109303 0.003764607
0.001110903 0.004941046
0.001112503 0.006117486
0.001114103 0.006588062
0.001115703 0.007529213
0.001117303 0.007529213
0.001118903 0.007529213
0.001120503 0.007058638
0.001122103 0.007764501
0.001123703 0.008470365
0.001125303 0.008940941
0.001126903 0.008940941
0.001128503 0.009411517
0.001130103 0.008705653
0.001131703 0.008940941
0.001133303 0.008235077
0.001134903 0.009411517
0.001136503 0.009176229
0.001138103 0.008470365
0.001139703 0.007293925
0.001141303 0.007058638
0.001142903 0.006588062
0.001144503 0.008470365
0.001146103 0.008705653
0.001147703 0.008940941
0.001149303 0.008235077
0.001150903 0.008470365
0.001152503 0.008470365
0.001154103 0.008940941
0.001155703 0.009882093
0.001157303 0.009646805
0.001158903 0.008940941
0.001160503 0.009176229
0.001162103 0.009176229
0.001163703 0.009882093
0.001165303 0.01129382
0.001166903 0.01199968
0.001168503 0.01247026
0.001170103 0.01317612
0.001171703 0.01458785
0.001173303 0.015529
0.001174903 0.01694073
0.001176503 0.01694073
0.001178103 0.01647015
0.001179703 0.01576429
0.001181303 0.01341141
0.001182903 0.01270555
0.001184503 0.01105853
0.001186103 0.01035267
0.001187703 0.008940941
0.001189303 0.007529213
0.001190903 0.005882198
0.001192503 0.004705758
0.001194103 0.003529319
0.001195703 0.003294031
0.001197303 0.002352879
0.001198903 0.002352879
0.001200503 0.002117591
0.001202103 0.00117644
0.001203703 0.001411728
0.001205303 0.0009411517
0.001206903 0.001411728
0.001208503 0.002117591
0.001210103 0.002823455
0.001211703 0.003529319
0.001213303 0.002352879
0.001214903 0.001647015
0.001216503 0.002588167
0.001218103 0.002117591
0.001219703 0.003058743
0.001221303 0.004235183
0.001222903 0.004941046
0.001224503 0.006352774
0.001226103 0.00682335
0.001227703 0.007293925
0.001229303 0.008940941
0.001230903 0.009646805
0.001232503 0.009646805
0.001234103 0.01011738
0.001235703 0.009411517
0.001237303 0.009176229
0.001238903 0.007764501
0.001240503 0.007293925
0.001242103 0.006588062
0.001243703 0.006352774
0.001245303 0.005176334
0.001246903 0.004235183
0.001248503 0.003058743
0.001250103 0.002588167
0.001251703 0.001411728
0.001253303 0.0009411517
0.001254903 0.0009411517
0.001256503 0.0007058638
0.001258103 0.0002352879
0.001259703 -0.0002352879
0.001261303 -0.0007058638
0.001262903 -0.0004705758
0.001264503 0
0.001266103 -0.0002352879
0.001267703 -0.0004705758
0.001269303 -0.0004705758
0.001270903 0
0.001272503 0.0002352879
0.001274103 0.0004705758
0.001275703 0.0004705758
0.001277303 0.0009411517
0.001278903 0.00117644
0.001280503 0.002117591
0.001282103 0.002352879
0.001283703 0.003058743
0.001285303 0.003999895
0.001286903 0.004941046
0.001288503 0.006588062
0.001290103 0.00682335
0.001291703 0.007999789
0.001293303 0.008470365
0.001294903 0.008940941
0.001296503 0.008705653
0.001298103 0.008705653
0.001299703 0.008940941
0.001301303 0.008940941
0.001302903 0.008470365
0.001304503 0.008470365
0.001306103 0.007529213
0.001307703 0.008235077
0.001309303 0.008235077
0.001310903 0.008470365
0.001312503 0.008470365
0.001314103 0.007999789
0.001315703 0.007529213
0.001317303 0.006352774
0.001318903 0.005411622
0.001320503 0.004235183
0.001322103 0.003294031
0.001323703 0.002117591
0.001325303 0.0007058638
0.001326903 -0.0002352879
0.001328503 -0.0002352879
0.001330103 -0.0007058638
0.001331703 -0.0002352879
0.001333303 -0.00117644
0.001334903 -0.0007058638
0.001336503 -0.0002352879
0.001338103 -0.0004705758
0.001339703 0.0007058638
0.001341303 0.0009411517
0.001342903 0.00117644
0.001344503 0.001411728
0.001346103 0.001647015
0.001347703 0.00117644
0.001349303 0.0004705758
0.001350903 0.0009411517
0.001352503 0.0007058638
0.001354103 0.0009411517
0.001355703 0
0.001357303 0.0009411517
0.001358903 0.001411728
0.001360503 0.001882303
0.001362103 0.003529319
0.001363703 0.004235183
0.001365303 0.005882198
0.001366903 0.007999789
0.001368503 0.008940941
0.001370103 0.01058796
0.001371703 0.01270555
0.001373303 0.01341141
0.001374903 0.01411728
0.001376503 0.01458785
0.001378103 0.01482314
0.001379703 0.01435256
0.001381303 0.01435256
0.001382903 0.01411728
0.001384503 0.0136467
0.001386103 0.01247026
0.001387703 0.01199968
0.001389303 0.01035267
0.001390903 0.01011738
0.001392503 0.009646805
0.001394103 0.009176229
0.001395703 0.007999789
0.001397303 0.007999789
0.001398903 0.00682335
0.001400503 0.006352774
0.001402103 0.006117486
0.001403703 0.005882198
0.001405303 0.004941046
0.001406903 0.004705758
0.001408503 0.003999895
0.001410103 0.003764607
0.001411703 0.002823455
0.001413303 0.002588167
0.001414903 0.002352879
0.001416503 0.001647015
0.001418103 0.00117644
0.001419703 0.0009411517
0.001421303 0.001411728
0.001422903 0.00117644
0.001424503 0.001647015
0.001426103 0.001411728
0.001427703 0.0009411517
0.001429303 0.001882303
0.001430903 0.001882303
0.001432503 0.001411728
0.001434103 0.0009411517
0.001435703 0.0002352879
0.001437303 -0.0004705758
0.001438903 -0.001411728
0.001440503 -0.001882303
0.001442103 -0.002352879
0.001443703 -0.003058743
0.001445303 -0.002588167
0.001446903 -0.002352879
0.001448503 -0.002117591
0.001450103 -0.001411728
0.001451703 -0.0009411517
0.001453303 0
0.001454903 0.0009411517
0.001456503 0.002352879
0.001458103 0.003764607
0.001459703 0.003999895
0.001461303 0.004941046
0.001462903 0.004941046
0.001464503 0.007058638
0.001466103 0.007764501
0.001467703 0.008235077
0.001469303 0.009646805
0.001470903 0.01035267
0.001472503 0.01082324
0.001474103 0.01129382
0.001475703 0.01105853
0.001477303 0.0117644
0.001478903 0.01129382
0.001480503 0.01105853
0.001482103 0.01082324
0.001483703 0.009411517
0.001485303 0.007999789
0.001486903 0.007058638
0.001488503 0.004705758
0.001490103 0.002823455
0.001491703 0.0004705758
0.001493303 -0.0009411517
0.001494903 -0.002823455
0.001496503 -0.004941046
0.001498103 -0.006352774
0.001499703 -0.007058638
0.001501303 -0.007529213
0.001502903 -0.007999789
0.001504503 -0.008470365
0.001506103 -0.008470365
0.001507703 -0.009176229
0.001509303 -0.009176229
0.001510903 -0.008940941
0.001512503 -0.009646805
0.001514103 -0.008940941
0.001515703 -0.009646805
0.001517303 -0.01011738
0.001518903 -0.009176229
0.001520503 -0.009411517
0.001522103 -0.009176229
0.001523703 -0.008940941
0.001525303 -0.008705653
0.001526903 -0.008235077
0.001528503 -0.007293925
0.001530103 -0.006117486
0.001531703 -0.005411622
0.001533303 -0.00447047
0.001534903 -0.002823455
0.001536503 -0.00117644
0.001538103 0.0002352879
0.001539703 0.001647015
0.001541303 0.003294031
0.001542903 0.004705758
0.001544503 0.005411622
0.001546103 0.00564691
0.001547703 0.006117486
0.001549303 0.00682335
0.001550903 0.007293925
0.001552503 0.006588062
0.001554103 0.00564691
0.001555703 0.003529319
0.001557303 0.002588167
0.001558903 0.0007058638
0.001560503 -0.0004705758
0.001562103 -0.001647015
0.001563703 -0.002117591
0.001565303 -0.002588167
0.001566903 -0.002823455
0.001568503 -0.002823455
0.001570103 -0.003058743
0.001571703 -0.002588167
0.001573303 -0.003058743
0.001574903 -0.002352879
0.001576503 -0.003058743
0.001578103 -0.003529319
0.001579703 -0.003529319
0.001581303 -0.003529319
0.001582903 -0.002823455
0.001584503 -0.002823455
0.001586103 -0.003529319
0.001587703 -0.003764607
0.001589303 -0.003529319
0.001590903 -0.003529319
0.001592503 -0.003999895
0.001594103 -0.003529319
0.001595703 -0.003529319
0.001597303 -0.003529319
0.001598903 -0.003999895
0.001600503 -0.003764607
0.001602103 -0.003529319
0.001603703 -0.00447047
0.001605303 -0.006117486
0.001606903 -0.007058638
0.001608503 -0.007529213
0.001610103 -0.008940941
0.001611703 -0.009176229
0.001613303 -0.009411517
0.001614903 -0.01011738
0.001616503 -0.01011738
0.001618103 -0.009411517
0.001619703 -0.009411517
0.001621303 -0.008470365
0.001622903 -0.007764501
0.001624503 -0.007293925
0.001626103 -0.005882198
0.001627703 -0.005176334
0.001629303 -0.003294031
0.001630903 -0.001647015
0.001632503 -0.0002352879
0.001634103 0.00117644
0.001635703 0.002823455
0.001637303 0.003764607
0.001638903 0.004941046
0.001640503 0.005882198
0.001642103 0.00682335
0.001643703 0.007529213
0.001645303 0.007529213
0.001646903 0.007999789
0.001648503 0.007764501
0.001650103 0.007529213
0.001651703 0.00682335
0.001653303 0.006352774
0.001654903 0.004941046
0.001656503 0.003999895
0.001658103 0.002823455
0.001659703 0.001882303
0.001661303 0.0002352879
0.001662903 -0.0002352879
0.001664503 -0.0002352879
0.001666103 -0.00117644
0.001667703 -0.001882303
0.001669303 -0.002588167
0.001670903 -0.003058743
0.001672503 -0.002352879
0.001674103 -0.002117591
0.001675703 -0.002352879
0.001677303 -0.0009411517
0.001678903 -0.0007058638
0.001680503 -0.0002352879
0.001682103 0
0.001683703 0.0009411517
0.001685303 0.0009411517
0.001686903 0.0004705758
0.001688503 0.0009411517
0.001690103 0.0009411517
0.001691703 0.001411728
0.001693303 0.002117591
0.001694903 0.002823455
0.001696503 0.002823455
0.001698103 0.003999895
0.001699703 0.005176334
0.001701303 0.006352774
0.001702903 0.007058638
0.001704503 0.008940941
0.001706103 0.008705653
0.001707703 0.009176229
0.001709303 0.009176229
0.001710903 0.009646805
0.001712503 0.008470365
0.001714103 0.007764501
0.001715703 0.006588062
0.001717303 0.005882198
0.001718903 0.004235183
0.001720503 0.002823455
0.001722103 0.001647015
0.001723703 0.0007058638
0.001725303 0
0.001726903 -0.0007058638
0.001728503 -0.001647015
0.001730103 -0.00117644
0.001731703 -0.001647015
0.001733303 -0.001647015
0.001734903 -0.002117591
0.001736503 -0.002352879
0.001738103 -0.001882303
0.001739703 -0.002352879
0.001741303 -0.002117591
0.001742903 -0.001882303
0.001744503 -0.002588167
0.001746103 -0.001882303
0.001747703 -0.00117644
0.001749303 -0.0004705758
0.001750903 0.0004705758
0.001752503 0.002117591
0.001754103 0.002823455
0.001755703 0.003999895
0.001757303 0.004941046
0.001758903 0.00564691
0.001760503 0.007058638
0.001762103 0.007764501
0.001763703 0.008235077
0.001765303 0.008940941
0.001766903 0.008940941
0.001768503 0.009646805
0.001770103 0.01011738
0.001771703 0.01082324
0.001773303 0.01082324
0.001774903 0.01129382
0.001776503 0.01105853
0.001778103 0.01152911
0.001779703 0.01129382
0.001781303 0.01152911
0.001782903 0.01082324
0.001784503 0.01082324
0.001786103 0.01082324
0.001787703 0.01011738
0.001789303 0.009176229
0.001790903 0.009411517
0.001792503 0.009176229
0.001794103 0.009646805
0.001795703 0.008705653
0.001797303 0.008940941
0.001798903 0.008470365
0.001800503 0.008470365
0.001802103 0.007529213
0.001803703 0.007764501
0.001805303 0.006352774
0.001806903 0.005882198
0.001808503 0.004941046
0.001810103 0.005176334
0.001811703 0.003999895
0.001813303 0.003529319
0.001814903 0.002823455
0.001816503 0.002352879
0.001818103 0.00117644
0.001819703 0.0004705758
0.001821303 0.0009411517
0.001822903 0
0.001824503 0.0002352879
0.001826103 0.0004705758
0.001827703 0.0009411517
0.001829303 0.001411728
0.001830903 0.001411728
0.001832503 0.001882303
0.001834103 0.003529319
0.001835703 0.00447047
0.001837303 0.004941046
0.001838903 0.006352774
0.001840503 0.007999789
0.001842103 0.008940941
0.001843703 0.01011738
0.001845303 0.01105853
0.001846903 0.01247026
0.001848503 0.01317612
0.001850103 0.0136467
0.001851703 0.0136467
0.001853303 0.01388199
0.001854903 0.01435256
0.001856503 0.01388199
0.001858103 0.01435256
0.001859703 0.0136467
0.001861303 0.01341141
0.001862903 0.01317612
0.001864503 0.01270555
0.001866103 0.01247026
0.001867703 0.01199968
0.001869303 0.01152911
0.001870903 0.01199968
0.001872503 0.01247026
0.001874103 0.0136467
0.001875703 0.01458785
0.001877303 0.01576429
0.001878903 0.01670544
0.001880503 0.01764659
0.001882103 0.01858775
0.001883703 0.01999947
0.001885303 0.01999947
0.001886903 0.0214112
0.001888503 0.02188178
0.001890103 0.02164649
0.001891703 0.02094062
0.001893303 0.0214112
0.001894903 0.01999947
0.001896503 0.01858775
0.001898103 0.01717602
0.001899703 0.015529
0.001901303 0.01388199
0.001902903 0.01341141
0.001904503 0.01223497
0.001906103 0.01152911
0.001907703 0.01129382
0.001909303 0.01152911
0.001910903 0.01129382
0.001912503 0.01152911
0.001914103 0.01199968
0.001915703 0.01341141
0.001917303 0.01411728
0.001918903 0.01529371
0.001920503 0.01623487
0.001922103 0.01764659
0.001923703 0.01717602
0.001925303 0.01741131
0.001926903 0.01811717
0.001928503 0.01811717
0.001930103 0.01811717
0.001931703 0.01741131
0.001933303 0.01694073
0.001934903 0.01623487
0.001936503 0.01576429
0.001938103 0.01482314
0.001939703 0.01435256
0.001941303 0.01458785
0.001942903 0.01388199
0.001944503 0.01411728
0.001946103 0.01388199
0.001947703 0.0136467
0.001949303 0.01341141
0.001950903 0.0136467
0.001952503 0.01317612
0.001954103 0.01317612
0.001955703 0.01294084
0.001957303 0.01294084
0.001958903 0.0136467
0.001960503 0.0136467
0.001962103 0.01529371
0.001963703 0.01576429
0.001965303 0.01670544
0.001966903 0.01741131
0.001968503 0.01835246
0.001970103 0.01905832
0.001971703 0.01929361
0.001973303 0.01999947
0.001974903 0.02070534
0.001976503 0.02211706
0.001978103 0.02282293
0.001979703 0.0232935
0.001981303 0.02352879
0.001982903 0.02446994
0.001984503 0.02446994
0.001986103 0.0254111
0.001987703 0.02494052
0.001989303 0.02517581
0.001990903 0.02470523
0.001992503 0.02423466
0.001994103 0.02376408
0.001995703 0.02305822
0.001997303 0.02235235
0.001998903 0.02211706
0.002000503 0.0214112
0.002002103 0.02023476
0.002003703 0.01905832
0.002005303 0.01811717
0.002006903 0.01694073
0.002008503 0.01599958
0.002010103 0.015529
0.002011703 0.01435256
0.002013303 0.0136467
0.002014903 0.01270555
0.002016503 0.01270555
0.002018103 0.01294084
0.002019703 0.01341141
0.002021303 0.01411728
0.002022903 0.01435256
0.002024503 0.01458785
0.002026103 0.01576429
0.002027703 0.015529
0.002029303 0.01576429
0.002030903 0.01623487
0.002032503 0.015529
0.002034103 0.01599958
0.002035703 0.01505843
0.002037303 0.01411728
0.002038903 0.01341141
0.002040503 0.01199968
0.002042103 0.01011738
0.002043703 0.009176229
0.002045303 0.007529213
0.002046903 0.006588062
0.002048503 0.004941046
0.002050103 0.00447047
0.002051703 0.003294031
0.002053303 0.002823455
0.002054903 0.001882303
0.002056503 0.002117591
0.002058103 0.002117591
0.002059703 0.003058743
0.002061303 0.003294031
0.002062903 0.003999895
0.002064503 0.004705758
0.002066103 0.00564691
0.002067703 0.006352774
0.002069303 0.007999789
0.002070903 0.008235077
0.002072503 0.009882093
0.002074103 0.01082324
0.002075703 0.01199968
0.002077303 0.0117644
0.002078903 0.01223497
0.002080503 0.01294084
0.002082103 0.0136467
0.002083703 0.01388199
0.002085303 0.0136467
0.002086903 0.0136467
0.002088503 0.01411728
0.002090103 0.01388199
0.002091703 0.01435256
0.002093303 0.01458785
0.002094903 0.01458785
0.002096503 0.01482314
0.002098103 0.01576429
0.002099703 0.01647015
0.002101303 0.01647015
0.002102903 0.01647015
0.002104503 0.01741131
0.002106103 0.01694073
0.002107703 0.01717602
0.002109303 0.01599958
0.002110903 0.01599958
0.002112503 0.01529371
0.002114103 0.01411728
0.002115703 0.01317612
0.002117303 0.01294084
0.002118903 0.01199968
0.002120503 0.01105853
0.002122103 0.009411517
0.002123703 0.008705653
0.002125303 0.008470365
0.002126903 0.007999789
0.002128503 0.007293925
0.002130103 0.006352774
0.002131703 0.005411622
0.002133303 0.005411622
0.002134903 0.004941046
0.002136503 0.004705758
0.002138103 0.004235183
0.002139703 0.004235183
0.002141303 0.003999895
0.002142903 0.004705758
0.002144503 0.00447047
0.002146103 0.004235183
0.002147703 0.003999895
0.002149303 0.00447047
0.002150903 0.003764607
0.002152503 0.00447047
0.002154103 0.004705758
0.002155703 0.003999895
0.002157303 0.003999895
0.002158903 0.003764607
0.002160503 0.003529319
0.002162103 0.003529319
0.002163703 0.003294031
0.002165303 0.003294031
0.002166903 0.003058743
0.002168503 0.003058743
0.002170103 0.003058743
0.002171703 0.003058743
0.002173303 0.002823455
0.002174903 0.003058743
0.002176503 0.001882303
0.002178103 0.002588167
0.002179703 0.002588167
0.002181303 0.002352879
0.002182903 0.002588167
0.002184503 0.002588167
0.002186103 0.002823455
0.002187703 0.003529319
0.002189303 0.003764607
0.002190903 0.004235183
0.002192503 0.004235183
0.002194103 0.005411622
0.002195703 0.005176334
0.002197303 0.006352774
0.002198903 0.00682335
0.002200503 0.007999789
0.002202103 0.008235077
0.002203703 0.008705653
0.002205303 0.008940941
0.002206903 0.009411517
0.002208503 0.01011738
0.002210103 0.01105853
0.002211703 0.01105853
0.002213303 0.01129382
0.002214903 0.01105853
0.002216503 0.0117644
0.002218103 0.01058796
0.002219703 0.01011738
0.002221303 0.009646805
0.002222903 0.009411517
0.002224503 0.008705653
0.002226103 0.007764501
0.002227703 0.006352774
0.002229303 0.006117486
0.002230903 0.004941046
0.002232503 0.003529319
0.002234103 0.001882303
0.002235703 0.001411728
0.002237303 -0.0002352879
0.002238903 -0.00117644
0.002240503 -0.002588167
0.002242103 -0.003529319
0.002243703 -0.003764607
0.002245303 -0.005411622
0.002246903 -0.005882198
0.002248503 -0.005882198
0.002250103 -0.007058638
0.002251703 -0.007764501
0.002253303 -0.007999789
0.002254903 -0.008470365
0.002256503 -0.008940941
0.002258103 -0.009646805
0.002259703 -0.01035267
0.002261303 -0.01058796
0.002262903 -0.01152911
0.002264503 -0.0117644
0.002266103 -0.01199968
0.002267703 -0.01247026
0.002269303 -0.01294084
0.002270903 -0.01294084
0.002272503 -0.01317612
0.002274103 -0.01317612
0.002275703 -0.01317612
0.002277303 -0.01317612
0.002278903 -0.01294084
0.002280503 -0.01317612
0.002282103 -0.01341141
0.002283703 -0.01270555
0.002285303 -0.01317612
0.002286903 -0.0136467
0.002288503 -0.01341141
0.002290103 -0.01317612
0.002291703 -0.0136467
0.002293303 -0.0136467
0.002294903 -0.01341141
0.002296503 -0.0136467
0.002298103 -0.01341141
0.002299703 -0.0136467
0.002301303 -0.0136467
0.002302903 -0.01388199
0.002304503 -0.01411728
0.002306103 -0.01458785
0.002307703 -0.01529371
0.002309303 -0.01576429
0.002310903 -0.01623487
0.002312503 -0.01670544
0.002314103 -0.01741131
0.002315703 -0.01764659
0.002317303 -0.01811717
0.002318903 -0.01835246
0.002320503 -0.01905832
0.002322103 -0.0195289
0.002323703 -0.01999947
0.002325303 -0.0195289
0.002326903 -0.0195289
0.002328503 -0.01929361
0.002330103 -0.01929361
0.002331703 -0.0195289
0.002333303 -0.01999947
0.002334903 -0.01929361
0.002336503 -0.01976419
0.002338103 -0.01999947
0.002339703 -0.02094062
0.002341303 -0.01999947
0.002342903 -0.02023476
0.002344503 -0.02023476
0.002346103 -0.02023476
0.002347703 -0.02047005
0.002349303 -0.02070534
0.002350903 -0.01999947
0.002352503 -0.01976419
0.002354103 -0.02023476
0.002355703 -0.02047005
0.002357303 -0.02023476
0.002358903 -0.02070534
0.002360503 -0.02094062
0.002362103 -0.02164649
0.002363703 -0.02164649
0.002365303 -0.02235235
0.002366903 -0.02376408
0.002368503 -0.02470523
0.002370103 -0.02494052
0.002371703 -0.02611696
0.002373303 -0.02705811
0.002374903 -0.02846984
0.002376503 -0.02846984
0.002378103 -0.03035214
0.002379703 -0.03058743
0.002381303 -0.03129329
0.002382903 -0.03176387
0.002384503 -0.03270502
0.002386103 -0.03341088
0.002387703 -0.0331756
0.002389303 -0.03270502
0.002390903 -0.03294031
0.002392503 -0.03223444
0.002394103 -0.03246973
0.002395703 -0.03176387
0.002397303 -0.03223444
0.002398903 -0.03105801
0.002400503 -0.03058743
0.002402103 -0.03058743
0.002403703 -0.02964628
0.002405303 -0.02870513
0.002406903 -0.02894041
0.002408503 -0.02752869
0.002410103 -0.02635225
0.002411703 -0.02517581
0.002413303 -0.02399937
0.002414903 -0.02305822
0.002416503 -0.02188178
0.002418103 -0.02094062
0.002419703 -0.02023476
0.002421303 -0.01905832
0.002422903 -0.01882303
0.002424503 -0.01835246
0.002426103 -0.01835246
0.002427703 -0.01788188
0.002429303 -0.01741131
0.002430903 -0.01717602
0.002432503 -0.01764659
0.002434103 -0.01717602
0.002435703 -0.01764659
0.002437303 -0.01741131
0.002438903 -0.01764659
0.002440503 -0.01788188
0.002442103 -0.01788188
0.002443703 -0.01811717
0.002445303 -0.01858775
0.002446903 -0.01858775
0.002448503 -0.01882303
0.002450103 -0.01929361
0.002451703 -0.0195289
0.002453303 -0.01999947
0.002454903 -0.02094062
0.002456503 -0.02117591
0.002458103 -0.02188178
0.002459703 -0.02235235
0.002461303 -0.0232935
0.002462903 -0.02446994
0.002464503 -0.0254111
0.002466103 -0.02564638
0.002467703 -0.02658753
0.002469303 -0.0272934
0.002470903 -0.02682282
0.002472503 -0.0272934
0.002474103 -0.02799926
0.002475703 -0.0272934
0.002477303 -0.02846984
0.002478903 -0.0272934
0.002480503 -0.02705811
0.002482103 -0.02705811
0.002483703 -0.0272934
0.002485303 -0.02611696
0.002486903 -0.02705811
0.002488503 -0.02564638
0.002490103 -0.0254111
0.002491703 -0.02470523
0.002493303 -0.02376408
0.002494903 -0.02352879
0.002496503 -0.0232935
0.002498103 -0.02282293
0.002499703 -0.02188178
0.002501303 -0.02188178
0.002502903 -0.02117591
0.002504503 -0.02117591
0.002506103 -0.02094062
0.002507703 -0.02047005
0.002509303 -0.02094062
0.002510903 -0.02070534
0.002512503 -0.02023476
0.002514103 -0.02047005
0.002515703 -0.02094062
0.002517303 -0.02023476
0.002518903 -0.02070534
0.002520503 -0.02023476
0.002522103 -0.02023476
0.002523703 -0.01999947
0.002525303 -0.0195289
0.002526903 -0.0195289
0.002528503 -0.0195289
0.002530103 -0.01929361
0.002531703 -0.01905832
0.002533303 -0.0195289
0.002534903 -0.0195289
0.002536503 -0.0195289
0.002538103 -0.0195289
0.002539703 -0.01882303
0.002541303 -0.01882303
0.002542903 -0.0195289
0.002544503 -0.01999947
0.002546103 -0.02047005
0.002547703 -0.02070534
0.002549303 -0.02094062
0.002550903 -0.02047005
0.002552503 -0.02117591
0.002554103 -0.0214112
0.002555703 -0.02211706
0.002557303 -0.02235235
0.002558903 -0.02258764
0.002560503 -0.02305822
0.002562103 -0.02282293
0.002563703 -0.02352879
0.002565303 -0.02305822
0.002566903 -0.0232935
0.002568503 -0.02352879
0.002570103 -0.02376408
0.002571703 -0.02305822
0.002573303 -0.02423466
0.002574903 -0.02376408
0.002576503 -0.02399937
0.002578103 -0.02376408
0.002579703 -0.02423466
0.002581303 -0.02399937
0.002582903 -0.02470523
0.002584503 -0.02494052
0.002586103 -0.02564638
0.002587703 -0.02494052
0.002589303 -0.02564638
0.002590903 -0.02588167
0.002592503 -0.02611696
0.002594103 -0.02658753
0.002595703 -0.02611696
0.002597303 -0.02564638
0.002598903 -0.02611696
0.002600503 -0.02564638
0.002602103 -0.0254111
0.002603703 -0.02517581
0.002605303 -0.02470523
0.002606903 -0.02423466
0.002608503 -0.02423466
0.002610103 -0.0232935
0.002611703 -0.02352879
0.002613303 -0.02305822
0.002614903 -0.02282293
0.002616503 -0.02235235
0.002618103 -0.02282293
0.002619703 -0.02188178
0.002621303 -0.02258764
0.002622903 -0.02188178
0.002624503 -0.02211706
0.002626103 -0.02211706
0.002627703 -0.02164649
0.002629303 -0.02047005
0.002630903 -0.02047005
0.002632503 -0.01976419
0.002634103 -0.01905832
0.002635703 -0.01811717
0.002637303 -0.01764659
0.002638903 -0.01694073
0.002640503 -0.01599958
0.002642103 -0.01599958
0.002643703 -0.01482314
0.002645303 -0.0136467
0.002646903 -0.01317612
0.002648503 -0.01294084
0.002650103 -0.01223497
0.002651703 -0.0117644
0.002653303 -0.01199968
0.002654903 -0.01152911
0.002656503 -0.01223497
0.002658103 -0.0117644
0.002659703 -0.01223497
0.002661303 -0.01223497
0.002662903 -0.01270555
0.002664503 -0.01317612
0.002666103 -0.01317612
0.002667703 -0.01388199
0.002669303 -0.01388199
0.002670903 -0.01411728
0.002672503 -0.01435256
0.002674103 -0.01435256
0.002675703 -0.01458785
0.002677303 -0.01411728
0.002678903 -0.01529371
0.002680503 -0.01482314
0.002682103 -0.01435256
0.002683703 -0.01411728
0.002685303 -0.01435256
0.002686903 -0.0136467
0.002688503 -0.01388199
0.002690103 -0.01317612
0.002691703 -0.01317612
0.002693303 -0.01247026
0.002694903 -0.01317612
0.002696503 -0.01247026
0.002698103 -0.01199968
0.002699703 -0.0117644
0.002701303 -0.0117644
0.002702903 -0.01082324
0.002704503 -0.01082324
0.002706103 -0.01011738
0.002707703 -0.01035267
0.002709303 -0.008470365
0.002710903 -0.008705653
0.002712503 -0.007764501
0.002714103 -0.00682335
0.002715703 -0.006352774
0.002717303 -0.004941046
0.002718903 -0.003999895
0.002720503 -0.003294031
0.002722103 -0.001647015
0.002723703 -0.0009411517
0.002725303 0
0.002726903 0.0002352879
0.002728503 0.001411728
0.002730103 0.001411728
0.002731703 0.001882303
0.002733303 0.002117591
0.002734903 0.003058743
0.002736503 0.002823455
0.002738103 0.003294031
0.002739703 0.003058743
0.002741303 0.003764607
0.002742903 0.003529319
0.002744503 0.003529319
0.002746103 0.003294031
0.002747703 0.003058743
0.002749303 0.002823455
0.002750903 0.003058743
0.002752503 0.002588167
0.002754103 0.002117591
0.002755703 0.001882303
0.002757303 0.002117591
0.002758903 0.001411728
0.002760503 0.001882303
0.002762103 0.001647015
0.002763703 0.002588167
0.002765303 0.001882303
0.002766903 0.002823455
0.002768503 0.002823455
0.002770103 0.002823455
0.002771703 0.003058743
0.002773303 0.003764607
0.002774903 0.003764607
0.002776503 0.003999895
0.002778103 0.003999895
0.002779703 0.004235183
0.002781303 0.004235183
0.002782903 0.004705758
0.002784503 0.004705758
0.002786103 0.005176334
0.002787703 0.004941046
0.002789303 0.004705758
0.002790903 0.00564691
0.002792503 0.006117486
0.002794103 0.006352774
0.002795703 0.007293925
0.002797303 0.007058638
0.002798903 0.007764501
0.002800503 0.008235077
0.002802103 0.009176229
0.002803703 0.009411517
0.002805303 0.009882093
0.002806903 0.009646805
0.002808503 0.01082324
0.002810103 0.01105853
0.002811703 0.01105853
0.002813303 0.01105853
0.002814903 0.01152911
0.002816503 0.01152911
0.002818103 0.0117644
0.002819703 0.0117644
0.002821303 0.01247026
0.002822903 0.01317612
0.002824503 0.01341141
0.002826103 0.01294084
0.002827703 0.01388199
0.002829303 0.01435256
0.002830903 0.01435256
0.002832503 0.01435256
0.002834103 0.01411728
0.002835703 0.01435256
0.002837303 0.01482314
0.002838903 0.01482314
0.002840503 0.01435256
0.002842103 0.01388199
0.002843703 0.01411728
0.002845303 0.01388199
0.002846903 0.01411728
0.002848503 0.0136467
0.002850103 0.0136467
0.002851703 0.01341141
0.002853303 0.01270555
0.002854903 0.01199968
0.002856503 0.01199968
0.002858103 0.01152911
0.002859703 0.01035267
0.002861303 0.01011738
0.002862903 0.009882093
0.002864503 0.01035267
0.002866103 0.01011738
0.002867703 0.009882093
0.002869303 0.01011738
0.002870903 0.01058796
0.002872503 0.01152911
0.002874103 0.01082324
0.002875703 0.01199968
0.002877303 0.01247026
0.002878903 0.01341141
0.002880503 0.01317612
0.002882103 0.01458785
0.002883703 0.01505843
0.002885303 0.01670544
0.002886903 0.01670544
0.002888503 0.01764659
0.002890103 0.01788188
0.002891703 0.01929361
0.002893303 0.01929361
0.002894903 0.01976419
0.002896503 0.02047005
0.002898103 0.02047005
0.002899703 0.02094062
0.002901303 0.02047005
0.002902903 0.02070534
0.002904503 0.02047005
0.002906103 0.01999947
0.002907703 0.01976419
0.002909303 0.01905832
0.002910903 0.01858775
0.002912503 0.01858775
0.002914103 0.01788188
0.002915703 0.01788188
0.002917303 0.01811717
0.002918903 0.01811717
0.002920503 0.01764659
0.002922103 0.01764659
0.002923703 0.01741131
0.002925303 0.01741131
0.002926903 0.01717602
0.002928503 0.01670544
0.002930103 0.01647015
0.002931703 0.01576429
0.002933303 0.015529
0.002934903 0.01505843
0.002936503 0.01482314
0.002938103 0.01435256
0.002939703 0.01411728
0.002941303 0.01317612
0.002942903 0.0136467
0.002944503 0.01247026
0.002946103 0.01247026
0.002947703 0.01152911
0.002949303 0.01152911
0.002950903 0.01105853
0.002952503 0.01105853
0.002954103 0.01011738
0.002955703 0.01058796
0.002957303 0.01058796
0.002958903 0.01035267
0.002960503 0.01058796
0.002962103 0.01105853
0.002963703 0.01058796
0.002965303 0.01129382
0.002966903 0.0117644
0.002968503 0.01270555
0.002970103 0.01294084
0.002971703 0.01341141
0.002973303 0.01411728
0.002974903 0.01482314
0.002976503 0.01482314
0.002978103 0.01647015
0.002979703 0.01694073
0.002981303 0.01741131
0.002982903 0.01835246
0.002984503 0.01811717
0.002986103 0.01835246
0.002987703 0.01835246
0.002989303 0.01929361
0.002990903 0.01858775
0.002992503 0.01858775
0.002994103 0.01858775
0.002995703 0.01764659
0.002997303 0.01788188
0.002998903 0.01670544
0.003000503 0.01647015
0.003002103 0.01599958
0.003003703 0.01647015
0.003005303 0.01599958
0.003006903 0.01623487
0.003008503 0.01623487
0.003010103 0.01576429
0.003011703 0.01599958
0.003013303 0.01670544
0.003014903 0.01670544
0.003016503 0.01717602
0.003018103 0.01717602
0.003019703 0.01717602
0.003021303 0.01694073
0.003022903 0.01717602
0.003024503 0.01717602
0.003026103 0.01670544
0.003027703 0.01623487
0.003029303 0.01576429
0.003030903 0.01505843
0.003032503 0.01458785
0.003034103 0.01435256
0.003035703 0.0136467
0.003037303 0.01294084
0.003038903 0.01294084
0.003040503 0.01270555
0.003042103 0.01270555
0.003043703 0.0117644
0.003045303 0.01270555
0.003046903 0.01270555
0.003048503 0.01294084
0.003050103 0.01317612
0.003051703 0.0136467
0.003053303 0.01341141
0.003054903 0.01458785
0.003056503 0.01529371
0.003058103 0.015529
0.003059703 0.015529
0.003061303 0.01599958
0.003062903 0.01599958
0.003064503 0.01647015
0.003066103 0.01717602
0.003067703 0.01788188
0.003069303 0.01764659
0.003070903 0.01764659
0.003072503 0.01835246
0.003074103 0.01835246
0.003075703 0.01835246
0.003077303 0.01835246
0.003078903 0.01835246
0.003080503 0.01882303
0.003082103 0.01882303
0.003083703 0.01905832
0.003085303 0.01882303
0.003086903 0.01999947
0.003088503 0.02023476
0.003090103 0.02070534
0.003091703 0.02070534
0.003093303 0.02164649
0.003094903 0.02164649
0.003096503 0.02188178
0.003098103 0.02164649
0.003099703 0.02211706
0.003101303 0.02117591
0.003102903 0.02188178
0.003104503 0.02117591
0.003106103 0.02094062
0.003107703 0.01976419
0.003109303 0.01999947
0.003110903 0.01905832
0.003112503 0.01882303
0.003114103 0.01835246
0.003115703 0.01811717
0.003117303 0.01717602
0.003118903 0.01694073
0.003120503 0.01599958
0.003122103 0.01599958
0.003123703 0.01623487
0.003125303 0.01576429
0.003126903 0.015529
0.003128503 0.01599958
0.003130103 0.01599958
0.003131703 0.015529
0.003133303 0.01529371
0.003134903 0.015529
0.003136503 0.015529
0.003138103 0.01529371
0.003139703 0.01529371
0.003141303 0.015529
0.003142903 0.01505843
0.003144503 0.015529
0.003146103 0.01505843
0.003147703 0.01529371
0.003149303 0.01458785
0.003150903 0.01435256
0.003152503 0.01505843
0.003154103 0.01435256
0.003155703 0.0136467
0.003157303 0.0136467
0.003158903 0.01294084
0.003160503 0.01247026
0.003162103 0.01223497
0.003163703 0.0117644
0.003165303 0.01199968
0.003166903 0.01129382
0.003168503 0.0117644
0.003170103 0.01223497
0.003171703 0.01199968
0.003173303 0.01247026
0.003174903 0.01270555
0.003176503 0.0136467
0.003178103 0.0136467
0.003179703 0.01411728
0.003181303 0.01435256
0.003182903 0.01458785
0.003184503 0.01458785
0.003186103 0.01458785
0.003187703 0.01505843
0.003189303 0.01458785
0.003190903 0.01411728
0.003192503 0.01388199
0.003194103 0.01294084
0.003195703 0.01294084
0.003197303 0.01223497
0.003198903 0.01152911
0.003200503 0.01082324
0.003202103 0.01058796
0.003203703 0.009411517
0.003205303 0.009176229
0.003206903 0.009176229
0.003208503 0.008705653
0.003210103 0.007999789
0.003211703 0.007999789
0.003213303 0.007529213
0.003214903 0.007764501
0.003216503 0.007529213
0.003218103 0.007293925
0.003219703 0.007293925
0.003221303 0.007058638
0.003222903 0.00682335
0.003224503 0.00682335
0.003226103 0.00682335
0.003227703 0.00682335
0.003229303 0.006352774
0.003230903 0.007058638
0.003232503 0.005882198
0.003234103 0.005882198
0.003235703 0.006117486
0.003237303 0.005882198
0.003238903 0.005882198
0.003240503 0.005882198
0.003242103 0.005176334
0.003243703 0.005411622
0.003245303 0.005411622
0.003246903 0.005176334
0.003248503 0.004705758
0.003250103 0.004941046
0.003251703 0.00447047
0.003253303 0.00447047
0.003254903 0.003999895
0.003256503 0.003999895
0.003258103 0.003294031
0.003259703 0.003529319
0.003261303 0.003058743
0.003262903 0.003529319
0.003264503 0.002588167
0.003266103 0.002823455
0.003267703 0.002588167
0.003269303 0.002588167
0.003270903 0.002588167
0.003272503 0.002352879
0.003274103 0.002117591
0.003275703 0.002823455
0.003277303 0.002823455
0.003278903 0.002588167
0.003280503 0.002823455
0.003282103 0.002823455
0.003283703 0.003058743
0.003285303 0.003294031
0.003286903 0.003294031
0.003288503 0.003294031
0.003290103 0.003294031
0.003291703 0.003999895
0.003293303 0.003999895
0.003294903 0.003764607
0.003296503 0.003999895
0.003298103 0.003764607
0.003299703 0.004705758
0.003301303 0.00447047
0.003302903 0.004705758
0.003304503 0.005411622
0.003306103 0.004705758
0.003307703 0.006117486
0.003309303 0.005411622
0.003310903 0.005882198
0.003312503 0.00564691
0.003314103 0.005882198
0.003315703 0.005882198
0.003317303 0.006117486
0.003318903 0.005882198
0.003320503 0.006352774
0.003322103 0.005882198
0.003323703 0.006117486
0.003325303 0.005882198
0.003326903 0.006352774
0.003328503 0.005176334
0.003330103 0.005882198
0.003331703 0.005411622
0.003333303 0.005176334
0.003334903 0.004705758
0.003336503 0.005176334
0.003338103 0.004705758
0.003339703 0.003764607
0.003341303 0.003764607
0.003342903 0.003058743
0.003344503 0.002823455
0.003346103 0.002588167
0.003347703 0.00117644
0.003349303 0.001882303
0.003350903 0.0002352879
0.003352503 0.0004705758
0.003354103 0.0002352879
0.003355703 0.0002352879
0.003357303 0.0004705758
0.003358903 0
0.003360503 -0.0004705758
0.003362103 0
0.003363703 0
0.003365303 0.0002352879
0.003366903 0.0007058638
0.003368503 0.00117644
0.003370103 0.00117644
0.003371703 0.00117644
0.003373303 0.001647015
0.003374903 0.002352879
0.003376503 0.001882303
0.003378103 0.002588167
0.003379703 0.003058743
0.003381303 0.002823455
0.003382903 0.003058743
0.003384503 0.003294031
0.003386103 0.003529319
0.003387703 0.003999895
0.003389303 0.00447047
0.003390903 0.00447047
0.003392503 0.005176334
0.003394103 0.004941046
0.003395703 0.005882198
0.003397303 0.005411622
0.003398903 0.005882198
0.003400503 0.006352774
0.003402103 0.005411622
0.003403703 0.005411622
0.003405303 0.005176334
0.003406903 0.005176334
0.003408503 0.005176334
0.003410103 0.004941046
0.003411703 0.004235183
0.003413303 0.003999895
0.003414903 0.00447047
0.003416503 0.00447047
0.003418103 0.004235183
0.003419703 0.005176334
0.003421303 0.005176334
0.003422903 0.005176334
0.003424503 0.00564691
0.003426103 0.006352774
0.003427703 0.006352774
0.003429303 0.007293925
0.003430903 0.007529213
0.003432503 0.007999789
0.003434103 0.008705653
0.003435703 0.009176229
0.003437303 0.008940941
0.003438903 0.009646805
0.003440503 0.009882093
0.003442103 0.009882093
0.003443703 0.009882093
0.003445303 0.009646805
0.003446903 0.009411517
0.003448503 0.009411517
0.003450103 0.008705653
0.003451703 0.008235077
0.003453303 0.008235077
0.003454903 0.007764501
0.003456503 0.006588062
0.003458103 0.00682335
0.003459703 0.00564691
0.003461303 0.005176334
0.003462903 0.004705758
0.003464503 0.004705758
0.003466103 0.003764607
0.003467703 0.003058743
0.003469303 0.002352879
0.003470903 0.002117591
0.003472503 0.002117591
0.003474103 0.002117591
0.003475703 0.0009411517
0.003477303 0.0009411517
0.003478903 0.0007058638
0.003480503 0.0009411517
0.003482103 0.0009411517
0.003483703 0.00117644
0.003485303 0.001411728
0.003486903 0.002588167
0.003488503 0.002823455
0.003490103 0.003294031
0.003491703 0.003294031
0.003493303 0.004235183
0.003494903 0.005411622
0.003496503 0.00564691
0.003498103 0.00564691
0.003499703 0.005411622
0.003501303 0.005882198
0.003502903 0.006352774
0.003504503 0.00564691
0.003506103 0.006352774
0.003507703 0.006117486
0.003509303 0.006588062
0.003510903 0.006352774
0.003512503 0.006352774
0.003514103 0.005882198
0.003515703 0.006117486
0.003517303 0.00564691
0.003518903 0.005882198
0.003520503 0.006117486
0.003522103 0.005882198
0.003523703 0.006117486
0.003525303 0.006117486
0.003526903 0.006117486
0.003528503 0.006352774
0.003530103 0.00682335
0.003531703 0.007293925
0.003533303 0.007058638
0.003534903 0.007999789
0.003536503 0.007999789
0.003538103 0.008470365
0.003539703 0.009176229
0.003541303 0.008470365
0.003542903 0.008235077
0.003544503 0.008470365
0.003546103 0.007529213
0.003547703 0.007529213
0.003549303 0.00682335
0.003550903 0.006588062
0.003552503 0.005176334
0.003554103 0.004705758
0.003555703 0.003999895
0.003557303 0.003294031
0.003558903 0.002823455
0.003560503 0.002117591
0.003562103 0.001647015
0.003563703 0.0009411517
0.003565303 0.0002352879
0.003566903 0.0007058638
0.003568503 -0.0007058638
0.003570103 -0.0004705758
0.003571703 -0.0002352879
0.003573303 -0.0002352879
0.003574903 0.0002352879
0.003576503 0
0.003578103 0.0004705758
0.003579703 0.001647015
0.003581303 0.001411728
0.003582903 0.001882303
0.003584503 0.002117591
0.003586103 0.002588167
0.003587703 0.002588167
0.003589303 0.003058743
0.003590903 0.003529319
0.003592503 0.003529319
0.003594103 0.002823455
0.003595703 0.003294031
0.003597303 0.002588167
0.003598903 0.002823455
0.003600503 0.001882303
0.003602103 0.001411728
0.003603703 0.0009411517
0.003605303 0.0007058638
0.003606903 -0.0002352879
0.003608503 -0.0007058638
0.003610103 -0.001882303
0.003611703 -0.001882303
0.003613303 -0.002352879
0.003614903 -0.003058743
0.003616503 -0.003294031
0.003618103 -0.003294031
0.003619703 -0.003999895
0.003621303 -0.003764607
0.003622903 -0.003999895
0.003624503 -0.004941046
0.003626103 -0.004941046
0.003627703 -0.00447047
0.003629303 -0.004941046
0.003630903 -0.004941046
0.003632503 -0.004941046
0.003634103 -0.00447047
0.003635703 -0.00447047
0.003637303 -0.00447047
0.003638903 -0.003764607
0.003640503 -0.003294031
0.003642103 -0.002352879
0.003643703 -0.002117591
0.003645303 -0.00117644
0.003646903 -0.001411728
0.003648503 -0.0009411517
0.003650103 0
0.003651703 -0.0004705758
0.003653303 0
0.003654903 0
0.003656503 0
0.003658103 0.0002352879
0.003659703 0
0.003661303 0
0.003662903 -0.0007058638
0.003664503 -0.0004705758
0.003666103 -0.0007058638
0.003667703 -0.0009411517
0.003669303 -0.0009411517
0.003670903 -0.001411728
0.003672503 -0.001647015
0.003674103 -0.001647015
0.003675703 -0.001411728
0.003677303 -0.0009411517
0.003678903 -0.0004705758
0.003680503 -0.0007058638
0.003682103 0
0.003683703 0.0002352879
0.003685303 0.0007058638
0.003686903 0.001411728
0.003688503 0.002117591
0.003690103 0.001882303
0.003691703 0.002352879
0.003693303 0.002117591
0.003694903 0.003058743
0.003696503 0.002823455
0.003698103 0.002823455
0.003699703 0.002588167
0.003701303 0.003058743
0.003702903 0.003294031
0.003704503 0.003058743
0.003706103 0.003294031
0.003707703 0.003058743
0.003709303 0.003058743
0.003710903 0.003058743
0.003712503 0.003529319
0.003714103 0.003764607
0.003715703 0.003529319
0.003717303 0.003529319
0.003718903 0.003764607
0.003720503 0.003764607
0.003722103 0.003999895
0.003723703 0.00447047
0.003725303 0.004235183
0.003726903 0.004941046
0.003728503 0.005176334
0.003730103 0.004705758
0.003731703 0.004705758
0.003733303 0.004941046
0.003734903 0.004705758
0.003736503 0.004705758
0.003738103 0.004941046
0.003739703 0.00447047
0.003741303 0.005176334
0.003742903 0.005411622
0.003744503 0.004941046
0.003746103 0.005411622
0.003747703 0.004941046
0.003749303 0.005176334
0.003750903 0.006117486
0.003752503 0.006352774
0.003754103 0.006117486
0.003755703 0.006352774
0.003757303 0.006588062
0.003758903 0.00682335
0.003760503 0.00682335
0.003762103 0.007293925
0.003763703 0.007293925
0.003765303 0.007999789
0.003766903 0.007999789
0.003768503 0.007764501
0.003770103 0.007529213
0.003771703 0.007529213
0.003773303 0.007529213
0.003774903 0.00682335
0.003776503 0.007058638
0.003778103 0.006588062
0.003779703 0.005411622
0.003781303 0.005176334
0.003782903 0.00447047
0.003784503 0.003764607
0.003786103 0.003764607
0.003787703 0.002823455
0.003789303 0.002352879
0.003790903 0.00117644
0.003792503 0.00117644
0.003794103 0.0009411517
0.003795703 0.0004705758
0.003797303 0
0.003798903 -0.0004705758
0.003800503 -0.0007058638
0.003802103 -0.00117644
0.003803703 -0.001647015
0.003805303 -0.001882303
0.003806903 -0.001647015
0.003808503 -0.001647015
0.003810103 -0.001882303
0.003811703 -0.001882303
0.003813303 -0.001647015
0.003814903 -0.001647015
0.003816503 -0.0009411517
0.003818103 -0.00117644
0.003819703 -0.0009411517
0.003821303 -0.0009411517
0.003822903 -0.0002352879
0.003824503 -0.0007058638
0.003826103 0
0.003827703 -0.0004705758
0.003829303 -0.0007058638
0.003830903 -0.0004705758
0.003832503 -0.0007058638
0.003834103 -0.00117644
0.003835703 -0.001411728
0.003837303 -0.001882303
0.003838903 -0.002117591
0.003840503 -0.001882303
0.003842103 -0.002588167
0.003843703 -0.003058743
0.003845303 -0.003058743
0.003846903 -0.003529319
0.003848503 -0.003764607
0.003850103 -0.004235183
0.003851703 -0.004235183
0.003853303 -0.004705758
0.003854903 -0.004705758
0.003856503 -0.005411622
0.003858103 -0.005176334
0.003859703 -0.005882198
0.003861303 -0.006117486
0.003862903 -0.006117486
0.003864503 -0.006117486
0.003866103 -0.005882198
0.003867703 -0.005176334
0.003869303 -0.006117486
0.003870903 -0.005882198
0.003872503 -0.006117486
0.003874103 -0.006117486
0.003875703 -0.00682335
0.003877303 -0.00682335
0.003878903 -0.007293925
0.003880503 -0.007999789
0.003882103 -0.008705653
0.003883703 -0.009176229
0.003885303 -0.01035267
0.003886903 -0.01035267
0.003888503 -0.01129382
0.003890103 -0.01199968
0.003891703 -0.01270555
0.003893303 -0.01294084
0.003894903 -0.0136467
0.003896503 -0.01388199
0.003898103 -0.01458785
0.003899703 -0.01458785
0.003901303 -0.01435256
0.003902903 -0.01435256
0.003904503 -0.01458785
0.003906103 -0.01388199
0.003907703 -0.0136467
0.003909303 -0.01341141
0.003910903 -0.01294084
0.003912503 -0.01129382
0.003914103 -0.01082324
0.003915703 -0.01011738
0.003917303 -0.009411517
0.003918903 -0.008235077
0.003920503 -0.007529213
0.003922103 -0.007058638
0.003923703 -0.006588062
0.003925303 -0.005411622
0.003926903 -0.004941046
0.003928503 -0.004235183
0.003930103 -0.003999895
0.003931703 -0.003294031
0.003933303 -0.003529319
0.003934903 -0.002823455
0.003936503 -0.002588167
0.003938103 -0.003294031
0.003939703 -0.003294031
0.003941303 -0.003058743
0.003942903 -0.002588167
0.003944503 -0.003058743
0.003946103 -0.002823455
0.003947703 -0.002117591
0.003949303 -0.002117591
0.003950903 -0.002588167
0.003952503 -0.002588167
0.003954103 -0.002117591
0.003955703 -0.002117591
0.003957303 -0.001882303
0.003958903 -0.001647015
0.003960503 -0.001411728
0.003962103 -0.00117644
0.003963703 -0.0009411517
0.003965303 -0.0007058638
0.003966903 -0.0002352879
0.003968503 0
0.003970103 0
0.003971703 -0.0004705758
0.003973303 -0.0002352879
0.003974903 -0.0007058638
0.003976503 -0.0007058638
0.003978103 -0.00117644
0.003979703 -0.001882303
0.003981303 -0.001882303
0.003982903 -0.002352879
0.003984503 -0.003058743
0.003986103 -0.003764607
0.003987703 -0.005411622
0.003989303 -0.004941046
0.003990903 -0.005411622
0.003992503 -0.005882198
0.003994103 -0.006117486
0.003995703 -0.006117486
0.003997303 -0.006588062
0.003998903 -0.007058638
0.004000503 -0.006588062
0.004002103 -0.006352774
0.004003703 -0.006588062
0.004005303 -0.006117486
0.004006903 -0.006117486
0.004008503 -0.005176334
0.004010103 -0.00447047
0.004011703 -0.004705758
0.004013303 -0.003764607
0.004014903 -0.003294031
0.004016503 -0.003058743
0.004018103 -0.002823455
0.004019703 -0.002117591
0.004021303 -0.001647015
0.004022903 -0.001647015
0.004024503 -0.0007058638
0.004026103 -0.0009411517
0.004027703 -0.0002352879
0.004029303 -0.0002352879
0.004030903 0.0002352879
0.004032503 0.0004705758
0.004034103 0.0009411517
0.004035703 0.0007058638
0.004037303 0.00117644
0.004038903 0.0009411517
0.004040503 0.0009411517
0.004042103 0.00117644
0.004043703 0.001411728
0.004045303 0.0009411517
0.004046903 0.001411728
0.004048503 0.001411728
0.004050103 0.0007058638
0.004051703 0.0009411517
0.004053303 0.0009411517
0.004054903 0.00117644
0.004056503 0.00117644
0.004058103 0.00117644
0.004059703 0.001647015
0.004061303 0.0007058638
0.004062903 0.0004705758
0.004064503 0.0004705758
0.004066103 0.00117644
0.004067703 0.0007058638
0.004069303 0.0002352879
0.004070903 0.0002352879
0.004072503 0.0007058638
0.004074103 0
0.004075703 -0.0004705758
0.004077303 -0.0007058638
0.004078903 -0.0009411517
0.004080503 -0.0007058638
0.004082103 -0.0009411517
0.004083703 -0.00117644
0.004085303 -0.001882303
0.004086903 -0.001411728
0.004088503 -0.001647015
0.004090103 -0.001647015
0.004091703 -0.001411728
0.004093303 -0.001647015
0.004094903 -0.001411728
0.004096503 -0.00117644
0.004098103 -0.00117644
0.004099703 -0.0004705758
0.004101303 -0.0007058638
0.004102903 0
0.004104503 -0.0002352879
0.004106103 -0.0002352879
0.004107703 0.0007058638
0.004109303 0.00117644
0.004110903 0.00117644
0.004112503 0.002117591
0.004114103 0.001647015
0.004115703 0.001882303
0.004117303 0.001647015
0.004118903 0.001882303
0.004120503 0.002117591
0.004122103 0.002823455
0.004123703 0.002352879
0.004125303 0.002823455
0.004126903 0.002823455
0.004128503 0.002588167
0.004130103 0.003058743
0.004131703 0.003058743
0.004133303 0.003058743
0.004134903 0.003529319
0.004136503 0.003764607
0.004138103 0.003764607
0.004139703 0.003764607
0.004141303 0.003529319
0.004142903 0.003999895
0.004144503 0.003764607
0.004146103 0.003999895
0.004147703 0.003999895
0.004149303 0.004235183
0.004150903 0.003999895
0.004152503 0.003999895
0.004154103 0.004941046
0.004155703 0.004705758
0.004157303 0.005411622
0.004158903 0.006352774
0.004160503 0.006117486
0.004162103 0.007058638
0.004163703 0.007293925
0.004165303 0.007529213
0.004166903 0.007529213
0.004168503 0.008470365
0.004170103 0.008470365
0.004171703 0.009411517
0.004173303 0.008940941
0.004174903 0.009411517
0.004176503 0.008940941
0.004178103 0.009882093
0.004179703 0.01011738
0.004181303 0.01011738
0.004182903 0.009646805
0.004184503 0.009882093
0.004186103 0.009646805
0.004187703 0.009882093
0.004189303 0.009646805
0.004190903 0.009176229
0.004192503 0.009176229
0.004194103 0.009411517
0.004195703 0.008705653
0.004197303 0.008705653
0.004198903 0.008705653
0.004200503 0.008470365
