LECROYWS4024HD 19320 Waveform
Segments 1 SegmentSize 3127
Segment TrigTime TimeSinceSegment1
#1 05-Jun-2024 14:58:45 0                 
Time Ampl
-0.000800573 -0.0004705758
-0.000798973 -0.0007058638
-0.000797373 0
-0.000795773 -0.0002352879
-0.000794173 -0.0002352879
-0.000792573 -0.0004705758
-0.000790973 0.0002352879
-0.000789373 -0.0009411517
-0.000787773 0.0002352879
-0.000786173 -0.0004705758
-0.000784573 -0.0002352879
-0.000782973 0
-0.000781373 -0.0002352879
-0.000779773 0
-0.000778173 -0.0009411517
-0.000776573 -0.0002352879
-0.000774973 -0.0002352879
-0.000773373 -0.0004705758
-0.000771773 -0.0004705758
-0.000770173 -0.0002352879
-0.000768573 0.0004705758
-0.000766973 0
-0.000765373 0
-0.000763773 -0.0007058638
-0.000762173 -0.0004705758
-0.000760573 -0.0004705758
-0.000758973 0.0002352879
-0.000757373 -0.0004705758
-0.000755773 0
-0.000754173 -0.0007058638
-0.000752573 0
-0.000750973 -0.0002352879
-0.000749373 0.0002352879
-0.000747773 -0.0004705758
-0.000746173 -0.0002352879
-0.000744573 -0.0002352879
-0.000742973 -0.0002352879
-0.000741373 -0.0002352879
-0.000739773 0
-0.000738173 -0.0002352879
-0.000736573 0.0002352879
-0.000734973 -0.0002352879
-0.000733373 0.0002352879
-0.000731773 -0.0004705758
-0.000730173 -0.0004705758
-0.000728573 -0.0002352879
-0.000726973 -0.0007058638
-0.000725373 0
-0.000723773 0.0002352879
-0.000722173 0
-0.000720573 -0.0004705758
-0.000718973 -0.0002352879
-0.000717373 -0.0004705758
-0.000715773 -0.0002352879
-0.000714173 0
-0.000712573 -0.0004705758
-0.000710973 0
-0.000709373 0
-0.000707773 0
-0.000706173 0
-0.000704573 -0.0002352879
-0.000702973 -0.0004705758
-0.000701373 -0.0004705758
-0.000699773 -0.0004705758
-0.000698173 0.0002352879
-0.000696573 -0.0002352879
-0.000694973 0
-0.000693373 -0.0002352879
-0.000691773 0
-0.000690173 -0.0002352879
-0.000688573 -0.0002352879
-0.000686973 -0.0007058638
-0.000685373 -0.0002352879
-0.000683773 -0.0002352879
-0.000682173 0.0002352879
-0.000680573 -0.0002352879
-0.000678973 0
-0.000677373 -0.0002352879
-0.000675773 0
-0.000674173 -0.00117644
-0.000672573 0.0002352879
-0.000670973 -0.0007058638
-0.000669373 0
-0.000667773 -0.0004705758
-0.000666173 -0.0004705758
-0.000664573 -0.0007058638
-0.000662973 0.0002352879
-0.000661373 -0.0009411517
-0.000659773 -0.0004705758
-0.000658173 -0.0004705758
-0.000656573 0
-0.000654973 -0.0004705758
-0.000653373 -0.0004705758
-0.000651773 0
-0.000650173 0
-0.000648573 0
-0.000646973 -0.0002352879
-0.000645373 -0.0007058638
-0.000643773 0.0002352879
-0.000642173 -0.0004705758
-0.000640573 -0.0002352879
-0.000638973 0
-0.000637373 -0.0002352879
-0.000635773 -0.0004705758
-0.000634173 0
-0.000632573 0
-0.000630973 0.0002352879
-0.000629373 0
-0.000627773 0
-0.000626173 0
-0.000624573 0
-0.000622973 -0.0002352879
-0.000621373 -0.0004705758
-0.000619773 -0.0004705758
-0.000618173 0.0002352879
-0.000616573 0
-0.000614973 -0.0002352879
-0.000613373 0
-0.000611773 0
-0.000610173 -0.0007058638
-0.000608573 0
-0.000606973 -0.0004705758
-0.000605373 0.0002352879
-0.000603773 -0.0002352879
-0.000602173 0
-0.000600573 0.0002352879
-0.000598973 0.0002352879
-0.000597373 -0.0007058638
-0.000595773 0.0002352879
-0.000594173 -0.0004705758
-0.000592573 -0.0002352879
-0.000590973 0.0002352879
-0.000589373 0.0004705758
-0.000587773 -0.0002352879
-0.000586173 0
-0.000584573 0
-0.000582973 -0.0004705758
-0.000581373 0
-0.000579773 -0.0002352879
-0.000578173 -0.0002352879
-0.000576573 0.0002352879
-0.000574973 0
-0.000573373 -0.0002352879
-0.000571773 0
-0.000570173 0
-0.000568573 -0.0004705758
-0.000566973 0
-0.000565373 -0.0002352879
-0.000563773 -0.0002352879
-0.000562173 -0.0002352879
-0.000560573 0
-0.000558973 0.0002352879
-0.000557373 -0.0002352879
-0.000555773 -0.0002352879
-0.000554173 -0.0004705758
-0.000552573 -0.0002352879
-0.000550973 0.0002352879
-0.000549373 -0.0007058638
-0.000547773 0
-0.000546173 -0.0004705758
-0.000544573 0
-0.000542973 -0.0004705758
-0.000541373 0
-0.000539773 -0.0004705758
-0.000538173 0.0002352879
-0.000536573 -0.0004705758
-0.000534973 -0.0007058638
-0.000533373 -0.0002352879
-0.000531773 0
-0.000530173 -0.0004705758
-0.000528573 -0.0002352879
-0.000526973 -0.0007058638
-0.000525373 0
-0.000523773 -0.0002352879
-0.000522173 0
-0.000520573 0
-0.000518973 -0.0004705758
-0.000517373 -0.0002352879
-0.000515773 0.0002352879
-0.000514173 -0.0004705758
-0.000512573 -0.0004705758
-0.000510973 -0.0004705758
-0.000509373 0
-0.000507773 -0.0007058638
-0.000506173 -0.0002352879
-0.000504573 -0.0009411517
-0.000502973 -0.0002352879
-0.000501373 0
-0.000499773 -0.0004705758
-0.000498173 -0.0002352879
-0.000496573 0
-0.000494973 -0.0004705758
-0.000493373 -0.0007058638
-0.000491773 0.0002352879
-0.000490173 -0.0004705758
-0.000488573 -0.0004705758
-0.000486973 0
-0.000485373 -0.0002352879
-0.000483773 0.0002352879
-0.000482173 0
-0.000480573 0
-0.000478973 -0.0009411517
-0.000477373 -0.0002352879
-0.000475773 -0.0002352879
-0.000474173 -0.0002352879
-0.000472573 -0.0009411517
-0.000470973 -0.0002352879
-0.000469373 -0.0004705758
-0.000467773 0
-0.000466173 0.0002352879
-0.000464573 -0.0004705758
-0.000462973 -0.0007058638
-0.000461373 0.0002352879
-0.000459773 -0.0002352879
-0.000458173 -0.0002352879
-0.000456573 -0.0004705758
-0.000454973 -0.0002352879
-0.000453373 -0.0002352879
-0.000451773 -0.0002352879
-0.000450173 -0.0009411517
-0.000448573 0
-0.000446973 -0.0002352879
-0.000445373 -0.0004705758
-0.000443773 -0.0004705758
-0.000442173 -0.0002352879
-0.000440573 -0.0002352879
-0.000438973 0
-0.000437373 0
-0.000435773 0.0004705758
-0.000434173 -0.0004705758
-0.000432573 0.0002352879
-0.000430973 -0.0007058638
-0.000429373 0.0004705758
-0.000427773 -0.0002352879
-0.000426173 -0.0004705758
-0.000424573 -0.0002352879
-0.000422973 0
-0.000421373 -0.0004705758
-0.000419773 0
-0.000418173 -0.0004705758
-0.000416573 -0.0002352879
-0.000414973 -0.0004705758
-0.000413373 -0.0009411517
-0.000411773 -0.0007058638
-0.000410173 -0.0002352879
-0.000408573 0
-0.000406973 -0.0002352879
-0.000405373 -0.0004705758
-0.000403773 -0.0002352879
-0.000402173 -0.0004705758
-0.000400573 0
-0.000398973 -0.0007058638
-0.000397373 -0.0007058638
-0.000395773 -0.0002352879
-0.000394173 -0.0007058638
-0.000392573 -0.0007058638
-0.000390973 -0.0002352879
-0.000389373 0.0002352879
-0.000387773 -0.0002352879
-0.000386173 -0.0007058638
-0.000384573 0.0002352879
-0.000382973 0.0002352879
-0.000381373 -0.0002352879
-0.000379773 -0.0004705758
-0.000378173 0
-0.000376573 0.0002352879
-0.000374973 0
-0.000373373 -0.0009411517
-0.000371773 0
-0.000370173 -0.0002352879
-0.000368573 -0.0002352879
-0.000366973 -0.0004705758
-0.000365373 0
-0.000363773 -0.0004705758
-0.000362173 -0.0002352879
-0.000360573 -0.0002352879
-0.000358973 -0.0002352879
-0.000357373 -0.0004705758
-0.000355773 0
-0.000354173 -0.0007058638
-0.000352573 -0.0004705758
-0.000350973 -0.0004705758
-0.000349373 0
-0.000347773 -0.0004705758
-0.000346173 0.0002352879
-0.000344573 0
-0.000342973 0
-0.000341373 0
-0.000339773 0
-0.000338173 -0.0002352879
-0.000336573 -0.0004705758
-0.000334973 -0.0004705758
-0.000333373 -0.0002352879
-0.000331773 -0.0002352879
-0.000330173 -0.0004705758
-0.000328573 -0.0009411517
-0.000326973 0
-0.000325373 -0.0002352879
-0.000323773 -0.0004705758
-0.000322173 -0.0002352879
-0.000320573 -0.0002352879
-0.000318973 0.0002352879
-0.000317373 -0.0004705758
-0.000315773 0
-0.000314173 -0.0007058638
-0.000312573 0
-0.000310973 -0.0004705758
-0.000309373 0.0002352879
-0.000307773 -0.0002352879
-0.000306173 -0.0004705758
-0.000304573 -0.0002352879
-0.000302973 -0.0002352879
-0.000301373 -0.0004705758
-0.000299773 0
-0.000298173 -0.0004705758
-0.000296573 -0.0004705758
-0.000294973 -0.0004705758
-0.000293373 -0.0002352879
-0.000291773 -0.0002352879
-0.000290173 0.0004705758
-0.000288573 -0.0002352879
-0.000286973 -0.0007058638
-0.000285373 0.0002352879
-0.000283773 -0.0002352879
-0.000282173 0
-0.000280573 0
-0.000278973 -0.0004705758
-0.000277373 -0.0002352879
-0.000275773 0
-0.000274173 -0.0002352879
-0.000272573 0
-0.000270973 0.0004705758
-0.000269373 0
-0.000267773 -0.0002352879
-0.000266173 0.0004705758
-0.000264573 -0.0007058638
-0.000262973 0
-0.000261373 -0.0007058638
-0.000259773 0.0002352879
-0.000258173 0.0002352879
-0.000256573 -0.0002352879
-0.000254973 -0.0004705758
-0.000253373 0
-0.000251773 -0.0002352879
-0.000250173 -0.0004705758
-0.000248573 0.0002352879
-0.000246973 -0.0002352879
-0.000245373 0
-0.000243773 -0.0002352879
-0.000242173 0
-0.000240573 0.0002352879
-0.000238973 -0.0007058638
-0.000237373 0.0002352879
-0.000235773 -0.0002352879
-0.000234173 -0.0004705758
-0.000232573 0
-0.000230973 -0.0004705758
-0.000229373 -0.0004705758
-0.000227773 -0.0002352879
-0.000226173 0.0002352879
-0.000224573 -0.0004705758
-0.000222973 -0.0002352879
-0.000221373 -0.0002352879
-0.000219773 -0.0007058638
-0.000218173 0
-0.000216573 -0.0007058638
-0.000214973 -0.0004705758
-0.000213373 -0.0002352879
-0.000211773 0.0002352879
-0.000210173 -0.0004705758
-0.000208573 0
-0.000206973 0.0002352879
-0.000205373 -0.0002352879
-0.000203773 -0.0004705758
-0.000202173 -0.0004705758
-0.000200573 -0.0007058638
-0.000198973 0
-0.000197373 -0.0002352879
-0.000195773 -0.0004705758
-0.000194173 -0.0007058638
-0.000192573 0.0002352879
-0.000190973 -0.0002352879
-0.000189373 0
-0.000187773 -0.0002352879
-0.000186173 -0.0002352879
-0.000184573 -0.0002352879
-0.000182973 -0.0002352879
-0.000181373 -0.0007058638
-0.000179773 0
-0.000178173 -0.0002352879
-0.000176573 -0.0002352879
-0.000174973 -0.0002352879
-0.000173373 -0.0002352879
-0.000171773 -0.0002352879
-0.000170173 0.0002352879
-0.000168573 -0.0007058638
-0.000166973 0
-0.000165373 0.0002352879
-0.000163773 0.0002352879
-0.000162173 -0.0004705758
-0.000160573 0
-0.000158973 0
-0.000157373 0.0002352879
-0.000155773 -0.0009411517
-0.000154173 0.0002352879
-0.000152573 -0.0002352879
-0.000150973 -0.0002352879
-0.000149373 0.0002352879
-0.000147773 0.0004705758
-0.000146173 0.0002352879
-0.000144573 0
-0.000142973 -0.0009411517
-0.000141373 0.0004705758
-0.000139773 0
-0.000138173 0.0002352879
-0.000136573 -0.0002352879
-0.000134973 -0.0002352879
-0.000133373 0
-0.000131773 -0.0002352879
-0.000130173 -0.0004705758
-0.000128573 0
-0.000126973 -0.0004705758
-0.000125373 0.0002352879
-0.000123773 0
-0.000122173 -0.0004705758
-0.000120573 0
-0.000118973 0.0002352879
-0.000117373 -0.0004705758
-0.000115773 0.0002352879
-0.000114173 -0.0002352879
-0.000112573 0.0002352879
-0.000110973 0
-0.000109373 0
-0.000107773 -0.0004705758
-0.000106173 0
-0.000104573 0.0004705758
-0.000102973 -0.0002352879
-0.000101373 -0.0004705758
-9.9773e-005 0.0002352879
-9.8173e-005 -0.0002352879
-9.6573e-005 0.0004705758
-9.4973e-005 -0.0002352879
-9.3373e-005 -0.0004705758
-9.1773e-005 -0.0004705758
-9.0173e-005 -0.0004705758
-8.8573e-005 -0.0002352879
-8.6973e-005 0
-8.5373e-005 -0.0002352879
-8.3773e-005 -0.0002352879
-8.2173e-005 -0.0002352879
-8.0573e-005 0.0002352879
-7.8973e-005 -0.0002352879
-7.7373e-005 -0.0002352879
-7.5773e-005 0
-7.4173e-005 -0.0002352879
-7.2573e-005 -0.0007058638
-7.0973e-005 0.0002352879
-6.9373e-005 0.0002352879
-6.7773e-005 0.0004705758
-6.6173e-005 -0.0007058638
-6.4573e-005 -0.0002352879
-6.2973e-005 -0.0002352879
-6.1373e-005 0
-5.9773e-005 0.0002352879
-5.8173e-005 0
-5.6573e-005 0
-5.4973e-005 0.0002352879
-5.3373e-005 0.0002352879
-5.1773e-005 -0.0002352879
-5.0173e-005 0
-4.8573e-005 0.0007058638
-4.6973e-005 0.0009411517
-4.5373e-005 0.00117644
-4.3773e-005 0.002352879
-4.2173e-005 0.002823455
-4.0573e-005 0.003999895
-3.8973e-005 0.005882198
-3.7373e-005 0.008940941
-3.5773e-005 0.007764501
-3.4173e-005 0.0007058638
-3.2573e-005 -0.01294084
-3.0973e-005 -0.02941099
-2.9373e-005 -0.04588114
-2.7773e-005 -0.0583514
-2.6173e-005 -0.06917465
-2.4573e-005 -0.08023318
-2.2973e-005 -0.09787977
-2.1373e-005 -0.1247026
-1.9773e-005 -0.1588193
-1.8173e-005 -0.1971713
-1.6573e-005 -0.2334056
-1.4973e-005 -0.2644636
-1.3373e-005 -0.2910512
-1.1773e-005 -0.3124624
-1.0173e-005 -0.3263443
-8.573e-006 -0.3272855
-6.973e-006 -0.3065802
-5.373e-006 -0.2595226
-3.773e-006 -0.1908185
-2.173e-006 -0.1082324
-5.73e-007 -0.02635225
1.027e-006 0.04305769
2.627e-006 0.08917412
4.227e-006 0.1112912
5.827e-006 0.1101147
7.427e-006 0.09482103
9.027e-006 0.07129224
1.0627e-005 0.04352826
1.2227e-005 0.0136467
1.3827e-005 -0.01529371
1.5427e-005 -0.03858722
1.7027e-005 -0.05670439
1.8627e-005 -0.06870407
2.0227e-005 -0.07693915
2.1827e-005 -0.08211548
2.3427e-005 -0.08611538
2.5027e-005 -0.09176229
2.6627e-005 -0.09646805
2.8227e-005 -0.0992915
2.9827e-005 -0.09999736
3.1427e-005 -0.09693862
3.3027e-005 -0.08846826
3.4627e-005 -0.07740972
3.6227e-005 -0.06282187
3.7827e-005 -0.04705758
3.9427e-005 -0.03011685
4.1027e-005 -0.01388199
4.2627e-005 0.001647015
4.4227e-005 0.01411728
4.5827e-005 0.02470523
4.7427e-005 0.0350579
4.9027e-005 0.04305769
5.0627e-005 0.05035161
5.2227e-005 0.05435151
5.3827e-005 0.05599852
5.5427e-005 0.05270449
5.7027e-005 0.04588114
5.8627e-005 0.0369402
6.0227e-005 0.02588167
6.1827e-005 0.01482314
6.3427e-005 0.002352879
6.5027e-005 -0.009882093
6.6627e-005 -0.02258764
6.8227e-005 -0.03529319
6.9827e-005 -0.04564586
7.1427e-005 -0.05293978
7.3027e-005 -0.05717496
7.4627e-005 -0.05764554
7.6227e-005 -0.05670439
7.7827e-005 -0.05529266
7.9427e-005 -0.05341036
8.1027e-005 -0.05176334
8.2627e-005 -0.04917517
8.4227e-005 -0.04588114
8.5827e-005 -0.04046952
8.7427e-005 -0.03388146
8.9027e-005 -0.02752869
9.0627e-005 -0.02282293
9.2227e-005 -0.02047005
9.3827e-005 -0.02094062
9.5427e-005 -0.02282293
9.7027e-005 -0.02705811
9.8627e-005 -0.03176387
0.000100227 -0.03764607
0.000101827 -0.04446942
0.000103427 -0.05035161
0.000105027 -0.05576324
0.000106627 -0.05788083
0.000108227 -0.05717496
0.000109827 -0.05270449
0.000111427 -0.04658701
0.000113027 -0.03858722
0.000114627 -0.03058743
0.000116227 -0.0214112
0.000117827 -0.01199968
0.000119427 -0.003294031
0.000121027 0.006117486
0.000122627 0.01341141
0.000124227 0.01835246
0.000125827 0.01999947
0.000127427 0.01929361
0.000129027 0.01529371
0.000130627 0.009646805
0.000132227 0.002352879
0.000133827 -0.00564691
0.000135427 -0.01317612
0.000137027 -0.01905832
0.000138627 -0.02470523
0.000140227 -0.02988157
0.000141827 -0.0350579
0.000143427 -0.03905779
0.000145027 -0.0428224
0.000146627 -0.04635172
0.000148227 -0.04823402
0.000149827 -0.04893989
0.000151427 -0.04635172
0.000153027 -0.04188125
0.000154627 -0.03529319
0.000156227 -0.02564638
0.000157827 -0.01670544
0.000159427 -0.009176229
0.000161027 -0.003529319
0.000162627 -0.0007058638
0.000164227 -0.002588167
0.000165827 -0.007058638
0.000167427 -0.01317612
0.000169027 -0.01976419
0.000170627 -0.02446994
0.000172227 -0.02588167
0.000173827 -0.02470523
0.000175427 -0.02047005
0.000177027 -0.01505843
0.000178627 -0.007529213
0.000180227 0.001411728
0.000181827 0.009411517
0.000183427 0.01670544
0.000185027 0.02258764
0.000186627 0.02494052
0.000188227 0.02517581
0.000189827 0.02305822
0.000191427 0.01976419
0.000193027 0.01670544
0.000194627 0.01294084
0.000196227 0.009882093
0.000197827 0.007293925
0.000199427 0.00564691
0.000201027 0.003058743
0.000202627 0.001647015
0.000204227 0.0002352879
0.000205827 -0.001647015
0.000207427 -0.001882303
0.000209027 -0.003058743
0.000210627 -0.002352879
0.000212227 -0.001647015
0.000213827 0.0007058638
0.000215427 0.004235183
0.000217027 0.008705653
0.000218627 0.01411728
0.000220227 0.0195289
0.000221827 0.02494052
0.000223427 0.02846984
0.000225027 0.03152858
0.000226627 0.03199916
0.000228227 0.03035214
0.000229827 0.02752869
0.000231427 0.0232935
0.000233027 0.01976419
0.000234627 0.01623487
0.000236227 0.01317612
0.000237827 0.01152911
0.000239427 0.009646805
0.000241027 0.009411517
0.000242627 0.008940941
0.000244227 0.01199968
0.000245827 0.01623487
0.000247427 0.02188178
0.000249027 0.02705811
0.000250627 0.03270502
0.000252227 0.03552848
0.000253827 0.03670492
0.000255427 0.03552848
0.000257027 0.0331756
0.000258627 0.0291757
0.000260227 0.02446994
0.000261827 0.01905832
0.000263427 0.01388199
0.000265027 0.007058638
0.000266627 0.001882303
0.000268227 -0.003058743
0.000269827 -0.008940941
0.000271427 -0.01247026
0.000273027 -0.01623487
0.000274627 -0.01811717
0.000276227 -0.01811717
0.000277827 -0.01670544
0.000279427 -0.01388199
0.000281027 -0.009882093
0.000282627 -0.003764607
0.000284227 0.001411728
0.000285827 0.007058638
0.000287427 0.01058796
0.000289027 0.01458785
0.000290627 0.01623487
0.000292227 0.015529
0.000293827 0.01105853
0.000295427 0.005882198
0.000297027 -0.00117644
0.000298627 -0.00682335
0.000300227 -0.01247026
0.000301827 -0.01717602
0.000303427 -0.02047005
0.000305027 -0.02446994
0.000306627 -0.02752869
0.000308227 -0.02988157
0.000309827 -0.03270502
0.000311427 -0.03482261
0.000313027 -0.03670492
0.000314627 -0.03858722
0.000316227 -0.03882251
0.000317827 -0.03858722
0.000319427 -0.03599905
0.000321027 -0.03199916
0.000322627 -0.02611696
0.000324227 -0.01835246
0.000325827 -0.01082324
0.000327427 -0.003294031
0.000329027 0.002823455
0.000330627 0.007293925
0.000332227 0.008940941
0.000333827 0.008705653
0.000335427 0.007529213
0.000337027 0.00564691
0.000338627 0.004705758
0.000340227 0.005176334
0.000341827 0.006588062
0.000343427 0.01152911
0.000345027 0.01670544
0.000346627 0.02235235
0.000348227 0.02705811
0.000349827 0.03082272
0.000351427 0.03341088
0.000353027 0.0331756
0.000354627 0.03246973
0.000356227 0.03011685
0.000357827 0.02705811
0.000359427 0.02376408
0.000361027 0.02164649
0.000362627 0.02023476
0.000364227 0.01929361
0.000365827 0.01905832
0.000367427 0.01882303
0.000369027 0.01811717
0.000370627 0.01764659
0.000372227 0.01623487
0.000373827 0.015529
0.000375427 0.01411728
0.000377027 0.01341141
0.000378627 0.01317612
0.000380227 0.01317612
0.000381827 0.01411728
0.000383427 0.01435256
0.000385027 0.01458785
0.000386627 0.01435256
0.000388227 0.01505843
0.000389827 0.01599958
0.000391427 0.01717602
0.000393027 0.0195289
0.000394627 0.02282293
0.000396227 0.02564638
0.000397827 0.02988157
0.000399427 0.03246973
0.000401027 0.03482261
0.000402627 0.03599905
0.000404227 0.03670492
0.000405827 0.03576376
0.000407427 0.03458732
0.000409027 0.03294031
0.000410627 0.03058743
0.000412227 0.02823455
0.000413827 0.02776397
0.000415427 0.02635225
0.000417027 0.02588167
0.000418627 0.02494052
0.000420227 0.02399937
0.000421827 0.02188178
0.000423427 0.01905832
0.000425027 0.01435256
0.000426627 0.009411517
0.000428227 0.003529319
0.000429827 -0.002823455
0.000431427 -0.008235077
0.000433027 -0.01247026
0.000434627 -0.01411728
0.000436227 -0.01482314
0.000437827 -0.01388199
0.000439427 -0.01129382
0.000441027 -0.008705653
0.000442627 -0.004705758
0.000444227 0
0.000445827 0.003764607
0.000447427 0.006588062
0.000449027 0.007999789
0.000450627 0.008470365
0.000452227 0.007999789
0.000453827 0.007529213
0.000455427 0.00682335
0.000457027 0.00564691
0.000458627 0.005176334
0.000460227 0.003999895
0.000461827 0.003058743
0.000463427 0.003058743
0.000465027 0.0009411517
0.000466627 0.0007058638
0.000468227 0.0009411517
0.000469827 0.001411728
0.000471427 0.001882303
0.000473027 0.003529319
0.000474627 0.00564691
0.000476227 0.008235077
0.000477827 0.01247026
0.000479427 0.01576429
0.000481027 0.02070534
0.000482627 0.02446994
0.000484227 0.02846984
0.000485827 0.03199916
0.000487427 0.03458732
0.000489027 0.03670492
0.000490627 0.03835193
0.000492227 0.03952837
0.000493827 0.0409401
0.000495427 0.0428224
0.000497027 0.04493999
0.000498627 0.04776345
0.000500227 0.05129277
0.000501827 0.05435151
0.000503427 0.05741025
0.000505027 0.06093957
0.000506627 0.06470418
0.000508227 0.06846878
0.000509827 0.07152753
0.000511427 0.07388041
0.000513027 0.07317454
0.000514627 0.07176281
0.000516227 0.06729234
0.000517827 0.0623513
0.000519427 0.05599852
0.000521027 0.0487046
0.000522627 0.04164596
0.000524227 0.03482261
0.000525827 0.02846984
0.000527427 0.02352879
0.000529027 0.02094062
0.000530627 0.01929361
0.000532227 0.02070534
0.000533827 0.02282293
0.000535427 0.02705811
0.000537027 0.03058743
0.000538627 0.0350579
0.000540227 0.03811664
0.000541827 0.04023423
0.000543427 0.04117539
0.000545027 0.04023423
0.000546627 0.03858722
0.000548227 0.03599905
0.000549827 0.03270502
0.000551427 0.02823455
0.000553027 0.02446994
0.000554627 0.02164649
0.000556227 0.0195289
0.000557827 0.01882303
0.000559427 0.01976419
0.000561027 0.02117591
0.000562627 0.0232935
0.000564227 0.02517581
0.000565827 0.02752869
0.000567427 0.02964628
0.000569027 0.03152858
0.000570627 0.03270502
0.000572227 0.03294031
0.000573827 0.0331756
0.000575427 0.03270502
0.000577027 0.03270502
0.000578627 0.03246973
0.000580227 0.03246973
0.000581827 0.03176387
0.000583427 0.03152858
0.000585027 0.03082272
0.000586627 0.02988157
0.000588227 0.02894041
0.000589827 0.02799926
0.000591427 0.02682282
0.000593027 0.02658753
0.000594627 0.02635225
0.000596227 0.02588167
0.000597827 0.0254111
0.000599427 0.02494052
0.000601027 0.02399937
0.000602627 0.02235235
0.000604227 0.02164649
0.000605827 0.02070534
0.000607427 0.0195289
0.000609027 0.02023476
0.000610627 0.02070534
0.000612227 0.02305822
0.000613827 0.02517581
0.000615427 0.02823455
0.000617027 0.03082272
0.000618627 0.03270502
0.000620227 0.03458732
0.000621827 0.03529319
0.000623427 0.03435204
0.000625027 0.03270502
0.000626627 0.0291757
0.000628227 0.02446994
0.000629827 0.01929361
0.000631427 0.01341141
0.000633027 0.00682335
0.000634627 0.0007058638
0.000636227 -0.00564691
0.000637827 -0.01152911
0.000639427 -0.01764659
0.000641027 -0.02282293
0.000642627 -0.02823455
0.000644227 -0.03199916
0.000645827 -0.03552848
0.000647427 -0.03858722
0.000649027 -0.04046952
0.000650627 -0.04070481
0.000652227 -0.03976366
0.000653827 -0.03764607
0.000655427 -0.03458732
0.000657027 -0.03058743
0.000658627 -0.02564638
0.000660227 -0.02070534
0.000661827 -0.01599958
0.000663427 -0.01105853
0.000665027 -0.005411622
0.000666627 -0.002352879
0.000668227 0.0009411517
0.000669827 0.003529319
0.000671427 0.00447047
0.000673027 0.006117486
0.000674627 0.006588062
0.000676227 0.00682335
0.000677827 0.00682335
0.000679427 0.007529213
0.000681027 0.008470365
0.000682627 0.01058796
0.000684227 0.01294084
0.000685827 0.01717602
0.000687427 0.02070534
0.000689027 0.02588167
0.000690627 0.03035214
0.000692227 0.0350579
0.000693827 0.03811664
0.000695427 0.04117539
0.000697027 0.04399884
0.000698627 0.04446942
0.000700227 0.04399884
0.000701827 0.04305769
0.000703427 0.04046952
0.000705027 0.03599905
0.000706627 0.03199916
0.000708227 0.02705811
0.000709827 0.02164649
0.000711427 0.01647015
0.000713027 0.01105853
0.000714627 0.005882198
0.000716227 0.0009411517
0.000717827 -0.002352879
0.000719427 -0.004235183
0.000721027 -0.005411622
0.000722627 -0.005176334
0.000724227 -0.005176334
0.000725827 -0.003999895
0.000727427 -0.00447047
0.000729027 -0.004705758
0.000730627 -0.005882198
0.000732227 -0.00682335
0.000733827 -0.009411517
0.000735427 -0.01152911
0.000737027 -0.015529
0.000738627 -0.01976419
0.000740227 -0.02305822
0.000741827 -0.02611696
0.000743427 -0.0291757
0.000745027 -0.03082272
0.000746627 -0.03152858
0.000748227 -0.03152858
0.000749827 -0.03129329
0.000751427 -0.02941099
0.000753027 -0.02682282
0.000754627 -0.02399937
0.000756227 -0.01929361
0.000757827 -0.01458785
0.000759427 -0.009646805
0.000761027 -0.003999895
0.000762627 0.0004705758
0.000764227 0.004941046
0.000765827 0.009411517
0.000767427 0.01294084
0.000769027 0.015529
0.000770627 0.01647015
0.000772227 0.01741131
0.000773827 0.01694073
0.000775427 0.01576429
0.000777027 0.01411728
0.000778627 0.01247026
0.000780227 0.01011738
0.000781827 0.008705653
0.000783427 0.006352774
0.000785027 0.005882198
0.000786627 0.005176334
0.000788227 0.006117486
0.000789827 0.007529213
0.000791427 0.009646805
0.000793027 0.0117644
0.000794627 0.01482314
0.000796227 0.01647015
0.000797827 0.01882303
0.000799427 0.02047005
0.000801027 0.02047005
0.000802627 0.02164649
0.000804227 0.02094062
0.000805827 0.02164649
0.000807427 0.0214112
0.000809027 0.02164649
0.000810627 0.02188178
0.000812227 0.02282293
0.000813827 0.02399937
0.000815427 0.02446994
0.000817027 0.02588167
0.000818627 0.02682282
0.000820227 0.02799926
0.000821827 0.02870513
0.000823427 0.0291757
0.000825027 0.02846984
0.000826627 0.0291757
0.000828227 0.02752869
0.000829827 0.02823455
0.000831427 0.02894041
0.000833027 0.02988157
0.000834627 0.03129329
0.000836227 0.03270502
0.000837827 0.03458732
0.000839427 0.03764607
0.000841027 0.04070481
0.000842627 0.04352826
0.000844227 0.04564586
0.000845827 0.04799874
0.000847427 0.04823402
0.000849027 0.0487046
0.000850627 0.04823402
0.000852227 0.04658701
0.000853827 0.04493999
0.000855427 0.04329298
0.000857027 0.04070481
0.000858627 0.03835193
0.000860227 0.03623434
0.000861827 0.03388146
0.000863427 0.03223444
0.000865027 0.03152858
0.000866627 0.03011685
0.000868227 0.03011685
0.000869827 0.02894041
0.000871427 0.02776397
0.000873027 0.02517581
0.000874627 0.02117591
0.000876227 0.01623487
0.000877827 0.01105853
0.000879427 0.004705758
0.000881027 -0.00117644
0.000882627 -0.007058638
0.000884227 -0.01247026
0.000885827 -0.01647015
0.000887427 -0.01882303
0.000889027 -0.02023476
0.000890627 -0.02047005
0.000892227 -0.01905832
0.000893827 -0.01623487
0.000895427 -0.01294084
0.000897027 -0.009411517
0.000898627 -0.006352774
0.000900227 -0.003999895
0.000901827 -0.001882303
0.000903427 -0.002352879
0.000905027 -0.002352879
0.000906627 -0.003999895
0.000908227 -0.005411622
0.000909827 -0.00682335
0.000911427 -0.007999789
0.000913027 -0.007529213
0.000914627 -0.007058638
0.000916227 -0.006117486
0.000917827 -0.003999895
0.000919427 -0.002823455
0.000921027 -0.0004705758
0.000922627 0.001647015
0.000924227 0.004235183
0.000925827 0.006588062
0.000927427 0.007999789
0.000929027 0.01058796
0.000930627 0.01294084
0.000932227 0.015529
0.000933827 0.01858775
0.000935427 0.02188178
0.000937027 0.02470523
0.000938627 0.02799926
0.000940227 0.03035214
0.000941827 0.03176387
0.000943427 0.03294031
0.000945027 0.03223444
0.000946627 0.03152858
0.000948227 0.0291757
0.000949827 0.02494052
0.000951427 0.02070534
0.000953027 0.01576429
0.000954627 0.01082324
0.000956227 0.00447047
0.000957827 -0.0004705758
0.000959427 -0.005411622
0.000961027 -0.009882093
0.000962627 -0.01223497
0.000964227 -0.01458785
0.000965827 -0.01505843
0.000967427 -0.015529
0.000969027 -0.01529371
0.000970627 -0.01482314
0.000972227 -0.01435256
0.000973827 -0.0136467
0.000975427 -0.01294084
0.000977027 -0.0117644
0.000978627 -0.01199968
0.000980227 -0.01129382
0.000981827 -0.01011738
0.000983427 -0.008235077
0.000985027 -0.007058638
0.000986627 -0.004941046
0.000988227 -0.003294031
0.000989827 -0.0004705758
0.000991427 0.001411728
0.000993027 0.003764607
0.000994627 0.006352774
0.000996227 0.008940941
0.000997827 0.01082324
0.000999427 0.01247026
0.001001027 0.01317612
0.001002627 0.01505843
0.001004227 0.01599958
0.001005827 0.01694073
0.001007427 0.01764659
0.001009027 0.01858775
0.001010627 0.01788188
0.001012227 0.01741131
0.001013827 0.015529
0.001015427 0.01435256
0.001017027 0.01223497
0.001018627 0.009411517
0.001020227 0.00682335
0.001021827 0.003764607
0.001023427 0.0007058638
0.001025027 -0.002117591
0.001026627 -0.003764607
0.001028227 -0.00682335
0.001029827 -0.008235077
0.001031427 -0.008940941
0.001033027 -0.009411517
0.001034627 -0.009411517
0.001036227 -0.009411517
0.001037827 -0.008235077
0.001039427 -0.007764501
0.001041027 -0.006588062
0.001042627 -0.006352774
0.001044227 -0.006352774
0.001045827 -0.006588062
0.001047427 -0.00682335
0.001049027 -0.007529213
0.001050627 -0.009176229
0.001052227 -0.01152911
0.001053827 -0.01411728
0.001055427 -0.01741131
0.001057027 -0.0195289
0.001058627 -0.02235235
0.001060227 -0.02517581
0.001061827 -0.02776397
0.001063427 -0.03035214
0.001065027 -0.03176387
0.001066627 -0.03246973
0.001068227 -0.0331756
0.001069827 -0.03223444
0.001071427 -0.03199916
0.001073027 -0.03035214
0.001074627 -0.0291757
0.001076227 -0.02682282
0.001077827 -0.02423466
0.001079427 -0.02164649
0.001081027 -0.01811717
0.001082627 -0.01505843
0.001084227 -0.01270555
0.001085827 -0.01058796
0.001087427 -0.008705653
0.001089027 -0.00564691
0.001090627 -0.003764607
0.001092227 -0.0009411517
0.001093827 0.0009411517
0.001095427 0.003294031
0.001097027 0.00447047
0.001098627 0.00682335
0.001100227 0.007764501
0.001101827 0.007999789
0.001103427 0.007293925
0.001105027 0.006117486
0.001106627 0.003764607
0.001108227 0.0004705758
0.001109827 -0.002823455
0.001111427 -0.006588062
0.001113027 -0.009646805
0.001114627 -0.01317612
0.001116227 -0.01670544
0.001117827 -0.02023476
0.001119427 -0.02211706
0.001121027 -0.02423466
0.001122627 -0.02588167
0.001124227 -0.02752869
0.001125827 -0.02846984
0.001127427 -0.02941099
0.001129027 -0.03011685
0.001130627 -0.03058743
0.001132227 -0.03129329
0.001133827 -0.03176387
0.001135427 -0.03129329
0.001137027 -0.03058743
0.001138627 -0.03058743
0.001140227 -0.03011685
0.001141827 -0.02964628
0.001143427 -0.02870513
0.001145027 -0.02870513
0.001146627 -0.0291757
0.001148227 -0.02941099
0.001149827 -0.02964628
0.001151427 -0.03082272
0.001153027 -0.03176387
0.001154627 -0.03270502
0.001156227 -0.03270502
0.001157827 -0.03341088
0.001159427 -0.03152858
0.001161027 -0.03082272
0.001162627 -0.02776397
0.001164227 -0.02494052
0.001165827 -0.02258764
0.001167427 -0.01929361
0.001169027 -0.01623487
0.001170627 -0.01270555
0.001172227 -0.01035267
0.001173827 -0.007999789
0.001175427 -0.006352774
0.001177027 -0.00564691
0.001178627 -0.005882198
0.001180227 -0.006588062
0.001181827 -0.007764501
0.001183427 -0.01058796
0.001185027 -0.01294084
0.001186627 -0.015529
0.001188227 -0.01788188
0.001189827 -0.02023476
0.001191427 -0.02211706
0.001193027 -0.0232935
0.001194627 -0.02376408
0.001196227 -0.02376408
0.001197827 -0.02305822
0.001199427 -0.0214112
0.001201027 -0.01999947
0.001202627 -0.01882303
0.001204227 -0.01741131
0.001205827 -0.01647015
0.001207427 -0.01599958
0.001209027 -0.01529371
0.001210627 -0.01529371
0.001212227 -0.01623487
0.001213827 -0.01623487
0.001215427 -0.01741131
0.001217027 -0.01764659
0.001218627 -0.01835246
0.001220227 -0.01905832
0.001221827 -0.01929361
0.001223427 -0.0195289
0.001225027 -0.01999947
0.001226627 -0.02047005
0.001228227 -0.02117591
0.001229827 -0.02094062
0.001231427 -0.02188178
0.001233027 -0.02211706
0.001234627 -0.02235235
0.001236227 -0.0214112
0.001237827 -0.02070534
0.001239427 -0.0195289
0.001241027 -0.01788188
0.001242627 -0.01576429
0.001244227 -0.01505843
0.001245827 -0.01247026
0.001247427 -0.01152911
0.001249027 -0.01035267
0.001250627 -0.01011738
0.001252227 -0.009882093
0.001253827 -0.009882093
0.001255427 -0.01058796
0.001257027 -0.01011738
0.001258627 -0.01011738
0.001260227 -0.009646805
0.001261827 -0.008470365
0.001263427 -0.007293925
0.001265027 -0.005882198
0.001266627 -0.003529319
0.001268227 -0.001882303
0.001269827 0.0004705758
0.001271427 0.002352879
0.001273027 0.004235183
0.001274627 0.006352774
0.001276227 0.007999789
0.001277827 0.009176229
0.001279427 0.009882093
0.001281027 0.01035267
0.001282627 0.01058796
0.001284227 0.01058796
0.001285827 0.008235077
0.001287427 0.006588062
0.001289027 0.004235183
0.001290627 0.0009411517
0.001292227 -0.003058743
0.001293827 -0.007529213
0.001295427 -0.01105853
0.001297027 -0.01505843
0.001298627 -0.01905832
0.001300227 -0.02070534
0.001301827 -0.02282293
0.001303427 -0.02376408
0.001305027 -0.02399937
0.001306627 -0.02352879
0.001308227 -0.02164649
0.001309827 -0.01976419
0.001311427 -0.01694073
0.001313027 -0.01388199
0.001314627 -0.01152911
0.001316227 -0.008235077
0.001317827 -0.005411622
0.001319427 -0.003764607
0.001321027 -0.002352879
0.001322627 -0.00117644
0.001324227 -0.00117644
0.001325827 -0.002117591
0.001327427 -0.002823455
0.001329027 -0.003529319
0.001330627 -0.003999895
0.001332227 -0.006117486
0.001333827 -0.006588062
0.001335427 -0.007764501
0.001337027 -0.008470365
0.001338627 -0.008470365
0.001340227 -0.008705653
0.001341827 -0.009176229
0.001343427 -0.009646805
0.001345027 -0.01011738
0.001346627 -0.009882093
0.001348227 -0.009646805
0.001349827 -0.009882093
0.001351427 -0.01058796
0.001353027 -0.01082324
0.001354627 -0.01223497
0.001356227 -0.01317612
0.001357827 -0.01458785
0.001359427 -0.01599958
0.001361027 -0.01764659
0.001362627 -0.0195289
0.001364227 -0.02047005
0.001365827 -0.02235235
0.001367427 -0.02376408
0.001369027 -0.0232935
0.001370627 -0.02352879
0.001372227 -0.02282293
0.001373827 -0.02188178
0.001375427 -0.01999947
0.001377027 -0.01764659
0.001378627 -0.01458785
0.001380227 -0.01199968
0.001381827 -0.009646805
0.001383427 -0.006352774
0.001385027 -0.004235183
0.001386627 -0.002352879
0.001388227 -0.001411728
0.001389827 -0.0004705758
0.001391427 -0.0004705758
0.001393027 -0.0009411517
0.001394627 -0.001647015
0.001396227 -0.003294031
0.001397827 -0.00447047
0.001399427 -0.005882198
0.001401027 -0.00682335
0.001402627 -0.00682335
0.001404227 -0.007293925
0.001405827 -0.007529213
0.001407427 -0.007293925
0.001409027 -0.007529213
0.001410627 -0.007529213
0.001412227 -0.008705653
0.001413827 -0.009411517
0.001415427 -0.009646805
0.001417027 -0.009882093
0.001418627 -0.01058796
0.001420227 -0.009411517
0.001421827 -0.008940941
0.001423427 -0.006588062
0.001425027 -0.00447047
0.001426627 -0.0002352879
0.001428227 0.004235183
0.001429827 0.008235077
0.001431427 0.01199968
0.001433027 0.01529371
0.001434627 0.01835246
0.001436227 0.0195289
0.001437827 0.02023476
0.001439427 0.02023476
0.001441027 0.01929361
0.001442627 0.01788188
0.001444227 0.01670544
0.001445827 0.01435256
0.001447427 0.01294084
0.001449027 0.01152911
0.001450627 0.01082324
0.001452227 0.009176229
0.001453827 0.008705653
0.001455427 0.008470365
0.001457027 0.008940941
0.001458627 0.008940941
0.001460227 0.01011738
0.001461827 0.01105853
0.001463427 0.01317612
0.001465027 0.01388199
0.001466627 0.01647015
0.001468227 0.01882303
0.001469827 0.02070534
0.001471427 0.02258764
0.001473027 0.02399937
0.001474627 0.02588167
0.001476227 0.02682282
0.001477827 0.02776397
0.001479427 0.02823455
0.001481027 0.02776397
0.001482627 0.02776397
0.001484227 0.02658753
0.001485827 0.0254111
0.001487427 0.02376408
0.001489027 0.02164649
0.001490627 0.01999947
0.001492227 0.01882303
0.001493827 0.01741131
0.001495427 0.01670544
0.001497027 0.015529
0.001498627 0.01623487
0.001500227 0.01647015
0.001501827 0.01764659
0.001503427 0.01858775
0.001505027 0.02094062
0.001506627 0.02235235
0.001508227 0.02305822
0.001509827 0.02376408
0.001511427 0.02376408
0.001513027 0.02376408
0.001514627 0.02282293
0.001516227 0.02164649
0.001517827 0.0195289
0.001519427 0.01717602
0.001521027 0.015529
0.001522627 0.01294084
0.001524227 0.0117644
0.001525827 0.01035267
0.001527427 0.01035267
0.001529027 0.009411517
0.001530627 0.01035267
0.001532227 0.01129382
0.001533827 0.01317612
0.001535427 0.01411728
0.001537027 0.01529371
0.001538627 0.01576429
0.001540227 0.01717602
0.001541827 0.01741131
0.001543427 0.01835246
0.001545027 0.01858775
0.001546627 0.01882303
0.001548227 0.01882303
0.001549827 0.01999947
0.001551427 0.0195289
0.001553027 0.0195289
0.001554627 0.02023476
0.001556227 0.0195289
0.001557827 0.01929361
0.001559427 0.01835246
0.001561027 0.01764659
0.001562627 0.01694073
0.001564227 0.01529371
0.001565827 0.01505843
0.001567427 0.01317612
0.001569027 0.01223497
0.001570627 0.01082324
0.001572227 0.009646805
0.001573827 0.008235077
0.001575427 0.006352774
0.001577027 0.003999895
0.001578627 0.003058743
0.001580227 0.001647015
0.001581827 0.0002352879
0.001583427 -0.0009411517
0.001585027 -0.002588167
0.001586627 -0.002823455
0.001588227 -0.002823455
0.001589827 -0.003058743
0.001591427 -0.002117591
0.001593027 -0.002823455
0.001594627 -0.002352879
0.001596227 -0.002117591
0.001597827 -0.002588167
0.001599427 -0.002117591
0.001601027 -0.002588167
0.001602627 -0.002588167
0.001604227 -0.003294031
0.001605827 -0.003764607
0.001607427 -0.004235183
0.001609027 -0.003999895
0.001610627 -0.003999895
0.001612227 -0.004941046
0.001613827 -0.004705758
0.001615427 -0.004941046
0.001617027 -0.006352774
0.001618627 -0.006117486
0.001620227 -0.007058638
0.001621827 -0.008470365
0.001623427 -0.009882093
0.001625027 -0.01082324
0.001626627 -0.01317612
0.001628227 -0.01388199
0.001629827 -0.01529371
0.001631427 -0.01623487
0.001633027 -0.01647015
0.001634627 -0.01741131
0.001636227 -0.01788188
0.001637827 -0.01929361
0.001639427 -0.02023476
0.001641027 -0.0214112
0.001642627 -0.02235235
0.001644227 -0.02376408
0.001645827 -0.02446994
0.001647427 -0.0254111
0.001649027 -0.02588167
0.001650627 -0.0254111
0.001652227 -0.02517581
0.001653827 -0.02352879
0.001655427 -0.02188178
0.001657027 -0.02023476
0.001658627 -0.01882303
0.001660227 -0.01670544
0.001661827 -0.01435256
0.001663427 -0.01270555
0.001665027 -0.01011738
0.001666627 -0.007529213
0.001668227 -0.005411622
0.001669827 -0.003529319
0.001671427 -0.001882303
0.001673027 -0.0009411517
0.001674627 0
0.001676227 0.00117644
0.001677827 0.001411728
0.001679427 0.001882303
0.001681027 0.001647015
0.001682627 0.002117591
0.001684227 0.003058743
0.001685827 0.002352879
0.001687427 0.003294031
0.001689027 0.003764607
0.001690627 0.004705758
0.001692227 0.004941046
0.001693827 0.005882198
0.001695427 0.005176334
0.001697027 0.005882198
0.001698627 0.004705758
0.001700227 0.005176334
0.001701827 0.003294031
0.001703427 0.002823455
0.001705027 0.001647015
0.001706627 0.0007058638
0.001708227 -0.0007058638
0.001709827 -0.002588167
0.001711427 -0.003529319
0.001713027 -0.004705758
0.001714627 -0.005882198
0.001716227 -0.007293925
0.001717827 -0.008940941
0.001719427 -0.009411517
0.001721027 -0.01129382
0.001722627 -0.01223497
0.001724227 -0.01317612
0.001725827 -0.0136467
0.001727427 -0.0136467
0.001729027 -0.01317612
0.001730627 -0.01247026
0.001732227 -0.01152911
0.001733827 -0.009646805
0.001735427 -0.007999789
0.001737027 -0.00564691
0.001738627 -0.004235183
0.001740227 -0.002823455
0.001741827 -0.001647015
0.001743427 0.0002352879
0.001745027 0.001411728
0.001746627 0.002588167
0.001748227 0.003764607
0.001749827 0.00447047
0.001751427 0.006117486
0.001753027 0.007293925
0.001754627 0.008470365
0.001756227 0.008940941
0.001757827 0.009411517
0.001759427 0.009882093
0.001761027 0.01058796
0.001762627 0.01058796
0.001764227 0.01035267
0.001765827 0.01035267
0.001767427 0.01011738
0.001769027 0.009882093
0.001770627 0.01058796
0.001772227 0.01011738
0.001773827 0.01105853
0.001775427 0.01152911
0.001777027 0.01270555
0.001778627 0.01341141
0.001780227 0.0136467
0.001781827 0.01482314
0.001783427 0.015529
0.001785027 0.01599958
0.001786627 0.01694073
0.001788227 0.01741131
0.001789827 0.01717602
0.001791427 0.01623487
0.001793027 0.01647015
0.001794627 0.01599958
0.001796227 0.015529
0.001797827 0.01411728
0.001799427 0.01223497
0.001801027 0.01011738
0.001802627 0.007529213
0.001804227 0.003764607
0.001805827 0.0002352879
0.001807427 -0.002823455
0.001809027 -0.006588062
0.001810627 -0.01011738
0.001812227 -0.0136467
0.001813827 -0.01647015
0.001815427 -0.01929361
0.001817027 -0.02094062
0.001818627 -0.02235235
0.001820227 -0.0232935
0.001821827 -0.02376408
0.001823427 -0.02352879
0.001825027 -0.0232935
0.001826627 -0.02305822
0.001828227 -0.0214112
0.001829827 -0.02070534
0.001831427 -0.01905832
0.001833027 -0.01764659
0.001834627 -0.015529
0.001836227 -0.01341141
0.001837827 -0.01199968
0.001839427 -0.009411517
0.001841027 -0.007529213
0.001842627 -0.006117486
0.001844227 -0.003764607
0.001845827 -0.001647015
0.001847427 -0.0002352879
0.001849027 0.002823455
0.001850627 0.004941046
0.001852227 0.006352774
0.001853827 0.007999789
0.001855427 0.01011738
0.001857027 0.0117644
0.001858627 0.01388199
0.001860227 0.01670544
0.001861827 0.01764659
0.001863427 0.0195289
0.001865027 0.02070534
0.001866627 0.02164649
0.001868227 0.02282293
0.001869827 0.0232935
0.001871427 0.02399937
0.001873027 0.02399937
0.001874627 0.02399937
0.001876227 0.02399937
0.001877827 0.02376408
0.001879427 0.02470523
0.001881027 0.02494052
0.001882627 0.02517581
0.001884227 0.02611696
0.001885827 0.02705811
0.001887427 0.02682282
0.001889027 0.02752869
0.001890627 0.0272934
0.001892227 0.02799926
0.001893827 0.02870513
0.001895427 0.03035214
0.001897027 0.02988157
0.001898627 0.03176387
0.001900227 0.03246973
0.001901827 0.03341088
0.001903427 0.03482261
0.001905027 0.03623434
0.001906627 0.0369402
0.001908227 0.03811664
0.001909827 0.03882251
0.001911427 0.03952837
0.001913027 0.04046952
0.001914627 0.04141067
0.001916227 0.04329298
0.001917827 0.04517528
0.001919427 0.04588114
0.001921027 0.04776345
0.001922627 0.04917517
0.001924227 0.04964575
0.001925827 0.05011633
0.001927427 0.05035161
0.001929027 0.0505869
0.001930627 0.05011633
0.001932227 0.04964575
0.001933827 0.04964575
0.001935427 0.04917517
0.001937027 0.0487046
0.001938627 0.04941046
0.001940227 0.04941046
0.001941827 0.0487046
0.001943427 0.04846931
0.001945027 0.04799874
0.001946627 0.04776345
0.001948227 0.0468223
0.001949827 0.0468223
0.001951427 0.04517528
0.001953027 0.04517528
0.001954627 0.04376355
0.001956227 0.04211654
0.001957827 0.04117539
0.001959427 0.04023423
0.001961027 0.03952837
0.001962627 0.03741078
0.001964227 0.03576376
0.001965827 0.03552848
0.001967427 0.03364617
0.001969027 0.03199916
0.001970627 0.03035214
0.001972227 0.02964628
0.001973827 0.02776397
0.001975427 0.02705811
0.001977027 0.02564638
0.001978627 0.02446994
0.001980227 0.0232935
0.001981827 0.02235235
0.001983427 0.02094062
0.001985027 0.02047005
0.001986627 0.01929361
0.001988227 0.01882303
0.001989827 0.01811717
0.001991427 0.01788188
0.001993027 0.01788188
0.001994627 0.01717602
0.001996227 0.01764659
0.001997827 0.01811717
0.001999427 0.01835246
0.002001027 0.01905832
0.002002627 0.0195289
0.002004227 0.02047005
0.002005827 0.02094062
0.002007427 0.02117591
0.002009027 0.02188178
0.002010627 0.02235235
0.002012227 0.02352879
0.002013827 0.0232935
0.002015427 0.02423466
0.002017027 0.02494052
0.002018627 0.02564638
0.002020227 0.02611696
0.002021827 0.0272934
0.002023427 0.02776397
0.002025027 0.02799926
0.002026627 0.02870513
0.002028227 0.02846984
0.002029827 0.02846984
0.002031427 0.02846984
0.002033027 0.02776397
0.002034627 0.02752869
0.002036227 0.02705811
0.002037827 0.02588167
0.002039427 0.02564638
0.002041027 0.02517581
0.002042627 0.02470523
0.002044227 0.02423466
0.002045827 0.02470523
0.002047427 0.02470523
0.002049027 0.02470523
0.002050627 0.02494052
0.002052227 0.02446994
0.002053827 0.02470523
0.002055427 0.02423466
0.002057027 0.02376408
0.002058627 0.02352879
0.002060227 0.02282293
0.002061827 0.02305822
0.002063427 0.02305822
0.002065027 0.02258764
0.002066627 0.02282293
0.002068227 0.02282293
0.002069827 0.02376408
0.002071427 0.02423466
0.002073027 0.02611696
0.002074627 0.02776397
0.002076227 0.0291757
0.002077827 0.03152858
0.002079427 0.03341088
0.002081027 0.03576376
0.002082627 0.03717549
0.002084227 0.03788135
0.002085827 0.03905779
0.002087427 0.03976366
0.002089027 0.03999895
0.002090627 0.03905779
0.002092227 0.03882251
0.002093827 0.03717549
0.002095427 0.0350579
0.002097027 0.03435204
0.002098627 0.03176387
0.002100227 0.03035214
0.002101827 0.02799926
0.002103427 0.0272934
0.002105027 0.0254111
0.002106627 0.02352879
0.002108227 0.02258764
0.002109827 0.0214112
0.002111427 0.02023476
0.002113027 0.01905832
0.002114627 0.01717602
0.002116227 0.01670544
0.002117827 0.01599958
0.002119427 0.01529371
0.002121027 0.01529371
0.002122627 0.01411728
0.002124227 0.0136467
0.002125827 0.01341141
0.002127427 0.01341141
0.002129027 0.01294084
0.002130627 0.01294084
0.002132227 0.01294084
0.002133827 0.01223497
0.002135427 0.01270555
0.002137027 0.01270555
0.002138627 0.01199968
0.002140227 0.01152911
0.002141827 0.01152911
0.002143427 0.01011738
0.002145027 0.009176229
0.002146627 0.007999789
0.002148227 0.007058638
0.002149827 0.005176334
0.002151427 0.003529319
0.002153027 0.002352879
0.002154627 0.001647015
0.002156227 -0.0002352879
0.002157827 -0.00117644
0.002159427 -0.002117591
0.002161027 -0.002117591
0.002162627 -0.003294031
0.002164227 -0.003058743
0.002165827 -0.002823455
0.002167427 -0.003058743
0.002169027 -0.002823455
0.002170627 -0.003058743
0.002172227 -0.002117591
0.002173827 -0.002352879
0.002175427 -0.001882303
0.002177027 -0.001882303
0.002178627 -0.00117644
0.002180227 -0.002117591
0.002181827 -0.002352879
0.002183427 -0.002588167
0.002185027 -0.003294031
0.002186627 -0.004235183
0.002188227 -0.005411622
0.002189827 -0.006588062
0.002191427 -0.007293925
0.002193027 -0.009411517
0.002194627 -0.01082324
0.002196227 -0.01223497
0.002197827 -0.01317612
0.002199427 -0.01505843
0.002201027 -0.015529
0.002202627 -0.01576429
0.002204227 -0.01599958
0.002205827 -0.01599958
0.002207427 -0.01623487
0.002209027 -0.01529371
0.002210627 -0.01435256
0.002212227 -0.01435256
0.002213827 -0.01223497
0.002215427 -0.01199968
0.002217027 -0.01058796
0.002218627 -0.009646805
0.002220227 -0.008705653
0.002221827 -0.008235077
0.002223427 -0.007529213
0.002225027 -0.007529213
0.002226627 -0.007529213
0.002228227 -0.008235077
0.002229827 -0.009176229
0.002231427 -0.009411517
0.002233027 -0.01105853
0.002234627 -0.01199968
0.002236227 -0.01317612
0.002237827 -0.01458785
0.002239427 -0.01599958
0.002241027 -0.01694073
0.002242627 -0.01811717
0.002244227 -0.0195289
0.002245827 -0.02023476
0.002247427 -0.02094062
0.002249027 -0.02070534
0.002250627 -0.0214112
0.002252227 -0.02117591
0.002253827 -0.02094062
0.002255427 -0.02117591
0.002257027 -0.0214112
0.002258627 -0.0214112
0.002260227 -0.02188178
0.002261827 -0.02188178
0.002263427 -0.02235235
0.002265027 -0.02235235
0.002266627 -0.02282293
0.002268227 -0.02376408
0.002269827 -0.02470523
0.002271427 -0.02564638
0.002273027 -0.0272934
0.002274627 -0.02799926
0.002276227 -0.02941099
0.002277827 -0.03058743
0.002279427 -0.03223444
0.002281027 -0.03411675
0.002282627 -0.03599905
0.002284227 -0.03858722
0.002285827 -0.04023423
0.002287427 -0.04188125
0.002289027 -0.04376355
0.002290627 -0.04517528
0.002292227 -0.04541057
0.002293827 -0.04588114
0.002295427 -0.04611643
0.002297027 -0.04588114
0.002298627 -0.04517528
0.002300227 -0.04493999
0.002301827 -0.04376355
0.002303427 -0.04376355
0.002305027 -0.04352826
0.002306627 -0.04258711
0.002308227 -0.04235183
0.002309827 -0.04164596
0.002311427 -0.04164596
0.002313027 -0.04117539
0.002314627 -0.04117539
0.002316227 -0.04164596
0.002317827 -0.0409401
0.002319427 -0.04046952
0.002321027 -0.03999895
0.002322627 -0.03882251
0.002324227 -0.03788135
0.002325827 -0.03670492
0.002327427 -0.03529319
0.002329027 -0.03364617
0.002330627 -0.03223444
0.002332227 -0.03082272
0.002333827 -0.02941099
0.002335427 -0.0291757
0.002337027 -0.02846984
0.002338627 -0.02799926
0.002340227 -0.02846984
0.002341827 -0.02846984
0.002343427 -0.02941099
0.002345027 -0.03035214
0.002346627 -0.03105801
0.002348227 -0.03223444
0.002349827 -0.0331756
0.002351427 -0.03388146
0.002353027 -0.0350579
0.002354627 -0.0350579
0.002356227 -0.03576376
0.002357827 -0.03576376
0.002359427 -0.03458732
0.002361027 -0.03411675
0.002362627 -0.03270502
0.002364227 -0.03152858
0.002365827 -0.03035214
0.002367427 -0.02941099
0.002369027 -0.02705811
0.002370627 -0.02682282
0.002372227 -0.02588167
0.002373827 -0.02470523
0.002375427 -0.02446994
0.002377027 -0.02446994
0.002378627 -0.0254111
0.002380227 -0.02635225
0.002381827 -0.0272934
0.002383427 -0.02894041
0.002385027 -0.03058743
0.002386627 -0.03223444
0.002388227 -0.03411675
0.002389827 -0.03552848
0.002391427 -0.03764607
0.002393027 -0.03882251
0.002394627 -0.03976366
0.002396227 -0.04023423
0.002397827 -0.04070481
0.002399427 -0.04023423
0.002401027 -0.04070481
0.002402627 -0.03952837
0.002404227 -0.03882251
0.002405827 -0.03764607
0.002407427 -0.03623434
0.002409027 -0.0350579
0.002410627 -0.03388146
0.002412227 -0.03341088
0.002413827 -0.03176387
0.002415427 -0.03176387
0.002417027 -0.03058743
0.002418627 -0.03058743
0.002420227 -0.0291757
0.002421827 -0.02846984
0.002423427 -0.02823455
0.002425027 -0.02752869
0.002426627 -0.02611696
0.002428227 -0.02564638
0.002429827 -0.02564638
0.002431427 -0.0254111
0.002433027 -0.02376408
0.002434627 -0.02399937
0.002436227 -0.02399937
0.002437827 -0.0254111
0.002439427 -0.02564638
0.002441027 -0.02635225
0.002442627 -0.0272934
0.002444227 -0.02894041
0.002445827 -0.03011685
0.002447427 -0.03082272
0.002449027 -0.03082272
0.002450627 -0.03199916
0.002452227 -0.03246973
0.002453827 -0.03223444
0.002455427 -0.03176387
0.002457027 -0.03152858
0.002458627 -0.03105801
0.002460227 -0.03129329
0.002461827 -0.03011685
0.002463427 -0.02941099
0.002465027 -0.02870513
0.002466627 -0.02846984
0.002468227 -0.02776397
0.002469827 -0.02776397
0.002471427 -0.0272934
0.002473027 -0.0272934
0.002474627 -0.02682282
0.002476227 -0.02705811
0.002477827 -0.02752869
0.002479427 -0.02776397
0.002481027 -0.02799926
0.002482627 -0.02776397
0.002484227 -0.02870513
0.002485827 -0.02894041
0.002487427 -0.02870513
0.002489027 -0.0291757
0.002490627 -0.02823455
0.002492227 -0.02823455
0.002493827 -0.02870513
0.002495427 -0.02776397
0.002497027 -0.02870513
0.002498627 -0.02846984
0.002500227 -0.02776397
0.002501827 -0.02799926
0.002503427 -0.02823455
0.002505027 -0.02752869
0.002506627 -0.02776397
0.002508227 -0.02705811
0.002509827 -0.02705811
0.002511427 -0.02682282
0.002513027 -0.02658753
0.002514627 -0.02635225
0.002516227 -0.02635225
0.002517827 -0.02635225
0.002519427 -0.02635225
0.002521027 -0.02588167
0.002522627 -0.02517581
0.002524227 -0.02446994
0.002525827 -0.02446994
0.002527427 -0.02282293
0.002529027 -0.02164649
0.002530627 -0.01999947
0.002532227 -0.01835246
0.002533827 -0.01694073
0.002535427 -0.01505843
0.002537027 -0.01388199
0.002538627 -0.01199968
0.002540227 -0.01082324
0.002541827 -0.01035267
0.002543427 -0.009411517
0.002545027 -0.008705653
0.002546627 -0.007529213
0.002548227 -0.007529213
0.002549827 -0.008235077
0.002551427 -0.007999789
0.002553027 -0.008705653
0.002554627 -0.008470365
0.002556227 -0.009411517
0.002557827 -0.01011738
0.002559427 -0.01058796
0.002561027 -0.01082324
0.002562627 -0.01152911
0.002564227 -0.01152911
0.002565827 -0.01105853
0.002567427 -0.01199968
0.002569027 -0.01247026
0.002570627 -0.01223497
0.002572227 -0.01294084
0.002573827 -0.01247026
0.002575427 -0.01223497
0.002577027 -0.01199968
0.002578627 -0.01199968
0.002580227 -0.01152911
0.002581827 -0.01105853
0.002583427 -0.01129382
0.002585027 -0.01058796
0.002586627 -0.01011738
0.002588227 -0.009176229
0.002589827 -0.008235077
0.002591427 -0.007999789
0.002593027 -0.006588062
0.002594627 -0.00564691
0.002596227 -0.004235183
0.002597827 -0.003529319
0.002599427 -0.002823455
0.002601027 -0.002352879
0.002602627 -0.002823455
0.002604227 -0.002352879
0.002605827 -0.003058743
0.002607427 -0.003058743
0.002609027 -0.004235183
0.002610627 -0.004941046
0.002612227 -0.006117486
0.002613827 -0.007058638
0.002615427 -0.008235077
0.002617027 -0.01011738
0.002618627 -0.01082324
0.002620227 -0.01199968
0.002621827 -0.01223497
0.002623427 -0.01247026
0.002625027 -0.01270555
0.002626627 -0.01294084
0.002628227 -0.01270555
0.002629827 -0.01199968
0.002631427 -0.01129382
0.002633027 -0.01011738
0.002634627 -0.008940941
0.002636227 -0.007999789
0.002637827 -0.007058638
0.002639427 -0.005176334
0.002641027 -0.005411622
0.002642627 -0.004235183
0.002644227 -0.00447047
0.002645827 -0.003294031
0.002647427 -0.003294031
0.002649027 -0.003294031
0.002650627 -0.003294031
0.002652227 -0.002117591
0.002653827 -0.001411728
0.002655427 -0.0002352879
0.002657027 0.0009411517
0.002658627 0.002588167
0.002660227 0.003999895
0.002661827 0.004705758
0.002663427 0.005882198
0.002665027 0.006588062
0.002666627 0.007999789
0.002668227 0.008705653
0.002669827 0.009176229
0.002671427 0.009411517
0.002673027 0.01011738
0.002674627 0.009411517
0.002676227 0.01105853
0.002677827 0.01105853
0.002679427 0.01199968
0.002681027 0.01247026
0.002682627 0.01247026
0.002684227 0.01317612
0.002685827 0.01435256
0.002687427 0.0136467
0.002689027 0.01482314
0.002690627 0.01505843
0.002692227 0.015529
0.002693827 0.01599958
0.002695427 0.01647015
0.002697027 0.01694073
0.002698627 0.01647015
0.002700227 0.01694073
0.002701827 0.01694073
0.002703427 0.01623487
0.002705027 0.01599958
0.002706627 0.01576429
0.002708227 0.01505843
0.002709827 0.01458785
0.002711427 0.01411728
0.002713027 0.01317612
0.002714627 0.01317612
0.002716227 0.01199968
0.002717827 0.01129382
0.002719427 0.01035267
0.002721027 0.009882093
0.002722627 0.009176229
0.002724227 0.008235077
0.002725827 0.008235077
0.002727427 0.007058638
0.002729027 0.006352774
0.002730627 0.005882198
0.002732227 0.004941046
0.002733827 0.004235183
0.002735427 0.00447047
0.002737027 0.004235183
0.002738627 0.003999895
0.002740227 0.003764607
0.002741827 0.003999895
0.002743427 0.00447047
0.002745027 0.004941046
0.002746627 0.005411622
0.002748227 0.005882198
0.002749827 0.00682335
0.002751427 0.007764501
0.002753027 0.007999789
0.002754627 0.009176229
0.002756227 0.01058796
0.002757827 0.01129382
0.002759427 0.01247026
0.002761027 0.0136467
0.002762627 0.01482314
0.002764227 0.015529
0.002765827 0.01717602
0.002767427 0.01811717
0.002769027 0.01976419
0.002770627 0.02094062
0.002772227 0.02235235
0.002773827 0.02352879
0.002775427 0.02517581
0.002777027 0.02564638
0.002778627 0.0272934
0.002780227 0.02823455
0.002781827 0.02870513
0.002783427 0.0291757
0.002785027 0.02870513
0.002786627 0.02799926
0.002788227 0.02752869
0.002789827 0.02635225
0.002791427 0.02517581
0.002793027 0.02446994
0.002794627 0.02305822
0.002796227 0.02235235
0.002797827 0.02211706
0.002799427 0.02117591
0.002801027 0.02070534
0.002802627 0.02070534
0.002804227 0.02070534
0.002805827 0.02094062
0.002807427 0.02047005
0.002809027 0.02258764
0.002810627 0.02211706
0.002812227 0.0232935
0.002813827 0.02423466
0.002815427 0.0254111
0.002817027 0.02611696
0.002818627 0.0272934
0.002820227 0.02823455
0.002821827 0.02941099
0.002823427 0.02988157
0.002825027 0.03011685
0.002826627 0.03129329
0.002828227 0.03058743
0.002829827 0.03058743
0.002831427 0.03035214
0.002833027 0.03058743
0.002834627 0.03082272
0.002836227 0.03105801
0.002837827 0.03058743
0.002839427 0.03105801
0.002841027 0.03176387
0.002842627 0.03246973
0.002844227 0.0331756
0.002845827 0.0331756
0.002847427 0.03435204
0.002849027 0.03435204
0.002850627 0.03435204
0.002852227 0.03458732
0.002853827 0.03435204
0.002855427 0.03388146
0.002857027 0.03294031
0.002858627 0.03199916
0.002860227 0.03082272
0.002861827 0.03035214
0.002863427 0.02870513
0.002865027 0.02705811
0.002866627 0.02517581
0.002868227 0.02446994
0.002869827 0.02258764
0.002871427 0.02188178
0.002873027 0.02094062
0.002874627 0.02023476
0.002876227 0.01999947
0.002877827 0.01905832
0.002879427 0.01929361
0.002881027 0.01929361
0.002882627 0.0195289
0.002884227 0.0195289
0.002885827 0.01929361
0.002887427 0.01929361
0.002889027 0.01882303
0.002890627 0.01858775
0.002892227 0.01858775
0.002893827 0.01764659
0.002895427 0.01811717
0.002897027 0.01788188
0.002898627 0.01623487
0.002900227 0.01647015
0.002901827 0.01505843
0.002903427 0.01482314
0.002905027 0.01435256
0.002906627 0.0136467
0.002908227 0.01270555
0.002909827 0.01317612
0.002911427 0.01129382
0.002913027 0.01105853
0.002914627 0.01058796
0.002916227 0.01105853
0.002917827 0.009882093
0.002919427 0.01011738
0.002921027 0.01035267
0.002922627 0.01129382
0.002924227 0.0117644
0.002925827 0.0117644
0.002927427 0.01199968
0.002929027 0.01223497
0.002930627 0.01247026
0.002932227 0.01199968
0.002933827 0.01223497
0.002935427 0.01247026
0.002937027 0.01270555
0.002938627 0.01247026
0.002940227 0.01294084
0.002941827 0.01341141
0.002943427 0.01388199
0.002945027 0.01388199
0.002946627 0.01435256
0.002948227 0.01505843
0.002949827 0.01505843
0.002951427 0.01505843
0.002953027 0.01458785
0.002954627 0.01435256
0.002956227 0.01411728
0.002957827 0.01294084
0.002959427 0.01223497
0.002961027 0.01270555
0.002962627 0.01129382
0.002964227 0.009646805
0.002965827 0.009646805
0.002967427 0.008940941
0.002969027 0.007293925
0.002970627 0.00682335
0.002972227 0.005882198
0.002973827 0.006117486
0.002975427 0.00447047
0.002977027 0.004941046
0.002978627 0.004235183
0.002980227 0.004235183
0.002981827 0.003999895
0.002983427 0.004235183
0.002985027 0.003999895
0.002986627 0.004705758
0.002988227 0.004941046
0.002989827 0.00564691
0.002991427 0.006117486
0.002993027 0.007764501
0.002994627 0.007999789
0.002996227 0.009176229
0.002997827 0.01035267
0.002999427 0.01199968
0.003001027 0.01294084
0.003002627 0.01435256
0.003004227 0.015529
0.003005827 0.01788188
0.003007427 0.01882303
0.003009027 0.01999947
0.003010627 0.0214112
0.003012227 0.0232935
0.003013827 0.02399937
0.003015427 0.02517581
0.003017027 0.02564638
0.003018627 0.02611696
0.003020227 0.02635225
0.003021827 0.02705811
0.003023427 0.02635225
0.003025027 0.0272934
0.003026627 0.02705811
0.003028227 0.02635225
0.003029827 0.02635225
0.003031427 0.02588167
0.003033027 0.0254111
0.003034627 0.02470523
0.003036227 0.02517581
0.003037827 0.02399937
0.003039427 0.02352879
0.003041027 0.02399937
0.003042627 0.0232935
0.003044227 0.0232935
0.003045827 0.0232935
0.003047427 0.02305822
0.003049027 0.02305822
0.003050627 0.0232935
0.003052227 0.02376408
0.003053827 0.02376408
0.003055427 0.02423466
0.003057027 0.02423466
0.003058627 0.02470523
0.003060227 0.02470523
0.003061827 0.02588167
0.003063427 0.0254111
0.003065027 0.02611696
0.003066627 0.02658753
0.003068227 0.02705811
0.003069827 0.02752869
0.003071427 0.02799926
0.003073027 0.02894041
0.003074627 0.02964628
0.003076227 0.03035214
0.003077827 0.03129329
0.003079427 0.03129329
0.003081027 0.03199916
0.003082627 0.03294031
0.003084227 0.03341088
0.003085827 0.03411675
0.003087427 0.0350579
0.003089027 0.03529319
0.003090627 0.03623434
0.003092227 0.03623434
0.003093827 0.03717549
0.003095427 0.0369402
0.003097027 0.03764607
0.003098627 0.03788135
0.003100227 0.03788135
0.003101827 0.03788135
0.003103427 0.03811664
0.003105027 0.03835193
0.003106627 0.03811664
0.003108227 0.03905779
0.003109827 0.03905779
0.003111427 0.03976366
0.003113027 0.04023423
0.003114627 0.04023423
0.003116227 0.04070481
0.003117827 0.04164596
0.003119427 0.04141067
0.003121027 0.04188125
0.003122627 0.04235183
0.003124227 0.04235183
0.003125827 0.04188125
0.003127427 0.04164596
0.003129027 0.04141067
0.003130627 0.04023423
0.003132227 0.04023423
0.003133827 0.03905779
0.003135427 0.03882251
0.003137027 0.03764607
0.003138627 0.03670492
0.003140227 0.03623434
0.003141827 0.03552848
0.003143427 0.03435204
0.003145027 0.03341088
0.003146627 0.03341088
0.003148227 0.03294031
0.003149827 0.03246973
0.003151427 0.03199916
0.003153027 0.03129329
0.003154627 0.03058743
0.003156227 0.03011685
0.003157827 0.02964628
0.003159427 0.02894041
0.003161027 0.02799926
0.003162627 0.02752869
0.003164227 0.02752869
0.003165827 0.02705811
0.003167427 0.02635225
0.003169027 0.02564638
0.003170627 0.02517581
0.003172227 0.02423466
0.003173827 0.02352879
0.003175427 0.02305822
0.003177027 0.02164649
0.003178627 0.0214112
0.003180227 0.01999947
0.003181827 0.01976419
0.003183427 0.01858775
0.003185027 0.01788188
0.003186627 0.01694073
0.003188227 0.01647015
0.003189827 0.01599958
0.003191427 0.01576429
0.003193027 0.01458785
0.003194627 0.01482314
0.003196227 0.01435256
0.003197827 0.01388199
0.003199427 0.01270555
0.003201027 0.01223497
0.003202627 0.01129382
0.003204227 0.01058796
0.003205827 0.01011738
0.003207427 0.009882093
0.003209027 0.009176229
0.003210627 0.009176229
0.003212227 0.008940941
0.003213827 0.008235077
0.003215427 0.008470365
0.003217027 0.008235077
0.003218627 0.007529213
0.003220227 0.008235077
0.003221827 0.007293925
0.003223427 0.007529213
0.003225027 0.00682335
0.003226627 0.00682335
0.003228227 0.006588062
0.003229827 0.006352774
0.003231427 0.005411622
0.003233027 0.00564691
0.003234627 0.004705758
0.003236227 0.004941046
0.003237827 0.003529319
0.003239427 0.002823455
0.003241027 0.002588167
0.003242627 0.00117644
0.003244227 0.00117644
0.003245827 0.0004705758
0.003247427 0.0002352879
0.003249027 -0.0007058638
0.003250627 -0.0002352879
0.003252227 -0.00117644
0.003253827 -0.0002352879
0.003255427 -0.00117644
0.003257027 -0.00117644
0.003258627 -0.001411728
0.003260227 -0.001882303
0.003261827 -0.002352879
0.003263427 -0.002352879
0.003265027 -0.003529319
0.003266627 -0.003999895
0.003268227 -0.004705758
0.003269827 -0.00447047
0.003271427 -0.005882198
0.003273027 -0.006352774
0.003274627 -0.00682335
0.003276227 -0.007529213
0.003277827 -0.008470365
0.003279427 -0.009411517
0.003281027 -0.01082324
0.003282627 -0.0117644
0.003284227 -0.01270555
0.003285827 -0.0136467
0.003287427 -0.01529371
0.003289027 -0.01599958
0.003290627 -0.01717602
0.003292227 -0.01788188
0.003293827 -0.01905832
0.003295427 -0.01976419
0.003297027 -0.02023476
0.003298627 -0.02070534
0.003300227 -0.02164649
0.003301827 -0.02258764
0.003303427 -0.0232935
0.003305027 -0.02282293
0.003306627 -0.02399937
0.003308227 -0.02446994
0.003309827 -0.02423466
0.003311427 -0.02494052
0.003313027 -0.0254111
0.003314627 -0.02517581
0.003316227 -0.02588167
0.003317827 -0.02588167
0.003319427 -0.02588167
0.003321027 -0.02682282
0.003322627 -0.02705811
0.003324227 -0.02776397
0.003325827 -0.02776397
0.003327427 -0.02799926
0.003329027 -0.02870513
0.003330627 -0.02894041
0.003332227 -0.02941099
0.003333827 -0.02964628
0.003335427 -0.03035214
0.003337027 -0.03082272
0.003338627 -0.03058743
0.003340227 -0.03152858
0.003341827 -0.03105801
0.003343427 -0.03129329
0.003345027 -0.03082272
0.003346627 -0.03129329
0.003348227 -0.03082272
0.003349827 -0.03105801
0.003351427 -0.03035214
0.003353027 -0.03011685
0.003354627 -0.02988157
0.003356227 -0.02988157
0.003357827 -0.0291757
0.003359427 -0.02894041
0.003361027 -0.02894041
0.003362627 -0.02894041
0.003364227 -0.02776397
0.003365827 -0.02752869
0.003367427 -0.02682282
0.003369027 -0.0272934
0.003370627 -0.02682282
0.003372227 -0.02611696
0.003373827 -0.02611696
0.003375427 -0.02588167
0.003377027 -0.0254111
0.003378627 -0.02588167
0.003380227 -0.02564638
0.003381827 -0.02611696
0.003383427 -0.02564638
0.003385027 -0.02635225
0.003386627 -0.02658753
0.003388227 -0.02611696
0.003389827 -0.02682282
0.003391427 -0.02752869
0.003393027 -0.02705811
0.003394627 -0.02682282
0.003396227 -0.02705811
0.003397827 -0.0272934
0.003399427 -0.02611696
0.003401027 -0.02611696
0.003402627 -0.02635225
0.003404227 -0.0254111
0.003405827 -0.0254111
0.003407427 -0.02423466
0.003409027 -0.02352879
0.003410627 -0.02282293
0.003412227 -0.02211706
0.003413827 -0.02188178
0.003415427 -0.02047005
0.003417027 -0.0195289
0.003418627 -0.01882303
0.003420227 -0.01858775
0.003421827 -0.01788188
0.003423427 -0.01764659
0.003425027 -0.01741131
0.003426627 -0.01741131
0.003428227 -0.01741131
0.003429827 -0.01717602
0.003431427 -0.01717602
0.003433027 -0.01670544
0.003434627 -0.01764659
0.003436227 -0.01764659
0.003437827 -0.01788188
0.003439427 -0.01811717
0.003441027 -0.01788188
0.003442627 -0.01811717
0.003444227 -0.01811717
0.003445827 -0.01811717
0.003447427 -0.01788188
0.003449027 -0.01741131
0.003450627 -0.01670544
0.003452227 -0.01670544
0.003453827 -0.01576429
0.003455427 -0.01482314
0.003457027 -0.01411728
0.003458627 -0.01317612
0.003460227 -0.01294084
0.003461827 -0.01247026
0.003463427 -0.01247026
0.003465027 -0.01199968
0.003466627 -0.01270555
0.003468227 -0.01294084
0.003469827 -0.01294084
0.003471427 -0.01388199
0.003473027 -0.01411728
0.003474627 -0.01458785
0.003476227 -0.01435256
0.003477827 -0.015529
0.003479427 -0.01599958
0.003481027 -0.01576429
0.003482627 -0.01623487
0.003484227 -0.01670544
0.003485827 -0.01670544
0.003487427 -0.01670544
0.003489027 -0.01717602
0.003490627 -0.01647015
0.003492227 -0.01623487
0.003493827 -0.01599958
0.003495427 -0.01529371
0.003497027 -0.01458785
0.003498627 -0.01388199
0.003500227 -0.01341141
0.003501827 -0.01223497
0.003503427 -0.0117644
0.003505027 -0.01105853
0.003506627 -0.01058796
0.003508227 -0.009646805
0.003509827 -0.009411517
0.003511427 -0.008940941
0.003513027 -0.008470365
0.003514627 -0.007529213
0.003516227 -0.007293925
0.003517827 -0.007529213
0.003519427 -0.006588062
0.003521027 -0.007058638
0.003522627 -0.007058638
0.003524227 -0.007058638
0.003525827 -0.007529213
0.003527427 -0.008470365
0.003529027 -0.008940941
0.003530627 -0.009176229
0.003532227 -0.009176229
0.003533827 -0.01011738
0.003535427 -0.009882093
0.003537027 -0.009882093
0.003538627 -0.01035267
0.003540227 -0.009882093
0.003541827 -0.009646805
0.003543427 -0.008940941
0.003545027 -0.008470365
0.003546627 -0.008235077
0.003548227 -0.007999789
0.003549827 -0.008235077
0.003551427 -0.007764501
0.003553027 -0.007529213
0.003554627 -0.007999789
0.003556227 -0.007764501
0.003557827 -0.007529213
0.003559427 -0.007529213
0.003561027 -0.007529213
0.003562627 -0.007999789
0.003564227 -0.009176229
0.003565827 -0.008940941
0.003567427 -0.009646805
0.003569027 -0.008940941
0.003570627 -0.01035267
0.003572227 -0.01058796
0.003573827 -0.01011738
0.003575427 -0.01058796
0.003577027 -0.01082324
0.003578627 -0.009646805
0.003580227 -0.009882093
0.003581827 -0.009882093
0.003583427 -0.009176229
0.003585027 -0.008705653
0.003586627 -0.008470365
0.003588227 -0.007529213
0.003589827 -0.007293925
0.003591427 -0.00682335
0.003593027 -0.006588062
0.003594627 -0.007058638
0.003596227 -0.007293925
0.003597827 -0.007293925
0.003599427 -0.007293925
0.003601027 -0.008235077
0.003602627 -0.008705653
0.003604227 -0.009411517
0.003605827 -0.01082324
0.003607427 -0.01105853
0.003609027 -0.01247026
0.003610627 -0.01341141
0.003612227 -0.01505843
0.003613827 -0.01482314
0.003615427 -0.01647015
0.003617027 -0.01717602
0.003618627 -0.01788188
0.003620227 -0.01858775
0.003621827 -0.01905832
0.003623427 -0.01929361
0.003625027 -0.01999947
0.003626627 -0.02094062
0.003628227 -0.02070534
0.003629827 -0.0214112
0.003631427 -0.02070534
0.003633027 -0.02117591
0.003634627 -0.02094062
0.003636227 -0.02047005
0.003637827 -0.01999947
0.003639427 -0.01929361
0.003641027 -0.01858775
0.003642627 -0.01764659
0.003644227 -0.01670544
0.003645827 -0.015529
0.003647427 -0.01411728
0.003649027 -0.01411728
0.003650627 -0.01341141
0.003652227 -0.01247026
0.003653827 -0.01223497
0.003655427 -0.0117644
0.003657027 -0.01082324
0.003658627 -0.01082324
0.003660227 -0.01082324
0.003661827 -0.01058796
0.003663427 -0.01058796
0.003665027 -0.01011738
0.003666627 -0.009882093
0.003668227 -0.009646805
0.003669827 -0.009411517
0.003671427 -0.009176229
0.003673027 -0.008235077
0.003674627 -0.007764501
0.003676227 -0.006588062
0.003677827 -0.006588062
0.003679427 -0.005411622
0.003681027 -0.005411622
0.003682627 -0.003529319
0.003684227 -0.003764607
0.003685827 -0.002823455
0.003687427 -0.002588167
0.003689027 -0.001647015
0.003690627 -0.001647015
0.003692227 -0.0007058638
0.003693827 -0.00117644
0.003695427 0.0007058638
0.003697027 0.00117644
0.003698627 0.002352879
0.003700227 0.002588167
0.003701827 0.003764607
0.003703427 0.004235183
0.003705027 0.005882198
0.003706627 0.007058638
0.003708227 0.007764501
0.003709827 0.008470365
0.003711427 0.008940941
0.003713027 0.009411517
0.003714627 0.01011738
0.003716227 0.01105853
0.003717827 0.01129382
0.003719427 0.01270555
0.003721027 0.01317612
0.003722627 0.01388199
0.003724227 0.01435256
0.003725827 0.01529371
0.003727427 0.015529
0.003729027 0.01599958
0.003730627 0.01647015
0.003732227 0.01647015
0.003733827 0.01647015
0.003735427 0.01741131
0.003737027 0.01717602
0.003738627 0.01717602
0.003740227 0.01788188
0.003741827 0.01858775
0.003743427 0.01788188
0.003745027 0.01882303
0.003746627 0.01905832
0.003748227 0.01905832
0.003749827 0.02023476
0.003751427 0.02023476
0.003753027 0.02047005
0.003754627 0.02070534
0.003756227 0.02117591
0.003757827 0.0214112
0.003759427 0.0214112
0.003761027 0.02235235
0.003762627 0.02188178
0.003764227 0.02235235
0.003765827 0.02188178
0.003767427 0.02235235
0.003769027 0.02164649
0.003770627 0.02117591
0.003772227 0.02094062
0.003773827 0.01999947
0.003775427 0.02023476
0.003777027 0.01905832
0.003778627 0.01835246
0.003780227 0.01717602
0.003781827 0.01647015
0.003783427 0.015529
0.003785027 0.01435256
0.003786627 0.01341141
0.003788227 0.01199968
0.003789827 0.01082324
0.003791427 0.008940941
0.003793027 0.007764501
0.003794627 0.00564691
0.003796227 0.004941046
0.003797827 0.003058743
0.003799427 0.001882303
0.003801027 0.0007058638
0.003802627 -0.0004705758
0.003804227 -0.0007058638
0.003805827 -0.002117591
0.003807427 -0.002823455
0.003809027 -0.002823455
0.003810627 -0.003058743
0.003812227 -0.004235183
0.003813827 -0.003764607
0.003815427 -0.003999895
0.003817027 -0.003529319
0.003818627 -0.003529319
0.003820227 -0.003529319
0.003821827 -0.003058743
0.003823427 -0.002352879
0.003825027 -0.002352879
0.003826627 -0.001882303
0.003828227 -0.00117644
0.003829827 -0.0007058638
0.003831427 -0.0002352879
0.003833027 0.0004705758
0.003834627 0.0009411517
0.003836227 0.0009411517
0.003837827 0.001647015
0.003839427 0.001647015
0.003841027 0.002352879
0.003842627 0.002588167
0.003844227 0.003058743
0.003845827 0.003058743
0.003847427 0.002588167
0.003849027 0.002823455
0.003850627 0.003529319
0.003852227 0.003294031
0.003853827 0.003999895
0.003855427 0.003294031
0.003857027 0.003294031
0.003858627 0.003294031
0.003860227 0.004235183
0.003861827 0.004235183
0.003863427 0.004941046
0.003865027 0.004941046
0.003866627 0.00564691
0.003868227 0.005882198
0.003869827 0.00682335
0.003871427 0.007293925
0.003873027 0.007293925
0.003874627 0.007999789
0.003876227 0.008235077
0.003877827 0.008235077
0.003879427 0.007999789
0.003881027 0.007529213
0.003882627 0.007058638
0.003884227 0.006117486
0.003885827 0.006588062
0.003887427 0.004705758
0.003889027 0.004235183
0.003890627 0.003764607
0.003892227 0.003058743
0.003893827 0.001882303
0.003895427 0.0007058638
0.003897027 0.0004705758
0.003898627 -0.0002352879
0.003900227 -0.001411728
0.003901827 -0.002117591
0.003903427 -0.002117591
0.003905027 -0.003529319
0.003906627 -0.002588167
0.003908227 -0.003294031
0.003909827 -0.002352879
0.003911427 -0.003058743
0.003913027 -0.002352879
0.003914627 -0.002588167
0.003916227 -0.002117591
0.003917827 -0.003058743
0.003919427 -0.002588167
0.003921027 -0.002588167
0.003922627 -0.002352879
0.003924227 -0.003058743
0.003925827 -0.002588167
0.003927427 -0.002823455
0.003929027 -0.002588167
0.003930627 -0.003294031
0.003932227 -0.002588167
0.003933827 -0.002823455
0.003935427 -0.002823455
0.003937027 -0.003058743
0.003938627 -0.003294031
0.003940227 -0.003529319
0.003941827 -0.003058743
0.003943427 -0.003529319
0.003945027 -0.003529319
0.003946627 -0.004235183
0.003948227 -0.004235183
0.003949827 -0.00447047
0.003951427 -0.005176334
0.003953027 -0.005411622
0.003954627 -0.006588062
0.003956227 -0.007058638
0.003957827 -0.007293925
0.003959427 -0.008235077
0.003961027 -0.009176229
0.003962627 -0.009646805
0.003964227 -0.01035267
0.003965827 -0.01058796
0.003967427 -0.01152911
0.003969027 -0.01129382
0.003970627 -0.01152911
0.003972227 -0.01105853
0.003973827 -0.01129382
0.003975427 -0.01058796
0.003977027 -0.01082324
0.003978627 -0.01058796
0.003980227 -0.01011738
0.003981827 -0.009646805
0.003983427 -0.008940941
0.003985027 -0.008235077
0.003986627 -0.007058638
0.003988227 -0.006352774
0.003989827 -0.005411622
0.003991427 -0.00447047
0.003993027 -0.003764607
0.003994627 -0.003294031
0.003996227 -0.002117591
0.003997827 -0.001411728
0.003999427 -0.0002352879
0.004001027 0
0.004002627 0.0002352879
0.004004227 0.00117644
0.004005827 0.001411728
0.004007427 0.001882303
0.004009027 0.002352879
0.004010627 0.003058743
0.004012227 0.002823455
0.004013827 0.003294031
0.004015427 0.003294031
0.004017027 0.003294031
0.004018627 0.002823455
0.004020227 0.003058743
0.004021827 0.003058743
0.004023427 0.003294031
0.004025027 0.003058743
0.004026627 0.003529319
0.004028227 0.003294031
0.004029827 0.003764607
0.004031427 0.003999895
0.004033027 0.004941046
0.004034627 0.005176334
0.004036227 0.005882198
0.004037827 0.005882198
0.004039427 0.007058638
0.004041027 0.007764501
0.004042627 0.008470365
0.004044227 0.007999789
0.004045827 0.009411517
0.004047427 0.009646805
0.004049027 0.01058796
0.004050627 0.01105853
0.004052227 0.0117644
0.004053827 0.0117644
0.004055427 0.01223497
0.004057027 0.01270555
0.004058627 0.01341141
0.004060227 0.0136467
0.004061827 0.01458785
0.004063427 0.01411728
0.004065027 0.01458785
0.004066627 0.01529371
0.004068227 0.01576429
0.004069827 0.01647015
0.004071427 0.01647015
0.004073027 0.01670544
0.004074627 0.01741131
0.004076227 0.01623487
0.004077827 0.01670544
0.004079427 0.01717602
0.004081027 0.01764659
0.004082627 0.01764659
0.004084227 0.01717602
0.004085827 0.01694073
0.004087427 0.01741131
0.004089027 0.01717602
0.004090627 0.01764659
0.004092227 0.01788188
0.004093827 0.01788188
0.004095427 0.01858775
0.004097027 0.01811717
0.004098627 0.01835246
0.004100227 0.01858775
0.004101827 0.01858775
0.004103427 0.01858775
0.004105027 0.01788188
0.004106627 0.01835246
0.004108227 0.01788188
0.004109827 0.01764659
0.004111427 0.01717602
0.004113027 0.01717602
0.004114627 0.01623487
0.004116227 0.01623487
0.004117827 0.015529
0.004119427 0.01482314
0.004121027 0.01458785
0.004122627 0.01435256
0.004124227 0.0136467
0.004125827 0.01341141
0.004127427 0.01317612
0.004129027 0.01317612
0.004130627 0.01294084
0.004132227 0.01294084
0.004133827 0.01270555
0.004135427 0.01317612
0.004137027 0.01317612
0.004138627 0.0136467
0.004140227 0.01341141
0.004141827 0.01388199
0.004143427 0.0136467
0.004145027 0.01435256
0.004146627 0.01435256
0.004148227 0.01482314
0.004149827 0.01529371
0.004151427 0.01576429
0.004153027 0.015529
0.004154627 0.01647015
0.004156227 0.01623487
0.004157827 0.01741131
0.004159427 0.01741131
0.004161027 0.01788188
0.004162627 0.01788188
0.004164227 0.01858775
0.004165827 0.01858775
0.004167427 0.01882303
0.004169027 0.01905832
0.004170627 0.01999947
0.004172227 0.02023476
0.004173827 0.02070534
0.004175427 0.02117591
0.004177027 0.02164649
0.004178627 0.02211706
0.004180227 0.02282293
0.004181827 0.0232935
0.004183427 0.02352879
0.004185027 0.02399937
0.004186627 0.02399937
0.004188227 0.02470523
0.004189827 0.02494052
0.004191427 0.02588167
0.004193027 0.02588167
0.004194627 0.02658753
0.004196227 0.0272934
0.004197827 0.02658753
0.004199427 0.02776397
0.004201027 0.02776397
