LECROYWS4024HD 19320 Waveform
Segments 1 SegmentSize 3127
Segment TrigTime TimeSinceSegment1
#1 05-Jun-2024 14:57:43 0                 
Time Ampl
-0.0008007118 0.0002352879
-0.0007991118 -0.0004705758
-0.0007975118 0.0002352879
-0.0007959118 -0.0002352879
-0.0007943118 0
-0.0007927118 0
-0.0007911118 0
-0.0007895118 0
-0.0007879118 0.0002352879
-0.0007863118 0.0002352879
-0.0007847118 0.0002352879
-0.0007831118 -0.0002352879
-0.0007815118 0
-0.0007799118 0
-0.0007783118 0
-0.0007767118 -0.0002352879
-0.0007751118 0.0004705758
-0.0007735118 -0.0002352879
-0.0007719118 -0.0002352879
-0.0007703118 0.0004705758
-0.0007687118 0
-0.0007671118 -0.0002352879
-0.0007655118 -0.0002352879
-0.0007639118 0
-0.0007623118 0
-0.0007607118 -0.0002352879
-0.0007591118 0.0002352879
-0.0007575118 -0.0002352879
-0.0007559118 0
-0.0007543118 0.0002352879
-0.0007527118 -0.0002352879
-0.0007511118 -0.0002352879
-0.0007495118 -0.0002352879
-0.0007479118 -0.0004705758
-0.0007463118 0
-0.0007447118 0.0002352879
-0.0007431118 0.0004705758
-0.0007415118 -0.0004705758
-0.0007399118 0.0004705758
-0.0007383118 -0.0002352879
-0.0007367118 0.0004705758
-0.0007351118 0.0004705758
-0.0007335118 -0.0002352879
-0.0007319118 0
-0.0007303118 0.0004705758
-0.0007287118 0.0004705758
-0.0007271118 0
-0.0007255118 0.0002352879
-0.0007239118 0.0002352879
-0.0007223118 0.0002352879
-0.0007207118 -0.0004705758
-0.0007191118 -0.0004705758
-0.0007175118 0.0002352879
-0.0007159118 -0.0002352879
-0.0007143118 0.0002352879
-0.0007127118 -0.0002352879
-0.0007111118 0
-0.0007095118 -0.0002352879
-0.0007079118 0
-0.0007063118 -0.0007058638
-0.0007047118 0
-0.0007031118 0
-0.0007015118 -0.0002352879
-0.0006999118 -0.0004705758
-0.0006983118 0.0004705758
-0.0006967118 -0.0004705758
-0.0006951118 0.0002352879
-0.0006935118 0.0004705758
-0.0006919118 0.0002352879
-0.0006903118 0.0002352879
-0.0006887118 -0.0004705758
-0.0006871118 0
-0.0006855118 0.0002352879
-0.0006839118 0
-0.0006823118 0.0004705758
-0.0006807118 0.0002352879
-0.0006791118 0
-0.0006775118 -0.0002352879
-0.0006759118 0
-0.0006743118 -0.0004705758
-0.0006727118 0
-0.0006711118 -0.0002352879
-0.0006695118 0
-0.0006679118 -0.0002352879
-0.0006663118 0.0007058638
-0.0006647118 0
-0.0006631118 0.0002352879
-0.0006615118 -0.0002352879
-0.0006599118 0
-0.0006583118 0.0002352879
-0.0006567118 0
-0.0006551118 0.0002352879
-0.0006535118 -0.0002352879
-0.0006519118 0.0002352879
-0.0006503118 0
-0.0006487118 0
-0.0006471118 -0.0002352879
-0.0006455118 -0.0009411517
-0.0006439118 0
-0.0006423118 -0.0007058638
-0.0006407118 0
-0.0006391118 -0.0002352879
-0.0006375118 0
-0.0006359118 -0.0002352879
-0.0006343118 0.0007058638
-0.0006327118 0.0002352879
-0.0006311118 0.0009411517
-0.0006295118 0.0002352879
-0.0006279118 -0.0007058638
-0.0006263118 -0.0002352879
-0.0006247118 0.0002352879
-0.0006231118 -0.0002352879
-0.0006215118 0.0002352879
-0.0006199118 0.0002352879
-0.0006183118 -0.0002352879
-0.0006167118 -0.0004705758
-0.0006151118 -0.0004705758
-0.0006135118 0
-0.0006119118 0.0002352879
-0.0006103118 -0.0004705758
-0.0006087118 0.0002352879
-0.0006071118 0.0002352879
-0.0006055118 0.0002352879
-0.0006039118 0
-0.0006023118 0.0007058638
-0.0006007118 -0.0002352879
-0.0005991118 0.0004705758
-0.0005975118 0
-0.0005959118 -0.0002352879
-0.0005943118 -0.0002352879
-0.0005927118 -0.0004705758
-0.0005911118 0.0002352879
-0.0005895118 0
-0.0005879118 0
-0.0005863118 -0.0002352879
-0.0005847118 -0.0002352879
-0.0005831118 0.0002352879
-0.0005815118 0
-0.0005799118 -0.0002352879
-0.0005783118 0.0002352879
-0.0005767118 0
-0.0005751118 -0.0004705758
-0.0005735118 0.0009411517
-0.0005719118 -0.0002352879
-0.0005703118 0
-0.0005687118 -0.0002352879
-0.0005671118 -0.0002352879
-0.0005655118 0
-0.0005639118 0.0004705758
-0.0005623118 0
-0.0005607118 0
-0.0005591118 -0.0002352879
-0.0005575118 0
-0.0005559118 0.0002352879
-0.0005543118 -0.0002352879
-0.0005527118 0.0002352879
-0.0005511118 -0.0004705758
-0.0005495118 0
-0.0005479118 0
-0.0005463118 0
-0.0005447118 0.0004705758
-0.0005431118 -0.0004705758
-0.0005415118 0.0004705758
-0.0005399118 0
-0.0005383118 -0.0002352879
-0.0005367118 0.0002352879
-0.0005351118 -0.0002352879
-0.0005335118 0.0002352879
-0.0005319118 0.0002352879
-0.0005303118 0
-0.0005287118 -0.0002352879
-0.0005271118 0.0004705758
-0.0005255118 0.0007058638
-0.0005239118 -0.0002352879
-0.0005223118 0.0002352879
-0.0005207118 -0.0007058638
-0.0005191118 0.0002352879
-0.0005175118 -0.0004705758
-0.0005159118 0.0004705758
-0.0005143118 0
-0.0005127118 -0.0004705758
-0.0005111118 0.00117644
-0.0005095118 -0.0002352879
-0.0005079118 0.0002352879
-0.0005063118 0.0004705758
-0.0005047118 0
-0.0005031118 0.0004705758
-0.0005015118 0
-0.0004999118 -0.0002352879
-0.0004983118 0.0002352879
-0.0004967118 -0.0002352879
-0.0004951118 -0.0007058638
-0.0004935118 0.0002352879
-0.0004919118 0
-0.0004903118 0.0004705758
-0.0004887118 -0.0004705758
-0.0004871118 0.0004705758
-0.0004855118 -0.0004705758
-0.0004839118 0.0004705758
-0.0004823118 0
-0.0004807118 0
-0.0004791118 0
-0.0004775118 0.0004705758
-0.0004759118 0
-0.0004743118 0.0002352879
-0.0004727118 0.0002352879
-0.0004711118 0
-0.0004695118 -0.0009411517
-0.0004679118 -0.0002352879
-0.0004663118 -0.0004705758
-0.0004647118 0
-0.0004631118 -0.0007058638
-0.0004615118 0
-0.0004599118 0.0002352879
-0.0004583118 -0.0004705758
-0.0004567118 0.0002352879
-0.0004551118 -0.0004705758
-0.0004535118 -0.0002352879
-0.0004519118 0
-0.0004503118 0.0007058638
-0.0004487118 0.0002352879
-0.0004471118 0
-0.0004455118 -0.0002352879
-0.0004439118 0.0002352879
-0.0004423118 0.0007058638
-0.0004407118 -0.0002352879
-0.0004391118 -0.0002352879
-0.0004375118 0
-0.0004359118 0
-0.0004343118 0.0002352879
-0.0004327118 -0.0002352879
-0.0004311118 -0.0004705758
-0.0004295118 0.0002352879
-0.0004279118 -0.0002352879
-0.0004263118 0.0004705758
-0.0004247118 0
-0.0004231118 0
-0.0004215118 0
-0.0004199118 0.0004705758
-0.0004183118 -0.0002352879
-0.0004167118 0.0004705758
-0.0004151118 -0.0002352879
-0.0004135118 -0.0002352879
-0.0004119118 0.0002352879
-0.0004103118 0
-0.0004087118 -0.0002352879
-0.0004071118 0.0004705758
-0.0004055118 0.001411728
-0.0004039118 0.0007058638
-0.0004023118 0.0004705758
-0.0004007118 0.0004705758
-0.0003991118 0
-0.0003975118 -0.001647015
-0.0003959118 -0.0002352879
-0.0003943118 0.0002352879
-0.0003927118 0
-0.0003911118 0.0002352879
-0.0003895118 -0.0002352879
-0.0003879118 -0.0004705758
-0.0003863118 0.0002352879
-0.0003847118 -0.0002352879
-0.0003831118 -0.0002352879
-0.0003815118 0.0004705758
-0.0003799118 -0.0002352879
-0.0003783118 -0.0004705758
-0.0003767118 -0.0002352879
-0.0003751118 -0.0002352879
-0.0003735118 -0.0004705758
-0.0003719118 0.0004705758
-0.0003703118 -0.0002352879
-0.0003687118 -0.0004705758
-0.0003671118 0
-0.0003655118 -0.0004705758
-0.0003639118 -0.0004705758
-0.0003623118 0.0007058638
-0.0003607118 -0.0002352879
-0.0003591118 -0.0002352879
-0.0003575118 -0.0004705758
-0.0003559118 0.0002352879
-0.0003543118 -0.0004705758
-0.0003527118 0.0004705758
-0.0003511118 -0.0004705758
-0.0003495118 0.0002352879
-0.0003479118 0
-0.0003463118 -0.0002352879
-0.0003447118 0
-0.0003431118 -0.0002352879
-0.0003415118 0.0007058638
-0.0003399118 0
-0.0003383118 0
-0.0003367118 -0.0002352879
-0.0003351118 -0.0002352879
-0.0003335118 0
-0.0003319118 -0.0002352879
-0.0003303118 -0.0007058638
-0.0003287118 -0.0002352879
-0.0003271118 0
-0.0003255118 -0.0002352879
-0.0003239118 -0.0004705758
-0.0003223118 -0.0002352879
-0.0003207118 -0.0004705758
-0.0003191118 0
-0.0003175118 0.0002352879
-0.0003159118 -0.0007058638
-0.0003143118 0.0002352879
-0.0003127118 -0.0004705758
-0.0003111118 0
-0.0003095118 0
-0.0003079118 -0.0004705758
-0.0003063118 0
-0.0003047118 0.0009411517
-0.0003031118 0
-0.0003015118 0
-0.0002999118 0
-0.0002983118 -0.0002352879
-0.0002967118 0.0002352879
-0.0002951118 0
-0.0002935118 -0.0004705758
-0.0002919118 0.0002352879
-0.0002903118 -0.0002352879
-0.0002887118 0
-0.0002871118 -0.0009411517
-0.0002855118 0.0004705758
-0.0002839118 -0.0002352879
-0.0002823118 0.0002352879
-0.0002807118 -0.0002352879
-0.0002791118 0.0002352879
-0.0002775118 -0.0007058638
-0.0002759118 0.0002352879
-0.0002743118 -0.0007058638
-0.0002727118 0.0004705758
-0.0002711118 -0.0002352879
-0.0002695118 0.0004705758
-0.0002679118 0
-0.0002663118 0
-0.0002647118 0.0004705758
-0.0002631118 -0.0004705758
-0.0002615118 -0.0002352879
-0.0002599118 0
-0.0002583118 0
-0.0002567118 -0.0004705758
-0.0002551118 -0.0002352879
-0.0002535118 -0.0004705758
-0.0002519118 -0.0004705758
-0.0002503118 0
-0.0002487118 -0.0007058638
-0.0002471118 -0.0007058638
-0.0002455118 -0.0002352879
-0.0002439118 0.0002352879
-0.0002423118 -0.0002352879
-0.0002407118 -0.0002352879
-0.0002391118 -0.001411728
-0.0002375118 0
-0.0002359118 -0.0004705758
-0.0002343118 0
-0.0002327118 0.0002352879
-0.0002311118 -0.0002352879
-0.0002295118 -0.0002352879
-0.0002279118 0
-0.0002263118 0.0002352879
-0.0002247118 0.0004705758
-0.0002231118 -0.0002352879
-0.0002215118 0.0004705758
-0.0002199118 0
-0.0002183118 0
-0.0002167118 -0.0002352879
-0.0002151118 0.0004705758
-0.0002135118 -0.0002352879
-0.0002119118 0.0002352879
-0.0002103118 -0.0004705758
-0.0002087118 -0.0002352879
-0.0002071118 0
-0.0002055118 -0.0004705758
-0.0002039118 0
-0.0002023118 -0.0009411517
-0.0002007118 0.0007058638
-0.0001991118 0
-0.0001975118 -0.0002352879
-0.0001959118 0
-0.0001943118 -0.0002352879
-0.0001927118 -0.0002352879
-0.0001911118 -0.0002352879
-0.0001895118 0.0002352879
-0.0001879118 0
-0.0001863118 0
-0.0001847118 0.0002352879
-0.0001831118 0
-0.0001815118 0
-0.0001799118 0.0009411517
-0.0001783118 0.0002352879
-0.0001767118 0.0004705758
-0.0001751118 0.0004705758
-0.0001735118 0
-0.0001719118 0.0002352879
-0.0001703118 -0.0002352879
-0.0001687118 0.0002352879
-0.0001671118 0
-0.0001655118 -0.0002352879
-0.0001639118 -0.0002352879
-0.0001623118 0
-0.0001607118 0.0004705758
-0.0001591118 -0.0002352879
-0.0001575118 0.0004705758
-0.0001559118 -0.0002352879
-0.0001543118 0.0002352879
-0.0001527118 0
-0.0001511118 -0.0002352879
-0.0001495118 0
-0.0001479118 0.0004705758
-0.0001463118 -0.0002352879
-0.0001447118 0.0002352879
-0.0001431118 -0.0002352879
-0.0001415118 0.0004705758
-0.0001399118 0
-0.0001383118 -0.0002352879
-0.0001367118 0
-0.0001351118 0.0004705758
-0.0001335118 -0.0002352879
-0.0001319118 0
-0.0001303118 -0.0002352879
-0.0001287118 -0.0002352879
-0.0001271118 0
-0.0001255118 0.0002352879
-0.0001239118 -0.0002352879
-0.0001223118 -0.0002352879
-0.0001207118 -0.0002352879
-0.0001191118 0.0002352879
-0.0001175118 -0.0002352879
-0.0001159118 0
-0.0001143118 0.0004705758
-0.0001127118 0.0004705758
-0.0001111118 0.0004705758
-0.0001095118 0.0002352879
-0.0001079118 0
-0.0001063118 0
-0.0001047118 0
-0.0001031118 -0.0002352879
-0.0001015118 0
-9.99118e-005 0.00117644
-9.83118e-005 -0.0007058638
-9.67118e-005 0.0002352879
-9.51118e-005 0
-9.35118e-005 0
-9.19118e-005 0
-9.03118e-005 0.0002352879
-8.87118e-005 -0.0004705758
-8.71118e-005 0
-8.55118e-005 -0.0004705758
-8.39118e-005 0.0004705758
-8.23118e-005 0
-8.07118e-005 0.0002352879
-7.91118e-005 0
-7.75118e-005 0.0002352879
-7.59118e-005 0.0004705758
-7.43118e-005 0.0007058638
-7.27118e-005 0
-7.11118e-005 0.0004705758
-6.95118e-005 0.0009411517
-6.79118e-005 0.0007058638
-6.63118e-005 -0.0004705758
-6.47118e-005 -0.001411728
-6.31118e-005 -0.00682335
-6.15118e-005 -0.01882303
-5.99118e-005 -0.03270502
-5.83118e-005 -0.04893989
-5.67118e-005 -0.0661159
-5.51118e-005 -0.08117433
-5.35118e-005 -0.09387988
-5.19118e-005 -0.1039973
-5.03118e-005 -0.111997
-4.87118e-005 -0.1188204
-4.71118e-005 -0.1223497
-4.55118e-005 -0.1247026
-4.39118e-005 -0.1247026
-4.23118e-005 -0.1228203
-4.07118e-005 -0.1164675
-3.91118e-005 -0.1044678
-3.75118e-005 -0.08540951
-3.59118e-005 -0.06352774
-3.43118e-005 -0.03999895
-3.27118e-005 -0.02023476
-3.11118e-005 -0.00682335
-2.95118e-005 -0.001882303
-2.79118e-005 -0.003764607
-2.63118e-005 -0.01105853
-2.47118e-005 -0.02117591
-2.31118e-005 -0.02894041
-2.15118e-005 -0.03482261
-1.99118e-005 -0.03670492
-1.83118e-005 -0.03552848
-1.67118e-005 -0.03341088
-1.51118e-005 -0.03129329
-1.35118e-005 -0.03129329
-1.19118e-005 -0.03223444
-1.03118e-005 -0.03411675
-8.7118e-006 -0.03482261
-7.1118e-006 -0.03199916
-5.5118e-006 -0.02870513
-3.9118e-006 -0.0232935
-2.3118e-006 -0.01599958
-7.118e-007 -0.006117486
8.882e-007 0.004941046
2.4882e-006 0.01741131
4.0882e-006 0.02894041
5.6882e-006 0.04070481
7.2882e-006 0.0487046
8.8882e-006 0.05388093
1.04882e-005 0.05293978
1.20882e-005 0.05129277
1.36882e-005 0.04493999
1.52882e-005 0.03294031
1.68882e-005 0.01976419
1.84882e-005 0.004941046
2.00882e-005 -0.01129382
2.16882e-005 -0.02611696
2.32882e-005 -0.04023423
2.48882e-005 -0.0505869
2.64882e-005 -0.05976313
2.80882e-005 -0.06282187
2.96882e-005 -0.06376303
3.12882e-005 -0.06023371
3.28882e-005 -0.05317507
3.44882e-005 -0.04305769
3.60882e-005 -0.03152858
3.76882e-005 -0.01764659
3.92882e-005 -0.005411622
4.08882e-005 0.008470365
4.24882e-005 0.01905832
4.40882e-005 0.02941099
4.56882e-005 0.03623434
4.72882e-005 0.03835193
4.88882e-005 0.03741078
5.04882e-005 0.03294031
5.20882e-005 0.02352879
5.36882e-005 0.0117644
5.52882e-005 -0.002117591
5.68882e-005 -0.01623487
5.84882e-005 -0.02894041
6.00882e-005 -0.03905779
6.16882e-005 -0.04705758
6.32882e-005 -0.05199863
6.48882e-005 -0.05411622
6.64882e-005 -0.05435151
6.80882e-005 -0.05246921
6.96882e-005 -0.04752816
7.12882e-005 -0.0428224
7.28882e-005 -0.03529319
7.44882e-005 -0.02799926
7.60882e-005 -0.02023476
7.76882e-005 -0.0117644
7.92882e-005 -0.005411622
8.08882e-005 0
8.24882e-005 0.002352879
8.40882e-005 0.00447047
8.56882e-005 0.003764607
8.72882e-005 0.003294031
8.88882e-005 0.0007058638
9.04882e-005 -0.0007058638
9.20882e-005 -0.002588167
9.36882e-005 -0.005411622
9.52882e-005 -0.008235077
9.68882e-005 -0.01035267
9.84882e-005 -0.01223497
0.0001000882 -0.01599958
0.0001016882 -0.01741131
0.0001032882 -0.01882303
0.0001048882 -0.01882303
0.0001064882 -0.01670544
0.0001080882 -0.01482314
0.0001096882 -0.01294084
0.0001112882 -0.0117644
0.0001128882 -0.01011738
0.0001144882 -0.007999789
0.0001160882 -0.007058638
0.0001176882 -0.00447047
0.0001192882 -0.005411622
0.0001208882 -0.00447047
0.0001224882 -0.00682335
0.0001240882 -0.007764501
0.0001256882 -0.008705653
0.0001272882 -0.009176229
0.0001288882 -0.009882093
0.0001304882 -0.01152911
0.0001320882 -0.0117644
0.0001336882 -0.01105853
0.0001352882 -0.01082324
0.0001368882 -0.01105853
0.0001384882 -0.01082324
0.0001400882 -0.01058796
0.0001416882 -0.01058796
0.0001432882 -0.007999789
0.0001448882 -0.007529213
0.0001464882 -0.006588062
0.0001480882 -0.007529213
0.0001496882 -0.009882093
0.0001512882 -0.01199968
0.0001528882 -0.01529371
0.0001544882 -0.01647015
0.0001560882 -0.01835246
0.0001576882 -0.01999947
0.0001592882 -0.02188178
0.0001608882 -0.02188178
0.0001624882 -0.02399937
0.0001640882 -0.02446994
0.0001656882 -0.02423466
0.0001672882 -0.02399937
0.0001688882 -0.02305822
0.0001704882 -0.02305822
0.0001720882 -0.01999947
0.0001736882 -0.01764659
0.0001752882 -0.015529
0.0001768882 -0.01411728
0.0001784882 -0.01082324
0.0001800882 -0.009176229
0.0001816882 -0.005176334
0.0001832882 -0.001647015
0.0001848882 0.001647015
0.0001864882 0.003529319
0.0001880882 0.006588062
0.0001896882 0.007529213
0.0001912882 0.008940941
0.0001928882 0.008235077
0.0001944882 0.008940941
0.0001960882 0.008470365
0.0001976882 0.008705653
0.0001992882 0.007999789
0.0002008882 0.007999789
0.0002024882 0.006588062
0.0002040882 0.005411622
0.0002056882 0.003529319
0.0002072882 0.002588167
0.0002088882 -0.0007058638
0.0002104882 -0.003529319
0.0002120882 -0.004941046
0.0002136882 -0.006117486
0.0002152882 -0.006588062
0.0002168882 -0.004941046
0.0002184882 -0.00447047
0.0002200882 -0.00117644
0.0002216882 0.0002352879
0.0002232882 0.003058743
0.0002248882 0.004235183
0.0002264882 0.005882198
0.0002280882 0.007529213
0.0002296882 0.008470365
0.0002312882 0.008470365
0.0002328882 0.009646805
0.0002344882 0.009646805
0.0002360882 0.009411517
0.0002376882 0.008940941
0.0002392882 0.008470365
0.0002408882 0.008470365
0.0002424882 0.007529213
0.0002440882 0.006352774
0.0002456882 0.005176334
0.0002472882 0.003058743
0.0002488882 0.002352879
0.0002504882 -0.0002352879
0.0002520882 -0.0002352879
0.0002536882 -0.0002352879
0.0002552882 -0.002352879
0.0002568882 -0.004235183
0.0002584882 -0.006352774
0.0002600882 -0.008940941
0.0002616882 -0.01129382
0.0002632882 -0.0136467
0.0002648882 -0.01505843
0.0002664882 -0.01576429
0.0002680882 -0.01623487
0.0002696882 -0.015529
0.0002712882 -0.01529371
0.0002728882 -0.01435256
0.0002744882 -0.01341141
0.0002760882 -0.01105853
0.0002776882 -0.008470365
0.0002792882 -0.004705758
0.0002808882 -0.0007058638
0.0002824882 0.003764607
0.0002840882 0.007999789
0.0002856882 0.01152911
0.0002872882 0.01529371
0.0002888882 0.01811717
0.0002904882 0.02047005
0.0002920882 0.02305822
0.0002936882 0.02494052
0.0002952882 0.02658753
0.0002968882 0.02705811
0.0002984882 0.02682282
0.0003000882 0.02494052
0.0003016882 0.0214112
0.0003032882 0.01764659
0.0003048882 0.0136467
0.0003064882 0.01082324
0.0003080882 0.009882093
0.0003096882 0.009411517
0.0003112882 0.01058796
0.0003128882 0.01317612
0.0003144882 0.01505843
0.0003160882 0.01717602
0.0003176882 0.01882303
0.0003192882 0.02023476
0.0003208882 0.02117591
0.0003224882 0.02282293
0.0003240882 0.02258764
0.0003256882 0.02423466
0.0003272882 0.02399937
0.0003288882 0.02258764
0.0003304882 0.02047005
0.0003320882 0.01670544
0.0003336882 0.01294084
0.0003352882 0.008940941
0.0003368882 0.004705758
0.0003384882 0.002588167
0.0003400882 -0.0007058638
0.0003416882 -0.001647015
0.0003432882 -0.002352879
0.0003448882 -0.002588167
0.0003464882 -0.003529319
0.0003480882 -0.003058743
0.0003496882 -0.003999895
0.0003512882 -0.002823455
0.0003528882 -0.003529319
0.0003544882 -0.002117591
0.0003560882 -0.0004705758
0.0003576882 0.001411728
0.0003592882 0.003294031
0.0003608882 0.006117486
0.0003624882 0.007529213
0.0003640882 0.01035267
0.0003656882 0.01105853
0.0003672882 0.01199968
0.0003688882 0.01294084
0.0003704882 0.01223497
0.0003720882 0.01247026
0.0003736882 0.01199968
0.0003752882 0.01129382
0.0003768882 0.0117644
0.0003784882 0.01058796
0.0003800882 0.01105853
0.0003816882 0.009176229
0.0003832882 0.008235077
0.0003848882 0.006117486
0.0003864882 0.00564691
0.0003880882 0.004235183
0.0003896882 0.00447047
0.0003912882 0.004705758
0.0003928882 0.00682335
0.0003944882 0.009882093
0.0003960882 0.01223497
0.0003976882 0.01435256
0.0003992882 0.01764659
0.0004008882 0.01976419
0.0004024882 0.02188178
0.0004040882 0.02352879
0.0004056882 0.02352879
0.0004072882 0.02470523
0.0004088882 0.02376408
0.0004104882 0.02305822
0.0004120882 0.0214112
0.0004136882 0.01858775
0.0004152882 0.01647015
0.0004168882 0.01388199
0.0004184882 0.01035267
0.0004200882 0.007999789
0.0004216882 0.004705758
0.0004232882 0.001411728
0.0004248882 -0.0002352879
0.0004264882 -0.003764607
0.0004280882 -0.005176334
0.0004296882 -0.007999789
0.0004312882 -0.008470365
0.0004328882 -0.01105853
0.0004344882 -0.0117644
0.0004360882 -0.01247026
0.0004376882 -0.01199968
0.0004392882 -0.01223497
0.0004408882 -0.0117644
0.0004424882 -0.01223497
0.0004440882 -0.01082324
0.0004456882 -0.01082324
0.0004472882 -0.009411517
0.0004488882 -0.008235077
0.0004504882 -0.007764501
0.0004520882 -0.007293925
0.0004536882 -0.006117486
0.0004552882 -0.004941046
0.0004568882 -0.003764607
0.0004584882 -0.001411728
0.0004600882 0
0.0004616882 0.002117591
0.0004632882 0.003529319
0.0004648882 0.004235183
0.0004664882 0.005176334
0.0004680882 0.005176334
0.0004696882 0.005411622
0.0004712882 0.004941046
0.0004728882 0.003529319
0.0004744882 0.004941046
0.0004760882 0.004235183
0.0004776882 0.005176334
0.0004792882 0.005176334
0.0004808882 0.00564691
0.0004824882 0.006352774
0.0004840882 0.00564691
0.0004856882 0.007058638
0.0004872882 0.008470365
0.0004888882 0.009411517
0.0004904882 0.01223497
0.0004920882 0.01458785
0.0004936882 0.01670544
0.0004952882 0.01788188
0.0004968882 0.02023476
0.0004984882 0.02094062
0.0005000882 0.02258764
0.0005016882 0.02258764
0.0005032882 0.02305822
0.0005048882 0.02164649
0.0005064882 0.02023476
0.0005080882 0.01811717
0.0005096882 0.015529
0.0005112882 0.01270555
0.0005128882 0.01011738
0.0005144882 0.007058638
0.0005160882 0.004235183
0.0005176882 0.002352879
0.0005192882 0.0004705758
0.0005208882 -0.001882303
0.0005224882 -0.003764607
0.0005240882 -0.005411622
0.0005256882 -0.00682335
0.0005272882 -0.006117486
0.0005288882 -0.005882198
0.0005304882 -0.002117591
0.0005320882 -0.0002352879
0.0005336882 0.003764607
0.0005352882 0.005882198
0.0005368882 0.009176229
0.0005384882 0.01105853
0.0005400882 0.0136467
0.0005416882 0.0136467
0.0005432882 0.01482314
0.0005448882 0.01458785
0.0005464882 0.01435256
0.0005480882 0.01317612
0.0005496882 0.01223497
0.0005512882 0.009646805
0.0005528882 0.008470365
0.0005544882 0.00682335
0.0005560882 0.00564691
0.0005576882 0.00447047
0.0005592882 0.003764607
0.0005608882 0.003529319
0.0005624882 0.002352879
0.0005640882 0.002823455
0.0005656882 0.001882303
0.0005672882 0.003529319
0.0005688882 0.004941046
0.0005704882 0.006352774
0.0005720882 0.009646805
0.0005736882 0.0117644
0.0005752882 0.01435256
0.0005768882 0.01599958
0.0005784882 0.01647015
0.0005800882 0.01694073
0.0005816882 0.015529
0.0005832882 0.01482314
0.0005848882 0.01294084
0.0005864882 0.01247026
0.0005880882 0.01129382
0.0005896882 0.009882093
0.0005912882 0.008705653
0.0005928882 0.006352774
0.0005944882 0.004235183
0.0005960882 0.003058743
0.0005976882 0.002352879
0.0005992882 0.001647015
0.0006008882 0.002352879
0.0006024882 0.002352879
0.0006040882 0.002588167
0.0006056882 0.002823455
0.0006072882 0.003058743
0.0006088882 0.001411728
0.0006104882 0.001882303
0.0006120882 -0.0004705758
0.0006136882 -0.001647015
0.0006152882 -0.006117486
0.0006168882 -0.005411622
0.0006184882 -0.007999789
0.0006200882 -0.009176229
0.0006216882 -0.009882093
0.0006232882 -0.01105853
0.0006248882 -0.0117644
0.0006264882 -0.0117644
0.0006280882 -0.01152911
0.0006296882 -0.01058796
0.0006312882 -0.01035267
0.0006328882 -0.008235077
0.0006344882 -0.007293925
0.0006360882 -0.004941046
0.0006376882 -0.003999895
0.0006392882 -0.00117644
0.0006408882 0.0004705758
0.0006424882 0.003058743
0.0006440882 0.00447047
0.0006456882 0.005882198
0.0006472882 0.006588062
0.0006488882 0.007999789
0.0006504882 0.007764501
0.0006520882 0.007999789
0.0006536882 0.006352774
0.0006552882 0.005882198
0.0006568882 0.00447047
0.0006584882 0.003764607
0.0006600882 0.0007058638
0.0006616882 -0.00117644
0.0006632882 -0.003529319
0.0006648882 -0.005882198
0.0006664882 -0.006352774
0.0006680882 -0.007293925
0.0006696882 -0.007529213
0.0006712882 -0.006588062
0.0006728882 -0.005882198
0.0006744882 -0.003764607
0.0006760882 -0.003294031
0.0006776882 -0.001882303
0.0006792882 -0.001411728
0.0006808882 -0.0007058638
0.0006824882 0.0002352879
0.0006840882 0.0009411517
0.0006856882 0.0002352879
0.0006872882 0.0004705758
0.0006888882 0
0.0006904882 0.0007058638
0.0006920882 0
0.0006936882 0.0004705758
0.0006952882 0.0004705758
0.0006968882 0.002117591
0.0006984882 0.003058743
0.0007000882 0.006117486
0.0007016882 0.007293925
0.0007032882 0.009411517
0.0007048882 0.01152911
0.0007064882 0.01388199
0.0007080882 0.01599958
0.0007096882 0.01811717
0.0007112882 0.01976419
0.0007128882 0.02023476
0.0007144882 0.01999947
0.0007160882 0.02070534
0.0007176882 0.01882303
0.0007192882 0.01858775
0.0007208882 0.01647015
0.0007224882 0.015529
0.0007240882 0.01341141
0.0007256882 0.01247026
0.0007272882 0.01058796
0.0007288882 0.008940941
0.0007304882 0.006117486
0.0007320882 0.004941046
0.0007336882 0.002352879
0.0007352882 0.002117591
0.0007368882 0.0002352879
0.0007384882 -0.0004705758
0.0007400882 0.0004705758
0.0007416882 0.001647015
0.0007432882 0.002352879
0.0007448882 0.002823455
0.0007464882 0.004235183
0.0007480882 0.004705758
0.0007496882 0.004941046
0.0007512882 0.006352774
0.0007528882 0.007529213
0.0007544882 0.008235077
0.0007560882 0.009411517
0.0007576882 0.01011738
0.0007592882 0.01223497
0.0007608882 0.01341141
0.0007624882 0.01458785
0.0007640882 0.01599958
0.0007656882 0.01647015
0.0007672882 0.01764659
0.0007688882 0.01858775
0.0007704882 0.01882303
0.0007720882 0.01835246
0.0007736882 0.01858775
0.0007752882 0.01811717
0.0007768882 0.01858775
0.0007784882 0.01811717
0.0007800882 0.01882303
0.0007816882 0.01788188
0.0007832882 0.01835246
0.0007848882 0.01741131
0.0007864882 0.01788188
0.0007880882 0.01835246
0.0007896882 0.01741131
0.0007912882 0.01811717
0.0007928882 0.01835246
0.0007944882 0.01858775
0.0007960882 0.01905832
0.0007976882 0.01764659
0.0007992882 0.01741131
0.0008008882 0.01694073
0.0008024882 0.01717602
0.0008040882 0.01670544
0.0008056882 0.01741131
0.0008072882 0.01835246
0.0008088882 0.0195289
0.0008104882 0.01976419
0.0008120882 0.0214112
0.0008136882 0.02164649
0.0008152882 0.02305822
0.0008168882 0.02211706
0.0008184882 0.02258764
0.0008200882 0.02258764
0.0008216882 0.02258764
0.0008232882 0.02305822
0.0008248882 0.02188178
0.0008264882 0.02023476
0.0008280882 0.01788188
0.0008296882 0.01505843
0.0008312882 0.01317612
0.0008328882 0.01058796
0.0008344882 0.009176229
0.0008360882 0.006117486
0.0008376882 0.005411622
0.0008392882 0.003999895
0.0008408882 0.002117591
0.0008424882 0.001647015
0.0008440882 0.0009411517
0.0008456882 0
0.0008472882 0
0.0008488882 -0.0009411517
0.0008504882 0
0.0008520882 -0.0004705758
0.0008536882 -0.0007058638
0.0008552882 -0.001882303
0.0008568882 -0.0007058638
0.0008584882 -0.00117644
0.0008600882 -0.0007058638
0.0008616882 0
0.0008632882 0.0007058638
0.0008648882 0.0009411517
0.0008664882 0.002352879
0.0008680882 0.003058743
0.0008696882 0.003529319
0.0008712882 0.002823455
0.0008728882 0.002823455
0.0008744882 0.001882303
0.0008760882 0.001411728
0.0008776882 0
0.0008792882 -0.0002352879
0.0008808882 -0.001411728
0.0008824882 -0.002117591
0.0008840882 -0.002588167
0.0008856882 -0.003764607
0.0008872882 -0.003764607
0.0008888882 -0.003294031
0.0008904882 -0.003529319
0.0008920882 -0.001647015
0.0008936882 -0.0007058638
0.0008952882 0
0.0008968882 0.0009411517
0.0008984882 0.002352879
0.0009000882 0.003294031
0.0009016882 0.004705758
0.0009032882 0.006352774
0.0009048882 0.006588062
0.0009064882 0.007293925
0.0009080882 0.007764501
0.0009096882 0.008470365
0.0009112882 0.008705653
0.0009128882 0.008705653
0.0009144882 0.009411517
0.0009160882 0.01082324
0.0009176882 0.01199968
0.0009192882 0.01270555
0.0009208882 0.01576429
0.0009224882 0.01741131
0.0009240882 0.01905832
0.0009256882 0.02070534
0.0009272882 0.0232935
0.0009288882 0.02611696
0.0009304882 0.02870513
0.0009320882 0.03058743
0.0009336882 0.03199916
0.0009352882 0.03294031
0.0009368882 0.03435204
0.0009384882 0.03341088
0.0009400882 0.03341088
0.0009416882 0.03152858
0.0009432882 0.03058743
0.0009448882 0.02941099
0.0009464882 0.02776397
0.0009480882 0.02588167
0.0009496882 0.02446994
0.0009512882 0.02282293
0.0009528882 0.02188178
0.0009544882 0.0214112
0.0009560882 0.02117591
0.0009576882 0.02070534
0.0009592882 0.02047005
0.0009608882 0.02164649
0.0009624882 0.0214112
0.0009640882 0.02258764
0.0009656882 0.02376408
0.0009672882 0.02305822
0.0009688882 0.02376408
0.0009704882 0.0232935
0.0009720882 0.02376408
0.0009736882 0.0214112
0.0009752882 0.0214112
0.0009768882 0.01835246
0.0009784882 0.01599958
0.0009800882 0.01341141
0.0009816882 0.01152911
0.0009832882 0.01058796
0.0009848882 0.008235077
0.0009864882 0.008705653
0.0009880882 0.007529213
0.0009896882 0.006352774
0.0009912882 0.006352774
0.0009928882 0.006117486
0.0009944882 0.005882198
0.0009960882 0.005176334
0.0009976882 0.00447047
0.0009992882 0.003764607
0.001000888 0.003529319
0.001002488 0.002352879
0.001004088 0.003058743
0.001005688 0.002352879
0.001007288 0.00117644
0.001008888 0.0009411517
0.001010488 -0.0004705758
0.001012088 -0.0004705758
0.001013688 -0.002117591
0.001015288 -0.002588167
0.001016888 -0.002117591
0.001018488 -0.002588167
0.001020088 -0.002117591
0.001021688 -0.002823455
0.001023288 -0.002117591
0.001024888 -0.001882303
0.001026488 -0.001882303
0.001028088 -0.0007058638
0.001029688 -0.0002352879
0.001031288 -0.0009411517
0.001032888 -0.0004705758
0.001034488 -0.00117644
0.001036088 -0.001647015
0.001037688 -0.003529319
0.001039288 -0.003529319
0.001040888 -0.00447047
0.001042488 -0.005411622
0.001044088 -0.006117486
0.001045688 -0.005882198
0.001047288 -0.006352774
0.001048888 -0.005882198
0.001050488 -0.00682335
0.001052088 -0.005411622
0.001053688 -0.00564691
0.001055288 -0.004235183
0.001056888 -0.003294031
0.001058488 -0.0007058638
0.001060088 -0.0009411517
0.001061688 0.0004705758
0.001063288 0.002117591
0.001064888 0.002823455
0.001066488 0.003764607
0.001068088 0.004705758
0.001069688 0.005176334
0.001071288 0.007058638
0.001072888 0.007293925
0.001074488 0.007999789
0.001076088 0.007529213
0.001077688 0.008470365
0.001079288 0.007999789
0.001080888 0.007999789
0.001082488 0.007999789
0.001084088 0.008235077
0.001085688 0.007999789
0.001087288 0.009411517
0.001088888 0.007764501
0.001090488 0.007529213
0.001092088 0.006588062
0.001093688 0.007058638
0.001095288 0.00564691
0.001096888 0.005176334
0.001098488 0.004941046
0.001100088 0.004235183
0.001101688 0.003764607
0.001103288 0.003529319
0.001104888 0.00117644
0.001106488 0.001647015
0.001108088 0.0007058638
0.001109688 -0.0009411517
0.001111288 -0.0007058638
0.001112888 -0.001647015
0.001114488 -0.003764607
0.001116088 -0.003764607
0.001117688 -0.005411622
0.001119288 -0.007058638
0.001120888 -0.007764501
0.001122488 -0.008235077
0.001124088 -0.009176229
0.001125688 -0.009176229
0.001127288 -0.009411517
0.001128888 -0.008705653
0.001130488 -0.009882093
0.001132088 -0.009411517
0.001133688 -0.009646805
0.001135288 -0.01011738
0.001136888 -0.009176229
0.001138488 -0.008470365
0.001140088 -0.008470365
0.001141688 -0.00682335
0.001143288 -0.006117486
0.001144888 -0.004941046
0.001146488 -0.003294031
0.001148088 -0.002352879
0.001149688 -0.00117644
0.001151288 0
0.001152888 0.001647015
0.001154488 0.002352879
0.001156088 0.002823455
0.001157688 0.003058743
0.001159288 0.002588167
0.001160888 0.002117591
0.001162488 0.001411728
0.001164088 0.0004705758
0.001165688 0.00117644
0.001167288 0.0002352879
0.001168888 0.0002352879
0.001170488 0.0004705758
0.001172088 0.0002352879
0.001173688 -0.0002352879
0.001175288 -0.0004705758
0.001176888 0
0.001178488 -0.00117644
0.001180088 -0.00117644
0.001181688 -0.0004705758
0.001183288 -0.001411728
0.001184888 -0.0009411517
0.001186488 -0.001882303
0.001188088 -0.001411728
0.001189688 -0.002117591
0.001191288 -0.002352879
0.001192888 -0.001647015
0.001194488 -0.002352879
0.001196088 -0.00117644
0.001197688 -0.0009411517
0.001199288 -0.001411728
0.001200888 -0.0004705758
0.001202488 -0.0007058638
0.001204088 -0.0002352879
0.001205688 0
0.001207288 0.00117644
0.001208888 0.002588167
0.001210488 0.003294031
0.001212088 0.004235183
0.001213688 0.005176334
0.001215288 0.00564691
0.001216888 0.005882198
0.001218488 0.00564691
0.001220088 0.005882198
0.001221688 0.006117486
0.001223288 0.005411622
0.001224888 0.004705758
0.001226488 0.004941046
0.001228088 0.003764607
0.001229688 0.001882303
0.001231288 0.002117591
0.001232888 0.0002352879
0.001234488 0
0.001236088 -0.0007058638
0.001237688 -0.0004705758
0.001239288 0.0002352879
0.001240888 -0.0004705758
0.001242488 0.0007058638
0.001244088 0.0004705758
0.001245688 0.0009411517
0.001247288 0.001411728
0.001248888 0.00117644
0.001250488 0.002823455
0.001252088 0.002352879
0.001253688 0.002352879
0.001255288 0.002117591
0.001256888 0.001882303
0.001258488 0.001411728
0.001260088 0.002117591
0.001261688 0.001882303
0.001263288 0.002823455
0.001264888 0.003058743
0.001266488 0.003294031
0.001268088 0.004235183
0.001269688 0.004705758
0.001271288 0.00447047
0.001272888 0.004941046
0.001274488 0.003999895
0.001276088 0.004235183
0.001277688 0.003058743
0.001279288 0.002117591
0.001280888 0.0009411517
0.001282488 -0.0009411517
0.001284088 -0.0009411517
0.001285688 -0.003294031
0.001287288 -0.004705758
0.001288888 -0.005411622
0.001290488 -0.007058638
0.001292088 -0.007293925
0.001293688 -0.008705653
0.001295288 -0.008470365
0.001296888 -0.01011738
0.001298488 -0.01105853
0.001300088 -0.01247026
0.001301688 -0.01199968
0.001303288 -0.01223497
0.001304888 -0.01152911
0.001306488 -0.01082324
0.001308088 -0.009646805
0.001309688 -0.008470365
0.001311288 -0.006588062
0.001312888 -0.005882198
0.001314488 -0.003999895
0.001316088 -0.00447047
0.001317688 -0.003058743
0.001319288 -0.003294031
0.001320888 -0.003058743
0.001322488 -0.003294031
0.001324088 -0.003529319
0.001325688 -0.003294031
0.001327288 -0.004941046
0.001328888 -0.005411622
0.001330488 -0.00564691
0.001332088 -0.007293925
0.001333688 -0.007293925
0.001335288 -0.007764501
0.001336888 -0.008235077
0.001338488 -0.008470365
0.001340088 -0.008705653
0.001341688 -0.008705653
0.001343288 -0.007529213
0.001344888 -0.00682335
0.001346488 -0.00682335
0.001348088 -0.006352774
0.001349688 -0.00564691
0.001351288 -0.005411622
0.001352888 -0.004941046
0.001354488 -0.006352774
0.001356088 -0.005176334
0.001357688 -0.005176334
0.001359288 -0.00447047
0.001360888 -0.00447047
0.001362488 -0.004941046
0.001364088 -0.003294031
0.001365688 -0.003058743
0.001367288 -0.004705758
0.001368888 -0.002352879
0.001370488 -0.002588167
0.001372088 -0.001882303
0.001373688 -0.002823455
0.001375288 -0.00117644
0.001376888 -0.001647015
0.001378488 -0.00117644
0.001380088 -0.0007058638
0.001381688 -0.0004705758
0.001383288 0
0.001384888 0
0.001386488 0.0002352879
0.001388088 0.0009411517
0.001389688 0.0007058638
0.001391288 0.00117644
0.001392888 0.001647015
0.001394488 0.001411728
0.001396088 0.002117591
0.001397688 0.002823455
0.001399288 0.002588167
0.001400888 0.003294031
0.001402488 0.003529319
0.001404088 0.00447047
0.001405688 0.005176334
0.001407288 0.00564691
0.001408888 0.00682335
0.001410488 0.007764501
0.001412088 0.008705653
0.001413688 0.009882093
0.001415288 0.01058796
0.001416888 0.01223497
0.001418488 0.01247026
0.001420088 0.01411728
0.001421688 0.01388199
0.001423288 0.01482314
0.001424888 0.01388199
0.001426488 0.01482314
0.001428088 0.01482314
0.001429688 0.01411728
0.001431288 0.01341141
0.001432888 0.01341141
0.001434488 0.01317612
0.001436088 0.01223497
0.001437688 0.01129382
0.001439288 0.01035267
0.001440888 0.01011738
0.001442488 0.009646805
0.001444088 0.009411517
0.001445688 0.008705653
0.001447288 0.009411517
0.001448888 0.009176229
0.001450488 0.008705653
0.001452088 0.008470365
0.001453688 0.008470365
0.001455288 0.009882093
0.001456888 0.009882093
0.001458488 0.009411517
0.001460088 0.008940941
0.001461688 0.008705653
0.001463288 0.008705653
0.001464888 0.007764501
0.001466488 0.008705653
0.001468088 0.007058638
0.001469688 0.006352774
0.001471288 0.006588062
0.001472888 0.005882198
0.001474488 0.00564691
0.001476088 0.00564691
0.001477688 0.006352774
0.001479288 0.005176334
0.001480888 0.006588062
0.001482488 0.006117486
0.001484088 0.006588062
0.001485688 0.007764501
0.001487288 0.008470365
0.001488888 0.008470365
0.001490488 0.009646805
0.001492088 0.01011738
0.001493688 0.01011738
0.001495288 0.01035267
0.001496888 0.01058796
0.001498488 0.01058796
0.001500088 0.01105853
0.001501688 0.01058796
0.001503288 0.009646805
0.001504888 0.008705653
0.001506488 0.008470365
0.001508088 0.00682335
0.001509688 0.00682335
0.001511288 0.004235183
0.001512888 0.003999895
0.001514488 0.002588167
0.001516088 0.002117591
0.001517688 0.0009411517
0.001519288 0.0002352879
0.001520888 -0.0004705758
0.001522488 -0.0004705758
0.001524088 -0.001411728
0.001525688 -0.001882303
0.001527288 -0.001882303
0.001528888 -0.002352879
0.001530488 -0.002352879
0.001532088 -0.003058743
0.001533688 -0.003294031
0.001535288 -0.003294031
0.001536888 -0.005411622
0.001538488 -0.004705758
0.001540088 -0.004235183
0.001541688 -0.004941046
0.001543288 -0.004705758
0.001544888 -0.004941046
0.001546488 -0.00564691
0.001548088 -0.005176334
0.001549688 -0.005882198
0.001551288 -0.00564691
0.001552888 -0.006117486
0.001554488 -0.005176334
0.001556088 -0.00564691
0.001557688 -0.004235183
0.001559288 -0.003294031
0.001560888 -0.002588167
0.001562488 -0.001882303
0.001564088 -0.00117644
0.001565688 -0.0004705758
0.001567288 0.0002352879
0.001568888 0.0007058638
0.001570488 0.00117644
0.001572088 0.001411728
0.001573688 0.002352879
0.001575288 0.001411728
0.001576888 0.001647015
0.001578488 0.0002352879
0.001580088 -0.0002352879
0.001581688 -0.0004705758
0.001583288 -0.00117644
0.001584888 -0.001411728
0.001586488 -0.002117591
0.001588088 -0.002588167
0.001589688 -0.002823455
0.001591288 -0.003529319
0.001592888 -0.003999895
0.001594488 -0.00447047
0.001596088 -0.003999895
0.001597688 -0.00447047
0.001599288 -0.004235183
0.001600888 -0.003764607
0.001602488 -0.004235183
0.001604088 -0.004235183
0.001605688 -0.00447047
0.001607288 -0.00447047
0.001608888 -0.004705758
0.001610488 -0.00564691
0.001612088 -0.006117486
0.001613688 -0.00682335
0.001615288 -0.007529213
0.001616888 -0.008705653
0.001618488 -0.008235077
0.001620088 -0.009176229
0.001621688 -0.009176229
0.001623288 -0.008470365
0.001624888 -0.008705653
0.001626488 -0.008470365
0.001628088 -0.008940941
0.001629688 -0.008470365
0.001631288 -0.008940941
0.001632888 -0.008940941
0.001634488 -0.008470365
0.001636088 -0.009176229
0.001637688 -0.008940941
0.001639288 -0.009646805
0.001640888 -0.01011738
0.001642488 -0.01011738
0.001644088 -0.01058796
0.001645688 -0.01129382
0.001647288 -0.01199968
0.001648888 -0.01223497
0.001650488 -0.01294084
0.001652088 -0.01341141
0.001653688 -0.01317612
0.001655288 -0.01458785
0.001656888 -0.01341141
0.001658488 -0.01435256
0.001660088 -0.01458785
0.001661688 -0.01482314
0.001663288 -0.01529371
0.001664888 -0.01458785
0.001666488 -0.01529371
0.001668088 -0.01435256
0.001669688 -0.01458785
0.001671288 -0.01435256
0.001672888 -0.01411728
0.001674488 -0.01482314
0.001676088 -0.01458785
0.001677688 -0.01411728
0.001679288 -0.01435256
0.001680888 -0.01458785
0.001682488 -0.01482314
0.001684088 -0.01458785
0.001685688 -0.01529371
0.001687288 -0.01435256
0.001688888 -0.01505843
0.001690488 -0.01505843
0.001692088 -0.015529
0.001693688 -0.01482314
0.001695288 -0.01505843
0.001696888 -0.01458785
0.001698488 -0.01435256
0.001700088 -0.01388199
0.001701688 -0.01388199
0.001703288 -0.01247026
0.001704888 -0.0117644
0.001706488 -0.0117644
0.001708088 -0.01105853
0.001709688 -0.009646805
0.001711288 -0.009882093
0.001712888 -0.009882093
0.001714488 -0.008235077
0.001716088 -0.008470365
0.001717688 -0.007529213
0.001719288 -0.007529213
0.001720888 -0.005882198
0.001722488 -0.005882198
0.001724088 -0.00447047
0.001725688 -0.003529319
0.001727288 -0.003529319
0.001728888 -0.003058743
0.001730488 -0.001882303
0.001732088 -0.002352879
0.001733688 -0.001882303
0.001735288 -0.001647015
0.001736888 -0.001647015
0.001738488 -0.002823455
0.001740088 -0.003058743
0.001741688 -0.003529319
0.001743288 -0.00447047
0.001744888 -0.006117486
0.001746488 -0.006588062
0.001748088 -0.007293925
0.001749688 -0.007764501
0.001751288 -0.008940941
0.001752888 -0.009646805
0.001754488 -0.01152911
0.001756088 -0.01105853
0.001757688 -0.01223497
0.001759288 -0.0117644
0.001760888 -0.0117644
0.001762488 -0.01247026
0.001764088 -0.01199968
0.001765688 -0.01199968
0.001767288 -0.01199968
0.001768888 -0.0117644
0.001770488 -0.01223497
0.001772088 -0.01082324
0.001773688 -0.01223497
0.001775288 -0.01082324
0.001776888 -0.01058796
0.001778488 -0.01035267
0.001780088 -0.01105853
0.001781688 -0.009882093
0.001783288 -0.009411517
0.001784888 -0.01035267
0.001786488 -0.01058796
0.001788088 -0.01058796
0.001789688 -0.01082324
0.001791288 -0.0117644
0.001792888 -0.0117644
0.001794488 -0.01058796
0.001796088 -0.0117644
0.001797688 -0.01082324
0.001799288 -0.0117644
0.001800888 -0.01035267
0.001802488 -0.01058796
0.001804088 -0.009646805
0.001805688 -0.009411517
0.001807288 -0.009176229
0.001808888 -0.009646805
0.001810488 -0.009176229
0.001812088 -0.007293925
0.001813688 -0.00682335
0.001815288 -0.006352774
0.001816888 -0.004941046
0.001818488 -0.005176334
0.001820088 -0.003529319
0.001821688 -0.003058743
0.001823288 -0.002352879
0.001824888 -0.001882303
0.001826488 -0.00117644
0.001828088 -0.0004705758
0.001829688 0
0.001831288 0
0.001832888 0.0004705758
0.001834488 0.0004705758
0.001836088 0.0004705758
0.001837688 0
0.001839288 0
0.001840888 -0.0002352879
0.001842488 0
0.001844088 0
0.001845688 0.0002352879
0.001847288 -0.0004705758
0.001848888 0.0004705758
0.001850488 0.0004705758
0.001852088 0.001647015
0.001853688 0.0007058638
0.001855288 0.0009411517
0.001856888 0.001647015
0.001858488 0.00117644
0.001860088 0.001411728
0.001861688 0.002352879
0.001863288 0.003058743
0.001864888 0.003058743
0.001866488 0.004705758
0.001868088 0.004941046
0.001869688 0.005176334
0.001871288 0.006352774
0.001872888 0.006352774
0.001874488 0.009176229
0.001876088 0.007999789
0.001877688 0.008470365
0.001879288 0.01152911
0.001880888 0.009411517
0.001882488 0.009411517
0.001884088 0.009646805
0.001885688 0.01011738
0.001887288 0.01011738
0.001888888 0.01058796
0.001890488 0.0117644
0.001892088 0.01058796
0.001893688 0.01129382
0.001895288 0.01105853
0.001896888 0.01270555
0.001898488 0.01129382
0.001900088 0.01223497
0.001901688 0.01294084
0.001903288 0.01294084
0.001904888 0.0136467
0.001906488 0.01458785
0.001908088 0.01482314
0.001909688 0.01482314
0.001911288 0.01529371
0.001912888 0.01717602
0.001914488 0.01670544
0.001916088 0.01811717
0.001917688 0.01764659
0.001919288 0.01764659
0.001920888 0.01811717
0.001922488 0.01835246
0.001924088 0.01764659
0.001925688 0.01717602
0.001927288 0.01741131
0.001928888 0.01623487
0.001930488 0.01599958
0.001932088 0.01623487
0.001933688 0.01505843
0.001935288 0.015529
0.001936888 0.01458785
0.001938488 0.01482314
0.001940088 0.01388199
0.001941688 0.01411728
0.001943288 0.01411728
0.001944888 0.01435256
0.001946488 0.01435256
0.001948088 0.01458785
0.001949688 0.01411728
0.001951288 0.01529371
0.001952888 0.01482314
0.001954488 0.015529
0.001956088 0.015529
0.001957688 0.01670544
0.001959288 0.01576429
0.001960888 0.01647015
0.001962488 0.01623487
0.001964088 0.015529
0.001965688 0.01458785
0.001967288 0.01435256
0.001968888 0.01411728
0.001970488 0.01294084
0.001972088 0.01152911
0.001973688 0.01129382
0.001975288 0.01011738
0.001976888 0.01082324
0.001978488 0.009646805
0.001980088 0.009882093
0.001981688 0.01011738
0.001983288 0.01035267
0.001984888 0.0117644
0.001986488 0.01294084
0.001988088 0.01411728
0.001989688 0.01576429
0.001991288 0.01599958
0.001992888 0.01858775
0.001994488 0.01976419
0.001996088 0.02094062
0.001997688 0.02164649
0.001999288 0.02305822
0.002000888 0.02399937
0.002002488 0.02376408
0.002004088 0.02494052
0.002005688 0.02494052
0.002007288 0.02564638
0.002008888 0.02658753
0.002010488 0.0254111
0.002012088 0.02635225
0.002013688 0.0254111
0.002015288 0.02682282
0.002016888 0.02588167
0.002018488 0.02611696
0.002020088 0.02564638
0.002021688 0.02517581
0.002023288 0.02611696
0.002024888 0.02588167
0.002026488 0.02517581
0.002028088 0.02446994
0.002029688 0.02352879
0.002031288 0.02305822
0.002032888 0.02235235
0.002034488 0.02188178
0.002036088 0.02023476
0.002037688 0.02070534
0.002039288 0.0195289
0.002040888 0.01929361
0.002042488 0.01835246
0.002044088 0.01858775
0.002045688 0.01788188
0.002047288 0.01811717
0.002048888 0.01764659
0.002050488 0.01764659
0.002052088 0.01764659
0.002053688 0.01835246
0.002055288 0.01741131
0.002056888 0.01717602
0.002058488 0.01694073
0.002060088 0.01717602
0.002061688 0.01717602
0.002063288 0.01647015
0.002064888 0.01599958
0.002066488 0.01529371
0.002068088 0.01482314
0.002069688 0.01411728
0.002071288 0.01341141
0.002072888 0.01247026
0.002074488 0.01082324
0.002076088 0.01152911
0.002077688 0.01035267
0.002079288 0.009176229
0.002080888 0.009411517
0.002082488 0.008470365
0.002084088 0.007999789
0.002085688 0.007529213
0.002087288 0.007764501
0.002088888 0.007764501
0.002090488 0.006588062
0.002092088 0.008235077
0.002093688 0.008235077
0.002095288 0.009646805
0.002096888 0.01011738
0.002098488 0.01082324
0.002100088 0.0117644
0.002101688 0.01199968
0.002103288 0.01294084
0.002104888 0.0136467
0.002106488 0.01529371
0.002108088 0.01482314
0.002109688 0.01576429
0.002111288 0.01599958
0.002112888 0.01505843
0.002114488 0.01505843
0.002116088 0.01529371
0.002117688 0.01458785
0.002119288 0.0136467
0.002120888 0.0136467
0.002122488 0.01341141
0.002124088 0.01129382
0.002125688 0.01082324
0.002127288 0.009646805
0.002128888 0.008235077
0.002130488 0.007058638
0.002132088 0.006117486
0.002133688 0.005882198
0.002135288 0.003999895
0.002136888 0.003999895
0.002138488 0.003058743
0.002140088 0.002588167
0.002141688 0.0009411517
0.002143288 0.0002352879
0.002144888 -0.0002352879
0.002146488 -0.002117591
0.002148088 -0.002117591
0.002149688 -0.002352879
0.002151288 -0.002588167
0.002152888 -0.002588167
0.002154488 -0.003294031
0.002156088 -0.002117591
0.002157688 -0.003058743
0.002159288 -0.002352879
0.002160888 -0.002117591
0.002162488 -0.001411728
0.002164088 -0.00117644
0.002165688 -0.00117644
0.002167288 -0.0004705758
0.002168888 -0.0004705758
0.002170488 -0.0004705758
0.002172088 -0.00117644
0.002173688 -0.00117644
0.002175288 -0.0009411517
0.002176888 -0.002117591
0.002178488 -0.002588167
0.002180088 -0.003058743
0.002181688 -0.004235183
0.002183288 -0.005176334
0.002184888 -0.005176334
0.002186488 -0.006117486
0.002188088 -0.006588062
0.002189688 -0.007058638
0.002191288 -0.006352774
0.002192888 -0.007764501
0.002194488 -0.006352774
0.002196088 -0.007293925
0.002197688 -0.005882198
0.002199288 -0.006588062
0.002200888 -0.005411622
0.002202488 -0.00564691
0.002204088 -0.004941046
0.002205688 -0.003529319
0.002207288 -0.00447047
0.002208888 -0.004235183
0.002210488 -0.003764607
0.002212088 -0.003764607
0.002213688 -0.003764607
0.002215288 -0.00447047
0.002216888 -0.003764607
0.002218488 -0.00447047
0.002220088 -0.004705758
0.002221688 -0.004941046
0.002223288 -0.004941046
0.002224888 -0.005411622
0.002226488 -0.005882198
0.002228088 -0.006352774
0.002229688 -0.00564691
0.002231288 -0.007058638
0.002232888 -0.006588062
0.002234488 -0.008940941
0.002236088 -0.006117486
0.002237688 -0.008940941
0.002239288 -0.008470365
0.002240888 -0.009411517
0.002242488 -0.009882093
0.002244088 -0.01082324
0.002245688 -0.01152911
0.002247288 -0.01317612
0.002248888 -0.01435256
0.002250488 -0.01576429
0.002252088 -0.01647015
0.002253688 -0.01811717
0.002255288 -0.01858775
0.002256888 -0.02047005
0.002258488 -0.02117591
0.002260088 -0.02211706
0.002261688 -0.02282293
0.002263288 -0.02235235
0.002264888 -0.02282293
0.002266488 -0.02188178
0.002268088 -0.02235235
0.002269688 -0.02164649
0.002271288 -0.02235235
0.002272888 -0.02070534
0.002274488 -0.0214112
0.002276088 -0.02047005
0.002277688 -0.01976419
0.002279288 -0.0195289
0.002280888 -0.01999947
0.002282488 -0.01929361
0.002284088 -0.01882303
0.002285688 -0.01905832
0.002287288 -0.02023476
0.002288888 -0.01811717
0.002290488 -0.01835246
0.002292088 -0.01835246
0.002293688 -0.01694073
0.002295288 -0.01670544
0.002296888 -0.01529371
0.002298488 -0.01482314
0.002300088 -0.0136467
0.002301688 -0.01247026
0.002303288 -0.01105853
0.002304888 -0.01011738
0.002306488 -0.009411517
0.002308088 -0.008470365
0.002309688 -0.007293925
0.002311288 -0.007058638
0.002312888 -0.00564691
0.002314488 -0.006588062
0.002316088 -0.005176334
0.002317688 -0.006117486
0.002319288 -0.006352774
0.002320888 -0.006588062
0.002322488 -0.00682335
0.002324088 -0.008470365
0.002325688 -0.009646805
0.002327288 -0.009882093
0.002328888 -0.01082324
0.002330488 -0.01129382
0.002332088 -0.01152911
0.002333688 -0.0117644
0.002335288 -0.0117644
0.002336888 -0.01247026
0.002338488 -0.01247026
0.002340088 -0.01341141
0.002341688 -0.0136467
0.002343288 -0.0136467
0.002344888 -0.01435256
0.002346488 -0.01435256
0.002348088 -0.01529371
0.002349688 -0.015529
0.002351288 -0.01599958
0.002352888 -0.01599958
0.002354488 -0.01694073
0.002356088 -0.01717602
0.002357688 -0.01741131
0.002359288 -0.01788188
0.002360888 -0.01811717
0.002362488 -0.01811717
0.002364088 -0.01858775
0.002365688 -0.01882303
0.002367288 -0.01788188
0.002368888 -0.01788188
0.002370488 -0.01811717
0.002372088 -0.01694073
0.002373688 -0.01647015
0.002375288 -0.01647015
0.002376888 -0.01623487
0.002378488 -0.01505843
0.002380088 -0.01505843
0.002381688 -0.01505843
0.002383288 -0.01458785
0.002384888 -0.01435256
0.002386488 -0.01388199
0.002388088 -0.01482314
0.002389688 -0.01529371
0.002391288 -0.01647015
0.002392888 -0.01670544
0.002394488 -0.01670544
0.002396088 -0.01741131
0.002397688 -0.01811717
0.002399288 -0.01741131
0.002400888 -0.01741131
0.002402488 -0.01741131
0.002404088 -0.01741131
0.002405688 -0.01647015
0.002407288 -0.01623487
0.002408888 -0.01576429
0.002410488 -0.01482314
0.002412088 -0.01576429
0.002413688 -0.01411728
0.002415288 -0.01294084
0.002416888 -0.01270555
0.002418488 -0.0117644
0.002420088 -0.01294084
0.002421688 -0.0117644
0.002423288 -0.01129382
0.002424888 -0.01199968
0.002426488 -0.01199968
0.002428088 -0.0117644
0.002429688 -0.0117644
0.002431288 -0.01270555
0.002432888 -0.01247026
0.002434488 -0.01199968
0.002436088 -0.01294084
0.002437688 -0.01270555
0.002439288 -0.01294084
0.002440888 -0.01317612
0.002442488 -0.01247026
0.002444088 -0.01199968
0.002445688 -0.01199968
0.002447288 -0.01223497
0.002448888 -0.01199968
0.002450488 -0.0117644
0.002452088 -0.01223497
0.002453688 -0.01105853
0.002455288 -0.0117644
0.002456888 -0.0117644
0.002458488 -0.0117644
0.002460088 -0.01082324
0.002461688 -0.01199968
0.002463288 -0.01129382
0.002464888 -0.01129382
0.002466488 -0.01247026
0.002468088 -0.01247026
0.002469688 -0.0117644
0.002471288 -0.01270555
0.002472888 -0.01270555
0.002474488 -0.0136467
0.002476088 -0.01270555
0.002477688 -0.01294084
0.002479288 -0.0117644
0.002480888 -0.01199968
0.002482488 -0.01082324
0.002484088 -0.01105853
0.002485688 -0.01035267
0.002487288 -0.009882093
0.002488888 -0.008705653
0.002490488 -0.008940941
0.002492088 -0.007764501
0.002493688 -0.007764501
0.002495288 -0.007058638
0.002496888 -0.00682335
0.002498488 -0.007529213
0.002500088 -0.006588062
0.002501688 -0.006117486
0.002503288 -0.006352774
0.002504888 -0.006588062
0.002506488 -0.00682335
0.002508088 -0.006588062
0.002509688 -0.006352774
0.002511288 -0.006588062
0.002512888 -0.007293925
0.002514488 -0.00682335
0.002516088 -0.007058638
0.002517688 -0.00682335
0.002519288 -0.007529213
0.002520888 -0.006588062
0.002522488 -0.007293925
0.002524088 -0.006352774
0.002525688 -0.006352774
0.002527288 -0.006588062
0.002528888 -0.006352774
0.002530488 -0.006117486
0.002532088 -0.00564691
0.002533688 -0.005411622
0.002535288 -0.005882198
0.002536888 -0.005411622
0.002538488 -0.00564691
0.002540088 -0.005176334
0.002541688 -0.005411622
0.002543288 -0.005176334
0.002544888 -0.004941046
0.002546488 -0.00564691
0.002548088 -0.00564691
0.002549688 -0.005176334
0.002551288 -0.006117486
0.002552888 -0.00564691
0.002554488 -0.005411622
0.002556088 -0.004705758
0.002557688 -0.005411622
0.002559288 -0.00447047
0.002560888 -0.004235183
0.002562488 -0.003764607
0.002564088 -0.003529319
0.002565688 -0.003529319
0.002567288 -0.003294031
0.002568888 -0.003058743
0.002570488 -0.003058743
0.002572088 -0.003764607
0.002573688 -0.003764607
0.002575288 -0.003764607
0.002576888 -0.004235183
0.002578488 -0.004705758
0.002580088 -0.005882198
0.002581688 -0.005176334
0.002583288 -0.006117486
0.002584888 -0.00682335
0.002586488 -0.007764501
0.002588088 -0.007058638
0.002589688 -0.006352774
0.002591288 -0.008235077
0.002592888 -0.008470365
0.002594488 -0.008470365
0.002596088 -0.009411517
0.002597688 -0.008470365
0.002599288 -0.008940941
0.002600888 -0.009411517
0.002602488 -0.008470365
0.002604088 -0.007999789
0.002605688 -0.007529213
0.002607288 -0.006588062
0.002608888 -0.007058638
0.002610488 -0.005176334
0.002612088 -0.004705758
0.002613688 -0.003529319
0.002615288 -0.002823455
0.002616888 -0.0009411517
0.002618488 -0.0004705758
0.002620088 0.002117591
0.002621688 0.002588167
0.002623288 0.003764607
0.002624888 0.004941046
0.002626488 0.006352774
0.002628088 0.007764501
0.002629688 0.008235077
0.002631288 0.008705653
0.002632888 0.009411517
0.002634488 0.008705653
0.002636088 0.009411517
0.002637688 0.008940941
0.002639288 0.008470365
0.002640888 0.007529213
0.002642488 0.007293925
0.002644088 0.006117486
0.002645688 0.00682335
0.002647288 0.005176334
0.002648888 0.004941046
0.002650488 0.004705758
0.002652088 0.004705758
0.002653688 0.003999895
0.002655288 0.003294031
0.002656888 0.003294031
0.002658488 0.003294031
0.002660088 0.002352879
0.002661688 0.003294031
0.002663288 0.002588167
0.002664888 0.002352879
0.002666488 0.002352879
0.002668088 0.002352879
0.002669688 0.002352879
0.002671288 0.001647015
0.002672888 0.002352879
0.002674488 0.002117591
0.002676088 0.001647015
0.002677688 0.002823455
0.002679288 0.002352879
0.002680888 0.002352879
0.002682488 0.001647015
0.002684088 0.002117591
0.002685688 0.001411728
0.002687288 0.001647015
0.002688888 0.001882303
0.002690488 0.0009411517
0.002692088 0.0007058638
0.002693688 0.0007058638
0.002695288 0.0009411517
0.002696888 0.0007058638
0.002698488 0.0002352879
0.002700088 0.0002352879
0.002701688 -0.00117644
0.002703288 -0.0007058638
0.002704888 -0.001647015
0.002706488 -0.00117644
0.002708088 -0.0007058638
0.002709688 -0.0007058638
0.002711288 -0.00117644
0.002712888 0
0.002714488 -0.0004705758
0.002716088 0
0.002717688 0.0004705758
0.002719288 0.001411728
0.002720888 0.0009411517
0.002722488 0.002117591
0.002724088 0.003058743
0.002725688 0.002823455
0.002727288 0.003058743
0.002728888 0.003999895
0.002730488 0.003294031
0.002732088 0.004235183
0.002733688 0.002352879
0.002735288 0.003764607
0.002736888 0.002117591
0.002738488 0.001882303
0.002740088 0.0009411517
0.002741688 0.0007058638
0.002743288 -0.00117644
0.002744888 -0.0009411517
0.002746488 -0.001647015
0.002748088 -0.003294031
0.002749688 -0.002352879
0.002751288 -0.003294031
0.002752888 -0.004235183
0.002754488 -0.003999895
0.002756088 -0.004235183
0.002757688 -0.004235183
0.002759288 -0.004235183
0.002760888 -0.003294031
0.002762488 -0.004235183
0.002764088 -0.003294031
0.002765688 -0.002117591
0.002767288 -0.002352879
0.002768888 -0.002117591
0.002770488 -0.001882303
0.002772088 -0.0009411517
0.002773688 -0.0009411517
0.002775288 -0.0007058638
0.002776888 0
0.002778488 0.0002352879
0.002780088 0.001882303
0.002781688 0.001411728
0.002783288 0.001647015
0.002784888 0.002823455
0.002786488 0.003999895
0.002788088 0.003529319
0.002789688 0.004705758
0.002791288 0.00564691
0.002792888 0.005882198
0.002794488 0.007293925
0.002796088 0.007293925
0.002797688 0.008470365
0.002799288 0.007764501
0.002800888 0.008235077
0.002802488 0.009411517
0.002804088 0.009411517
0.002805688 0.009882093
0.002807288 0.009176229
0.002808888 0.009411517
0.002810488 0.009176229
0.002812088 0.009882093
0.002813688 0.009176229
0.002815288 0.008940941
0.002816888 0.009646805
0.002818488 0.008940941
0.002820088 0.008705653
0.002821688 0.008940941
0.002823288 0.007764501
0.002824888 0.008705653
0.002826488 0.009176229
0.002828088 0.009882093
0.002829688 0.009646805
0.002831288 0.01011738
0.002832888 0.009882093
0.002834488 0.009646805
0.002836088 0.01011738
0.002837688 0.009882093
0.002839288 0.009176229
0.002840888 0.009176229
0.002842488 0.009176229
0.002844088 0.008705653
0.002845688 0.007293925
0.002847288 0.007529213
0.002848888 0.00682335
0.002850488 0.00682335
0.002852088 0.00682335
0.002853688 0.006352774
0.002855288 0.005411622
0.002856888 0.006117486
0.002858488 0.005882198
0.002860088 0.005882198
0.002861688 0.005882198
0.002863288 0.007058638
0.002864888 0.007058638
0.002866488 0.00682335
0.002868088 0.007529213
0.002869688 0.006352774
0.002871288 0.007058638
0.002872888 0.00682335
0.002874488 0.006117486
0.002876088 0.006117486
0.002877688 0.005882198
0.002879288 0.006117486
0.002880888 0.00447047
0.002882488 0.004941046
0.002884088 0.004235183
0.002885688 0.003764607
0.002887288 0.00447047
0.002888888 0.004235183
0.002890488 0.003529319
0.002892088 0.003764607
0.002893688 0.003294031
0.002895288 0.003999895
0.002896888 0.004235183
0.002898488 0.003999895
0.002900088 0.00447047
0.002901688 0.004705758
0.002903288 0.004941046
0.002904888 0.005176334
0.002906488 0.00447047
0.002908088 0.005882198
0.002909688 0.00447047
0.002911288 0.004235183
0.002912888 0.003764607
0.002914488 0.003764607
0.002916088 0.003058743
0.002917688 0.002823455
0.002919288 0.002117591
0.002920888 0.0009411517
0.002922488 0.0004705758
0.002924088 0
0.002925688 0
0.002927288 0
0.002928888 -0.0009411517
0.002930488 -0.0004705758
0.002932088 -0.0007058638
0.002933688 -0.0004705758
0.002935288 -0.0002352879
0.002936888 0.0004705758
0.002938488 0.0004705758
0.002940088 0.001411728
0.002941688 0.001411728
0.002943288 0.001647015
0.002944888 0.002117591
0.002946488 0.001411728
0.002948088 0.002117591
0.002949688 0.002117591
0.002951288 0.002117591
0.002952888 0.002352879
0.002954488 0.001882303
0.002956088 0.002588167
0.002957688 0.0009411517
0.002959288 0.0009411517
0.002960888 0.0004705758
0.002962488 -0.0002352879
0.002964088 -0.0002352879
0.002965688 -0.0004705758
0.002967288 0
0.002968888 -0.0009411517
0.002970488 -0.0002352879
0.002972088 -0.0009411517
0.002973688 -0.0004705758
0.002975288 -0.0007058638
0.002976888 -0.0007058638
0.002978488 0.0004705758
0.002980088 0.0002352879
0.002981688 0.0004705758
0.002983288 0.0004705758
0.002984888 0.001647015
0.002986488 0.001647015
0.002988088 0.002117591
0.002989688 0.001647015
0.002991288 0.002117591
0.002992888 0.002117591
0.002994488 0.003529319
0.002996088 0.002823455
0.002997688 0.003529319
0.002999288 0.003764607
0.003000888 0.003529319
0.003002488 0.003529319
0.003004088 0.004235183
0.003005688 0.00447047
0.003007288 0.00564691
0.003008888 0.004941046
0.003010488 0.00564691
0.003012088 0.006117486
0.003013688 0.007293925
0.003015288 0.00682335
0.003016888 0.007529213
0.003018488 0.008705653
0.003020088 0.008470365
0.003021688 0.01011738
0.003023288 0.009882093
0.003024888 0.01011738
0.003026488 0.01035267
0.003028088 0.01035267
0.003029688 0.009176229
0.003031288 0.01035267
0.003032888 0.009882093
0.003034488 0.01058796
0.003036088 0.01035267
0.003037688 0.01035267
0.003039288 0.01035267
0.003040888 0.01082324
0.003042488 0.01035267
0.003044088 0.01082324
0.003045688 0.01152911
0.003047288 0.01129382
0.003048888 0.0117644
0.003050488 0.01129382
0.003052088 0.0117644
0.003053688 0.01199968
0.003055288 0.01223497
0.003056888 0.01223497
0.003058488 0.01247026
0.003060088 0.01247026
0.003061688 0.01294084
0.003063288 0.01247026
0.003064888 0.01317612
0.003066488 0.01294084
0.003068088 0.01341141
0.003069688 0.01294084
0.003071288 0.01435256
0.003072888 0.01505843
0.003074488 0.015529
0.003076088 0.01458785
0.003077688 0.01599958
0.003079288 0.01599958
0.003080888 0.01670544
0.003082488 0.01717602
0.003084088 0.01694073
0.003085688 0.01764659
0.003087288 0.01717602
0.003088888 0.01717602
0.003090488 0.01741131
0.003092088 0.01717602
0.003093688 0.01647015
0.003095288 0.01647015
0.003096888 0.01623487
0.003098488 0.01623487
0.003100088 0.01623487
0.003101688 0.01458785
0.003103288 0.01529371
0.003104888 0.01529371
0.003106488 0.01458785
0.003108088 0.01435256
0.003109688 0.01435256
0.003111288 0.01388199
0.003112888 0.01388199
0.003114488 0.0136467
0.003116088 0.01247026
0.003117688 0.0136467
0.003119288 0.01341141
0.003120888 0.01294084
0.003122488 0.01341141
0.003124088 0.01247026
0.003125688 0.01270555
0.003127288 0.01223497
0.003128888 0.01105853
0.003130488 0.01082324
0.003132088 0.01129382
0.003133688 0.01011738
0.003135288 0.01058796
0.003136888 0.009646805
0.003138488 0.009176229
0.003140088 0.01011738
0.003141688 0.008705653
0.003143288 0.008705653
0.003144888 0.007529213
0.003146488 0.007764501
0.003148088 0.008705653
0.003149688 0.007764501
0.003151288 0.008470365
0.003152888 0.008235077
0.003154488 0.008470365
0.003156088 0.007999789
0.003157688 0.009411517
0.003159288 0.007999789
0.003160888 0.008235077
0.003162488 0.007764501
0.003164088 0.007529213
0.003165688 0.007058638
0.003167288 0.007999789
0.003168888 0.005882198
0.003170488 0.005882198
0.003172088 0.005176334
0.003173688 0.004705758
0.003175288 0.004235183
0.003176888 0.003999895
0.003178488 0.002588167
0.003180088 0.002588167
0.003181688 0.00117644
0.003183288 0.0009411517
0.003184888 0.0004705758
0.003186488 0
0.003188088 -0.0004705758
0.003189688 -0.0004705758
0.003191288 -0.0007058638
0.003192888 -0.0009411517
0.003194488 -0.0004705758
0.003196088 -0.0007058638
0.003197688 -0.0004705758
0.003199288 -0.0007058638
0.003200888 -0.0007058638
0.003202488 -0.0004705758
0.003204088 -0.0007058638
0.003205688 0
0.003207288 -0.0004705758
0.003208888 0.0002352879
0.003210488 0
0.003212088 -0.0002352879
0.003213688 -0.0009411517
0.003215288 -0.0002352879
0.003216888 0.0007058638
0.003218488 -0.0007058638
0.003220088 0.0004705758
0.003221688 0.0002352879
0.003223288 0.00117644
0.003224888 0.0007058638
0.003226488 0.0002352879
0.003228088 0.001647015
0.003229688 0
0.003231288 0.0007058638
0.003232888 0
0.003234488 0.0004705758
0.003236088 -0.0004705758
0.003237688 -0.0004705758
0.003239288 -0.00117644
0.003240888 -0.00117644
0.003242488 -0.00117644
0.003244088 -0.002117591
0.003245688 -0.001647015
0.003247288 -0.002117591
0.003248888 -0.002588167
0.003250488 -0.001882303
0.003252088 -0.002588167
0.003253688 -0.001882303
0.003255288 -0.001647015
0.003256888 -0.0009411517
0.003258488 -0.0009411517
0.003260088 0
0.003261688 -0.0002352879
0.003263288 0.0002352879
0.003264888 0.0009411517
0.003266488 0.002117591
0.003268088 0.001647015
0.003269688 0.002823455
0.003271288 0.001882303
0.003272888 0.003058743
0.003274488 0.001882303
0.003276088 0.002823455
0.003277688 0.001882303
0.003279288 0.002117591
0.003280888 0.001411728
0.003282488 0.002117591
0.003284088 0.0009411517
0.003285688 0.0007058638
0.003287288 0.00117644
0.003288888 -0.0002352879
0.003290488 -0.0002352879
0.003292088 -0.0007058638
0.003293688 -0.0007058638
0.003295288 -0.0002352879
0.003296888 -0.001647015
0.003298488 -0.001411728
0.003300088 -0.001882303
0.003301688 -0.0007058638
0.003303288 -0.002117591
0.003304888 -0.0007058638
0.003306488 -0.001411728
0.003308088 -0.0009411517
0.003309688 -0.00117644
0.003311288 -0.0009411517
0.003312888 -0.00117644
0.003314488 -0.0009411517
0.003316088 -0.001411728
0.003317688 -0.002117591
0.003319288 -0.001882303
0.003320888 -0.002352879
0.003322488 -0.002352879
0.003324088 -0.002117591
0.003325688 -0.002352879
0.003327288 -0.003529319
0.003328888 -0.003764607
0.003330488 -0.003764607
0.003332088 -0.00447047
0.003333688 -0.003999895
0.003335288 -0.005411622
0.003336888 -0.004941046
0.003338488 -0.005176334
0.003340088 -0.00564691
0.003341688 -0.005176334
0.003343288 -0.004941046
0.003344888 -0.00564691
0.003346488 -0.003999895
0.003348088 -0.004705758
0.003349688 -0.004235183
0.003351288 -0.003999895
0.003352888 -0.003294031
0.003354488 -0.003294031
0.003356088 -0.002588167
0.003357688 -0.002588167
0.003359288 -0.001882303
0.003360888 -0.002352879
0.003362488 -0.001882303
0.003364088 -0.002117591
0.003365688 -0.001882303
0.003367288 -0.002352879
0.003368888 -0.002352879
0.003370488 -0.002823455
0.003372088 -0.002823455
0.003373688 -0.004235183
0.003375288 -0.003999895
0.003376888 -0.00447047
0.003378488 -0.005411622
0.003380088 -0.006117486
0.003381688 -0.005176334
0.003383288 -0.007293925
0.003384888 -0.00564691
0.003386488 -0.006588062
0.003388088 -0.006352774
0.003389688 -0.00682335
0.003391288 -0.006352774
0.003392888 -0.006117486
0.003394488 -0.006117486
0.003396088 -0.006352774
0.003397688 -0.005411622
0.003399288 -0.00682335
0.003400888 -0.004941046
0.003402488 -0.004941046
0.003404088 -0.003764607
0.003405688 -0.003999895
0.003407288 -0.003529319
0.003408888 -0.003529319
0.003410488 -0.003058743
0.003412088 -0.003294031
0.003413688 -0.002117591
0.003415288 -0.002117591
0.003416888 -0.001882303
0.003418488 -0.002352879
0.003420088 -0.001647015
0.003421688 -0.001647015
0.003423288 -0.001411728
0.003424888 -0.001647015
0.003426488 -0.001882303
0.003428088 -0.002588167
0.003429688 -0.001882303
0.003431288 -0.003294031
0.003432888 -0.003294031
0.003434488 -0.003529319
0.003436088 -0.004235183
0.003437688 -0.004235183
0.003439288 -0.005176334
0.003440888 -0.004941046
0.003442488 -0.005411622
0.003444088 -0.00682335
0.003445688 -0.006117486
0.003447288 -0.007764501
0.003448888 -0.005882198
0.003450488 -0.007058638
0.003452088 -0.007058638
0.003453688 -0.007293925
0.003455288 -0.006352774
0.003456888 -0.006588062
0.003458488 -0.00564691
0.003460088 -0.006352774
0.003461688 -0.005176334
0.003463288 -0.00564691
0.003464888 -0.003999895
0.003466488 -0.00447047
0.003468088 -0.003999895
0.003469688 -0.003058743
0.003471288 -0.003294031
0.003472888 -0.002588167
0.003474488 -0.002823455
0.003476088 -0.002588167
0.003477688 -0.002117591
0.003479288 -0.003294031
0.003480888 -0.002588167
0.003482488 -0.003058743
0.003484088 -0.002352879
0.003485688 -0.002823455
0.003487288 -0.002352879
0.003488888 -0.003294031
0.003490488 -0.002352879
0.003492088 -0.002823455
0.003493688 -0.002352879
0.003495288 -0.00117644
0.003496888 -0.001411728
0.003498488 -0.0004705758
0.003500088 -0.0004705758
0.003501688 0
0.003503288 0
0.003504888 0.0007058638
0.003506488 0.0004705758
0.003508088 0.00117644
0.003509688 0.001882303
0.003511288 0.00117644
0.003512888 0.002117591
0.003514488 0.002117591
0.003516088 0.002352879
0.003517688 0.002352879
0.003519288 0.00117644
0.003520888 0.001647015
0.003522488 0.001882303
0.003524088 0.0009411517
0.003525688 0.001882303
0.003527288 0.001411728
0.003528888 0.001411728
0.003530488 0.001882303
0.003532088 0.001411728
0.003533688 0.00117644
0.003535288 0.001411728
0.003536888 0.001411728
0.003538488 0.001647015
0.003540088 0.001411728
0.003541688 0.001411728
0.003543288 0.001411728
0.003544888 0.002117591
0.003546488 0.002117591
0.003548088 0.002117591
0.003549688 0.002352879
0.003551288 0.002352879
0.003552888 0.001882303
0.003554488 0.001882303
0.003556088 0.001647015
0.003557688 0.00117644
0.003559288 0.0009411517
0.003560888 0.0007058638
0.003562488 0.0007058638
0.003564088 0
0.003565688 0.0004705758
0.003567288 0.0002352879
0.003568888 -0.0009411517
0.003570488 -0.0004705758
0.003572088 -0.0007058638
0.003573688 0
0.003575288 -0.0009411517
0.003576888 -0.00117644
0.003578488 -0.001411728
0.003580088 -0.001647015
0.003581688 -0.001882303
0.003583288 -0.002117591
0.003584888 -0.001647015
0.003586488 -0.001411728
0.003588088 -0.001882303
0.003589688 -0.001411728
0.003591288 -0.00117644
0.003592888 -0.0009411517
0.003594488 -0.0004705758
0.003596088 0.0004705758
0.003597688 -0.0007058638
0.003599288 0
0.003600888 -0.0004705758
0.003602488 0
0.003604088 0.0007058638
0.003605688 0.0004705758
0.003607288 0.0002352879
0.003608888 0.0004705758
0.003610488 0.0004705758
0.003612088 0.0009411517
0.003613688 0.0004705758
0.003615288 0.0002352879
0.003616888 0.0004705758
0.003618488 0.0009411517
0.003620088 -0.0007058638
0.003621688 -0.0002352879
0.003623288 -0.0007058638
0.003624888 -0.001647015
0.003626488 -0.001882303
0.003628088 -0.001647015
0.003629688 -0.002588167
0.003631288 -0.002352879
0.003632888 -0.002823455
0.003634488 -0.002588167
0.003636088 -0.003058743
0.003637688 -0.001647015
0.003639288 -0.003529319
0.003640888 -0.003058743
0.003642488 -0.003058743
0.003644088 -0.002823455
0.003645688 -0.002823455
0.003647288 -0.002352879
0.003648888 -0.001647015
0.003650488 -0.0009411517
0.003652088 -0.001647015
0.003653688 -0.0007058638
0.003655288 -0.00117644
0.003656888 -0.0002352879
0.003658488 0
0.003660088 0.0009411517
0.003661688 0.0007058638
0.003663288 0.001411728
0.003664888 0.00117644
0.003666488 0.0009411517
0.003668088 0.001411728
0.003669688 0.001411728
0.003671288 0.001411728
0.003672888 0.002352879
0.003674488 0.002117591
0.003676088 0.002588167
0.003677688 0.002117591
0.003679288 0.003058743
0.003680888 0.003294031
0.003682488 0.003529319
0.003684088 0.003058743
0.003685688 0.004235183
0.003687288 0.003764607
0.003688888 0.004941046
0.003690488 0.004705758
0.003692088 0.00564691
0.003693688 0.005176334
0.003695288 0.006117486
0.003696888 0.006588062
0.003698488 0.006588062
0.003700088 0.007293925
0.003701688 0.008235077
0.003703288 0.008705653
0.003704888 0.009646805
0.003706488 0.008940941
0.003708088 0.009646805
0.003709688 0.01011738
0.003711288 0.009882093
0.003712888 0.01035267
0.003714488 0.01011738
0.003716088 0.01035267
0.003717688 0.01058796
0.003719288 0.01035267
0.003720888 0.01058796
0.003722488 0.01035267
0.003724088 0.01105853
0.003725688 0.01058796
0.003727288 0.01011738
0.003728888 0.01058796
0.003730488 0.01058796
0.003732088 0.01082324
0.003733688 0.01105853
0.003735288 0.01035267
0.003736888 0.01105853
0.003738488 0.01035267
0.003740088 0.01129382
0.003741688 0.01035267
0.003743288 0.01152911
0.003744888 0.01129382
0.003746488 0.01129382
0.003748088 0.01105853
0.003749688 0.01129382
0.003751288 0.01129382
0.003752888 0.01152911
0.003754488 0.0117644
0.003756088 0.0117644
0.003757688 0.01223497
0.003759288 0.0117644
0.003760888 0.0117644
0.003762488 0.01129382
0.003764088 0.01011738
0.003765688 0.01011738
0.003767288 0.008470365
0.003768888 0.008940941
0.003770488 0.007764501
0.003772088 0.00682335
0.003773688 0.007058638
0.003775288 0.006117486
0.003776888 0.004705758
0.003778488 0.005176334
0.003780088 0.003294031
0.003781688 0.004235183
0.003783288 0.002588167
0.003784888 0.003058743
0.003786488 0.001647015
0.003788088 0.001411728
0.003789688 0.001411728
0.003791288 0.0004705758
0.003792888 0.0004705758
0.003794488 -0.0004705758
0.003796088 0
0.003797688 0.0002352879
0.003799288 -0.0009411517
0.003800888 -0.001411728
0.003802488 -0.00117644
0.003804088 -0.002117591
0.003805688 -0.002352879
0.003807288 -0.003529319
0.003808888 -0.003529319
0.003810488 -0.00447047
0.003812088 -0.004941046
0.003813688 -0.005176334
0.003815288 -0.005882198
0.003816888 -0.006352774
0.003818488 -0.007529213
0.003820088 -0.005882198
0.003821688 -0.007529213
0.003823288 -0.007293925
0.003824888 -0.007293925
0.003826488 -0.007764501
0.003828088 -0.007529213
0.003829688 -0.007529213
0.003831288 -0.008705653
0.003832888 -0.007764501
0.003834488 -0.008705653
0.003836088 -0.008235077
0.003837688 -0.009176229
0.003839288 -0.008940941
0.003840888 -0.009176229
0.003842488 -0.008940941
0.003844088 -0.01011738
0.003845688 -0.009882093
0.003847288 -0.01035267
0.003848888 -0.01011738
0.003850488 -0.01082324
0.003852088 -0.01105853
0.003853688 -0.01129382
0.003855288 -0.01082324
0.003856888 -0.01152911
0.003858488 -0.01129382
0.003860088 -0.01105853
0.003861688 -0.01152911
0.003863288 -0.01152911
0.003864888 -0.01105853
0.003866488 -0.01082324
0.003868088 -0.009882093
0.003869688 -0.01058796
0.003871288 -0.01058796
0.003872888 -0.01035267
0.003874488 -0.009882093
0.003876088 -0.01058796
0.003877688 -0.009411517
0.003879288 -0.009176229
0.003880888 -0.009411517
0.003882488 -0.008705653
0.003884088 -0.009411517
0.003885688 -0.008940941
0.003887288 -0.008470365
0.003888888 -0.009176229
0.003890488 -0.007529213
0.003892088 -0.007764501
0.003893688 -0.007293925
0.003895288 -0.007293925
0.003896888 -0.006352774
0.003898488 -0.006352774
0.003900088 -0.006352774
0.003901688 -0.005882198
0.003903288 -0.005176334
0.003904888 -0.005176334
0.003906488 -0.004941046
0.003908088 -0.005882198
0.003909688 -0.004941046
0.003911288 -0.004941046
0.003912888 -0.005176334
0.003914488 -0.00564691
0.003916088 -0.005176334
0.003917688 -0.005882198
0.003919288 -0.005411622
0.003920888 -0.006117486
0.003922488 -0.006352774
0.003924088 -0.00564691
0.003925688 -0.005411622
0.003927288 -0.005882198
0.003928888 -0.004941046
0.003930488 -0.005411622
0.003932088 -0.00564691
0.003933688 -0.005882198
0.003935288 -0.004705758
0.003936888 -0.004705758
0.003938488 -0.004941046
0.003940088 -0.007293925
0.003941688 -0.005882198
0.003943288 -0.006352774
0.003944888 -0.00564691
0.003946488 -0.007058638
0.003948088 -0.007058638
0.003949688 -0.008470365
0.003951288 -0.007999789
0.003952888 -0.008940941
0.003954488 -0.009646805
0.003956088 -0.009411517
0.003957688 -0.009646805
0.003959288 -0.009882093
0.003960888 -0.01011738
0.003962488 -0.01082324
0.003964088 -0.01011738
0.003965688 -0.01058796
0.003967288 -0.01011738
0.003968888 -0.01082324
0.003970488 -0.01011738
0.003972088 -0.01035267
0.003973688 -0.009411517
0.003975288 -0.009882093
0.003976888 -0.01011738
0.003978488 -0.009882093
0.003980088 -0.009646805
0.003981688 -0.01035267
0.003983288 -0.01035267
0.003984888 -0.009882093
0.003986488 -0.01011738
0.003988088 -0.01105853
0.003989688 -0.01035267
0.003991288 -0.01058796
0.003992888 -0.01082324
0.003994488 -0.01129382
0.003996088 -0.01082324
0.003997688 -0.01105853
0.003999288 -0.01105853
0.004000888 -0.01105853
0.004002488 -0.01129382
0.004004088 -0.01129382
0.004005688 -0.01082324
0.004007288 -0.01152911
0.004008888 -0.01035267
0.004010488 -0.01129382
0.004012088 -0.01058796
0.004013688 -0.01152911
0.004015288 -0.01129382
0.004016888 -0.01105853
0.004018488 -0.01199968
0.004020088 -0.01129382
0.004021688 -0.01105853
0.004023288 -0.01152911
0.004024888 -0.01082324
0.004026488 -0.01105853
0.004028088 -0.01105853
0.004029688 -0.01152911
0.004031288 -0.01082324
0.004032888 -0.01105853
0.004034488 -0.01058796
0.004036088 -0.01105853
0.004037688 -0.01082324
0.004039288 -0.01152911
0.004040888 -0.01058796
0.004042488 -0.01082324
0.004044088 -0.009646805
0.004045688 -0.01105853
0.004047288 -0.01105853
0.004048888 -0.01105853
0.004050488 -0.01082324
0.004052088 -0.01058796
0.004053688 -0.01082324
0.004055288 -0.01129382
0.004056888 -0.01082324
0.004058488 -0.01105853
0.004060088 -0.01035267
0.004061688 -0.01223497
0.004063288 -0.01058796
0.004064888 -0.01035267
0.004066488 -0.01035267
0.004068088 -0.009882093
0.004069688 -0.009882093
0.004071288 -0.01035267
0.004072888 -0.009176229
0.004074488 -0.01011738
0.004076088 -0.008940941
0.004077688 -0.009411517
0.004079288 -0.008470365
0.004080888 -0.008470365
0.004082488 -0.008470365
0.004084088 -0.008235077
0.004085688 -0.007529213
0.004087288 -0.007999789
0.004088888 -0.007764501
0.004090488 -0.007764501
0.004092088 -0.006588062
0.004093688 -0.008235077
0.004095288 -0.00682335
0.004096888 -0.007293925
0.004098488 -0.007293925
0.004100088 -0.007058638
0.004101688 -0.006352774
0.004103288 -0.007764501
0.004104888 -0.005882198
0.004106488 -0.007058638
0.004108088 -0.005411622
0.004109688 -0.006117486
0.004111288 -0.004941046
0.004112888 -0.005176334
0.004114488 -0.004705758
0.004116088 -0.004705758
0.004117688 -0.005176334
0.004119288 -0.004705758
0.004120888 -0.003058743
0.004122488 -0.003999895
0.004124088 -0.002823455
0.004125688 -0.002588167
0.004127288 -0.002117591
0.004128888 -0.001882303
0.004130488 -0.001647015
0.004132088 -0.00117644
0.004133688 -0.001411728
0.004135288 -0.00117644
0.004136888 -0.0007058638
0.004138488 -0.0009411517
0.004140088 -0.0009411517
0.004141688 0
0.004143288 0
0.004144888 -0.0002352879
0.004146488 0.0004705758
0.004148088 0.0009411517
0.004149688 0.00117644
0.004151288 0.001647015
0.004152888 0.001411728
0.004154488 0.001882303
0.004156088 0.002352879
0.004157688 0.001882303
0.004159288 0.002352879
0.004160888 0.001882303
0.004162488 0.002588167
0.004164088 0.003294031
0.004165688 0.003058743
0.004167288 0.003294031
0.004168888 0.00447047
0.004170488 0.003999895
0.004172088 0.004941046
0.004173688 0.00447047
0.004175288 0.005176334
0.004176888 0.004941046
0.004178488 0.005176334
0.004180088 0.005411622
0.004181688 0.006117486
0.004183288 0.006117486
0.004184888 0.005882198
0.004186488 0.006352774
0.004188088 0.007058638
0.004189688 0.007293925
0.004191288 0.007529213
0.004192888 0.007058638
0.004194488 0.008235077
0.004196088 0.007764501
0.004197688 0.007764501
0.004199288 0.007764501
0.004200888 0.008705653
