LECROYWS4024HD 19320 Waveform
Segments 1 SegmentSize 3127
Segment TrigTime TimeSinceSegment1
#1 05-Jun-2024 15:37:34 0                 
Time Ampl
-0.0008007642 0.0004705758
-0.0007991642 0
-0.0007975642 0.0004705758
-0.0007959642 0
-0.0007943642 0
-0.0007927642 0.0004705758
-0.0007911642 0.0007058638
-0.0007895642 -0.0002352879
-0.0007879642 0.0004705758
-0.0007863642 0
-0.0007847642 0.0002352879
-0.0007831642 0.0002352879
-0.0007815642 0.0002352879
-0.0007799642 -0.0002352879
-0.0007783642 0.0002352879
-0.0007767642 0.0002352879
-0.0007751642 -0.0002352879
-0.0007735642 0.0002352879
-0.0007719642 0
-0.0007703642 0.0002352879
-0.0007687642 0.0007058638
-0.0007671642 0.0007058638
-0.0007655642 0
-0.0007639642 0.0007058638
-0.0007623642 0
-0.0007607642 0.0004705758
-0.0007591642 -0.0002352879
-0.0007575642 0.0009411517
-0.0007559642 0.0004705758
-0.0007543642 0.0002352879
-0.0007527642 0
-0.0007511642 0.0007058638
-0.0007495642 0.0007058638
-0.0007479642 0
-0.0007463642 0.0004705758
-0.0007447642 0.0002352879
-0.0007431642 0
-0.0007415642 0
-0.0007399642 0
-0.0007383642 -0.0002352879
-0.0007367642 0
-0.0007351642 -0.0002352879
-0.0007335642 0
-0.0007319642 0.0007058638
-0.0007303642 0.0007058638
-0.0007287642 0.0002352879
-0.0007271642 0.0002352879
-0.0007255642 0.0002352879
-0.0007239642 0.0004705758
-0.0007223642 -0.0007058638
-0.0007207642 0.0002352879
-0.0007191642 0.0002352879
-0.0007175642 0.0007058638
-0.0007159642 0.0002352879
-0.0007143642 0.0002352879
-0.0007127642 -0.0002352879
-0.0007111642 -0.0002352879
-0.0007095642 0
-0.0007079642 0.0004705758
-0.0007063642 -0.0002352879
-0.0007047642 0.0004705758
-0.0007031642 0.0002352879
-0.0007015642 0.0004705758
-0.0006999642 0
-0.0006983642 0
-0.0006967642 -0.0002352879
-0.0006951642 0.0004705758
-0.0006935642 0
-0.0006919642 0.0007058638
-0.0006903642 0.0002352879
-0.0006887642 0.0004705758
-0.0006871642 0
-0.0006855642 0.0004705758
-0.0006839642 0.0002352879
-0.0006823642 0.0007058638
-0.0006807642 -0.0004705758
-0.0006791642 0.0002352879
-0.0006775642 0.0004705758
-0.0006759642 0
-0.0006743642 -0.0002352879
-0.0006727642 0.0002352879
-0.0006711642 -0.0002352879
-0.0006695642 0.0002352879
-0.0006679642 0
-0.0006663642 0.00117644
-0.0006647642 0.0002352879
-0.0006631642 0.0002352879
-0.0006615642 0.0002352879
-0.0006599642 0.0007058638
-0.0006583642 -0.0002352879
-0.0006567642 0.0007058638
-0.0006551642 0.0002352879
-0.0006535642 0
-0.0006519642 0.0002352879
-0.0006503642 0.0004705758
-0.0006487642 0.0002352879
-0.0006471642 0.0004705758
-0.0006455642 0
-0.0006439642 0.0002352879
-0.0006423642 0.0002352879
-0.0006407642 0.0002352879
-0.0006391642 0.0002352879
-0.0006375642 0.0004705758
-0.0006359642 0.0009411517
-0.0006343642 0.0007058638
-0.0006327642 0
-0.0006311642 0.0004705758
-0.0006295642 0
-0.0006279642 0
-0.0006263642 0
-0.0006247642 0.0004705758
-0.0006231642 -0.0002352879
-0.0006215642 0.0002352879
-0.0006199642 0.0007058638
-0.0006183642 0.0002352879
-0.0006167642 -0.0002352879
-0.0006151642 -0.0002352879
-0.0006135642 0.0004705758
-0.0006119642 0.0002352879
-0.0006103642 0
-0.0006087642 0.0007058638
-0.0006071642 0.0002352879
-0.0006055642 0.0002352879
-0.0006039642 0
-0.0006023642 0.0002352879
-0.0006007642 -0.0002352879
-0.0005991642 0.0002352879
-0.0005975642 -0.0004705758
-0.0005959642 0.0002352879
-0.0005943642 0.0004705758
-0.0005927642 -0.0002352879
-0.0005911642 0
-0.0005895642 0.0007058638
-0.0005879642 0
-0.0005863642 0
-0.0005847642 0.0002352879
-0.0005831642 0.0002352879
-0.0005815642 -0.0002352879
-0.0005799642 0
-0.0005783642 0
-0.0005767642 0.0004705758
-0.0005751642 0.0002352879
-0.0005735642 0.0004705758
-0.0005719642 0.0002352879
-0.0005703642 -0.0004705758
-0.0005687642 0.0009411517
-0.0005671642 0
-0.0005655642 0
-0.0005639642 0
-0.0005623642 0
-0.0005607642 0.0007058638
-0.0005591642 0.0002352879
-0.0005575642 0.0007058638
-0.0005559642 0.0002352879
-0.0005543642 0.0004705758
-0.0005527642 0.0002352879
-0.0005511642 0.0002352879
-0.0005495642 0.0002352879
-0.0005479642 0.0002352879
-0.0005463642 0.0004705758
-0.0005447642 0.0002352879
-0.0005431642 -0.0002352879
-0.0005415642 0
-0.0005399642 -0.0002352879
-0.0005383642 0.0004705758
-0.0005367642 0.0004705758
-0.0005351642 0.0004705758
-0.0005335642 0
-0.0005319642 0.0007058638
-0.0005303642 0.0002352879
-0.0005287642 0.0002352879
-0.0005271642 0.0002352879
-0.0005255642 0.0007058638
-0.0005239642 0.0007058638
-0.0005223642 0.0004705758
-0.0005207642 0
-0.0005191642 0.0002352879
-0.0005175642 0
-0.0005159642 0.0007058638
-0.0005143642 0
-0.0005127642 0.0004705758
-0.0005111642 0.0004705758
-0.0005095642 0.0002352879
-0.0005079642 -0.0002352879
-0.0005063642 0
-0.0005047642 0
-0.0005031642 0
-0.0005015642 0.0002352879
-0.0004999642 0.0004705758
-0.0004983642 0.0009411517
-0.0004967642 0
-0.0004951642 0.0002352879
-0.0004935642 0.0004705758
-0.0004919642 0.0004705758
-0.0004903642 0.0002352879
-0.0004887642 0.0004705758
-0.0004871642 0
-0.0004855642 -0.0002352879
-0.0004839642 0.0009411517
-0.0004823642 -0.0002352879
-0.0004807642 -0.0002352879
-0.0004791642 0
-0.0004775642 0
-0.0004759642 0.0002352879
-0.0004743642 0
-0.0004727642 0.0004705758
-0.0004711642 0.0004705758
-0.0004695642 0.0002352879
-0.0004679642 0.0002352879
-0.0004663642 0.0004705758
-0.0004647642 0.0004705758
-0.0004631642 0.0004705758
-0.0004615642 0
-0.0004599642 0.0004705758
-0.0004583642 0.0002352879
-0.0004567642 0.0002352879
-0.0004551642 0.0002352879
-0.0004535642 0.0002352879
-0.0004519642 0.0007058638
-0.0004503642 0.0004705758
-0.0004487642 0.0004705758
-0.0004471642 0.0004705758
-0.0004455642 0
-0.0004439642 0.0007058638
-0.0004423642 0.0002352879
-0.0004407642 0.0007058638
-0.0004391642 0.0004705758
-0.0004375642 0.0007058638
-0.0004359642 0
-0.0004343642 0.0004705758
-0.0004327642 0.0007058638
-0.0004311642 0
-0.0004295642 0.0007058638
-0.0004279642 0.0004705758
-0.0004263642 0.0007058638
-0.0004247642 0
-0.0004231642 0.0004705758
-0.0004215642 0
-0.0004199642 0.0002352879
-0.0004183642 0.0002352879
-0.0004167642 0.0002352879
-0.0004151642 0
-0.0004135642 0
-0.0004119642 0
-0.0004103642 0.0002352879
-0.0004087642 0
-0.0004071642 0.0007058638
-0.0004055642 0.0002352879
-0.0004039642 0.0007058638
-0.0004023642 0.0002352879
-0.0004007642 -0.0004705758
-0.0003991642 0
-0.0003975642 0
-0.0003959642 -0.0002352879
-0.0003943642 0.0002352879
-0.0003927642 0.0002352879
-0.0003911642 0.0004705758
-0.0003895642 0.0002352879
-0.0003879642 0.0002352879
-0.0003863642 0
-0.0003847642 0.0004705758
-0.0003831642 0.0007058638
-0.0003815642 0.0004705758
-0.0003799642 0.0004705758
-0.0003783642 0.0002352879
-0.0003767642 0.0002352879
-0.0003751642 0.0002352879
-0.0003735642 0.0004705758
-0.0003719642 0
-0.0003703642 0.0002352879
-0.0003687642 0
-0.0003671642 0.0002352879
-0.0003655642 0.0009411517
-0.0003639642 -0.0002352879
-0.0003623642 0.0004705758
-0.0003607642 -0.0002352879
-0.0003591642 0.0004705758
-0.0003575642 0.0007058638
-0.0003559642 0
-0.0003543642 0.0007058638
-0.0003527642 0.0007058638
-0.0003511642 0.0002352879
-0.0003495642 0.0007058638
-0.0003479642 0.0004705758
-0.0003463642 0.0007058638
-0.0003447642 0
-0.0003431642 0.0002352879
-0.0003415642 0.0002352879
-0.0003399642 0.0004705758
-0.0003383642 0.0002352879
-0.0003367642 0.0002352879
-0.0003351642 0.0002352879
-0.0003335642 0
-0.0003319642 0.0007058638
-0.0003303642 0.0004705758
-0.0003287642 0
-0.0003271642 0.0007058638
-0.0003255642 -0.0002352879
-0.0003239642 0.0007058638
-0.0003223642 -0.0002352879
-0.0003207642 0
-0.0003191642 -0.0004705758
-0.0003175642 0.0004705758
-0.0003159642 0.0004705758
-0.0003143642 0.0004705758
-0.0003127642 0.0004705758
-0.0003111642 0.0002352879
-0.0003095642 0
-0.0003079642 0
-0.0003063642 0
-0.0003047642 0
-0.0003031642 0.0002352879
-0.0003015642 0.0004705758
-0.0002999642 0
-0.0002983642 0.0002352879
-0.0002967642 0.0002352879
-0.0002951642 0.0002352879
-0.0002935642 0
-0.0002919642 0.0002352879
-0.0002903642 0.0002352879
-0.0002887642 0.0004705758
-0.0002871642 0.0002352879
-0.0002855642 0.00117644
-0.0002839642 0
-0.0002823642 0.0004705758
-0.0002807642 -0.0002352879
-0.0002791642 0.0007058638
-0.0002775642 0.0002352879
-0.0002759642 0.0007058638
-0.0002743642 0.0004705758
-0.0002727642 0.0007058638
-0.0002711642 0.0002352879
-0.0002695642 0.0002352879
-0.0002679642 0.0007058638
-0.0002663642 0.0004705758
-0.0002647642 0
-0.0002631642 0.0007058638
-0.0002615642 0.0004705758
-0.0002599642 0.0002352879
-0.0002583642 0
-0.0002567642 0.0002352879
-0.0002551642 0.0004705758
-0.0002535642 0.0004705758
-0.0002519642 0.0004705758
-0.0002503642 0.0004705758
-0.0002487642 0.0002352879
-0.0002471642 0.0007058638
-0.0002455642 0.0007058638
-0.0002439642 0.0002352879
-0.0002423642 0.0007058638
-0.0002407642 0.0002352879
-0.0002391642 0
-0.0002375642 0.0002352879
-0.0002359642 0.0002352879
-0.0002343642 0.0007058638
-0.0002327642 0.0007058638
-0.0002311642 0.0004705758
-0.0002295642 0.0002352879
-0.0002279642 0.0004705758
-0.0002263642 0.0004705758
-0.0002247642 0
-0.0002231642 0
-0.0002215642 0.0002352879
-0.0002199642 0.0002352879
-0.0002183642 0.0002352879
-0.0002167642 0
-0.0002151642 0
-0.0002135642 0.0002352879
-0.0002119642 0.0004705758
-0.0002103642 0.0009411517
-0.0002087642 0.0002352879
-0.0002071642 -0.0002352879
-0.0002055642 0.0009411517
-0.0002039642 0.0004705758
-0.0002023642 0
-0.0002007642 0.0002352879
-0.0001991642 0.0009411517
-0.0001975642 0
-0.0001959642 0.0002352879
-0.0001943642 0.0004705758
-0.0001927642 0.0007058638
-0.0001911642 0.0002352879
-0.0001895642 0.0004705758
-0.0001879642 0.0004705758
-0.0001863642 0.0004705758
-0.0001847642 0
-0.0001831642 0.0004705758
-0.0001815642 0.0004705758
-0.0001799642 0.0002352879
-0.0001783642 0
-0.0001767642 0
-0.0001751642 0
-0.0001735642 0.0007058638
-0.0001719642 0.0002352879
-0.0001703642 0.0002352879
-0.0001687642 -0.0002352879
-0.0001671642 0.0007058638
-0.0001655642 0
-0.0001639642 0.0002352879
-0.0001623642 0
-0.0001607642 0.0002352879
-0.0001591642 0.0004705758
-0.0001575642 0
-0.0001559642 0.0002352879
-0.0001543642 0.0002352879
-0.0001527642 0.0004705758
-0.0001511642 0
-0.0001495642 0.0004705758
-0.0001479642 -0.0002352879
-0.0001463642 0.0002352879
-0.0001447642 0.0002352879
-0.0001431642 0.0002352879
-0.0001415642 0.0004705758
-0.0001399642 0
-0.0001383642 0.0002352879
-0.0001367642 -0.0002352879
-0.0001351642 0.0004705758
-0.0001335642 0.0002352879
-0.0001319642 0
-0.0001303642 -0.0007058638
-0.0001287642 0.0002352879
-0.0001271642 0
-0.0001255642 0.0002352879
-0.0001239642 0.0002352879
-0.0001223642 0.0004705758
-0.0001207642 0.0007058638
-0.0001191642 0
-0.0001175642 0.0002352879
-0.0001159642 0.0002352879
-0.0001143642 0.0002352879
-0.0001127642 0
-0.0001111642 0.0004705758
-0.0001095642 0.0007058638
-0.0001079642 0.0002352879
-0.0001063642 0.0004705758
-0.0001047642 0.0007058638
-0.0001031642 -0.0002352879
-0.0001015642 -0.0004705758
-9.99642e-005 0.0004705758
-9.83642e-005 -0.0002352879
-9.67642e-005 0
-9.51642e-005 0.0002352879
-9.35642e-005 0.0007058638
-9.19642e-005 0.0007058638
-9.03642e-005 0.0002352879
-8.87642e-005 0
-8.71642e-005 0.0002352879
-8.55642e-005 0.0004705758
-8.39642e-005 0.0002352879
-8.23642e-005 0.0004705758
-8.07642e-005 0.0007058638
-7.91642e-005 0.0004705758
-7.75642e-005 -0.0004705758
-7.59642e-005 -0.0002352879
-7.43642e-005 0
-7.27642e-005 -0.0002352879
-7.11642e-005 0.0002352879
-6.95642e-005 -0.0002352879
-6.79642e-005 0
-6.63642e-005 0
-6.47642e-005 0.0002352879
-6.31642e-005 0.0004705758
-6.15642e-005 0.0004705758
-5.99642e-005 0
-5.83642e-005 0.0007058638
-5.67642e-005 0.0002352879
-5.51642e-005 0.0002352879
-5.35642e-005 0.0009411517
-5.19642e-005 0.0002352879
-5.03642e-005 0
-4.87642e-005 0.0007058638
-4.71642e-005 -0.0002352879
-4.55642e-005 0.0004705758
-4.39642e-005 -0.0007058638
-4.23642e-005 -0.0004705758
-4.07642e-005 -0.0002352879
-3.91642e-005 -0.00117644
-3.75642e-005 -0.00117644
-3.59642e-005 -0.001647015
-3.43642e-005 -0.002588167
-3.27642e-005 -0.00564691
-3.11642e-005 -0.01011738
-2.95642e-005 -0.01458785
-2.79642e-005 -0.02752869
-2.63642e-005 -0.04164596
-2.47642e-005 -0.05882198
-2.31642e-005 -0.07317454
-2.15642e-005 -0.07764501
-1.99642e-005 -0.07740972
-1.83642e-005 -0.07482156
-1.67642e-005 -0.07952732
-1.51642e-005 -0.09270344
-1.35642e-005 -0.1002327
-1.19642e-005 -0.1089383
-1.03642e-005 -0.1084677
-8.7642e-006 -0.09458574
-7.1642e-006 -0.07293925
-5.5642e-006 -0.0468223
-3.9642e-006 -0.02564638
-2.3642e-006 -0.009646805
-7.642e-007 -0.003294031
8.358e-007 0.001882303
2.4358e-006 0.002352879
4.0358e-006 0.00117644
5.6358e-006 0.007999789
7.2358e-006 0.01505843
8.8358e-006 0.0195289
1.04358e-005 0.0195289
1.20358e-005 0.01270555
1.36358e-005 0.005176334
1.52358e-005 -0.001411728
1.68358e-005 -0.003529319
1.84358e-005 -0.0007058638
2.00358e-005 0.001647015
2.16358e-005 0.0009411517
2.32358e-005 -0.001882303
2.48358e-005 -0.004705758
2.64358e-005 -0.007058638
2.80358e-005 -0.008940941
2.96358e-005 -0.008235077
3.12358e-005 -0.005882198
3.28358e-005 -0.002588167
3.44358e-005 0.0004705758
3.60358e-005 0.003999895
3.76358e-005 0.009882093
3.92358e-005 0.01529371
4.08358e-005 0.01435256
4.24358e-005 0.01341141
4.40358e-005 0.01082324
4.56358e-005 0.008705653
4.72358e-005 0.008470365
4.88358e-005 0.008470365
5.04358e-005 0.008470365
5.20358e-005 0.004705758
5.36358e-005 -0.001647015
5.52358e-005 -0.009646805
5.68358e-005 -0.01741131
5.84358e-005 -0.02282293
6.00358e-005 -0.02517581
6.16358e-005 -0.02117591
6.32358e-005 -0.01294084
6.48358e-005 -0.007529213
6.64358e-005 -0.00564691
6.80358e-005 -0.006588062
6.96358e-005 -0.005411622
7.12358e-005 -0.003529319
7.28358e-005 0
7.44358e-005 0.0009411517
7.60358e-005 0.0004705758
7.76358e-005 -0.003764607
7.92358e-005 -0.01011738
8.08358e-005 -0.01599958
8.24358e-005 -0.0195289
8.40358e-005 -0.02070534
8.56358e-005 -0.0232935
8.72358e-005 -0.02635225
8.88358e-005 -0.02941099
9.04358e-005 -0.03246973
9.20358e-005 -0.03105801
9.36358e-005 -0.02776397
9.52358e-005 -0.02352879
9.68358e-005 -0.01835246
9.84358e-005 -0.01694073
0.0001000358 -0.01599958
0.0001016358 -0.01435256
0.0001032358 -0.01223497
0.0001048358 -0.008470365
0.0001064358 -0.005176334
0.0001080358 -0.003294031
0.0001096358 -0.003058743
0.0001112358 -0.003999895
0.0001128358 -0.005176334
0.0001144358 -0.006117486
0.0001160358 -0.006588062
0.0001176358 -0.007293925
0.0001192358 -0.009646805
0.0001208358 -0.008470365
0.0001224358 -0.008235077
0.0001240358 -0.005882198
0.0001256358 -0.00447047
0.0001272358 -0.003529319
0.0001288358 -0.003058743
0.0001304358 -0.002588167
0.0001320358 -0.0009411517
0.0001336358 0.0004705758
0.0001352358 0.002117591
0.0001368358 0.003529319
0.0001384358 0.003294031
0.0001400358 0.003294031
0.0001416358 0.003294031
0.0001432358 0.003294031
0.0001448358 0.002117591
0.0001464358 0.0007058638
0.0001480358 -0.0004705758
0.0001496358 -0.001882303
0.0001512358 -0.002117591
0.0001528358 -0.002352879
0.0001544358 -0.001647015
0.0001560358 -0.00117644
0.0001576358 -0.002588167
0.0001592358 -0.003058743
0.0001608358 -0.003529319
0.0001624358 -0.003529319
0.0001640358 -0.006117486
0.0001656358 -0.008470365
0.0001672358 -0.009176229
0.0001688358 -0.007764501
0.0001704358 -0.007529213
0.0001720358 -0.007293925
0.0001736358 -0.008940941
0.0001752358 -0.01058796
0.0001768358 -0.0117644
0.0001784358 -0.01152911
0.0001800358 -0.008470365
0.0001816358 -0.005411622
0.0001832358 -0.005411622
0.0001848358 -0.006117486
0.0001864358 -0.008235077
0.0001880358 -0.008705653
0.0001896358 -0.009646805
0.0001912358 -0.008940941
0.0001928358 -0.007764501
0.0001944358 -0.007293925
0.0001960358 -0.008235077
0.0001976358 -0.007999789
0.0001992358 -0.008705653
0.0002008358 -0.009176229
0.0002024358 -0.01035267
0.0002040358 -0.01058796
0.0002056358 -0.007999789
0.0002072358 -0.004941046
0.0002088358 -0.003058743
0.0002104358 -0.002352879
0.0002120358 -0.001882303
0.0002136358 -0.001882303
0.0002152358 -0.0007058638
0.0002168358 -0.0004705758
0.0002184358 -0.0004705758
0.0002200358 -0.0004705758
0.0002216358 -0.002823455
0.0002232358 -0.002823455
0.0002248358 -0.001882303
0.0002264358 -0.0002352879
0.0002280358 -0.0004705758
0.0002296358 -0.001882303
0.0002312358 -0.004235183
0.0002328358 -0.006588062
0.0002344358 -0.007764501
0.0002360358 -0.006117486
0.0002376358 -0.003058743
0.0002392358 -0.0009411517
0.0002408358 -0.002117591
0.0002424358 -0.002823455
0.0002440358 -0.002352879
0.0002456358 -0.001647015
0.0002472358 0.0009411517
0.0002488358 0.00447047
0.0002504358 0.006117486
0.0002520358 0.004941046
0.0002536358 0.00117644
0.0002552358 -0.002352879
0.0002568358 -0.005176334
0.0002584358 -0.004705758
0.0002600358 -0.00564691
0.0002616358 -0.00682335
0.0002632358 -0.009411517
0.0002648358 -0.01247026
0.0002664358 -0.01482314
0.0002680358 -0.01599958
0.0002696358 -0.01529371
0.0002712358 -0.01458785
0.0002728358 -0.01294084
0.0002744358 -0.01223497
0.0002760358 -0.01105853
0.0002776358 -0.008940941
0.0002792358 -0.006588062
0.0002808358 -0.003999895
0.0002824358 -0.003294031
0.0002840358 -0.002588167
0.0002856358 -0.00447047
0.0002872358 -0.00447047
0.0002888358 -0.00447047
0.0002904358 -0.002352879
0.0002920358 -0.002352879
0.0002936358 -0.001882303
0.0002952358 -0.003058743
0.0002968358 -0.002588167
0.0002984358 -0.00117644
0.0003000358 0.002117591
0.0003016358 0.004235183
0.0003032358 0.006352774
0.0003048358 0.005882198
0.0003064358 0.004941046
0.0003080358 0.004705758
0.0003096358 0.00447047
0.0003112358 0.006117486
0.0003128358 0.007058638
0.0003144358 0.007764501
0.0003160358 0.007529213
0.0003176358 0.006117486
0.0003192358 0.004705758
0.0003208358 0.004705758
0.0003224358 0.005882198
0.0003240358 0.006117486
0.0003256358 0.00447047
0.0003272358 0.003294031
0.0003288358 0.002352879
0.0003304358 0.002117591
0.0003320358 0.003764607
0.0003336358 0.005411622
0.0003352358 0.00564691
0.0003368358 0.004235183
0.0003384358 0.002352879
0.0003400358 0.0007058638
0.0003416358 0.001882303
0.0003432358 0.001882303
0.0003448358 0.0009411517
0.0003464358 -0.001882303
0.0003480358 -0.004941046
0.0003496358 -0.00682335
0.0003512358 -0.007293925
0.0003528358 -0.007058638
0.0003544358 -0.004235183
0.0003560358 -0.00447047
0.0003576358 -0.004705758
0.0003592358 -0.006117486
0.0003608358 -0.006117486
0.0003624358 -0.005882198
0.0003640358 -0.003529319
0.0003656358 -0.002352879
0.0003672358 -0.002588167
0.0003688358 -0.003058743
0.0003704358 -0.004705758
0.0003720358 -0.00447047
0.0003736358 -0.003294031
0.0003752358 -0.002117591
0.0003768358 -0.001647015
0.0003784358 -0.001647015
0.0003800358 -0.00117644
0.0003816358 -0.001411728
0.0003832358 0.0004705758
0.0003848358 0.003294031
0.0003864358 0.006117486
0.0003880358 0.007293925
0.0003896358 0.007293925
0.0003912358 0.007764501
0.0003928358 0.008705653
0.0003944358 0.01058796
0.0003960358 0.01199968
0.0003976358 0.01247026
0.0003992358 0.01270555
0.0004008358 0.01058796
0.0004024358 0.009411517
0.0004040358 0.007529213
0.0004056358 0.005882198
0.0004072358 0.003999895
0.0004088358 0.002588167
0.0004104358 0.001647015
0.0004120358 0.0002352879
0.0004136358 -0.001647015
0.0004152358 -0.003999895
0.0004168358 -0.006352774
0.0004184358 -0.007058638
0.0004200358 -0.006588062
0.0004216358 -0.007293925
0.0004232358 -0.00682335
0.0004248358 -0.008235077
0.0004264358 -0.009646805
0.0004280358 -0.01082324
0.0004296358 -0.01035267
0.0004312358 -0.008705653
0.0004328358 -0.007058638
0.0004344358 -0.007529213
0.0004360358 -0.007293925
0.0004376358 -0.007058638
0.0004392358 -0.007293925
0.0004408358 -0.007058638
0.0004424358 -0.00682335
0.0004440358 -0.004941046
0.0004456358 -0.003999895
0.0004472358 -0.003058743
0.0004488358 -0.002588167
0.0004504358 -0.001882303
0.0004520358 -0.0004705758
0.0004536358 0.0004705758
0.0004552358 0.001882303
0.0004568358 0.003294031
0.0004584358 0.002823455
0.0004600358 0.001647015
0.0004616358 -0.0004705758
0.0004632358 -0.002117591
0.0004648358 -0.003294031
0.0004664358 -0.003999895
0.0004680358 -0.00564691
0.0004696358 -0.008235077
0.0004712358 -0.01035267
0.0004728358 -0.01223497
0.0004744358 -0.01199968
0.0004760358 -0.009411517
0.0004776358 -0.00682335
0.0004792358 -0.003529319
0.0004808358 -0.002117591
0.0004824358 -0.0009411517
0.0004840358 -0.00117644
0.0004856358 0.0002352879
0.0004872358 0.001411728
0.0004888358 0.003058743
0.0004904358 0.003764607
0.0004920358 0.003764607
0.0004936358 0.003058743
0.0004952358 0.001647015
0.0004968358 0.0009411517
0.0004984358 0.001882303
0.0005000358 0.00117644
0.0005016358 0.001411728
0.0005032358 0.0004705758
0.0005048358 0.0004705758
0.0005064358 0.0002352879
0.0005080358 0.001411728
0.0005096358 0.001647015
0.0005112358 0.001647015
0.0005128358 0.00117644
0.0005144358 0.0004705758
0.0005160358 0.0002352879
0.0005176358 0.0007058638
0.0005192358 0.0007058638
0.0005208358 0.0009411517
0.0005224358 0.0004705758
0.0005240358 -0.001411728
0.0005256358 -0.003764607
0.0005272358 -0.007058638
0.0005288358 -0.008235077
0.0005304358 -0.008940941
0.0005320358 -0.008235077
0.0005336358 -0.007999789
0.0005352358 -0.007529213
0.0005368358 -0.00682335
0.0005384358 -0.005882198
0.0005400358 -0.003999895
0.0005416358 -0.002117591
0.0005432358 0.0002352879
0.0005448358 0.001647015
0.0005464358 0.003999895
0.0005480358 0.004705758
0.0005496358 0.004235183
0.0005512358 0.004235183
0.0005528358 0.003999895
0.0005544358 0.003294031
0.0005560358 0.002117591
0.0005576358 0.0007058638
0.0005592358 0
0.0005608358 -0.002117591
0.0005624358 -0.003058743
0.0005640358 -0.005882198
0.0005656358 -0.005882198
0.0005672358 -0.005411622
0.0005688358 -0.003999895
0.0005704358 -0.003764607
0.0005720358 -0.002117591
0.0005736358 -0.001882303
0.0005752358 -0.001411728
0.0005768358 -0.0009411517
0.0005784358 0.001647015
0.0005800358 0.003529319
0.0005816358 0.004705758
0.0005832358 0.005882198
0.0005848358 0.005882198
0.0005864358 0.006117486
0.0005880358 0.006352774
0.0005896358 0.00682335
0.0005912358 0.006352774
0.0005928358 0.005882198
0.0005944358 0.004235183
0.0005960358 0.003058743
0.0005976358 0.001411728
0.0005992358 -0.0002352879
0.0006008358 -0.0002352879
0.0006024358 -0.0002352879
0.0006040358 -0.0009411517
0.0006056358 -0.002588167
0.0006072358 -0.003764607
0.0006088358 -0.005411622
0.0006104358 -0.00564691
0.0006120358 -0.005411622
0.0006136358 -0.006117486
0.0006152358 -0.005882198
0.0006168358 -0.006352774
0.0006184358 -0.007293925
0.0006200358 -0.008235077
0.0006216358 -0.008940941
0.0006232358 -0.007999789
0.0006248358 -0.00682335
0.0006264358 -0.006117486
0.0006280358 -0.005176334
0.0006296358 -0.00447047
0.0006312358 -0.003764607
0.0006328358 -0.002823455
0.0006344358 -0.002352879
0.0006360358 -0.0007058638
0.0006376358 0.0002352879
0.0006392358 0.00117644
0.0006408358 0.002117591
0.0006424358 0.003294031
0.0006440358 0.003058743
0.0006456358 0.003058743
0.0006472358 0.002588167
0.0006488358 0.0007058638
0.0006504358 -0.0002352879
0.0006520358 -0.001411728
0.0006536358 -0.002588167
0.0006552358 -0.004235183
0.0006568358 -0.005411622
0.0006584358 -0.006352774
0.0006600358 -0.008235077
0.0006616358 -0.008470365
0.0006632358 -0.008470365
0.0006648358 -0.008940941
0.0006664358 -0.008235077
0.0006680358 -0.00682335
0.0006696358 -0.00564691
0.0006712358 -0.002823455
0.0006728358 -0.001647015
0.0006744358 -0.00117644
0.0006760358 -0.00117644
0.0006776358 -0.002117591
0.0006792358 -0.00117644
0.0006808358 0.0002352879
0.0006824358 0.00117644
0.0006840358 0.00117644
0.0006856358 0.0004705758
0.0006872358 -0.0004705758
0.0006888358 -0.0002352879
0.0006904358 0.0002352879
0.0006920358 0.0009411517
0.0006936358 0.002588167
0.0006952358 0.002352879
0.0006968358 0.001647015
0.0006984358 0.00117644
0.0007000358 0.001647015
0.0007016358 0.002352879
0.0007032358 0.003999895
0.0007048358 0.004705758
0.0007064358 0.004705758
0.0007080358 0.004941046
0.0007096358 0.005411622
0.0007112358 0.004941046
0.0007128358 0.00564691
0.0007144358 0.007293925
0.0007160358 0.007529213
0.0007176358 0.007058638
0.0007192358 0.007058638
0.0007208358 0.007293925
0.0007224358 0.008705653
0.0007240358 0.008705653
0.0007256358 0.01011738
0.0007272358 0.01082324
0.0007288358 0.01082324
0.0007304358 0.01011738
0.0007320358 0.009411517
0.0007336358 0.007999789
0.0007352358 0.00682335
0.0007368358 0.006352774
0.0007384358 0.006352774
0.0007400358 0.005411622
0.0007416358 0.005176334
0.0007432358 0.003764607
0.0007448358 0.003058743
0.0007464358 0.001882303
0.0007480358 0.002117591
0.0007496358 0.002117591
0.0007512358 0.002823455
0.0007528358 0.002588167
0.0007544358 0.001647015
0.0007560358 0.0009411517
0.0007576358 0.0002352879
0.0007592358 0.00117644
0.0007608358 0.002117591
0.0007624358 0.002823455
0.0007640358 0.003058743
0.0007656358 0.002352879
0.0007672358 0.001882303
0.0007688358 0.002588167
0.0007704358 0.003999895
0.0007720358 0.004705758
0.0007736358 0.00564691
0.0007752358 0.005411622
0.0007768358 0.00564691
0.0007784358 0.005411622
0.0007800358 0.005882198
0.0007816358 0.006352774
0.0007832358 0.007293925
0.0007848358 0.008470365
0.0007864358 0.007999789
0.0007880358 0.007293925
0.0007896358 0.00682335
0.0007912358 0.006588062
0.0007928358 0.007529213
0.0007944358 0.008705653
0.0007960358 0.009411517
0.0007976358 0.009646805
0.0007992358 0.009411517
0.0008008358 0.008705653
0.0008024358 0.009176229
0.0008040358 0.01011738
0.0008056358 0.01011738
0.0008072358 0.01035267
0.0008088358 0.009882093
0.0008104358 0.008470365
0.0008120358 0.008705653
0.0008136358 0.008705653
0.0008152358 0.01011738
0.0008168358 0.01152911
0.0008184358 0.01247026
0.0008200358 0.01270555
0.0008216358 0.01317612
0.0008232358 0.01388199
0.0008248358 0.01411728
0.0008264358 0.01505843
0.0008280358 0.01599958
0.0008296358 0.01576429
0.0008312358 0.01388199
0.0008328358 0.01294084
0.0008344358 0.01223497
0.0008360358 0.01152911
0.0008376358 0.01035267
0.0008392358 0.01105853
0.0008408358 0.01105853
0.0008424358 0.01129382
0.0008440358 0.01129382
0.0008456358 0.01129382
0.0008472358 0.0117644
0.0008488358 0.01247026
0.0008504358 0.01294084
0.0008520358 0.01341141
0.0008536358 0.01341141
0.0008552358 0.01317612
0.0008568358 0.01223497
0.0008584358 0.01129382
0.0008600358 0.01105853
0.0008616358 0.009176229
0.0008632358 0.009411517
0.0008648358 0.009176229
0.0008664358 0.01035267
0.0008680358 0.01035267
0.0008696358 0.01082324
0.0008712358 0.01035267
0.0008728358 0.009882093
0.0008744358 0.009411517
0.0008760358 0.01011738
0.0008776358 0.009882093
0.0008792358 0.009646805
0.0008808358 0.009411517
0.0008824358 0.008470365
0.0008840358 0.008235077
0.0008856358 0.007293925
0.0008872358 0.007058638
0.0008888358 0.006588062
0.0008904358 0.006117486
0.0008920358 0.006352774
0.0008936358 0.006117486
0.0008952358 0.006117486
0.0008968358 0.006117486
0.0008984358 0.005176334
0.0009000358 0.004941046
0.0009016358 0.004941046
0.0009032358 0.004705758
0.0009048358 0.005176334
0.0009064358 0.00564691
0.0009080358 0.006117486
0.0009096358 0.006352774
0.0009112358 0.006588062
0.0009128358 0.007058638
0.0009144358 0.007058638
0.0009160358 0.006352774
0.0009176358 0.005882198
0.0009192358 0.005176334
0.0009208358 0.005176334
0.0009224358 0.004235183
0.0009240358 0.003529319
0.0009256358 0.003294031
0.0009272358 0.002352879
0.0009288358 0.002823455
0.0009304358 0.002352879
0.0009320358 0.002588167
0.0009336358 0.002588167
0.0009352358 0.003058743
0.0009368358 0.003999895
0.0009384358 0.005176334
0.0009400358 0.006588062
0.0009416358 0.008470365
0.0009432358 0.009882093
0.0009448358 0.009882093
0.0009464358 0.01011738
0.0009480358 0.009882093
0.0009496358 0.009411517
0.0009512358 0.01011738
0.0009528358 0.009176229
0.0009544358 0.009411517
0.0009560358 0.009176229
0.0009576358 0.009176229
0.0009592358 0.009176229
0.0009608358 0.01011738
0.0009624358 0.01152911
0.0009640358 0.01199968
0.0009656358 0.01341141
0.0009672358 0.01505843
0.0009688358 0.01647015
0.0009704358 0.01811717
0.0009720358 0.01835246
0.0009736358 0.01999947
0.0009752358 0.0195289
0.0009768358 0.0195289
0.0009784358 0.0195289
0.0009800358 0.01858775
0.0009816358 0.01858775
0.0009832358 0.01741131
0.0009848358 0.01694073
0.0009864358 0.01576429
0.0009880358 0.01694073
0.0009896358 0.01717602
0.0009912358 0.01788188
0.0009928358 0.01741131
0.0009944358 0.01741131
0.0009960358 0.01694073
0.0009976358 0.01599958
0.0009992358 0.01623487
0.001000836 0.01529371
0.001002436 0.01435256
0.001004036 0.01317612
0.001005636 0.01129382
0.001007236 0.009882093
0.001008836 0.008940941
0.001010436 0.007764501
0.001012036 0.007058638
0.001013636 0.006588062
0.001015236 0.006352774
0.001016836 0.005882198
0.001018436 0.006117486
0.001020036 0.006117486
0.001021636 0.005882198
0.001023236 0.00682335
0.001024836 0.007058638
0.001026436 0.007293925
0.001028036 0.007293925
0.001029636 0.007764501
0.001031236 0.008705653
0.001032836 0.008705653
0.001034436 0.008470365
0.001036036 0.008940941
0.001037636 0.009882093
0.001039236 0.01011738
0.001040836 0.01058796
0.001042436 0.01058796
0.001044036 0.009646805
0.001045636 0.01058796
0.001047236 0.01058796
0.001048836 0.009882093
0.001050436 0.01035267
0.001052036 0.01082324
0.001053636 0.01035267
0.001055236 0.01035267
0.001056836 0.009882093
0.001058436 0.009411517
0.001060036 0.009646805
0.001061636 0.009646805
0.001063236 0.01011738
0.001064836 0.01011738
0.001066436 0.01058796
0.001068036 0.01129382
0.001069636 0.01082324
0.001071236 0.01011738
0.001072836 0.009646805
0.001074436 0.008470365
0.001076036 0.007764501
0.001077636 0.00682335
0.001079236 0.005882198
0.001080836 0.006117486
0.001082436 0.005411622
0.001084036 0.005176334
0.001085636 0.005176334
0.001087236 0.005411622
0.001088836 0.005411622
0.001090436 0.005882198
0.001092036 0.00682335
0.001093636 0.006588062
0.001095236 0.007764501
0.001096836 0.007764501
0.001098436 0.008470365
0.001100036 0.008235077
0.001101636 0.007999789
0.001103236 0.00682335
0.001104836 0.005882198
0.001106436 0.00447047
0.001108036 0.00447047
0.001109636 0.004235183
0.001111236 0.004235183
0.001112836 0.004705758
0.001114436 0.004941046
0.001116036 0.005882198
0.001117636 0.007058638
0.001119236 0.007529213
0.001120836 0.008705653
0.001122436 0.009646805
0.001124036 0.01105853
0.001125636 0.01129382
0.001127236 0.01247026
0.001128836 0.01223497
0.001130436 0.0117644
0.001132036 0.01152911
0.001133636 0.01129382
0.001135236 0.01082324
0.001136836 0.01035267
0.001138436 0.009646805
0.001140036 0.008470365
0.001141636 0.007293925
0.001143236 0.007058638
0.001144836 0.006117486
0.001146436 0.005411622
0.001148036 0.004941046
0.001149636 0.004235183
0.001151236 0.003764607
0.001152836 0.003529319
0.001154436 0.003294031
0.001156036 0.003999895
0.001157636 0.004235183
0.001159236 0.00447047
0.001160836 0.00564691
0.001162436 0.005176334
0.001164036 0.005882198
0.001165636 0.006588062
0.001167236 0.007293925
0.001168836 0.007764501
0.001170436 0.008705653
0.001172036 0.009411517
0.001173636 0.009646805
0.001175236 0.009646805
0.001176836 0.009882093
0.001178436 0.01011738
0.001180036 0.01011738
0.001181636 0.009882093
0.001183236 0.01058796
0.001184836 0.01011738
0.001186436 0.01058796
0.001188036 0.01129382
0.001189636 0.0117644
0.001191236 0.01223497
0.001192836 0.01270555
0.001194436 0.01223497
0.001196036 0.01294084
0.001197636 0.01247026
0.001199236 0.01294084
0.001200836 0.01317612
0.001202436 0.01341141
0.001204036 0.01482314
0.001205636 0.01458785
0.001207236 0.01317612
0.001208836 0.0136467
0.001210436 0.0136467
0.001212036 0.01411728
0.001213636 0.01317612
0.001215236 0.01341141
0.001216836 0.01341141
0.001218436 0.01270555
0.001220036 0.01152911
0.001221636 0.01129382
0.001223236 0.01129382
0.001224836 0.01129382
0.001226436 0.01082324
0.001228036 0.01011738
0.001229636 0.01035267
0.001231236 0.009646805
0.001232836 0.009176229
0.001234436 0.009176229
0.001236036 0.009176229
0.001237636 0.008940941
0.001239236 0.008470365
0.001240836 0.007764501
0.001242436 0.006588062
0.001244036 0.006352774
0.001245636 0.005176334
0.001247236 0.004705758
0.001248836 0.003058743
0.001250436 0.002588167
0.001252036 0.001882303
0.001253636 0.001882303
0.001255236 0.001411728
0.001256836 0.002117591
0.001258436 0.002352879
0.001260036 0.002823455
0.001261636 0.002588167
0.001263236 0.003294031
0.001264836 0.003058743
0.001266436 0.004705758
0.001268036 0.005176334
0.001269636 0.006352774
0.001271236 0.007058638
0.001272836 0.007529213
0.001274436 0.007529213
0.001276036 0.007764501
0.001277636 0.008470365
0.001279236 0.008470365
0.001280836 0.008705653
0.001282436 0.008470365
0.001284036 0.008235077
0.001285636 0.007293925
0.001287236 0.007293925
0.001288836 0.007058638
0.001290436 0.00682335
0.001292036 0.006352774
0.001293636 0.006588062
0.001295236 0.00682335
0.001296836 0.007529213
0.001298436 0.007999789
0.001300036 0.008940941
0.001301636 0.008470365
0.001303236 0.008940941
0.001304836 0.009882093
0.001306436 0.01011738
0.001308036 0.009646805
0.001309636 0.01011738
0.001311236 0.009411517
0.001312836 0.008705653
0.001314436 0.007999789
0.001316036 0.007529213
0.001317636 0.007293925
0.001319236 0.006588062
0.001320836 0.005882198
0.001322436 0.005176334
0.001324036 0.003764607
0.001325636 0.002588167
0.001327236 0.003058743
0.001328836 0.003058743
0.001330436 0.002352879
0.001332036 0.002352879
0.001333636 0.001882303
0.001335236 0.002588167
0.001336836 0.002352879
0.001338436 0.002352879
0.001340036 0.003529319
0.001341636 0.003529319
0.001343236 0.003764607
0.001344836 0.003764607
0.001346436 0.00447047
0.001348036 0.004235183
0.001349636 0.005176334
0.001351236 0.005176334
0.001352836 0.005176334
0.001354436 0.00447047
0.001356036 0.003764607
0.001357636 0.003999895
0.001359236 0.003294031
0.001360836 0.003058743
0.001362436 0.002823455
0.001364036 0.002117591
0.001365636 0.002352879
0.001367236 0.001882303
0.001368836 0.001882303
0.001370436 0.001882303
0.001372036 0.001411728
0.001373636 0.001882303
0.001375236 0.002352879
0.001376836 0.001411728
0.001378436 0.001647015
0.001380036 0.001882303
0.001381636 0.002588167
0.001383236 0.002823455
0.001384836 0.00447047
0.001386436 0.003999895
0.001388036 0.005176334
0.001389636 0.006117486
0.001391236 0.007058638
0.001392836 0.008470365
0.001394436 0.007764501
0.001396036 0.009411517
0.001397636 0.009411517
0.001399236 0.009882093
0.001400836 0.009882093
0.001402436 0.009411517
0.001404036 0.009176229
0.001405636 0.01011738
0.001407236 0.008940941
0.001408836 0.009411517
0.001410436 0.008470365
0.001412036 0.008705653
0.001413636 0.008705653
0.001415236 0.008705653
0.001416836 0.008705653
0.001418436 0.008235077
0.001420036 0.008705653
0.001421636 0.008235077
0.001423236 0.007058638
0.001424836 0.006588062
0.001426436 0.006352774
0.001428036 0.00564691
0.001429636 0.004705758
0.001431236 0.004941046
0.001432836 0.004705758
0.001434436 0.004941046
0.001436036 0.00564691
0.001437636 0.006117486
0.001439236 0.007293925
0.001440836 0.007529213
0.001442436 0.007999789
0.001444036 0.008470365
0.001445636 0.009176229
0.001447236 0.009882093
0.001448836 0.009882093
0.001450436 0.009882093
0.001452036 0.01035267
0.001453636 0.01035267
0.001455236 0.009882093
0.001456836 0.01035267
0.001458436 0.01058796
0.001460036 0.01082324
0.001461636 0.01082324
0.001463236 0.01129382
0.001464836 0.01129382
0.001466436 0.01152911
0.001468036 0.01152911
0.001469636 0.01247026
0.001471236 0.01270555
0.001472836 0.01247026
0.001474436 0.01270555
0.001476036 0.0117644
0.001477636 0.01129382
0.001479236 0.01082324
0.001480836 0.01082324
0.001482436 0.01058796
0.001484036 0.01082324
0.001485636 0.01035267
0.001487236 0.01035267
0.001488836 0.009882093
0.001490436 0.008940941
0.001492036 0.008235077
0.001493636 0.007764501
0.001495236 0.008235077
0.001496836 0.008235077
0.001498436 0.007764501
0.001500036 0.007058638
0.001501636 0.007764501
0.001503236 0.007764501
0.001504836 0.007293925
0.001506436 0.007058638
0.001508036 0.007058638
0.001509636 0.00682335
0.001511236 0.006352774
0.001512836 0.006352774
0.001514436 0.006588062
0.001516036 0.00682335
0.001517636 0.007058638
0.001519236 0.007058638
0.001520836 0.006588062
0.001522436 0.006588062
0.001524036 0.007293925
0.001525636 0.007058638
0.001527236 0.00682335
0.001528836 0.007764501
0.001530436 0.007529213
0.001532036 0.007764501
0.001533636 0.007764501
0.001535236 0.007999789
0.001536836 0.007293925
0.001538436 0.007764501
0.001540036 0.007999789
0.001541636 0.008705653
0.001543236 0.008940941
0.001544836 0.008940941
0.001546436 0.009176229
0.001548036 0.008940941
0.001549636 0.008940941
0.001551236 0.008705653
0.001552836 0.008470365
0.001554436 0.007999789
0.001556036 0.007764501
0.001557636 0.008235077
0.001559236 0.008705653
0.001560836 0.007999789
0.001562436 0.007999789
0.001564036 0.007764501
0.001565636 0.007529213
0.001567236 0.008235077
0.001568836 0.007999789
0.001570436 0.008235077
0.001572036 0.008705653
0.001573636 0.008235077
0.001575236 0.008940941
0.001576836 0.007999789
0.001578436 0.008470365
0.001580036 0.007999789
0.001581636 0.007058638
0.001583236 0.00682335
0.001584836 0.006588062
0.001586436 0.005882198
0.001588036 0.005411622
0.001589636 0.004705758
0.001591236 0.004941046
0.001592836 0.004705758
0.001594436 0.004705758
0.001596036 0.00447047
0.001597636 0.004235183
0.001599236 0.004705758
0.001600836 0.004235183
0.001602436 0.004705758
0.001604036 0.005176334
0.001605636 0.005411622
0.001607236 0.005411622
0.001608836 0.006117486
0.001610436 0.00682335
0.001612036 0.006352774
0.001613636 0.006352774
0.001615236 0.006588062
0.001616836 0.006588062
0.001618436 0.006117486
0.001620036 0.00564691
0.001621636 0.005176334
0.001623236 0.003764607
0.001624836 0.003764607
0.001626436 0.003294031
0.001628036 0.002352879
0.001629636 0.002352879
0.001631236 0.00117644
0.001632836 0.0007058638
0.001634436 0.0004705758
0.001636036 0
0.001637636 0.0004705758
0.001639236 0
0.001640836 0.0007058638
0.001642436 0.0009411517
0.001644036 0.0009411517
0.001645636 0.001647015
0.001647236 0.001882303
0.001648836 0.002588167
0.001650436 0.002823455
0.001652036 0.002588167
0.001653636 0.003058743
0.001655236 0.003294031
0.001656836 0.004235183
0.001658436 0.003764607
0.001660036 0.004941046
0.001661636 0.00447047
0.001663236 0.004235183
0.001664836 0.003999895
0.001666436 0.00447047
0.001668036 0.004235183
0.001669636 0.003999895
0.001671236 0.004235183
0.001672836 0.003529319
0.001674436 0.003058743
0.001676036 0.002352879
0.001677636 0.002352879
0.001679236 0.002117591
0.001680836 0.002352879
0.001682436 0.001647015
0.001684036 0.001647015
0.001685636 0.00117644
0.001687236 0.00117644
0.001688836 0.0009411517
0.001690436 -0.0002352879
0.001692036 -0.0007058638
0.001693636 -0.001647015
0.001695236 -0.001647015
0.001696836 -0.001647015
0.001698436 -0.002823455
0.001700036 -0.003764607
0.001701636 -0.003764607
0.001703236 -0.005882198
0.001704836 -0.00564691
0.001706436 -0.006117486
0.001708036 -0.00682335
0.001709636 -0.006352774
0.001711236 -0.007058638
0.001712836 -0.007058638
0.001714436 -0.007058638
0.001716036 -0.007293925
0.001717636 -0.007058638
0.001719236 -0.007293925
0.001720836 -0.007764501
0.001722436 -0.008235077
0.001724036 -0.008235077
0.001725636 -0.008235077
0.001727236 -0.007999789
0.001728836 -0.007293925
0.001730436 -0.006588062
0.001732036 -0.006117486
0.001733636 -0.005411622
0.001735236 -0.004235183
0.001736836 -0.002823455
0.001738436 -0.003058743
0.001740036 -0.001647015
0.001741636 -0.001411728
0.001743236 -0.0007058638
0.001744836 -0.00117644
0.001746436 -0.0007058638
0.001748036 -0.001882303
0.001749636 -0.00117644
0.001751236 -0.001411728
0.001752836 -0.0009411517
0.001754436 -0.002117591
0.001756036 -0.001647015
0.001757636 -0.003058743
0.001759236 -0.001882303
0.001760836 -0.001882303
0.001762436 -0.002352879
0.001764036 -0.001647015
0.001765636 -0.002117591
0.001767236 -0.001882303
0.001768836 -0.002117591
0.001770436 -0.0009411517
0.001772036 -0.00117644
0.001773636 -0.00117644
0.001775236 -0.00117644
0.001776836 -0.0009411517
0.001778436 -0.0007058638
0.001780036 -0.0007058638
0.001781636 -0.0002352879
0.001783236 -0.0009411517
0.001784836 0.0002352879
0.001786436 -0.0002352879
0.001788036 -0.0004705758
0.001789636 -0.00117644
0.001791236 -0.001882303
0.001792836 -0.002823455
0.001794436 -0.003529319
0.001796036 -0.004235183
0.001797636 -0.003999895
0.001799236 -0.004705758
0.001800836 -0.004705758
0.001802436 -0.00564691
0.001804036 -0.005176334
0.001805636 -0.005882198
0.001807236 -0.005411622
0.001808836 -0.003999895
0.001810436 -0.003529319
0.001812036 -0.003764607
0.001813636 -0.003058743
0.001815236 -0.003764607
0.001816836 -0.003999895
0.001818436 -0.00447047
0.001820036 -0.00447047
0.001821636 -0.004705758
0.001823236 -0.004235183
0.001824836 -0.004705758
0.001826436 -0.00447047
0.001828036 -0.005411622
0.001829636 -0.004705758
0.001831236 -0.004941046
0.001832836 -0.003294031
0.001834436 -0.003999895
0.001836036 -0.003529319
0.001837636 -0.003529319
0.001839236 -0.003058743
0.001840836 -0.003058743
0.001842436 -0.003529319
0.001844036 -0.003529319
0.001845636 -0.003294031
0.001847236 -0.003058743
0.001848836 -0.003058743
0.001850436 -0.003294031
0.001852036 -0.002588167
0.001853636 -0.001882303
0.001855236 -0.001647015
0.001856836 -0.00117644
0.001858436 -0.0002352879
0.001860036 0.0002352879
0.001861636 0
0.001863236 0.0002352879
0.001864836 0.0007058638
0.001866436 0.0004705758
0.001868036 0.0004705758
0.001869636 0.0002352879
0.001871236 0
0.001872836 -0.001647015
0.001874436 -0.00117644
0.001876036 -0.002117591
0.001877636 -0.0009411517
0.001879236 -0.001647015
0.001880836 -0.0007058638
0.001882436 -0.00117644
0.001884036 -0.0004705758
0.001885636 -0.0007058638
0.001887236 -0.0002352879
0.001888836 0.0002352879
0.001890436 0.0004705758
0.001892036 0.0007058638
0.001893636 0.0007058638
0.001895236 0.001411728
0.001896836 0.0009411517
0.001898436 0.001411728
0.001900036 0.001647015
0.001901636 0.001647015
0.001903236 0.001647015
0.001904836 0.001647015
0.001906436 0.00117644
0.001908036 0.001647015
0.001909636 0.00117644
0.001911236 0.001882303
0.001912836 0.0007058638
0.001914436 0
0.001916036 0
0.001917636 -0.0009411517
0.001919236 -0.0004705758
0.001920836 -0.001411728
0.001922436 -0.0004705758
0.001924036 -0.0009411517
0.001925636 -0.0004705758
0.001927236 -0.0004705758
0.001928836 0
0.001930436 0.0007058638
0.001932036 0.0004705758
0.001933636 0.001411728
0.001935236 0.001882303
0.001936836 0.002117591
0.001938436 0.002588167
0.001940036 0.001647015
0.001941636 0.001882303
0.001943236 0.001647015
0.001944836 0.001647015
0.001946436 0.00117644
0.001948036 0.001411728
0.001949636 0.001411728
0.001951236 0.001647015
0.001952836 0.001882303
0.001954436 0.002588167
0.001956036 0.003058743
0.001957636 0.003058743
0.001959236 0.002823455
0.001960836 0.003294031
0.001962436 0.004705758
0.001964036 0.00447047
0.001965636 0.005176334
0.001967236 0.004941046
0.001968836 0.005411622
0.001970436 0.00564691
0.001972036 0.005176334
0.001973636 0.005411622
0.001975236 0.004705758
0.001976836 0.00447047
0.001978436 0.00447047
0.001980036 0.00447047
0.001981636 0.00447047
0.001983236 0.004235183
0.001984836 0.003294031
0.001986436 0.003294031
0.001988036 0.003999895
0.001989636 0.003999895
0.001991236 0.003999895
0.001992836 0.003999895
0.001994436 0.004235183
0.001996036 0.004705758
0.001997636 0.004941046
0.001999236 0.005882198
0.002000836 0.005411622
0.002002436 0.006117486
0.002004036 0.006352774
0.002005636 0.006588062
0.002007236 0.005882198
0.002008836 0.006352774
0.002010436 0.006352774
0.002012036 0.006352774
0.002013636 0.005411622
0.002015236 0.00564691
0.002016836 0.004705758
0.002018436 0.004705758
0.002020036 0.004705758
0.002021636 0.00447047
0.002023236 0.004235183
0.002024836 0.00447047
0.002026436 0.004705758
0.002028036 0.004941046
0.002029636 0.004705758
0.002031236 0.004705758
0.002032836 0.004941046
0.002034436 0.004705758
0.002036036 0.005411622
0.002037636 0.006117486
0.002039236 0.006588062
0.002040836 0.007529213
0.002042436 0.007293925
0.002044036 0.007293925
0.002045636 0.008235077
0.002047236 0.008235077
0.002048836 0.008940941
0.002050436 0.009176229
0.002052036 0.009882093
0.002053636 0.009411517
0.002055236 0.009882093
0.002056836 0.009882093
0.002058436 0.01011738
0.002060036 0.009646805
0.002061636 0.009646805
0.002063236 0.009411517
0.002064836 0.009411517
0.002066436 0.008705653
0.002068036 0.008705653
0.002069636 0.008705653
0.002071236 0.008235077
0.002072836 0.007999789
0.002074436 0.007999789
0.002076036 0.007764501
0.002077636 0.007999789
0.002079236 0.008235077
0.002080836 0.007999789
0.002082436 0.008470365
0.002084036 0.007529213
0.002085636 0.007529213
0.002087236 0.007529213
0.002088836 0.007529213
0.002090436 0.007293925
0.002092036 0.00682335
0.002093636 0.007058638
0.002095236 0.006117486
0.002096836 0.005882198
0.002098436 0.005411622
0.002100036 0.005411622
0.002101636 0.00564691
0.002103236 0.004941046
0.002104836 0.004705758
0.002106436 0.004705758
0.002108036 0.004235183
0.002109636 0.004235183
0.002111236 0.003764607
0.002112836 0.003294031
0.002114436 0.003764607
0.002116036 0.002588167
0.002117636 0.002588167
0.002119236 0.002588167
0.002120836 0.002117591
0.002122436 0.002117591
0.002124036 0.001882303
0.002125636 0.001647015
0.002127236 0.001647015
0.002128836 0.001882303
0.002130436 0.001882303
0.002132036 0.001882303
0.002133636 0.001882303
0.002135236 0.001647015
0.002136836 0.002352879
0.002138436 0.002588167
0.002140036 0.002588167
0.002141636 0.001882303
0.002143236 0.002352879
0.002144836 0.003058743
0.002146436 0.003294031
0.002148036 0.003058743
0.002149636 0.003058743
0.002151236 0.003058743
0.002152836 0.003058743
0.002154436 0.002823455
0.002156036 0.002823455
0.002157636 0.002588167
0.002159236 0.002117591
0.002160836 0.002352879
0.002162436 0.001647015
0.002164036 0.00117644
0.002165636 0.00117644
0.002167236 0.0004705758
0.002168836 0
0.002170436 -0.0007058638
0.002172036 -0.0007058638
0.002173636 -0.0007058638
0.002175236 -0.0007058638
0.002176836 -0.00117644
0.002178436 -0.0002352879
0.002180036 -0.0004705758
0.002181636 -0.0002352879
0.002183236 -0.0002352879
0.002184836 -0.0004705758
0.002186436 0
0.002188036 -0.0004705758
0.002189636 -0.0009411517
0.002191236 -0.0009411517
0.002192836 -0.002117591
0.002194436 -0.002117591
0.002196036 -0.002117591
0.002197636 -0.002823455
0.002199236 -0.003999895
0.002200836 -0.003999895
0.002202436 -0.005411622
0.002204036 -0.005176334
0.002205636 -0.005411622
0.002207236 -0.00564691
0.002208836 -0.005882198
0.002210436 -0.006352774
0.002212036 -0.006588062
0.002213636 -0.00682335
0.002215236 -0.006588062
0.002216836 -0.006352774
0.002218436 -0.00682335
0.002220036 -0.006588062
0.002221636 -0.006117486
0.002223236 -0.005882198
0.002224836 -0.005882198
0.002226436 -0.005882198
0.002228036 -0.005882198
0.002229636 -0.00564691
0.002231236 -0.005176334
0.002232836 -0.004705758
0.002234436 -0.004705758
0.002236036 -0.004235183
0.002237636 -0.005411622
0.002239236 -0.004941046
0.002240836 -0.005176334
0.002242436 -0.00447047
0.002244036 -0.005176334
0.002245636 -0.004235183
0.002247236 -0.004941046
0.002248836 -0.005411622
0.002250436 -0.00564691
0.002252036 -0.00564691
0.002253636 -0.00564691
0.002255236 -0.005882198
0.002256836 -0.005882198
0.002258436 -0.00564691
0.002260036 -0.00682335
0.002261636 -0.00682335
0.002263236 -0.007293925
0.002264836 -0.006588062
0.002266436 -0.00682335
0.002268036 -0.006588062
0.002269636 -0.006117486
0.002271236 -0.006352774
0.002272836 -0.005176334
0.002274436 -0.004705758
0.002276036 -0.004235183
0.002277636 -0.003529319
0.002279236 -0.002823455
0.002280836 -0.003058743
0.002282436 -0.002588167
0.002284036 -0.002352879
0.002285636 -0.002823455
0.002287236 -0.002352879
0.002288836 -0.003058743
0.002290436 -0.004235183
0.002292036 -0.005411622
0.002293636 -0.006352774
0.002295236 -0.00682335
0.002296836 -0.007058638
0.002298436 -0.008470365
0.002300036 -0.008470365
0.002301636 -0.009176229
0.002303236 -0.008940941
0.002304836 -0.009176229
0.002306436 -0.008705653
0.002308036 -0.008470365
0.002309636 -0.007999789
0.002311236 -0.007529213
0.002312836 -0.007764501
0.002314436 -0.007764501
0.002316036 -0.007293925
0.002317636 -0.007529213
0.002319236 -0.007058638
0.002320836 -0.00682335
0.002322436 -0.006352774
0.002324036 -0.006588062
0.002325636 -0.006588062
0.002327236 -0.00682335
0.002328836 -0.007293925
0.002330436 -0.006588062
0.002332036 -0.00682335
0.002333636 -0.006588062
0.002335236 -0.007293925
0.002336836 -0.007764501
0.002338436 -0.007529213
0.002340036 -0.008235077
0.002341636 -0.007529213
0.002343236 -0.007764501
0.002344836 -0.007293925
0.002346436 -0.008705653
0.002348036 -0.008705653
0.002349636 -0.008940941
0.002351236 -0.008940941
0.002352836 -0.009411517
0.002354436 -0.009176229
0.002356036 -0.009176229
0.002357636 -0.009411517
0.002359236 -0.009882093
0.002360836 -0.009882093
0.002362436 -0.009646805
0.002364036 -0.009176229
0.002365636 -0.008470365
0.002367236 -0.008470365
0.002368836 -0.008470365
0.002370436 -0.008235077
0.002372036 -0.007764501
0.002373636 -0.007058638
0.002375236 -0.007529213
0.002376836 -0.006588062
0.002378436 -0.006588062
0.002380036 -0.005882198
0.002381636 -0.00564691
0.002383236 -0.006117486
0.002384836 -0.006117486
0.002386436 -0.006588062
0.002388036 -0.006588062
0.002389636 -0.006588062
0.002391236 -0.007529213
0.002392836 -0.007058638
0.002394436 -0.007529213
0.002396036 -0.008235077
0.002397636 -0.008235077
0.002399236 -0.008705653
0.002400836 -0.008470365
0.002402436 -0.008940941
0.002404036 -0.008940941
0.002405636 -0.008470365
0.002407236 -0.009176229
0.002408836 -0.008705653
0.002410436 -0.009176229
0.002412036 -0.008470365
0.002413636 -0.008235077
0.002415236 -0.007529213
0.002416836 -0.007764501
0.002418436 -0.007293925
0.002420036 -0.007529213
0.002421636 -0.006117486
0.002423236 -0.005882198
0.002424836 -0.005176334
0.002426436 -0.003999895
0.002428036 -0.003529319
0.002429636 -0.003294031
0.002431236 -0.003058743
0.002432836 -0.002352879
0.002434436 -0.001882303
0.002436036 -0.0009411517
0.002437636 -0.001647015
0.002439236 -0.001647015
0.002440836 -0.00117644
0.002442436 -0.001882303
0.002444036 -0.0007058638
0.002445636 -0.001882303
0.002447236 -0.001411728
0.002448836 -0.001882303
0.002450436 -0.001882303
0.002452036 -0.001882303
0.002453636 -0.002352879
0.002455236 -0.002352879
0.002456836 -0.002588167
0.002458436 -0.002588167
0.002460036 -0.002823455
0.002461636 -0.002352879
0.002463236 -0.002352879
0.002464836 -0.002823455
0.002466436 -0.003058743
0.002468036 -0.003294031
0.002469636 -0.002352879
0.002471236 -0.002117591
0.002472836 -0.002117591
0.002474436 -0.001882303
0.002476036 -0.001647015
0.002477636 -0.001882303
0.002479236 -0.0009411517
0.002480836 -0.0007058638
0.002482436 -0.0007058638
0.002484036 -0.0009411517
0.002485636 -0.0002352879
0.002487236 0
0.002488836 0
0.002490436 -0.0004705758
0.002492036 0
0.002493636 -0.0004705758
0.002495236 0
0.002496836 -0.0004705758
0.002498436 -0.0004705758
0.002500036 -0.0007058638
0.002501636 -0.0002352879
0.002503236 -0.0009411517
0.002504836 -0.0004705758
0.002506436 -0.001647015
0.002508036 -0.00117644
0.002509636 -0.001411728
0.002511236 -0.0009411517
0.002512836 -0.00117644
0.002514436 -0.0002352879
0.002516036 -0.00117644
0.002517636 -0.0009411517
0.002519236 -0.0007058638
0.002520836 0
0.002522436 -0.0002352879
0.002524036 0.0007058638
0.002525636 0.0004705758
0.002527236 0.0009411517
0.002528836 0.0007058638
0.002530436 0.0009411517
0.002532036 0.0009411517
0.002533636 0.00117644
0.002535236 0.0007058638
0.002536836 0.0007058638
0.002538436 -0.0002352879
0.002540036 0.0002352879
0.002541636 -0.0004705758
0.002543236 -0.0004705758
0.002544836 0
0.002546436 0.0002352879
0.002548036 -0.0004705758
0.002549636 0.0002352879
0.002551236 -0.0004705758
0.002552836 0.0009411517
0.002554436 0.0009411517
0.002556036 0.001411728
0.002557636 0.001411728
0.002559236 0.001411728
0.002560836 0.0009411517
0.002562436 0.0009411517
0.002564036 0.001411728
0.002565636 0.001411728
0.002567236 0.001647015
0.002568836 0.001882303
0.002570436 0.001882303
0.002572036 0.002352879
0.002573636 0.001882303
0.002575236 0.002588167
0.002576836 0.001882303
0.002578436 0.001647015
0.002580036 0.002117591
0.002581636 0.001647015
0.002583236 0.001411728
0.002584836 0.001647015
0.002586436 0.0009411517
0.002588036 0.001411728
0.002589636 0.001647015
0.002591236 0.0009411517
0.002592836 0.0009411517
0.002594436 0.0007058638
0.002596036 0.0007058638
0.002597636 0.0002352879
0.002599236 0.0004705758
0.002600836 0.0009411517
0.002602436 0
0.002604036 -0.0004705758
0.002605636 -0.0009411517
0.002607236 -0.00117644
0.002608836 -0.00117644
0.002610436 -0.002117591
0.002612036 -0.001882303
0.002613636 -0.002117591
0.002615236 -0.002823455
0.002616836 -0.002352879
0.002618436 -0.002588167
0.002620036 -0.002588167
0.002621636 -0.002352879
0.002623236 -0.002117591
0.002624836 -0.002117591
0.002626436 -0.001882303
0.002628036 -0.002117591
0.002629636 -0.001411728
0.002631236 -0.001882303
0.002632836 -0.001647015
0.002634436 -0.001882303
0.002636036 -0.002352879
0.002637636 -0.002352879
0.002639236 -0.002588167
0.002640836 -0.003058743
0.002642436 -0.002117591
0.002644036 -0.002823455
0.002645636 -0.002352879
0.002647236 -0.002588167
0.002648836 -0.002588167
0.002650436 -0.002588167
0.002652036 -0.002588167
0.002653636 -0.002352879
0.002655236 -0.002117591
0.002656836 -0.001647015
0.002658436 -0.001882303
0.002660036 -0.002117591
0.002661636 -0.002352879
0.002663236 -0.002352879
0.002664836 -0.002588167
0.002666436 -0.002823455
0.002668036 -0.001647015
0.002669636 -0.002117591
0.002671236 -0.001882303
0.002672836 -0.001882303
0.002674436 -0.0009411517
0.002676036 -0.00117644
0.002677636 -0.00117644
0.002679236 -0.0009411517
0.002680836 -0.0002352879
0.002682436 -0.0007058638
0.002684036 -0.0002352879
0.002685636 -0.0002352879
0.002687236 0
0.002688836 -0.0007058638
0.002690436 -0.0004705758
0.002692036 -0.0007058638
0.002693636 -0.0002352879
0.002695236 -0.0007058638
0.002696836 -0.0007058638
0.002698436 -0.001647015
0.002700036 -0.0007058638
0.002701636 -0.001882303
0.002703236 -0.001411728
0.002704836 -0.002117591
0.002706436 -0.001411728
0.002708036 -0.001882303
0.002709636 -0.0009411517
0.002711236 -0.00117644
0.002712836 -0.0009411517
0.002714436 -0.0009411517
0.002716036 -0.00117644
0.002717636 -0.0009411517
0.002719236 -0.0004705758
0.002720836 -0.0004705758
0.002722436 -0.0004705758
0.002724036 -0.00117644
0.002725636 -0.0009411517
0.002727236 -0.001411728
0.002728836 -0.001647015
0.002730436 -0.001882303
0.002732036 -0.002352879
0.002733636 -0.002823455
0.002735236 -0.002823455
0.002736836 -0.003999895
0.002738436 -0.003764607
0.002740036 -0.004235183
0.002741636 -0.004235183
0.002743236 -0.004705758
0.002744836 -0.004941046
0.002746436 -0.005411622
0.002748036 -0.005176334
0.002749636 -0.004941046
0.002751236 -0.004705758
0.002752836 -0.00447047
0.002754436 -0.004705758
0.002756036 -0.00447047
0.002757636 -0.003999895
0.002759236 -0.003764607
0.002760836 -0.003764607
0.002762436 -0.003764607
0.002764036 -0.003294031
0.002765636 -0.003294031
0.002767236 -0.003058743
0.002768836 -0.002588167
0.002770436 -0.002588167
0.002772036 -0.002823455
0.002773636 -0.002823455
0.002775236 -0.002823455
0.002776836 -0.002352879
0.002778436 -0.002352879
0.002780036 -0.002352879
0.002781636 -0.002117591
0.002783236 -0.002352879
0.002784836 -0.002117591
0.002786436 -0.001647015
0.002788036 -0.002352879
0.002789636 -0.002117591
0.002791236 -0.001882303
0.002792836 -0.002588167
0.002794436 -0.001882303
0.002796036 -0.001647015
0.002797636 -0.002117591
0.002799236 -0.002352879
0.002800836 -0.002823455
0.002802436 -0.002352879
0.002804036 -0.003058743
0.002805636 -0.002588167
0.002807236 -0.002117591
0.002808836 -0.001882303
0.002810436 -0.001882303
0.002812036 -0.001411728
0.002813636 -0.001647015
0.002815236 -0.0009411517
0.002816836 -0.0009411517
0.002818436 -0.00117644
0.002820036 -0.0007058638
0.002821636 0
0.002823236 -0.0004705758
0.002824836 -0.0004705758
0.002826436 -0.0002352879
0.002828036 -0.0007058638
0.002829636 -0.0009411517
0.002831236 -0.0007058638
0.002832836 -0.0007058638
0.002834436 -0.0009411517
0.002836036 -0.00117644
0.002837636 -0.00117644
0.002839236 -0.001647015
0.002840836 -0.001411728
0.002842436 -0.002352879
0.002844036 -0.002823455
0.002845636 -0.002588167
0.002847236 -0.002117591
0.002848836 -0.002588167
0.002850436 -0.001411728
0.002852036 -0.001882303
0.002853636 -0.002117591
0.002855236 -0.002352879
0.002856836 -0.00117644
0.002858436 -0.001411728
0.002860036 -0.00117644
0.002861636 -0.001411728
0.002863236 -0.0007058638
0.002864836 -0.00117644
0.002866436 -0.0007058638
0.002868036 -0.001411728
0.002869636 -0.001411728
0.002871236 -0.001647015
0.002872836 -0.001647015
0.002874436 -0.002352879
0.002876036 -0.001882303
0.002877636 -0.003058743
0.002879236 -0.002823455
0.002880836 -0.003764607
0.002882436 -0.002823455
0.002884036 -0.002352879
0.002885636 -0.002588167
0.002887236 -0.003058743
0.002888836 -0.002352879
0.002890436 -0.002352879
0.002892036 -0.002588167
0.002893636 -0.002588167
0.002895236 -0.001647015
0.002896836 -0.002352879
0.002898436 -0.001411728
0.002900036 -0.001647015
0.002901636 -0.001411728
0.002903236 -0.00117644
0.002904836 -0.001647015
0.002906436 -0.0009411517
0.002908036 -0.00117644
0.002909636 -0.0009411517
0.002911236 -0.0002352879
0.002912836 -0.00117644
0.002914436 -0.0004705758
0.002916036 -0.0004705758
0.002917636 0.0004705758
0.002919236 0
0.002920836 0.0009411517
0.002922436 0.0009411517
0.002924036 0.00117644
0.002925636 0.00117644
0.002927236 0.001647015
0.002928836 0.001882303
0.002930436 0.001882303
0.002932036 0.001411728
0.002933636 0.001411728
0.002935236 0.0009411517
0.002936836 0.001647015
0.002938436 0.00117644
0.002940036 0.001411728
0.002941636 0.00117644
0.002943236 0.0002352879
0.002944836 -0.0002352879
0.002946436 0
0.002948036 -0.0002352879
0.002949636 0.0002352879
0.002951236 0
0.002952836 0
0.002954436 -0.0002352879
0.002956036 -0.0002352879
0.002957636 0
0.002959236 -0.0004705758
0.002960836 -0.0007058638
0.002962436 -0.0009411517
0.002964036 -0.0009411517
0.002965636 -0.00117644
0.002967236 -0.001411728
0.002968836 -0.001411728
0.002970436 -0.001411728
0.002972036 -0.0009411517
0.002973636 -0.001882303
0.002975236 -0.001411728
0.002976836 -0.001882303
0.002978436 -0.002117591
0.002980036 -0.002588167
0.002981636 -0.002117591
0.002983236 -0.002588167
0.002984836 -0.002588167
0.002986436 -0.003294031
0.002988036 -0.003529319
0.002989636 -0.003529319
0.002991236 -0.003764607
0.002992836 -0.003294031
0.002994436 -0.004235183
0.002996036 -0.003294031
0.002997636 -0.003058743
0.002999236 -0.003529319
0.003000836 -0.002823455
0.003002436 -0.002823455
0.003004036 -0.002588167
0.003005636 -0.002588167
0.003007236 -0.002352879
0.003008836 -0.002588167
0.003010436 -0.002352879
0.003012036 -0.002352879
0.003013636 -0.002352879
0.003015236 -0.001647015
0.003016836 -0.001411728
0.003018436 -0.001411728
0.003020036 -0.00117644
0.003021636 -0.0009411517
0.003023236 -0.00117644
0.003024836 -0.0009411517
0.003026436 -0.00117644
0.003028036 -0.00117644
0.003029636 -0.0007058638
0.003031236 -0.001647015
0.003032836 -0.0009411517
0.003034436 -0.0009411517
0.003036036 -0.0007058638
0.003037636 -0.001411728
0.003039236 -0.0009411517
0.003040836 -0.0007058638
0.003042436 0
0.003044036 -0.0002352879
0.003045636 0.0002352879
0.003047236 0.0009411517
0.003048836 0.001411728
0.003050436 0.001411728
0.003052036 0.001647015
0.003053636 0.002117591
0.003055236 0.002352879
0.003056836 0.002117591
0.003058436 0.002352879
0.003060036 0.001882303
0.003061636 0.002588167
0.003063236 0.002588167
0.003064836 0.002117591
0.003066436 0.002117591
0.003068036 0.002117591
0.003069636 0.002117591
0.003071236 0.001647015
0.003072836 0.001647015
0.003074436 0.001647015
0.003076036 0.001411728
0.003077636 0.001411728
0.003079236 0.001647015
0.003080836 0.002117591
0.003082436 0.001647015
0.003084036 0.001882303
0.003085636 0.001411728
0.003087236 0.001411728
0.003088836 0.001647015
0.003090436 0.00117644
0.003092036 0.001647015
0.003093636 0.001411728
0.003095236 0.001411728
0.003096836 0.001411728
0.003098436 0.0004705758
0.003100036 0.0007058638
0.003101636 0.0009411517
0.003103236 0.00117644
0.003104836 0.001411728
0.003106436 0.0007058638
0.003108036 0.00117644
0.003109636 0.001647015
0.003111236 0.001647015
0.003112836 0.002352879
0.003114436 0.002352879
0.003116036 0.002352879
0.003117636 0.002823455
0.003119236 0.003294031
0.003120836 0.003529319
0.003122436 0.003999895
0.003124036 0.003999895
0.003125636 0.00447047
0.003127236 0.004235183
0.003128836 0.004941046
0.003130436 0.00447047
0.003132036 0.005176334
0.003133636 0.005176334
0.003135236 0.005411622
0.003136836 0.005882198
0.003138436 0.00564691
0.003140036 0.005882198
0.003141636 0.006352774
0.003143236 0.006117486
0.003144836 0.005882198
0.003146436 0.00564691
0.003148036 0.006352774
0.003149636 0.006588062
0.003151236 0.006588062
0.003152836 0.006352774
0.003154436 0.006588062
0.003156036 0.005882198
0.003157636 0.006352774
0.003159236 0.006352774
0.003160836 0.005882198
0.003162436 0.006117486
0.003164036 0.005882198
0.003165636 0.00564691
0.003167236 0.00564691
0.003168836 0.004941046
0.003170436 0.005176334
0.003172036 0.005176334
0.003173636 0.005176334
0.003175236 0.005176334
0.003176836 0.005176334
0.003178436 0.005411622
0.003180036 0.00564691
0.003181636 0.005411622
0.003183236 0.005176334
0.003184836 0.00564691
0.003186436 0.00564691
0.003188036 0.005882198
0.003189636 0.006117486
0.003191236 0.00564691
0.003192836 0.005882198
0.003194436 0.00564691
0.003196036 0.005176334
0.003197636 0.005411622
0.003199236 0.004705758
0.003200836 0.004941046
0.003202436 0.004941046
0.003204036 0.003529319
0.003205636 0.003764607
0.003207236 0.003294031
0.003208836 0.002588167
0.003210436 0.001647015
0.003212036 0.002117591
0.003213636 0.0007058638
0.003215236 0.0004705758
0.003216836 0.0002352879
0.003218436 -0.0004705758
0.003220036 -0.00117644
0.003221636 -0.0009411517
0.003223236 -0.00117644
0.003224836 -0.0002352879
0.003226436 -0.00117644
0.003228036 -0.0004705758
0.003229636 -0.0004705758
0.003231236 0.0002352879
0.003232836 0
0.003234436 0.0002352879
0.003236036 0.0004705758
0.003237636 0.001411728
0.003239236 0.0009411517
0.003240836 0.001647015
0.003242436 0.001882303
0.003244036 0.002588167
0.003245636 0.002823455
0.003247236 0.003058743
0.003248836 0.003529319
0.003250436 0.003999895
0.003252036 0.004235183
0.003253636 0.003764607
0.003255236 0.004235183
0.003256836 0.003764607
0.003258436 0.003529319
0.003260036 0.003529319
0.003261636 0.002352879
0.003263236 0.003058743
0.003264836 0.002823455
0.003266436 0.002117591
0.003268036 0.001411728
0.003269636 0.00117644
0.003271236 0.001411728
0.003272836 0.0002352879
0.003274436 -0.0002352879
0.003276036 -0.0002352879
0.003277636 -0.0004705758
0.003279236 -0.00117644
0.003280836 -0.0009411517
0.003282436 -0.0007058638
0.003284036 -0.001882303
0.003285636 -0.001411728
0.003287236 -0.001882303
0.003288836 -0.002117591
0.003290436 -0.002117591
0.003292036 -0.001882303
0.003293636 -0.002352879
0.003295236 -0.001411728
0.003296836 -0.001647015
0.003298436 -0.0009411517
0.003300036 -0.0007058638
0.003301636 -0.0004705758
0.003303236 -0.0007058638
0.003304836 0.0004705758
0.003306436 0.0004705758
0.003308036 0.0009411517
0.003309636 0.001411728
0.003311236 0.001647015
0.003312836 0.001647015
0.003314436 0.001647015
0.003316036 0.002352879
0.003317636 0.002352879
0.003319236 0.002117591
0.003320836 0.001882303
0.003322436 0.002117591
0.003324036 0.001882303
0.003325636 0.00117644
0.003327236 0.00117644
0.003328836 0.001647015
0.003330436 0.001411728
0.003332036 0.002117591
0.003333636 0.001647015
0.003335236 0.001411728
0.003336836 0.001882303
0.003338436 0.001882303
0.003340036 0.002117591
0.003341636 0.001882303
0.003343236 0.002823455
0.003344836 0.002823455
0.003346436 0.002588167
0.003348036 0.002823455
0.003349636 0.003294031
0.003351236 0.003294031
0.003352836 0.002823455
0.003354436 0.003058743
0.003356036 0.003764607
0.003357636 0.003058743
0.003359236 0.002823455
0.003360836 0.003058743
0.003362436 0.003058743
0.003364036 0.001882303
0.003365636 0.002117591
0.003367236 0.001882303
0.003368836 0.002117591
0.003370436 0.001647015
0.003372036 0.001647015
0.003373636 0.00117644
0.003375236 0.00117644
0.003376836 0.0009411517
0.003378436 0.0007058638
0.003380036 0.00117644
0.003381636 0.0004705758
0.003383236 0.0004705758
0.003384836 0.00117644
0.003386436 0.0002352879
0.003388036 0
0.003389636 0
0.003391236 -0.0002352879
0.003392836 -0.0009411517
0.003394436 -0.0002352879
0.003396036 -0.0004705758
0.003397636 -0.0004705758
0.003399236 -0.0007058638
0.003400836 -0.0007058638
0.003402436 -0.0004705758
0.003404036 0.0002352879
0.003405636 -0.0002352879
0.003407236 0
0.003408836 0.0002352879
0.003410436 0
0.003412036 0
0.003413636 0.0002352879
0.003415236 0
0.003416836 0.0002352879
0.003418436 0.0004705758
0.003420036 0.0007058638
0.003421636 0.0009411517
0.003423236 0.0004705758
0.003424836 0.0004705758
0.003426436 0.0007058638
0.003428036 0.0009411517
0.003429636 0.001411728
0.003431236 0.0004705758
0.003432836 0.0009411517
0.003434436 0.0007058638
0.003436036 0.0007058638
0.003437636 -0.0004705758
0.003439236 0.0004705758
0.003440836 0.0002352879
0.003442436 0.0002352879
0.003444036 0.0002352879
0.003445636 -0.0002352879
0.003447236 -0.0009411517
0.003448836 -0.0002352879
0.003450436 -0.0009411517
0.003452036 -0.0004705758
0.003453636 -0.0009411517
0.003455236 -0.00117644
0.003456836 -0.0009411517
0.003458436 -0.0002352879
0.003460036 -0.00117644
0.003461636 -0.0004705758
0.003463236 -0.0004705758
0.003464836 -0.0004705758
0.003466436 0.0002352879
0.003468036 -0.0002352879
0.003469636 0
0.003471236 0
0.003472836 -0.0004705758
0.003474436 0.0002352879
0.003476036 0
0.003477636 0.0004705758
0.003479236 0
0.003480836 0.0007058638
0.003482436 0.0007058638
0.003484036 0.00117644
0.003485636 0.0007058638
0.003487236 0.001882303
0.003488836 0.0007058638
0.003490436 0.00117644
0.003492036 0.00117644
0.003493636 0.001411728
0.003495236 0.0009411517
0.003496836 0.00117644
0.003498436 0.0009411517
0.003500036 0.00117644
0.003501636 0.0007058638
0.003503236 0.00117644
0.003504836 0.0004705758
0.003506436 0.0002352879
0.003508036 -0.0002352879
0.003509636 -0.0002352879
0.003511236 -0.0002352879
0.003512836 0.0002352879
0.003514436 -0.0004705758
0.003516036 0.0002352879
0.003517636 -0.0009411517
0.003519236 -0.0002352879
0.003520836 -0.001411728
0.003522436 -0.0007058638
0.003524036 0.0002352879
0.003525636 0.0002352879
0.003527236 -0.0004705758
0.003528836 0.0002352879
0.003530436 0.0002352879
0.003532036 -0.0002352879
0.003533636 -0.0002352879
0.003535236 0
0.003536836 -0.0004705758
0.003538436 0.0004705758
0.003540036 -0.0002352879
0.003541636 0.0002352879
0.003543236 -0.0004705758
0.003544836 -0.0002352879
0.003546436 -0.0007058638
0.003548036 -0.0007058638
0.003549636 -0.0009411517
0.003551236 -0.0004705758
0.003552836 -0.00117644
0.003554436 -0.00117644
0.003556036 -0.001411728
0.003557636 -0.001411728
0.003559236 -0.001882303
0.003560836 -0.002117591
0.003562436 -0.002588167
0.003564036 -0.002117591
0.003565636 -0.003058743
0.003567236 -0.002823455
0.003568836 -0.002823455
0.003570436 -0.002588167
0.003572036 -0.003058743
0.003573636 -0.002352879
0.003575236 -0.002823455
0.003576836 -0.001882303
0.003578436 -0.002352879
0.003580036 -0.001647015
0.003581636 -0.001411728
0.003583236 -0.0009411517
0.003584836 -0.0004705758
0.003586436 -0.0004705758
0.003588036 0
0.003589636 0
0.003591236 -0.0002352879
0.003592836 0.0007058638
0.003594436 -0.0002352879
0.003596036 0.0004705758
0.003597636 -0.0004705758
0.003599236 0.0004705758
0.003600836 0.0002352879
0.003602436 0.0007058638
0.003604036 0.0004705758
0.003605636 0.0009411517
0.003607236 0.0004705758
0.003608836 0.001411728
0.003610436 0.0007058638
0.003612036 0.001411728
0.003613636 0.00117644
0.003615236 0.00117644
0.003616836 0.00117644
0.003618436 0.001411728
0.003620036 0.00117644
0.003621636 0.001882303
0.003623236 0.001411728
0.003624836 0.00117644
0.003626436 0.001882303
0.003628036 0.001882303
0.003629636 0.00117644
0.003631236 0.001411728
0.003632836 0.00117644
0.003634436 0.0004705758
0.003636036 0.0002352879
0.003637636 0.0002352879
0.003639236 0.0004705758
0.003640836 0.0009411517
0.003642436 0
0.003644036 0.0004705758
0.003645636 -0.0004705758
0.003647236 -0.0002352879
0.003648836 0.0002352879
0.003650436 0
0.003652036 -0.00117644
0.003653636 0.0004705758
0.003655236 0
0.003656836 0
0.003658436 -0.0002352879
0.003660036 0.0004705758
0.003661636 0
0.003663236 0.0004705758
0.003664836 0.0007058638
0.003666436 0.0004705758
0.003668036 0.0004705758
0.003669636 0.0007058638
0.003671236 0.0007058638
0.003672836 0.001647015
0.003674436 0.00117644
0.003676036 0.001647015
0.003677636 0.001647015
0.003679236 0.001882303
0.003680836 0.001882303
0.003682436 0.001882303
0.003684036 0.001882303
0.003685636 0.001647015
0.003687236 0.002117591
0.003688836 0.002588167
0.003690436 0.002352879
0.003692036 0.003058743
0.003693636 0.003058743
0.003695236 0.003058743
0.003696836 0.003058743
0.003698436 0.003294031
0.003700036 0.003529319
0.003701636 0.003999895
0.003703236 0.003058743
0.003704836 0.003999895
0.003706436 0.003058743
0.003708036 0.003294031
0.003709636 0.003999895
0.003711236 0.003999895
0.003712836 0.003529319
0.003714436 0.003529319
0.003716036 0.003294031
0.003717636 0.003764607
0.003719236 0.00447047
0.003720836 0.004235183
0.003722436 0.003999895
0.003724036 0.005176334
0.003725636 0.00447047
0.003727236 0.005411622
0.003728836 0.004705758
0.003730436 0.00564691
0.003732036 0.00564691
0.003733636 0.005882198
0.003735236 0.006352774
0.003736836 0.006117486
0.003738436 0.006588062
0.003740036 0.00682335
0.003741636 0.007058638
0.003743236 0.007529213
0.003744836 0.007058638
0.003746436 0.007293925
0.003748036 0.007293925
0.003749636 0.007058638
0.003751236 0.007764501
0.003752836 0.007293925
0.003754436 0.007058638
0.003756036 0.007058638
0.003757636 0.007293925
0.003759236 0.00682335
0.003760836 0.007058638
0.003762436 0.00682335
0.003764036 0.006352774
0.003765636 0.00682335
0.003767236 0.006117486
0.003768836 0.00682335
0.003770436 0.006588062
0.003772036 0.006117486
0.003773636 0.006588062
0.003775236 0.006352774
0.003776836 0.00682335
0.003778436 0.006352774
0.003780036 0.006352774
0.003781636 0.006352774
0.003783236 0.006352774
0.003784836 0.006352774
0.003786436 0.006117486
0.003788036 0.006117486
0.003789636 0.006117486
0.003791236 0.005882198
0.003792836 0.00564691
0.003794436 0.00564691
0.003796036 0.005411622
0.003797636 0.005411622
0.003799236 0.005411622
0.003800836 0.004941046
0.003802436 0.004705758
0.003804036 0.00447047
0.003805636 0.005176334
0.003807236 0.00447047
0.003808836 0.00447047
0.003810436 0.004941046
0.003812036 0.004705758
0.003813636 0.003529319
0.003815236 0.003999895
0.003816836 0.003999895
0.003818436 0.003999895
0.003820036 0.00447047
0.003821636 0.00447047
0.003823236 0.003999895
0.003824836 0.004235183
0.003826436 0.004235183
0.003828036 0.003999895
0.003829636 0.003764607
0.003831236 0.004235183
0.003832836 0.003764607
0.003834436 0.003529319
0.003836036 0.003294031
0.003837636 0.003764607
0.003839236 0.003529319
0.003840836 0.003999895
0.003842436 0.003294031
0.003844036 0.002823455
0.003845636 0.003294031
0.003847236 0.002588167
0.003848836 0.002588167
0.003850436 0.003058743
0.003852036 0.002352879
0.003853636 0.001882303
0.003855236 0.001647015
0.003856836 0.001411728
0.003858436 0.001411728
0.003860036 0.00117644
0.003861636 0.0009411517
0.003863236 0.0009411517
0.003864836 0.0007058638
0.003866436 0.0002352879
0.003868036 -0.0007058638
0.003869636 -0.0002352879
0.003871236 0.0002352879
0.003872836 0
0.003874436 -0.0009411517
0.003876036 -0.0009411517
0.003877636 -0.0007058638
0.003879236 -0.00117644
0.003880836 -0.00117644
0.003882436 -0.00117644
0.003884036 -0.001647015
0.003885636 -0.001882303
0.003887236 -0.001411728
0.003888836 -0.001647015
0.003890436 -0.001411728
0.003892036 -0.001411728
0.003893636 -0.001647015
0.003895236 -0.001647015
0.003896836 -0.001411728
0.003898436 -0.001647015
0.003900036 -0.001882303
0.003901636 -0.001647015
0.003903236 -0.00117644
0.003904836 -0.001882303
0.003906436 -0.001411728
0.003908036 -0.001647015
0.003909636 -0.001411728
0.003911236 -0.001411728
0.003912836 -0.0009411517
0.003914436 -0.001411728
0.003916036 -0.00117644
0.003917636 -0.001647015
0.003919236 -0.001647015
0.003920836 -0.001411728
0.003922436 -0.00117644
0.003924036 -0.001411728
0.003925636 -0.0007058638
0.003927236 -0.001647015
0.003928836 -0.001647015
0.003930436 -0.001647015
0.003932036 -0.001647015
0.003933636 -0.002352879
0.003935236 -0.001411728
0.003936836 -0.001882303
0.003938436 -0.002352879
0.003940036 -0.002823455
0.003941636 -0.002588167
0.003943236 -0.002352879
0.003944836 -0.002823455
0.003946436 -0.002588167
0.003948036 -0.002117591
0.003949636 -0.002588167
0.003951236 -0.002117591
0.003952836 -0.002117591
0.003954436 -0.002117591
0.003956036 -0.002117591
0.003957636 -0.002117591
0.003959236 -0.002352879
0.003960836 -0.002352879
0.003962436 -0.002352879
0.003964036 -0.001882303
0.003965636 -0.002117591
0.003967236 -0.001882303
0.003968836 -0.001647015
0.003970436 -0.001647015
0.003972036 -0.001882303
0.003973636 -0.001647015
0.003975236 -0.002117591
0.003976836 -0.001647015
0.003978436 -0.002588167
0.003980036 -0.002117591
0.003981636 -0.002352879
0.003983236 -0.001647015
0.003984836 -0.002588167
0.003986436 -0.002117591
0.003988036 -0.002823455
0.003989636 -0.002352879
0.003991236 -0.002823455
0.003992836 -0.002823455
0.003994436 -0.003058743
0.003996036 -0.002823455
0.003997636 -0.003764607
0.003999236 -0.003058743
0.004000836 -0.003764607
0.004002436 -0.003294031
0.004004036 -0.003999895
0.004005636 -0.003294031
0.004007236 -0.003294031
0.004008836 -0.003764607
0.004010436 -0.003764607
0.004012036 -0.002588167
0.004013636 -0.003294031
0.004015236 -0.002588167
0.004016836 -0.002588167
0.004018436 -0.002588167
0.004020036 -0.002588167
0.004021636 -0.002352879
0.004023236 -0.002588167
0.004024836 -0.002588167
0.004026436 -0.002588167
0.004028036 -0.002352879
0.004029636 -0.003058743
0.004031236 -0.002823455
0.004032836 -0.003529319
0.004034436 -0.002823455
0.004036036 -0.003999895
0.004037636 -0.003529319
0.004039236 -0.003764607
0.004040836 -0.004235183
0.004042436 -0.004235183
0.004044036 -0.003529319
0.004045636 -0.00447047
0.004047236 -0.003999895
0.004048836 -0.00447047
0.004050436 -0.003999895
0.004052036 -0.003999895
0.004053636 -0.003058743
0.004055236 -0.003529319
0.004056836 -0.003294031
0.004058436 -0.003294031
0.004060036 -0.003058743
0.004061636 -0.003058743
0.004063236 -0.002823455
0.004064836 -0.002588167
0.004066436 -0.002352879
0.004068036 -0.001882303
0.004069636 -0.002117591
0.004071236 -0.001647015
0.004072836 -0.001647015
0.004074436 -0.00117644
0.004076036 -0.0009411517
0.004077636 -0.00117644
0.004079236 -0.00117644
0.004080836 -0.00117644
0.004082436 -0.0009411517
0.004084036 -0.0007058638
0.004085636 -0.0007058638
0.004087236 -0.0004705758
0.004088836 -0.0002352879
0.004090436 -0.0002352879
0.004092036 0.0002352879
0.004093636 -0.0002352879
0.004095236 -0.0002352879
0.004096836 0
0.004098436 0.0009411517
0.004100036 0.0002352879
0.004101636 0.00117644
0.004103236 0.0007058638
0.004104836 0.0009411517
0.004106436 0.00117644
0.004108036 0.0009411517
0.004109636 0.001411728
0.004111236 0.001647015
0.004112836 0.001647015
0.004114436 0.001411728
0.004116036 0.001411728
0.004117636 0.0007058638
0.004119236 0.0009411517
0.004120836 0.0009411517
0.004122436 0.0009411517
0.004124036 0.0009411517
0.004125636 0.0007058638
0.004127236 0.0002352879
0.004128836 0.0004705758
0.004130436 0.0009411517
0.004132036 -0.0002352879
0.004133636 0.0002352879
0.004135236 0.0004705758
0.004136836 0.0004705758
0.004138436 0.0002352879
0.004140036 0.0004705758
0.004141636 0.0004705758
0.004143236 0.001647015
0.004144836 0.001647015
0.004146436 0.001647015
0.004148036 0.001882303
0.004149636 0.001882303
0.004151236 0.002117591
0.004152836 0.002117591
0.004154436 0.002117591
0.004156036 0.002823455
0.004157636 0.002588167
0.004159236 0.002823455
0.004160836 0.003294031
0.004162436 0.003058743
0.004164036 0.003764607
0.004165636 0.003764607
0.004167236 0.003999895
0.004168836 0.004705758
0.004170436 0.00447047
0.004172036 0.004705758
0.004173636 0.004941046
0.004175236 0.005411622
0.004176836 0.005176334
0.004178436 0.005176334
0.004180036 0.005411622
0.004181636 0.005176334
0.004183236 0.005882198
0.004184836 0.005882198
0.004186436 0.00564691
0.004188036 0.006117486
0.004189636 0.006352774
0.004191236 0.006588062
0.004192836 0.006588062
0.004194436 0.00682335
0.004196036 0.006588062
0.004197636 0.007058638
0.004199236 0.007293925
0.004200836 0.007529213
