LECROYWS4024HD 19320 Waveform
Segments 1 SegmentSize 3127
Segment TrigTime TimeSinceSegment1
#1 05-Jun-2024 15:55:56 0                 
Time Ampl
-0.000800227 -0.0004705758
-0.000798627 -0.0007058638
-0.000797027 0.0002352879
-0.000795427 -0.0004705758
-0.000793827 -0.0002352879
-0.000792227 0
-0.000790627 0.0002352879
-0.000789027 -0.0009411517
-0.000787427 0.0002352879
-0.000785827 0
-0.000784227 -0.0002352879
-0.000782627 0
-0.000781027 0.0004705758
-0.000779427 -0.0002352879
-0.000777827 0
-0.000776227 0
-0.000774627 -0.0002352879
-0.000773027 -0.0002352879
-0.000771427 0.0002352879
-0.000769827 0
-0.000768227 0.0002352879
-0.000766627 -0.0004705758
-0.000765027 0
-0.000763427 -0.0002352879
-0.000761827 0.0002352879
-0.000760227 -0.0004705758
-0.000758627 0
-0.000757027 0
-0.000755427 -0.0002352879
-0.000753827 -0.0004705758
-0.000752227 0
-0.000750627 -0.0004705758
-0.000749027 -0.0002352879
-0.000747427 0.001647015
-0.000745827 0
-0.000744227 0
-0.000742627 0
-0.000741027 0
-0.000739427 -0.0002352879
-0.000737827 -0.0002352879
-0.000736227 0
-0.000734627 0
-0.000733027 -0.001882303
-0.000731427 0
-0.000729827 0
-0.000728227 -0.0004705758
-0.000726627 0.0002352879
-0.000725027 -0.0004705758
-0.000723427 0.0002352879
-0.000721827 -0.0002352879
-0.000720227 0.0004705758
-0.000718627 -0.0002352879
-0.000717027 -0.0004705758
-0.000715427 -0.0002352879
-0.000713827 0
-0.000712227 -0.0004705758
-0.000710627 0.0007058638
-0.000709027 -0.0004705758
-0.000707427 0.0002352879
-0.000705827 0.0002352879
-0.000704227 -0.0002352879
-0.000702627 -0.0002352879
-0.000701027 0.0002352879
-0.000699427 -0.0004705758
-0.000697827 -0.0002352879
-0.000696227 -0.0007058638
-0.000694627 -0.0002352879
-0.000693027 -0.0004705758
-0.000691427 0
-0.000689827 -0.0002352879
-0.000688227 0
-0.000686627 -0.0009411517
-0.000685027 0.0002352879
-0.000683427 0.0002352879
-0.000681827 -0.0002352879
-0.000680227 0.0002352879
-0.000678627 0.0002352879
-0.000677027 0
-0.000675427 -0.0002352879
-0.000673827 0
-0.000672227 0
-0.000670627 -0.0002352879
-0.000669027 0.0002352879
-0.000667427 0
-0.000665827 0
-0.000664227 -0.0007058638
-0.000662627 0.00117644
-0.000661027 0
-0.000659427 0
-0.000657827 -0.0002352879
-0.000656227 -0.0002352879
-0.000654627 0.0007058638
-0.000653027 0.0002352879
-0.000651427 0
-0.000649827 -0.0002352879
-0.000648227 -0.0009411517
-0.000646627 0.0002352879
-0.000645027 0
-0.000643427 -0.0002352879
-0.000641827 -0.0002352879
-0.000640227 -0.0004705758
-0.000638627 -0.0004705758
-0.000637027 -0.0004705758
-0.000635427 0
-0.000633827 0
-0.000632227 -0.0004705758
-0.000630627 -0.0002352879
-0.000629027 0
-0.000627427 -0.0002352879
-0.000625827 -0.0007058638
-0.000624227 -0.0004705758
-0.000622627 -0.0002352879
-0.000621027 -0.0004705758
-0.000619427 -0.0002352879
-0.000617827 0
-0.000616227 0.0002352879
-0.000614627 0.0002352879
-0.000613027 -0.0002352879
-0.000611427 0
-0.000609827 0
-0.000608227 0
-0.000606627 0.001411728
-0.000605027 -0.0002352879
-0.000603427 -0.0002352879
-0.000601827 0
-0.000600227 -0.0002352879
-0.000598627 -0.0004705758
-0.000597027 0
-0.000595427 0.0004705758
-0.000593827 -0.0007058638
-0.000592227 -0.00117644
-0.000590627 0
-0.000589027 -0.0004705758
-0.000587427 0
-0.000585827 -0.0002352879
-0.000584227 0.0004705758
-0.000582627 -0.0002352879
-0.000581027 -0.0002352879
-0.000579427 -0.0007058638
-0.000577827 0.0002352879
-0.000576227 0
-0.000574627 -0.0002352879
-0.000573027 0
-0.000571427 0
-0.000569827 -0.0002352879
-0.000568227 0.0002352879
-0.000566627 0.0002352879
-0.000565027 -0.0007058638
-0.000563427 0.0002352879
-0.000561827 0
-0.000560227 -0.0002352879
-0.000558627 0
-0.000557027 -0.0004705758
-0.000555427 -0.0002352879
-0.000553827 0.0004705758
-0.000552227 0
-0.000550627 0.0002352879
-0.000549027 -0.0004705758
-0.000547427 0.0002352879
-0.000545827 -0.0002352879
-0.000544227 0.0004705758
-0.000542627 0
-0.000541027 0
-0.000539427 0.0004705758
-0.000537827 0
-0.000536227 -0.0004705758
-0.000534627 0.0002352879
-0.000533027 0
-0.000531427 0.0004705758
-0.000529827 0
-0.000528227 0.0007058638
-0.000526627 0
-0.000525027 -0.0002352879
-0.000523427 -0.0002352879
-0.000521827 0.0007058638
-0.000520227 0
-0.000518627 0
-0.000517027 -0.0007058638
-0.000515427 0
-0.000513827 -0.0004705758
-0.000512227 -0.0004705758
-0.000510627 -0.0002352879
-0.000509027 0
-0.000507427 -0.0007058638
-0.000505827 0
-0.000504227 0.0007058638
-0.000502627 0.0002352879
-0.000501027 -0.0002352879
-0.000499427 0
-0.000497827 0
-0.000496227 -0.0004705758
-0.000494627 0
-0.000493027 -0.0002352879
-0.000491427 -0.0004705758
-0.000489827 0
-0.000488227 -0.0002352879
-0.000486627 0
-0.000485027 -0.0002352879
-0.000483427 0
-0.000481827 0.0002352879
-0.000480227 -0.0002352879
-0.000478627 0.0002352879
-0.000477027 -0.0002352879
-0.000475427 0
-0.000473827 0
-0.000472227 -0.0002352879
-0.000470627 0.0004705758
-0.000469027 0.0004705758
-0.000467427 0.0004705758
-0.000465827 -0.001647015
-0.000464227 -0.0002352879
-0.000462627 -0.0002352879
-0.000461027 -0.0002352879
-0.000459427 -0.0002352879
-0.000457827 -0.0004705758
-0.000456227 -0.0002352879
-0.000454627 0.0002352879
-0.000453027 0
-0.000451427 0
-0.000449827 -0.0002352879
-0.000448227 0.0007058638
-0.000446627 -0.0002352879
-0.000445027 0.0002352879
-0.000443427 0.0002352879
-0.000441827 0.0002352879
-0.000440227 -0.0004705758
-0.000438627 0
-0.000437027 0.0002352879
-0.000435427 0
-0.000433827 -0.0002352879
-0.000432227 0.0002352879
-0.000430627 0.0002352879
-0.000429027 0.0002352879
-0.000427427 0
-0.000425827 0
-0.000424227 -0.0002352879
-0.000422627 -0.0002352879
-0.000421027 0.0002352879
-0.000419427 0
-0.000417827 -0.0004705758
-0.000416227 0.0002352879
-0.000414627 0
-0.000413027 0
-0.000411427 -0.0002352879
-0.000409827 0
-0.000408227 0
-0.000406627 0.0002352879
-0.000405027 0.0004705758
-0.000403427 0
-0.000401827 0.0002352879
-0.000400227 0.0007058638
-0.000398627 -0.0002352879
-0.000397027 0.0002352879
-0.000395427 0.0002352879
-0.000393827 0.0002352879
-0.000392227 0
-0.000390627 0.0002352879
-0.000389027 0.0004705758
-0.000387427 -0.0004705758
-0.000385827 0
-0.000384227 0.0002352879
-0.000382627 0
-0.000381027 -0.0004705758
-0.000379427 -0.0004705758
-0.000377827 0
-0.000376227 0.0004705758
-0.000374627 0
-0.000373027 0
-0.000371427 0.0004705758
-0.000369827 0.0002352879
-0.000368227 0
-0.000366627 0.0002352879
-0.000365027 0.0002352879
-0.000363427 0
-0.000361827 0.0004705758
-0.000360227 -0.0002352879
-0.000358627 0.0002352879
-0.000357027 -0.0007058638
-0.000355427 0.0002352879
-0.000353827 -0.001882303
-0.000352227 0
-0.000350627 0.0002352879
-0.000349027 -0.0004705758
-0.000347427 0
-0.000345827 0.0007058638
-0.000344227 0
-0.000342627 0
-0.000341027 -0.0002352879
-0.000339427 0.00117644
-0.000337827 0
-0.000336227 0.0002352879
-0.000334627 -0.0004705758
-0.000333027 0.0002352879
-0.000331427 0
-0.000329827 0
-0.000328227 0.0002352879
-0.000326627 0
-0.000325027 0.0004705758
-0.000323427 -0.0004705758
-0.000321827 0
-0.000320227 0.0002352879
-0.000318627 0.0002352879
-0.000317027 -0.0004705758
-0.000315427 -0.0002352879
-0.000313827 0.0002352879
-0.000312227 -0.0004705758
-0.000310627 -0.0002352879
-0.000309027 -0.0004705758
-0.000307427 0.0004705758
-0.000305827 0
-0.000304227 0
-0.000302627 -0.0002352879
-0.000301027 0.0002352879
-0.000299427 0.0002352879
-0.000297827 0
-0.000296227 0.0004705758
-0.000294627 -0.0002352879
-0.000293027 0.0004705758
-0.000291427 0.0002352879
-0.000289827 -0.0004705758
-0.000288227 0.0004705758
-0.000286627 0.0002352879
-0.000285027 0
-0.000283427 0.001882303
-0.000281827 0.0002352879
-0.000280227 0
-0.000278627 0
-0.000277027 0.0002352879
-0.000275427 -0.0002352879
-0.000273827 0
-0.000272227 0.0002352879
-0.000270627 0.0002352879
-0.000269027 0.00117644
-0.000267427 0
-0.000265827 0.0002352879
-0.000264227 -0.0007058638
-0.000262627 -0.0002352879
-0.000261027 -0.0004705758
-0.000259427 -0.0004705758
-0.000257827 0
-0.000256227 -0.0004705758
-0.000254627 -0.0004705758
-0.000253027 -0.0004705758
-0.000251427 0
-0.000249827 0
-0.000248227 0
-0.000246627 -0.0002352879
-0.000245027 -0.0002352879
-0.000243427 -0.0004705758
-0.000241827 -0.0004705758
-0.000240227 -0.0002352879
-0.000238627 0
-0.000237027 0
-0.000235427 -0.0009411517
-0.000233827 -0.0002352879
-0.000232227 -0.0002352879
-0.000230627 0
-0.000229027 0.0002352879
-0.000227427 -0.0004705758
-0.000225827 -0.0002352879
-0.000224227 -0.0002352879
-0.000222627 0
-0.000221027 0
-0.000219427 -0.0002352879
-0.000217827 0.0002352879
-0.000216227 0
-0.000214627 0
-0.000213027 -0.0002352879
-0.000211427 0
-0.000209827 -0.0002352879
-0.000208227 0.0004705758
-0.000206627 -0.0002352879
-0.000205027 -0.0004705758
-0.000203427 -0.0002352879
-0.000201827 -0.0004705758
-0.000200227 0
-0.000198627 0.0002352879
-0.000197027 -0.0002352879
-0.000195427 -0.0002352879
-0.000193827 -0.0002352879
-0.000192227 0
-0.000190627 0.0002352879
-0.000189027 0.0004705758
-0.000187427 -0.0004705758
-0.000185827 0.0002352879
-0.000184227 0.0002352879
-0.000182627 0.0002352879
-0.000181027 0
-0.000179427 0
-0.000177827 0
-0.000176227 0.0002352879
-0.000174627 0
-0.000173027 0
-0.000171427 -0.0004705758
-0.000169827 0
-0.000168227 0.0004705758
-0.000166627 0.0002352879
-0.000165027 0.0002352879
-0.000163427 0.0007058638
-0.000161827 -0.0004705758
-0.000160227 0
-0.000158627 -0.0004705758
-0.000157027 0.00117644
-0.000155427 0.0007058638
-0.000153827 0.0007058638
-0.000152227 -0.0002352879
-0.000150627 0
-0.000149027 0
-0.000147427 0.0002352879
-0.000145827 -0.0004705758
-0.000144227 0.0004705758
-0.000142627 -0.0004705758
-0.000141027 0
-0.000139427 -0.0002352879
-0.000137827 0.0004705758
-0.000136227 0
-0.000134627 -0.0002352879
-0.000133027 -0.0002352879
-0.000131427 0
-0.000129827 -0.0007058638
-0.000128227 0
-0.000126627 -0.0002352879
-0.000125027 0
-0.000123427 0.0004705758
-0.000121827 -0.0002352879
-0.000120227 0.0002352879
-0.000118627 0.0004705758
-0.000117027 0
-0.000115427 0.0007058638
-0.000113827 0.0002352879
-0.000112227 0
-0.000110627 -0.0004705758
-0.000109027 0
-0.000107427 -0.0002352879
-0.000105827 0.0004705758
-0.000104227 -0.0002352879
-0.000102627 0.0004705758
-0.000101027 0
-9.9427e-005 -0.0002352879
-9.7827e-005 -0.0002352879
-9.6227e-005 0.0002352879
-9.4627e-005 0
-9.3027e-005 0.0002352879
-9.1427e-005 0.0002352879
-8.9827e-005 0
-8.8227e-005 -0.0004705758
-8.6627e-005 0.001411728
-8.5027e-005 -0.0002352879
-8.3427e-005 0.0002352879
-8.1827e-005 0
-8.0227e-005 0
-7.8627e-005 -0.0002352879
-7.7027e-005 0
-7.5427e-005 0
-7.3827e-005 0
-7.2227e-005 -0.001411728
-7.0627e-005 -0.0002352879
-6.9027e-005 0
-6.7427e-005 0.0002352879
-6.5827e-005 -0.0002352879
-6.4227e-005 -0.0002352879
-6.2627e-005 -0.0002352879
-6.1027e-005 -0.0004705758
-5.9427e-005 0
-5.7827e-005 0.0004705758
-5.6227e-005 0.0002352879
-5.4627e-005 0
-5.3027e-005 -0.0002352879
-5.1427e-005 0
-4.9827e-005 0
-4.8227e-005 0.0002352879
-4.6627e-005 -0.0002352879
-4.5027e-005 0
-4.3427e-005 0.0002352879
-4.1827e-005 0
-4.0227e-005 0.0002352879
-3.8627e-005 0.0007058638
-3.7027e-005 0.002117591
-3.5427e-005 0.002588167
-3.3827e-005 0.003999895
-3.2227e-005 0.002823455
-3.0627e-005 -0.0007058638
-2.9027e-005 -0.008235077
-2.7427e-005 -0.01929361
-2.5827e-005 -0.03246973
-2.4227e-005 -0.0487046
-2.2627e-005 -0.06776292
-2.1027e-005 -0.09082114
-1.9427e-005 -0.117644
-1.7827e-005 -0.1484667
-1.6227e-005 -0.17976
-1.4627e-005 -0.2119944
-1.3027e-005 -0.2385819
-1.1427e-005 -0.2555227
-9.827e-006 -0.2604637
-8.227e-006 -0.2522286
-6.627e-006 -0.2282293
-5.027e-006 -0.1877598
-3.427e-006 -0.1324671
-1.827e-006 -0.06893936
-2.27e-007 -0.007293925
1.373e-006 0.03788135
2.973e-006 0.05976313
4.573e-006 0.05811612
6.173e-006 0.0428224
7.773e-006 0.02305822
9.373e-006 0.008235077
1.0973e-005 0.001882303
1.2573e-005 0.001882303
1.4173e-005 0.008705653
1.5773e-005 0.01623487
1.7373e-005 0.02470523
1.8973e-005 0.03411675
2.0573e-005 0.04517528
2.2173e-005 0.05246921
2.3773e-005 0.05529266
2.5373e-005 0.05011633
2.6973e-005 0.03882251
2.8573e-005 0.02517581
3.0173e-005 0.01435256
3.1773e-005 0.008470365
3.3373e-005 0.009882093
3.4973e-005 0.01435256
3.6573e-005 0.02023476
3.8173e-005 0.02352879
3.9773e-005 0.02564638
4.1373e-005 0.01741131
4.2973e-005 0.008235077
4.4573e-005 -0.003529319
4.6173e-005 -0.01694073
4.7773e-005 -0.03058743
4.9373e-005 -0.04235183
5.0973e-005 -0.05364565
5.2573e-005 -0.05976313
5.4173e-005 -0.06352774
5.5773e-005 -0.06399831
5.7373e-005 -0.0642336
5.8973e-005 -0.06352774
6.0573e-005 -0.06070428
6.2173e-005 -0.05552795
6.3773e-005 -0.04917517
6.5373e-005 -0.04117539
6.6973e-005 -0.03246973
6.8573e-005 -0.02564638
7.0173e-005 -0.02258764
7.1773e-005 -0.02211706
7.3373e-005 -0.02446994
7.4973e-005 -0.02846984
7.6573e-005 -0.03223444
7.8173e-005 -0.03646963
7.9773e-005 -0.04164596
8.1373e-005 -0.04964575
8.2973e-005 -0.06188072
8.4573e-005 -0.07529213
8.6173e-005 -0.08987998
8.7773e-005 -0.1023502
8.9373e-005 -0.1112912
9.0973e-005 -0.1143499
9.2573e-005 -0.1108206
9.4173e-005 -0.1023502
9.5773e-005 -0.08846826
9.7373e-005 -0.07152753
9.8973e-005 -0.05411622
0.000100573 -0.03576376
0.000102173 -0.01976419
0.000103773 -0.004705758
0.000105373 0.006588062
0.000106973 0.01576429
0.000108573 0.0195289
0.000110173 0.0214112
0.000111773 0.01505843
0.000113373 0.00682335
0.000114973 -0.004705758
0.000116573 -0.01741131
0.000118173 -0.02752869
0.000119773 -0.03599905
0.000121373 -0.04117539
0.000122973 -0.04305769
0.000124573 -0.04329298
0.000126173 -0.04376355
0.000127773 -0.04588114
0.000129373 -0.04893989
0.000130973 -0.05293978
0.000132573 -0.05552795
0.000134173 -0.0583514
0.000135773 -0.0583514
0.000137373 -0.05599852
0.000138973 -0.05105748
0.000140573 -0.04352826
0.000142173 -0.03246973
0.000143773 -0.0195289
0.000145373 -0.00564691
0.000146973 0.006588062
0.000148573 0.01670544
0.000150173 0.0232935
0.000151773 0.02611696
0.000153373 0.02423466
0.000154973 0.02047005
0.000156573 0.0136467
0.000158173 0.005882198
0.000159773 -0.003294031
0.000161373 -0.01152911
0.000162973 -0.01976419
0.000164573 -0.02799926
0.000166173 -0.03576376
0.000167773 -0.04376355
0.000169373 -0.05082219
0.000170973 -0.05788083
0.000172573 -0.06517475
0.000174173 -0.07035109
0.000175773 -0.07411569
0.000177373 -0.07435098
0.000178973 -0.07340983
0.000180573 -0.07082166
0.000182173 -0.06635119
0.000183773 -0.06164543
0.000185373 -0.05882198
0.000186973 -0.05576324
0.000188573 -0.05435151
0.000190173 -0.05270449
0.000191773 -0.05105748
0.000193373 -0.04964575
0.000194973 -0.0468223
0.000196573 -0.04211654
0.000198173 -0.03552848
0.000199773 -0.02776397
0.000201373 -0.02023476
0.000202973 -0.01341141
0.000204573 -0.009411517
0.000206173 -0.007293925
0.000207773 -0.007764501
0.000209373 -0.0117644
0.000210973 -0.01858775
0.000212573 -0.02799926
0.000214173 -0.04023423
0.000215773 -0.05435151
0.000217373 -0.0682335
0.000218973 -0.07905674
0.000220573 -0.0856448
0.000222173 -0.08729182
0.000223773 -0.08352721
0.000225373 -0.07693915
0.000226973 -0.0682335
0.000228573 -0.05976313
0.000230173 -0.05270449
0.000231773 -0.04705758
0.000233373 -0.04305769
0.000234973 -0.0409401
0.000236573 -0.03952837
0.000238173 -0.03764607
0.000239773 -0.03576376
0.000241373 -0.03294031
0.000242973 -0.03105801
0.000244573 -0.02870513
0.000246173 -0.02682282
0.000247773 -0.02494052
0.000249373 -0.02470523
0.000250973 -0.02588167
0.000252573 -0.02941099
0.000254173 -0.0331756
0.000255773 -0.03929308
0.000257373 -0.04376355
0.000258973 -0.04893989
0.000260573 -0.05082219
0.000262173 -0.04964575
0.000263773 -0.04752816
0.000265373 -0.04446942
0.000266973 -0.04141067
0.000268573 -0.04023423
0.000270173 -0.03882251
0.000271773 -0.03858722
0.000273373 -0.03858722
0.000274973 -0.03929308
0.000276573 -0.03929308
0.000278173 -0.03999895
0.000279773 -0.0409401
0.000281373 -0.04329298
0.000282973 -0.0447047
0.000284573 -0.04658701
0.000286173 -0.04658701
0.000287773 -0.04658701
0.000289373 -0.04446942
0.000290973 -0.0409401
0.000292573 -0.03741078
0.000294173 -0.03458732
0.000295773 -0.03105801
0.000297373 -0.03058743
0.000298973 -0.03199916
0.000300573 -0.03529319
0.000302173 -0.03905779
0.000303773 -0.0428224
0.000305373 -0.04635172
0.000306973 -0.0487046
0.000308573 -0.05341036
0.000310173 -0.05529266
0.000311773 -0.05505737
0.000313373 -0.05223392
0.000314973 -0.0468223
0.000316573 -0.04023423
0.000318173 -0.03270502
0.000319773 -0.02752869
0.000321373 -0.02211706
0.000322973 -0.01670544
0.000324573 -0.01270555
0.000326173 -0.01105853
0.000327773 -0.009176229
0.000329373 -0.009411517
0.000330973 -0.008705653
0.000332573 -0.009176229
0.000334173 -0.009646805
0.000335773 -0.009882093
0.000337373 -0.01223497
0.000338973 -0.01341141
0.000340573 -0.01576429
0.000342173 -0.0195289
0.000343773 -0.02399937
0.000345373 -0.02964628
0.000346973 -0.03576376
0.000348573 -0.03976366
0.000350173 -0.04211654
0.000351773 -0.04235183
0.000353373 -0.04046952
0.000354973 -0.03646963
0.000356573 -0.03223444
0.000358173 -0.02894041
0.000359773 -0.02517581
0.000361373 -0.02211706
0.000362973 -0.02094062
0.000364573 -0.01858775
0.000366173 -0.01835246
0.000367773 -0.02047005
0.000369373 -0.02446994
0.000370973 -0.02988157
0.000372573 -0.03482261
0.000374173 -0.03976366
0.000375773 -0.04329298
0.000377373 -0.04352826
0.000378973 -0.04446942
0.000380573 -0.04235183
0.000382173 -0.03717549
0.000383773 -0.03082272
0.000385373 -0.02352879
0.000386973 -0.01788188
0.000388573 -0.01317612
0.000390173 -0.009882093
0.000391773 -0.008470365
0.000393373 -0.007999789
0.000394973 -0.009411517
0.000396573 -0.01129382
0.000398173 -0.01388199
0.000399773 -0.01811717
0.000401373 -0.02094062
0.000402973 -0.02446994
0.000404573 -0.02611696
0.000406173 -0.0272934
0.000407773 -0.02752869
0.000409373 -0.02682282
0.000410973 -0.02376408
0.000412573 -0.0214112
0.000414173 -0.01835246
0.000415773 -0.01670544
0.000417373 -0.01458785
0.000418973 -0.01341141
0.000420573 -0.01223497
0.000422173 -0.01247026
0.000423773 -0.01341141
0.000425373 -0.01458785
0.000426973 -0.01482314
0.000428573 -0.0136467
0.000430173 -0.0117644
0.000431773 -0.008940941
0.000433373 -0.003294031
0.000434973 -0.002117591
0.000436573 0.0002352879
0.000438173 0.002588167
0.000439773 0.004235183
0.000441373 0.004941046
0.000442973 0.006588062
0.000444573 0.005882198
0.000446173 0.004941046
0.000447773 0.0007058638
0.000449373 -0.001411728
0.000450973 -0.005176334
0.000452573 -0.007293925
0.000454173 -0.01011738
0.000455773 -0.01152911
0.000457373 -0.0136467
0.000458973 -0.01505843
0.000460573 -0.01717602
0.000462173 -0.01788188
0.000463773 -0.01882303
0.000465373 -0.01976419
0.000466973 -0.01929361
0.000468573 -0.01882303
0.000470173 -0.01858775
0.000471773 -0.015529
0.000473373 -0.01294084
0.000474973 -0.01105853
0.000476573 -0.009411517
0.000478173 -0.008235077
0.000479773 -0.008470365
0.000481373 -0.008470365
0.000482973 -0.006588062
0.000484573 -0.006352774
0.000486173 -0.004235183
0.000487773 -0.002823455
0.000489373 -0.0009411517
0.000490973 0.001411728
0.000492573 0.003294031
0.000494173 0.006588062
0.000495773 0.009176229
0.000497373 0.0117644
0.000498973 0.01458785
0.000500573 0.01647015
0.000502173 0.01858775
0.000503773 0.02164649
0.000505373 0.02258764
0.000506973 0.02399937
0.000508573 0.02399937
0.000510173 0.02399937
0.000511773 0.02352879
0.000513373 0.0214112
0.000514973 0.01811717
0.000516573 0.015529
0.000518173 0.0117644
0.000519773 0.009646805
0.000521373 0.007764501
0.000522973 0.00682335
0.000524573 0.006352774
0.000526173 0.007529213
0.000527773 0.007999789
0.000529373 0.008705653
0.000530973 0.008235077
0.000532573 0.008470365
0.000534173 0.008940941
0.000535773 0.01058796
0.000537373 0.01199968
0.000538973 0.01294084
0.000540573 0.01294084
0.000542173 0.01294084
0.000543773 0.01152911
0.000545373 0.01082324
0.000546973 0.01011738
0.000548573 0.009176229
0.000550173 0.008940941
0.000551773 0.009176229
0.000553373 0.008940941
0.000554973 0.01082324
0.000556573 0.01152911
0.000558173 0.01294084
0.000559773 0.01623487
0.000561373 0.01529371
0.000562973 0.01529371
0.000564573 0.01529371
0.000566173 0.0136467
0.000567773 0.01152911
0.000569373 0.008940941
0.000570973 0.007058638
0.000572573 0.00564691
0.000574173 0.007058638
0.000575773 0.00682335
0.000577373 0.009176229
0.000578973 0.0117644
0.000580573 0.01411728
0.000582173 0.01599958
0.000583773 0.01764659
0.000585373 0.01882303
0.000586973 0.01811717
0.000588573 0.01764659
0.000590173 0.01905832
0.000591773 0.01929361
0.000593373 0.02094062
0.000594973 0.02235235
0.000596573 0.02423466
0.000598173 0.02611696
0.000599773 0.02682282
0.000601373 0.02799926
0.000602973 0.02823455
0.000604573 0.02776397
0.000606173 0.02682282
0.000607773 0.02752869
0.000609373 0.02752869
0.000610973 0.0272934
0.000612573 0.0272934
0.000614173 0.0272934
0.000615773 0.0272934
0.000617373 0.0272934
0.000618973 0.02564638
0.000620573 0.02470523
0.000622173 0.02305822
0.000623773 0.02094062
0.000625373 0.01976419
0.000626973 0.01788188
0.000628573 0.01647015
0.000630173 0.01717602
0.000631773 0.015529
0.000633373 0.01599958
0.000634973 0.01788188
0.000636573 0.01905832
0.000638173 0.02047005
0.000639773 0.02282293
0.000641373 0.02446994
0.000642973 0.02564638
0.000644573 0.02611696
0.000646173 0.02658753
0.000647773 0.02682282
0.000649373 0.02705811
0.000650973 0.02611696
0.000652573 0.02588167
0.000654173 0.02635225
0.000655773 0.02776397
0.000657373 0.02988157
0.000658973 0.03223444
0.000660573 0.0350579
0.000662173 0.03717549
0.000663773 0.03882251
0.000665373 0.03858722
0.000666973 0.03670492
0.000668573 0.0331756
0.000670173 0.02752869
0.000671773 0.02094062
0.000673373 0.01599958
0.000674973 0.01082324
0.000676573 0.008470365
0.000678173 0.00682335
0.000679773 0.007529213
0.000681373 0.008705653
0.000682973 0.01058796
0.000684573 0.0117644
0.000686173 0.01388199
0.000687773 0.01505843
0.000689373 0.01599958
0.000690973 0.01694073
0.000692573 0.01858775
0.000694173 0.02023476
0.000695773 0.02211706
0.000697373 0.02470523
0.000698973 0.02799926
0.000700573 0.03294031
0.000702173 0.0350579
0.000703773 0.03811664
0.000705373 0.04141067
0.000706973 0.0428224
0.000708573 0.04446942
0.000710173 0.04399884
0.000711773 0.04329298
0.000713373 0.0428224
0.000714973 0.04305769
0.000716573 0.04329298
0.000718173 0.04423413
0.000719773 0.04517528
0.000721373 0.04611643
0.000722973 0.04729287
0.000724573 0.04752816
0.000726173 0.04823402
0.000727773 0.04893989
0.000729373 0.04893989
0.000730973 0.05011633
0.000732573 0.0505869
0.000734173 0.05129277
0.000735773 0.05176334
0.000737373 0.05364565
0.000738973 0.05435151
0.000740573 0.05505737
0.000742173 0.0564691
0.000743773 0.05670439
0.000745373 0.05811612
0.000746973 0.05905727
0.000748573 0.05999842
0.000750173 0.06070428
0.000751773 0.06188072
0.000753373 0.06211601
0.000754973 0.06117486
0.000756573 0.05811612
0.000758173 0.05741025
0.000759773 0.05623381
0.000761373 0.05364565
0.000762973 0.05082219
0.000764573 0.04893989
0.000766173 0.04776345
0.000767773 0.0468223
0.000769373 0.04658701
0.000770973 0.04705758
0.000772573 0.04635172
0.000774173 0.0468223
0.000775773 0.04729287
0.000777373 0.04564586
0.000778973 0.04446942
0.000780573 0.04352826
0.000782173 0.04258711
0.000783773 0.04164596
0.000785373 0.04329298
0.000786973 0.0447047
0.000788573 0.0468223
0.000790173 0.04964575
0.000791773 0.05341036
0.000793373 0.05599852
0.000794973 0.05858669
0.000796573 0.05999842
0.000798173 0.06070428
0.000799773 0.06093957
0.000801373 0.06046899
0.000802973 0.05952784
0.000804573 0.05882198
0.000806173 0.05811612
0.000807773 0.05858669
0.000809373 0.05764554
0.000810973 0.05952784
0.000812573 0.06164543
0.000814173 0.06399831
0.000815773 0.06752763
0.000817373 0.07129224
0.000818973 0.07435098
0.000820573 0.07576271
0.000822173 0.07693915
0.000823773 0.07670386
0.000825373 0.07505685
0.000826973 0.0719981
0.000828573 0.07105695
0.000830173 0.06870407
0.000831773 0.06588062
0.000833373 0.06352774
0.000834973 0.06093957
0.000836573 0.0583514
0.000838173 0.05623381
0.000839773 0.05505737
0.000841373 0.05435151
0.000842973 0.05223392
0.000844573 0.05129277
0.000846173 0.05082219
0.000847773 0.04917517
0.000849373 0.0487046
0.000850973 0.04776345
0.000852573 0.04658701
0.000854173 0.04588114
0.000855773 0.04635172
0.000857373 0.04564586
0.000858973 0.04635172
0.000860573 0.04658701
0.000862173 0.04799874
0.000863773 0.04752816
0.000865373 0.04776345
0.000866973 0.04752816
0.000868573 0.04776345
0.000870173 0.04705758
0.000871773 0.04752816
0.000873373 0.04729287
0.000874973 0.04658701
0.000876573 0.04611643
0.000878173 0.04588114
0.000879773 0.04611643
0.000881373 0.04588114
0.000882973 0.04446942
0.000884573 0.04564586
0.000886173 0.04517528
0.000887773 0.04564586
0.000889373 0.04446942
0.000890973 0.04517528
0.000892573 0.04611643
0.000894173 0.04705758
0.000895773 0.04752816
0.000897373 0.04988104
0.000898973 0.04964575
0.000900573 0.05105748
0.000902173 0.05176334
0.000903773 0.05176334
0.000905373 0.05246921
0.000906973 0.05270449
0.000908573 0.05199863
0.000910173 0.05246921
0.000911773 0.05317507
0.000913373 0.05293978
0.000914973 0.05364565
0.000916573 0.05482208
0.000918173 0.05529266
0.000919773 0.05623381
0.000921373 0.05623381
0.000922973 0.05693968
0.000924573 0.05717496
0.000926173 0.05764554
0.000927773 0.05811612
0.000929373 0.05811612
0.000930973 0.05882198
0.000932573 0.05882198
0.000934173 0.05952784
0.000935773 0.06023371
0.000937373 0.06070428
0.000938973 0.05999842
0.000940573 0.06141015
0.000942173 0.06093957
0.000943773 0.05999842
0.000945373 0.05858669
0.000946973 0.05741025
0.000948573 0.05576324
0.000950173 0.05317507
0.000951773 0.05129277
0.000953373 0.0505869
0.000954973 0.04776345
0.000956573 0.04541057
0.000958173 0.04399884
0.000959773 0.04258711
0.000961373 0.04117539
0.000962973 0.04023423
0.000964573 0.04023423
0.000966173 0.03976366
0.000967773 0.03952837
0.000969373 0.03976366
0.000970973 0.04117539
0.000972573 0.04305769
0.000974173 0.04446942
0.000975773 0.04635172
0.000977373 0.04799874
0.000978973 0.04964575
0.000980573 0.05082219
0.000982173 0.05246921
0.000983773 0.05435151
0.000985373 0.05599852
0.000986973 0.05670439
0.000988573 0.05882198
0.000990173 0.05952784
0.000991773 0.06070428
0.000993373 0.06046899
0.000994973 0.05999842
0.000996573 0.05858669
0.000998173 0.05741025
0.000999773 0.05599852
0.001001373 0.0545868
0.001002973 0.05317507
0.001004573 0.05246921
0.001006173 0.05176334
0.001007773 0.05246921
0.001009373 0.05435151
0.001010973 0.05364565
0.001012573 0.05505737
0.001014173 0.05576324
0.001015773 0.05741025
0.001017373 0.05858669
0.001018973 0.05952784
0.001020573 0.06070428
0.001022173 0.06070428
0.001023773 0.05976313
0.001025373 0.06070428
0.001026973 0.06046899
0.001028573 0.06046899
0.001030173 0.06093957
0.001031773 0.06093957
0.001033373 0.06117486
0.001034973 0.06211601
0.001036573 0.0623513
0.001038173 0.06376303
0.001039773 0.06376303
0.001041373 0.06399831
0.001042973 0.06329245
0.001044573 0.06188072
0.001046173 0.05929256
0.001047773 0.05623381
0.001049373 0.05341036
0.001050973 0.04988104
0.001052573 0.04658701
0.001054173 0.04541057
0.001055773 0.04376355
0.001057373 0.04376355
0.001058973 0.04376355
0.001060573 0.0447047
0.001062173 0.04564586
0.001063773 0.0468223
0.001065373 0.04823402
0.001066973 0.04893989
0.001068573 0.04917517
0.001070173 0.04964575
0.001071773 0.04941046
0.001073373 0.04799874
0.001074973 0.04658701
0.001076573 0.04423413
0.001078173 0.04164596
0.001079773 0.03811664
0.001081373 0.03717549
0.001082973 0.03576376
0.001084573 0.03435204
0.001086173 0.03411675
0.001087773 0.03364617
0.001089373 0.03411675
0.001090973 0.03411675
0.001092573 0.0350579
0.001094173 0.03670492
0.001095773 0.03764607
0.001097373 0.03905779
0.001098973 0.03999895
0.001100573 0.04141067
0.001102173 0.04188125
0.001103773 0.0428224
0.001105373 0.04376355
0.001106973 0.04517528
0.001108573 0.04588114
0.001110173 0.04658701
0.001111773 0.04752816
0.001113373 0.04799874
0.001114973 0.04823402
0.001116573 0.04799874
0.001118173 0.04776345
0.001119773 0.04752816
0.001121373 0.0468223
0.001122973 0.04517528
0.001124573 0.04399884
0.001126173 0.04258711
0.001127773 0.04164596
0.001129373 0.04141067
0.001130973 0.04070481
0.001132573 0.04117539
0.001134173 0.0409401
0.001135773 0.03999895
0.001137373 0.04235183
0.001138973 0.04329298
0.001140573 0.04352826
0.001142173 0.04305769
0.001143773 0.04258711
0.001145373 0.04164596
0.001146973 0.03999895
0.001148573 0.03858722
0.001150173 0.03764607
0.001151773 0.03482261
0.001153373 0.03341088
0.001154973 0.03152858
0.001156573 0.03035214
0.001158173 0.03011685
0.001159773 0.02964628
0.001161373 0.03058743
0.001162973 0.03270502
0.001164573 0.03435204
0.001166173 0.03741078
0.001167773 0.03999895
0.001169373 0.04258711
0.001170973 0.04399884
0.001172573 0.04588114
0.001174173 0.04635172
0.001175773 0.04658701
0.001177373 0.04658701
0.001178973 0.04658701
0.001180573 0.04564586
0.001182173 0.04446942
0.001183773 0.04329298
0.001185373 0.04211654
0.001186973 0.0409401
0.001188573 0.04023423
0.001190173 0.04023423
0.001191773 0.03999895
0.001193373 0.04046952
0.001194973 0.04141067
0.001196573 0.04211654
0.001198173 0.04329298
0.001199773 0.04423413
0.001201373 0.04564586
0.001202973 0.04776345
0.001204573 0.04941046
0.001206173 0.04941046
0.001207773 0.05152805
0.001209373 0.05246921
0.001210973 0.05270449
0.001212573 0.05129277
0.001214173 0.04917517
0.001215773 0.04611643
0.001217373 0.04258711
0.001218973 0.03788135
0.001220573 0.03294031
0.001222173 0.02988157
0.001223773 0.02611696
0.001225373 0.0232935
0.001226973 0.02164649
0.001228573 0.0195289
0.001230173 0.01835246
0.001231773 0.01858775
0.001233373 0.01905832
0.001234973 0.01976419
0.001236573 0.02023476
0.001238173 0.02094062
0.001239773 0.02117591
0.001241373 0.02117591
0.001242973 0.02188178
0.001244573 0.02164649
0.001246173 0.02094062
0.001247773 0.02070534
0.001249373 0.02047005
0.001250973 0.01976419
0.001252573 0.01835246
0.001254173 0.01741131
0.001255773 0.01647015
0.001257373 0.01529371
0.001258973 0.01458785
0.001260573 0.01247026
0.001262173 0.01388199
0.001263773 0.01105853
0.001265373 0.01152911
0.001266973 0.01129382
0.001268573 0.01129382
0.001270173 0.01058796
0.001271773 0.01152911
0.001273373 0.01105853
0.001274973 0.01129382
0.001276573 0.01105853
0.001278173 0.01223497
0.001279773 0.01199968
0.001281373 0.01223497
0.001282973 0.01247026
0.001284573 0.01317612
0.001286173 0.01388199
0.001287773 0.01458785
0.001289373 0.01647015
0.001290973 0.01811717
0.001292573 0.01835246
0.001294173 0.01929361
0.001295773 0.01976419
0.001297373 0.02070534
0.001298973 0.02235235
0.001300573 0.02305822
0.001302173 0.02352879
0.001303773 0.02399937
0.001305373 0.02352879
0.001306973 0.02282293
0.001308573 0.0214112
0.001310173 0.0195289
0.001311773 0.01694073
0.001313373 0.01411728
0.001314973 0.01152911
0.001316573 0.008705653
0.001318173 0.005882198
0.001319773 0.003764607
0.001321373 0.002588167
0.001322973 0.002117591
0.001324573 0.0009411517
0.001326173 0.00117644
0.001327773 0.00117644
0.001329373 0.0004705758
0.001330973 0.0007058638
0.001332573 -0.001411728
0.001334173 0
0.001335773 -0.0002352879
0.001337373 -0.0009411517
0.001338973 -0.00117644
0.001340573 -0.0007058638
0.001342173 -0.001411728
0.001343773 -0.0004705758
0.001345373 -0.0007058638
0.001346973 -0.0002352879
0.001348573 -0.0007058638
0.001350173 -0.00117644
0.001351773 -0.002352879
0.001353373 -0.002588167
0.001354973 -0.003529319
0.001356573 -0.003529319
0.001358173 -0.003999895
0.001359773 -0.003999895
0.001361373 -0.003764607
0.001362973 -0.003999895
0.001364573 -0.003529319
0.001366173 -0.002117591
0.001367773 -0.00117644
0.001369373 -0.0004705758
0.001370973 0.0007058638
0.001372573 0.002588167
0.001374173 0.004235183
0.001375773 0.005411622
0.001377373 0.007293925
0.001378973 0.007764501
0.001380573 0.008470365
0.001382173 0.008235077
0.001383773 0.007999789
0.001385373 0.007293925
0.001386973 0.006588062
0.001388573 0.00564691
0.001390173 0.006352774
0.001391773 0.003999895
0.001393373 0.003529319
0.001394973 0.002117591
0.001396573 0.0009411517
0.001398173 -0.0007058638
0.001399773 -0.002117591
0.001401373 -0.002823455
0.001402973 -0.003294031
0.001404573 -0.00447047
0.001406173 -0.006117486
0.001407773 -0.00682335
0.001409373 -0.008235077
0.001410973 -0.009646805
0.001412573 -0.01082324
0.001414173 -0.01223497
0.001415773 -0.01317612
0.001417373 -0.01482314
0.001418973 -0.01341141
0.001420573 -0.01388199
0.001422173 -0.0136467
0.001423773 -0.01270555
0.001425373 -0.01247026
0.001426973 -0.01223497
0.001428573 -0.0117644
0.001430173 -0.01199968
0.001431773 -0.01223497
0.001433373 -0.01294084
0.001434973 -0.01411728
0.001436573 -0.01458785
0.001438173 -0.01458785
0.001439773 -0.01435256
0.001441373 -0.01341141
0.001442973 -0.01270555
0.001444573 -0.01152911
0.001446173 -0.009882093
0.001447773 -0.008940941
0.001449373 -0.007999789
0.001450973 -0.007529213
0.001452573 -0.007293925
0.001454173 -0.007764501
0.001455773 -0.009411517
0.001457373 -0.01035267
0.001458973 -0.01458785
0.001460573 -0.01435256
0.001462173 -0.01717602
0.001463773 -0.01999947
0.001465373 -0.02282293
0.001466973 -0.02564638
0.001468573 -0.02799926
0.001470173 -0.02964628
0.001471773 -0.03105801
0.001473373 -0.0331756
0.001474973 -0.03294031
0.001476573 -0.03294031
0.001478173 -0.03246973
0.001479773 -0.03176387
0.001481373 -0.03223444
0.001482973 -0.03105801
0.001484573 -0.03082272
0.001486173 -0.03035214
0.001487773 -0.02941099
0.001489373 -0.02988157
0.001490973 -0.02988157
0.001492573 -0.03011685
0.001494173 -0.03105801
0.001495773 -0.03223444
0.001497373 -0.0331756
0.001498973 -0.03458732
0.001500573 -0.03529319
0.001502173 -0.03576376
0.001503773 -0.03788135
0.001505373 -0.03811664
0.001506973 -0.03882251
0.001508573 -0.03905779
0.001510173 -0.03905779
0.001511773 -0.03858722
0.001513373 -0.03905779
0.001514973 -0.03858722
0.001516573 -0.03905779
0.001518173 -0.03858722
0.001519773 -0.03882251
0.001521373 -0.03882251
0.001522973 -0.03882251
0.001524573 -0.03858722
0.001526173 -0.03858722
0.001527773 -0.03905779
0.001529373 -0.03717549
0.001530973 -0.03999895
0.001532573 -0.04023423
0.001534173 -0.04164596
0.001535773 -0.04329298
0.001537373 -0.04399884
0.001538973 -0.0447047
0.001540573 -0.0447047
0.001542173 -0.04588114
0.001543773 -0.04541057
0.001545373 -0.04517528
0.001546973 -0.04423413
0.001548573 -0.04352826
0.001550173 -0.04258711
0.001551773 -0.04211654
0.001553373 -0.04258711
0.001554973 -0.04258711
0.001556573 -0.04446942
0.001558173 -0.04588114
0.001559773 -0.04635172
0.001561373 -0.04776345
0.001562973 -0.04893989
0.001564573 -0.04941046
0.001566173 -0.04893989
0.001567773 -0.0487046
0.001569373 -0.04752816
0.001570973 -0.04635172
0.001572573 -0.04493999
0.001574173 -0.04446942
0.001575773 -0.04352826
0.001577373 -0.04329298
0.001578973 -0.04329298
0.001580573 -0.04446942
0.001582173 -0.04376355
0.001583773 -0.0447047
0.001585373 -0.04752816
0.001586973 -0.0468223
0.001588573 -0.04729287
0.001590173 -0.04893989
0.001591773 -0.04917517
0.001593373 -0.0505869
0.001594973 -0.05082219
0.001596573 -0.05105748
0.001598173 -0.05129277
0.001599773 -0.04964575
0.001601373 -0.05035161
0.001602973 -0.05035161
0.001604573 -0.04941046
0.001606173 -0.04846931
0.001607773 -0.04635172
0.001609373 -0.04541057
0.001610973 -0.0447047
0.001612573 -0.04329298
0.001614173 -0.0428224
0.001615773 -0.0428224
0.001617373 -0.04329298
0.001618973 -0.04399884
0.001620573 -0.04493999
0.001622173 -0.04611643
0.001623773 -0.04752816
0.001625373 -0.04823402
0.001626973 -0.04846931
0.001628573 -0.04917517
0.001630173 -0.0487046
0.001631773 -0.04941046
0.001633373 -0.04846931
0.001634973 -0.04823402
0.001636573 -0.04846931
0.001638173 -0.04917517
0.001639773 -0.04941046
0.001641373 -0.05105748
0.001642973 -0.05105748
0.001644573 -0.05270449
0.001646173 -0.05246921
0.001647773 -0.05341036
0.001649373 -0.05293978
0.001650973 -0.05341036
0.001652573 -0.05199863
0.001654173 -0.05246921
0.001655773 -0.05105748
0.001657373 -0.05246921
0.001658973 -0.05223392
0.001660573 -0.05199863
0.001662173 -0.05176334
0.001663773 -0.05246921
0.001665373 -0.05246921
0.001666973 -0.05293978
0.001668573 -0.05270449
0.001670173 -0.05435151
0.001671773 -0.05388093
0.001673373 -0.05388093
0.001674973 -0.0545868
0.001676573 -0.05482208
0.001678173 -0.05505737
0.001679773 -0.05552795
0.001681373 -0.0545868
0.001682973 -0.05482208
0.001684573 -0.05364565
0.001686173 -0.05341036
0.001687773 -0.05176334
0.001689373 -0.05105748
0.001690973 -0.04988104
0.001692573 -0.04846931
0.001694173 -0.04705758
0.001695773 -0.04564586
0.001697373 -0.04517528
0.001698973 -0.04541057
0.001700573 -0.04399884
0.001702173 -0.04446942
0.001703773 -0.04399884
0.001705373 -0.04446942
0.001706973 -0.04493999
0.001708573 -0.04611643
0.001710173 -0.04658701
0.001711773 -0.04893989
0.001713373 -0.04846931
0.001714973 -0.04964575
0.001716573 -0.05129277
0.001718173 -0.05293978
0.001719773 -0.0545868
0.001721373 -0.05599852
0.001722973 -0.05693968
0.001724573 -0.05858669
0.001726173 -0.06046899
0.001727773 -0.05952784
0.001729373 -0.05999842
0.001730973 -0.05929256
0.001732573 -0.05811612
0.001734173 -0.05717496
0.001735773 -0.05623381
0.001737373 -0.05552795
0.001738973 -0.05482208
0.001740573 -0.05435151
0.001742173 -0.05505737
0.001743773 -0.05576324
0.001745373 -0.05623381
0.001746973 -0.05741025
0.001748573 -0.0583514
0.001750173 -0.05882198
0.001751773 -0.05929256
0.001753373 -0.06070428
0.001754973 -0.06046899
0.001756573 -0.06023371
0.001758173 -0.05952784
0.001759773 -0.05929256
0.001761373 -0.05811612
0.001762973 -0.05764554
0.001764573 -0.05693968
0.001766173 -0.05693968
0.001767773 -0.05623381
0.001769373 -0.05670439
0.001770973 -0.05670439
0.001772573 -0.05717496
0.001774173 -0.05717496
0.001775773 -0.05764554
0.001777373 -0.05858669
0.001778973 -0.05976313
0.001780573 -0.05976313
0.001782173 -0.06093957
0.001783773 -0.06046899
0.001785373 -0.06093957
0.001786973 -0.05999842
0.001788573 -0.05999842
0.001790173 -0.05952784
0.001791773 -0.05929256
0.001793373 -0.05905727
0.001794973 -0.05929256
0.001796573 -0.05858669
0.001798173 -0.05976313
0.001799773 -0.05976313
0.001801373 -0.05999842
0.001802973 -0.05929256
0.001804573 -0.05882198
0.001806173 -0.0583514
0.001807773 -0.05764554
0.001809373 -0.05693968
0.001810973 -0.05576324
0.001812573 -0.0545868
0.001814173 -0.05364565
0.001815773 -0.05293978
0.001817373 -0.05246921
0.001818973 -0.05152805
0.001820573 -0.05152805
0.001822173 -0.0505869
0.001823773 -0.04988104
0.001825373 -0.04893989
0.001826973 -0.04917517
0.001828573 -0.04846931
0.001830173 -0.04776345
0.001831773 -0.0468223
0.001833373 -0.04658701
0.001834973 -0.04517528
0.001836573 -0.04564586
0.001838173 -0.04541057
0.001839773 -0.04541057
0.001841373 -0.04399884
0.001842973 -0.0447047
0.001844573 -0.04376355
0.001846173 -0.04399884
0.001847773 -0.04329298
0.001849373 -0.0428224
0.001850973 -0.04235183
0.001852573 -0.04211654
0.001854173 -0.04188125
0.001855773 -0.04211654
0.001857373 -0.0428224
0.001858973 -0.04305769
0.001860573 -0.04376355
0.001862173 -0.04564586
0.001863773 -0.04658701
0.001865373 -0.0487046
0.001866973 -0.05011633
0.001868573 -0.05223392
0.001870173 -0.05388093
0.001871773 -0.05435151
0.001873373 -0.05599852
0.001874973 -0.05623381
0.001876573 -0.05670439
0.001878173 -0.05741025
0.001879773 -0.05576324
0.001881373 -0.0545868
0.001882973 -0.05317507
0.001884573 -0.05246921
0.001886173 -0.05011633
0.001887773 -0.04846931
0.001889373 -0.04705758
0.001890973 -0.04541057
0.001892573 -0.04541057
0.001894173 -0.04517528
0.001895773 -0.04423413
0.001897373 -0.04446942
0.001898973 -0.04446942
0.001900573 -0.04517528
0.001902173 -0.04493999
0.001903773 -0.0447047
0.001905373 -0.04376355
0.001906973 -0.04376355
0.001908573 -0.0409401
0.001910173 -0.04046952
0.001911773 -0.03905779
0.001913373 -0.03741078
0.001914973 -0.03482261
0.001916573 -0.03364617
0.001918173 -0.03223444
0.001919773 -0.03082272
0.001921373 -0.02964628
0.001922973 -0.03082272
0.001924573 -0.02941099
0.001926173 -0.03011685
0.001927773 -0.03035214
0.001929373 -0.03176387
0.001930973 -0.03246973
0.001932573 -0.03411675
0.001934173 -0.03458732
0.001935773 -0.03552848
0.001937373 -0.03552848
0.001938973 -0.03646963
0.001940573 -0.03576376
0.001942173 -0.03576376
0.001943773 -0.03552848
0.001945373 -0.03529319
0.001946973 -0.03435204
0.001948573 -0.03364617
0.001950173 -0.03341088
0.001951773 -0.03270502
0.001953373 -0.03246973
0.001954973 -0.03152858
0.001956573 -0.03176387
0.001958173 -0.03199916
0.001959773 -0.03129329
0.001961373 -0.03223444
0.001962973 -0.03176387
0.001964573 -0.03058743
0.001966173 -0.03176387
0.001967773 -0.03176387
0.001969373 -0.03152858
0.001970973 -0.03176387
0.001972573 -0.03129329
0.001974173 -0.03058743
0.001975773 -0.02988157
0.001977373 -0.02964628
0.001978973 -0.02964628
0.001980573 -0.02823455
0.001982173 -0.02776397
0.001983773 -0.0272934
0.001985373 -0.02705811
0.001986973 -0.02752869
0.001988573 -0.02799926
0.001990173 -0.02941099
0.001991773 -0.03082272
0.001993373 -0.03199916
0.001994973 -0.0331756
0.001996573 -0.03435204
0.001998173 -0.03458732
0.001999773 -0.03576376
0.002001373 -0.03552848
0.002002973 -0.03576376
0.002004573 -0.03435204
0.002006173 -0.03388146
0.002007773 -0.03199916
0.002009373 -0.03035214
0.002010973 -0.02870513
0.002012573 -0.02564638
0.002014173 -0.02258764
0.002015773 -0.01999947
0.002017373 -0.01694073
0.002018973 -0.01576429
0.002020573 -0.01317612
0.002022173 -0.0117644
0.002023773 -0.01035267
0.002025373 -0.009646805
0.002026973 -0.008940941
0.002028573 -0.008705653
0.002030173 -0.008235077
0.002031773 -0.008940941
0.002033373 -0.007999789
0.002034973 -0.01035267
0.002036573 -0.008940941
0.002038173 -0.009882093
0.002039773 -0.01058796
0.002041373 -0.01105853
0.002042973 -0.0117644
0.002044573 -0.01223497
0.002046173 -0.0117644
0.002047773 -0.0117644
0.002049373 -0.01058796
0.002050973 -0.01152911
0.002052573 -0.01082324
0.002054173 -0.01105853
0.002055773 -0.0117644
0.002057373 -0.01152911
0.002058973 -0.01223497
0.002060573 -0.0136467
0.002062173 -0.01411728
0.002063773 -0.01529371
0.002065373 -0.01647015
0.002066973 -0.01741131
0.002068573 -0.01905832
0.002070173 -0.0195289
0.002071773 -0.0195289
0.002073373 -0.0195289
0.002074973 -0.01999947
0.002076573 -0.0195289
0.002078173 -0.01905832
0.002079773 -0.01882303
0.002081373 -0.01788188
0.002082973 -0.01764659
0.002084573 -0.01599958
0.002086173 -0.01599958
0.002087773 -0.01482314
0.002089373 -0.01411728
0.002090973 -0.01317612
0.002092573 -0.01317612
0.002094173 -0.01247026
0.002095773 -0.01223497
0.002097373 -0.01247026
0.002098973 -0.0117644
0.002100573 -0.01199968
0.002102173 -0.01129382
0.002103773 -0.01082324
0.002105373 -0.01294084
0.002106973 -0.01035267
0.002108573 -0.009882093
0.002110173 -0.009176229
0.002111773 -0.007293925
0.002113373 -0.00682335
0.002114973 -0.004705758
0.002116573 -0.003058743
0.002118173 -0.0007058638
0.002119773 0.0009411517
0.002121373 0.003058743
0.002122973 0.005411622
0.002124573 0.005411622
0.002126173 0.008235077
0.002127773 0.008940941
0.002129373 0.008940941
0.002130973 0.009176229
0.002132573 0.008940941
0.002134173 0.009176229
0.002135773 0.008705653
0.002137373 0.007764501
0.002138973 0.007529213
0.002140573 0.00682335
0.002142173 0.006352774
0.002143773 0.005411622
0.002145373 0.004941046
0.002146973 0.003999895
0.002148573 0.003764607
0.002150173 0.002352879
0.002151773 0.001882303
0.002153373 0.00117644
0.002154973 0.001411728
0.002156573 0.001411728
0.002158173 0.001411728
0.002159773 0.00117644
0.002161373 0
0.002162973 0.00117644
0.002164573 0.00117644
0.002166173 0.001411728
0.002167773 0.0007058638
0.002169373 0.0007058638
0.002170973 0.0004705758
0.002172573 -0.0004705758
0.002174173 -0.00117644
0.002175773 -0.002588167
0.002177373 -0.002588167
0.002178973 -0.002588167
0.002180573 -0.003529319
0.002182173 -0.004941046
0.002183773 -0.005882198
0.002185373 -0.005411622
0.002186973 -0.00564691
0.002188573 -0.005176334
0.002190173 -0.003529319
0.002191773 -0.002588167
0.002193373 -0.00117644
0.002194973 0.001411728
0.002196573 0.00447047
0.002198173 0.007293925
0.002199773 0.01058796
0.002201373 0.01341141
0.002202973 0.01670544
0.002204573 0.01976419
0.002206173 0.02211706
0.002207773 0.02399937
0.002209373 0.02517581
0.002210973 0.02682282
0.002212573 0.02705811
0.002214173 0.02776397
0.002215773 0.02752869
0.002217373 0.02870513
0.002218973 0.02776397
0.002220573 0.02776397
0.002222173 0.02776397
0.002223773 0.0272934
0.002225373 0.0272934
0.002226973 0.02588167
0.002228573 0.02564638
0.002230173 0.02446994
0.002231773 0.02588167
0.002233373 0.02399937
0.002234973 0.02376408
0.002236573 0.0232935
0.002238173 0.02305822
0.002239773 0.02258764
0.002241373 0.02235235
0.002242973 0.02117591
0.002244573 0.02117591
0.002246173 0.02047005
0.002247773 0.0214112
0.002249373 0.02094062
0.002250973 0.02188178
0.002252573 0.0214112
0.002254173 0.02282293
0.002255773 0.0232935
0.002257373 0.02352879
0.002258973 0.02423466
0.002260573 0.02470523
0.002262173 0.02494052
0.002263773 0.02470523
0.002265373 0.02494052
0.002266973 0.02446994
0.002268573 0.02352879
0.002270173 0.02352879
0.002271773 0.02376408
0.002273373 0.02305822
0.002274973 0.02352879
0.002276573 0.02282293
0.002278173 0.02399937
0.002279773 0.02423466
0.002281373 0.02470523
0.002282973 0.02517581
0.002284573 0.02564638
0.002286173 0.02635225
0.002287773 0.02564638
0.002289373 0.02846984
0.002290973 0.02894041
0.002292573 0.02964628
0.002294173 0.03035214
0.002295773 0.03082272
0.002297373 0.03152858
0.002298973 0.03294031
0.002300573 0.03364617
0.002302173 0.03576376
0.002303773 0.03599905
0.002305373 0.0369402
0.002306973 0.03811664
0.002308573 0.03905779
0.002310173 0.03999895
0.002311773 0.0409401
0.002313373 0.04141067
0.002314973 0.04164596
0.002316573 0.04211654
0.002318173 0.04141067
0.002319773 0.04046952
0.002321373 0.03976366
0.002322973 0.03905779
0.002324573 0.03835193
0.002326173 0.03788135
0.002327773 0.0369402
0.002329373 0.03670492
0.002330973 0.03529319
0.002332573 0.03435204
0.002334173 0.03411675
0.002335773 0.03341088
0.002337373 0.03270502
0.002338973 0.03199916
0.002340573 0.03199916
0.002342173 0.03105801
0.002343773 0.03011685
0.002345373 0.02894041
0.002346973 0.0291757
0.002348573 0.02752869
0.002350173 0.02682282
0.002351773 0.02517581
0.002353373 0.02470523
0.002354973 0.02352879
0.002356573 0.02282293
0.002358173 0.02164649
0.002359773 0.0214112
0.002361373 0.02070534
0.002362973 0.02047005
0.002364573 0.02094062
0.002366173 0.02164649
0.002367773 0.02258764
0.002369373 0.02399937
0.002370973 0.0254111
0.002372573 0.02588167
0.002374173 0.02823455
0.002375773 0.03035214
0.002377373 0.03223444
0.002378973 0.03388146
0.002380573 0.03411675
0.002382173 0.03599905
0.002383773 0.03741078
0.002385373 0.03788135
0.002386973 0.03929308
0.002388573 0.03976366
0.002390173 0.04023423
0.002391773 0.04070481
0.002393373 0.04117539
0.002394973 0.0409401
0.002396573 0.04188125
0.002398173 0.04211654
0.002399773 0.04329298
0.002401373 0.04352826
0.002402973 0.04376355
0.002404573 0.04446942
0.002406173 0.04446942
0.002407773 0.04446942
0.002409373 0.04517528
0.002410973 0.04517528
0.002412573 0.04541057
0.002414173 0.04705758
0.002415773 0.04588114
0.002417373 0.04635172
0.002418973 0.04588114
0.002420573 0.04564586
0.002422173 0.04564586
0.002423773 0.04611643
0.002425373 0.04588114
0.002426973 0.04588114
0.002428573 0.04493999
0.002430173 0.04705758
0.002431773 0.04658701
0.002433373 0.04705758
0.002434973 0.04729287
0.002436573 0.04776345
0.002438173 0.04799874
0.002439773 0.04893989
0.002441373 0.04988104
0.002442973 0.0505869
0.002444573 0.05035161
0.002446173 0.05152805
0.002447773 0.05199863
0.002449373 0.05270449
0.002450973 0.05341036
0.002452573 0.05411622
0.002454173 0.05529266
0.002455773 0.05505737
0.002457373 0.05576324
0.002458973 0.05623381
0.002460573 0.05741025
0.002462173 0.05741025
0.002463773 0.05764554
0.002465373 0.05788083
0.002466973 0.05788083
0.002468573 0.0583514
0.002470173 0.05811612
0.002471773 0.05905727
0.002473373 0.05905727
0.002474973 0.05999842
0.002476573 0.05999842
0.002478173 0.06093957
0.002479773 0.06141015
0.002481373 0.06188072
0.002482973 0.06164543
0.002484573 0.06258659
0.002486173 0.06352774
0.002487773 0.06399831
0.002489373 0.06470418
0.002490973 0.06564533
0.002492573 0.06635119
0.002494173 0.06705706
0.002495773 0.06729234
0.002497373 0.0682335
0.002498973 0.06870407
0.002500573 0.06846878
0.002502173 0.0682335
0.002503773 0.06799821
0.002505373 0.06729234
0.002506973 0.06658648
0.002508573 0.06541004
0.002510173 0.06493947
0.002511773 0.06446889
0.002513373 0.06376303
0.002514973 0.06305716
0.002516573 0.06282187
0.002518173 0.0623513
0.002519773 0.0623513
0.002521373 0.06329245
0.002522973 0.06329245
0.002524573 0.06352774
0.002526173 0.0642336
0.002527773 0.06493947
0.002529373 0.06588062
0.002530973 0.06776292
0.002532573 0.06799821
0.002534173 0.06940994
0.002535773 0.07035109
0.002537373 0.07105695
0.002538973 0.07129224
0.002540573 0.07317454
0.002542173 0.07317454
0.002543773 0.07317454
0.002545373 0.07317454
0.002546973 0.07388041
0.002548573 0.07388041
0.002550173 0.07340983
0.002551773 0.07317454
0.002553373 0.07317454
0.002554973 0.07246868
0.002556573 0.07317454
0.002558173 0.07246868
0.002559773 0.07176281
0.002561373 0.07223339
0.002562973 0.07223339
0.002564573 0.07223339
0.002566173 0.07176281
0.002567773 0.0719981
0.002569373 0.07152753
0.002570973 0.07152753
0.002572573 0.07270397
0.002574173 0.07270397
0.002575773 0.0719981
0.002577373 0.07270397
0.002578973 0.07152753
0.002580573 0.07152753
0.002582173 0.07082166
0.002583773 0.07058638
0.002585373 0.0701158
0.002586973 0.06893936
0.002588573 0.06846878
0.002590173 0.0682335
0.002591773 0.06729234
0.002593373 0.06729234
0.002594973 0.06658648
0.002596573 0.06705706
0.002598173 0.06705706
0.002599773 0.06658648
0.002601373 0.06658648
0.002602973 0.06658648
0.002604573 0.06635119
0.002606173 0.0661159
0.002607773 0.06658648
0.002609373 0.06588062
0.002610973 0.06658648
0.002612573 0.06564533
0.002614173 0.06541004
0.002615773 0.06517475
0.002617373 0.06588062
0.002618973 0.06635119
0.002620573 0.0661159
0.002622173 0.06658648
0.002623773 0.06658648
0.002625373 0.0682335
0.002626973 0.06682177
0.002628573 0.06752763
0.002630173 0.06752763
0.002631773 0.06776292
0.002633373 0.06752763
0.002634973 0.06776292
0.002636573 0.06799821
0.002638173 0.06846878
0.002639773 0.06893936
0.002641373 0.06893936
0.002642973 0.06964522
0.002644573 0.06964522
0.002646173 0.0701158
0.002647773 0.07035109
0.002649373 0.07129224
0.002650973 0.07035109
0.002652573 0.07082166
0.002654173 0.07082166
0.002655773 0.07058638
0.002657373 0.07058638
0.002658973 0.07058638
0.002660573 0.07058638
0.002662173 0.06988051
0.002663773 0.06988051
0.002665373 0.0701158
0.002666973 0.07035109
0.002668573 0.07035109
0.002670173 0.07035109
0.002671773 0.07058638
0.002673373 0.0701158
0.002674973 0.07035109
0.002676573 0.07082166
0.002678173 0.07058638
0.002679773 0.0701158
0.002681373 0.0701158
0.002682973 0.06940994
0.002684573 0.06940994
0.002686173 0.06964522
0.002687773 0.06940994
0.002689373 0.06893936
0.002690973 0.06846878
0.002692573 0.0682335
0.002694173 0.06799821
0.002695773 0.06893936
0.002697373 0.06870407
0.002698973 0.06917465
0.002700573 0.06893936
0.002702173 0.06964522
0.002703773 0.06988051
0.002705373 0.0701158
0.002706973 0.0701158
0.002708573 0.07058638
0.002710173 0.07105695
0.002711773 0.07152753
0.002713373 0.0719981
0.002714973 0.07293925
0.002716573 0.07317454
0.002718173 0.07482156
0.002719773 0.07458627
0.002721373 0.07552742
0.002722973 0.07576271
0.002724573 0.07576271
0.002726173 0.07505685
0.002727773 0.07505685
0.002729373 0.07411569
0.002730973 0.07293925
0.002732573 0.07176281
0.002734173 0.07082166
0.002735773 0.06940994
0.002737373 0.06729234
0.002738973 0.06729234
0.002740573 0.06635119
0.002742173 0.06493947
0.002743773 0.06399831
0.002745373 0.06305716
0.002746973 0.0623513
0.002748573 0.06117486
0.002750173 0.06070428
0.002751773 0.06070428
0.002753373 0.05952784
0.002754973 0.05952784
0.002756573 0.05929256
0.002758173 0.05905727
0.002759773 0.05905727
0.002761373 0.05929256
0.002762973 0.05882198
0.002764573 0.05882198
0.002766173 0.05905727
0.002767773 0.05929256
0.002769373 0.05905727
0.002770973 0.05905727
0.002772573 0.0583514
0.002774173 0.0583514
0.002775773 0.05882198
0.002777373 0.0583514
0.002778973 0.05788083
0.002780573 0.05858669
0.002782173 0.05858669
0.002783773 0.05929256
0.002785373 0.05976313
0.002786973 0.05999842
0.002788573 0.06070428
0.002790173 0.06093957
0.002791773 0.06093957
0.002793373 0.06070428
0.002794973 0.0623513
0.002796573 0.06282187
0.002798173 0.06282187
0.002799773 0.06305716
0.002801373 0.06352774
0.002802973 0.06352774
0.002804573 0.06282187
0.002806173 0.06258659
0.002807773 0.06352774
0.002809373 0.06164543
0.002810973 0.06093957
0.002812573 0.06070428
0.002814173 0.05999842
0.002815773 0.05976313
0.002817373 0.05905727
0.002818973 0.05929256
0.002820573 0.05929256
0.002822173 0.05929256
0.002823773 0.05882198
0.002825373 0.05858669
0.002826973 0.05905727
0.002828573 0.05905727
0.002830173 0.05929256
0.002831773 0.05858669
0.002833373 0.05788083
0.002834973 0.05788083
0.002836573 0.05717496
0.002838173 0.05693968
0.002839773 0.05693968
0.002841373 0.05576324
0.002842973 0.05505737
0.002844573 0.0545868
0.002846173 0.0545868
0.002847773 0.05388093
0.002849373 0.05341036
0.002850973 0.05223392
0.002852573 0.05105748
0.002854173 0.0505869
0.002855773 0.04917517
0.002857373 0.04823402
0.002858973 0.04776345
0.002860573 0.04588114
0.002862173 0.04493999
0.002863773 0.04399884
0.002865373 0.04376355
0.002866973 0.04235183
0.002868573 0.04117539
0.002870173 0.0409401
0.002871773 0.03999895
0.002873373 0.03952837
0.002874973 0.03882251
0.002876573 0.03835193
0.002878173 0.03764607
0.002879773 0.03764607
0.002881373 0.03811664
0.002882973 0.03741078
0.002884573 0.03764607
0.002886173 0.03764607
0.002887773 0.03788135
0.002889373 0.03811664
0.002890973 0.03811664
0.002892573 0.03905779
0.002894173 0.03882251
0.002895773 0.03929308
0.002897373 0.03952837
0.002898973 0.03952837
0.002900573 0.04023423
0.002902173 0.0409401
0.002903773 0.04117539
0.002905373 0.04164596
0.002906973 0.04164596
0.002908573 0.04164596
0.002910173 0.04211654
0.002911773 0.04188125
0.002913373 0.04117539
0.002914973 0.0409401
0.002916573 0.04046952
0.002918173 0.03976366
0.002919773 0.04070481
0.002921373 0.03858722
0.002922973 0.03788135
0.002924573 0.03717549
0.002926173 0.03623434
0.002927773 0.03552848
0.002929373 0.03458732
0.002930973 0.03435204
0.002932573 0.03294031
0.002934173 0.03082272
0.002935773 0.03105801
0.002937373 0.02988157
0.002938973 0.02776397
0.002940573 0.0272934
0.002942173 0.02611696
0.002943773 0.02470523
0.002945373 0.02352879
0.002946973 0.02305822
0.002948573 0.02211706
0.002950173 0.02117591
0.002951773 0.02023476
0.002953373 0.01929361
0.002954973 0.01788188
0.002956573 0.01741131
0.002958173 0.01623487
0.002959773 0.015529
0.002961373 0.01458785
0.002962973 0.01435256
0.002964573 0.01388199
0.002966173 0.01317612
0.002967773 0.01247026
0.002969373 0.01152911
0.002970973 0.01129382
0.002972573 0.01011738
0.002974173 0.009882093
0.002975773 0.008470365
0.002977373 0.008470365
0.002978973 0.007999789
0.002980573 0.007764501
0.002982173 0.007529213
0.002983773 0.007999789
0.002985373 0.00682335
0.002986973 0.007293925
0.002988573 0.007058638
0.002990173 0.008235077
0.002991773 0.006588062
0.002993373 0.007058638
0.002994973 0.007293925
0.002996573 0.006352774
0.002998173 0.006588062
0.002999773 0.006588062
0.003001373 0.005882198
0.003002973 0.00564691
0.003004573 0.003999895
0.003006173 0.004705758
0.003007773 0.003764607
0.003009373 0.003999895
0.003010973 0.002588167
0.003012573 0.001647015
0.003014173 0.0009411517
0.003015773 0
0.003017373 -0.001411728
0.003018973 -0.003058743
0.003020573 -0.003764607
0.003022173 -0.004705758
0.003023773 -0.00564691
0.003025373 -0.007293925
0.003026973 -0.007999789
0.003028573 -0.008470365
0.003030173 -0.01011738
0.003031773 -0.01082324
0.003033373 -0.01058796
0.003034973 -0.01199968
0.003036573 -0.01152911
0.003038173 -0.01223497
0.003039773 -0.01247026
0.003041373 -0.01270555
0.003042973 -0.01317612
0.003044573 -0.01294084
0.003046173 -0.01341141
0.003047773 -0.0136467
0.003049373 -0.01458785
0.003050973 -0.01505843
0.003052573 -0.015529
0.003054173 -0.01647015
0.003055773 -0.01694073
0.003057373 -0.01788188
0.003058973 -0.01858775
0.003060573 -0.02094062
0.003062173 -0.01976419
0.003063773 -0.02070534
0.003065373 -0.02094062
0.003066973 -0.02164649
0.003068573 -0.0214112
0.003070173 -0.02188178
0.003071773 -0.02164649
0.003073373 -0.02211706
0.003074973 -0.02282293
0.003076573 -0.02164649
0.003078173 -0.02094062
0.003079773 -0.02117591
0.003081373 -0.02047005
0.003082973 -0.02047005
0.003084573 -0.02023476
0.003086173 -0.01976419
0.003087773 -0.0195289
0.003089373 -0.01929361
0.003090973 -0.01929361
0.003092573 -0.01929361
0.003094173 -0.0195289
0.003095773 -0.01929361
0.003097373 -0.0195289
0.003098973 -0.01999947
0.003100573 -0.01976419
0.003102173 -0.02023476
0.003103773 -0.02070534
0.003105373 -0.01999947
0.003106973 -0.02023476
0.003108573 -0.02023476
0.003110173 -0.01999947
0.003111773 -0.01999947
0.003113373 -0.02023476
0.003114973 -0.02023476
0.003116573 -0.02047005
0.003118173 -0.02188178
0.003119773 -0.02211706
0.003121373 -0.02352879
0.003122973 -0.02470523
0.003124573 -0.02564638
0.003126173 -0.02682282
0.003127773 -0.02846984
0.003129373 -0.02941099
0.003130973 -0.02964628
0.003132573 -0.03223444
0.003134173 -0.0331756
0.003135773 -0.03482261
0.003137373 -0.03482261
0.003138973 -0.03646963
0.003140573 -0.03764607
0.003142173 -0.03882251
0.003143773 -0.03929308
0.003145373 -0.04023423
0.003146973 -0.03999895
0.003148573 -0.03999895
0.003150173 -0.0409401
0.003151773 -0.04070481
0.003153373 -0.04141067
0.003154973 -0.04023423
0.003156573 -0.04046952
0.003158173 -0.04046952
0.003159773 -0.04046952
0.003161373 -0.03999895
0.003162973 -0.04046952
0.003164573 -0.04046952
0.003166173 -0.0409401
0.003167773 -0.04046952
0.003169373 -0.04117539
0.003170973 -0.04117539
0.003172573 -0.04211654
0.003174173 -0.04235183
0.003175773 -0.04329298
0.003177373 -0.04446942
0.003178973 -0.04517528
0.003180573 -0.04611643
0.003182173 -0.0468223
0.003183773 -0.04799874
0.003185373 -0.04846931
0.003186973 -0.04776345
0.003188573 -0.04941046
0.003190173 -0.0505869
0.003191773 -0.05152805
0.003193373 -0.05246921
0.003194973 -0.05246921
0.003196573 -0.05317507
0.003198173 -0.05364565
0.003199773 -0.05364565
0.003201373 -0.05435151
0.003202973 -0.05505737
0.003204573 -0.05411622
0.003206173 -0.05435151
0.003207773 -0.05388093
0.003209373 -0.05388093
0.003210973 -0.05341036
0.003212573 -0.05388093
0.003214173 -0.05341036
0.003215773 -0.05388093
0.003217373 -0.05388093
0.003218973 -0.0545868
0.003220573 -0.05552795
0.003222173 -0.0564691
0.003223773 -0.05670439
0.003225373 -0.05764554
0.003226973 -0.05882198
0.003228573 -0.05952784
0.003230173 -0.06093957
0.003231773 -0.06117486
0.003233373 -0.06211601
0.003234973 -0.06188072
0.003236573 -0.06376303
0.003238173 -0.06470418
0.003239773 -0.06564533
0.003241373 -0.06588062
0.003242973 -0.06682177
0.003244573 -0.0682335
0.003246173 -0.06846878
0.003247773 -0.06964522
0.003249373 -0.0701158
0.003250973 -0.07058638
0.003252573 -0.07082166
0.003254173 -0.07176281
0.003255773 -0.07152753
0.003257373 -0.07364512
0.003258973 -0.07270397
0.003260573 -0.07388041
0.003262173 -0.07388041
0.003263773 -0.07458627
0.003265373 -0.07482156
0.003266973 -0.07552742
0.003268573 -0.075998
0.003270173 -0.075998
0.003271773 -0.07670386
0.003273373 -0.07693915
0.003274973 -0.07764501
0.003276573 -0.07952732
0.003278173 -0.08023318
0.003279773 -0.08093904
0.003281373 -0.0818802
0.003282973 -0.08329192
0.003284573 -0.08423307
0.003286173 -0.0856448
0.003287773 -0.08588009
0.003289373 -0.0856448
0.003290973 -0.08658595
0.003292573 -0.08611538
0.003294173 -0.0856448
0.003295773 -0.08517423
0.003297373 -0.08517423
0.003298973 -0.08446836
0.003300573 -0.08305663
0.003302173 -0.08352721
0.003303773 -0.0818802
0.003305373 -0.08140962
0.003306973 -0.08070376
0.003308573 -0.08070376
0.003310173 -0.0797626
0.003311773 -0.0797626
0.003313373 -0.07858616
0.003314973 -0.07858616
0.003316573 -0.07929203
0.003318173 -0.07858616
0.003319773 -0.07905674
0.003321373 -0.07952732
0.003322973 -0.07999789
0.003324573 -0.08023318
0.003326173 -0.08140962
0.003327773 -0.08258606
0.003329373 -0.0818802
0.003330973 -0.08258606
0.003332573 -0.08282135
0.003334173 -0.0837625
0.003335773 -0.08352721
0.003337373 -0.08446836
0.003338973 -0.08470365
0.003340573 -0.08588009
0.003342173 -0.0856448
0.003343773 -0.08611538
0.003345373 -0.08588009
0.003346973 -0.08588009
0.003348573 -0.0856448
0.003350173 -0.08658595
0.003351773 -0.08588009
0.003353373 -0.0856448
0.003354973 -0.08493894
0.003356573 -0.08517423
0.003358173 -0.08423307
0.003359773 -0.08446836
0.003361373 -0.08352721
0.003362973 -0.08305663
0.003364573 -0.08282135
0.003366173 -0.0818802
0.003367773 -0.08211548
0.003369373 -0.08093904
0.003370973 -0.08093904
0.003372573 -0.0818802
0.003374173 -0.08093904
0.003375773 -0.08117433
0.003377373 -0.08117433
0.003378973 -0.08140962
0.003380573 -0.08164491
0.003382173 -0.08211548
0.003383773 -0.0818802
0.003385373 -0.08282135
0.003386973 -0.08352721
0.003388573 -0.08446836
0.003390173 -0.08446836
0.003391773 -0.08446836
0.003393373 -0.08517423
0.003394973 -0.08540951
0.003396573 -0.08588009
0.003398173 -0.08588009
0.003399773 -0.0856448
0.003401373 -0.0856448
0.003402973 -0.08635067
0.003404573 -0.0856448
0.003406173 -0.08611538
0.003407773 -0.08611538
0.003409373 -0.08635067
0.003410973 -0.08658595
0.003412573 -0.08658595
0.003414173 -0.08611538
0.003415773 -0.0856448
0.003417373 -0.08517423
0.003418973 -0.08446836
0.003420573 -0.08446836
0.003422173 -0.08446836
0.003423773 -0.08399779
0.003425373 -0.08352721
0.003426973 -0.08352721
0.003428573 -0.08282135
0.003430173 -0.08282135
0.003431773 -0.0818802
0.003433373 -0.08235077
0.003434973 -0.08211548
0.003436573 -0.0818802
0.003438173 -0.08140962
0.003439773 -0.08329192
0.003441373 -0.08164491
0.003442973 -0.08140962
0.003444573 -0.08093904
0.003446173 -0.08164491
0.003447773 -0.08093904
0.003449373 -0.08070376
0.003450973 -0.08070376
0.003452573 -0.08023318
0.003454173 -0.07999789
0.003455773 -0.08023318
0.003457373 -0.08023318
0.003458973 -0.0797626
0.003460573 -0.07999789
0.003462173 -0.08046847
0.003463773 -0.08023318
0.003465373 -0.08023318
0.003466973 -0.07999789
0.003468573 -0.08070376
0.003470173 -0.08046847
0.003471773 -0.08117433
0.003473373 -0.0818802
0.003474973 -0.08211548
0.003476573 -0.08235077
0.003478173 -0.08235077
0.003479773 -0.08329192
0.003481373 -0.0837625
0.003482973 -0.0837625
0.003484573 -0.08423307
0.003486173 -0.08423307
0.003487773 -0.08423307
0.003489373 -0.08423307
0.003490973 -0.08446836
0.003492573 -0.0837625
0.003494173 -0.08399779
0.003495773 -0.08352721
0.003497373 -0.08352721
0.003498973 -0.08282135
0.003500573 -0.08235077
0.003502173 -0.08211548
0.003503773 -0.08164491
0.003505373 -0.08164491
0.003506973 -0.08117433
0.003508573 -0.08093904
0.003510173 -0.07858616
0.003511773 -0.07929203
0.003513373 -0.07952732
0.003514973 -0.07905674
0.003516573 -0.07811559
0.003518173 -0.07740972
0.003519773 -0.07623329
0.003521373 -0.07505685
0.003522973 -0.07505685
0.003524573 -0.07411569
0.003526173 -0.07364512
0.003527773 -0.07246868
0.003529373 -0.07223339
0.003530973 -0.07129224
0.003532573 -0.07105695
0.003534173 -0.07082166
0.003535773 -0.07035109
0.003537373 -0.06964522
0.003538973 -0.0701158
0.003540573 -0.06940994
0.003542173 -0.06940994
0.003543773 -0.06940994
0.003545373 -0.06917465
0.003546973 -0.06893936
0.003548573 -0.06917465
0.003550173 -0.06846878
0.003551773 -0.06940994
0.003553373 -0.06988051
0.003554973 -0.06964522
0.003556573 -0.06940994
0.003558173 -0.06988051
0.003559773 -0.06893936
0.003561373 -0.06940994
0.003562973 -0.06940994
0.003564573 -0.06917465
0.003566173 -0.0701158
0.003567773 -0.0701158
0.003569373 -0.06988051
0.003570973 -0.07082166
0.003572573 -0.07082166
0.003574173 -0.07129224
0.003575773 -0.07152753
0.003577373 -0.07223339
0.003578973 -0.07223339
0.003580573 -0.07270397
0.003582173 -0.07317454
0.003583773 -0.07340983
0.003585373 -0.07340983
0.003586973 -0.07435098
0.003588573 -0.07340983
0.003590173 -0.07411569
0.003591773 -0.07364512
0.003593373 -0.07340983
0.003594973 -0.07246868
0.003596573 -0.07223339
0.003598173 -0.07129224
0.003599773 -0.07105695
0.003601373 -0.06964522
0.003602973 -0.06917465
0.003604573 -0.0682335
0.003606173 -0.06799821
0.003607773 -0.06682177
0.003609373 -0.06658648
0.003610973 -0.06588062
0.003612573 -0.06682177
0.003614173 -0.06541004
0.003615773 -0.06588062
0.003617373 -0.06541004
0.003618973 -0.06564533
0.003620573 -0.06517475
0.003622173 -0.06493947
0.003623773 -0.06470418
0.003625373 -0.06399831
0.003626973 -0.06399831
0.003628573 -0.06329245
0.003630173 -0.06211601
0.003631773 -0.0623513
0.003633373 -0.06164543
0.003634973 -0.06164543
0.003636573 -0.06070428
0.003638173 -0.06070428
0.003639773 -0.06023371
0.003641373 -0.06023371
0.003642973 -0.05952784
0.003644573 -0.05929256
0.003646173 -0.05882198
0.003647773 -0.05858669
0.003649373 -0.05882198
0.003650973 -0.05858669
0.003652573 -0.0583514
0.003654173 -0.0583514
0.003655773 -0.05811612
0.003657373 -0.05811612
0.003658973 -0.05764554
0.003660573 -0.0583514
0.003662173 -0.05788083
0.003663773 -0.0583514
0.003665373 -0.05764554
0.003666973 -0.05788083
0.003668573 -0.05741025
0.003670173 -0.0564691
0.003671773 -0.0564691
0.003673373 -0.0564691
0.003674973 -0.0564691
0.003676573 -0.05529266
0.003678173 -0.05482208
0.003679773 -0.05388093
0.003681373 -0.05411622
0.003682973 -0.05364565
0.003684573 -0.05270449
0.003686173 -0.05270449
0.003687773 -0.05223392
0.003689373 -0.05223392
0.003690973 -0.05199863
0.003692573 -0.05223392
0.003694173 -0.05152805
0.003695773 -0.05223392
0.003697373 -0.05246921
0.003698973 -0.05293978
0.003700573 -0.05246921
0.003702173 -0.05293978
0.003703773 -0.05270449
0.003705373 -0.05223392
0.003706973 -0.05129277
0.003708573 -0.05176334
0.003710173 -0.05035161
0.003711773 -0.04964575
0.003713373 -0.0487046
0.003714973 -0.04799874
0.003716573 -0.04658701
0.003718173 -0.04517528
0.003719773 -0.04399884
0.003721373 -0.04235183
0.003722973 -0.04117539
0.003724573 -0.04023423
0.003726173 -0.03905779
0.003727773 -0.03788135
0.003729373 -0.0369402
0.003730973 -0.03599905
0.003732573 -0.03482261
0.003734173 -0.03364617
0.003735773 -0.03270502
0.003737373 -0.03223444
0.003738973 -0.03082272
0.003740573 -0.03035214
0.003742173 -0.03011685
0.003743773 -0.02941099
0.003745373 -0.0291757
0.003746973 -0.0291757
0.003748573 -0.02846984
0.003750173 -0.02823455
0.003751773 -0.02752869
0.003753373 -0.02823455
0.003754973 -0.02799926
0.003756573 -0.02823455
0.003758173 -0.02846984
0.003759773 -0.02870513
0.003761373 -0.02823455
0.003762973 -0.02799926
0.003764573 -0.02799926
0.003766173 -0.02776397
0.003767773 -0.02705811
0.003769373 -0.02611696
0.003770973 -0.02564638
0.003772573 -0.02517581
0.003774173 -0.02494052
0.003775773 -0.02423466
0.003777373 -0.02282293
0.003778973 -0.02235235
0.003780573 -0.02094062
0.003782173 -0.02070534
0.003783773 -0.01976419
0.003785373 -0.01882303
0.003786973 -0.01717602
0.003788573 -0.01670544
0.003790173 -0.01482314
0.003791773 -0.01411728
0.003793373 -0.01341141
0.003794973 -0.01294084
0.003796573 -0.01247026
0.003798173 -0.01223497
0.003799773 -0.01199968
0.003801373 -0.0117644
0.003802973 -0.01129382
0.003804573 -0.01105853
0.003806173 -0.01129382
0.003807773 -0.01152911
0.003809373 -0.01152911
0.003810973 -0.01105853
0.003812573 -0.0117644
0.003814173 -0.01129382
0.003815773 -0.01105853
0.003817373 -0.01152911
0.003818973 -0.01105853
0.003820573 -0.01082324
0.003822173 -0.01105853
0.003823773 -0.01082324
0.003825373 -0.01082324
0.003826973 -0.01058796
0.003828573 -0.01058796
0.003830173 -0.01105853
0.003831773 -0.01082324
0.003833373 -0.01011738
0.003834973 -0.01035267
0.003836573 -0.01058796
0.003838173 -0.01129382
0.003839773 -0.01011738
0.003841373 -0.01035267
0.003842973 -0.01082324
0.003844573 -0.01035267
0.003846173 -0.01058796
0.003847773 -0.01223497
0.003849373 -0.01058796
0.003850973 -0.01082324
0.003852573 -0.01082324
0.003854173 -0.01082324
0.003855773 -0.01129382
0.003857373 -0.01058796
0.003858973 -0.01058796
0.003860573 -0.01011738
0.003862173 -0.009882093
0.003863773 -0.009646805
0.003865373 -0.009646805
0.003866973 -0.008940941
0.003868573 -0.008705653
0.003870173 -0.007529213
0.003871773 -0.00682335
0.003873373 -0.006588062
0.003874973 -0.005411622
0.003876573 -0.005176334
0.003878173 -0.004235183
0.003879773 -0.003764607
0.003881373 -0.002588167
0.003882973 -0.002588167
0.003884573 -0.001882303
0.003886173 -0.002117591
0.003887773 -0.00117644
0.003889373 -0.0007058638
0.003890973 -0.0004705758
0.003892573 -0.0004705758
0.003894173 0.0004705758
0.003895773 0.001411728
0.003897373 0.00117644
0.003898973 0.001411728
0.003900573 0.001882303
0.003902173 0.002352879
0.003903773 0.00117644
0.003905373 0.002588167
0.003906973 0.003058743
0.003908573 0.003764607
0.003910173 0.00447047
0.003911773 0.003999895
0.003913373 0.00447047
0.003914973 0.00564691
0.003916573 0.006117486
0.003918173 0.007058638
0.003919773 0.007293925
0.003921373 0.007529213
0.003922973 0.007999789
0.003924573 0.008705653
0.003926173 0.008940941
0.003927773 0.009882093
0.003929373 0.01011738
0.003930973 0.01058796
0.003932573 0.01058796
0.003934173 0.01082324
0.003935773 0.01129382
0.003937373 0.01152911
0.003938973 0.01129382
0.003940573 0.01199968
0.003942173 0.01152911
0.003943773 0.01247026
0.003945373 0.01341141
0.003946973 0.0136467
0.003948573 0.0136467
0.003950173 0.01505843
0.003951773 0.01576429
0.003953373 0.01694073
0.003954973 0.01764659
0.003956573 0.01858775
0.003958173 0.01905832
0.003959773 0.01976419
0.003961373 0.02023476
0.003962973 0.0214112
0.003964573 0.02094062
0.003966173 0.02164649
0.003967773 0.02235235
0.003969373 0.02282293
0.003970973 0.0232935
0.003972573 0.02376408
0.003974173 0.02423466
0.003975773 0.02494052
0.003977373 0.02517581
0.003978973 0.02611696
0.003980573 0.02635225
0.003982173 0.02635225
0.003983773 0.0272934
0.003985373 0.02799926
0.003986973 0.02846984
0.003988573 0.02941099
0.003990173 0.03035214
0.003991773 0.03105801
0.003993373 0.03246973
0.003994973 0.03294031
0.003996573 0.03388146
0.003998173 0.0350579
0.003999773 0.03599905
0.004001373 0.03623434
0.004002973 0.03741078
0.004004573 0.03811664
0.004006173 0.03905779
0.004007773 0.03976366
0.004009373 0.04046952
0.004010973 0.0409401
0.004012573 0.04141067
0.004014173 0.04235183
0.004015773 0.04211654
0.004017373 0.0428224
0.004018973 0.04305769
0.004020573 0.0428224
0.004022173 0.04258711
0.004023773 0.04352826
0.004025373 0.04305769
0.004026973 0.04352826
0.004028573 0.04329298
0.004030173 0.04329298
0.004031773 0.04329298
0.004033373 0.04305769
0.004034973 0.04352826
0.004036573 0.04329298
0.004038173 0.04329298
0.004039773 0.04329298
0.004041373 0.04423413
0.004042973 0.0447047
0.004044573 0.0447047
0.004046173 0.04541057
0.004047773 0.04564586
0.004049373 0.0468223
0.004050973 0.04729287
0.004052573 0.0487046
0.004054173 0.04893989
0.004055773 0.04988104
0.004057373 0.05105748
0.004058973 0.05105748
0.004060573 0.05246921
0.004062173 0.05270449
0.004063773 0.05317507
0.004065373 0.05388093
0.004066973 0.0545868
0.004068573 0.05435151
0.004070173 0.05529266
0.004071773 0.05482208
0.004073373 0.05505737
0.004074973 0.05552795
0.004076573 0.05529266
0.004078173 0.05482208
0.004079773 0.05505737
0.004081373 0.05505737
0.004082973 0.05482208
0.004084573 0.05482208
0.004086173 0.05411622
0.004087773 0.05435151
0.004089373 0.0545868
0.004090973 0.0545868
0.004092573 0.05482208
0.004094173 0.05505737
0.004095773 0.05576324
0.004097373 0.05599852
0.004098973 0.05599852
0.004100573 0.05670439
0.004102173 0.05717496
0.004103773 0.05764554
0.004105373 0.05764554
0.004106973 0.05882198
0.004108573 0.05882198
0.004110173 0.05976313
0.004111773 0.06046899
0.004113373 0.06046899
0.004114973 0.06211601
0.004116573 0.06093957
0.004118173 0.06093957
0.004119773 0.06188072
0.004121373 0.06093957
0.004122973 0.06141015
0.004124573 0.06141015
0.004126173 0.06188072
0.004127773 0.06188072
0.004129373 0.0623513
0.004130973 0.0623513
0.004132573 0.0623513
0.004134173 0.06282187
0.004135773 0.06352774
0.004137373 0.06329245
0.004138973 0.06376303
0.004140573 0.06352774
0.004142173 0.06376303
0.004143773 0.06399831
0.004145373 0.06329245
0.004146973 0.06305716
0.004148573 0.06282187
0.004150173 0.06305716
0.004151773 0.06305716
0.004153373 0.06258659
0.004154973 0.06258659
0.004156573 0.06258659
0.004158173 0.06258659
0.004159773 0.06211601
0.004161373 0.06211601
0.004162973 0.06258659
0.004164573 0.06305716
0.004166173 0.06329245
0.004167773 0.06282187
0.004169373 0.06399831
0.004170973 0.0642336
0.004172573 0.06470418
0.004174173 0.0661159
0.004175773 0.06588062
0.004177373 0.06729234
0.004178973 0.06776292
0.004180573 0.06917465
0.004182173 0.06964522
0.004183773 0.07058638
0.004185373 0.07105695
0.004186973 0.07223339
0.004188573 0.07270397
0.004190173 0.07340983
0.004191773 0.07435098
0.004193373 0.07505685
0.004194973 0.07505685
0.004196573 0.07576271
0.004198173 0.07646857
0.004199773 0.07693915
0.004201373 0.07740972
