LECROYWS4024HD 19320 Waveform
Segments 1 SegmentSize 3127
Segment TrigTime TimeSinceSegment1
#1 05-Jun-2024 16:17:39 0                 
Time Ampl
-0.0008014614 0.0007058638
-0.0007998614 0.0002352879
-0.0007982614 0
-0.0007966614 0
-0.0007950614 -0.0002352879
-0.0007934614 0
-0.0007918614 0.0002352879
-0.0007902614 0
-0.0007886614 0.0002352879
-0.0007870614 0.0002352879
-0.0007854614 0
-0.0007838614 0.0002352879
-0.0007822614 0.0002352879
-0.0007806614 0.0002352879
-0.0007790614 0
-0.0007774614 0.0002352879
-0.0007758614 -0.0002352879
-0.0007742614 0.0002352879
-0.0007726614 0.0002352879
-0.0007710614 -0.0004705758
-0.0007694614 0.0002352879
-0.0007678614 -0.0002352879
-0.0007662614 0.0002352879
-0.0007646614 -0.0002352879
-0.0007630614 0
-0.0007614614 0.0002352879
-0.0007598614 -0.0002352879
-0.0007582614 -0.0002352879
-0.0007566614 0
-0.0007550614 0.0002352879
-0.0007534614 0.0002352879
-0.0007518614 -0.0002352879
-0.0007502614 0.0002352879
-0.0007486614 0.0002352879
-0.0007470614 0.0004705758
-0.0007454614 0
-0.0007438614 0
-0.0007422614 0
-0.0007406614 -0.0002352879
-0.0007390614 -0.0002352879
-0.0007374614 0.0002352879
-0.0007358614 -0.0002352879
-0.0007342614 -0.0002352879
-0.0007326614 0.0002352879
-0.0007310614 0.0004705758
-0.0007294614 0
-0.0007278614 0
-0.0007262614 -0.0002352879
-0.0007246614 0.0004705758
-0.0007230614 0
-0.0007214614 0.0004705758
-0.0007198614 0
-0.0007182614 0.0004705758
-0.0007166614 -0.0002352879
-0.0007150614 0.0002352879
-0.0007134614 -0.0002352879
-0.0007118614 0
-0.0007102614 0
-0.0007086614 -0.0002352879
-0.0007070614 -0.0002352879
-0.0007054614 0.0002352879
-0.0007038614 0.0002352879
-0.0007022614 0
-0.0007006614 0
-0.0006990614 -0.0002352879
-0.0006974614 0
-0.0006958614 0.0002352879
-0.0006942614 0
-0.0006926614 0
-0.0006910614 -0.0004705758
-0.0006894614 -0.0002352879
-0.0006878614 0.0002352879
-0.0006862614 0.0002352879
-0.0006846614 0
-0.0006830614 -0.0002352879
-0.0006814614 0.0002352879
-0.0006798614 0
-0.0006782614 -0.0004705758
-0.0006766614 0.0004705758
-0.0006750614 -0.0002352879
-0.0006734614 0
-0.0006718614 0.0004705758
-0.0006702614 -0.0002352879
-0.0006686614 0
-0.0006670614 0
-0.0006654614 0
-0.0006638614 0.0004705758
-0.0006622614 0.0002352879
-0.0006606614 0
-0.0006590614 0
-0.0006574614 0.0004705758
-0.0006558614 0.0002352879
-0.0006542614 -0.0002352879
-0.0006526614 -0.0002352879
-0.0006510614 0
-0.0006494614 -0.0004705758
-0.0006478614 -0.0002352879
-0.0006462614 0
-0.0006446614 0.0002352879
-0.0006430614 -0.0002352879
-0.0006414614 -0.0004705758
-0.0006398614 0
-0.0006382614 -0.0004705758
-0.0006366614 0.0004705758
-0.0006350614 0
-0.0006334614 -0.0002352879
-0.0006318614 0.0002352879
-0.0006302614 0
-0.0006286614 0.0004705758
-0.0006270614 -0.0002352879
-0.0006254614 -0.0002352879
-0.0006238614 -0.0002352879
-0.0006222614 0
-0.0006206614 0.0004705758
-0.0006190614 0
-0.0006174614 0.0004705758
-0.0006158614 -0.0002352879
-0.0006142614 -0.0004705758
-0.0006126614 0
-0.0006110614 0
-0.0006094614 -0.0002352879
-0.0006078614 0.0004705758
-0.0006062614 0.0002352879
-0.0006046614 0
-0.0006030614 0
-0.0006014614 0.0002352879
-0.0005998614 -0.0002352879
-0.0005982614 0.0002352879
-0.0005966614 -0.0007058638
-0.0005950614 0
-0.0005934614 0
-0.0005918614 0.0002352879
-0.0005902614 0
-0.0005886614 0
-0.0005870614 0.0002352879
-0.0005854614 -0.0002352879
-0.0005838614 -0.0002352879
-0.0005822614 0
-0.0005806614 0
-0.0005790614 0
-0.0005774614 0
-0.0005758614 -0.0002352879
-0.0005742614 0
-0.0005726614 0.0002352879
-0.0005710614 0.0002352879
-0.0005694614 -0.0002352879
-0.0005678614 0
-0.0005662614 0.0002352879
-0.0005646614 -0.0002352879
-0.0005630614 -0.0007058638
-0.0005614614 0
-0.0005598614 0
-0.0005582614 -0.0002352879
-0.0005566614 0.0002352879
-0.0005550614 0.0004705758
-0.0005534614 -0.0007058638
-0.0005518614 -0.0004705758
-0.0005502614 -0.0002352879
-0.0005486614 -0.0004705758
-0.0005470614 -0.0004705758
-0.0005454614 0
-0.0005438614 -0.0002352879
-0.0005422614 0
-0.0005406614 -0.0002352879
-0.0005390614 0.0002352879
-0.0005374614 0.0002352879
-0.0005358614 0
-0.0005342614 -0.0002352879
-0.0005326614 -0.0004705758
-0.0005310614 0
-0.0005294614 0
-0.0005278614 0
-0.0005262614 0.0002352879
-0.0005246614 0
-0.0005230614 0.0004705758
-0.0005214614 -0.0004705758
-0.0005198614 0
-0.0005182614 0.0004705758
-0.0005166614 0.0004705758
-0.0005150614 0.0002352879
-0.0005134614 -0.0002352879
-0.0005118614 -0.0002352879
-0.0005102614 0.0004705758
-0.0005086614 0
-0.0005070614 0.0002352879
-0.0005054614 -0.0004705758
-0.0005038614 0.0002352879
-0.0005022614 0
-0.0005006614 0
-0.0004990614 0
-0.0004974614 0.0002352879
-0.0004958614 0
-0.0004942614 0
-0.0004926614 0
-0.0004910614 0
-0.0004894614 -0.0002352879
-0.0004878614 0
-0.0004862614 -0.0002352879
-0.0004846614 -0.0002352879
-0.0004830614 -0.0002352879
-0.0004814614 -0.0004705758
-0.0004798614 0
-0.0004782614 0
-0.0004766614 -0.0004705758
-0.0004750614 0.0007058638
-0.0004734614 0
-0.0004718614 -0.0002352879
-0.0004702614 0
-0.0004686614 -0.0002352879
-0.0004670614 0.0002352879
-0.0004654614 -0.0004705758
-0.0004638614 -0.0004705758
-0.0004622614 0.0002352879
-0.0004606614 -0.0002352879
-0.0004590614 0.0004705758
-0.0004574614 -0.0002352879
-0.0004558614 0.0004705758
-0.0004542614 -0.0002352879
-0.0004526614 0
-0.0004510614 -0.0002352879
-0.0004494614 -0.0002352879
-0.0004478614 -0.0002352879
-0.0004462614 -0.0002352879
-0.0004446614 -0.0002352879
-0.0004430614 0.0002352879
-0.0004414614 0.0002352879
-0.0004398614 -0.0002352879
-0.0004382614 0
-0.0004366614 0
-0.0004350614 0
-0.0004334614 0
-0.0004318614 0
-0.0004302614 0
-0.0004286614 -0.0002352879
-0.0004270614 0.0004705758
-0.0004254614 -0.0002352879
-0.0004238614 0.0004705758
-0.0004222614 0.0002352879
-0.0004206614 0.0002352879
-0.0004190614 -0.0002352879
-0.0004174614 0.0002352879
-0.0004158614 -0.0007058638
-0.0004142614 0.0004705758
-0.0004126614 -0.0002352879
-0.0004110614 0.0002352879
-0.0004094614 0
-0.0004078614 0.0004705758
-0.0004062614 0
-0.0004046614 0.0007058638
-0.0004030614 0.0002352879
-0.0004014614 0.0004705758
-0.0003998614 0.0002352879
-0.0003982614 0.0004705758
-0.0003966614 0
-0.0003950614 0
-0.0003934614 0.0002352879
-0.0003918614 -0.0002352879
-0.0003902614 -0.0004705758
-0.0003886614 -0.0002352879
-0.0003870614 -0.0002352879
-0.0003854614 0
-0.0003838614 0.0002352879
-0.0003822614 0.0004705758
-0.0003806614 0.0002352879
-0.0003790614 -0.0004705758
-0.0003774614 0.0002352879
-0.0003758614 0.0002352879
-0.0003742614 0
-0.0003726614 0.0002352879
-0.0003710614 -0.0002352879
-0.0003694614 0.0002352879
-0.0003678614 0
-0.0003662614 0.0002352879
-0.0003646614 -0.0002352879
-0.0003630614 0
-0.0003614614 0
-0.0003598614 0.0004705758
-0.0003582614 0
-0.0003566614 0.0009411517
-0.0003550614 -0.0002352879
-0.0003534614 0.0002352879
-0.0003518614 0.0002352879
-0.0003502614 0.0004705758
-0.0003486614 -0.0002352879
-0.0003470614 0.0002352879
-0.0003454614 -0.0002352879
-0.0003438614 -0.0002352879
-0.0003422614 0.0002352879
-0.0003406614 0.0004705758
-0.0003390614 -0.0002352879
-0.0003374614 0
-0.0003358614 0
-0.0003342614 0.0002352879
-0.0003326614 0
-0.0003310614 -0.0002352879
-0.0003294614 0
-0.0003278614 0
-0.0003262614 0.0004705758
-0.0003246614 0.0007058638
-0.0003230614 0
-0.0003214614 0
-0.0003198614 -0.0007058638
-0.0003182614 0
-0.0003166614 0
-0.0003150614 0.0004705758
-0.0003134614 0.0004705758
-0.0003118614 0
-0.0003102614 0.0004705758
-0.0003086614 0.0002352879
-0.0003070614 0.0004705758
-0.0003054614 0
-0.0003038614 -0.0004705758
-0.0003022614 0.0004705758
-0.0003006614 0.0002352879
-0.0002990614 0
-0.0002974614 0
-0.0002958614 0.0004705758
-0.0002942614 -0.0002352879
-0.0002926614 -0.0002352879
-0.0002910614 0.0007058638
-0.0002894614 0
-0.0002878614 0
-0.0002862614 0.0002352879
-0.0002846614 -0.0004705758
-0.0002830614 0
-0.0002814614 0.0004705758
-0.0002798614 0.0004705758
-0.0002782614 0.0002352879
-0.0002766614 0.0004705758
-0.0002750614 -0.0004705758
-0.0002734614 0
-0.0002718614 0
-0.0002702614 0.0002352879
-0.0002686614 0.0004705758
-0.0002670614 0.0002352879
-0.0002654614 0
-0.0002638614 0.0007058638
-0.0002622614 0
-0.0002606614 0.0004705758
-0.0002590614 0.0002352879
-0.0002574614 0.0004705758
-0.0002558614 0
-0.0002542614 0.0004705758
-0.0002526614 -0.0002352879
-0.0002510614 -0.0002352879
-0.0002494614 0
-0.0002478614 -0.0004705758
-0.0002462614 0
-0.0002446614 0.0002352879
-0.0002430614 0.0002352879
-0.0002414614 0
-0.0002398614 0.0004705758
-0.0002382614 0.0002352879
-0.0002366614 -0.0002352879
-0.0002350614 0.0002352879
-0.0002334614 0.0002352879
-0.0002318614 0
-0.0002302614 -0.0002352879
-0.0002286614 0.0002352879
-0.0002270614 -0.0002352879
-0.0002254614 0
-0.0002238614 -0.0002352879
-0.0002222614 0.0004705758
-0.0002206614 -0.0002352879
-0.0002190614 0.0002352879
-0.0002174614 0.0004705758
-0.0002158614 0.0004705758
-0.0002142614 0
-0.0002126614 0
-0.0002110614 0.0002352879
-0.0002094614 0.0002352879
-0.0002078614 0
-0.0002062614 0.0004705758
-0.0002046614 0
-0.0002030614 0.0004705758
-0.0002014614 0
-0.0001998614 0.0002352879
-0.0001982614 0.0002352879
-0.0001966614 0
-0.0001950614 -0.0002352879
-0.0001934614 0.0002352879
-0.0001918614 0.0002352879
-0.0001902614 0.0002352879
-0.0001886614 0.0002352879
-0.0001870614 0.0002352879
-0.0001854614 0.0002352879
-0.0001838614 0.0004705758
-0.0001822614 0
-0.0001806614 0.0002352879
-0.0001790614 0.0002352879
-0.0001774614 0
-0.0001758614 0.0002352879
-0.0001742614 0
-0.0001726614 -0.0002352879
-0.0001710614 0.0002352879
-0.0001694614 -0.0002352879
-0.0001678614 0.0002352879
-0.0001662614 0.0002352879
-0.0001646614 0
-0.0001630614 -0.0007058638
-0.0001614614 0.0002352879
-0.0001598614 0.0002352879
-0.0001582614 0
-0.0001566614 0.0002352879
-0.0001550614 0
-0.0001534614 -0.0002352879
-0.0001518614 0
-0.0001502614 0
-0.0001486614 0
-0.0001470614 -0.0002352879
-0.0001454614 0.0002352879
-0.0001438614 0
-0.0001422614 0
-0.0001406614 0.0002352879
-0.0001390614 0
-0.0001374614 0
-0.0001358614 0
-0.0001342614 -0.0004705758
-0.0001326614 0
-0.0001310614 -0.0002352879
-0.0001294614 0.0002352879
-0.0001278614 0
-0.0001262614 0
-0.0001246614 -0.0007058638
-0.0001230614 0
-0.0001214614 -0.0004705758
-0.0001198614 0.0002352879
-0.0001182614 0.0004705758
-0.0001166614 0
-0.0001150614 -0.0002352879
-0.0001134614 0.0002352879
-0.0001118614 -0.0004705758
-0.0001102614 0.0004705758
-0.0001086614 0.0002352879
-0.0001070614 0.0002352879
-0.0001054614 -0.0002352879
-0.0001038614 0.0004705758
-0.0001022614 0
-0.0001006614 0
-9.90614e-005 0.0002352879
-9.74614e-005 0.0002352879
-9.58614e-005 -0.0002352879
-9.42614e-005 0.0002352879
-9.26614e-005 0
-9.10614e-005 0.0004705758
-8.94614e-005 0.0002352879
-8.78614e-005 -0.0004705758
-8.62614e-005 0
-8.46614e-005 0
-8.30614e-005 -0.0002352879
-8.14614e-005 0
-7.98614e-005 -0.0002352879
-7.82614e-005 -0.0002352879
-7.66614e-005 0.0002352879
-7.50614e-005 -0.0002352879
-7.34614e-005 -0.0002352879
-7.18614e-005 0.0002352879
-7.02614e-005 0.0002352879
-6.86614e-005 0
-6.70614e-005 -0.0002352879
-6.54614e-005 0
-6.38614e-005 0
-6.22614e-005 0
-6.06614e-005 0.0002352879
-5.90614e-005 0.0004705758
-5.74614e-005 -0.0002352879
-5.58614e-005 0
-5.42614e-005 0
-5.26614e-005 0.0002352879
-5.10614e-005 -0.0002352879
-4.94614e-005 0.0002352879
-4.78614e-005 0.0002352879
-4.62614e-005 0.0002352879
-4.46614e-005 0
-4.30614e-005 0.0004705758
-4.14614e-005 0.0009411517
-3.98614e-005 0.0004705758
-3.82614e-005 0.001411728
-3.66614e-005 0.001647015
-3.50614e-005 -0.003999895
-3.34614e-005 -0.0214112
-3.18614e-005 -0.05011633
-3.02614e-005 -0.07999789
-2.86614e-005 -0.09952679
-2.70614e-005 -0.1072913
-2.54614e-005 -0.1115265
-2.38614e-005 -0.122585
-2.22614e-005 -0.1392904
-2.06614e-005 -0.1585841
-1.90614e-005 -0.181407
-1.74614e-005 -0.2070534
-1.58614e-005 -0.2218765
-1.42614e-005 -0.2294057
-1.26614e-005 -0.2284646
-1.10614e-005 -0.2197589
-9.4614e-006 -0.2032888
-7.8614e-006 -0.1795247
-6.2614e-006 -0.1477608
-4.6614e-006 -0.1108206
-3.0614e-006 -0.07270397
-1.4614e-006 -0.03435204
1.386e-007 0.003294031
1.7386e-006 0.03294031
3.3386e-006 0.0505869
4.9386e-006 0.05717496
6.5386e-006 0.05764554
8.1386e-006 0.05223392
9.7386e-006 0.04023423
1.13386e-005 0.02494052
1.29386e-005 0.01199968
1.45386e-005 0.001411728
1.61386e-005 -0.004941046
1.77386e-005 -0.00682335
1.93386e-005 -0.003529319
2.09386e-005 0
2.25386e-005 0.006117486
2.41386e-005 0.01105853
2.57386e-005 0.01670544
2.73386e-005 0.02164649
2.89386e-005 0.02564638
3.05386e-005 0.02376408
3.21386e-005 0.01741131
3.37386e-005 0.01011738
3.53386e-005 0.006117486
3.69386e-005 0.003294031
3.85386e-005 0.002823455
4.01386e-005 0.001411728
4.17386e-005 -0.00117644
4.33386e-005 -0.003764607
4.49386e-005 -0.006117486
4.65386e-005 -0.009882093
4.81386e-005 -0.01505843
4.97386e-005 -0.02188178
5.13386e-005 -0.02846984
5.29386e-005 -0.03623434
5.45386e-005 -0.04164596
5.61386e-005 -0.04658701
5.77386e-005 -0.04846931
5.93386e-005 -0.04776345
6.09386e-005 -0.04541057
6.25386e-005 -0.04023423
6.41386e-005 -0.0350579
6.57386e-005 -0.02964628
6.73386e-005 -0.02658753
6.89386e-005 -0.02494052
7.05386e-005 -0.02494052
7.21386e-005 -0.02682282
7.37386e-005 -0.02870513
7.53386e-005 -0.03129329
7.69386e-005 -0.03458732
7.85386e-005 -0.03976366
8.01386e-005 -0.0447047
8.17386e-005 -0.04941046
8.33386e-005 -0.05246921
8.49386e-005 -0.05293978
8.65386e-005 -0.05035161
8.81386e-005 -0.04776345
8.97386e-005 -0.04611643
9.13386e-005 -0.04917517
9.29386e-005 -0.05435151
9.45386e-005 -0.06211601
9.61386e-005 -0.06964522
9.77386e-005 -0.075998
9.93386e-005 -0.07811559
0.0001009386 -0.07693915
0.0001025386 -0.07317454
0.0001041386 -0.06893936
0.0001057386 -0.06211601
0.0001073386 -0.05411622
0.0001089386 -0.04541057
0.0001105386 -0.03905779
0.0001121386 -0.03246973
0.0001137386 -0.02799926
0.0001153386 -0.0254111
0.0001169386 -0.02399937
0.0001185386 -0.02211706
0.0001201386 -0.01976419
0.0001217386 -0.015529
0.0001233386 -0.009882093
0.0001249386 -0.002588167
0.0001265386 0.003529319
0.0001281386 0.007293925
0.0001297386 0.007293925
0.0001313386 0.006352774
0.0001329386 0.002352879
0.0001345386 -0.002117591
0.0001361386 -0.00682335
0.0001377386 -0.01317612
0.0001393386 -0.02047005
0.0001409386 -0.02564638
0.0001425386 -0.02894041
0.0001441386 -0.02823455
0.0001457386 -0.02588167
0.0001473386 -0.02352879
0.0001489386 -0.02117591
0.0001505386 -0.01905832
0.0001521386 -0.01764659
0.0001537386 -0.01505843
0.0001553386 -0.01341141
0.0001569386 -0.01411728
0.0001585386 -0.01835246
0.0001601386 -0.02352879
0.0001617386 -0.02870513
0.0001633386 -0.03176387
0.0001649386 -0.0331756
0.0001665386 -0.03599905
0.0001681386 -0.04046952
0.0001697386 -0.04588114
0.0001713386 -0.05035161
0.0001729386 -0.05317507
0.0001745386 -0.05411622
0.0001761386 -0.05199863
0.0001777386 -0.05082219
0.0001793386 -0.04941046
0.0001809386 -0.04988104
0.0001825386 -0.05152805
0.0001841386 -0.05388093
0.0001857386 -0.05552795
0.0001873386 -0.0564691
0.0001889386 -0.05505737
0.0001905386 -0.05599852
0.0001921386 -0.05529266
0.0001937386 -0.0545868
0.0001953386 -0.05176334
0.0001969386 -0.04705758
0.0001985386 -0.04070481
0.0002001386 -0.03411675
0.0002017386 -0.03035214
0.0002033386 -0.02894041
0.0002049386 -0.02870513
0.0002065386 -0.02894041
0.0002081386 -0.0291757
0.0002097386 -0.03082272
0.0002113386 -0.03199916
0.0002129386 -0.03529319
0.0002145386 -0.03741078
0.0002161386 -0.03929308
0.0002177386 -0.03858722
0.0002193386 -0.0369402
0.0002209386 -0.03482261
0.0002225386 -0.03152858
0.0002241386 -0.02823455
0.0002257386 -0.02494052
0.0002273386 -0.02094062
0.0002289386 -0.01717602
0.0002305386 -0.01388199
0.0002321386 -0.01270555
0.0002337386 -0.01294084
0.0002353386 -0.015529
0.0002369386 -0.01764659
0.0002385386 -0.01976419
0.0002401386 -0.0195289
0.0002417386 -0.01623487
0.0002433386 -0.01035267
0.0002449386 -0.003058743
0.0002465386 0.003529319
0.0002481386 0.009176229
0.0002497386 0.01341141
0.0002513386 0.01529371
0.0002529386 0.01788188
0.0002545386 0.01741131
0.0002561386 0.01599958
0.0002577386 0.01294084
0.0002593386 0.01011738
0.0002609386 0.00682335
0.0002625386 0.005882198
0.0002641386 0.006588062
0.0002657386 0.007529213
0.0002673386 0.007529213
0.0002689386 0.007293925
0.0002705386 0.006352774
0.0002721386 0.005176334
0.0002737386 0.002588167
0.0002753386 0.0002352879
0.0002769386 -0.002352879
0.0002785386 -0.004705758
0.0002801386 -0.006352774
0.0002817386 -0.007764501
0.0002833386 -0.01011738
0.0002849386 -0.01129382
0.0002865386 -0.01247026
0.0002881386 -0.01341141
0.0002897386 -0.01505843
0.0002913386 -0.015529
0.0002929386 -0.01670544
0.0002945386 -0.01929361
0.0002961386 -0.02258764
0.0002977386 -0.02611696
0.0002993386 -0.03011685
0.0003009386 -0.03294031
0.0003025386 -0.03458732
0.0003041386 -0.03529319
0.0003057386 -0.03576376
0.0003073386 -0.03364617
0.0003089386 -0.03129329
0.0003105386 -0.02846984
0.0003121386 -0.02399937
0.0003137386 -0.02094062
0.0003153386 -0.01811717
0.0003169386 -0.01647015
0.0003185386 -0.01623487
0.0003201386 -0.01435256
0.0003217386 -0.01317612
0.0003233386 -0.01199968
0.0003249386 -0.01223497
0.0003265386 -0.01294084
0.0003281386 -0.01270555
0.0003297386 -0.01270555
0.0003313386 -0.0136467
0.0003329386 -0.0136467
0.0003345386 -0.01411728
0.0003361386 -0.015529
0.0003377386 -0.01717602
0.0003393386 -0.01929361
0.0003409386 -0.02211706
0.0003425386 -0.02258764
0.0003441386 -0.0214112
0.0003457386 -0.01905832
0.0003473386 -0.015529
0.0003489386 -0.01270555
0.0003505386 -0.01011738
0.0003521386 -0.007764501
0.0003537386 -0.004941046
0.0003553386 -0.001882303
0.0003569386 0.001411728
0.0003585386 0.004941046
0.0003601386 0.008235077
0.0003617386 0.01105853
0.0003633386 0.01388199
0.0003649386 0.01764659
0.0003665386 0.02047005
0.0003681386 0.02305822
0.0003697386 0.02352879
0.0003713386 0.02423466
0.0003729386 0.02305822
0.0003745386 0.0214112
0.0003761386 0.01764659
0.0003777386 0.01529371
0.0003793386 0.0117644
0.0003809386 0.009882093
0.0003825386 0.008235077
0.0003841386 0.007058638
0.0003857386 0.007058638
0.0003873386 0.00564691
0.0003889386 0.005176334
0.0003905386 0.004705758
0.0003921386 0.003999895
0.0003937386 0.003764607
0.0003953386 0.002823455
0.0003969386 0.001411728
0.0003985386 -0.002823455
0.0004001386 -0.008940941
0.0004017386 -0.01576429
0.0004033386 -0.02305822
0.0004049386 -0.03058743
0.0004065386 -0.03646963
0.0004081386 -0.04211654
0.0004097386 -0.04588114
0.0004113386 -0.04964575
0.0004129386 -0.05035161
0.0004145386 -0.04799874
0.0004161386 -0.04376355
0.0004177386 -0.03858722
0.0004193386 -0.03246973
0.0004209386 -0.02682282
0.0004225386 -0.02188178
0.0004241386 -0.01905832
0.0004257386 -0.01670544
0.0004273386 -0.015529
0.0004289386 -0.01529371
0.0004305386 -0.01576429
0.0004321386 -0.01529371
0.0004337386 -0.01458785
0.0004353386 -0.01294084
0.0004369386 -0.01105853
0.0004385386 -0.009646805
0.0004401386 -0.009411517
0.0004417386 -0.009176229
0.0004433386 -0.009882093
0.0004449386 -0.01152911
0.0004465386 -0.01317612
0.0004481386 -0.01482314
0.0004497386 -0.01694073
0.0004513386 -0.01764659
0.0004529386 -0.01717602
0.0004545386 -0.01435256
0.0004561386 -0.01082324
0.0004577386 -0.004941046
0.0004593386 0.0002352879
0.0004609386 0.00564691
0.0004625386 0.009646805
0.0004641386 0.0136467
0.0004657386 0.01694073
0.0004673386 0.0195289
0.0004689386 0.0214112
0.0004705386 0.02258764
0.0004721386 0.0232935
0.0004737386 0.02235235
0.0004753386 0.02094062
0.0004769386 0.01788188
0.0004785386 0.01505843
0.0004801386 0.01152911
0.0004817386 0.007529213
0.0004833386 0.004705758
0.0004849386 0.00117644
0.0004865386 -0.002117591
0.0004881386 -0.004235183
0.0004897386 -0.006352774
0.0004913386 -0.007293925
0.0004929386 -0.008705653
0.0004945386 -0.01011738
0.0004961386 -0.01058796
0.0004977386 -0.01152911
0.0004993386 -0.01223497
0.0005009386 -0.01317612
0.0005025386 -0.01341141
0.0005041386 -0.01317612
0.0005057386 -0.01317612
0.0005073386 -0.01247026
0.0005089386 -0.01105853
0.0005105386 -0.01011738
0.0005121386 -0.008940941
0.0005137386 -0.007999789
0.0005153386 -0.007764501
0.0005169386 -0.008235077
0.0005185386 -0.007999789
0.0005201386 -0.008705653
0.0005217386 -0.008940941
0.0005233386 -0.009176229
0.0005249386 -0.009176229
0.0005265386 -0.008235077
0.0005281386 -0.007529213
0.0005297386 -0.006588062
0.0005313386 -0.00564691
0.0005329386 -0.004705758
0.0005345386 -0.005176334
0.0005361386 -0.00564691
0.0005377386 -0.006588062
0.0005393386 -0.007529213
0.0005409386 -0.008940941
0.0005425386 -0.01082324
0.0005441386 -0.01105853
0.0005457386 -0.01152911
0.0005473386 -0.01058796
0.0005489386 -0.01011738
0.0005505386 -0.007764501
0.0005521386 -0.006117486
0.0005537386 -0.004941046
0.0005553386 -0.003529319
0.0005569386 -0.001647015
0.0005585386 -0.0002352879
0.0005601386 0.001882303
0.0005617386 0.003529319
0.0005633386 0.006588062
0.0005649386 0.009176229
0.0005665386 0.01270555
0.0005681386 0.01529371
0.0005697386 0.01764659
0.0005713386 0.01882303
0.0005729386 0.02047005
0.0005745386 0.02164649
0.0005761386 0.02258764
0.0005777386 0.02399937
0.0005793386 0.02423466
0.0005809386 0.0254111
0.0005825386 0.02658753
0.0005841386 0.02682282
0.0005857386 0.02776397
0.0005873386 0.02799926
0.0005889386 0.02776397
0.0005905386 0.02705811
0.0005921386 0.02682282
0.0005937386 0.02494052
0.0005953386 0.02282293
0.0005969386 0.01976419
0.0005985386 0.01764659
0.0006001386 0.01623487
0.0006017386 0.01599958
0.0006033386 0.01529371
0.0006049386 0.01529371
0.0006065386 0.01505843
0.0006081386 0.01458785
0.0006097386 0.01458785
0.0006113386 0.01411728
0.0006129386 0.01341141
0.0006145386 0.01247026
0.0006161386 0.01035267
0.0006177386 0.007764501
0.0006193386 0.007058638
0.0006209386 0.007058638
0.0006225386 0.006588062
0.0006241386 0.007999789
0.0006257386 0.008940941
0.0006273386 0.01105853
0.0006289386 0.01129382
0.0006305386 0.01317612
0.0006321386 0.01341141
0.0006337386 0.01435256
0.0006353386 0.01458785
0.0006369386 0.01482314
0.0006385386 0.01576429
0.0006401386 0.01694073
0.0006417386 0.01811717
0.0006433386 0.01788188
0.0006449386 0.01741131
0.0006465386 0.01811717
0.0006481386 0.01811717
0.0006497386 0.01764659
0.0006513386 0.01835246
0.0006529386 0.01905832
0.0006545386 0.01999947
0.0006561386 0.02235235
0.0006577386 0.02376408
0.0006593386 0.02517581
0.0006609386 0.0254111
0.0006625386 0.02611696
0.0006641386 0.02564638
0.0006657386 0.02564638
0.0006673386 0.02611696
0.0006689386 0.02635225
0.0006705386 0.02635225
0.0006721386 0.02682282
0.0006737386 0.02635225
0.0006753386 0.02682282
0.0006769386 0.02564638
0.0006785386 0.02470523
0.0006801386 0.02376408
0.0006817386 0.02399937
0.0006833386 0.02399937
0.0006849386 0.02352879
0.0006865386 0.0232935
0.0006881386 0.0232935
0.0006897386 0.02376408
0.0006913386 0.02446994
0.0006929386 0.02494052
0.0006945386 0.02399937
0.0006961386 0.02235235
0.0006977386 0.02047005
0.0006993386 0.01858775
0.0007009386 0.01764659
0.0007025386 0.01623487
0.0007041386 0.01647015
0.0007057386 0.01741131
0.0007073386 0.0195289
0.0007089386 0.02117591
0.0007105386 0.02423466
0.0007121386 0.02658753
0.0007137386 0.0291757
0.0007153386 0.03011685
0.0007169386 0.03035214
0.0007185386 0.02776397
0.0007201386 0.02658753
0.0007217386 0.02399937
0.0007233386 0.02164649
0.0007249386 0.01882303
0.0007265386 0.015529
0.0007281386 0.01317612
0.0007297386 0.01199968
0.0007313386 0.01035267
0.0007329386 0.01011738
0.0007345386 0.01035267
0.0007361386 0.01199968
0.0007377386 0.01317612
0.0007393386 0.01529371
0.0007409386 0.01647015
0.0007425386 0.01929361
0.0007441386 0.02235235
0.0007457386 0.02517581
0.0007473386 0.0272934
0.0007489386 0.0291757
0.0007505386 0.03105801
0.0007521386 0.03246973
0.0007537386 0.03458732
0.0007553386 0.03717549
0.0007569386 0.03858722
0.0007585386 0.03858722
0.0007601386 0.03858722
0.0007617386 0.03741078
0.0007633386 0.03646963
0.0007649386 0.03552848
0.0007665386 0.03435204
0.0007681386 0.03341088
0.0007697386 0.03364617
0.0007713386 0.03388146
0.0007729386 0.03435204
0.0007745386 0.03529319
0.0007761386 0.03623434
0.0007777386 0.03717549
0.0007793386 0.03882251
0.0007809386 0.03882251
0.0007825386 0.03952837
0.0007841386 0.03905779
0.0007857386 0.03882251
0.0007873386 0.03717549
0.0007889386 0.03599905
0.0007905386 0.03529319
0.0007921386 0.03294031
0.0007937386 0.03082272
0.0007953386 0.02846984
0.0007969386 0.02564638
0.0007985386 0.02282293
0.0008001386 0.02117591
0.0008017386 0.02094062
0.0008033386 0.02094062
0.0008049386 0.02164649
0.0008065386 0.02376408
0.0008081386 0.02564638
0.0008097386 0.0291757
0.0008113386 0.03199916
0.0008129386 0.0350579
0.0008145386 0.03764607
0.0008161386 0.03999895
0.0008177386 0.04211654
0.0008193386 0.0447047
0.0008209386 0.0468223
0.0008225386 0.04823402
0.0008241386 0.04941046
0.0008257386 0.05105748
0.0008273386 0.05152805
0.0008289386 0.05082219
0.0008305386 0.04941046
0.0008321386 0.04752816
0.0008337386 0.0447047
0.0008353386 0.04211654
0.0008369386 0.03999895
0.0008385386 0.03741078
0.0008401386 0.03458732
0.0008417386 0.0331756
0.0008433386 0.03176387
0.0008449386 0.03082272
0.0008465386 0.0291757
0.0008481386 0.02776397
0.0008497386 0.02635225
0.0008513386 0.02494052
0.0008529386 0.02258764
0.0008545386 0.02070534
0.0008561386 0.01976419
0.0008577386 0.01905832
0.0008593386 0.01882303
0.0008609386 0.02094062
0.0008625386 0.02305822
0.0008641386 0.02564638
0.0008657386 0.02752869
0.0008673386 0.03058743
0.0008689386 0.03176387
0.0008705386 0.0331756
0.0008721386 0.03364617
0.0008737386 0.0350579
0.0008753386 0.03529319
0.0008769386 0.03623434
0.0008785386 0.0369402
0.0008801386 0.03670492
0.0008817386 0.03670492
0.0008833386 0.03741078
0.0008849386 0.03670492
0.0008865386 0.03646963
0.0008881386 0.03482261
0.0008897386 0.03294031
0.0008913386 0.03105801
0.0008929386 0.03011685
0.0008945386 0.02752869
0.0008961386 0.02611696
0.0008977386 0.02446994
0.0008993386 0.02494052
0.0009009386 0.02494052
0.0009025386 0.02588167
0.0009041386 0.02588167
0.0009057386 0.02588167
0.0009073386 0.02564638
0.0009089386 0.02446994
0.0009105386 0.02376408
0.0009121386 0.02164649
0.0009137386 0.02188178
0.0009153386 0.02164649
0.0009169386 0.02117591
0.0009185386 0.01999947
0.0009201386 0.01905832
0.0009217386 0.01905832
0.0009233386 0.01858775
0.0009249386 0.01929361
0.0009265386 0.01999947
0.0009281386 0.02094062
0.0009297386 0.02070534
0.0009313386 0.02117591
0.0009329386 0.02117591
0.0009345386 0.02211706
0.0009361386 0.02376408
0.0009377386 0.02494052
0.0009393386 0.02682282
0.0009409386 0.02846984
0.0009425386 0.02870513
0.0009441386 0.02988157
0.0009457386 0.02988157
0.0009473386 0.02964628
0.0009489386 0.02964628
0.0009505386 0.02894041
0.0009521386 0.02705811
0.0009537386 0.02564638
0.0009553386 0.02423466
0.0009569386 0.02305822
0.0009585386 0.02164649
0.0009601386 0.02188178
0.0009617386 0.02258764
0.0009633386 0.02376408
0.0009649386 0.02494052
0.0009665386 0.02611696
0.0009681386 0.0272934
0.0009697386 0.02846984
0.0009713386 0.02941099
0.0009729386 0.03129329
0.0009745386 0.03176387
0.0009761386 0.0331756
0.0009777386 0.03294031
0.0009793386 0.03341088
0.0009809386 0.03246973
0.0009825386 0.03294031
0.0009841386 0.0331756
0.0009857386 0.03341088
0.0009873386 0.03341088
0.0009889386 0.03364617
0.0009905386 0.03388146
0.0009921386 0.0350579
0.0009937386 0.03599905
0.0009953386 0.03764607
0.0009969386 0.03811664
0.0009985386 0.04046952
0.001000139 0.04070481
0.001001739 0.04141067
0.001003339 0.04117539
0.001004939 0.04046952
0.001006539 0.03952837
0.001008139 0.03858722
0.001009739 0.03764607
0.001011339 0.03623434
0.001012939 0.03552848
0.001014539 0.03529319
0.001016139 0.03411675
0.001017739 0.03341088
0.001019339 0.03270502
0.001020939 0.03223444
0.001022539 0.03105801
0.001024139 0.03058743
0.001025739 0.02988157
0.001027339 0.02941099
0.001028939 0.02894041
0.001030539 0.02846984
0.001032139 0.02823455
0.001033739 0.02776397
0.001035339 0.02752869
0.001036939 0.02682282
0.001038539 0.02635225
0.001040139 0.02635225
0.001041739 0.02494052
0.001043339 0.02446994
0.001044939 0.02376408
0.001046539 0.02305822
0.001048139 0.02352879
0.001049739 0.0232935
0.001051339 0.02352879
0.001052939 0.02305822
0.001054539 0.02282293
0.001056139 0.02211706
0.001057739 0.0214112
0.001059339 0.02070534
0.001060939 0.01999947
0.001062539 0.01929361
0.001064139 0.01858775
0.001065739 0.01882303
0.001067339 0.01858775
0.001068939 0.01929361
0.001070539 0.02023476
0.001072139 0.02164649
0.001073739 0.02188178
0.001075339 0.02282293
0.001076939 0.02282293
0.001078539 0.02235235
0.001080139 0.02235235
0.001081739 0.02305822
0.001083339 0.0232935
0.001084939 0.02446994
0.001086539 0.02588167
0.001088139 0.02776397
0.001089739 0.02941099
0.001091339 0.03082272
0.001092939 0.03199916
0.001094539 0.03294031
0.001096139 0.03341088
0.001097739 0.03270502
0.001099339 0.03199916
0.001100939 0.03105801
0.001102539 0.02988157
0.001104139 0.02846984
0.001105739 0.02705811
0.001107339 0.02564638
0.001108939 0.02517581
0.001110539 0.02399937
0.001112139 0.02282293
0.001113739 0.02235235
0.001115339 0.02164649
0.001116939 0.0214112
0.001118539 0.02070534
0.001120139 0.02023476
0.001121739 0.0195289
0.001123339 0.01858775
0.001124939 0.01811717
0.001126539 0.01788188
0.001128139 0.01694073
0.001129739 0.01741131
0.001131339 0.01694073
0.001132939 0.01670544
0.001134539 0.01647015
0.001136139 0.01717602
0.001137739 0.01670544
0.001139339 0.01694073
0.001140939 0.01647015
0.001142539 0.01647015
0.001144139 0.01599958
0.001145739 0.01599958
0.001147339 0.01670544
0.001148939 0.01670544
0.001150539 0.01741131
0.001152139 0.01788188
0.001153739 0.01905832
0.001155339 0.02023476
0.001156939 0.02047005
0.001158539 0.02070534
0.001160139 0.0214112
0.001161739 0.02164649
0.001163339 0.0214112
0.001164939 0.02235235
0.001166539 0.02164649
0.001168139 0.02188178
0.001169739 0.02305822
0.001171339 0.02305822
0.001172939 0.02423466
0.001174539 0.02494052
0.001176139 0.02517581
0.001177739 0.0254111
0.001179339 0.02494052
0.001180939 0.02517581
0.001182539 0.02564638
0.001184139 0.02682282
0.001185739 0.0272934
0.001187339 0.02846984
0.001188939 0.02846984
0.001190539 0.02964628
0.001192139 0.03035214
0.001193739 0.03105801
0.001195339 0.03082272
0.001196939 0.03058743
0.001198539 0.02964628
0.001200139 0.02988157
0.001201739 0.02964628
0.001203339 0.02988157
0.001204939 0.03035214
0.001206539 0.03082272
0.001208139 0.03246973
0.001209739 0.0331756
0.001211339 0.03364617
0.001212939 0.03411675
0.001214539 0.03411675
0.001216139 0.03341088
0.001217739 0.03364617
0.001219339 0.03246973
0.001220939 0.03105801
0.001222539 0.03082272
0.001224139 0.03011685
0.001225739 0.02941099
0.001227339 0.02894041
0.001228939 0.0291757
0.001230539 0.02776397
0.001232139 0.02658753
0.001233739 0.0254111
0.001235339 0.02446994
0.001236939 0.0232935
0.001238539 0.02235235
0.001240139 0.02094062
0.001241739 0.02094062
0.001243339 0.02023476
0.001244939 0.0195289
0.001246539 0.01858775
0.001248139 0.01905832
0.001249739 0.0195289
0.001251339 0.02047005
0.001252939 0.02164649
0.001254539 0.02305822
0.001256139 0.02517581
0.001257739 0.02705811
0.001259339 0.02870513
0.001260939 0.03082272
0.001262539 0.03223444
0.001264139 0.03388146
0.001265739 0.03341088
0.001267339 0.03364617
0.001268939 0.03223444
0.001270539 0.03152858
0.001272139 0.03129329
0.001273739 0.02988157
0.001275339 0.02823455
0.001276939 0.02776397
0.001278539 0.02611696
0.001280139 0.02517581
0.001281739 0.02423466
0.001283339 0.02376408
0.001284939 0.0232935
0.001286539 0.02211706
0.001288139 0.02164649
0.001289739 0.02047005
0.001291339 0.02070534
0.001292939 0.02047005
0.001294539 0.02047005
0.001296139 0.02117591
0.001297739 0.02164649
0.001299339 0.02164649
0.001300939 0.02211706
0.001302539 0.02235235
0.001304139 0.02282293
0.001305739 0.02235235
0.001307339 0.0214112
0.001308939 0.02094062
0.001310539 0.01999947
0.001312139 0.01929361
0.001313739 0.01764659
0.001315339 0.01623487
0.001316939 0.01482314
0.001318539 0.0136467
0.001320139 0.0117644
0.001321739 0.01152911
0.001323339 0.01105853
0.001324939 0.01105853
0.001326539 0.01011738
0.001328139 0.009882093
0.001329739 0.009176229
0.001331339 0.009411517
0.001332939 0.009646805
0.001334539 0.009646805
0.001336139 0.009176229
0.001337739 0.008940941
0.001339339 0.007999789
0.001340939 0.007764501
0.001342539 0.005882198
0.001344139 0.005176334
0.001345739 0.00447047
0.001347339 0.004941046
0.001348939 0.003999895
0.001350539 0.004705758
0.001352139 0.00447047
0.001353739 0.005411622
0.001355339 0.006352774
0.001356939 0.007999789
0.001358539 0.008235077
0.001360139 0.01011738
0.001361739 0.01082324
0.001363339 0.01082324
0.001364939 0.01105853
0.001366539 0.01152911
0.001368139 0.01082324
0.001369739 0.01011738
0.001371339 0.008705653
0.001372939 0.007529213
0.001374539 0.004941046
0.001376139 0.003294031
0.001377739 0.0007058638
0.001379339 -0.0004705758
0.001380939 -0.002588167
0.001382539 -0.004705758
0.001384139 -0.006117486
0.001385739 -0.00682335
0.001387339 -0.007058638
0.001388939 -0.007529213
0.001390539 -0.007293925
0.001392139 -0.00682335
0.001393739 -0.005882198
0.001395339 -0.005882198
0.001396939 -0.005176334
0.001398539 -0.003999895
0.001400139 -0.002117591
0.001401739 -0.0004705758
0.001403339 0.0009411517
0.001404939 0.003058743
0.001406539 0.004235183
0.001408139 0.005882198
0.001409739 0.006117486
0.001411339 0.007293925
0.001412939 0.007058638
0.001414539 0.00682335
0.001416139 0.00682335
0.001417739 0.006352774
0.001419339 0.005411622
0.001420939 0.004941046
0.001422539 0.004705758
0.001424139 0.003999895
0.001425739 0.003999895
0.001427339 0.003529319
0.001428939 0.003058743
0.001430539 0.003294031
0.001432139 0.002823455
0.001433739 0.002588167
0.001435339 0.002588167
0.001436939 0.002117591
0.001438539 0.001411728
0.001440139 0.0004705758
0.001441739 -0.0004705758
0.001443339 -0.002117591
0.001444939 -0.003058743
0.001446539 -0.00447047
0.001448139 -0.006117486
0.001449739 -0.007529213
0.001451339 -0.009646805
0.001452939 -0.009882093
0.001454539 -0.01152911
0.001456139 -0.01223497
0.001457739 -0.01223497
0.001459339 -0.0136467
0.001460939 -0.0136467
0.001462539 -0.01294084
0.001464139 -0.01341141
0.001465739 -0.01317612
0.001467339 -0.01317612
0.001468939 -0.01270555
0.001470539 -0.01270555
0.001472139 -0.01317612
0.001473739 -0.01270555
0.001475339 -0.01270555
0.001476939 -0.01270555
0.001478539 -0.01270555
0.001480139 -0.01247026
0.001481739 -0.01199968
0.001483339 -0.01129382
0.001484939 -0.01011738
0.001486539 -0.009411517
0.001488139 -0.008235077
0.001489739 -0.008235077
0.001491339 -0.007999789
0.001492939 -0.007293925
0.001494539 -0.007529213
0.001496139 -0.006352774
0.001497739 -0.007058638
0.001499339 -0.006352774
0.001500939 -0.006352774
0.001502539 -0.00564691
0.001504139 -0.005411622
0.001505739 -0.005882198
0.001507339 -0.005411622
0.001508939 -0.00564691
0.001510539 -0.006352774
0.001512139 -0.006588062
0.001513739 -0.007058638
0.001515339 -0.007058638
0.001516939 -0.007764501
0.001518539 -0.008705653
0.001520139 -0.008235077
0.001521739 -0.008940941
0.001523339 -0.008940941
0.001524939 -0.008705653
0.001526539 -0.008470365
0.001528139 -0.008470365
0.001529739 -0.008470365
0.001531339 -0.008705653
0.001532939 -0.008235077
0.001534539 -0.008705653
0.001536139 -0.007999789
0.001537739 -0.008705653
0.001539339 -0.008705653
0.001540939 -0.008705653
0.001542539 -0.009411517
0.001544139 -0.009646805
0.001545739 -0.009882093
0.001547339 -0.01058796
0.001548939 -0.01011738
0.001550539 -0.01035267
0.001552139 -0.009646805
0.001553739 -0.009411517
0.001555339 -0.009176229
0.001556939 -0.009176229
0.001558539 -0.007999789
0.001560139 -0.007293925
0.001561739 -0.007293925
0.001563339 -0.007999789
0.001564939 -0.007999789
0.001566539 -0.008235077
0.001568139 -0.008470365
0.001569739 -0.009411517
0.001571339 -0.008470365
0.001572939 -0.008705653
0.001574539 -0.007764501
0.001576139 -0.007764501
0.001577739 -0.007058638
0.001579339 -0.006588062
0.001580939 -0.007293925
0.001582539 -0.006588062
0.001584139 -0.007058638
0.001585739 -0.007529213
0.001587339 -0.007999789
0.001588939 -0.009646805
0.001590539 -0.009411517
0.001592139 -0.01105853
0.001593739 -0.01223497
0.001595339 -0.01294084
0.001596939 -0.01435256
0.001598539 -0.01435256
0.001600139 -0.01482314
0.001601739 -0.01599958
0.001603339 -0.01599958
0.001604939 -0.01717602
0.001606539 -0.01741131
0.001608139 -0.01694073
0.001609739 -0.01623487
0.001611339 -0.01576429
0.001612939 -0.01505843
0.001614539 -0.01458785
0.001616139 -0.01411728
0.001617739 -0.01223497
0.001619339 -0.01129382
0.001620939 -0.01082324
0.001622539 -0.009176229
0.001624139 -0.009176229
0.001625739 -0.006588062
0.001627339 -0.005411622
0.001628939 -0.003999895
0.001630539 -0.002823455
0.001632139 -0.002352879
0.001633739 -0.00117644
0.001635339 -0.0009411517
0.001636939 -0.0004705758
0.001638539 -0.0007058638
0.001640139 -0.0007058638
0.001641739 -0.001647015
0.001643339 -0.002352879
0.001644939 -0.004235183
0.001646539 -0.005411622
0.001648139 -0.007529213
0.001649739 -0.009646805
0.001651339 -0.01105853
0.001652939 -0.01270555
0.001654539 -0.01388199
0.001656139 -0.01529371
0.001657739 -0.015529
0.001659339 -0.01647015
0.001660939 -0.01764659
0.001662539 -0.01717602
0.001664139 -0.01717602
0.001665739 -0.01623487
0.001667339 -0.015529
0.001668939 -0.01482314
0.001670539 -0.0136467
0.001672139 -0.01294084
0.001673739 -0.01129382
0.001675339 -0.01105853
0.001676939 -0.01011738
0.001678539 -0.01011738
0.001680139 -0.009646805
0.001681739 -0.009176229
0.001683339 -0.008705653
0.001684939 -0.009176229
0.001686539 -0.009411517
0.001688139 -0.009176229
0.001689739 -0.009646805
0.001691339 -0.009646805
0.001692939 -0.009882093
0.001694539 -0.01105853
0.001696139 -0.01199968
0.001697739 -0.01294084
0.001699339 -0.01388199
0.001700939 -0.01576429
0.001702539 -0.01694073
0.001704139 -0.01858775
0.001705739 -0.02023476
0.001707339 -0.02117591
0.001708939 -0.02211706
0.001710539 -0.02258764
0.001712139 -0.02211706
0.001713739 -0.02258764
0.001715339 -0.02188178
0.001716939 -0.0214112
0.001718539 -0.02047005
0.001720139 -0.01929361
0.001721739 -0.01811717
0.001723339 -0.01694073
0.001724939 -0.01599958
0.001726539 -0.01482314
0.001728139 -0.01317612
0.001729739 -0.01223497
0.001731339 -0.0117644
0.001732939 -0.01199968
0.001734539 -0.0117644
0.001736139 -0.01152911
0.001737739 -0.01199968
0.001739339 -0.01199968
0.001740939 -0.01152911
0.001742539 -0.01082324
0.001744139 -0.01082324
0.001745739 -0.009646805
0.001747339 -0.008705653
0.001748939 -0.007293925
0.001750539 -0.006117486
0.001752139 -0.00447047
0.001753739 -0.003529319
0.001755339 -0.003058743
0.001756939 -0.002117591
0.001758539 -0.002117591
0.001760139 -0.002823455
0.001761739 -0.002823455
0.001763339 -0.00447047
0.001764939 -0.004941046
0.001766539 -0.006588062
0.001768139 -0.008235077
0.001769739 -0.01011738
0.001771339 -0.01199968
0.001772939 -0.01341141
0.001774539 -0.01623487
0.001776139 -0.01788188
0.001777739 -0.01929361
0.001779339 -0.02094062
0.001780939 -0.02258764
0.001782539 -0.02376408
0.001784139 -0.02635225
0.001785739 -0.0272934
0.001787339 -0.02894041
0.001788939 -0.03011685
0.001790539 -0.03176387
0.001792139 -0.03176387
0.001793739 -0.0331756
0.001795339 -0.0331756
0.001796939 -0.03364617
0.001798539 -0.03388146
0.001800139 -0.0331756
0.001801739 -0.03270502
0.001803339 -0.03270502
0.001804939 -0.03223444
0.001806539 -0.03152858
0.001808139 -0.03082272
0.001809739 -0.03011685
0.001811339 -0.0291757
0.001812939 -0.02894041
0.001814539 -0.02658753
0.001816139 -0.02611696
0.001817739 -0.02399937
0.001819339 -0.02305822
0.001820939 -0.02094062
0.001822539 -0.01976419
0.001824139 -0.01882303
0.001825739 -0.01764659
0.001827339 -0.01647015
0.001828939 -0.01599958
0.001830539 -0.01505843
0.001832139 -0.01505843
0.001833739 -0.01482314
0.001835339 -0.01435256
0.001836939 -0.0136467
0.001838539 -0.01317612
0.001840139 -0.01270555
0.001841739 -0.0117644
0.001843339 -0.01105853
0.001844939 -0.0117644
0.001846539 -0.01223497
0.001848139 -0.01247026
0.001849739 -0.01317612
0.001851339 -0.01458785
0.001852939 -0.01647015
0.001854539 -0.01788188
0.001856139 -0.02023476
0.001857739 -0.0214112
0.001859339 -0.02305822
0.001860939 -0.02470523
0.001862539 -0.02635225
0.001864139 -0.02752869
0.001865739 -0.02799926
0.001867339 -0.02799926
0.001868939 -0.02846984
0.001870539 -0.02846984
0.001872139 -0.02799926
0.001873739 -0.02776397
0.001875339 -0.02658753
0.001876939 -0.02635225
0.001878539 -0.02517581
0.001880139 -0.02470523
0.001881739 -0.02399937
0.001883339 -0.02258764
0.001884939 -0.02282293
0.001886539 -0.02235235
0.001888139 -0.02258764
0.001889739 -0.02258764
0.001891339 -0.02258764
0.001892939 -0.0232935
0.001894539 -0.02352879
0.001896139 -0.02352879
0.001897739 -0.02470523
0.001899339 -0.02446994
0.001900939 -0.02494052
0.001902539 -0.02470523
0.001904139 -0.02470523
0.001905739 -0.02446994
0.001907339 -0.02470523
0.001908939 -0.02423466
0.001910539 -0.0232935
0.001912139 -0.02258764
0.001913739 -0.02164649
0.001915339 -0.02023476
0.001916939 -0.01929361
0.001918539 -0.01764659
0.001920139 -0.01623487
0.001921739 -0.01482314
0.001923339 -0.01317612
0.001924939 -0.0117644
0.001926539 -0.009882093
0.001928139 -0.008470365
0.001929739 -0.007058638
0.001931339 -0.005176334
0.001932939 -0.003999895
0.001934539 -0.002352879
0.001936139 -0.00117644
0.001937739 0.0002352879
0.001939339 0.002352879
0.001940939 0.002823455
0.001942539 0.004705758
0.001944139 0.005411622
0.001945739 0.006352774
0.001947339 0.00682335
0.001948939 0.007293925
0.001950539 0.007293925
0.001952139 0.006117486
0.001953739 0.005176334
0.001955339 0.004941046
0.001956939 0.003764607
0.001958539 0.002823455
0.001960139 0.001647015
0.001961739 0
0.001963339 -0.0002352879
0.001964939 -0.001411728
0.001966539 -0.0009411517
0.001968139 -0.001411728
0.001969739 -0.001411728
0.001971339 -0.001647015
0.001972939 -0.001647015
0.001974539 -0.001647015
0.001976139 -0.0007058638
0.001977739 -0.00117644
0.001979339 -0.0007058638
0.001980939 0
0.001982539 -0.0004705758
0.001984139 -0.0002352879
0.001985739 -0.0002352879
0.001987339 -0.0009411517
0.001988939 -0.00117644
0.001990539 -0.001882303
0.001992139 -0.003058743
0.001993739 -0.003058743
0.001995339 -0.004235183
0.001996939 -0.004235183
0.001998539 -0.00447047
0.002000139 -0.004705758
0.002001739 -0.00447047
0.002003339 -0.004705758
0.002004939 -0.004705758
0.002006539 -0.005176334
0.002008139 -0.005411622
0.002009739 -0.006352774
0.002011339 -0.006352774
0.002012939 -0.007293925
0.002014539 -0.007764501
0.002016139 -0.007529213
0.002017739 -0.007999789
0.002019339 -0.007764501
0.002020939 -0.008470365
0.002022539 -0.007058638
0.002024139 -0.007058638
0.002025739 -0.00682335
0.002027339 -0.005882198
0.002028939 -0.005176334
0.002030539 -0.003764607
0.002032139 -0.003294031
0.002033739 -0.002117591
0.002035339 -0.00117644
0.002036939 -0.0002352879
0.002038539 0.0009411517
0.002040139 0.001647015
0.002041739 0.002352879
0.002043339 0.003058743
0.002044939 0.003764607
0.002046539 0.00447047
0.002048139 0.003999895
0.002049739 0.00447047
0.002051339 0.005176334
0.002052939 0.004235183
0.002054539 0.00564691
0.002056139 0.004941046
0.002057739 0.005176334
0.002059339 0.004705758
0.002060939 0.005176334
0.002062539 0.005411622
0.002064139 0.005882198
0.002065739 0.00564691
0.002067339 0.00564691
0.002068939 0.004941046
0.002070539 0.004235183
0.002072139 0.003764607
0.002073739 0.003529319
0.002075339 0.002588167
0.002076939 0.001882303
0.002078539 0.0007058638
0.002080139 0.0004705758
0.002081739 -0.0002352879
0.002083339 -0.001411728
0.002084939 -0.001411728
0.002086539 -0.002117591
0.002088139 -0.002117591
0.002089739 -0.003058743
0.002091339 -0.002588167
0.002092939 -0.003294031
0.002094539 -0.003294031
0.002096139 -0.003999895
0.002097739 -0.002823455
0.002099339 -0.002117591
0.002100939 -0.001882303
0.002102539 -0.0007058638
0.002104139 0
0.002105739 0.0009411517
0.002107339 0.001411728
0.002108939 0.002117591
0.002110539 0.002588167
0.002112139 0.002588167
0.002113739 0.002588167
0.002115339 0.002352879
0.002116939 0.001647015
0.002118539 0.001647015
0.002120139 0.001882303
0.002121739 0.001647015
0.002123339 0.001411728
0.002124939 0.001647015
0.002126539 0.001411728
0.002128139 0.002352879
0.002129739 0.001882303
0.002131339 0.001882303
0.002132939 0.001882303
0.002134539 0.00117644
0.002136139 0.00117644
0.002137739 0.0004705758
0.002139339 0.0007058638
0.002140939 -0.0007058638
0.002142539 -0.0007058638
0.002144139 -0.0007058638
0.002145739 -0.00117644
0.002147339 -0.001411728
0.002148939 -0.001882303
0.002150539 -0.002117591
0.002152139 -0.002352879
0.002153739 -0.002823455
0.002155339 -0.002352879
0.002156939 -0.002588167
0.002158539 -0.003058743
0.002160139 -0.003294031
0.002161739 -0.003058743
0.002163339 -0.003294031
0.002164939 -0.003294031
0.002166539 -0.003529319
0.002168139 -0.003529319
0.002169739 -0.003999895
0.002171339 -0.004235183
0.002172939 -0.005176334
0.002174539 -0.004941046
0.002176139 -0.004941046
0.002177739 -0.00564691
0.002179339 -0.005882198
0.002180939 -0.006352774
0.002182539 -0.007058638
0.002184139 -0.007529213
0.002185739 -0.008235077
0.002187339 -0.009411517
0.002188939 -0.009176229
0.002190539 -0.01105853
0.002192139 -0.01129382
0.002193739 -0.01270555
0.002195339 -0.01435256
0.002196939 -0.01505843
0.002198539 -0.01576429
0.002200139 -0.01717602
0.002201739 -0.01811717
0.002203339 -0.01905832
0.002204939 -0.02094062
0.002206539 -0.02211706
0.002208139 -0.02305822
0.002209739 -0.02399937
0.002211339 -0.0254111
0.002212939 -0.02635225
0.002214539 -0.02705811
0.002216139 -0.02752869
0.002217739 -0.02752869
0.002219339 -0.02823455
0.002220939 -0.02752869
0.002222539 -0.02752869
0.002224139 -0.0272934
0.002225739 -0.02682282
0.002227339 -0.02635225
0.002228939 -0.02564638
0.002230539 -0.02494052
0.002232139 -0.02399937
0.002233739 -0.02376408
0.002235339 -0.0232935
0.002236939 -0.02235235
0.002238539 -0.02211706
0.002240139 -0.02117591
0.002241739 -0.02047005
0.002243339 -0.0195289
0.002244939 -0.01976419
0.002246539 -0.01882303
0.002248139 -0.01882303
0.002249739 -0.01764659
0.002251339 -0.01764659
0.002252939 -0.01741131
0.002254539 -0.01694073
0.002256139 -0.01741131
0.002257739 -0.01717602
0.002259339 -0.01717602
0.002260939 -0.01670544
0.002262539 -0.01717602
0.002264139 -0.01717602
0.002265739 -0.01694073
0.002267339 -0.01764659
0.002268939 -0.01717602
0.002270539 -0.01694073
0.002272139 -0.01764659
0.002273739 -0.01788188
0.002275339 -0.01764659
0.002276939 -0.01811717
0.002278539 -0.01835246
0.002280139 -0.01858775
0.002281739 -0.01882303
0.002283339 -0.01976419
0.002284939 -0.01929361
0.002286539 -0.02023476
0.002288139 -0.01976419
0.002289739 -0.02047005
0.002291339 -0.01976419
0.002292939 -0.02023476
0.002294539 -0.01999947
0.002296139 -0.01976419
0.002297739 -0.01999947
0.002299339 -0.01999947
0.002300939 -0.02070534
0.002302539 -0.02047005
0.002304139 -0.02117591
0.002305739 -0.02164649
0.002307339 -0.02188178
0.002308939 -0.02235235
0.002310539 -0.02211706
0.002312139 -0.02235235
0.002313739 -0.02258764
0.002315339 -0.02305822
0.002316939 -0.02305822
0.002318539 -0.02352879
0.002320139 -0.02376408
0.002321739 -0.0232935
0.002323339 -0.02399937
0.002324939 -0.02446994
0.002326539 -0.02376408
0.002328139 -0.02352879
0.002329739 -0.02282293
0.002331339 -0.02188178
0.002332939 -0.02211706
0.002334539 -0.0195289
0.002336139 -0.0195289
0.002337739 -0.01929361
0.002339339 -0.01811717
0.002340939 -0.01811717
0.002342539 -0.01670544
0.002344139 -0.01670544
0.002345739 -0.01576429
0.002347339 -0.015529
0.002348939 -0.01458785
0.002350539 -0.0136467
0.002352139 -0.01341141
0.002353739 -0.01223497
0.002355339 -0.01223497
0.002356939 -0.0117644
0.002358539 -0.0117644
0.002360139 -0.0117644
0.002361739 -0.0117644
0.002363339 -0.01199968
0.002364939 -0.01270555
0.002366539 -0.01270555
0.002368139 -0.01341141
0.002369739 -0.01411728
0.002371339 -0.01482314
0.002372939 -0.01599958
0.002374539 -0.01576429
0.002376139 -0.01694073
0.002377739 -0.01694073
0.002379339 -0.01764659
0.002380939 -0.01788188
0.002382539 -0.01835246
0.002384139 -0.01882303
0.002385739 -0.01929361
0.002387339 -0.01929361
0.002388939 -0.01976419
0.002390539 -0.01976419
0.002392139 -0.01929361
0.002393739 -0.01905832
0.002395339 -0.01929361
0.002396939 -0.01905832
0.002398539 -0.01858775
0.002400139 -0.01811717
0.002401739 -0.01835246
0.002403339 -0.01788188
0.002404939 -0.01764659
0.002406539 -0.01764659
0.002408139 -0.01717602
0.002409739 -0.01694073
0.002411339 -0.01741131
0.002412939 -0.01694073
0.002414539 -0.01717602
0.002416139 -0.01741131
0.002417739 -0.01764659
0.002419339 -0.01741131
0.002420939 -0.01741131
0.002422539 -0.01717602
0.002424139 -0.01670544
0.002425739 -0.01741131
0.002427339 -0.01717602
0.002428939 -0.01717602
0.002430539 -0.01764659
0.002432139 -0.01694073
0.002433739 -0.01670544
0.002435339 -0.01623487
0.002436939 -0.01623487
0.002438539 -0.015529
0.002440139 -0.01505843
0.002441739 -0.01388199
0.002443339 -0.01388199
0.002444939 -0.01247026
0.002446539 -0.01294084
0.002448139 -0.01105853
0.002449739 -0.01105853
0.002451339 -0.01011738
0.002452939 -0.009882093
0.002454539 -0.008235077
0.002456139 -0.007764501
0.002457739 -0.00682335
0.002459339 -0.006352774
0.002460939 -0.005882198
0.002462539 -0.00447047
0.002464139 -0.00447047
0.002465739 -0.003058743
0.002467339 -0.002588167
0.002468939 -0.001882303
0.002470539 -0.00117644
0.002472139 0.0002352879
0.002473739 0.0002352879
0.002475339 0.0009411517
0.002476939 0.00117644
0.002478539 0.0009411517
0.002480139 0.0007058638
0.002481739 0.0007058638
0.002483339 0.0004705758
0.002484939 0.0002352879
0.002486539 -0.0004705758
0.002488139 -0.001882303
0.002489739 -0.002588167
0.002491339 -0.003058743
0.002492939 -0.003764607
0.002494539 -0.005176334
0.002496139 -0.006352774
0.002497739 -0.006352774
0.002499339 -0.00682335
0.002500939 -0.007999789
0.002502539 -0.008235077
0.002504139 -0.009176229
0.002505739 -0.008705653
0.002507339 -0.009411517
0.002508939 -0.008235077
0.002510539 -0.008705653
0.002512139 -0.007529213
0.002513739 -0.007764501
0.002515339 -0.006352774
0.002516939 -0.004941046
0.002518539 -0.004235183
0.002520139 -0.003294031
0.002521739 -0.002588167
0.002523339 -0.001647015
0.002524939 -0.001882303
0.002526539 -0.00117644
0.002528139 -0.001411728
0.002529739 -0.0009411517
0.002531339 -0.001411728
0.002532939 -0.0009411517
0.002534539 -0.00117644
0.002536139 -0.0009411517
0.002537739 -0.001411728
0.002539339 -0.001647015
0.002540939 -0.00117644
0.002542539 -0.0002352879
0.002544139 -0.0007058638
0.002545739 -0.0002352879
0.002547339 -0.0002352879
0.002548939 0.0002352879
0.002550539 0.0004705758
0.002552139 0.0009411517
0.002553739 0.001411728
0.002555339 0.001411728
0.002556939 0.001882303
0.002558539 0.001882303
0.002560139 0.002588167
0.002561739 0.002588167
0.002563339 0.002823455
0.002564939 0.003294031
0.002566539 0.003529319
0.002568139 0.003764607
0.002569739 0.004705758
0.002571339 0.004235183
0.002572939 0.00564691
0.002574539 0.00447047
0.002576139 0.005882198
0.002577739 0.005176334
0.002579339 0.005411622
0.002580939 0.004705758
0.002582539 0.005411622
0.002584139 0.00447047
0.002585739 0.003999895
0.002587339 0.003058743
0.002588939 0.003058743
0.002590539 0.002588167
0.002592139 0.002352879
0.002593739 0.002117591
0.002595339 0.002823455
0.002596939 0.002352879
0.002598539 0.003529319
0.002600139 0.003999895
0.002601739 0.00447047
0.002603339 0.005411622
0.002604939 0.006352774
0.002606539 0.007058638
0.002608139 0.008235077
0.002609739 0.008940941
0.002611339 0.009882093
0.002612939 0.01082324
0.002614539 0.01247026
0.002616139 0.01270555
0.002617739 0.01411728
0.002619339 0.01435256
0.002620939 0.01529371
0.002622539 0.01529371
0.002624139 0.015529
0.002625739 0.01529371
0.002627339 0.01505843
0.002628939 0.01458785
0.002630539 0.01529371
0.002632139 0.01458785
0.002633739 0.01458785
0.002635339 0.01388199
0.002636939 0.01458785
0.002638539 0.01388199
0.002640139 0.01388199
0.002641739 0.01435256
0.002643339 0.01482314
0.002644939 0.01529371
0.002646539 0.01623487
0.002648139 0.01599958
0.002649739 0.01647015
0.002651339 0.01717602
0.002652939 0.01694073
0.002654539 0.01647015
0.002656139 0.01694073
0.002657739 0.01670544
0.002659339 0.01694073
0.002660939 0.01670544
0.002662539 0.01717602
0.002664139 0.01670544
0.002665739 0.01764659
0.002667339 0.01694073
0.002668939 0.01835246
0.002670539 0.01764659
0.002672139 0.01788188
0.002673739 0.01882303
0.002675339 0.01929361
0.002676939 0.01976419
0.002678539 0.02047005
0.002680139 0.01999947
0.002681739 0.02070534
0.002683339 0.02117591
0.002684939 0.0214112
0.002686539 0.02282293
0.002688139 0.02211706
0.002689739 0.0232935
0.002691339 0.02352879
0.002692939 0.02352879
0.002694539 0.02399937
0.002696139 0.02399937
0.002697739 0.02446994
0.002699339 0.02470523
0.002700939 0.02494052
0.002702539 0.0254111
0.002704139 0.02564638
0.002705739 0.0254111
0.002707339 0.02658753
0.002708939 0.02635225
0.002710539 0.02682282
0.002712139 0.02635225
0.002713739 0.02682282
0.002715339 0.02682282
0.002716939 0.0272934
0.002718539 0.02752869
0.002720139 0.0272934
0.002721739 0.02658753
0.002723339 0.02705811
0.002724939 0.02658753
0.002726539 0.02517581
0.002728139 0.0254111
0.002729739 0.02470523
0.002731339 0.02376408
0.002732939 0.02282293
0.002734539 0.02164649
0.002736139 0.02047005
0.002737739 0.01976419
0.002739339 0.01882303
0.002740939 0.01788188
0.002742539 0.01764659
0.002744139 0.01599958
0.002745739 0.01670544
0.002747339 0.01599958
0.002748939 0.01576429
0.002750539 0.01505843
0.002752139 0.015529
0.002753739 0.01505843
0.002755339 0.01529371
0.002756939 0.01482314
0.002758539 0.01458785
0.002760139 0.01458785
0.002761739 0.01458785
0.002763339 0.01529371
0.002764939 0.01482314
0.002766539 0.015529
0.002768139 0.015529
0.002769739 0.015529
0.002771339 0.01647015
0.002772939 0.01694073
0.002774539 0.01741131
0.002776139 0.01811717
0.002777739 0.01929361
0.002779339 0.02023476
0.002780939 0.02094062
0.002782539 0.02164649
0.002784139 0.0232935
0.002785739 0.02376408
0.002787339 0.0254111
0.002788939 0.02588167
0.002790539 0.02705811
0.002792139 0.02799926
0.002793739 0.02894041
0.002795339 0.02941099
0.002796939 0.03035214
0.002798539 0.03082272
0.002800139 0.03129329
0.002801739 0.03223444
0.002803339 0.03270502
0.002804939 0.03341088
0.002806539 0.03364617
0.002808139 0.03411675
0.002809739 0.0350579
0.002811339 0.03576376
0.002812939 0.03599905
0.002814539 0.03599905
0.002816139 0.03646963
0.002817739 0.0369402
0.002819339 0.03646963
0.002820939 0.03646963
0.002822539 0.03623434
0.002824139 0.03623434
0.002825739 0.03552848
0.002827339 0.03529319
0.002828939 0.03458732
0.002830539 0.03388146
0.002832139 0.0331756
0.002833739 0.03176387
0.002835339 0.03176387
0.002836939 0.03152858
0.002838539 0.03082272
0.002840139 0.03058743
0.002841739 0.03058743
0.002843339 0.02988157
0.002844939 0.02988157
0.002846539 0.02964628
0.002848139 0.02941099
0.002849739 0.02941099
0.002851339 0.02988157
0.002852939 0.02894041
0.002854539 0.02988157
0.002856139 0.0291757
0.002857739 0.02988157
0.002859339 0.02964628
0.002860939 0.03011685
0.002862539 0.02988157
0.002864139 0.03105801
0.002865739 0.03082272
0.002867339 0.03129329
0.002868939 0.03129329
0.002870539 0.03176387
0.002872139 0.03270502
0.002873739 0.03223444
0.002875339 0.03223444
0.002876939 0.03294031
0.002878539 0.03246973
0.002880139 0.03270502
0.002881739 0.03199916
0.002883339 0.03270502
0.002884939 0.03223444
0.002886539 0.03152858
0.002888139 0.03152858
0.002889739 0.03129329
0.002891339 0.03129329
0.002892939 0.03105801
0.002894539 0.03058743
0.002896139 0.03105801
0.002897739 0.03105801
0.002899339 0.03129329
0.002900939 0.03152858
0.002902539 0.03223444
0.002904139 0.03246973
0.002905739 0.03294031
0.002907339 0.0331756
0.002908939 0.03364617
0.002910539 0.03435204
0.002912139 0.03482261
0.002913739 0.03482261
0.002915339 0.03599905
0.002916939 0.03623434
0.002918539 0.03670492
0.002920139 0.03646963
0.002921739 0.03670492
0.002923339 0.03623434
0.002924939 0.03646963
0.002926539 0.03623434
0.002928139 0.03576376
0.002929739 0.0350579
0.002931339 0.03458732
0.002932939 0.03411675
0.002934539 0.03364617
0.002936139 0.03270502
0.002937739 0.03152858
0.002939339 0.03129329
0.002940939 0.03082272
0.002942539 0.02941099
0.002944139 0.02799926
0.002945739 0.02705811
0.002947339 0.0254111
0.002948939 0.02446994
0.002950539 0.02399937
0.002952139 0.02258764
0.002953739 0.02164649
0.002955339 0.02070534
0.002956939 0.02094062
0.002958539 0.01999947
0.002960139 0.01976419
0.002961739 0.0195289
0.002963339 0.01999947
0.002964939 0.01976419
0.002966539 0.01999947
0.002968139 0.02023476
0.002969739 0.02117591
0.002971339 0.0214112
0.002972939 0.0214112
0.002974539 0.02164649
0.002976139 0.02282293
0.002977739 0.0232935
0.002979339 0.02352879
0.002980939 0.02352879
0.002982539 0.02376408
0.002984139 0.02446994
0.002985739 0.02470523
0.002987339 0.02494052
0.002988939 0.0254111
0.002990539 0.02564638
0.002992139 0.02611696
0.002993739 0.02635225
0.002995339 0.02705811
0.002996939 0.02682282
0.002998539 0.02799926
0.003000139 0.02870513
0.003001739 0.02941099
0.003003339 0.03011685
0.003004939 0.03035214
0.003006539 0.03129329
0.003008139 0.03176387
0.003009739 0.03223444
0.003011339 0.0331756
0.003012939 0.0331756
0.003014539 0.03388146
0.003016139 0.03341088
0.003017739 0.03411675
0.003019339 0.03341088
0.003020939 0.03411675
0.003022539 0.03341088
0.003024139 0.03364617
0.003025739 0.03364617
0.003027339 0.03388146
0.003028939 0.03294031
0.003030539 0.03411675
0.003032139 0.03294031
0.003033739 0.0331756
0.003035339 0.03341088
0.003036939 0.03341088
0.003038539 0.03294031
0.003040139 0.03223444
0.003041739 0.03199916
0.003043339 0.03199916
0.003044939 0.03105801
0.003046539 0.03152858
0.003048139 0.03035214
0.003049739 0.03035214
0.003051339 0.03058743
0.003052939 0.03011685
0.003054539 0.02894041
0.003056139 0.02894041
0.003057739 0.02846984
0.003059339 0.02799926
0.003060939 0.02658753
0.003062539 0.02658753
0.003064139 0.02658753
0.003065739 0.02564638
0.003067339 0.02588167
0.003068939 0.02588167
0.003070539 0.02517581
0.003072139 0.02494052
0.003073739 0.02399937
0.003075339 0.02376408
0.003076939 0.02282293
0.003078539 0.0232935
0.003080139 0.02211706
0.003081739 0.02235235
0.003083339 0.02164649
0.003084939 0.02188178
0.003086539 0.02164649
0.003088139 0.02188178
0.003089739 0.02188178
0.003091339 0.02305822
0.003092939 0.02305822
0.003094539 0.02376408
0.003096139 0.02399937
0.003097739 0.02517581
0.003099339 0.0254111
0.003100939 0.02611696
0.003102539 0.02658753
0.003104139 0.02682282
0.003105739 0.0272934
0.003107339 0.02752869
0.003108939 0.02776397
0.003110539 0.02894041
0.003112139 0.02846984
0.003113739 0.0291757
0.003115339 0.02894041
0.003116939 0.02846984
0.003118539 0.02799926
0.003120139 0.02846984
0.003121739 0.02705811
0.003123339 0.02752869
0.003124939 0.02611696
0.003126539 0.02564638
0.003128139 0.0254111
0.003129739 0.02470523
0.003131339 0.02376408
0.003132939 0.02352879
0.003134539 0.02282293
0.003136139 0.02258764
0.003137739 0.02164649
0.003139339 0.02117591
0.003140939 0.02117591
0.003142539 0.02070534
0.003144139 0.02023476
0.003145739 0.01999947
0.003147339 0.01929361
0.003148939 0.01976419
0.003150539 0.01929361
0.003152139 0.01882303
0.003153739 0.0195289
0.003155339 0.01858775
0.003156939 0.01788188
0.003158539 0.01835246
0.003160139 0.01717602
0.003161739 0.01764659
0.003163339 0.01670544
0.003164939 0.01717602
0.003166539 0.01647015
0.003168139 0.01647015
0.003169739 0.01576429
0.003171339 0.015529
0.003172939 0.01505843
0.003174539 0.01529371
0.003176139 0.01482314
0.003177739 0.01388199
0.003179339 0.01317612
0.003180939 0.01270555
0.003182539 0.01223497
0.003184139 0.01223497
0.003185739 0.01058796
0.003187339 0.01082324
0.003188939 0.009646805
0.003190539 0.009176229
0.003192139 0.007529213
0.003193739 0.007764501
0.003195339 0.00682335
0.003196939 0.006588062
0.003198539 0.006117486
0.003200139 0.005411622
0.003201739 0.004705758
0.003203339 0.005176334
0.003204939 0.003999895
0.003206539 0.004235183
0.003208139 0.003999895
0.003209739 0.004235183
0.003211339 0.003999895
0.003212939 0.004941046
0.003214539 0.00447047
0.003216139 0.005176334
0.003217739 0.004941046
0.003219339 0.00564691
0.003220939 0.006352774
0.003222539 0.006352774
0.003224139 0.006117486
0.003225739 0.007293925
0.003227339 0.00682335
0.003228939 0.007293925
0.003230539 0.007293925
0.003232139 0.008235077
0.003233739 0.008235077
0.003235339 0.008705653
0.003236939 0.008940941
0.003238539 0.01011738
0.003240139 0.009646805
0.003241739 0.01011738
0.003243339 0.009882093
0.003244939 0.009882093
0.003246539 0.009646805
0.003248139 0.009882093
0.003249739 0.009411517
0.003251339 0.009411517
0.003252939 0.008940941
0.003254539 0.009646805
0.003256139 0.008235077
0.003257739 0.008235077
0.003259339 0.007764501
0.003260939 0.007293925
0.003262539 0.005882198
0.003264139 0.005411622
0.003265739 0.004941046
0.003267339 0.00447047
0.003268939 0.003764607
0.003270539 0.003999895
0.003272139 0.002588167
0.003273739 0.002588167
0.003275339 0.001647015
0.003276939 0.001647015
0.003278539 0.0009411517
0.003280139 0
0.003281739 -0.0004705758
0.003283339 -0.0007058638
0.003284939 -0.001411728
0.003286539 -0.002823455
0.003288139 -0.003294031
0.003289739 -0.004235183
0.003291339 -0.005176334
0.003292939 -0.005882198
0.003294539 -0.006588062
0.003296139 -0.007293925
0.003297739 -0.007999789
0.003299339 -0.008470365
0.003300939 -0.009176229
0.003302539 -0.009646805
0.003304139 -0.01035267
0.003305739 -0.01082324
0.003307339 -0.01105853
0.003308939 -0.01082324
0.003310539 -0.01129382
0.003312139 -0.01152911
0.003313739 -0.0117644
0.003315339 -0.01105853
0.003316939 -0.01035267
0.003318539 -0.009882093
0.003320139 -0.009646805
0.003321739 -0.009176229
0.003323339 -0.008705653
0.003324939 -0.008470365
0.003326539 -0.007529213
0.003328139 -0.007293925
0.003329739 -0.007058638
0.003331339 -0.006352774
0.003332939 -0.006117486
0.003334539 -0.005411622
0.003336139 -0.005176334
0.003337739 -0.004941046
0.003339339 -0.004705758
0.003340939 -0.00447047
0.003342539 -0.003529319
0.003344139 -0.003764607
0.003345739 -0.003294031
0.003347339 -0.003529319
0.003348939 -0.002588167
0.003350539 -0.002588167
0.003352139 -0.002117591
0.003353739 -0.002823455
0.003355339 -0.001882303
0.003356939 -0.002588167
0.003358539 -0.001882303
0.003360139 -0.001882303
0.003361739 -0.001647015
0.003363339 -0.002588167
0.003364939 -0.002588167
0.003366539 -0.003294031
0.003368139 -0.003529319
0.003369739 -0.003999895
0.003371339 -0.004235183
0.003372939 -0.005882198
0.003374539 -0.007058638
0.003376139 -0.007999789
0.003377739 -0.007999789
0.003379339 -0.009882093
0.003380939 -0.01035267
0.003382539 -0.01082324
0.003384139 -0.0117644
0.003385739 -0.01223497
0.003387339 -0.01341141
0.003388939 -0.01270555
0.003390539 -0.0136467
0.003392139 -0.01388199
0.003393739 -0.01411728
0.003395339 -0.01435256
0.003396939 -0.01505843
0.003398539 -0.01458785
0.003400139 -0.01458785
0.003401739 -0.01458785
0.003403339 -0.01505843
0.003404939 -0.015529
0.003406539 -0.01599958
0.003408139 -0.01623487
0.003409739 -0.01670544
0.003411339 -0.01623487
0.003412939 -0.01623487
0.003414539 -0.01623487
0.003416139 -0.01647015
0.003417739 -0.01623487
0.003419339 -0.01576429
0.003420939 -0.015529
0.003422539 -0.01529371
0.003424139 -0.01482314
0.003425739 -0.01388199
0.003427339 -0.01341141
0.003428939 -0.01270555
0.003430539 -0.01199968
0.003432139 -0.0117644
0.003433739 -0.01105853
0.003435339 -0.01105853
0.003436939 -0.01011738
0.003438539 -0.009882093
0.003440139 -0.009176229
0.003441739 -0.009882093
0.003443339 -0.009411517
0.003444939 -0.009646805
0.003446539 -0.009411517
0.003448139 -0.009882093
0.003449739 -0.009646805
0.003451339 -0.01105853
0.003452939 -0.01058796
0.003454539 -0.01105853
0.003456139 -0.01152911
0.003457739 -0.01247026
0.003459339 -0.01317612
0.003460939 -0.0136467
0.003462539 -0.01458785
0.003464139 -0.01458785
0.003465739 -0.01576429
0.003467339 -0.01623487
0.003468939 -0.01717602
0.003470539 -0.01835246
0.003472139 -0.01835246
0.003473739 -0.01905832
0.003475339 -0.01999947
0.003476939 -0.01999947
0.003478539 -0.02047005
0.003480139 -0.02164649
0.003481739 -0.02188178
0.003483339 -0.02211706
0.003484939 -0.02282293
0.003486539 -0.02376408
0.003488139 -0.02352879
0.003489739 -0.02399937
0.003491339 -0.02399937
0.003492939 -0.02470523
0.003494539 -0.02423466
0.003496139 -0.02446994
0.003497739 -0.02399937
0.003499339 -0.02399937
0.003500939 -0.02423466
0.003502539 -0.02376408
0.003504139 -0.02376408
0.003505739 -0.02423466
0.003507339 -0.02399937
0.003508939 -0.02399937
0.003510539 -0.0232935
0.003512139 -0.0232935
0.003513739 -0.02305822
0.003515339 -0.02282293
0.003516939 -0.02305822
0.003518539 -0.02235235
0.003520139 -0.02235235
0.003521739 -0.02211706
0.003523339 -0.02258764
0.003524939 -0.02235235
0.003526539 -0.02258764
0.003528139 -0.02305822
0.003529739 -0.0232935
0.003531339 -0.02305822
0.003532939 -0.02282293
0.003534539 -0.02352879
0.003536139 -0.0232935
0.003537739 -0.0232935
0.003539339 -0.02376408
0.003540939 -0.0232935
0.003542539 -0.02399937
0.003544139 -0.02352879
0.003545739 -0.02376408
0.003547339 -0.02399937
0.003548939 -0.02376408
0.003550539 -0.02352879
0.003552139 -0.02352879
0.003553739 -0.02305822
0.003555339 -0.02376408
0.003556939 -0.02376408
0.003558539 -0.02376408
0.003560139 -0.02376408
0.003561739 -0.02399937
0.003563339 -0.02376408
0.003564939 -0.02399937
0.003566539 -0.02352879
0.003568139 -0.02423466
0.003569739 -0.02446994
0.003571339 -0.02470523
0.003572939 -0.02470523
0.003574539 -0.02517581
0.003576139 -0.02517581
0.003577739 -0.02611696
0.003579339 -0.02611696
0.003580939 -0.02705811
0.003582539 -0.02682282
0.003584139 -0.02682282
0.003585739 -0.02776397
0.003587339 -0.02846984
0.003588939 -0.02870513
0.003590539 -0.02894041
0.003592139 -0.02964628
0.003593739 -0.03011685
0.003595339 -0.03058743
0.003596939 -0.03058743
0.003598539 -0.03082272
0.003600139 -0.03129329
0.003601739 -0.03176387
0.003603339 -0.03176387
0.003604939 -0.03199916
0.003606539 -0.03270502
0.003608139 -0.03294031
0.003609739 -0.03294031
0.003611339 -0.0331756
0.003612939 -0.0331756
0.003614539 -0.03341088
0.003616139 -0.03341088
0.003617739 -0.03458732
0.003619339 -0.03458732
0.003620939 -0.03482261
0.003622539 -0.0350579
0.003624139 -0.03646963
0.003625739 -0.03623434
0.003627339 -0.0369402
0.003628939 -0.03670492
0.003630539 -0.03788135
0.003632139 -0.03717549
0.003633739 -0.03811664
0.003635339 -0.03764607
0.003636939 -0.03811664
0.003638539 -0.03764607
0.003640139 -0.03764607
0.003641739 -0.03717549
0.003643339 -0.03670492
0.003644939 -0.03623434
0.003646539 -0.03576376
0.003648139 -0.03482261
0.003649739 -0.03482261
0.003651339 -0.03411675
0.003652939 -0.03411675
0.003654539 -0.0331756
0.003656139 -0.03246973
0.003657739 -0.03246973
0.003659339 -0.03246973
0.003660939 -0.03199916
0.003662539 -0.03223444
0.003664139 -0.03223444
0.003665739 -0.03246973
0.003667339 -0.03223444
0.003668939 -0.03270502
0.003670539 -0.03270502
0.003672139 -0.03341088
0.003673739 -0.03341088
0.003675339 -0.03458732
0.003676939 -0.03482261
0.003678539 -0.03529319
0.003680139 -0.03576376
0.003681739 -0.03646963
0.003683339 -0.03623434
0.003684939 -0.03670492
0.003686539 -0.03717549
0.003688139 -0.0369402
0.003689739 -0.03741078
0.003691339 -0.03764607
0.003692939 -0.0369402
0.003694539 -0.03717549
0.003696139 -0.03764607
0.003697739 -0.03741078
0.003699339 -0.03788135
0.003700939 -0.03741078
0.003702539 -0.0369402
0.003704139 -0.03741078
0.003705739 -0.0369402
0.003707339 -0.0369402
0.003708939 -0.03670492
0.003710539 -0.03670492
0.003712139 -0.03623434
0.003713739 -0.03599905
0.003715339 -0.03576376
0.003716939 -0.03599905
0.003718539 -0.03599905
0.003720139 -0.03576376
0.003721739 -0.03599905
0.003723339 -0.03599905
0.003724939 -0.03552848
0.003726539 -0.03552848
0.003728139 -0.03552848
0.003729739 -0.03576376
0.003731339 -0.03552848
0.003732939 -0.03529319
0.003734539 -0.03576376
0.003736139 -0.03529319
0.003737739 -0.0350579
0.003739339 -0.03482261
0.003740939 -0.03388146
0.003742539 -0.03364617
0.003744139 -0.03294031
0.003745739 -0.03223444
0.003747339 -0.03129329
0.003748939 -0.03058743
0.003750539 -0.03011685
0.003752139 -0.0291757
0.003753739 -0.02799926
0.003755339 -0.02752869
0.003756939 -0.0272934
0.003758539 -0.02588167
0.003760139 -0.02517581
0.003761739 -0.02470523
0.003763339 -0.02446994
0.003764939 -0.02423466
0.003766539 -0.02399937
0.003768139 -0.0232935
0.003769739 -0.02352879
0.003771339 -0.0232935
0.003772939 -0.0232935
0.003774539 -0.02352879
0.003776139 -0.02352879
0.003777739 -0.02399937
0.003779339 -0.02399937
0.003780939 -0.02446994
0.003782539 -0.02470523
0.003784139 -0.02470523
0.003785739 -0.02470523
0.003787339 -0.02494052
0.003788939 -0.02517581
0.003790539 -0.02564638
0.003792139 -0.02564638
0.003793739 -0.02658753
0.003795339 -0.02635225
0.003796939 -0.02682282
0.003798539 -0.02705811
0.003800139 -0.02799926
0.003801739 -0.0291757
0.003803339 -0.02894041
0.003804939 -0.0291757
0.003806539 -0.02964628
0.003808139 -0.03011685
0.003809739 -0.02988157
0.003811339 -0.03011685
0.003812939 -0.03035214
0.003814539 -0.03035214
0.003816139 -0.03035214
0.003817739 -0.03011685
0.003819339 -0.03082272
0.003820939 -0.03035214
0.003822539 -0.03058743
0.003824139 -0.02988157
0.003825739 -0.03011685
0.003827339 -0.03011685
0.003828939 -0.03011685
0.003830539 -0.02941099
0.003832139 -0.02941099
0.003833739 -0.0291757
0.003835339 -0.0291757
0.003836939 -0.02846984
0.003838539 -0.02894041
0.003840139 -0.02894041
0.003841739 -0.02776397
0.003843339 -0.02799926
0.003844939 -0.02799926
0.003846539 -0.02776397
0.003848139 -0.02799926
0.003849739 -0.0272934
0.003851339 -0.02752869
0.003852939 -0.02705811
0.003854539 -0.0272934
0.003856139 -0.02705811
0.003857739 -0.02705811
0.003859339 -0.02682282
0.003860939 -0.02611696
0.003862539 -0.02564638
0.003864139 -0.02564638
0.003865739 -0.0254111
0.003867339 -0.02517581
0.003868939 -0.02446994
0.003870539 -0.02470523
0.003872139 -0.02399937
0.003873739 -0.02376408
0.003875339 -0.02352879
0.003876939 -0.02352879
0.003878539 -0.02258764
0.003880139 -0.02235235
0.003881739 -0.02258764
0.003883339 -0.02258764
0.003884939 -0.02305822
0.003886539 -0.02282293
0.003888139 -0.0232935
0.003889739 -0.0232935
0.003891339 -0.02399937
0.003892939 -0.02446994
0.003894539 -0.02470523
0.003896139 -0.02588167
0.003897739 -0.02588167
0.003899339 -0.02705811
0.003900939 -0.02682282
0.003902539 -0.02823455
0.003904139 -0.02823455
0.003905739 -0.02846984
0.003907339 -0.02941099
0.003908939 -0.02988157
0.003910539 -0.02941099
0.003912139 -0.02941099
0.003913739 -0.02870513
0.003915339 -0.0291757
0.003916939 -0.02870513
0.003918539 -0.02846984
0.003920139 -0.02776397
0.003921739 -0.02776397
0.003923339 -0.02705811
0.003924939 -0.02705811
0.003926539 -0.02611696
0.003928139 -0.02564638
0.003929739 -0.02517581
0.003931339 -0.02423466
0.003932939 -0.02352879
0.003934539 -0.02305822
0.003936139 -0.02211706
0.003937739 -0.02117591
0.003939339 -0.02070534
0.003940939 -0.01976419
0.003942539 -0.01929361
0.003944139 -0.01858775
0.003945739 -0.01764659
0.003947339 -0.01741131
0.003948939 -0.01599958
0.003950539 -0.01576429
0.003952139 -0.01458785
0.003953739 -0.01411728
0.003955339 -0.01270555
0.003956939 -0.01270555
0.003958539 -0.01199968
0.003960139 -0.0117644
0.003961739 -0.01082324
0.003963339 -0.01058796
0.003964939 -0.01105853
0.003966539 -0.01035267
0.003968139 -0.01105853
0.003969739 -0.01011738
0.003971339 -0.01035267
0.003972939 -0.01058796
0.003974539 -0.01011738
0.003976139 -0.01082324
0.003977739 -0.01058796
0.003979339 -0.01058796
0.003980939 -0.01082324
0.003982539 -0.01105853
0.003984139 -0.01129382
0.003985739 -0.0117644
0.003987339 -0.0117644
0.003988939 -0.01223497
0.003990539 -0.01247026
0.003992139 -0.01199968
0.003993739 -0.01223497
0.003995339 -0.01294084
0.003996939 -0.01223497
0.003998539 -0.01341141
0.004000139 -0.01294084
0.004001739 -0.01317612
0.004003339 -0.01341141
0.004004939 -0.0136467
0.004006539 -0.01458785
0.004008139 -0.01458785
0.004009739 -0.01458785
0.004011339 -0.01505843
0.004012939 -0.01529371
0.004014539 -0.01529371
0.004016139 -0.01482314
0.004017739 -0.01505843
0.004019339 -0.01505843
0.004020939 -0.01482314
0.004022539 -0.01482314
0.004024139 -0.01505843
0.004025739 -0.01482314
0.004027339 -0.01411728
0.004028939 -0.01411728
0.004030539 -0.01435256
0.004032139 -0.01435256
0.004033739 -0.01317612
0.004035339 -0.01341141
0.004036939 -0.01294084
0.004038539 -0.01294084
0.004040139 -0.01270555
0.004041739 -0.01199968
0.004043339 -0.0117644
0.004044939 -0.01105853
0.004046539 -0.01129382
0.004048139 -0.01082324
0.004049739 -0.01035267
0.004051339 -0.009411517
0.004052939 -0.009176229
0.004054539 -0.007529213
0.004056139 -0.007058638
0.004057739 -0.006588062
0.004059339 -0.00564691
0.004060939 -0.004941046
0.004062539 -0.00447047
0.004064139 -0.003764607
0.004065739 -0.002823455
0.004067339 -0.003058743
0.004068939 -0.002588167
0.004070539 -0.001647015
0.004072139 -0.002117591
0.004073739 -0.001882303
0.004075339 -0.001647015
0.004076939 -0.002117591
0.004078539 -0.002117591
0.004080139 -0.002352879
0.004081739 -0.002588167
0.004083339 -0.003058743
0.004084939 -0.003294031
0.004086539 -0.003999895
0.004088139 -0.00447047
0.004089739 -0.004705758
0.004091339 -0.005176334
0.004092939 -0.005411622
0.004094539 -0.005882198
0.004096139 -0.006117486
0.004097739 -0.006117486
0.004099339 -0.006117486
0.004100939 -0.006588062
0.004102539 -0.006352774
0.004104139 -0.006588062
0.004105739 -0.005882198
0.004107339 -0.005882198
0.004108939 -0.004705758
0.004110539 -0.004941046
0.004112139 -0.004705758
0.004113739 -0.003764607
0.004115339 -0.003529319
0.004116939 -0.002588167
0.004118539 -0.002117591
0.004120139 -0.001411728
0.004121739 -0.0002352879
0.004123339 0.0004705758
0.004124939 0.001647015
0.004126539 0.002352879
0.004128139 0.003529319
0.004129739 0.003764607
0.004131339 0.004941046
0.004132939 0.004941046
0.004134539 0.006352774
0.004136139 0.007529213
0.004137739 0.007999789
0.004139339 0.008470365
0.004140939 0.009646805
0.004142539 0.01011738
0.004144139 0.01152911
0.004145739 0.01129382
0.004147339 0.01223497
0.004148939 0.0117644
0.004150539 0.01341141
0.004152139 0.0136467
0.004153739 0.0136467
0.004155339 0.01435256
0.004156939 0.01482314
0.004158539 0.01482314
0.004160139 0.01576429
0.004161739 0.01599958
0.004163339 0.01694073
0.004164939 0.01694073
0.004166539 0.01788188
0.004168139 0.01764659
0.004169739 0.01811717
0.004171339 0.01811717
0.004172939 0.01858775
0.004174539 0.01905832
0.004176139 0.01976419
0.004177739 0.01999947
0.004179339 0.02070534
0.004180939 0.0214112
0.004182539 0.02164649
0.004184139 0.02188178
0.004185739 0.02258764
0.004187339 0.02211706
0.004188939 0.02282293
0.004190539 0.02282293
0.004192139 0.02305822
0.004193739 0.02235235
0.004195339 0.02282293
0.004196939 0.02235235
0.004198539 0.02258764
0.004200139 0.02282293
