LECROYWS4024HD 19320 Waveform
Segments 1 SegmentSize 3127
Segment TrigTime TimeSinceSegment1
#1 05-Jun-2024 16:19:44 0                 
Time Ampl
-0.0008004398 -0.0002352879
-0.0007988398 -0.0004705758
-0.0007972398 0.0002352879
-0.0007956398 -0.0004705758
-0.0007940398 -0.0004705758
-0.0007924398 -0.0002352879
-0.0007908398 -0.0004705758
-0.0007892398 0.0002352879
-0.0007876398 0.0002352879
-0.0007860398 -0.0002352879
-0.0007844398 -0.0007058638
-0.0007828398 -0.0002352879
-0.0007812398 -0.0004705758
-0.0007796398 -0.0004705758
-0.0007780398 -0.0002352879
-0.0007764398 -0.0007058638
-0.0007748398 -0.0002352879
-0.0007732398 -0.0004705758
-0.0007716398 -0.0002352879
-0.0007700398 -0.0004705758
-0.0007684398 -0.0002352879
-0.0007668398 0
-0.0007652398 -0.0002352879
-0.0007636398 0.0002352879
-0.0007620398 0
-0.0007604398 0.0002352879
-0.0007588398 -0.0007058638
-0.0007572398 0.0002352879
-0.0007556398 0
-0.0007540398 -0.0009411517
-0.0007524398 -0.0007058638
-0.0007508398 -0.0002352879
-0.0007492398 -0.0004705758
-0.0007476398 0
-0.0007460398 -0.0004705758
-0.0007444398 -0.0004705758
-0.0007428398 -0.0002352879
-0.0007412398 0.0002352879
-0.0007396398 -0.0002352879
-0.0007380398 -0.0002352879
-0.0007364398 -0.0009411517
-0.0007348398 -0.0002352879
-0.0007332398 -0.0009411517
-0.0007316398 0.0004705758
-0.0007300398 0
-0.0007284398 -0.0007058638
-0.0007268398 -0.0004705758
-0.0007252398 -0.0002352879
-0.0007236398 -0.0002352879
-0.0007220398 -0.0007058638
-0.0007204398 -0.0007058638
-0.0007188398 -0.0004705758
-0.0007172398 -0.0004705758
-0.0007156398 -0.0004705758
-0.0007140398 -0.0002352879
-0.0007124398 0
-0.0007108398 -0.0004705758
-0.0007092398 -0.0004705758
-0.0007076398 0
-0.0007060398 -0.0002352879
-0.0007044398 -0.0004705758
-0.0007028398 -0.0002352879
-0.0007012398 -0.0004705758
-0.0006996398 -0.0007058638
-0.0006980398 -0.0002352879
-0.0006964398 0.0002352879
-0.0006948398 -0.0004705758
-0.0006932398 0
-0.0006916398 -0.0002352879
-0.0006900398 0
-0.0006884398 -0.0007058638
-0.0006868398 -0.0004705758
-0.0006852398 -0.0009411517
-0.0006836398 -0.0002352879
-0.0006820398 0.0002352879
-0.0006804398 -0.0004705758
-0.0006788398 0
-0.0006772398 -0.0004705758
-0.0006756398 -0.0002352879
-0.0006740398 -0.0002352879
-0.0006724398 -0.0004705758
-0.0006708398 0
-0.0006692398 0
-0.0006676398 0
-0.0006660398 -0.0004705758
-0.0006644398 -0.0004705758
-0.0006628398 0
-0.0006612398 -0.0004705758
-0.0006596398 -0.0009411517
-0.0006580398 -0.0002352879
-0.0006564398 -0.0004705758
-0.0006548398 -0.0007058638
-0.0006532398 -0.0007058638
-0.0006516398 -0.0004705758
-0.0006500398 -0.0002352879
-0.0006484398 -0.0004705758
-0.0006468398 -0.0002352879
-0.0006452398 -0.0002352879
-0.0006436398 -0.0004705758
-0.0006420398 0
-0.0006404398 -0.0004705758
-0.0006388398 0
-0.0006372398 0
-0.0006356398 -0.0002352879
-0.0006340398 -0.0002352879
-0.0006324398 -0.0004705758
-0.0006308398 -0.0002352879
-0.0006292398 0
-0.0006276398 -0.0007058638
-0.0006260398 -0.0002352879
-0.0006244398 -0.0007058638
-0.0006228398 0
-0.0006212398 -0.0002352879
-0.0006196398 0
-0.0006180398 -0.0002352879
-0.0006164398 0
-0.0006148398 0.0002352879
-0.0006132398 -0.0002352879
-0.0006116398 -0.0004705758
-0.0006100398 -0.0002352879
-0.0006084398 0.0002352879
-0.0006068398 -0.0002352879
-0.0006052398 0
-0.0006036398 0
-0.0006020398 -0.0002352879
-0.0006004398 -0.0002352879
-0.0005988398 -0.0007058638
-0.0005972398 -0.0002352879
-0.0005956398 -0.0002352879
-0.0005940398 -0.0004705758
-0.0005924398 0
-0.0005908398 -0.0004705758
-0.0005892398 -0.0007058638
-0.0005876398 0
-0.0005860398 -0.0002352879
-0.0005844398 -0.0004705758
-0.0005828398 -0.0004705758
-0.0005812398 -0.0007058638
-0.0005796398 -0.0004705758
-0.0005780398 -0.0004705758
-0.0005764398 -0.0002352879
-0.0005748398 -0.0002352879
-0.0005732398 -0.0004705758
-0.0005716398 -0.0002352879
-0.0005700398 -0.0002352879
-0.0005684398 -0.0007058638
-0.0005668398 -0.0004705758
-0.0005652398 -0.0007058638
-0.0005636398 0
-0.0005620398 -0.0002352879
-0.0005604398 -0.0007058638
-0.0005588398 -0.001411728
-0.0005572398 -0.0004705758
-0.0005556398 -0.0002352879
-0.0005540398 -0.0002352879
-0.0005524398 -0.0004705758
-0.0005508398 -0.0007058638
-0.0005492398 -0.0009411517
-0.0005476398 -0.0002352879
-0.0005460398 -0.0002352879
-0.0005444398 -0.0002352879
-0.0005428398 0
-0.0005412398 -0.0007058638
-0.0005396398 -0.0007058638
-0.0005380398 -0.0009411517
-0.0005364398 0
-0.0005348398 -0.0004705758
-0.0005332398 0.0002352879
-0.0005316398 -0.0002352879
-0.0005300398 -0.0009411517
-0.0005284398 0
-0.0005268398 -0.0007058638
-0.0005252398 -0.0007058638
-0.0005236398 -0.0004705758
-0.0005220398 -0.0007058638
-0.0005204398 -0.0007058638
-0.0005188398 -0.0004705758
-0.0005172398 -0.0007058638
-0.0005156398 -0.0004705758
-0.0005140398 -0.0007058638
-0.0005124398 -0.0007058638
-0.0005108398 -0.0002352879
-0.0005092398 -0.0004705758
-0.0005076398 -0.0004705758
-0.0005060398 -0.0007058638
-0.0005044398 -0.0002352879
-0.0005028398 -0.0007058638
-0.0005012398 -0.0004705758
-0.0004996398 -0.0002352879
-0.0004980398 -0.0004705758
-0.0004964398 -0.0004705758
-0.0004948398 0.0002352879
-0.0004932398 -0.00117644
-0.0004916398 -0.0004705758
-0.0004900398 -0.0002352879
-0.0004884398 -0.0007058638
-0.0004868398 -0.0004705758
-0.0004852398 -0.0002352879
-0.0004836398 -0.0002352879
-0.0004820398 0
-0.0004804398 -0.0002352879
-0.0004788398 -0.0002352879
-0.0004772398 -0.0004705758
-0.0004756398 0
-0.0004740398 -0.0002352879
-0.0004724398 -0.0004705758
-0.0004708398 -0.0004705758
-0.0004692398 -0.0004705758
-0.0004676398 0
-0.0004660398 -0.0004705758
-0.0004644398 -0.0009411517
-0.0004628398 -0.0004705758
-0.0004612398 -0.0004705758
-0.0004596398 -0.0002352879
-0.0004580398 -0.0002352879
-0.0004564398 -0.0007058638
-0.0004548398 -0.0007058638
-0.0004532398 -0.0004705758
-0.0004516398 -0.0004705758
-0.0004500398 -0.0002352879
-0.0004484398 -0.0004705758
-0.0004468398 -0.0004705758
-0.0004452398 -0.0007058638
-0.0004436398 -0.0004705758
-0.0004420398 -0.0002352879
-0.0004404398 -0.0004705758
-0.0004388398 -0.0004705758
-0.0004372398 -0.0004705758
-0.0004356398 -0.0009411517
-0.0004340398 0
-0.0004324398 -0.0002352879
-0.0004308398 -0.0004705758
-0.0004292398 -0.0007058638
-0.0004276398 -0.0007058638
-0.0004260398 -0.0007058638
-0.0004244398 -0.0002352879
-0.0004228398 -0.0009411517
-0.0004212398 -0.0004705758
-0.0004196398 -0.0007058638
-0.0004180398 -0.0002352879
-0.0004164398 -0.0007058638
-0.0004148398 0
-0.0004132398 -0.0009411517
-0.0004116398 -0.0002352879
-0.0004100398 -0.0007058638
-0.0004084398 0
-0.0004068398 -0.0009411517
-0.0004052398 -0.0002352879
-0.0004036398 0
-0.0004020398 -0.0002352879
-0.0004004398 -0.0004705758
-0.0003988398 0
-0.0003972398 -0.0007058638
-0.0003956398 0.0002352879
-0.0003940398 -0.0004705758
-0.0003924398 -0.0007058638
-0.0003908398 -0.0002352879
-0.0003892398 0
-0.0003876398 -0.0007058638
-0.0003860398 -0.0002352879
-0.0003844398 -0.0007058638
-0.0003828398 -0.0007058638
-0.0003812398 -0.0002352879
-0.0003796398 0
-0.0003780398 -0.0002352879
-0.0003764398 -0.0004705758
-0.0003748398 -0.0007058638
-0.0003732398 -0.0004705758
-0.0003716398 -0.0002352879
-0.0003700398 -0.0004705758
-0.0003684398 -0.0002352879
-0.0003668398 -0.0002352879
-0.0003652398 -0.00117644
-0.0003636398 -0.0002352879
-0.0003620398 -0.0007058638
-0.0003604398 -0.0004705758
-0.0003588398 -0.0007058638
-0.0003572398 -0.0004705758
-0.0003556398 0
-0.0003540398 -0.0004705758
-0.0003524398 -0.0009411517
-0.0003508398 -0.0004705758
-0.0003492398 -0.0004705758
-0.0003476398 -0.00117644
-0.0003460398 -0.0009411517
-0.0003444398 -0.0002352879
-0.0003428398 -0.00117644
-0.0003412398 -0.0004705758
-0.0003396398 -0.0004705758
-0.0003380398 -0.0002352879
-0.0003364398 -0.0002352879
-0.0003348398 -0.0007058638
-0.0003332398 -0.0007058638
-0.0003316398 -0.0004705758
-0.0003300398 -0.0002352879
-0.0003284398 -0.0007058638
-0.0003268398 -0.0002352879
-0.0003252398 -0.0007058638
-0.0003236398 -0.0002352879
-0.0003220398 -0.0004705758
-0.0003204398 -0.0002352879
-0.0003188398 -0.0002352879
-0.0003172398 -0.0009411517
-0.0003156398 -0.0002352879
-0.0003140398 0
-0.0003124398 -0.0007058638
-0.0003108398 -0.0002352879
-0.0003092398 -0.0007058638
-0.0003076398 -0.0007058638
-0.0003060398 -0.0007058638
-0.0003044398 -0.0002352879
-0.0003028398 -0.0004705758
-0.0003012398 -0.0002352879
-0.0002996398 -0.0004705758
-0.0002980398 -0.0002352879
-0.0002964398 -0.0004705758
-0.0002948398 -0.0002352879
-0.0002932398 -0.0007058638
-0.0002916398 -0.001647015
-0.0002900398 0
-0.0002884398 -0.0004705758
-0.0002868398 -0.0004705758
-0.0002852398 0.0002352879
-0.0002836398 -0.0002352879
-0.0002820398 0
-0.0002804398 -0.0007058638
-0.0002788398 -0.0004705758
-0.0002772398 -0.0009411517
-0.0002756398 -0.0007058638
-0.0002740398 -0.0007058638
-0.0002724398 -0.0004705758
-0.0002708398 -0.0002352879
-0.0002692398 -0.00117644
-0.0002676398 -0.0002352879
-0.0002660398 -0.0002352879
-0.0002644398 -0.0004705758
-0.0002628398 -0.0007058638
-0.0002612398 -0.0007058638
-0.0002596398 -0.0004705758
-0.0002580398 -0.0004705758
-0.0002564398 -0.0004705758
-0.0002548398 -0.0002352879
-0.0002532398 -0.0009411517
-0.0002516398 -0.0002352879
-0.0002500398 -0.0004705758
-0.0002484398 -0.0002352879
-0.0002468398 -0.0007058638
-0.0002452398 0
-0.0002436398 -0.0004705758
-0.0002420398 0.0002352879
-0.0002404398 -0.0002352879
-0.0002388398 -0.0002352879
-0.0002372398 -0.0002352879
-0.0002356398 -0.0002352879
-0.0002340398 -0.0004705758
-0.0002324398 -0.0009411517
-0.0002308398 -0.0007058638
-0.0002292398 -0.0004705758
-0.0002276398 -0.0004705758
-0.0002260398 -0.0002352879
-0.0002244398 -0.0007058638
-0.0002228398 -0.0004705758
-0.0002212398 -0.001647015
-0.0002196398 -0.0004705758
-0.0002180398 -0.0007058638
-0.0002164398 -0.0004705758
-0.0002148398 -0.0007058638
-0.0002132398 -0.0004705758
-0.0002116398 -0.0009411517
-0.0002100398 -0.0002352879
-0.0002084398 -0.0004705758
-0.0002068398 -0.0004705758
-0.0002052398 -0.0002352879
-0.0002036398 -0.0007058638
-0.0002020398 -0.0002352879
-0.0002004398 -0.0004705758
-0.0001988398 -0.0007058638
-0.0001972398 -0.0002352879
-0.0001956398 -0.0007058638
-0.0001940398 -0.0004705758
-0.0001924398 -0.0004705758
-0.0001908398 -0.0004705758
-0.0001892398 -0.0009411517
-0.0001876398 -0.0007058638
-0.0001860398 -0.0004705758
-0.0001844398 -0.0004705758
-0.0001828398 -0.0004705758
-0.0001812398 -0.0004705758
-0.0001796398 -0.0007058638
-0.0001780398 -0.0002352879
-0.0001764398 -0.0004705758
-0.0001748398 -0.0004705758
-0.0001732398 -0.0004705758
-0.0001716398 -0.0002352879
-0.0001700398 0
-0.0001684398 -0.0004705758
-0.0001668398 -0.0002352879
-0.0001652398 -0.0004705758
-0.0001636398 -0.0004705758
-0.0001620398 -0.0004705758
-0.0001604398 -0.0009411517
-0.0001588398 -0.0007058638
-0.0001572398 -0.0004705758
-0.0001556398 -0.0004705758
-0.0001540398 -0.0002352879
-0.0001524398 -0.0004705758
-0.0001508398 0.0002352879
-0.0001492398 0
-0.0001476398 -0.0002352879
-0.0001460398 -0.0007058638
-0.0001444398 -0.0004705758
-0.0001428398 0
-0.0001412398 -0.001411728
-0.0001396398 -0.0002352879
-0.0001380398 -0.0009411517
-0.0001364398 -0.0004705758
-0.0001348398 -0.0007058638
-0.0001332398 -0.0002352879
-0.0001316398 -0.0004705758
-0.0001300398 0
-0.0001284398 -0.0002352879
-0.0001268398 -0.0002352879
-0.0001252398 0
-0.0001236398 -0.0004705758
-0.0001220398 -0.0002352879
-0.0001204398 -0.0007058638
-0.0001188398 -0.0007058638
-0.0001172398 -0.0002352879
-0.0001156398 -0.0007058638
-0.0001140398 -0.0009411517
-0.0001124398 -0.0004705758
-0.0001108398 -0.0004705758
-0.0001092398 -0.00117644
-0.0001076398 -0.0007058638
-0.0001060398 0
-0.0001044398 -0.0002352879
-0.0001028398 -0.0007058638
-0.0001012398 -0.0007058638
-9.96398e-005 -0.0007058638
-9.80398e-005 -0.0004705758
-9.64398e-005 -0.0004705758
-9.48398e-005 -0.0002352879
-9.32398e-005 -0.0009411517
-9.16398e-005 0
-9.00398e-005 -0.00117644
-8.84398e-005 -0.0007058638
-8.68398e-005 -0.0007058638
-8.52398e-005 -0.0004705758
-8.36398e-005 -0.0004705758
-8.20398e-005 -0.001411728
-8.04398e-005 -0.001647015
-7.88398e-005 -0.0007058638
-7.72398e-005 -0.0009411517
-7.56398e-005 -0.0009411517
-7.40398e-005 -0.001411728
-7.24398e-005 -0.00117644
-7.08398e-005 -0.0009411517
-6.92398e-005 -0.0007058638
-6.76398e-005 -0.001411728
-6.60398e-005 -0.001882303
-6.44398e-005 -0.002117591
-6.28398e-005 -0.003058743
-6.12398e-005 -0.003058743
-5.96398e-005 -0.003294031
-5.80398e-005 -0.003294031
-5.64398e-005 -0.003999895
-5.48398e-005 -0.004235183
-5.32398e-005 -0.004705758
-5.16398e-005 -0.005411622
-5.00398e-005 -0.007764501
-4.84398e-005 -0.009176229
-4.68398e-005 -0.01152911
-4.52398e-005 -0.0136467
-4.36398e-005 -0.01717602
-4.20398e-005 -0.02117591
-4.04398e-005 -0.02776397
-3.88398e-005 -0.03623434
-3.72398e-005 -0.04776345
-3.56398e-005 -0.05717496
-3.40398e-005 -0.06846878
-3.24398e-005 -0.08140962
-3.08398e-005 -0.09317402
-2.92398e-005 -0.09482103
-2.76398e-005 -0.09882093
-2.60398e-005 -0.105409
-2.44398e-005 -0.108703
-2.28398e-005 -0.11035
-2.12398e-005 -0.1127029
-1.96398e-005 -0.1138794
-1.80398e-005 -0.1110559
-1.64398e-005 -0.108703
-1.48398e-005 -0.1065854
-1.32398e-005 -0.1009385
-1.16398e-005 -0.09011527
-1.00398e-005 -0.075998
-8.4398e-006 -0.05788083
-6.8398e-006 -0.03858722
-5.2398e-006 -0.02517581
-3.6398e-006 -0.01458785
-2.0398e-006 -0.007764501
-4.398e-007 -0.002823455
1.1602e-006 0.002117591
2.7602e-006 0.00682335
4.3602e-006 0.008470365
5.9602e-006 0.008705653
7.5602e-006 0.007999789
9.1602e-006 0.009176229
1.07602e-005 0.009411517
1.23602e-005 0.007999789
1.39602e-005 0.004705758
1.55602e-005 0.001411728
1.71602e-005 0.0002352879
1.87602e-005 -0.002352879
2.03602e-005 -0.003294031
2.19602e-005 -0.004235183
2.35602e-005 -0.009646805
2.51602e-005 -0.01294084
2.67602e-005 -0.01482314
2.83602e-005 -0.01623487
2.99602e-005 -0.01647015
3.15602e-005 -0.01482314
3.31602e-005 -0.01505843
3.47602e-005 -0.01247026
3.63602e-005 -0.01011738
3.79602e-005 -0.008470365
3.95602e-005 -0.008470365
4.11602e-005 -0.009176229
4.27602e-005 -0.0117644
4.43602e-005 -0.01388199
4.59602e-005 -0.01694073
4.75602e-005 -0.01999947
4.91602e-005 -0.02376408
5.07602e-005 -0.02588167
5.23602e-005 -0.02776397
5.39602e-005 -0.02799926
5.55602e-005 -0.02705811
5.71602e-005 -0.02564638
5.87602e-005 -0.02611696
6.03602e-005 -0.02517581
6.19602e-005 -0.02423466
6.35602e-005 -0.0232935
6.51602e-005 -0.0232935
6.67602e-005 -0.02188178
6.83602e-005 -0.02282293
6.99602e-005 -0.02282293
7.15602e-005 -0.02352879
7.31602e-005 -0.02211706
7.47602e-005 -0.02211706
7.63602e-005 -0.02211706
7.79602e-005 -0.02305822
7.95602e-005 -0.0232935
8.11602e-005 -0.02399937
8.27602e-005 -0.02588167
8.43602e-005 -0.02776397
8.59602e-005 -0.02776397
8.75602e-005 -0.02894041
8.91602e-005 -0.02988157
9.07602e-005 -0.03129329
9.23602e-005 -0.03199916
9.39602e-005 -0.03388146
9.55602e-005 -0.03623434
9.71602e-005 -0.03835193
9.87602e-005 -0.03811664
0.0001003602 -0.03811664
0.0001019602 -0.03741078
0.0001035602 -0.03623434
0.0001051602 -0.03270502
0.0001067602 -0.03082272
0.0001083602 -0.02894041
0.0001099602 -0.02588167
0.0001115602 -0.02588167
0.0001131602 -0.02494052
0.0001147602 -0.02399937
0.0001163602 -0.02423466
0.0001179602 -0.02305822
0.0001195602 -0.02117591
0.0001211602 -0.01999947
0.0001227602 -0.01858775
0.0001243602 -0.01835246
0.0001259602 -0.01764659
0.0001275602 -0.01788188
0.0001291602 -0.01882303
0.0001307602 -0.01929361
0.0001323602 -0.01976419
0.0001339602 -0.01811717
0.0001355602 -0.01741131
0.0001371602 -0.01694073
0.0001387602 -0.01599958
0.0001403602 -0.01576429
0.0001419602 -0.01458785
0.0001435602 -0.01294084
0.0001451602 -0.01270555
0.0001467602 -0.01294084
0.0001483602 -0.0136467
0.0001499602 -0.01341141
0.0001515602 -0.01247026
0.0001531602 -0.01129382
0.0001547602 -0.01105853
0.0001563602 -0.01105853
0.0001579602 -0.01105853
0.0001595602 -0.01082324
0.0001611602 -0.01058796
0.0001627602 -0.01058796
0.0001643602 -0.0117644
0.0001659602 -0.01270555
0.0001675602 -0.01411728
0.0001691602 -0.01458785
0.0001707602 -0.01458785
0.0001723602 -0.01341141
0.0001739602 -0.01247026
0.0001755602 -0.01270555
0.0001771602 -0.01223497
0.0001787602 -0.01035267
0.0001803602 -0.008940941
0.0001819602 -0.008235077
0.0001835602 -0.008705653
0.0001851602 -0.008705653
0.0001867602 -0.01011738
0.0001883602 -0.009411517
0.0001899602 -0.01035267
0.0001915602 -0.01082324
0.0001931602 -0.01270555
0.0001947602 -0.01482314
0.0001963602 -0.01623487
0.0001979602 -0.01576429
0.0001995602 -0.01647015
0.0002011602 -0.01717602
0.0002027602 -0.01858775
0.0002043602 -0.01999947
0.0002059602 -0.0214112
0.0002075602 -0.02188178
0.0002091602 -0.02258764
0.0002107602 -0.02282293
0.0002123602 -0.02399937
0.0002139602 -0.02399937
0.0002155602 -0.02376408
0.0002171602 -0.02164649
0.0002187602 -0.02117591
0.0002203602 -0.01905832
0.0002219602 -0.01835246
0.0002235602 -0.01741131
0.0002251602 -0.01694073
0.0002267602 -0.01599958
0.0002283602 -0.01482314
0.0002299602 -0.01294084
0.0002315602 -0.01129382
0.0002331602 -0.009176229
0.0002347602 -0.00682335
0.0002363602 -0.003999895
0.0002379602 -0.002823455
0.0002395602 -0.002117591
0.0002411602 -0.00117644
0.0002427602 -0.0002352879
0.0002443602 0.0007058638
0.0002459602 0.0007058638
0.0002475602 0
0.0002491602 0.0004705758
0.0002507602 -0.0004705758
0.0002523602 -0.001411728
0.0002539602 -0.001882303
0.0002555602 -0.002823455
0.0002571602 -0.003294031
0.0002587602 -0.00447047
0.0002603602 -0.005411622
0.0002619602 -0.006117486
0.0002635602 -0.008470365
0.0002651602 -0.009646805
0.0002667602 -0.0117644
0.0002683602 -0.01270555
0.0002699602 -0.01411728
0.0002715602 -0.01317612
0.0002731602 -0.0136467
0.0002747602 -0.01270555
0.0002763602 -0.01247026
0.0002779602 -0.01082324
0.0002795602 -0.009882093
0.0002811602 -0.009646805
0.0002827602 -0.009882093
0.0002843602 -0.01011738
0.0002859602 -0.01129382
0.0002875602 -0.0117644
0.0002891602 -0.01270555
0.0002907602 -0.01317612
0.0002923602 -0.01411728
0.0002939602 -0.01411728
0.0002955602 -0.01482314
0.0002971602 -0.01529371
0.0002987602 -0.01529371
0.0003003602 -0.015529
0.0003019602 -0.01599958
0.0003035602 -0.01505843
0.0003051602 -0.01576429
0.0003067602 -0.01599958
0.0003083602 -0.01623487
0.0003099602 -0.015529
0.0003115602 -0.01599958
0.0003131602 -0.01529371
0.0003147602 -0.01411728
0.0003163602 -0.01223497
0.0003179602 -0.01129382
0.0003195602 -0.009646805
0.0003211602 -0.008235077
0.0003227602 -0.006588062
0.0003243602 -0.004941046
0.0003259602 -0.00447047
0.0003275602 -0.004235183
0.0003291602 -0.003999895
0.0003307602 -0.004235183
0.0003323602 -0.004235183
0.0003339602 -0.004941046
0.0003355602 -0.006117486
0.0003371602 -0.007058638
0.0003387602 -0.008470365
0.0003403602 -0.008940941
0.0003419602 -0.008470365
0.0003435602 -0.008470365
0.0003451602 -0.008705653
0.0003467602 -0.009411517
0.0003483602 -0.008235077
0.0003499602 -0.008470365
0.0003515602 -0.007999789
0.0003531602 -0.008235077
0.0003547602 -0.007529213
0.0003563602 -0.00682335
0.0003579602 -0.006117486
0.0003595602 -0.006117486
0.0003611602 -0.004235183
0.0003627602 -0.003529319
0.0003643602 -0.001411728
0.0003659602 -0.001411728
0.0003675602 -0.0002352879
0.0003691602 0.001411728
0.0003707602 0.001882303
0.0003723602 0.003294031
0.0003739602 0.003529319
0.0003755602 0.00447047
0.0003771602 0.005176334
0.0003787602 0.005411622
0.0003803602 0.006352774
0.0003819602 0.006588062
0.0003835602 0.005411622
0.0003851602 0.005882198
0.0003867602 0.004941046
0.0003883602 0.004235183
0.0003899602 0.003529319
0.0003915602 0.002823455
0.0003931602 0.001647015
0.0003947602 0.001411728
0.0003963602 0.0004705758
0.0003979602 0
0.0003995602 -0.001647015
0.0004011602 -0.002117591
0.0004027602 -0.003058743
0.0004043602 -0.003999895
0.0004059602 -0.004235183
0.0004075602 -0.005176334
0.0004091602 -0.005411622
0.0004107602 -0.005411622
0.0004123602 -0.005176334
0.0004139602 -0.004705758
0.0004155602 -0.004941046
0.0004171602 -0.004235183
0.0004187602 -0.003294031
0.0004203602 -0.002588167
0.0004219602 -0.001411728
0.0004235602 -0.0002352879
0.0004251602 0.0004705758
0.0004267602 0.0009411517
0.0004283602 0.00117644
0.0004299602 0.003294031
0.0004315602 0.003999895
0.0004331602 0.005411622
0.0004347602 0.007058638
0.0004363602 0.008940941
0.0004379602 0.01129382
0.0004395602 0.01341141
0.0004411602 0.01623487
0.0004427602 0.01835246
0.0004443602 0.01976419
0.0004459602 0.02047005
0.0004475602 0.0214112
0.0004491602 0.02188178
0.0004507602 0.02258764
0.0004523602 0.02282293
0.0004539602 0.02305822
0.0004555602 0.02446994
0.0004571602 0.02517581
0.0004587602 0.02635225
0.0004603602 0.02635225
0.0004619602 0.02611696
0.0004635602 0.02611696
0.0004651602 0.0254111
0.0004667602 0.02446994
0.0004683602 0.02376408
0.0004699602 0.02282293
0.0004715602 0.02164649
0.0004731602 0.02188178
0.0004747602 0.02094062
0.0004763602 0.0214112
0.0004779602 0.02070534
0.0004795602 0.02047005
0.0004811602 0.02047005
0.0004827602 0.01976419
0.0004843602 0.01882303
0.0004859602 0.01858775
0.0004875602 0.01835246
0.0004891602 0.01788188
0.0004907602 0.01811717
0.0004923602 0.01811717
0.0004939602 0.01788188
0.0004955602 0.01835246
0.0004971602 0.01882303
0.0004987602 0.01929361
0.0005003602 0.01929361
0.0005019602 0.0195289
0.0005035602 0.01882303
0.0005051602 0.01858775
0.0005067602 0.01764659
0.0005083602 0.01717602
0.0005099602 0.01811717
0.0005115602 0.01576429
0.0005131602 0.01599958
0.0005147602 0.01505843
0.0005163602 0.01505843
0.0005179602 0.01388199
0.0005195602 0.01341141
0.0005211602 0.01223497
0.0005227602 0.01247026
0.0005243602 0.01129382
0.0005259602 0.01082324
0.0005275602 0.01105853
0.0005291602 0.01082324
0.0005307602 0.01105853
0.0005323602 0.0117644
0.0005339602 0.01223497
0.0005355602 0.01270555
0.0005371602 0.01247026
0.0005387602 0.01341141
0.0005403602 0.01388199
0.0005419602 0.01341141
0.0005435602 0.01388199
0.0005451602 0.01435256
0.0005467602 0.01435256
0.0005483602 0.01505843
0.0005499602 0.01576429
0.0005515602 0.01694073
0.0005531602 0.01694073
0.0005547602 0.01670544
0.0005563602 0.01741131
0.0005579602 0.01670544
0.0005595602 0.01694073
0.0005611602 0.01647015
0.0005627602 0.01647015
0.0005643602 0.01670544
0.0005659602 0.01717602
0.0005675602 0.01647015
0.0005691602 0.01623487
0.0005707602 0.01741131
0.0005723602 0.01741131
0.0005739602 0.01717602
0.0005755602 0.01835246
0.0005771602 0.01835246
0.0005787602 0.01788188
0.0005803602 0.01788188
0.0005819602 0.01741131
0.0005835602 0.01670544
0.0005851602 0.01647015
0.0005867602 0.01599958
0.0005883602 0.01623487
0.0005899602 0.01505843
0.0005915602 0.01505843
0.0005931602 0.0136467
0.0005947602 0.01388199
0.0005963602 0.01317612
0.0005979602 0.01294084
0.0005995602 0.01223497
0.0006011602 0.01223497
0.0006027602 0.01223497
0.0006043602 0.01152911
0.0006059602 0.0117644
0.0006075602 0.0117644
0.0006091602 0.0117644
0.0006107602 0.01247026
0.0006123602 0.01317612
0.0006139602 0.01341141
0.0006155602 0.01388199
0.0006171602 0.01411728
0.0006187602 0.01529371
0.0006203602 0.01599958
0.0006219602 0.01717602
0.0006235602 0.01741131
0.0006251602 0.01741131
0.0006267602 0.01741131
0.0006283602 0.01717602
0.0006299602 0.01717602
0.0006315602 0.01764659
0.0006331602 0.01670544
0.0006347602 0.01599958
0.0006363602 0.01411728
0.0006379602 0.01411728
0.0006395602 0.01341141
0.0006411602 0.0136467
0.0006427602 0.0136467
0.0006443602 0.01223497
0.0006459602 0.01129382
0.0006475602 0.01058796
0.0006491602 0.01058796
0.0006507602 0.01129382
0.0006523602 0.01199968
0.0006539602 0.0117644
0.0006555602 0.01317612
0.0006571602 0.01388199
0.0006587602 0.01435256
0.0006603602 0.01576429
0.0006619602 0.01717602
0.0006635602 0.01764659
0.0006651602 0.01929361
0.0006667602 0.01999947
0.0006683602 0.02117591
0.0006699602 0.02211706
0.0006715602 0.02258764
0.0006731602 0.0232935
0.0006747602 0.02282293
0.0006763602 0.02352879
0.0006779602 0.02305822
0.0006795602 0.0232935
0.0006811602 0.02305822
0.0006827602 0.02305822
0.0006843602 0.02258764
0.0006859602 0.0232935
0.0006875602 0.02282293
0.0006891602 0.02352879
0.0006907602 0.0232935
0.0006923602 0.02282293
0.0006939602 0.02258764
0.0006955602 0.02258764
0.0006971602 0.02164649
0.0006987602 0.02047005
0.0007003602 0.02094062
0.0007019602 0.01999947
0.0007035602 0.0195289
0.0007051602 0.01905832
0.0007067602 0.0195289
0.0007083602 0.0195289
0.0007099602 0.01882303
0.0007115602 0.01858775
0.0007131602 0.01811717
0.0007147602 0.01811717
0.0007163602 0.01717602
0.0007179602 0.01670544
0.0007195602 0.01576429
0.0007211602 0.01505843
0.0007227602 0.01482314
0.0007243602 0.01388199
0.0007259602 0.01294084
0.0007275602 0.0136467
0.0007291602 0.01388199
0.0007307602 0.01458785
0.0007323602 0.01529371
0.0007339602 0.01623487
0.0007355602 0.01670544
0.0007371602 0.01741131
0.0007387602 0.01858775
0.0007403602 0.01976419
0.0007419602 0.02023476
0.0007435602 0.02117591
0.0007451602 0.02188178
0.0007467602 0.02258764
0.0007483602 0.02352879
0.0007499602 0.0232935
0.0007515602 0.02423466
0.0007531602 0.02494052
0.0007547602 0.02446994
0.0007563602 0.02470523
0.0007579602 0.02494052
0.0007595602 0.02470523
0.0007611602 0.02376408
0.0007627602 0.02423466
0.0007643602 0.02305822
0.0007659602 0.02282293
0.0007675602 0.02305822
0.0007691602 0.02211706
0.0007707602 0.02188178
0.0007723602 0.02047005
0.0007739602 0.01999947
0.0007755602 0.01999947
0.0007771602 0.01905832
0.0007787602 0.01929361
0.0007803602 0.01835246
0.0007819602 0.01858775
0.0007835602 0.01882303
0.0007851602 0.01858775
0.0007867602 0.01905832
0.0007883602 0.0195289
0.0007899602 0.0195289
0.0007915602 0.01905832
0.0007931602 0.01999947
0.0007947602 0.02023476
0.0007963602 0.02047005
0.0007979602 0.02047005
0.0007995602 0.02047005
0.0008011602 0.02047005
0.0008027602 0.02094062
0.0008043602 0.02047005
0.0008059602 0.02070534
0.0008075602 0.02047005
0.0008091602 0.02047005
0.0008107602 0.01976419
0.0008123602 0.01905832
0.0008139602 0.01858775
0.0008155602 0.01764659
0.0008171602 0.01670544
0.0008187602 0.01670544
0.0008203602 0.01599958
0.0008219602 0.015529
0.0008235602 0.01458785
0.0008251602 0.01458785
0.0008267602 0.01411728
0.0008283602 0.01482314
0.0008299602 0.01411728
0.0008315602 0.01388199
0.0008331602 0.0136467
0.0008347602 0.01388199
0.0008363602 0.01411728
0.0008379602 0.01435256
0.0008395602 0.01435256
0.0008411602 0.01505843
0.0008427602 0.01529371
0.0008443602 0.01599958
0.0008459602 0.01599958
0.0008475602 0.01576429
0.0008491602 0.01576429
0.0008507602 0.015529
0.0008523602 0.01482314
0.0008539602 0.01458785
0.0008555602 0.01388199
0.0008571602 0.01411728
0.0008587602 0.01388199
0.0008603602 0.01482314
0.0008619602 0.01458785
0.0008635602 0.01482314
0.0008651602 0.01505843
0.0008667602 0.015529
0.0008683602 0.01670544
0.0008699602 0.01670544
0.0008715602 0.01717602
0.0008731602 0.01694073
0.0008747602 0.01670544
0.0008763602 0.01623487
0.0008779602 0.01694073
0.0008795602 0.01576429
0.0008811602 0.01647015
0.0008827602 0.01576429
0.0008843602 0.01599958
0.0008859602 0.01623487
0.0008875602 0.015529
0.0008891602 0.015529
0.0008907602 0.01623487
0.0008923602 0.01670544
0.0008939602 0.01599958
0.0008955602 0.01576429
0.0008971602 0.01599958
0.0008987602 0.01623487
0.0009003602 0.01599958
0.0009019602 0.01599958
0.0009035602 0.01599958
0.0009051602 0.01529371
0.0009067602 0.015529
0.0009083602 0.015529
0.0009099602 0.01529371
0.0009115602 0.01529371
0.0009131602 0.01482314
0.0009147602 0.01411728
0.0009163602 0.01341141
0.0009179602 0.01317612
0.0009195602 0.01270555
0.0009211602 0.01199968
0.0009227602 0.01129382
0.0009243602 0.01011738
0.0009259602 0.01011738
0.0009275602 0.009411517
0.0009291602 0.008940941
0.0009307602 0.007999789
0.0009323602 0.007529213
0.0009339602 0.006352774
0.0009355602 0.005882198
0.0009371602 0.00564691
0.0009387602 0.004941046
0.0009403602 0.004235183
0.0009419602 0.003294031
0.0009435602 0.001647015
0.0009451602 0.00117644
0.0009467602 0.0002352879
0.0009483602 -0.0007058638
0.0009499602 -0.00117644
0.0009515602 -0.002352879
0.0009531602 -0.002823455
0.0009547602 -0.003294031
0.0009563602 -0.003294031
0.0009579602 -0.003058743
0.0009595602 -0.003058743
0.0009611602 -0.003058743
0.0009627602 -0.002823455
0.0009643602 -0.001647015
0.0009659602 -0.0004705758
0.0009675602 0.00117644
0.0009691602 0.002117591
0.0009707602 0.003764607
0.0009723602 0.004705758
0.0009739602 0.004941046
0.0009755602 0.006117486
0.0009771602 0.007293925
0.0009787602 0.007999789
0.0009803602 0.008470365
0.0009819602 0.008940941
0.0009835602 0.009411517
0.0009851602 0.009882093
0.0009867602 0.01058796
0.0009883602 0.01129382
0.0009899602 0.01082324
0.0009915602 0.01082324
0.0009931602 0.01082324
0.0009947602 0.01035267
0.0009963602 0.01082324
0.0009979602 0.01035267
0.0009995602 0.01058796
0.00100116 0.009646805
0.00100276 0.01035267
0.00100436 0.01011738
0.00100596 0.009882093
0.00100756 0.01011738
0.00100916 0.009882093
0.00101076 0.008940941
0.00101236 0.008705653
0.00101396 0.007999789
0.00101556 0.007293925
0.00101716 0.007293925
0.00101876 0.006352774
0.00102036 0.006117486
0.00102196 0.005176334
0.00102356 0.004705758
0.00102516 0.004235183
0.00102676 0.003764607
0.00102836 0.003294031
0.00102996 0.002823455
0.00103156 0.002352879
0.00103316 0.00117644
0.00103476 0.0009411517
0.00103636 0.001411728
0.00103796 0.00117644
0.00103956 0.0007058638
0.00104116 0.0004705758
0.00104276 -0.0004705758
0.00104436 -0.0009411517
0.00104596 -0.001411728
0.00104756 -0.001647015
0.00104916 -0.002588167
0.00105076 -0.002588167
0.00105236 -0.003529319
0.00105396 -0.003764607
0.00105556 -0.003999895
0.00105716 -0.004705758
0.00105876 -0.004941046
0.00106036 -0.005176334
0.00106196 -0.005176334
0.00106356 -0.006352774
0.00106516 -0.005882198
0.00106676 -0.006117486
0.00106836 -0.006588062
0.00106996 -0.00682335
0.00107156 -0.007058638
0.00107316 -0.00682335
0.00107476 -0.007058638
0.00107636 -0.006352774
0.00107796 -0.006352774
0.00107956 -0.005882198
0.00108116 -0.00564691
0.00108276 -0.006117486
0.00108436 -0.005882198
0.00108596 -0.004705758
0.00108756 -0.005411622
0.00108916 -0.005176334
0.00109076 -0.004235183
0.00109236 -0.00447047
0.00109396 -0.003764607
0.00109556 -0.003764607
0.00109716 -0.003294031
0.00109876 -0.003058743
0.00110036 -0.002588167
0.00110196 -0.002117591
0.00110356 -0.002117591
0.00110516 -0.001411728
0.00110676 -0.00117644
0.00110836 -0.001411728
0.00110996 -0.001647015
0.00111156 -0.0004705758
0.00111316 -0.0004705758
0.00111476 0.0002352879
0.00111636 0.0002352879
0.00111796 0.0002352879
0.00111956 0.0002352879
0.00112116 0.0009411517
0.00112276 0.0009411517
0.00112436 0.001411728
0.00112596 0.001411728
0.00112756 0.002117591
0.00112916 0.001411728
0.00113076 0.002352879
0.00113236 0.001882303
0.00113396 0.002352879
0.00113556 0.002117591
0.00113716 0.001882303
0.00113876 0.00117644
0.00114036 0.00117644
0.00114196 0.001647015
0.00114356 0.0004705758
0.00114516 -0.0004705758
0.00114676 -0.00117644
0.00114836 -0.001411728
0.00114996 -0.002588167
0.00115156 -0.002823455
0.00115316 -0.003764607
0.00115476 -0.003999895
0.00115636 -0.004941046
0.00115796 -0.00564691
0.00115956 -0.006352774
0.00116116 -0.006352774
0.00116276 -0.007058638
0.00116436 -0.007293925
0.00116596 -0.006588062
0.00116756 -0.006352774
0.00116916 -0.006117486
0.00117076 -0.005176334
0.00117236 -0.004235183
0.00117396 -0.003999895
0.00117556 -0.002823455
0.00117716 -0.002117591
0.00117876 -0.001411728
0.00118036 -0.0007058638
0.00118196 -0.0002352879
0.00118356 0.0002352879
0.00118516 0.0004705758
0.00118676 0.0004705758
0.00118836 0.00117644
0.00118996 0.0007058638
0.00119156 0.001411728
0.00119316 0.0009411517
0.00119476 0.001411728
0.00119636 0.0009411517
0.00119796 0.001411728
0.00119956 0.0004705758
0.00120116 0.0007058638
0.00120276 0.0002352879
0.00120436 0.0002352879
0.00120596 -0.0002352879
0.00120756 -0.0004705758
0.00120916 -0.0004705758
0.00121076 -0.0002352879
0.00121236 0.0002352879
0.00121396 0
0.00121556 -0.0002352879
0.00121716 -0.0004705758
0.00121876 -0.0009411517
0.00122036 -0.00117644
0.00122196 -0.001647015
0.00122356 -0.001411728
0.00122516 -0.002352879
0.00122676 -0.002352879
0.00122836 -0.003294031
0.00122996 -0.003529319
0.00123156 -0.003529319
0.00123316 -0.003294031
0.00123476 -0.003529319
0.00123636 -0.003529319
0.00123796 -0.003529319
0.00123956 -0.003294031
0.00124116 -0.003058743
0.00124276 -0.002588167
0.00124436 -0.002117591
0.00124596 -0.002352879
0.00124756 -0.001411728
0.00124916 -0.0004705758
0.00125076 -0.0007058638
0.00125236 -0.0002352879
0.00125396 0
0.00125556 0.0004705758
0.00125716 0.0002352879
0.00125876 0.0007058638
0.00126036 0.00117644
0.00126196 0.0009411517
0.00126356 0.00117644
0.00126516 0.001647015
0.00126676 0.00117644
0.00126836 0.001411728
0.00126996 0.00117644
0.00127156 0.0009411517
0.00127316 0.00117644
0.00127476 0.0009411517
0.00127636 0.0002352879
0.00127796 0.0004705758
0.00127956 0.0002352879
0.00128116 0
0.00128276 -0.00117644
0.00128436 -0.0007058638
0.00128596 -0.0007058638
0.00128756 -0.0007058638
0.00128916 -0.001411728
0.00129076 -0.001882303
0.00129236 -0.002117591
0.00129396 -0.002352879
0.00129556 -0.002588167
0.00129716 -0.003058743
0.00129876 -0.003294031
0.00130036 -0.003294031
0.00130196 -0.003999895
0.00130356 -0.003999895
0.00130516 -0.004705758
0.00130676 -0.004235183
0.00130836 -0.004705758
0.00130996 -0.00447047
0.00131156 -0.004235183
0.00131316 -0.004705758
0.00131476 -0.004235183
0.00131636 -0.00447047
0.00131796 -0.004235183
0.00131956 -0.00447047
0.00132116 -0.003999895
0.00132276 -0.00447047
0.00132436 -0.00447047
0.00132596 -0.003764607
0.00132756 -0.004235183
0.00132916 -0.003529319
0.00133076 -0.003999895
0.00133236 -0.003529319
0.00133396 -0.003764607
0.00133556 -0.003058743
0.00133716 -0.003529319
0.00133876 -0.003058743
0.00134036 -0.003058743
0.00134196 -0.002352879
0.00134356 -0.003058743
0.00134516 -0.002588167
0.00134676 -0.002117591
0.00134836 -0.001647015
0.00134996 -0.001411728
0.00135156 -0.0004705758
0.00135316 -0.0002352879
0.00135476 0
0.00135636 0.0002352879
0.00135796 0.0002352879
0.00135956 0
0.00136116 0.0002352879
0.00136276 -0.0002352879
0.00136436 0
0.00136596 -0.0004705758
0.00136756 -0.0009411517
0.00136916 -0.001882303
0.00137076 -0.002352879
0.00137236 -0.003294031
0.00137396 -0.003294031
0.00137556 -0.00447047
0.00137716 -0.00564691
0.00137876 -0.005882198
0.00138036 -0.006588062
0.00138196 -0.006588062
0.00138356 -0.007293925
0.00138516 -0.007764501
0.00138676 -0.008470365
0.00138836 -0.008235077
0.00138996 -0.007999789
0.00139156 -0.007764501
0.00139316 -0.008705653
0.00139476 -0.008235077
0.00139636 -0.008470365
0.00139796 -0.007999789
0.00139956 -0.008705653
0.00140116 -0.008470365
0.00140276 -0.008940941
0.00140436 -0.008470365
0.00140596 -0.008940941
0.00140756 -0.008470365
0.00140916 -0.008235077
0.00141076 -0.008705653
0.00141236 -0.009411517
0.00141396 -0.009646805
0.00141556 -0.009646805
0.00141716 -0.009882093
0.00141876 -0.01058796
0.00142036 -0.01011738
0.00142196 -0.01058796
0.00142356 -0.01082324
0.00142516 -0.0117644
0.00142676 -0.01105853
0.00142836 -0.01152911
0.00142996 -0.01058796
0.00143156 -0.01152911
0.00143316 -0.01058796
0.00143476 -0.01152911
0.00143636 -0.01058796
0.00143796 -0.01082324
0.00143956 -0.01058796
0.00144116 -0.01035267
0.00144276 -0.01011738
0.00144436 -0.01058796
0.00144596 -0.009176229
0.00144756 -0.01011738
0.00144916 -0.009646805
0.00145076 -0.009646805
0.00145236 -0.009176229
0.00145396 -0.009411517
0.00145556 -0.009176229
0.00145716 -0.008940941
0.00145876 -0.008940941
0.00146036 -0.009646805
0.00146196 -0.009411517
0.00146356 -0.009646805
0.00146516 -0.01152911
0.00146676 -0.01011738
0.00146836 -0.009882093
0.00146996 -0.01035267
0.00147156 -0.01011738
0.00147316 -0.01035267
0.00147476 -0.01058796
0.00147636 -0.01058796
0.00147796 -0.01011738
0.00147956 -0.009882093
0.00148116 -0.009882093
0.00148276 -0.01035267
0.00148436 -0.01035267
0.00148596 -0.01082324
0.00148756 -0.009882093
0.00148916 -0.009882093
0.00149076 -0.009176229
0.00149236 -0.009882093
0.00149396 -0.009176229
0.00149556 -0.009411517
0.00149716 -0.008470365
0.00149876 -0.009411517
0.00150036 -0.008940941
0.00150196 -0.008705653
0.00150356 -0.008705653
0.00150516 -0.008940941
0.00150676 -0.008940941
0.00150836 -0.008940941
0.00150996 -0.008705653
0.00151156 -0.009176229
0.00151316 -0.009411517
0.00151476 -0.01011738
0.00151636 -0.01035267
0.00151796 -0.01082324
0.00151956 -0.01082324
0.00152116 -0.01058796
0.00152276 -0.0117644
0.00152436 -0.01199968
0.00152596 -0.01223497
0.00152756 -0.01223497
0.00152916 -0.01247026
0.00153076 -0.01341141
0.00153236 -0.01317612
0.00153396 -0.01341141
0.00153556 -0.0136467
0.00153716 -0.01341141
0.00153876 -0.01317612
0.00154036 -0.01341141
0.00154196 -0.01247026
0.00154356 -0.01247026
0.00154516 -0.01247026
0.00154676 -0.01247026
0.00154836 -0.01247026
0.00154996 -0.01294084
0.00155156 -0.01223497
0.00155316 -0.01223497
0.00155476 -0.01223497
0.00155636 -0.01247026
0.00155796 -0.01247026
0.00155956 -0.01294084
0.00156116 -0.01317612
0.00156276 -0.0136467
0.00156436 -0.01341141
0.00156596 -0.01341141
0.00156756 -0.01411728
0.00156916 -0.01458785
0.00157076 -0.01505843
0.00157236 -0.01458785
0.00157396 -0.01435256
0.00157556 -0.01388199
0.00157716 -0.0136467
0.00157876 -0.01317612
0.00158036 -0.01223497
0.00158196 -0.01199968
0.00158356 -0.01058796
0.00158516 -0.009882093
0.00158676 -0.008940941
0.00158836 -0.008940941
0.00158996 -0.007999789
0.00159156 -0.007764501
0.00159316 -0.006588062
0.00159476 -0.006588062
0.00159636 -0.006117486
0.00159796 -0.006117486
0.00159956 -0.007058638
0.00160116 -0.006588062
0.00160276 -0.007293925
0.00160436 -0.008235077
0.00160596 -0.009176229
0.00160756 -0.009411517
0.00160916 -0.01011738
0.00161076 -0.01105853
0.00161236 -0.01199968
0.00161396 -0.01317612
0.00161556 -0.01388199
0.00161716 -0.01458785
0.00161876 -0.015529
0.00162036 -0.01623487
0.00162196 -0.01717602
0.00162356 -0.01788188
0.00162516 -0.01811717
0.00162676 -0.01905832
0.00162836 -0.01905832
0.00162996 -0.0195289
0.00163156 -0.01905832
0.00163316 -0.01929361
0.00163476 -0.01905832
0.00163636 -0.01929361
0.00163796 -0.01882303
0.00163956 -0.01835246
0.00164116 -0.01741131
0.00164276 -0.01694073
0.00164436 -0.01647015
0.00164596 -0.01576429
0.00164756 -0.01458785
0.00164916 -0.01388199
0.00165076 -0.01247026
0.00165236 -0.01294084
0.00165396 -0.01152911
0.00165556 -0.01082324
0.00165716 -0.009176229
0.00165876 -0.008940941
0.00166036 -0.007764501
0.00166196 -0.007293925
0.00166356 -0.006117486
0.00166516 -0.005411622
0.00166676 -0.004235183
0.00166836 -0.003764607
0.00166996 -0.002823455
0.00167156 -0.003058743
0.00167316 -0.002117591
0.00167476 -0.001647015
0.00167636 -0.001882303
0.00167796 -0.001411728
0.00167956 -0.001411728
0.00168116 -0.00117644
0.00168276 -0.001411728
0.00168436 -0.00117644
0.00168596 -0.002117591
0.00168756 -0.002352879
0.00168916 -0.002823455
0.00169076 -0.002823455
0.00169236 -0.003764607
0.00169396 -0.003999895
0.00169556 -0.004705758
0.00169716 -0.005176334
0.00169876 -0.005176334
0.00170036 -0.00564691
0.00170196 -0.006352774
0.00170356 -0.006588062
0.00170516 -0.006117486
0.00170676 -0.006588062
0.00170836 -0.006117486
0.00170996 -0.006117486
0.00171156 -0.005882198
0.00171316 -0.00564691
0.00171476 -0.00564691
0.00171636 -0.004705758
0.00171796 -0.003764607
0.00171956 -0.003529319
0.00172116 -0.003764607
0.00172276 -0.003058743
0.00172436 -0.002588167
0.00172596 -0.002588167
0.00172756 -0.002117591
0.00172916 -0.0009411517
0.00173076 -0.00117644
0.00173236 -0.0002352879
0.00173396 -0.0009411517
0.00173556 0
0.00173716 -0.0002352879
0.00173876 0.0002352879
0.00174036 0.0009411517
0.00174196 0.0007058638
0.00174356 0.0009411517
0.00174516 0.00117644
0.00174676 0.001647015
0.00174836 0.001647015
0.00174996 0.002117591
0.00175156 0.002823455
0.00175316 0.002588167
0.00175476 0.003294031
0.00175636 0.003294031
0.00175796 0.004235183
0.00175956 0.00447047
0.00176116 0.004941046
0.00176276 0.005176334
0.00176436 0.005882198
0.00176596 0.006352774
0.00176756 0.00564691
0.00176916 0.006588062
0.00177076 0.006588062
0.00177236 0.00682335
0.00177396 0.006588062
0.00177556 0.00682335
0.00177716 0.007058638
0.00177876 0.007529213
0.00178036 0.007529213
0.00178196 0.008470365
0.00178356 0.008470365
0.00178516 0.009411517
0.00178676 0.009176229
0.00178836 0.008235077
0.00178996 0.009646805
0.00179156 0.01035267
0.00179316 0.01058796
0.00179476 0.01011738
0.00179636 0.01058796
0.00179796 0.01082324
0.00179956 0.01035267
0.00180116 0.01105853
0.00180276 0.009882093
0.00180436 0.01011738
0.00180596 0.01035267
0.00180756 0.009646805
0.00180916 0.009646805
0.00181076 0.009646805
0.00181236 0.008940941
0.00181396 0.008705653
0.00181556 0.008705653
0.00181716 0.008940941
0.00181876 0.007999789
0.00182036 0.008235077
0.00182196 0.008235077
0.00182356 0.008470365
0.00182516 0.007999789
0.00182676 0.007999789
0.00182836 0.008470365
0.00182996 0.008470365
0.00183156 0.008705653
0.00183316 0.008940941
0.00183476 0.009646805
0.00183636 0.01058796
0.00183796 0.009411517
0.00183956 0.01011738
0.00184116 0.01058796
0.00184276 0.01152911
0.00184436 0.01152911
0.00184596 0.0117644
0.00184756 0.0117644
0.00184916 0.01270555
0.00185076 0.01247026
0.00185236 0.01294084
0.00185396 0.01294084
0.00185556 0.01388199
0.00185716 0.01388199
0.00185876 0.01411728
0.00186036 0.01458785
0.00186196 0.01529371
0.00186356 0.015529
0.00186516 0.01670544
0.00186676 0.01623487
0.00186836 0.01717602
0.00186996 0.01717602
0.00187156 0.01764659
0.00187316 0.01811717
0.00187476 0.01882303
0.00187636 0.01882303
0.00187796 0.02023476
0.00187956 0.01999947
0.00188116 0.02094062
0.00188276 0.0214112
0.00188436 0.0214112
0.00188596 0.02211706
0.00188756 0.02258764
0.00188916 0.02258764
0.00189076 0.02352879
0.00189236 0.0232935
0.00189396 0.02399937
0.00189556 0.02376408
0.00189716 0.02399937
0.00189876 0.02399937
0.00190036 0.02494052
0.00190196 0.02517581
0.00190356 0.02517581
0.00190516 0.0254111
0.00190676 0.02588167
0.00190836 0.02635225
0.00190996 0.02658753
0.00191156 0.02635225
0.00191316 0.02682282
0.00191476 0.02799926
0.00191636 0.02752869
0.00191796 0.02682282
0.00191956 0.02776397
0.00192116 0.02799926
0.00192276 0.02846984
0.00192436 0.02776397
0.00192596 0.02870513
0.00192756 0.02799926
0.00192916 0.02870513
0.00193076 0.02823455
0.00193236 0.02799926
0.00193396 0.02846984
0.00193556 0.02823455
0.00193716 0.02846984
0.00193876 0.02823455
0.00194036 0.02752869
0.00194196 0.0272934
0.00194356 0.02776397
0.00194516 0.02705811
0.00194676 0.02752869
0.00194836 0.02705811
0.00194996 0.02658753
0.00195156 0.02658753
0.00195316 0.02564638
0.00195476 0.02588167
0.00195636 0.02517581
0.00195796 0.02470523
0.00195956 0.02446994
0.00196116 0.02446994
0.00196276 0.02376408
0.00196436 0.02352879
0.00196596 0.02352879
0.00196756 0.02399937
0.00196916 0.02352879
0.00197076 0.02352879
0.00197236 0.02399937
0.00197396 0.02399937
0.00197556 0.02470523
0.00197716 0.02446994
0.00197876 0.02564638
0.00198036 0.0254111
0.00198196 0.02564638
0.00198356 0.02635225
0.00198516 0.02635225
0.00198676 0.02635225
0.00198836 0.02658753
0.00198996 0.02635225
0.00199156 0.02611696
0.00199316 0.02564638
0.00199476 0.02611696
0.00199636 0.02564638
0.00199796 0.02588167
0.00199956 0.02564638
0.00200116 0.02470523
0.00200276 0.02446994
0.00200436 0.02517581
0.00200596 0.02423466
0.00200756 0.02446994
0.00200916 0.02399937
0.00201076 0.02423466
0.00201236 0.02446994
0.00201396 0.02376408
0.00201556 0.02399937
0.00201716 0.02352879
0.00201876 0.02376408
0.00202036 0.02352879
0.00202196 0.0232935
0.00202356 0.02376408
0.00202516 0.02305822
0.00202676 0.02211706
0.00202836 0.02235235
0.00202996 0.02164649
0.00203156 0.02047005
0.00203316 0.02047005
0.00203476 0.01976419
0.00203636 0.01929361
0.00203796 0.01905832
0.00203956 0.01905832
0.00204116 0.01835246
0.00204276 0.01858775
0.00204436 0.01905832
0.00204596 0.01835246
0.00204756 0.01835246
0.00204916 0.0195289
0.00205076 0.01905832
0.00205236 0.01929361
0.00205396 0.01999947
0.00205556 0.02094062
0.00205716 0.02117591
0.00205876 0.02164649
0.00206036 0.0214112
0.00206196 0.02235235
0.00206356 0.02305822
0.00206516 0.0232935
0.00206676 0.0232935
0.00206836 0.02305822
0.00206996 0.0232935
0.00207156 0.02258764
0.00207316 0.0232935
0.00207476 0.02258764
0.00207636 0.02235235
0.00207796 0.02188178
0.00207956 0.02188178
0.00208116 0.02235235
0.00208276 0.02164649
0.00208436 0.02164649
0.00208596 0.0214112
0.00208756 0.02188178
0.00208916 0.02164649
0.00209076 0.0214112
0.00209236 0.02164649
0.00209396 0.02235235
0.00209556 0.02235235
0.00209716 0.02352879
0.00209876 0.0232935
0.00210036 0.02376408
0.00210196 0.02352879
0.00210356 0.02376408
0.00210516 0.02423466
0.00210676 0.02446994
0.00210836 0.02470523
0.00210996 0.02399937
0.00211156 0.02423466
0.00211316 0.02376408
0.00211476 0.02305822
0.00211636 0.02305822
0.00211796 0.02235235
0.00211956 0.02164649
0.00212116 0.02070534
0.00212276 0.02023476
0.00212436 0.0195289
0.00212596 0.01882303
0.00212756 0.01811717
0.00212916 0.01670544
0.00213076 0.01717602
0.00213236 0.015529
0.00213396 0.01529371
0.00213556 0.01482314
0.00213716 0.01482314
0.00213876 0.0136467
0.00214036 0.0136467
0.00214196 0.0136467
0.00214356 0.01317612
0.00214516 0.01270555
0.00214676 0.01223497
0.00214836 0.01199968
0.00214996 0.01129382
0.00215156 0.0117644
0.00215316 0.01105853
0.00215476 0.01152911
0.00215636 0.01105853
0.00215796 0.01082324
0.00215956 0.01011738
0.00216116 0.01035267
0.00216276 0.009646805
0.00216436 0.009882093
0.00216596 0.009411517
0.00216756 0.01035267
0.00216916 0.008940941
0.00217076 0.008705653
0.00217236 0.008705653
0.00217396 0.008470365
0.00217556 0.007999789
0.00217716 0.008235077
0.00217876 0.008470365
0.00218036 0.008705653
0.00218196 0.008235077
0.00218356 0.008470365
0.00218516 0.008705653
0.00218676 0.008940941
0.00218836 0.008470365
0.00218996 0.008470365
0.00219156 0.008705653
0.00219316 0.009411517
0.00219476 0.008940941
0.00219636 0.009176229
0.00219796 0.009176229
0.00219956 0.009411517
0.00220116 0.009176229
0.00220276 0.009176229
0.00220436 0.009882093
0.00220596 0.009646805
0.00220756 0.01035267
0.00220916 0.009882093
0.00221076 0.01011738
0.00221236 0.01011738
0.00221396 0.01082324
0.00221556 0.01082324
0.00221716 0.01058796
0.00221876 0.01082324
0.00222036 0.01082324
0.00222196 0.01035267
0.00222356 0.01082324
0.00222516 0.01058796
0.00222676 0.01011738
0.00222836 0.009176229
0.00222996 0.009176229
0.00223156 0.008940941
0.00223316 0.008235077
0.00223476 0.007293925
0.00223636 0.00682335
0.00223796 0.00682335
0.00223956 0.00564691
0.00224116 0.003999895
0.00224276 0.003764607
0.00224436 0.002823455
0.00224596 0.002352879
0.00224756 0.001411728
0.00224916 0.0007058638
0.00225076 -0.0004705758
0.00225236 -0.001411728
0.00225396 -0.001411728
0.00225556 -0.001411728
0.00225716 -0.002823455
0.00225876 -0.002823455
0.00226036 -0.002588167
0.00226196 -0.003294031
0.00226356 -0.003294031
0.00226516 -0.003294031
0.00226676 -0.002823455
0.00226836 -0.002823455
0.00226996 -0.002823455
0.00227156 -0.001882303
0.00227316 -0.001882303
0.00227476 -0.00117644
0.00227636 -0.00117644
0.00227796 -0.0007058638
0.00227956 0.0002352879
0.00228116 0
0.00228276 0.00117644
0.00228436 0.00117644
0.00228596 0.001882303
0.00228756 0.001411728
0.00228916 0.001647015
0.00229076 0.001647015
0.00229236 0.001882303
0.00229396 0.00117644
0.00229556 0.001411728
0.00229716 0.001411728
0.00229876 0.0009411517
0.00230036 0.0009411517
0.00230196 0.0007058638
0.00230356 0.0004705758
0.00230516 0.0002352879
0.00230676 -0.0002352879
0.00230836 -0.0009411517
0.00230996 -0.001411728
0.00231156 -0.001647015
0.00231316 -0.002117591
0.00231476 -0.002352879
0.00231636 -0.002823455
0.00231796 -0.002588167
0.00231956 -0.003058743
0.00232116 -0.002588167
0.00232276 -0.003294031
0.00232436 -0.002588167
0.00232596 -0.002588167
0.00232756 -0.003294031
0.00232916 -0.003058743
0.00233076 -0.002823455
0.00233236 -0.002352879
0.00233396 -0.003058743
0.00233556 -0.002823455
0.00233716 -0.003294031
0.00233876 -0.003294031
0.00234036 -0.003764607
0.00234196 -0.004235183
0.00234356 -0.004705758
0.00234516 -0.005411622
0.00234676 -0.006117486
0.00234836 -0.006117486
0.00234996 -0.007529213
0.00235156 -0.008235077
0.00235316 -0.008940941
0.00235476 -0.009882093
0.00235636 -0.01058796
0.00235796 -0.01105853
0.00235956 -0.01152911
0.00236116 -0.01199968
0.00236276 -0.01247026
0.00236436 -0.01294084
0.00236596 -0.01388199
0.00236756 -0.01435256
0.00236916 -0.015529
0.00237076 -0.01529371
0.00237236 -0.01599958
0.00237396 -0.01599958
0.00237556 -0.01599958
0.00237716 -0.01623487
0.00237876 -0.01647015
0.00238036 -0.01647015
0.00238196 -0.01670544
0.00238356 -0.01599958
0.00238516 -0.01647015
0.00238676 -0.01717602
0.00238836 -0.01694073
0.00238996 -0.01647015
0.00239156 -0.01717602
0.00239316 -0.01623487
0.00239476 -0.01694073
0.00239636 -0.01670544
0.00239796 -0.01670544
0.00239956 -0.01623487
0.00240116 -0.01647015
0.00240276 -0.01623487
0.00240436 -0.01647015
0.00240596 -0.01623487
0.00240756 -0.01647015
0.00240916 -0.01647015
0.00241076 -0.01670544
0.00241236 -0.01741131
0.00241396 -0.01741131
0.00241556 -0.01694073
0.00241716 -0.01764659
0.00241876 -0.01764659
0.00242036 -0.01929361
0.00242196 -0.01882303
0.00242356 -0.01929361
0.00242516 -0.01905832
0.00242676 -0.01999947
0.00242836 -0.01976419
0.00242996 -0.02047005
0.00243156 -0.02023476
0.00243316 -0.02023476
0.00243476 -0.02070534
0.00243636 -0.02070534
0.00243796 -0.02094062
0.00243956 -0.02094062
0.00244116 -0.02094062
0.00244276 -0.02117591
0.00244436 -0.02070534
0.00244596 -0.02070534
0.00244756 -0.02070534
0.00244916 -0.02117591
0.00245076 -0.02023476
0.00245236 -0.02070534
0.00245396 -0.01999947
0.00245556 -0.02070534
0.00245716 -0.02047005
0.00245876 -0.02047005
0.00246036 -0.02047005
0.00246196 -0.02094062
0.00246356 -0.02070534
0.00246516 -0.02070534
0.00246676 -0.02094062
0.00246836 -0.02117591
0.00246996 -0.02117591
0.00247156 -0.0214112
0.00247316 -0.02188178
0.00247476 -0.02235235
0.00247636 -0.02235235
0.00247796 -0.02258764
0.00247956 -0.02258764
0.00248116 -0.02258764
0.00248276 -0.02305822
0.00248436 -0.02399937
0.00248596 -0.02352879
0.00248756 -0.02423466
0.00248916 -0.02352879
0.00249076 -0.02446994
0.00249236 -0.02423466
0.00249396 -0.02423466
0.00249556 -0.02423466
0.00249716 -0.02423466
0.00249876 -0.02446994
0.00250036 -0.02399937
0.00250196 -0.02352879
0.00250356 -0.02376408
0.00250516 -0.0232935
0.00250676 -0.0232935
0.00250836 -0.02235235
0.00250996 -0.02235235
0.00251156 -0.02211706
0.00251316 -0.02235235
0.00251476 -0.0214112
0.00251636 -0.0214112
0.00251796 -0.0214112
0.00251956 -0.02094062
0.00252116 -0.02070534
0.00252276 -0.02070534
0.00252436 -0.02047005
0.00252596 -0.02070534
0.00252756 -0.02047005
0.00252916 -0.02164649
0.00253076 -0.02094062
0.00253236 -0.02164649
0.00253396 -0.02117591
0.00253556 -0.02235235
0.00253716 -0.02211706
0.00253876 -0.02305822
0.00254036 -0.02282293
0.00254196 -0.02399937
0.00254356 -0.02423466
0.00254516 -0.02446994
0.00254676 -0.02470523
0.00254836 -0.02494052
0.00254996 -0.02494052
0.00255156 -0.02564638
0.00255316 -0.0254111
0.00255476 -0.02564638
0.00255636 -0.02588167
0.00255796 -0.02635225
0.00255956 -0.02588167
0.00256116 -0.02588167
0.00256276 -0.02588167
0.00256436 -0.02635225
0.00256596 -0.02611696
0.00256756 -0.02635225
0.00256916 -0.02635225
0.00257076 -0.02635225
0.00257236 -0.02564638
0.00257396 -0.02635225
0.00257556 -0.02611696
0.00257716 -0.02658753
0.00257876 -0.02682282
0.00258036 -0.02682282
0.00258196 -0.0272934
0.00258356 -0.0272934
0.00258516 -0.02799926
0.00258676 -0.02823455
0.00258836 -0.02776397
0.00258996 -0.02823455
0.00259156 -0.02799926
0.00259316 -0.02846984
0.00259476 -0.02752869
0.00259636 -0.02846984
0.00259796 -0.0272934
0.00259956 -0.02752869
0.00260116 -0.02682282
0.00260276 -0.0272934
0.00260436 -0.02611696
0.00260596 -0.02588167
0.00260756 -0.0254111
0.00260916 -0.02517581
0.00261076 -0.02423466
0.00261236 -0.02446994
0.00261396 -0.02376408
0.00261556 -0.02376408
0.00261716 -0.02305822
0.00261876 -0.02282293
0.00262036 -0.02235235
0.00262196 -0.02235235
0.00262356 -0.02164649
0.00262516 -0.0214112
0.00262676 -0.02117591
0.00262836 -0.02070534
0.00262996 -0.02047005
0.00263156 -0.02047005
0.00263316 -0.01976419
0.00263476 -0.01976419
0.00263636 -0.01929361
0.00263796 -0.01905832
0.00263956 -0.01858775
0.00264116 -0.01905832
0.00264276 -0.01858775
0.00264436 -0.01929361
0.00264596 -0.01858775
0.00264756 -0.01929361
0.00264916 -0.01835246
0.00265076 -0.01929361
0.00265236 -0.01905832
0.00265396 -0.0195289
0.00265556 -0.01882303
0.00265716 -0.0195289
0.00265876 -0.01976419
0.00266036 -0.01999947
0.00266196 -0.02023476
0.00266356 -0.02070534
0.00266516 -0.02047005
0.00266676 -0.02117591
0.00266836 -0.02070534
0.00266996 -0.02117591
0.00267156 -0.02070534
0.00267316 -0.02094062
0.00267476 -0.02023476
0.00267636 -0.02047005
0.00267796 -0.01976419
0.00267956 -0.01976419
0.00268116 -0.01929361
0.00268276 -0.0195289
0.00268436 -0.01882303
0.00268596 -0.01905832
0.00268756 -0.01882303
0.00268916 -0.01788188
0.00269076 -0.01670544
0.00269236 -0.01647015
0.00269396 -0.01647015
0.00269556 -0.01670544
0.00269716 -0.01623487
0.00269876 -0.01576429
0.00270036 -0.01458785
0.00270196 -0.01482314
0.00270356 -0.01411728
0.00270516 -0.01458785
0.00270676 -0.01411728
0.00270836 -0.01388199
0.00270996 -0.01317612
0.00271156 -0.01294084
0.00271316 -0.01223497
0.00271476 -0.01247026
0.00271636 -0.01199968
0.00271796 -0.01199968
0.00271956 -0.01152911
0.00272116 -0.01223497
0.00272276 -0.01105853
0.00272436 -0.0117644
0.00272596 -0.01152911
0.00272756 -0.01129382
0.00272916 -0.01082324
0.00273076 -0.01105853
0.00273236 -0.01058796
0.00273396 -0.01035267
0.00273556 -0.01011738
0.00273716 -0.01011738
0.00273876 -0.01035267
0.00274036 -0.008940941
0.00274196 -0.008705653
0.00274356 -0.008470365
0.00274516 -0.007764501
0.00274676 -0.007999789
0.00274836 -0.007529213
0.00274996 -0.00682335
0.00275156 -0.006117486
0.00275316 -0.00564691
0.00275476 -0.005411622
0.00275636 -0.005176334
0.00275796 -0.004705758
0.00275956 -0.004705758
0.00276116 -0.004235183
0.00276276 -0.003529319
0.00276436 -0.003529319
0.00276596 -0.003764607
0.00276756 -0.003058743
0.00276916 -0.002588167
0.00277076 -0.003058743
0.00277236 -0.003058743
0.00277396 -0.002823455
0.00277556 -0.002588167
0.00277716 -0.003058743
0.00277876 -0.002588167
0.00278036 -0.002352879
0.00278196 -0.003058743
0.00278356 -0.003058743
0.00278516 -0.002588167
0.00278676 -0.002588167
0.00278836 -0.002823455
0.00278996 -0.002117591
0.00279156 -0.002352879
0.00279316 -0.002352879
0.00279476 -0.002588167
0.00279636 -0.002823455
0.00279796 -0.002352879
0.00279956 -0.002117591
0.00280116 -0.001647015
0.00280276 -0.001647015
0.00280436 -0.00117644
0.00280596 -0.0007058638
0.00280756 -0.0009411517
0.00280916 -0.0004705758
0.00281076 0.0002352879
0.00281236 0.0002352879
0.00281396 0.0002352879
0.00281556 0.0007058638
0.00281716 0.001647015
0.00281876 0.002117591
0.00282036 0.002117591
0.00282196 0.002823455
0.00282356 0.003058743
0.00282516 0.003529319
0.00282676 0.00447047
0.00282836 0.004705758
0.00282996 0.004705758
0.00283156 0.00564691
0.00283316 0.00564691
0.00283476 0.005882198
0.00283636 0.00682335
0.00283796 0.007764501
0.00283956 0.007293925
0.00284116 0.008235077
0.00284276 0.008470365
0.00284436 0.008940941
0.00284596 0.009646805
0.00284756 0.01035267
0.00284916 0.01082324
0.00285076 0.01082324
0.00285236 0.01105853
0.00285396 0.01152911
0.00285556 0.0117644
0.00285716 0.01223497
0.00285876 0.01152911
0.00286036 0.01152911
0.00286196 0.01152911
0.00286356 0.01152911
0.00286516 0.01152911
0.00286676 0.01105853
0.00286836 0.01129382
0.00286996 0.01105853
0.00287156 0.01105853
0.00287316 0.01105853
0.00287476 0.01105853
0.00287636 0.01082324
0.00287796 0.01082324
0.00287956 0.01152911
0.00288116 0.01129382
0.00288276 0.01129382
0.00288436 0.01105853
0.00288596 0.01105853
0.00288756 0.01152911
0.00288916 0.01105853
0.00289076 0.01129382
0.00289236 0.01129382
0.00289396 0.01152911
0.00289556 0.0117644
0.00289716 0.0117644
0.00289876 0.0117644
0.00290036 0.01199968
0.00290196 0.01129382
0.00290356 0.01129382
0.00290516 0.01105853
0.00290676 0.01105853
0.00290836 0.01082324
0.00290996 0.01082324
0.00291156 0.01105853
0.00291316 0.01082324
0.00291476 0.01105853
0.00291636 0.01105853
0.00291796 0.01129382
0.00291956 0.01082324
0.00292116 0.0117644
0.00292276 0.01129382
0.00292436 0.0117644
0.00292596 0.01152911
0.00292756 0.01152911
0.00292916 0.0117644
0.00293076 0.0117644
0.00293236 0.01199968
0.00293396 0.0117644
0.00293556 0.01152911
0.00293716 0.01199968
0.00293876 0.01152911
0.00294036 0.01152911
0.00294196 0.01129382
0.00294356 0.01082324
0.00294516 0.01058796
0.00294676 0.01058796
0.00294836 0.01058796
0.00294996 0.01058796
0.00295156 0.01035267
0.00295316 0.009646805
0.00295476 0.009411517
0.00295636 0.009176229
0.00295796 0.008940941
0.00295956 0.008940941
0.00296116 0.008470365
0.00296276 0.008705653
0.00296436 0.007999789
0.00296596 0.007999789
0.00296756 0.007764501
0.00296916 0.007529213
0.00297076 0.00682335
0.00297236 0.007293925
0.00297396 0.007058638
0.00297556 0.00682335
0.00297716 0.006352774
0.00297876 0.006588062
0.00298036 0.006117486
0.00298196 0.00682335
0.00298356 0.00682335
0.00298516 0.006352774
0.00298676 0.006588062
0.00298836 0.00682335
0.00298996 0.007293925
0.00299156 0.007293925
0.00299316 0.007529213
0.00299476 0.007764501
0.00299636 0.007529213
0.00299796 0.008235077
0.00299956 0.008705653
0.00300116 0.008940941
0.00300276 0.008705653
0.00300436 0.009176229
0.00300596 0.008940941
0.00300756 0.009176229
0.00300916 0.008705653
0.00301076 0.01011738
0.00301236 0.009176229
0.00301396 0.008940941
0.00301556 0.009176229
0.00301716 0.008705653
0.00301876 0.008705653
0.00302036 0.008705653
0.00302196 0.008705653
0.00302356 0.008470365
0.00302516 0.008705653
0.00302676 0.007764501
0.00302836 0.008470365
0.00302996 0.007999789
0.00303156 0.008235077
0.00303316 0.007999789
0.00303476 0.007764501
0.00303636 0.007999789
0.00303796 0.007999789
0.00303956 0.007764501
0.00304116 0.007529213
0.00304276 0.007999789
0.00304436 0.007764501
0.00304596 0.007764501
0.00304756 0.007764501
0.00304916 0.007999789
0.00305076 0.008235077
0.00305236 0.008235077
0.00305396 0.008705653
0.00305556 0.008470365
0.00305716 0.008940941
0.00305876 0.008940941
0.00306036 0.009646805
0.00306196 0.009646805
0.00306356 0.009882093
0.00306516 0.009882093
0.00306676 0.01058796
0.00306836 0.01105853
0.00306996 0.01105853
0.00307156 0.01152911
0.00307316 0.01105853
0.00307476 0.01199968
0.00307636 0.0117644
0.00307796 0.0117644
0.00307956 0.01152911
0.00308116 0.01199968
0.00308276 0.0117644
0.00308436 0.01152911
0.00308596 0.01152911
0.00308756 0.01105853
0.00308916 0.01129382
0.00309076 0.01152911
0.00309236 0.01105853
0.00309396 0.01105853
0.00309556 0.01129382
0.00309716 0.01082324
0.00309876 0.01082324
0.00310036 0.01105853
0.00310196 0.01082324
0.00310356 0.01105853
0.00310516 0.01082324
0.00310676 0.01129382
0.00310836 0.01129382
0.00310996 0.01129382
0.00311156 0.01152911
0.00311316 0.0117644
0.00311476 0.01199968
0.00311636 0.01199968
0.00311796 0.01199968
0.00311956 0.01199968
0.00312116 0.01270555
0.00312276 0.01317612
0.00312436 0.01317612
0.00312596 0.01341141
0.00312756 0.01341141
0.00312916 0.01411728
0.00313076 0.01482314
0.00313236 0.01435256
0.00313396 0.01435256
0.00313556 0.01576429
0.00313716 0.01623487
0.00313876 0.01647015
0.00314036 0.01670544
0.00314196 0.01647015
0.00314356 0.01694073
0.00314516 0.01694073
0.00314676 0.01741131
0.00314836 0.01694073
0.00314996 0.01764659
0.00315156 0.01858775
0.00315316 0.01764659
0.00315476 0.01764659
0.00315636 0.01788188
0.00315796 0.01741131
0.00315956 0.01717602
0.00316116 0.01694073
0.00316276 0.01623487
0.00316436 0.01647015
0.00316596 0.01599958
0.00316756 0.015529
0.00316916 0.01529371
0.00317076 0.01435256
0.00317236 0.01388199
0.00317396 0.0136467
0.00317556 0.0136467
0.00317716 0.0136467
0.00317876 0.01341141
0.00318036 0.01294084
0.00318196 0.01270555
0.00318356 0.01317612
0.00318516 0.01317612
0.00318676 0.01341141
0.00318836 0.01270555
0.00318996 0.01294084
0.00319156 0.01341141
0.00319316 0.01388199
0.00319476 0.01317612
0.00319636 0.01388199
0.00319796 0.01341141
0.00319956 0.01435256
0.00320116 0.0136467
0.00320276 0.01317612
0.00320436 0.01388199
0.00320596 0.01388199
0.00320756 0.01482314
0.00320916 0.01388199
0.00321076 0.01411728
0.00321236 0.01341141
0.00321396 0.0136467
0.00321556 0.01341141
0.00321716 0.01317612
0.00321876 0.01341141
0.00322036 0.01317612
0.00322196 0.01247026
0.00322356 0.01294084
0.00322516 0.01223497
0.00322676 0.01270555
0.00322836 0.01223497
0.00322996 0.01199968
0.00323156 0.01199968
0.00323316 0.01199968
0.00323476 0.0117644
0.00323636 0.01223497
0.00323796 0.0117644
0.00323956 0.01152911
0.00324116 0.01152911
0.00324276 0.01105853
0.00324436 0.01105853
0.00324596 0.01035267
0.00324756 0.01105853
0.00324916 0.01058796
0.00325076 0.01035267
0.00325236 0.01035267
0.00325396 0.009882093
0.00325556 0.009882093
0.00325716 0.009646805
0.00325876 0.009646805
0.00326036 0.009411517
0.00326196 0.008940941
0.00326356 0.007999789
0.00326516 0.008470365
0.00326676 0.007999789
0.00326836 0.008235077
0.00326996 0.008235077
0.00327156 0.007293925
0.00327316 0.007293925
0.00327476 0.007529213
0.00327636 0.00682335
0.00327796 0.00564691
0.00327956 0.006117486
0.00328116 0.005882198
0.00328276 0.00564691
0.00328436 0.005176334
0.00328596 0.004941046
0.00328756 0.00447047
0.00328916 0.004235183
0.00329076 0.004235183
0.00329236 0.003764607
0.00329396 0.003999895
0.00329556 0.003294031
0.00329716 0.003294031
0.00329876 0.003999895
0.00330036 0.003529319
0.00330196 0.002823455
0.00330356 0.003529319
0.00330516 0.003058743
0.00330676 0.003294031
0.00330836 0.003294031
0.00330996 0.003999895
0.00331156 0.003529319
0.00331316 0.003529319
0.00331476 0.004235183
0.00331636 0.003999895
0.00331796 0.003999895
0.00331956 0.003529319
0.00332116 0.003529319
0.00332276 0.003529319
0.00332436 0.003999895
0.00332596 0.003999895
0.00332756 0.003058743
0.00332916 0.003529319
0.00333076 0.003294031
0.00333236 0.003529319
0.00333396 0.003529319
0.00333556 0.002588167
0.00333716 0.002352879
0.00333876 0.002588167
0.00334036 0.002588167
0.00334196 0.002352879
0.00334356 0.003058743
0.00334516 0.002588167
0.00334676 0.002352879
0.00334836 0.003058743
0.00334996 0.002823455
0.00335156 0.003294031
0.00335316 0.003294031
0.00335476 0.004235183
0.00335636 0.00447047
0.00335796 0.00447047
0.00335956 0.004705758
0.00336116 0.005176334
0.00336276 0.005882198
0.00336436 0.006588062
0.00336596 0.006352774
0.00336756 0.007293925
0.00336916 0.007764501
0.00337076 0.007529213
0.00337236 0.008235077
0.00337396 0.008235077
0.00337556 0.009176229
0.00337716 0.008940941
0.00337876 0.008940941
0.00338036 0.009176229
0.00338196 0.009411517
0.00338356 0.009646805
0.00338516 0.009411517
0.00338676 0.009411517
0.00338836 0.009646805
0.00338996 0.009176229
0.00339156 0.009176229
0.00339316 0.008940941
0.00339476 0.008705653
0.00339636 0.008470365
0.00339796 0.007999789
0.00339956 0.008235077
0.00340116 0.007999789
0.00340276 0.007764501
0.00340436 0.008235077
0.00340596 0.007058638
0.00340756 0.006588062
0.00340916 0.00682335
0.00341076 0.007058638
0.00341236 0.006117486
0.00341396 0.00682335
0.00341556 0.007058638
0.00341716 0.007058638
0.00341876 0.00682335
0.00342036 0.006588062
0.00342196 0.007529213
0.00342356 0.007529213
0.00342516 0.007764501
0.00342676 0.007999789
0.00342836 0.008235077
0.00342996 0.008470365
0.00343156 0.008940941
0.00343316 0.009411517
0.00343476 0.009176229
0.00343636 0.009411517
0.00343796 0.008940941
0.00343956 0.009882093
0.00344116 0.009411517
0.00344276 0.009411517
0.00344436 0.009646805
0.00344596 0.01011738
0.00344756 0.009646805
0.00344916 0.01011738
0.00345076 0.009882093
0.00345236 0.009882093
0.00345396 0.01011738
0.00345556 0.009646805
0.00345716 0.01035267
0.00345876 0.01035267
0.00346036 0.01129382
0.00346196 0.01058796
0.00346356 0.01035267
0.00346516 0.01082324
0.00346676 0.01058796
0.00346836 0.01058796
0.00346996 0.01058796
0.00347156 0.01058796
0.00347316 0.01082324
0.00347476 0.01035267
0.00347636 0.01011738
0.00347796 0.01058796
0.00347956 0.009882093
0.00348116 0.009411517
0.00348276 0.009176229
0.00348436 0.008470365
0.00348596 0.008705653
0.00348756 0.008235077
0.00348916 0.008705653
0.00349076 0.008235077
0.00349236 0.007764501
0.00349396 0.007529213
0.00349556 0.007293925
0.00349716 0.006588062
0.00349876 0.006588062
0.00350036 0.006352774
0.00350196 0.00564691
0.00350356 0.005882198
0.00350516 0.005176334
0.00350676 0.004941046
0.00350836 0.004705758
0.00350996 0.004235183
0.00351156 0.004235183
0.00351316 0.00447047
0.00351476 0.003999895
0.00351636 0.003764607
0.00351796 0.003999895
0.00351956 0.003999895
0.00352116 0.003764607
0.00352276 0.003999895
0.00352436 0.003764607
0.00352596 0.003764607
0.00352756 0.003764607
0.00352916 0.004235183
0.00353076 0.004705758
0.00353236 0.003999895
0.00353396 0.003764607
0.00353556 0.003999895
0.00353716 0.00447047
0.00353876 0.004235183
0.00354036 0.00447047
0.00354196 0.004235183
0.00354356 0.003764607
0.00354516 0.003529319
0.00354676 0.004235183
0.00354836 0.003764607
0.00354996 0.003294031
0.00355156 0.002352879
0.00355316 0.002823455
0.00355476 0.002352879
0.00355636 0.001647015
0.00355796 0.001647015
0.00355956 0.00117644
0.00356116 0.0004705758
0.00356276 0.0007058638
0.00356436 0.0002352879
0.00356596 -0.0002352879
0.00356756 -0.0009411517
0.00356916 -0.0009411517
0.00357076 -0.00117644
0.00357236 -0.0009411517
0.00357396 -0.001647015
0.00357556 -0.001411728
0.00357716 -0.002117591
0.00357876 -0.001647015
0.00358036 -0.002117591
0.00358196 -0.002352879
0.00358356 -0.002352879
0.00358516 -0.002117591
0.00358676 -0.002352879
0.00358836 -0.002117591
0.00358996 -0.001882303
0.00359156 -0.001882303
0.00359316 -0.002352879
0.00359476 -0.002823455
0.00359636 -0.003058743
0.00359796 -0.003764607
0.00359956 -0.003294031
0.00360116 -0.004705758
0.00360276 -0.003764607
0.00360436 -0.00447047
0.00360596 -0.003764607
0.00360756 -0.004705758
0.00360916 -0.004705758
0.00361076 -0.005411622
0.00361236 -0.004941046
0.00361396 -0.005176334
0.00361556 -0.00564691
0.00361716 -0.006117486
0.00361876 -0.005882198
0.00362036 -0.006117486
0.00362196 -0.00564691
0.00362356 -0.006588062
0.00362516 -0.007058638
0.00362676 -0.007058638
0.00362836 -0.007293925
0.00362996 -0.007293925
0.00363156 -0.00682335
0.00363316 -0.007999789
0.00363476 -0.007058638
0.00363636 -0.007999789
0.00363796 -0.007529213
0.00363956 -0.008235077
0.00364116 -0.007999789
0.00364276 -0.007999789
0.00364436 -0.007764501
0.00364596 -0.007293925
0.00364756 -0.007529213
0.00364916 -0.007293925
0.00365076 -0.007999789
0.00365236 -0.007529213
0.00365396 -0.007293925
0.00365556 -0.007293925
0.00365716 -0.007529213
0.00365876 -0.007293925
0.00366036 -0.007293925
0.00366196 -0.00682335
0.00366356 -0.007058638
0.00366516 -0.007058638
0.00366676 -0.006588062
0.00366836 -0.00682335
0.00366996 -0.006588062
0.00367156 -0.006352774
0.00367316 -0.006352774
0.00367476 -0.006352774
0.00367636 -0.006117486
0.00367796 -0.00564691
0.00367956 -0.005882198
0.00368116 -0.00564691
0.00368276 -0.004941046
0.00368436 -0.004705758
0.00368596 -0.004235183
0.00368756 -0.003999895
0.00368916 -0.00447047
0.00369076 -0.004705758
0.00369236 -0.003999895
0.00369396 -0.004235183
0.00369556 -0.003764607
0.00369716 -0.003764607
0.00369876 -0.003999895
0.00370036 -0.003529319
0.00370196 -0.003764607
0.00370356 -0.003999895
0.00370516 -0.002823455
0.00370676 -0.003764607
0.00370836 -0.003999895
0.00370996 -0.003764607
0.00371156 -0.003999895
0.00371316 -0.003529319
0.00371476 -0.003764607
0.00371636 -0.003764607
0.00371796 -0.003764607
0.00371956 -0.003058743
0.00372116 -0.003294031
0.00372276 -0.003529319
0.00372436 -0.003529319
0.00372596 -0.002588167
0.00372756 -0.002117591
0.00372916 -0.002117591
0.00373076 -0.002117591
0.00373236 -0.001882303
0.00373396 -0.001411728
0.00373556 -0.00117644
0.00373716 -0.0007058638
0.00373876 -0.0004705758
0.00374036 -0.0007058638
0.00374196 0.0004705758
0.00374356 0.0002352879
0.00374516 0
0.00374676 0.0004705758
0.00374836 0.0007058638
0.00374996 0.0002352879
0.00375156 0.0002352879
0.00375316 0.0004705758
0.00375476 0.0009411517
0.00375636 0
0.00375796 0
0.00375956 -0.0007058638
0.00376116 -0.0004705758
0.00376276 -0.0007058638
0.00376436 -0.00117644
0.00376596 -0.001411728
0.00376756 -0.001882303
0.00376916 -0.002352879
0.00377076 -0.002823455
0.00377236 -0.002588167
0.00377396 -0.003529319
0.00377556 -0.003529319
0.00377716 -0.004235183
0.00377876 -0.004705758
0.00378036 -0.004235183
0.00378196 -0.004941046
0.00378356 -0.005411622
0.00378516 -0.00564691
0.00378676 -0.005882198
0.00378836 -0.005882198
0.00378996 -0.006352774
0.00379156 -0.006588062
0.00379316 -0.006352774
0.00379476 -0.00682335
0.00379636 -0.006352774
0.00379796 -0.006117486
0.00379956 -0.00682335
0.00380116 -0.006588062
0.00380276 -0.007058638
0.00380436 -0.007293925
0.00380596 -0.00682335
0.00380756 -0.007764501
0.00380916 -0.007293925
0.00381076 -0.007529213
0.00381236 -0.007293925
0.00381396 -0.006588062
0.00381556 -0.007058638
0.00381716 -0.007293925
0.00381876 -0.007293925
0.00382036 -0.007058638
0.00382196 -0.007529213
0.00382356 -0.007529213
0.00382516 -0.00682335
0.00382676 -0.00682335
0.00382836 -0.007529213
0.00382996 -0.007058638
0.00383156 -0.007764501
0.00383316 -0.007764501
0.00383476 -0.007999789
0.00383636 -0.007999789
0.00383796 -0.008470365
0.00383956 -0.008235077
0.00384116 -0.008705653
0.00384276 -0.008470365
0.00384436 -0.009176229
0.00384596 -0.009411517
0.00384756 -0.009411517
0.00384916 -0.008940941
0.00385076 -0.009411517
0.00385236 -0.009411517
0.00385396 -0.009411517
0.00385556 -0.009882093
0.00385716 -0.009882093
0.00385876 -0.009646805
0.00386036 -0.01011738
0.00386196 -0.009646805
0.00386356 -0.01035267
0.00386516 -0.01011738
0.00386676 -0.01058796
0.00386836 -0.01058796
0.00386996 -0.01035267
0.00387156 -0.01082324
0.00387316 -0.01105853
0.00387476 -0.01129382
0.00387636 -0.01199968
0.00387796 -0.01199968
0.00387956 -0.01294084
0.00388116 -0.01247026
0.00388276 -0.01341141
0.00388436 -0.01341141
0.00388596 -0.01435256
0.00388756 -0.0136467
0.00388916 -0.01458785
0.00389076 -0.01435256
0.00389236 -0.01529371
0.00389396 -0.01482314
0.00389556 -0.015529
0.00389716 -0.01529371
0.00389876 -0.015529
0.00390036 -0.01529371
0.00390196 -0.01623487
0.00390356 -0.01599958
0.00390516 -0.01623487
0.00390676 -0.01599958
0.00390836 -0.01623487
0.00390996 -0.01623487
0.00391156 -0.01670544
0.00391316 -0.015529
0.00391476 -0.01647015
0.00391636 -0.01670544
0.00391796 -0.01623487
0.00391956 -0.01599958
0.00392116 -0.01599958
0.00392276 -0.015529
0.00392436 -0.01576429
0.00392596 -0.01505843
0.00392756 -0.01505843
0.00392916 -0.01482314
0.00393076 -0.01505843
0.00393236 -0.01388199
0.00393396 -0.01341141
0.00393556 -0.01294084
0.00393716 -0.01317612
0.00393876 -0.01294084
0.00394036 -0.01223497
0.00394196 -0.0117644
0.00394356 -0.0117644
0.00394516 -0.0117644
0.00394676 -0.01152911
0.00394836 -0.01082324
0.00394996 -0.01058796
0.00395156 -0.009882093
0.00395316 -0.01058796
0.00395476 -0.01035267
0.00395636 -0.01058796
0.00395796 -0.01035267
0.00395956 -0.01058796
0.00396116 -0.01011738
0.00396276 -0.01105853
0.00396436 -0.01035267
0.00396596 -0.009882093
0.00396756 -0.01058796
0.00396916 -0.01011738
0.00397076 -0.01035267
0.00397236 -0.01058796
0.00397396 -0.01058796
0.00397556 -0.01058796
0.00397716 -0.01035267
0.00397876 -0.01058796
0.00398036 -0.01105853
0.00398196 -0.01152911
0.00398356 -0.01152911
0.00398516 -0.01152911
0.00398676 -0.01199968
0.00398836 -0.01199968
0.00398996 -0.01199968
0.00399156 -0.0117644
0.00399316 -0.01152911
0.00399476 -0.0117644
0.00399636 -0.01270555
0.00399796 -0.01247026
0.00399956 -0.01247026
0.00400116 -0.01270555
0.00400276 -0.01223497
0.00400436 -0.01317612
0.00400596 -0.01223497
0.00400756 -0.01294084
0.00400916 -0.01247026
0.00401076 -0.01223497
0.00401236 -0.01223497
0.00401396 -0.01247026
0.00401556 -0.01152911
0.00401716 -0.0117644
0.00401876 -0.01129382
0.00402036 -0.01152911
0.00402196 -0.01058796
0.00402356 -0.01105853
0.00402516 -0.01058796
0.00402676 -0.01011738
0.00402836 -0.009176229
0.00402996 -0.009646805
0.00403156 -0.009411517
0.00403316 -0.009411517
0.00403476 -0.008705653
0.00403636 -0.008705653
0.00403796 -0.007999789
0.00403956 -0.008235077
0.00404116 -0.007529213
0.00404276 -0.007293925
0.00404436 -0.00682335
0.00404596 -0.00682335
0.00404756 -0.006588062
0.00404916 -0.006352774
0.00405076 -0.005882198
0.00405236 -0.006117486
0.00405396 -0.00564691
0.00405556 -0.00564691
0.00405716 -0.005882198
0.00405876 -0.005882198
0.00406036 -0.005882198
0.00406196 -0.005411622
0.00406356 -0.004941046
0.00406516 -0.00564691
0.00406676 -0.005882198
0.00406836 -0.006117486
0.00406996 -0.005882198
0.00407156 -0.00564691
0.00407316 -0.00564691
0.00407476 -0.006117486
0.00407636 -0.005882198
0.00407796 -0.006352774
0.00407956 -0.006117486
0.00408116 -0.006352774
0.00408276 -0.006588062
0.00408436 -0.006588062
0.00408596 -0.005882198
0.00408756 -0.006588062
0.00408916 -0.006117486
0.00409076 -0.006352774
0.00409236 -0.006352774
0.00409396 -0.005882198
0.00409556 -0.00564691
0.00409716 -0.005411622
0.00409876 -0.005176334
0.00410036 -0.005176334
0.00410196 -0.004705758
0.00410356 -0.00447047
0.00410516 -0.00447047
0.00410676 -0.004235183
0.00410836 -0.003529319
0.00410996 -0.003294031
0.00411156 -0.003294031
0.00411316 -0.003058743
0.00411476 -0.002352879
0.00411636 -0.002352879
0.00411796 -0.002588167
0.00411956 -0.001647015
0.00412116 -0.001882303
0.00412276 -0.002117591
0.00412436 -0.002117591
0.00412596 -0.00117644
0.00412756 -0.002588167
0.00412916 -0.001647015
0.00413076 -0.001411728
0.00413236 -0.001411728
0.00413396 -0.001882303
0.00413556 -0.001411728
0.00413716 -0.001882303
0.00413876 -0.001882303
0.00414036 -0.002117591
0.00414196 -0.001411728
0.00414356 -0.002117591
0.00414516 -0.001647015
0.00414676 -0.001411728
0.00414836 -0.00117644
0.00414996 -0.0009411517
0.00415156 -0.00117644
0.00415316 -0.00117644
0.00415476 -0.0004705758
0.00415636 -0.0007058638
0.00415796 -0.0007058638
0.00415956 -0.0007058638
0.00416116 -0.0002352879
0.00416276 0.0002352879
0.00416436 0.0002352879
0.00416596 0.0007058638
0.00416756 0.0007058638
0.00416916 0.0007058638
0.00417076 0.001411728
0.00417236 0.001411728
0.00417396 0.002117591
0.00417556 0.001882303
0.00417716 0.002117591
0.00417876 0.002352879
0.00418036 0.002823455
0.00418196 0.002823455
0.00418356 0.003294031
0.00418516 0.003764607
0.00418676 0.003529319
0.00418836 0.004235183
0.00418996 0.004235183
0.00419156 0.00447047
0.00419316 0.004705758
0.00419476 0.004941046
0.00419636 0.005176334
0.00419796 0.005882198
0.00419956 0.005176334
0.00420116 0.00564691
