LECROYWS4024HD 19320 Waveform
Segments 1 SegmentSize 3127
Segment TrigTime TimeSinceSegment1
#1 05-Jun-2024 16:48:12 0                 
Time Ampl
-0.000800715 0.0002352879
-0.000799115 0.0002352879
-0.000797515 0.0004705758
-0.000795915 0.0002352879
-0.000794315 0.0007058638
-0.000792715 0.0004705758
-0.000791115 0.0004705758
-0.000789515 0.0004705758
-0.000787915 0.0004705758
-0.000786315 0.0004705758
-0.000784715 0
-0.000783115 0.0004705758
-0.000781515 0.0002352879
-0.000779915 0.0002352879
-0.000778315 0.0002352879
-0.000776715 0.0004705758
-0.000775115 0.0004705758
-0.000773515 0.0009411517
-0.000771915 0.0004705758
-0.000770315 0.0004705758
-0.000768715 0.0007058638
-0.000767115 0.0002352879
-0.000765515 0.0007058638
-0.000763915 0.0002352879
-0.000762315 0.0007058638
-0.000760715 0.0004705758
-0.000759115 0.0002352879
-0.000757515 0.0002352879
-0.000755915 0.0009411517
-0.000754315 0
-0.000752715 0.0002352879
-0.000751115 0.0002352879
-0.000749515 0.0002352879
-0.000747915 0.0004705758
-0.000746315 0.0009411517
-0.000744715 0.0004705758
-0.000743115 0.0002352879
-0.000741515 0.0004705758
-0.000739915 0.0002352879
-0.000738315 0.0004705758
-0.000736715 0.0007058638
-0.000735115 0.0004705758
-0.000733515 0.0007058638
-0.000731915 0.0002352879
-0.000730315 0.0004705758
-0.000728715 0.0004705758
-0.000727115 0.0009411517
-0.000725515 0.0004705758
-0.000723915 0.0009411517
-0.000722315 0.0004705758
-0.000720715 0.0007058638
-0.000719115 0.0004705758
-0.000717515 0.0004705758
-0.000715915 0
-0.000714315 0.0004705758
-0.000712715 0.0004705758
-0.000711115 0.0002352879
-0.000709515 0.0002352879
-0.000707915 0.0007058638
-0.000706315 0
-0.000704715 0.0004705758
-0.000703115 0
-0.000701515 0.0002352879
-0.000699915 0.0004705758
-0.000698315 0.0004705758
-0.000696715 0.0007058638
-0.000695115 0.0007058638
-0.000693515 0.0002352879
-0.000691915 0
-0.000690315 0.0002352879
-0.000688715 0.0007058638
-0.000687115 0.0002352879
-0.000685515 0.0002352879
-0.000683915 0.0002352879
-0.000682315 0.0004705758
-0.000680715 0.0002352879
-0.000679115 0.0004705758
-0.000677515 0.0007058638
-0.000675915 0.0004705758
-0.000674315 0.0002352879
-0.000672715 0.0009411517
-0.000671115 0.0002352879
-0.000669515 0.0004705758
-0.000667915 0.0002352879
-0.000666315 0.0007058638
-0.000664715 0.0002352879
-0.000663115 0.0004705758
-0.000661515 0.0002352879
-0.000659915 0.0004705758
-0.000658315 -0.0002352879
-0.000656715 0.0002352879
-0.000655115 0.0002352879
-0.000653515 0.0002352879
-0.000651915 0.0004705758
-0.000650315 0.0002352879
-0.000648715 0.0002352879
-0.000647115 0.0007058638
-0.000645515 0.0002352879
-0.000643915 0.0002352879
-0.000642315 0.0004705758
-0.000640715 0.0002352879
-0.000639115 0.0002352879
-0.000637515 0.0009411517
-0.000635915 -0.0002352879
-0.000634315 0.0002352879
-0.000632715 0.0004705758
-0.000631115 0.0002352879
-0.000629515 0.0002352879
-0.000627915 0.0002352879
-0.000626315 0.0004705758
-0.000624715 0.0004705758
-0.000623115 0.0002352879
-0.000621515 0.0009411517
-0.000619915 0.0004705758
-0.000618315 0.0004705758
-0.000616715 0.0004705758
-0.000615115 0.0004705758
-0.000613515 0.0004705758
-0.000611915 0.0004705758
-0.000610315 0.0007058638
-0.000608715 0.0002352879
-0.000607115 0.0002352879
-0.000605515 0.0007058638
-0.000603915 0.0002352879
-0.000602315 0.0004705758
-0.000600715 0
-0.000599115 0.0009411517
-0.000597515 0.0004705758
-0.000595915 0.0007058638
-0.000594315 0
-0.000592715 0.0002352879
-0.000591115 0.0009411517
-0.000589515 0.0002352879
-0.000587915 0.0007058638
-0.000586315 0.0004705758
-0.000584715 0
-0.000583115 0.0004705758
-0.000581515 0.0009411517
-0.000579915 0.0002352879
-0.000578315 0.0004705758
-0.000576715 0.0007058638
-0.000575115 0.0002352879
-0.000573515 0
-0.000571915 0.0007058638
-0.000570315 0.0002352879
-0.000568715 0.0002352879
-0.000567115 0.0004705758
-0.000565515 0.0009411517
-0.000563915 0.0007058638
-0.000562315 0.0002352879
-0.000560715 0.0002352879
-0.000559115 0.0004705758
-0.000557515 0.0004705758
-0.000555915 0.0004705758
-0.000554315 0
-0.000552715 0.0009411517
-0.000551115 0.0007058638
-0.000549515 0.0004705758
-0.000547915 0.0002352879
-0.000546315 0.0009411517
-0.000544715 0.0009411517
-0.000543115 0.0004705758
-0.000541515 0.0007058638
-0.000539915 0.0004705758
-0.000538315 0.0009411517
-0.000536715 0.0002352879
-0.000535115 0.0009411517
-0.000533515 0.0007058638
-0.000531915 0.0004705758
-0.000530315 0.0004705758
-0.000528715 0.0004705758
-0.000527115 0.0002352879
-0.000525515 0.0007058638
-0.000523915 0.0002352879
-0.000522315 0.0007058638
-0.000520715 0.0009411517
-0.000519115 0.0007058638
-0.000517515 0.0004705758
-0.000515915 0.0004705758
-0.000514315 0.0009411517
-0.000512715 0.0004705758
-0.000511115 0.0007058638
-0.000509515 0.0004705758
-0.000507915 0.0009411517
-0.000506315 0.0004705758
-0.000504715 0.0004705758
-0.000503115 0.0004705758
-0.000501515 0.0007058638
-0.000499915 0.0007058638
-0.000498315 0.0004705758
-0.000496715 0.0007058638
-0.000495115 0.0002352879
-0.000493515 0
-0.000491915 0.0002352879
-0.000490315 0.0007058638
-0.000488715 0.0007058638
-0.000487115 0.0009411517
-0.000485515 0.0007058638
-0.000483915 0.0004705758
-0.000482315 0.0007058638
-0.000480715 0.0007058638
-0.000479115 0.0009411517
-0.000477515 0.0007058638
-0.000475915 0.0009411517
-0.000474315 0.0002352879
-0.000472715 0.0007058638
-0.000471115 0.0002352879
-0.000469515 0
-0.000467915 0.0004705758
-0.000466315 0.0002352879
-0.000464715 0.0004705758
-0.000463115 0.0007058638
-0.000461515 0.0007058638
-0.000459915 0.0007058638
-0.000458315 0.0004705758
-0.000456715 0.0007058638
-0.000455115 0.0007058638
-0.000453515 0.0007058638
-0.000451915 0.0009411517
-0.000450315 0.0009411517
-0.000448715 0.0004705758
-0.000447115 0.0007058638
-0.000445515 0.00117644
-0.000443915 0.0007058638
-0.000442315 0.0009411517
-0.000440715 0.0004705758
-0.000439115 0.0007058638
-0.000437515 0.0007058638
-0.000435915 0.0007058638
-0.000434315 0.0009411517
-0.000432715 0.0002352879
-0.000431115 0.0007058638
-0.000429515 0.0009411517
-0.000427915 0.0007058638
-0.000426315 0.0007058638
-0.000424715 0.0004705758
-0.000423115 0
-0.000421515 0.0002352879
-0.000419915 0.0004705758
-0.000418315 0.0007058638
-0.000416715 0.00117644
-0.000415115 0.0007058638
-0.000413515 0.0004705758
-0.000411915 0.0004705758
-0.000410315 0.0002352879
-0.000408715 0.00117644
-0.000407115 0.0009411517
-0.000405515 0.0004705758
-0.000403915 0.0007058638
-0.000402315 0.0004705758
-0.000400715 0.0004705758
-0.000399115 0.0004705758
-0.000397515 0.0004705758
-0.000395915 0.0004705758
-0.000394315 0.0007058638
-0.000392715 0.0004705758
-0.000391115 0.0004705758
-0.000389515 0.0004705758
-0.000387915 0.0007058638
-0.000386315 0.0004705758
-0.000384715 0.00117644
-0.000383115 0.0007058638
-0.000381515 0.0009411517
-0.000379915 0.0004705758
-0.000378315 0.0004705758
-0.000376715 0.0004705758
-0.000375115 0.0009411517
-0.000373515 0.0004705758
-0.000371915 0.0007058638
-0.000370315 0.0004705758
-0.000368715 0.0004705758
-0.000367115 0.0002352879
-0.000365515 0.0004705758
-0.000363915 0.0007058638
-0.000362315 0
-0.000360715 0.0009411517
-0.000359115 0.0002352879
-0.000357515 0.0009411517
-0.000355915 0.0002352879
-0.000354315 0.0007058638
-0.000352715 0.0007058638
-0.000351115 0.0009411517
-0.000349515 0.0009411517
-0.000347915 0.0002352879
-0.000346315 0.0002352879
-0.000344715 0.0004705758
-0.000343115 0.0002352879
-0.000341515 0.0002352879
-0.000339915 0.0004705758
-0.000338315 0.0002352879
-0.000336715 0
-0.000335115 0.0007058638
-0.000333515 0.0004705758
-0.000331915 0.00117644
-0.000330315 0.0004705758
-0.000328715 0.0004705758
-0.000327115 0.0007058638
-0.000325515 0.0007058638
-0.000323915 0.0004705758
-0.000322315 0.0007058638
-0.000320715 0.0009411517
-0.000319115 0.0002352879
-0.000317515 0.0002352879
-0.000315915 0.0004705758
-0.000314315 0.0004705758
-0.000312715 0.0002352879
-0.000311115 0.0007058638
-0.000309515 0.0004705758
-0.000307915 0.0004705758
-0.000306315 0.0002352879
-0.000304715 0.0007058638
-0.000303115 0
-0.000301515 0.0007058638
-0.000299915 0.0009411517
-0.000298315 0.0009411517
-0.000296715 0.0004705758
-0.000295115 0.0009411517
-0.000293515 0.0002352879
-0.000291915 0.0004705758
-0.000290315 0.0002352879
-0.000288715 0.0004705758
-0.000287115 0.0007058638
-0.000285515 0.00117644
-0.000283915 0.0007058638
-0.000282315 0.0009411517
-0.000280715 0.0009411517
-0.000279115 0.0002352879
-0.000277515 0.0007058638
-0.000275915 0.0007058638
-0.000274315 0.0007058638
-0.000272715 0.0002352879
-0.000271115 0.0009411517
-0.000269515 0.0009411517
-0.000267915 0.0007058638
-0.000266315 0.0009411517
-0.000264715 0.0004705758
-0.000263115 0.0004705758
-0.000261515 0.0004705758
-0.000259915 0.0004705758
-0.000258315 0.0002352879
-0.000256715 0.0007058638
-0.000255115 0.0007058638
-0.000253515 0
-0.000251915 0.0007058638
-0.000250315 0.0002352879
-0.000248715 -0.0002352879
-0.000247115 0.0004705758
-0.000245515 0.0004705758
-0.000243915 0.0004705758
-0.000242315 0.0007058638
-0.000240715 0.0004705758
-0.000239115 0.00117644
-0.000237515 0.0009411517
-0.000235915 0.0007058638
-0.000234315 0.0009411517
-0.000232715 0.0007058638
-0.000231115 0.00117644
-0.000229515 0.0004705758
-0.000227915 0.0004705758
-0.000226315 0.0002352879
-0.000224715 0.0007058638
-0.000223115 0.0007058638
-0.000221515 0.0007058638
-0.000219915 0.0002352879
-0.000218315 0.0007058638
-0.000216715 0.0004705758
-0.000215115 0.0007058638
-0.000213515 0.0009411517
-0.000211915 0.0002352879
-0.000210315 0.0004705758
-0.000208715 0.0004705758
-0.000207115 0.0004705758
-0.000205515 0.0002352879
-0.000203915 0.0004705758
-0.000202315 0.0007058638
-0.000200715 0
-0.000199115 0.0007058638
-0.000197515 0.0009411517
-0.000195915 0.0002352879
-0.000194315 0.0002352879
-0.000192715 0.0004705758
-0.000191115 0.0002352879
-0.000189515 0.0002352879
-0.000187915 0.00117644
-0.000186315 0.0007058638
-0.000184715 0.0004705758
-0.000183115 0.0007058638
-0.000181515 0.0004705758
-0.000179915 0.0004705758
-0.000178315 0.0007058638
-0.000176715 0.0002352879
-0.000175115 0.0007058638
-0.000173515 0.0007058638
-0.000171915 0.0002352879
-0.000170315 0.0004705758
-0.000168715 0.0002352879
-0.000167115 0.0007058638
-0.000165515 0.0002352879
-0.000163915 0.0009411517
-0.000162315 0.0007058638
-0.000160715 0.0002352879
-0.000159115 0.0004705758
-0.000157515 0.0004705758
-0.000155915 0
-0.000154315 0.0007058638
-0.000152715 0.0009411517
-0.000151115 0.0004705758
-0.000149515 0.0002352879
-0.000147915 0.0007058638
-0.000146315 0.00117644
-0.000144715 0.0007058638
-0.000143115 0.0004705758
-0.000141515 0.0007058638
-0.000139915 0.0004705758
-0.000138315 0.0007058638
-0.000136715 0.0002352879
-0.000135115 0.0004705758
-0.000133515 0.0004705758
-0.000131915 0.0002352879
-0.000130315 0.0002352879
-0.000128715 0.0002352879
-0.000127115 0.0009411517
-0.000125515 0.0002352879
-0.000123915 0.0004705758
-0.000122315 0.0004705758
-0.000120715 0
-0.000119115 0.0007058638
-0.000117515 0.0007058638
-0.000115915 0
-0.000114315 0.0004705758
-0.000112715 0.0009411517
-0.000111115 0.0004705758
-0.000109515 0.0004705758
-0.000107915 0.0007058638
-0.000106315 0.0007058638
-0.000104715 0.0007058638
-0.000103115 0.0007058638
-0.000101515 0.0004705758
-9.9915e-005 0.00117644
-9.8315e-005 0.0004705758
-9.6715e-005 0.0009411517
-9.5115e-005 0.0009411517
-9.3515e-005 0.0002352879
-9.1915e-005 0.0002352879
-9.0315e-005 0.0007058638
-8.8715e-005 0.00117644
-8.7115e-005 0.001411728
-8.5515e-005 0.001882303
-8.3915e-005 0.001411728
-8.2315e-005 -0.0009411517
-8.0715e-005 -0.002823455
-7.9115e-005 -0.005411622
-7.7515e-005 -0.007293925
-7.5915e-005 -0.01129382
-7.4315e-005 -0.01458785
-7.2715e-005 -0.01764659
-7.1115e-005 -0.02352879
-6.9515e-005 -0.03082272
-6.7915e-005 -0.03882251
-6.6315e-005 -0.05082219
-6.4715e-005 -0.06282187
-6.3115e-005 -0.07505685
-6.1515e-005 -0.08870354
-5.9915e-005 -0.1014091
-5.8315e-005 -0.1117618
-5.6715e-005 -0.1230556
-5.5115e-005 -0.1319965
-5.3515e-005 -0.1423492
-5.1915e-005 -0.151996
-5.0315e-005 -0.1609369
-4.8715e-005 -0.1689367
-4.7115e-005 -0.1757601
-4.5515e-005 -0.1804658
-4.3915e-005 -0.1792894
-4.2315e-005 -0.1712896
-4.0715e-005 -0.1557606
-3.9115e-005 -0.13482
-3.7515e-005 -0.1141146
-3.5915e-005 -0.09693862
-3.4315e-005 -0.08493894
-3.2715e-005 -0.07858616
-3.1115e-005 -0.07529213
-2.9515e-005 -0.07152753
-2.7915e-005 -0.06376303
-2.6315e-005 -0.05482208
-2.4715e-005 -0.04493999
-2.3115e-005 -0.03435204
-2.1515e-005 -0.02423466
-1.9915e-005 -0.01811717
-1.8315e-005 -0.01505843
-1.6715e-005 -0.01411728
-1.5115e-005 -0.0136467
-1.3515e-005 -0.01223497
-1.1915e-005 -0.009176229
-1.0315e-005 -0.00564691
-8.715e-006 -0.003058743
-7.115e-006 -0.001647015
-5.515e-006 -0.002117591
-3.915e-006 -0.003764607
-2.315e-006 -0.003764607
-7.15e-007 -0.001647015
8.85e-007 0.002117591
2.485e-006 0.007764501
4.085e-006 0.0136467
5.685e-006 0.01764659
7.285e-006 0.02094062
8.885e-006 0.02352879
1.0485e-005 0.02376408
1.2085e-005 0.0214112
1.3685e-005 0.01647015
1.5285e-005 0.009646805
1.6885e-005 0.003999895
1.8485e-005 0.0004705758
2.0085e-005 0.0002352879
2.1685e-005 0.002352879
2.3285e-005 0.004705758
2.4885e-005 0.004705758
2.6485e-005 0.00117644
2.8085e-005 -0.003529319
2.9685e-005 -0.009882093
3.1285e-005 -0.01505843
3.2885e-005 -0.01835246
3.4485e-005 -0.02023476
3.6085e-005 -0.01976419
3.7685e-005 -0.01976419
3.9285e-005 -0.01882303
4.0885e-005 -0.0195289
4.2485e-005 -0.02282293
4.4085e-005 -0.0291757
4.5685e-005 -0.03835193
4.7285e-005 -0.05082219
4.8885e-005 -0.0623513
5.0485e-005 -0.07317454
5.2085e-005 -0.0818802
5.3685e-005 -0.08823297
5.5285e-005 -0.09105642
5.6885e-005 -0.09176229
5.8485e-005 -0.09105642
6.0085e-005 -0.08870354
6.1685e-005 -0.0856448
6.3285e-005 -0.0818802
6.4885e-005 -0.07858616
6.6485e-005 -0.07623329
6.8085e-005 -0.07435098
6.9685e-005 -0.07364512
7.1285e-005 -0.07246868
7.2885e-005 -0.07176281
7.4485e-005 -0.07058638
7.6085e-005 -0.06917465
7.7685e-005 -0.06682177
7.9285e-005 -0.06399831
8.0885e-005 -0.06070428
8.2485e-005 -0.05858669
8.4085e-005 -0.05788083
8.5685e-005 -0.05929256
8.7285e-005 -0.06211601
8.8885e-005 -0.06588062
9.0485e-005 -0.06870407
9.2085e-005 -0.06988051
9.3685e-005 -0.0682335
9.5285e-005 -0.06541004
9.6885e-005 -0.05976313
9.8485e-005 -0.05482208
0.000100085 -0.05011633
0.000101685 -0.04799874
0.000103285 -0.0468223
0.000104885 -0.0468223
0.000106485 -0.04776345
0.000108085 -0.04988104
0.000109685 -0.0505869
0.000111285 -0.05105748
0.000112885 -0.05105748
0.000114485 -0.0505869
0.000116085 -0.05035161
0.000117685 -0.05011633
0.000119285 -0.05035161
0.000120885 -0.05152805
0.000122485 -0.05105748
0.000124085 -0.05129277
0.000125685 -0.05105748
0.000127285 -0.05011633
0.000128885 -0.04893989
0.000130485 -0.04635172
0.000132085 -0.04376355
0.000133685 -0.04117539
0.000135285 -0.03976366
0.000136885 -0.03835193
0.000138485 -0.0369402
0.000140085 -0.03458732
0.000141685 -0.03341088
0.000143285 -0.03176387
0.000144885 -0.03129329
0.000146485 -0.03176387
0.000148085 -0.03246973
0.000149685 -0.0331756
0.000151285 -0.03435204
0.000152885 -0.03364617
0.000154485 -0.03270502
0.000156085 -0.03199916
0.000157685 -0.03129329
0.000159285 -0.03035214
0.000160885 -0.0291757
0.000162485 -0.02799926
0.000164085 -0.02776397
0.000165685 -0.02705811
0.000167285 -0.02611696
0.000168885 -0.02399937
0.000170485 -0.02211706
0.000172085 -0.01976419
0.000173685 -0.01811717
0.000175285 -0.01788188
0.000176885 -0.01882303
0.000178485 -0.02117591
0.000180085 -0.02446994
0.000181685 -0.0291757
0.000183285 -0.03529319
0.000184885 -0.04188125
0.000186485 -0.04846931
0.000188085 -0.05388093
0.000189685 -0.05741025
0.000191285 -0.05952784
0.000192885 -0.05929256
0.000194485 -0.05811612
0.000196085 -0.05552795
0.000197685 -0.05223392
0.000199285 -0.04658701
0.000200885 -0.04235183
0.000202485 -0.03764607
0.000204085 -0.03388146
0.000205685 -0.03082272
0.000207285 -0.02705811
0.000208885 -0.02305822
0.000210485 -0.01905832
0.000212085 -0.01505843
0.000213685 -0.01270555
0.000215285 -0.01247026
0.000216885 -0.01435256
0.000218485 -0.01694073
0.000220085 -0.02070534
0.000221685 -0.02470523
0.000223285 -0.02776397
0.000224885 -0.03105801
0.000226485 -0.03364617
0.000228085 -0.03529319
0.000229685 -0.03529319
0.000231285 -0.03552848
0.000232885 -0.03646963
0.000234485 -0.03646963
0.000236085 -0.03858722
0.000237685 -0.04235183
0.000239285 -0.04611643
0.000240885 -0.04964575
0.000242485 -0.05364565
0.000244085 -0.05717496
0.000245685 -0.06117486
0.000247285 -0.0642336
0.000248885 -0.06588062
0.000250485 -0.06729234
0.000252085 -0.06776292
0.000253685 -0.06776292
0.000255285 -0.06776292
0.000256885 -0.06705706
0.000258485 -0.0661159
0.000260085 -0.06282187
0.000261685 -0.05976313
0.000263285 -0.05576324
0.000264885 -0.05199863
0.000266485 -0.04776345
0.000268085 -0.04305769
0.000269685 -0.03882251
0.000271285 -0.03411675
0.000272885 -0.02894041
0.000274485 -0.02564638
0.000276085 -0.02211706
0.000277685 -0.01976419
0.000279285 -0.01741131
0.000280885 -0.01623487
0.000282485 -0.01529371
0.000284085 -0.01505843
0.000285685 -0.01529371
0.000287285 -0.01670544
0.000288885 -0.01929361
0.000290485 -0.02188178
0.000292085 -0.02352879
0.000293685 -0.02470523
0.000295285 -0.02564638
0.000296885 -0.02494052
0.000298485 -0.02376408
0.000300085 -0.02188178
0.000301685 -0.01999947
0.000303285 -0.01788188
0.000304885 -0.01482314
0.000306485 -0.01270555
0.000308085 -0.01011738
0.000309685 -0.008940941
0.000311285 -0.007529213
0.000312885 -0.00682335
0.000314485 -0.006588062
0.000316085 -0.007058638
0.000317685 -0.007293925
0.000319285 -0.007529213
0.000320885 -0.007529213
0.000322485 -0.007529213
0.000324085 -0.008470365
0.000325685 -0.009176229
0.000327285 -0.01082324
0.000328885 -0.01317612
0.000330485 -0.01482314
0.000332085 -0.01576429
0.000333685 -0.01576429
0.000335285 -0.01529371
0.000336885 -0.01388199
0.000338485 -0.01247026
0.000340085 -0.01199968
0.000341685 -0.01129382
0.000343285 -0.01129382
0.000344885 -0.01247026
0.000346485 -0.01270555
0.000348085 -0.01341141
0.000349685 -0.0136467
0.000351285 -0.01411728
0.000352885 -0.01529371
0.000354485 -0.01576429
0.000356085 -0.01599958
0.000357685 -0.01623487
0.000359285 -0.01458785
0.000360885 -0.0136467
0.000362485 -0.01152911
0.000364085 -0.01011738
0.000365685 -0.009646805
0.000367285 -0.009411517
0.000368885 -0.008940941
0.000370485 -0.01011738
0.000372085 -0.01152911
0.000373685 -0.01199968
0.000375285 -0.01199968
0.000376885 -0.01317612
0.000378485 -0.01388199
0.000380085 -0.01482314
0.000381685 -0.01623487
0.000383285 -0.01764659
0.000384885 -0.01929361
0.000386485 -0.02047005
0.000388085 -0.02164649
0.000389685 -0.02235235
0.000391285 -0.02235235
0.000392885 -0.02164649
0.000394485 -0.02023476
0.000396085 -0.01764659
0.000397685 -0.01623487
0.000399285 -0.01505843
0.000400885 -0.01388199
0.000402485 -0.01411728
0.000404085 -0.01388199
0.000405685 -0.01341141
0.000407285 -0.01294084
0.000408885 -0.01223497
0.000410485 -0.01105853
0.000412085 -0.008940941
0.000413685 -0.008470365
0.000415285 -0.007293925
0.000416885 -0.006117486
0.000418485 -0.005176334
0.000420085 -0.004235183
0.000421685 -0.002588167
0.000423285 -0.0002352879
0.000424885 0.00117644
0.000426485 0.003529319
0.000428085 0.004705758
0.000429685 0.005176334
0.000431285 0.006117486
0.000432885 0.00682335
0.000434485 0.007529213
0.000436085 0.009176229
0.000437685 0.01082324
0.000439285 0.01223497
0.000440885 0.01411728
0.000442485 0.01505843
0.000444085 0.01670544
0.000445685 0.01764659
0.000447285 0.01835246
0.000448885 0.01882303
0.000450485 0.01858775
0.000452085 0.01764659
0.000453685 0.01505843
0.000455285 0.01317612
0.000456885 0.01152911
0.000458485 0.009646805
0.000460085 0.007999789
0.000461685 0.007529213
0.000463285 0.007293925
0.000464885 0.007058638
0.000466485 0.007529213
0.000468085 0.007058638
0.000469685 0.00682335
0.000471285 0.00682335
0.000472885 0.00682335
0.000474485 0.006352774
0.000476085 0.006117486
0.000477685 0.005411622
0.000479285 0.004705758
0.000480885 0.005411622
0.000482485 0.00564691
0.000484085 0.006588062
0.000485685 0.008470365
0.000487285 0.01082324
0.000488885 0.01199968
0.000490485 0.01435256
0.000492085 0.01576429
0.000493685 0.01717602
0.000495285 0.01976419
0.000496885 0.02117591
0.000498485 0.02258764
0.000500085 0.02376408
0.000501685 0.02305822
0.000503285 0.02164649
0.000504885 0.01976419
0.000506485 0.01670544
0.000508085 0.01341141
0.000509685 0.01082324
0.000511285 0.007529213
0.000512885 0.005176334
0.000514485 0.002588167
0.000516085 0.001411728
0.000517685 -0.00117644
0.000519285 -0.002588167
0.000520885 -0.003764607
0.000522485 -0.006352774
0.000524085 -0.008235077
0.000525685 -0.009882093
0.000527285 -0.01129382
0.000528885 -0.01294084
0.000530485 -0.01294084
0.000532085 -0.01317612
0.000533685 -0.01341141
0.000535285 -0.01317612
0.000536885 -0.01411728
0.000538485 -0.0136467
0.000540085 -0.01435256
0.000541685 -0.0136467
0.000543285 -0.01317612
0.000544885 -0.01129382
0.000546485 -0.009646805
0.000548085 -0.007529213
0.000549685 -0.004705758
0.000551285 -0.002352879
0.000552885 -0.0007058638
0.000554485 0.0009411517
0.000556085 0.003058743
0.000557685 0.00447047
0.000559285 0.00564691
0.000560885 0.007999789
0.000562485 0.01058796
0.000564085 0.01317612
0.000565685 0.01694073
0.000567285 0.01976419
0.000568885 0.02305822
0.000570485 0.02658753
0.000572085 0.03035214
0.000573685 0.03341088
0.000575285 0.03623434
0.000576885 0.03811664
0.000578485 0.0409401
0.000580085 0.04235183
0.000581685 0.04376355
0.000583285 0.04493999
0.000584885 0.0468223
0.000586485 0.04752816
0.000588085 0.04917517
0.000589685 0.04988104
0.000591285 0.05035161
0.000592885 0.0505869
0.000594485 0.05035161
0.000596085 0.04988104
0.000597685 0.0487046
0.000599285 0.04776345
0.000600885 0.0468223
0.000602485 0.04517528
0.000604085 0.04376355
0.000605685 0.0428224
0.000607285 0.0409401
0.000608885 0.03882251
0.000610485 0.0369402
0.000612085 0.03552848
0.000613685 0.03341088
0.000615285 0.03176387
0.000616885 0.03105801
0.000618485 0.0291757
0.000620085 0.02799926
0.000621685 0.02658753
0.000623285 0.02517581
0.000624885 0.02352879
0.000626485 0.02211706
0.000628085 0.02023476
0.000629685 0.01811717
0.000631285 0.01576429
0.000632885 0.015529
0.000634485 0.01411728
0.000636085 0.01458785
0.000637685 0.0136467
0.000639285 0.01411728
0.000640885 0.0136467
0.000642485 0.01458785
0.000644085 0.01529371
0.000645685 0.01670544
0.000647285 0.01788188
0.000648885 0.01976419
0.000650485 0.02117591
0.000652085 0.02235235
0.000653685 0.02258764
0.000655285 0.02282293
0.000656885 0.02282293
0.000658485 0.02258764
0.000660085 0.02117591
0.000661685 0.02023476
0.000663285 0.01929361
0.000664885 0.01764659
0.000666485 0.01694073
0.000668085 0.01647015
0.000669685 0.01599958
0.000671285 0.015529
0.000672885 0.01458785
0.000674485 0.01458785
0.000676085 0.01505843
0.000677685 0.015529
0.000679285 0.01647015
0.000680885 0.01741131
0.000682485 0.01929361
0.000684085 0.02117591
0.000685685 0.02376408
0.000687285 0.02682282
0.000688885 0.03011685
0.000690485 0.03270502
0.000692085 0.03529319
0.000693685 0.03811664
0.000695285 0.04023423
0.000696885 0.0428224
0.000698485 0.0447047
0.000700085 0.04635172
0.000701685 0.04846931
0.000703285 0.04988104
0.000704885 0.05152805
0.000706485 0.05388093
0.000708085 0.05552795
0.000709685 0.05717496
0.000711285 0.05811612
0.000712885 0.05929256
0.000714485 0.06070428
0.000716085 0.06211601
0.000717685 0.06305716
0.000719285 0.06399831
0.000720885 0.06541004
0.000722485 0.06705706
0.000724085 0.06893936
0.000725685 0.0701158
0.000727285 0.07082166
0.000728885 0.07105695
0.000730485 0.07152753
0.000732085 0.07105695
0.000733685 0.07152753
0.000735285 0.07129224
0.000736885 0.07176281
0.000738485 0.07129224
0.000740085 0.0719981
0.000741685 0.07223339
0.000743285 0.07270397
0.000744885 0.07317454
0.000746485 0.07293925
0.000748085 0.07293925
0.000749685 0.07388041
0.000751285 0.07270397
0.000752885 0.07411569
0.000754485 0.07340983
0.000756085 0.07364512
0.000757685 0.07340983
0.000759285 0.07246868
0.000760885 0.07129224
0.000762485 0.06893936
0.000764085 0.06658648
0.000765685 0.06376303
0.000767285 0.06070428
0.000768885 0.05693968
0.000770485 0.05364565
0.000772085 0.04941046
0.000773685 0.04705758
0.000775285 0.04446942
0.000776885 0.04258711
0.000778485 0.04046952
0.000780085 0.03835193
0.000781685 0.0369402
0.000783285 0.03599905
0.000784885 0.03458732
0.000786485 0.03388146
0.000788085 0.03341088
0.000789685 0.03246973
0.000791285 0.03152858
0.000792885 0.03058743
0.000794485 0.02964628
0.000796085 0.02964628
0.000797685 0.02988157
0.000799285 0.03035214
0.000800885 0.03035214
0.000802485 0.03199916
0.000804085 0.03294031
0.000805685 0.03388146
0.000807285 0.03529319
0.000808885 0.03717549
0.000810485 0.03858722
0.000812085 0.04070481
0.000813685 0.0428224
0.000815285 0.04493999
0.000816885 0.04729287
0.000818485 0.04823402
0.000820085 0.04941046
0.000821685 0.05035161
0.000823285 0.04988104
0.000824885 0.04941046
0.000826485 0.04964575
0.000828085 0.04823402
0.000829685 0.04729287
0.000831285 0.04588114
0.000832885 0.0447047
0.000834485 0.04446942
0.000836085 0.04329298
0.000837685 0.04235183
0.000839285 0.04188125
0.000840885 0.04141067
0.000842485 0.04023423
0.000844085 0.03999895
0.000845685 0.03952837
0.000847285 0.03929308
0.000848885 0.03952837
0.000850485 0.03999895
0.000852085 0.0409401
0.000853685 0.04117539
0.000855285 0.04235183
0.000856885 0.04376355
0.000858485 0.0447047
0.000860085 0.04705758
0.000861685 0.04823402
0.000863285 0.05082219
0.000864885 0.05223392
0.000866485 0.05435151
0.000868085 0.05599852
0.000869685 0.05693968
0.000871285 0.05811612
0.000872885 0.05905727
0.000874485 0.06046899
0.000876085 0.06093957
0.000877685 0.06141015
0.000879285 0.06117486
0.000880885 0.06070428
0.000882485 0.06023371
0.000884085 0.05999842
0.000885685 0.05952784
0.000887285 0.05905727
0.000888885 0.05976313
0.000890485 0.05976313
0.000892085 0.05976313
0.000893685 0.05929256
0.000895285 0.05976313
0.000896885 0.05999842
0.000898485 0.05999842
0.000900085 0.06023371
0.000901685 0.05976313
0.000903285 0.05905727
0.000904885 0.05788083
0.000906485 0.05693968
0.000908085 0.05576324
0.000909685 0.05411622
0.000911285 0.05270449
0.000912885 0.05082219
0.000914485 0.04988104
0.000916085 0.04776345
0.000917685 0.04705758
0.000919285 0.04635172
0.000920885 0.04588114
0.000922485 0.04588114
0.000924085 0.04541057
0.000925685 0.04564586
0.000927285 0.04588114
0.000928885 0.04541057
0.000930485 0.04541057
0.000932085 0.04611643
0.000933685 0.04517528
0.000935285 0.04493999
0.000936885 0.04517528
0.000938485 0.04423413
0.000940085 0.0447047
0.000941685 0.04446942
0.000943285 0.0447047
0.000944885 0.04352826
0.000946485 0.04376355
0.000948085 0.04329298
0.000949685 0.04329298
0.000951285 0.04329298
0.000952885 0.04329298
0.000954485 0.0428224
0.000956085 0.04305769
0.000957685 0.04329298
0.000959285 0.04399884
0.000960885 0.04493999
0.000962485 0.04588114
0.000964085 0.04658701
0.000965685 0.04776345
0.000967285 0.04893989
0.000968885 0.04988104
0.000970485 0.04964575
0.000972085 0.05011633
0.000973685 0.04988104
0.000975285 0.04988104
0.000976885 0.04893989
0.000978485 0.04846931
0.000980085 0.04729287
0.000981685 0.0468223
0.000983285 0.04588114
0.000984885 0.04564586
0.000986485 0.04564586
0.000988085 0.04564586
0.000989685 0.04588114
0.000991285 0.04635172
0.000992885 0.04611643
0.000994485 0.0468223
0.000996085 0.04705758
0.000997685 0.04823402
0.000999285 0.04846931
0.001000885 0.04846931
0.001002485 0.04917517
0.001004085 0.04941046
0.001005685 0.05011633
0.001007285 0.04988104
0.001008885 0.05035161
0.001010485 0.05105748
0.001012085 0.05152805
0.001013685 0.05152805
0.001015285 0.05199863
0.001016885 0.05176334
0.001018485 0.05129277
0.001020085 0.05199863
0.001021685 0.05223392
0.001023285 0.05341036
0.001024885 0.05341036
0.001026485 0.05435151
0.001028085 0.05388093
0.001029685 0.05364565
0.001031285 0.05341036
0.001032885 0.05293978
0.001034485 0.05246921
0.001036085 0.05223392
0.001037685 0.05223392
0.001039285 0.05199863
0.001040885 0.05223392
0.001042485 0.05317507
0.001044085 0.05270449
0.001045685 0.05341036
0.001047285 0.05293978
0.001048885 0.05317507
0.001050485 0.05270449
0.001052085 0.05199863
0.001053685 0.05105748
0.001055285 0.05035161
0.001056885 0.04964575
0.001058485 0.04846931
0.001060085 0.04705758
0.001061685 0.04588114
0.001063285 0.04376355
0.001064885 0.04211654
0.001066485 0.04070481
0.001068085 0.03952837
0.001069685 0.03764607
0.001071285 0.03764607
0.001072885 0.03717549
0.001074485 0.03670492
0.001076085 0.0369402
0.001077685 0.03764607
0.001079285 0.0369402
0.001080885 0.03717549
0.001082485 0.03741078
0.001084085 0.03741078
0.001085685 0.03741078
0.001087285 0.03741078
0.001088885 0.03670492
0.001090485 0.0369402
0.001092085 0.03717549
0.001093685 0.03670492
0.001095285 0.03646963
0.001096885 0.03599905
0.001098485 0.03529319
0.001100085 0.03552848
0.001101685 0.03458732
0.001103285 0.03411675
0.001104885 0.03435204
0.001106485 0.03388146
0.001108085 0.03388146
0.001109685 0.03388146
0.001111285 0.03482261
0.001112885 0.03623434
0.001114485 0.03764607
0.001116085 0.03976366
0.001117685 0.04235183
0.001119285 0.04446942
0.001120885 0.0468223
0.001122485 0.04964575
0.001124085 0.05293978
0.001125685 0.05576324
0.001127285 0.05811612
0.001128885 0.05999842
0.001130485 0.06258659
0.001132085 0.06376303
0.001133685 0.06588062
0.001135285 0.0661159
0.001136885 0.06682177
0.001138485 0.06658648
0.001140085 0.06564533
0.001141685 0.0642336
0.001143285 0.06258659
0.001144885 0.06093957
0.001146485 0.05999842
0.001148085 0.05788083
0.001149685 0.0564691
0.001151285 0.05552795
0.001152885 0.05529266
0.001154485 0.05411622
0.001156085 0.05388093
0.001157685 0.05364565
0.001159285 0.05388093
0.001160885 0.05411622
0.001162485 0.05482208
0.001164085 0.05576324
0.001165685 0.05599852
0.001167285 0.05741025
0.001168885 0.05858669
0.001170485 0.05952784
0.001172085 0.06046899
0.001173685 0.06141015
0.001175285 0.06211601
0.001176885 0.06258659
0.001178485 0.06305716
0.001180085 0.06282187
0.001181685 0.06282187
0.001183285 0.06329245
0.001184885 0.06329245
0.001186485 0.06282187
0.001188085 0.06211601
0.001189685 0.06093957
0.001191285 0.06093957
0.001192885 0.06023371
0.001194485 0.05976313
0.001196085 0.05929256
0.001197685 0.05882198
0.001199285 0.05858669
0.001200885 0.0583514
0.001202485 0.05717496
0.001204085 0.05693968
0.001205685 0.05623381
0.001207285 0.05552795
0.001208885 0.05529266
0.001210485 0.05435151
0.001212085 0.05341036
0.001213685 0.05270449
0.001215285 0.05082219
0.001216885 0.04941046
0.001218485 0.04776345
0.001220085 0.04611643
0.001221685 0.04423413
0.001223285 0.04235183
0.001224885 0.04023423
0.001226485 0.03811664
0.001228085 0.03576376
0.001229685 0.03411675
0.001231285 0.03246973
0.001232885 0.03082272
0.001234485 0.02870513
0.001236085 0.02752869
0.001237685 0.02588167
0.001239285 0.0254111
0.001240885 0.02446994
0.001242485 0.02376408
0.001244085 0.02376408
0.001245685 0.02470523
0.001247285 0.02517581
0.001248885 0.02564638
0.001250485 0.02705811
0.001252085 0.02752869
0.001253685 0.02799926
0.001255285 0.02799926
0.001256885 0.0291757
0.001258485 0.02941099
0.001260085 0.02941099
0.001261685 0.02964628
0.001263285 0.02941099
0.001264885 0.02988157
0.001266485 0.0291757
0.001268085 0.02941099
0.001269685 0.02941099
0.001271285 0.02894041
0.001272885 0.02846984
0.001274485 0.02776397
0.001276085 0.02752869
0.001277685 0.02658753
0.001279285 0.02611696
0.001280885 0.02635225
0.001282485 0.02588167
0.001284085 0.02611696
0.001285685 0.02658753
0.001287285 0.02658753
0.001288885 0.02682282
0.001290485 0.02752869
0.001292085 0.02846984
0.001293685 0.02846984
0.001295285 0.02941099
0.001296885 0.02988157
0.001298485 0.03058743
0.001300085 0.03058743
0.001301685 0.03129329
0.001303285 0.03058743
0.001304885 0.03082272
0.001306485 0.03035214
0.001308085 0.02988157
0.001309685 0.02964628
0.001311285 0.02964628
0.001312885 0.0291757
0.001314485 0.02870513
0.001316085 0.02870513
0.001317685 0.02823455
0.001319285 0.02823455
0.001320885 0.02776397
0.001322485 0.02752869
0.001324085 0.02752869
0.001325685 0.02705811
0.001327285 0.02658753
0.001328885 0.02564638
0.001330485 0.02470523
0.001332085 0.0232935
0.001333685 0.02235235
0.001335285 0.02164649
0.001336885 0.02047005
0.001338485 0.01929361
0.001340085 0.01788188
0.001341685 0.01717602
0.001343285 0.01694073
0.001344885 0.01576429
0.001346485 0.01482314
0.001348085 0.01435256
0.001349685 0.01317612
0.001351285 0.01199968
0.001352885 0.01223497
0.001354485 0.01129382
0.001356085 0.01035267
0.001357685 0.009411517
0.001359285 0.009176229
0.001360885 0.008235077
0.001362485 0.007293925
0.001364085 0.00564691
0.001365685 0.00564691
0.001367285 0.005176334
0.001368885 0.004705758
0.001370485 0.00447047
0.001372085 0.003999895
0.001373685 0.003999895
0.001375285 0.003529319
0.001376885 0.002588167
0.001378485 0.001411728
0.001380085 -0.0004705758
0.001381685 -0.001647015
0.001383285 -0.003764607
0.001384885 -0.005882198
0.001386485 -0.008235077
0.001388085 -0.01035267
0.001389685 -0.01223497
0.001391285 -0.01435256
0.001392885 -0.01647015
0.001394485 -0.01788188
0.001396085 -0.01905832
0.001397685 -0.02047005
0.001399285 -0.02070534
0.001400885 -0.02164649
0.001402485 -0.0214112
0.001404085 -0.0214112
0.001405685 -0.0214112
0.001407285 -0.02023476
0.001408885 -0.01905832
0.001410485 -0.01811717
0.001412085 -0.01623487
0.001413685 -0.015529
0.001415285 -0.01458785
0.001416885 -0.0136467
0.001418485 -0.01270555
0.001420085 -0.01223497
0.001421685 -0.01152911
0.001423285 -0.01105853
0.001424885 -0.01129382
0.001426485 -0.01082324
0.001428085 -0.01082324
0.001429685 -0.009882093
0.001431285 -0.008705653
0.001432885 -0.008470365
0.001434485 -0.007529213
0.001436085 -0.007058638
0.001437685 -0.00682335
0.001439285 -0.005411622
0.001440885 -0.005411622
0.001442485 -0.004235183
0.001444085 -0.00447047
0.001445685 -0.003529319
0.001447285 -0.003529319
0.001448885 -0.002588167
0.001450485 -0.002588167
0.001452085 -0.002588167
0.001453685 -0.002588167
0.001455285 -0.003294031
0.001456885 -0.003529319
0.001458485 -0.004941046
0.001460085 -0.00564691
0.001461685 -0.00682335
0.001463285 -0.008940941
0.001464885 -0.009411517
0.001466485 -0.01082324
0.001468085 -0.01223497
0.001469685 -0.01317612
0.001471285 -0.01317612
0.001472885 -0.01388199
0.001474485 -0.01482314
0.001476085 -0.01599958
0.001477685 -0.01623487
0.001479285 -0.01811717
0.001480885 -0.01788188
0.001482485 -0.01905832
0.001484085 -0.01929361
0.001485685 -0.01999947
0.001487285 -0.02070534
0.001488885 -0.02117591
0.001490485 -0.02258764
0.001492085 -0.0232935
0.001493685 -0.02352879
0.001495285 -0.02423466
0.001496885 -0.02470523
0.001498485 -0.02446994
0.001500085 -0.02494052
0.001501685 -0.02470523
0.001503285 -0.02399937
0.001504885 -0.02470523
0.001506485 -0.02399937
0.001508085 -0.02446994
0.001509685 -0.02446994
0.001511285 -0.02470523
0.001512885 -0.02517581
0.001514485 -0.0254111
0.001516085 -0.02611696
0.001517685 -0.02682282
0.001519285 -0.02752869
0.001520885 -0.02846984
0.001522485 -0.02894041
0.001524085 -0.03035214
0.001525685 -0.03176387
0.001527285 -0.03270502
0.001528885 -0.03364617
0.001530485 -0.03482261
0.001532085 -0.03576376
0.001533685 -0.03670492
0.001535285 -0.03788135
0.001536885 -0.03741078
0.001538485 -0.03835193
0.001540085 -0.03811664
0.001541685 -0.03858722
0.001543285 -0.03835193
0.001544885 -0.03811664
0.001546485 -0.03811664
0.001548085 -0.03811664
0.001549685 -0.03717549
0.001551285 -0.03741078
0.001552885 -0.03670492
0.001554485 -0.03646963
0.001556085 -0.03623434
0.001557685 -0.03599905
0.001559285 -0.03552848
0.001560885 -0.03552848
0.001562485 -0.03552848
0.001564085 -0.03599905
0.001565685 -0.03599905
0.001567285 -0.03623434
0.001568885 -0.03717549
0.001570485 -0.03764607
0.001572085 -0.03788135
0.001573685 -0.03835193
0.001575285 -0.03858722
0.001576885 -0.03905779
0.001578485 -0.03952837
0.001580085 -0.03976366
0.001581685 -0.03999895
0.001583285 -0.04070481
0.001584885 -0.04070481
0.001586485 -0.04046952
0.001588085 -0.04046952
0.001589685 -0.03929308
0.001591285 -0.03905779
0.001592885 -0.03717549
0.001594485 -0.03599905
0.001596085 -0.03435204
0.001597685 -0.03341088
0.001599285 -0.03176387
0.001600885 -0.03011685
0.001602485 -0.02894041
0.001604085 -0.02799926
0.001605685 -0.02658753
0.001607285 -0.0254111
0.001608885 -0.02399937
0.001610485 -0.02235235
0.001612085 -0.02164649
0.001613685 -0.02047005
0.001615285 -0.01929361
0.001616885 -0.01905832
0.001618485 -0.01788188
0.001620085 -0.01764659
0.001621685 -0.01694073
0.001623285 -0.01623487
0.001624885 -0.01647015
0.001626485 -0.01647015
0.001628085 -0.01764659
0.001629685 -0.01811717
0.001631285 -0.01882303
0.001632885 -0.0195289
0.001634485 -0.02047005
0.001636085 -0.02188178
0.001637685 -0.02282293
0.001639285 -0.02494052
0.001640885 -0.02588167
0.001642485 -0.02752869
0.001644085 -0.02870513
0.001645685 -0.03011685
0.001647285 -0.03129329
0.001648885 -0.0331756
0.001650485 -0.03411675
0.001652085 -0.03576376
0.001653685 -0.03646963
0.001655285 -0.03764607
0.001656885 -0.03858722
0.001658485 -0.03929308
0.001660085 -0.04023423
0.001661685 -0.04117539
0.001663285 -0.04141067
0.001664885 -0.04258711
0.001666485 -0.04352826
0.001668085 -0.04376355
0.001669685 -0.0447047
0.001671285 -0.04611643
0.001672885 -0.0468223
0.001674485 -0.04729287
0.001676085 -0.0487046
0.001677685 -0.04964575
0.001679285 -0.05011633
0.001680885 -0.05035161
0.001682485 -0.05176334
0.001684085 -0.05176334
0.001685685 -0.05270449
0.001687285 -0.05293978
0.001688885 -0.05317507
0.001690485 -0.05364565
0.001692085 -0.05364565
0.001693685 -0.05364565
0.001695285 -0.05270449
0.001696885 -0.05223392
0.001698485 -0.05199863
0.001700085 -0.05105748
0.001701685 -0.0505869
0.001703285 -0.04964575
0.001704885 -0.04917517
0.001706485 -0.04823402
0.001708085 -0.04776345
0.001709685 -0.0468223
0.001711285 -0.04564586
0.001712885 -0.04588114
0.001714485 -0.04423413
0.001716085 -0.04352826
0.001717685 -0.04188125
0.001719285 -0.04141067
0.001720885 -0.04023423
0.001722485 -0.03929308
0.001724085 -0.03835193
0.001725685 -0.0369402
0.001727285 -0.03646963
0.001728885 -0.03482261
0.001730485 -0.03435204
0.001732085 -0.03341088
0.001733685 -0.03246973
0.001735285 -0.03129329
0.001736885 -0.03129329
0.001738485 -0.03035214
0.001740085 -0.02941099
0.001741685 -0.02894041
0.001743285 -0.02799926
0.001744885 -0.02682282
0.001746485 -0.02658753
0.001748085 -0.02564638
0.001749685 -0.02494052
0.001751285 -0.02446994
0.001752885 -0.02352879
0.001754485 -0.02352879
0.001756085 -0.02399937
0.001757685 -0.02423466
0.001759285 -0.02423466
0.001760885 -0.02446994
0.001762485 -0.02517581
0.001764085 -0.02494052
0.001765685 -0.02635225
0.001767285 -0.02635225
0.001768885 -0.02752869
0.001770485 -0.02776397
0.001772085 -0.02941099
0.001773685 -0.03082272
0.001775285 -0.03176387
0.001776885 -0.03294031
0.001778485 -0.03435204
0.001780085 -0.03482261
0.001781685 -0.03599905
0.001783285 -0.0369402
0.001784885 -0.03858722
0.001786485 -0.03905779
0.001788085 -0.03952837
0.001789685 -0.04046952
0.001791285 -0.04117539
0.001792885 -0.04188125
0.001794485 -0.04258711
0.001796085 -0.04352826
0.001797685 -0.0447047
0.001799285 -0.04446942
0.001800885 -0.04564586
0.001802485 -0.04564586
0.001804085 -0.04658701
0.001805685 -0.04752816
0.001807285 -0.04752816
0.001808885 -0.04846931
0.001810485 -0.04776345
0.001812085 -0.04752816
0.001813685 -0.04799874
0.001815285 -0.04705758
0.001816885 -0.0468223
0.001818485 -0.04588114
0.001820085 -0.04517528
0.001821685 -0.04399884
0.001823285 -0.04305769
0.001824885 -0.04258711
0.001826485 -0.04211654
0.001828085 -0.04117539
0.001829685 -0.04070481
0.001831285 -0.04023423
0.001832885 -0.03976366
0.001834485 -0.03999895
0.001836085 -0.03976366
0.001837685 -0.03929308
0.001839285 -0.03929308
0.001840885 -0.03952837
0.001842485 -0.03905779
0.001844085 -0.03882251
0.001845685 -0.03835193
0.001847285 -0.03764607
0.001848885 -0.03670492
0.001850485 -0.03599905
0.001852085 -0.03435204
0.001853685 -0.0331756
0.001855285 -0.03199916
0.001856885 -0.03082272
0.001858485 -0.02894041
0.001860085 -0.02823455
0.001861685 -0.02682282
0.001863285 -0.02564638
0.001864885 -0.02494052
0.001866485 -0.02352879
0.001868085 -0.02282293
0.001869685 -0.02188178
0.001871285 -0.02188178
0.001872885 -0.02023476
0.001874485 -0.02047005
0.001876085 -0.01999947
0.001877685 -0.01999947
0.001879285 -0.01882303
0.001880885 -0.01882303
0.001882485 -0.01788188
0.001884085 -0.01717602
0.001885685 -0.01670544
0.001887285 -0.01694073
0.001888885 -0.01576429
0.001890485 -0.015529
0.001892085 -0.01529371
0.001893685 -0.01458785
0.001895285 -0.01458785
0.001896885 -0.01341141
0.001898485 -0.01247026
0.001900085 -0.01223497
0.001901685 -0.01223497
0.001903285 -0.01152911
0.001904885 -0.01152911
0.001906485 -0.01129382
0.001908085 -0.01105853
0.001909685 -0.01129382
0.001911285 -0.01152911
0.001912885 -0.01223497
0.001914485 -0.01341141
0.001916085 -0.01482314
0.001917685 -0.015529
0.001919285 -0.01741131
0.001920885 -0.01858775
0.001922485 -0.01976419
0.001924085 -0.02164649
0.001925685 -0.02235235
0.001927285 -0.02352879
0.001928885 -0.02423466
0.001930485 -0.02423466
0.001932085 -0.02446994
0.001933685 -0.02470523
0.001935285 -0.02423466
0.001936885 -0.02376408
0.001938485 -0.02282293
0.001940085 -0.02282293
0.001941685 -0.02164649
0.001943285 -0.02094062
0.001944885 -0.02023476
0.001946485 -0.01999947
0.001948085 -0.01905832
0.001949685 -0.01882303
0.001951285 -0.01835246
0.001952885 -0.01717602
0.001954485 -0.01717602
0.001956085 -0.01647015
0.001957685 -0.01576429
0.001959285 -0.01435256
0.001960885 -0.0136467
0.001962485 -0.01341141
0.001964085 -0.0117644
0.001965685 -0.01129382
0.001967285 -0.01035267
0.001968885 -0.009882093
0.001970485 -0.008940941
0.001972085 -0.008235077
0.001973685 -0.008235077
0.001975285 -0.007529213
0.001976885 -0.006588062
0.001978485 -0.00682335
0.001980085 -0.006117486
0.001981685 -0.005882198
0.001983285 -0.004941046
0.001984885 -0.00564691
0.001986485 -0.004941046
0.001988085 -0.005176334
0.001989685 -0.004705758
0.001991285 -0.004705758
0.001992885 -0.004705758
0.001994485 -0.00447047
0.001996085 -0.003999895
0.001997685 -0.003764607
0.001999285 -0.002823455
0.002000885 -0.002588167
0.002002485 -0.001882303
0.002004085 -0.001411728
0.002005685 -0.0007058638
0.002007285 0.0002352879
0.002008885 0.00117644
0.002010485 0.001411728
0.002012085 0.002588167
0.002013685 0.002823455
0.002015285 0.003764607
0.002016885 0.003764607
0.002018485 0.004941046
0.002020085 0.00564691
0.002021685 0.00682335
0.002023285 0.00682335
0.002024885 0.007529213
0.002026485 0.008470365
0.002028085 0.008470365
0.002029685 0.008235077
0.002031285 0.009176229
0.002032885 0.009411517
0.002034485 0.009411517
0.002036085 0.008940941
0.002037685 0.009176229
0.002039285 0.009411517
0.002040885 0.008940941
0.002042485 0.008940941
0.002044085 0.008940941
0.002045685 0.008940941
0.002047285 0.009646805
0.002048885 0.009646805
0.002050485 0.01058796
0.002052085 0.01058796
0.002053685 0.01035267
0.002055285 0.01011738
0.002056885 0.01129382
0.002058485 0.01105853
0.002060085 0.01129382
0.002061685 0.01058796
0.002063285 0.01082324
0.002064885 0.01105853
0.002066485 0.01011738
0.002068085 0.009646805
0.002069685 0.009882093
0.002071285 0.009882093
0.002072885 0.008940941
0.002074485 0.008705653
0.002076085 0.008705653
0.002077685 0.008470365
0.002079285 0.007764501
0.002080885 0.007999789
0.002082485 0.007999789
0.002084085 0.007058638
0.002085685 0.00682335
0.002087285 0.006352774
0.002088885 0.005882198
0.002090485 0.005411622
0.002092085 0.00447047
0.002093685 0.004235183
0.002095285 0.003764607
0.002096885 0.003764607
0.002098485 0.003058743
0.002100085 0.003058743
0.002101685 0.002823455
0.002103285 0.003294031
0.002104885 0.002588167
0.002106485 0.002823455
0.002108085 0.002823455
0.002109685 0.003294031
0.002111285 0.003999895
0.002112885 0.004235183
0.002114485 0.004705758
0.002116085 0.004705758
0.002117685 0.005411622
0.002119285 0.005411622
0.002120885 0.00564691
0.002122485 0.00564691
0.002124085 0.006352774
0.002125685 0.00564691
0.002127285 0.005882198
0.002128885 0.006117486
0.002130485 0.006117486
0.002132085 0.00564691
0.002133685 0.006117486
0.002135285 0.005176334
0.002136885 0.004941046
0.002138485 0.004941046
0.002140085 0.00447047
0.002141685 0.00447047
0.002143285 0.00447047
0.002144885 0.003529319
0.002146485 0.003529319
0.002148085 0.003058743
0.002149685 0.001882303
0.002151285 0.001647015
0.002152885 0.001411728
0.002154485 0.0007058638
0.002156085 0
0.002157685 -0.0009411517
0.002159285 -0.0004705758
0.002160885 -0.001882303
0.002162485 -0.001411728
0.002164085 -0.001647015
0.002165685 -0.001882303
0.002167285 -0.001882303
0.002168885 -0.002117591
0.002170485 -0.001647015
0.002172085 -0.00117644
0.002173685 -0.001647015
0.002175285 -0.00117644
0.002176885 -0.00117644
0.002178485 -0.0007058638
0.002180085 -0.0004705758
0.002181685 0
0.002183285 0.0002352879
0.002184885 0.0009411517
0.002186485 0.001882303
0.002188085 0.002352879
0.002189685 0.002117591
0.002191285 0.003294031
0.002192885 0.003999895
0.002194485 0.00447047
0.002196085 0.004705758
0.002197685 0.005411622
0.002199285 0.005882198
0.002200885 0.006117486
0.002202485 0.006117486
0.002204085 0.007058638
0.002205685 0.006352774
0.002207285 0.006588062
0.002208885 0.00682335
0.002210485 0.006352774
0.002212085 0.00564691
0.002213685 0.00447047
0.002215285 0.003764607
0.002216885 0.002823455
0.002218485 0.001647015
0.002220085 0.00117644
0.002221685 -0.0002352879
0.002223285 -0.00117644
0.002224885 -0.002117591
0.002226485 -0.003058743
0.002228085 -0.00447047
0.002229685 -0.005176334
0.002231285 -0.007058638
0.002232885 -0.007764501
0.002234485 -0.009176229
0.002236085 -0.009176229
0.002237685 -0.01082324
0.002239285 -0.0117644
0.002240885 -0.01199968
0.002242485 -0.01223497
0.002244085 -0.01341141
0.002245685 -0.0136467
0.002247285 -0.01388199
0.002248885 -0.01411728
0.002250485 -0.01435256
0.002252085 -0.01411728
0.002253685 -0.01435256
0.002255285 -0.01482314
0.002256885 -0.01505843
0.002258485 -0.01505843
0.002260085 -0.01505843
0.002261685 -0.01576429
0.002263285 -0.01576429
0.002264885 -0.01599958
0.002266485 -0.015529
0.002268085 -0.01576429
0.002269685 -0.01599958
0.002271285 -0.01599958
0.002272885 -0.015529
0.002274485 -0.01482314
0.002276085 -0.01435256
0.002277685 -0.01388199
0.002279285 -0.01317612
0.002280885 -0.01247026
0.002282485 -0.01199968
0.002284085 -0.01105853
0.002285685 -0.01035267
0.002287285 -0.009646805
0.002288885 -0.008940941
0.002290485 -0.007764501
0.002292085 -0.00682335
0.002293685 -0.006352774
0.002295285 -0.005411622
0.002296885 -0.003999895
0.002298485 -0.003764607
0.002300085 -0.003058743
0.002301685 -0.002352879
0.002303285 -0.001411728
0.002304885 -0.0009411517
0.002306485 -0.0007058638
0.002308085 -0.0004705758
0.002309685 0.0002352879
0.002311285 0
0.002312885 0.00117644
0.002314485 0.0009411517
0.002316085 0.00117644
0.002317685 0.0009411517
0.002319285 0.00117644
0.002320885 0.0002352879
0.002322485 0.0002352879
0.002324085 -0.0004705758
0.002325685 -0.0007058638
0.002327285 -0.001411728
0.002328885 -0.002117591
0.002330485 -0.002352879
0.002332085 -0.003058743
0.002333685 -0.003999895
0.002335285 -0.005176334
0.002336885 -0.005411622
0.002338485 -0.007293925
0.002340085 -0.008940941
0.002341685 -0.009411517
0.002343285 -0.01105853
0.002344885 -0.01199968
0.002346485 -0.01270555
0.002348085 -0.01341141
0.002349685 -0.01388199
0.002351285 -0.01482314
0.002352885 -0.01458785
0.002354485 -0.01529371
0.002356085 -0.01505843
0.002357685 -0.01505843
0.002359285 -0.01458785
0.002360885 -0.01458785
0.002362485 -0.01411728
0.002364085 -0.01482314
0.002365685 -0.01458785
0.002367285 -0.01411728
0.002368885 -0.01411728
0.002370485 -0.01435256
0.002372085 -0.01388199
0.002373685 -0.01435256
0.002375285 -0.01458785
0.002376885 -0.01458785
0.002378485 -0.01458785
0.002380085 -0.01458785
0.002381685 -0.01482314
0.002383285 -0.01435256
0.002384885 -0.01435256
0.002386485 -0.01388199
0.002388085 -0.0136467
0.002389685 -0.01317612
0.002391285 -0.01247026
0.002392885 -0.01152911
0.002394485 -0.01129382
0.002396085 -0.009882093
0.002397685 -0.009411517
0.002399285 -0.007999789
0.002400885 -0.006588062
0.002402485 -0.006117486
0.002404085 -0.004941046
0.002405685 -0.003529319
0.002407285 -0.002588167
0.002408885 -0.001882303
0.002410485 -0.0009411517
0.002412085 0
0.002413685 0.0004705758
0.002415285 0.001411728
0.002416885 0.001647015
0.002418485 0.002352879
0.002420085 0.002117591
0.002421685 0.001882303
0.002423285 0.002352879
0.002424885 0.002352879
0.002426485 0.002117591
0.002428085 0.002117591
0.002429685 0.001411728
0.002431285 0.001647015
0.002432885 0.001647015
0.002434485 0.001647015
0.002436085 0.002588167
0.002437685 0.002588167
0.002439285 0.003529319
0.002440885 0.004235183
0.002442485 0.005176334
0.002444085 0.005882198
0.002445685 0.007529213
0.002447285 0.009176229
0.002448885 0.01058796
0.002450485 0.01247026
0.002452085 0.01388199
0.002453685 0.015529
0.002455285 0.01764659
0.002456885 0.01858775
0.002458485 0.02047005
0.002460085 0.02188178
0.002461685 0.02258764
0.002463285 0.02399937
0.002464885 0.02470523
0.002466485 0.02588167
0.002468085 0.02635225
0.002469685 0.02705811
0.002471285 0.02682282
0.002472885 0.0272934
0.002474485 0.02799926
0.002476085 0.02752869
0.002477685 0.02752869
0.002479285 0.02752869
0.002480885 0.02752869
0.002482485 0.02776397
0.002484085 0.02799926
0.002485685 0.02776397
0.002487285 0.02776397
0.002488885 0.02846984
0.002490485 0.02894041
0.002492085 0.02823455
0.002493685 0.02870513
0.002495285 0.02870513
0.002496885 0.02964628
0.002498485 0.02894041
0.002500085 0.02894041
0.002501685 0.02846984
0.002503285 0.02799926
0.002504885 0.02776397
0.002506485 0.02705811
0.002508085 0.02635225
0.002509685 0.02588167
0.002511285 0.02494052
0.002512885 0.02517581
0.002514485 0.02470523
0.002516085 0.02423466
0.002517685 0.02376408
0.002519285 0.02305822
0.002520885 0.02188178
0.002522485 0.02188178
0.002524085 0.0214112
0.002525685 0.02047005
0.002527285 0.01976419
0.002528885 0.0195289
0.002530485 0.01929361
0.002532085 0.01858775
0.002533685 0.01788188
0.002535285 0.01788188
0.002536885 0.01741131
0.002538485 0.01764659
0.002540085 0.01764659
0.002541685 0.01835246
0.002543285 0.01835246
0.002544885 0.01882303
0.002546485 0.0195289
0.002548085 0.02023476
0.002549685 0.02117591
0.002551285 0.02164649
0.002552885 0.02282293
0.002554485 0.02446994
0.002556085 0.0254111
0.002557685 0.02752869
0.002559285 0.02846984
0.002560885 0.02988157
0.002562485 0.03129329
0.002564085 0.03270502
0.002565685 0.03435204
0.002567285 0.03576376
0.002568885 0.0369402
0.002570485 0.03788135
0.002572085 0.03929308
0.002573685 0.04070481
0.002575285 0.04141067
0.002576885 0.0428224
0.002578485 0.04352826
0.002580085 0.04399884
0.002581685 0.04493999
0.002583285 0.04564586
0.002584885 0.04611643
0.002586485 0.04658701
0.002588085 0.0468223
0.002589685 0.04752816
0.002591285 0.04752816
0.002592885 0.04799874
0.002594485 0.04823402
0.002596085 0.04823402
0.002597685 0.04893989
0.002599285 0.04846931
0.002600885 0.0487046
0.002602485 0.04893989
0.002604085 0.0487046
0.002605685 0.0487046
0.002607285 0.04893989
0.002608885 0.04917517
0.002610485 0.04917517
0.002612085 0.04917517
0.002613685 0.04964575
0.002615285 0.0487046
0.002616885 0.04893989
0.002618485 0.0487046
0.002620085 0.04823402
0.002621685 0.04776345
0.002623285 0.04705758
0.002624885 0.04658701
0.002626485 0.04611643
0.002628085 0.04635172
0.002629685 0.04588114
0.002631285 0.04541057
0.002632885 0.04517528
0.002634485 0.0447047
0.002636085 0.04399884
0.002637685 0.04423413
0.002639285 0.04376355
0.002640885 0.04376355
0.002642485 0.04329298
0.002644085 0.04352826
0.002645685 0.0428224
0.002647285 0.04305769
0.002648885 0.04329298
0.002650485 0.04329298
0.002652085 0.04352826
0.002653685 0.04305769
0.002655285 0.04305769
0.002656885 0.04352826
0.002658485 0.04329298
0.002660085 0.04352826
0.002661685 0.04399884
0.002663285 0.04352826
0.002664885 0.04376355
0.002666485 0.04423413
0.002668085 0.04423413
0.002669685 0.04423413
0.002671285 0.0447047
0.002672885 0.0447047
0.002674485 0.04517528
0.002676085 0.04517528
0.002677685 0.04588114
0.002679285 0.04588114
0.002680885 0.04611643
0.002682485 0.04588114
0.002684085 0.04611643
0.002685685 0.04635172
0.002687285 0.04658701
0.002688885 0.04658701
0.002690485 0.0468223
0.002692085 0.04635172
0.002693685 0.04658701
0.002695285 0.04658701
0.002696885 0.04611643
0.002698485 0.04588114
0.002700085 0.04588114
0.002701685 0.04541057
0.002703285 0.04541057
0.002704885 0.04493999
0.002706485 0.04446942
0.002708085 0.04399884
0.002709685 0.04352826
0.002711285 0.04399884
0.002712885 0.04376355
0.002714485 0.04329298
0.002716085 0.04352826
0.002717685 0.04399884
0.002719285 0.04423413
0.002720885 0.0447047
0.002722485 0.04493999
0.002724085 0.04541057
0.002725685 0.04635172
0.002727285 0.04729287
0.002728885 0.04776345
0.002730485 0.04799874
0.002732085 0.04846931
0.002733685 0.04823402
0.002735285 0.04917517
0.002736885 0.0487046
0.002738485 0.04917517
0.002740085 0.04941046
0.002741685 0.04988104
0.002743285 0.04917517
0.002744885 0.04917517
0.002746485 0.04988104
0.002748085 0.04941046
0.002749685 0.04964575
0.002751285 0.05011633
0.002752885 0.05035161
0.002754485 0.0505869
0.002756085 0.05105748
0.002757685 0.05152805
0.002759285 0.05152805
0.002760885 0.05199863
0.002762485 0.05223392
0.002764085 0.05270449
0.002765685 0.05317507
0.002767285 0.05388093
0.002768885 0.05411622
0.002770485 0.05435151
0.002772085 0.05411622
0.002773685 0.05364565
0.002775285 0.05388093
0.002776885 0.05435151
0.002778485 0.05411622
0.002780085 0.0545868
0.002781685 0.05411622
0.002783285 0.05388093
0.002784885 0.05364565
0.002786485 0.05341036
0.002788085 0.05270449
0.002789685 0.05317507
0.002791285 0.05199863
0.002792885 0.05129277
0.002794485 0.05035161
0.002796085 0.04988104
0.002797685 0.0487046
0.002799285 0.04846931
0.002800885 0.04752816
0.002802485 0.04658701
0.002804085 0.04588114
0.002805685 0.04493999
0.002807285 0.04423413
0.002808885 0.04352826
0.002810485 0.04376355
0.002812085 0.0428224
0.002813685 0.04235183
0.002815285 0.04211654
0.002816885 0.04117539
0.002818485 0.04164596
0.002820085 0.04235183
0.002821685 0.04164596
0.002823285 0.04235183
0.002824885 0.04235183
0.002826485 0.04305769
0.002828085 0.04329298
0.002829685 0.04305769
0.002831285 0.04423413
0.002832885 0.04446942
0.002834485 0.04446942
0.002836085 0.04446942
0.002837685 0.0447047
0.002839285 0.04446942
0.002840885 0.04399884
0.002842485 0.04352826
0.002844085 0.04399884
0.002845685 0.04376355
0.002847285 0.04352826
0.002848885 0.04305769
0.002850485 0.04305769
0.002852085 0.04399884
0.002853685 0.04305769
0.002855285 0.04305769
0.002856885 0.04376355
0.002858485 0.04352826
0.002860085 0.04399884
0.002861685 0.04541057
0.002863285 0.04541057
0.002864885 0.04611643
0.002866485 0.0468223
0.002868085 0.0468223
0.002869685 0.04799874
0.002871285 0.04799874
0.002872885 0.04846931
0.002874485 0.04893989
0.002876085 0.04893989
0.002877685 0.04964575
0.002879285 0.04941046
0.002880885 0.04964575
0.002882485 0.04964575
0.002884085 0.04964575
0.002885685 0.04941046
0.002887285 0.04964575
0.002888885 0.04917517
0.002890485 0.0487046
0.002892085 0.04799874
0.002893685 0.04776345
0.002895285 0.04729287
0.002896885 0.04658701
0.002898485 0.04658701
0.002900085 0.04611643
0.002901685 0.04517528
0.002903285 0.04423413
0.002904885 0.04446942
0.002906485 0.04376355
0.002908085 0.04376355
0.002909685 0.04305769
0.002911285 0.04258711
0.002912885 0.0428224
0.002914485 0.04211654
0.002916085 0.04141067
0.002917685 0.04141067
0.002919285 0.04070481
0.002920885 0.04070481
0.002922485 0.03976366
0.002924085 0.03929308
0.002925685 0.03858722
0.002927285 0.03835193
0.002928885 0.03764607
0.002930485 0.03670492
0.002932085 0.03599905
0.002933685 0.03529319
0.002935285 0.03435204
0.002936885 0.03388146
0.002938485 0.03341088
0.002940085 0.0331756
0.002941685 0.03246973
0.002943285 0.03199916
0.002944885 0.03176387
0.002946485 0.03199916
0.002948085 0.03105801
0.002949685 0.03129329
0.002951285 0.03105801
0.002952885 0.03058743
0.002954485 0.03082272
0.002956085 0.03129329
0.002957685 0.03058743
0.002959285 0.03058743
0.002960885 0.02988157
0.002962485 0.03058743
0.002964085 0.03011685
0.002965685 0.02988157
0.002967285 0.02988157
0.002968885 0.03035214
0.002970485 0.03011685
0.002972085 0.03011685
0.002973685 0.02964628
0.002975285 0.02941099
0.002976885 0.02988157
0.002978485 0.02964628
0.002980085 0.03011685
0.002981685 0.03011685
0.002983285 0.02988157
0.002984885 0.03058743
0.002986485 0.02988157
0.002988085 0.03105801
0.002989685 0.03082272
0.002991285 0.03129329
0.002992885 0.03105801
0.002994485 0.03152858
0.002996085 0.03129329
0.002997685 0.03129329
0.002999285 0.03129329
0.003000885 0.03011685
0.003002485 0.02988157
0.003004085 0.02941099
0.003005685 0.02870513
0.003007285 0.02823455
0.003008885 0.02752869
0.003010485 0.02682282
0.003012085 0.02682282
0.003013685 0.02588167
0.003015285 0.02517581
0.003016885 0.02446994
0.003018485 0.02399937
0.003020085 0.02423466
0.003021685 0.02352879
0.003023285 0.02352879
0.003024885 0.02399937
0.003026485 0.02423466
0.003028085 0.02399937
0.003029685 0.02399937
0.003031285 0.02423466
0.003032885 0.02494052
0.003034485 0.02517581
0.003036085 0.02564638
0.003037685 0.02635225
0.003039285 0.02682282
0.003040885 0.02705811
0.003042485 0.02776397
0.003044085 0.02846984
0.003045685 0.02846984
0.003047285 0.0291757
0.003048885 0.0291757
0.003050485 0.02988157
0.003052085 0.03011685
0.003053685 0.02988157
0.003055285 0.03011685
0.003056885 0.02988157
0.003058485 0.02988157
0.003060085 0.0291757
0.003061685 0.02846984
0.003063285 0.02823455
0.003064885 0.02658753
0.003066485 0.02588167
0.003068085 0.02517581
0.003069685 0.02376408
0.003071285 0.02258764
0.003072885 0.0214112
0.003074485 0.0195289
0.003076085 0.01811717
0.003077685 0.01670544
0.003079285 0.015529
0.003080885 0.01388199
0.003082485 0.01294084
0.003084085 0.01199968
0.003085685 0.01105853
0.003087285 0.01011738
0.003088885 0.009176229
0.003090485 0.008235077
0.003092085 0.007529213
0.003093685 0.007529213
0.003095285 0.006588062
0.003096885 0.006352774
0.003098485 0.006117486
0.003100085 0.005411622
0.003101685 0.005411622
0.003103285 0.004235183
0.003104885 0.003999895
0.003106485 0.003764607
0.003108085 0.003058743
0.003109685 0.002352879
0.003111285 0.001882303
0.003112885 0.001411728
0.003114485 0.0004705758
0.003116085 0.0002352879
0.003117685 -0.0004705758
0.003119285 -0.0009411517
0.003120885 -0.002352879
0.003122485 -0.002117591
0.003124085 -0.003058743
0.003125685 -0.003058743
0.003127285 -0.003764607
0.003128885 -0.003999895
0.003130485 -0.004235183
0.003132085 -0.004235183
0.003133685 -0.004705758
0.003135285 -0.00447047
0.003136885 -0.004941046
0.003138485 -0.004235183
0.003140085 -0.004705758
0.003141685 -0.003999895
0.003143285 -0.003764607
0.003144885 -0.003294031
0.003146485 -0.002823455
0.003148085 -0.002117591
0.003149685 -0.001647015
0.003151285 -0.0009411517
0.003152885 -0.0009411517
0.003154485 0
0.003156085 0
0.003157685 0
0.003159285 0.0002352879
0.003160885 -0.0002352879
0.003162485 0
0.003164085 -0.0009411517
0.003165685 -0.00117644
0.003167285 -0.00117644
0.003168885 -0.002352879
0.003170485 -0.003529319
0.003172085 -0.00447047
0.003173685 -0.00564691
0.003175285 -0.00682335
0.003176885 -0.008235077
0.003178485 -0.008940941
0.003180085 -0.01082324
0.003181685 -0.01129382
0.003183285 -0.01270555
0.003184885 -0.01458785
0.003186485 -0.01529371
0.003188085 -0.01694073
0.003189685 -0.01717602
0.003191285 -0.01811717
0.003192885 -0.01976419
0.003194485 -0.02070534
0.003196085 -0.0214112
0.003197685 -0.02188178
0.003199285 -0.0232935
0.003200885 -0.02399937
0.003202485 -0.0254111
0.003204085 -0.02611696
0.003205685 -0.02776397
0.003207285 -0.02870513
0.003208885 -0.02941099
0.003210485 -0.03082272
0.003212085 -0.03199916
0.003213685 -0.0331756
0.003215285 -0.03435204
0.003216885 -0.03599905
0.003218485 -0.03741078
0.003220085 -0.03882251
0.003221685 -0.03999895
0.003223285 -0.04141067
0.003224885 -0.04352826
0.003226485 -0.04376355
0.003228085 -0.04588114
0.003229685 -0.04635172
0.003231285 -0.04776345
0.003232885 -0.0487046
0.003234485 -0.05011633
0.003236085 -0.0505869
0.003237685 -0.05152805
0.003239285 -0.05223392
0.003240885 -0.05223392
0.003242485 -0.05246921
0.003244085 -0.05317507
0.003245685 -0.05293978
0.003247285 -0.05341036
0.003248885 -0.05270449
0.003250485 -0.05341036
0.003252085 -0.05270449
0.003253685 -0.05317507
0.003255285 -0.05246921
0.003256885 -0.05199863
0.003258485 -0.05176334
0.003260085 -0.05129277
0.003261685 -0.0505869
0.003263285 -0.0505869
0.003264885 -0.04941046
0.003266485 -0.04964575
0.003268085 -0.0487046
0.003269685 -0.04917517
0.003271285 -0.04823402
0.003272885 -0.04846931
0.003274485 -0.04752816
0.003276085 -0.04799874
0.003277685 -0.04752816
0.003279285 -0.04776345
0.003280885 -0.04705758
0.003282485 -0.04776345
0.003284085 -0.04776345
0.003285685 -0.04776345
0.003287285 -0.04752816
0.003288885 -0.04752816
0.003290485 -0.04776345
0.003292085 -0.04846931
0.003293685 -0.0487046
0.003295285 -0.0487046
0.003296885 -0.04917517
0.003298485 -0.05011633
0.003300085 -0.04964575
0.003301685 -0.05011633
0.003303285 -0.05129277
0.003304885 -0.05152805
0.003306485 -0.05129277
0.003308085 -0.05246921
0.003309685 -0.05293978
0.003311285 -0.05317507
0.003312885 -0.05317507
0.003314485 -0.05364565
0.003316085 -0.05411622
0.003317685 -0.05435151
0.003319285 -0.05435151
0.003320885 -0.05482208
0.003322485 -0.05505737
0.003324085 -0.05529266
0.003325685 -0.05576324
0.003327285 -0.05552795
0.003328885 -0.05576324
0.003330485 -0.05576324
0.003332085 -0.0564691
0.003333685 -0.05599852
0.003335285 -0.05599852
0.003336885 -0.05693968
0.003338485 -0.05599852
0.003340085 -0.05623381
0.003341685 -0.05623381
0.003343285 -0.0564691
0.003344885 -0.05623381
0.003346485 -0.0564691
0.003348085 -0.05599852
0.003349685 -0.0564691
0.003351285 -0.05576324
0.003352885 -0.05623381
0.003354485 -0.05552795
0.003356085 -0.05529266
0.003357685 -0.05505737
0.003359285 -0.05529266
0.003360885 -0.05435151
0.003362485 -0.0545868
0.003364085 -0.05364565
0.003365685 -0.05388093
0.003367285 -0.05341036
0.003368885 -0.05293978
0.003370485 -0.05246921
0.003372085 -0.05246921
0.003373685 -0.05199863
0.003375285 -0.05129277
0.003376885 -0.05129277
0.003378485 -0.05082219
0.003380085 -0.05082219
0.003381685 -0.05082219
0.003383285 -0.0505869
0.003384885 -0.0505869
0.003386485 -0.05011633
0.003388085 -0.05082219
0.003389685 -0.05011633
0.003391285 -0.05105748
0.003392885 -0.0505869
0.003394485 -0.05082219
0.003396085 -0.05105748
0.003397685 -0.05105748
0.003399285 -0.05082219
0.003400885 -0.05129277
0.003402485 -0.05129277
0.003404085 -0.05152805
0.003405685 -0.05082219
0.003407285 -0.05152805
0.003408885 -0.05105748
0.003410485 -0.05082219
0.003412085 -0.05035161
0.003413685 -0.05011633
0.003415285 -0.05035161
0.003416885 -0.04941046
0.003418485 -0.04917517
0.003420085 -0.04941046
0.003421685 -0.04846931
0.003423285 -0.04823402
0.003424885 -0.04729287
0.003426485 -0.04705758
0.003428085 -0.0468223
0.003429685 -0.04705758
0.003431285 -0.04658701
0.003432885 -0.04658701
0.003434485 -0.04635172
0.003436085 -0.04635172
0.003437685 -0.04564586
0.003439285 -0.04635172
0.003440885 -0.04611643
0.003442485 -0.04658701
0.003444085 -0.04776345
0.003445685 -0.04705758
0.003447285 -0.04799874
0.003448885 -0.04776345
0.003450485 -0.0487046
0.003452085 -0.04893989
0.003453685 -0.04941046
0.003455285 -0.04941046
0.003456885 -0.04988104
0.003458485 -0.05035161
0.003460085 -0.05035161
0.003461685 -0.05082219
0.003463285 -0.05105748
0.003464885 -0.05152805
0.003466485 -0.05176334
0.003468085 -0.05223392
0.003469685 -0.05223392
0.003471285 -0.05246921
0.003472885 -0.05293978
0.003474485 -0.05293978
0.003476085 -0.05341036
0.003477685 -0.05293978
0.003479285 -0.05293978
0.003480885 -0.05270449
0.003482485 -0.05317507
0.003484085 -0.05246921
0.003485685 -0.05223392
0.003487285 -0.05270449
0.003488885 -0.05246921
0.003490485 -0.05223392
0.003492085 -0.05246921
0.003493685 -0.05246921
0.003495285 -0.05246921
0.003496885 -0.05317507
0.003498485 -0.05293978
0.003500085 -0.05388093
0.003501685 -0.05388093
0.003503285 -0.05435151
0.003504885 -0.05505737
0.003506485 -0.05552795
0.003508085 -0.05623381
0.003509685 -0.0564691
0.003511285 -0.0564691
0.003512885 -0.05741025
0.003514485 -0.05741025
0.003516085 -0.05788083
0.003517685 -0.05811612
0.003519285 -0.05788083
0.003520885 -0.05811612
0.003522485 -0.05741025
0.003524085 -0.05717496
0.003525685 -0.05670439
0.003527285 -0.05623381
0.003528885 -0.05623381
0.003530485 -0.05576324
0.003532085 -0.05482208
0.003533685 -0.05482208
0.003535285 -0.05388093
0.003536885 -0.05364565
0.003538485 -0.05293978
0.003540085 -0.05270449
0.003541685 -0.05176334
0.003543285 -0.05223392
0.003544885 -0.05199863
0.003546485 -0.05223392
0.003548085 -0.05223392
0.003549685 -0.05176334
0.003551285 -0.05246921
0.003552885 -0.05246921
0.003554485 -0.05341036
0.003556085 -0.05388093
0.003557685 -0.05411622
0.003559285 -0.05435151
0.003560885 -0.05482208
0.003562485 -0.05482208
0.003564085 -0.05552795
0.003565685 -0.0564691
0.003567285 -0.05623381
0.003568885 -0.05670439
0.003570485 -0.05741025
0.003572085 -0.05693968
0.003573685 -0.05811612
0.003575285 -0.0583514
0.003576885 -0.05858669
0.003578485 -0.05905727
0.003580085 -0.05929256
0.003581685 -0.05976313
0.003583285 -0.05999842
0.003584885 -0.05999842
0.003586485 -0.06093957
0.003588085 -0.06117486
0.003589685 -0.06188072
0.003591285 -0.06164543
0.003592885 -0.06188072
0.003594485 -0.06211601
0.003596085 -0.0623513
0.003597685 -0.06211601
0.003599285 -0.0623513
0.003600885 -0.06164543
0.003602485 -0.06211601
0.003604085 -0.06188072
0.003605685 -0.06211601
0.003607285 -0.06164543
0.003608885 -0.06188072
0.003610485 -0.06117486
0.003612085 -0.06117486
0.003613685 -0.06046899
0.003615285 -0.06046899
0.003616885 -0.06046899
0.003618485 -0.06093957
0.003620085 -0.06023371
0.003621685 -0.06046899
0.003623285 -0.06070428
0.003624885 -0.06070428
0.003626485 -0.06046899
0.003628085 -0.06046899
0.003629685 -0.06070428
0.003631285 -0.06070428
0.003632885 -0.06070428
0.003634485 -0.06117486
0.003636085 -0.06117486
0.003637685 -0.06141015
0.003639285 -0.06141015
0.003640885 -0.06070428
0.003642485 -0.06117486
0.003644085 -0.06141015
0.003645685 -0.06093957
0.003647285 -0.06070428
0.003648885 -0.06046899
0.003650485 -0.06046899
0.003652085 -0.06070428
0.003653685 -0.05999842
0.003655285 -0.05952784
0.003656885 -0.05952784
0.003658485 -0.05858669
0.003660085 -0.05858669
0.003661685 -0.05788083
0.003663285 -0.05764554
0.003664885 -0.05717496
0.003666485 -0.05670439
0.003668085 -0.05599852
0.003669685 -0.05576324
0.003671285 -0.05505737
0.003672885 -0.05482208
0.003674485 -0.0545868
0.003676085 -0.05411622
0.003677685 -0.05435151
0.003679285 -0.05388093
0.003680885 -0.05388093
0.003682485 -0.05341036
0.003684085 -0.05388093
0.003685685 -0.05411622
0.003687285 -0.0545868
0.003688885 -0.05435151
0.003690485 -0.0545868
0.003692085 -0.0545868
0.003693685 -0.05505737
0.003695285 -0.05529266
0.003696885 -0.05482208
0.003698485 -0.0545868
0.003700085 -0.0545868
0.003701685 -0.05482208
0.003703285 -0.05388093
0.003704885 -0.05411622
0.003706485 -0.05388093
0.003708085 -0.05364565
0.003709685 -0.05317507
0.003711285 -0.05270449
0.003712885 -0.05199863
0.003714485 -0.05152805
0.003716085 -0.05082219
0.003717685 -0.05011633
0.003719285 -0.04988104
0.003720885 -0.04941046
0.003722485 -0.04776345
0.003724085 -0.04729287
0.003725685 -0.04658701
0.003727285 -0.04658701
0.003728885 -0.04541057
0.003730485 -0.0447047
0.003732085 -0.04493999
0.003733685 -0.04376355
0.003735285 -0.04352826
0.003736885 -0.04329298
0.003738485 -0.0428224
0.003740085 -0.0428224
0.003741685 -0.04305769
0.003743285 -0.04305769
0.003744885 -0.0428224
0.003746485 -0.04352826
0.003748085 -0.04329298
0.003749685 -0.04352826
0.003751285 -0.04399884
0.003752885 -0.04423413
0.003754485 -0.0447047
0.003756085 -0.0447047
0.003757685 -0.04493999
0.003759285 -0.04541057
0.003760885 -0.04564586
0.003762485 -0.04588114
0.003764085 -0.04588114
0.003765685 -0.04611643
0.003767285 -0.04658701
0.003768885 -0.04588114
0.003770485 -0.0468223
0.003772085 -0.0468223
0.003773685 -0.04705758
0.003775285 -0.04729287
0.003776885 -0.04705758
0.003778485 -0.04752816
0.003780085 -0.04729287
0.003781685 -0.04893989
0.003783285 -0.0487046
0.003784885 -0.0487046
0.003786485 -0.04941046
0.003788085 -0.05011633
0.003789685 -0.05011633
0.003791285 -0.05011633
0.003792885 -0.05082219
0.003794485 -0.05105748
0.003796085 -0.05176334
0.003797685 -0.05152805
0.003799285 -0.05199863
0.003800885 -0.05270449
0.003802485 -0.05317507
0.003804085 -0.05341036
0.003805685 -0.05317507
0.003807285 -0.05364565
0.003808885 -0.05388093
0.003810485 -0.05388093
0.003812085 -0.05364565
0.003813685 -0.05411622
0.003815285 -0.05364565
0.003816885 -0.05411622
0.003818485 -0.05364565
0.003820085 -0.05364565
0.003821685 -0.05317507
0.003823285 -0.05341036
0.003824885 -0.05246921
0.003826485 -0.05246921
0.003828085 -0.05199863
0.003829685 -0.05199863
0.003831285 -0.05082219
0.003832885 -0.05035161
0.003834485 -0.04941046
0.003836085 -0.04846931
0.003837685 -0.04823402
0.003839285 -0.04729287
0.003840885 -0.04588114
0.003842485 -0.04564586
0.003844085 -0.04423413
0.003845685 -0.0428224
0.003847285 -0.04188125
0.003848885 -0.04164596
0.003850485 -0.03976366
0.003852085 -0.03882251
0.003853685 -0.03835193
0.003855285 -0.0369402
0.003856885 -0.03670492
0.003858485 -0.03599905
0.003860085 -0.03482261
0.003861685 -0.03388146
0.003863285 -0.03341088
0.003864885 -0.03270502
0.003866485 -0.03176387
0.003868085 -0.03082272
0.003869685 -0.03058743
0.003871285 -0.03011685
0.003872885 -0.02964628
0.003874485 -0.02894041
0.003876085 -0.02870513
0.003877685 -0.02823455
0.003879285 -0.02776397
0.003880885 -0.0272934
0.003882485 -0.02658753
0.003884085 -0.02658753
0.003885685 -0.02705811
0.003887285 -0.02658753
0.003888885 -0.02635225
0.003890485 -0.02611696
0.003892085 -0.02611696
0.003893685 -0.02658753
0.003895285 -0.02682282
0.003896885 -0.02658753
0.003898485 -0.02682282
0.003900085 -0.02658753
0.003901685 -0.02635225
0.003903285 -0.02705811
0.003904885 -0.02752869
0.003906485 -0.02776397
0.003908085 -0.02776397
0.003909685 -0.02776397
0.003911285 -0.02776397
0.003912885 -0.02776397
0.003914485 -0.02823455
0.003916085 -0.02846984
0.003917685 -0.02870513
0.003919285 -0.02870513
0.003920885 -0.02846984
0.003922485 -0.02894041
0.003924085 -0.02894041
0.003925685 -0.02870513
0.003927285 -0.02823455
0.003928885 -0.02799926
0.003930485 -0.0272934
0.003932085 -0.02705811
0.003933685 -0.02635225
0.003935285 -0.02564638
0.003936885 -0.02494052
0.003938485 -0.02423466
0.003940085 -0.02305822
0.003941685 -0.02235235
0.003943285 -0.02164649
0.003944885 -0.02047005
0.003946485 -0.01976419
0.003948085 -0.01835246
0.003949685 -0.01764659
0.003951285 -0.01647015
0.003952885 -0.01529371
0.003954485 -0.01482314
0.003956085 -0.01388199
0.003957685 -0.01341141
0.003959285 -0.01199968
0.003960885 -0.0117644
0.003962485 -0.01082324
0.003964085 -0.01011738
0.003965685 -0.009646805
0.003967285 -0.008705653
0.003968885 -0.008235077
0.003970485 -0.007999789
0.003972085 -0.007529213
0.003973685 -0.007529213
0.003975285 -0.00682335
0.003976885 -0.006117486
0.003978485 -0.005882198
0.003980085 -0.005411622
0.003981685 -0.005176334
0.003983285 -0.004941046
0.003984885 -0.005176334
0.003986485 -0.004235183
0.003988085 -0.004235183
0.003989685 -0.003999895
0.003991285 -0.003999895
0.003992885 -0.003529319
0.003994485 -0.003058743
0.003996085 -0.002823455
0.003997685 -0.002823455
0.003999285 -0.002588167
0.004000885 -0.002352879
0.004002485 -0.001647015
0.004004085 -0.0009411517
0.004005685 -0.0009411517
0.004007285 -0.0007058638
0.004008885 0
0.004010485 0.0002352879
0.004012085 0.0002352879
0.004013685 0.00117644
0.004015285 0.001411728
0.004016885 0.001647015
0.004018485 0.002823455
0.004020085 0.002588167
0.004021685 0.003529319
0.004023285 0.003764607
0.004024885 0.004235183
0.004026485 0.003999895
0.004028085 0.005411622
0.004029685 0.006117486
0.004031285 0.00564691
0.004032885 0.006352774
0.004034485 0.00682335
0.004036085 0.007293925
0.004037685 0.007529213
0.004039285 0.007999789
0.004040885 0.008470365
0.004042485 0.008940941
0.004044085 0.008940941
0.004045685 0.008940941
0.004047285 0.009882093
0.004048885 0.01011738
0.004050485 0.01082324
0.004052085 0.01082324
0.004053685 0.01129382
0.004055285 0.01129382
0.004056885 0.01223497
0.004058485 0.01199968
0.004060085 0.01317612
0.004061685 0.01341141
0.004063285 0.0136467
0.004064885 0.01435256
0.004066485 0.01505843
0.004068085 0.01505843
0.004069685 0.01505843
0.004071285 0.01529371
0.004072885 0.01599958
0.004074485 0.01529371
0.004076085 0.01599958
0.004077685 0.01647015
0.004079285 0.01599958
0.004080885 0.01576429
0.004082485 0.01599958
0.004084085 0.01529371
0.004085685 0.01576429
0.004087285 0.015529
0.004088885 0.01482314
0.004090485 0.01529371
0.004092085 0.01529371
0.004093685 0.01529371
0.004095285 0.01576429
0.004096885 0.015529
0.004098485 0.01576429
0.004100085 0.01529371
0.004101685 0.01647015
0.004103285 0.01647015
0.004104885 0.01670544
0.004106485 0.01717602
0.004108085 0.01811717
0.004109685 0.01835246
0.004111285 0.0195289
0.004112885 0.02023476
0.004114485 0.02117591
0.004116085 0.0214112
0.004117685 0.02258764
0.004119285 0.0232935
0.004120885 0.02423466
0.004122485 0.02517581
0.004124085 0.02611696
0.004125685 0.02705811
0.004127285 0.02752869
0.004128885 0.02846984
0.004130485 0.02894041
0.004132085 0.02988157
0.004133685 0.03035214
0.004135285 0.03035214
0.004136885 0.03129329
0.004138485 0.03129329
0.004140085 0.03176387
0.004141685 0.03270502
0.004143285 0.03270502
0.004144885 0.0331756
0.004146485 0.03341088
0.004148085 0.03435204
0.004149685 0.03435204
0.004151285 0.03458732
0.004152885 0.0350579
0.004154485 0.03529319
0.004156085 0.03576376
0.004157685 0.03576376
0.004159285 0.03599905
0.004160885 0.03741078
0.004162485 0.03764607
0.004164085 0.03741078
0.004165685 0.03835193
0.004167285 0.03835193
0.004168885 0.03882251
0.004170485 0.03952837
0.004172085 0.04023423
0.004173685 0.04046952
0.004175285 0.0409401
0.004176885 0.04164596
0.004178485 0.04235183
0.004180085 0.04329298
0.004181685 0.04376355
0.004183285 0.04399884
0.004184885 0.04493999
0.004186485 0.04541057
0.004188085 0.04635172
0.004189685 0.04658701
0.004191285 0.04705758
0.004192885 0.04729287
0.004194485 0.04799874
0.004196085 0.04846931
0.004197685 0.04893989
0.004199285 0.04917517
0.004200885 0.04941046
