LECROYWS4024HD 19320 Waveform
Segments 1 SegmentSize 3127
Segment TrigTime TimeSinceSegment1
#1 05-Jun-2024 16:27:58 0                 
Time Ampl
-0.000800699 -0.0004705758
-0.000799099 -0.0007058638
-0.000797499 -0.00117644
-0.000795899 -0.0004705758
-0.000794299 -0.0004705758
-0.000792699 -0.0002352879
-0.000791099 0
-0.000789499 -0.0007058638
-0.000787899 -0.0007058638
-0.000786299 -0.0004705758
-0.000784699 0.0004705758
-0.000783099 0.0004705758
-0.000781499 0.0009411517
-0.000779899 0.0007058638
-0.000778299 -0.0002352879
-0.000776699 0.0009411517
-0.000775099 -0.0007058638
-0.000773499 0.0009411517
-0.000771899 -0.0007058638
-0.000770299 -0.0007058638
-0.000768699 -0.0009411517
-0.000767099 -0.0009411517
-0.000765499 -0.001647015
-0.000763899 -0.0009411517
-0.000762299 -0.0002352879
-0.000760699 -0.0007058638
-0.000759099 0.0004705758
-0.000757499 0.0002352879
-0.000755899 0
-0.000754299 0.0004705758
-0.000752699 0
-0.000751099 0
-0.000749499 -0.0002352879
-0.000747899 0.0002352879
-0.000746299 -0.0007058638
-0.000744699 0.0004705758
-0.000743099 -0.0007058638
-0.000741499 -0.00117644
-0.000739899 -0.0004705758
-0.000738299 -0.0007058638
-0.000736699 -0.0009411517
-0.000735099 -0.0002352879
-0.000733499 -0.0002352879
-0.000731899 -0.0004705758
-0.000730299 0.0002352879
-0.000728699 -0.0004705758
-0.000727099 0
-0.000725499 0
-0.000723899 -0.0002352879
-0.000722299 0.0009411517
-0.000720699 0.0007058638
-0.000719099 0.0009411517
-0.000717499 -0.0002352879
-0.000715899 0.0004705758
-0.000714299 -0.00117644
-0.000712699 0.0004705758
-0.000711099 -0.0009411517
-0.000709499 -0.0007058638
-0.000707899 0.0002352879
-0.000706299 -0.0004705758
-0.000704699 -0.0004705758
-0.000703099 0.0002352879
-0.000701499 0.0002352879
-0.000699899 0
-0.000698299 0.0002352879
-0.000696699 0
-0.000695099 0
-0.000693499 0.0007058638
-0.000691899 -0.0002352879
-0.000690299 0.0004705758
-0.000688699 0.0009411517
-0.000687099 0.0007058638
-0.000685499 0.0002352879
-0.000683899 0.0002352879
-0.000682299 -0.0002352879
-0.000680699 -0.0004705758
-0.000679099 0.0002352879
-0.000677499 -0.0007058638
-0.000675899 -0.0007058638
-0.000674299 -0.002588167
-0.000672699 -0.001411728
-0.000671099 -0.0002352879
-0.000669499 -0.00117644
-0.000667899 -0.0004705758
-0.000666299 -0.001411728
-0.000664699 -0.0002352879
-0.000663099 0
-0.000661499 0.0004705758
-0.000659899 0
-0.000658299 0.0004705758
-0.000656699 0.0009411517
-0.000655099 0
-0.000653499 0.0007058638
-0.000651899 0
-0.000650299 0.0002352879
-0.000648699 0.0002352879
-0.000647099 -0.0004705758
-0.000645499 -0.0004705758
-0.000643899 -0.0007058638
-0.000642299 0.0002352879
-0.000640699 -0.001882303
-0.000639099 -0.0002352879
-0.000637499 -0.0007058638
-0.000635899 -0.0009411517
-0.000634299 0
-0.000632699 -0.0004705758
-0.000631099 -0.0002352879
-0.000629499 -0.0007058638
-0.000627899 0.0004705758
-0.000626299 -0.0004705758
-0.000624699 0
-0.000623099 -0.0002352879
-0.000621499 0.0002352879
-0.000619899 0.0002352879
-0.000618299 -0.0004705758
-0.000616699 0.0007058638
-0.000615099 0
-0.000613499 0.0004705758
-0.000611899 0
-0.000610299 0.0007058638
-0.000608699 -0.0009411517
-0.000607099 0.0002352879
-0.000605499 -0.0007058638
-0.000603899 0.0007058638
-0.000602299 0.0002352879
-0.000600699 -0.0009411517
-0.000599099 -0.0002352879
-0.000597499 -0.0007058638
-0.000595899 -0.001411728
-0.000594299 0
-0.000592699 -0.0004705758
-0.000591099 0
-0.000589499 -0.0002352879
-0.000587899 0.0007058638
-0.000586299 -0.0009411517
-0.000584699 0.0009411517
-0.000583099 0
-0.000581499 0.0002352879
-0.000579899 0.0002352879
-0.000578299 -0.0004705758
-0.000576699 0.0004705758
-0.000575099 0.0004705758
-0.000573499 0.0004705758
-0.000571899 0.0004705758
-0.000570299 0.0009411517
-0.000568699 0.0002352879
-0.000567099 0.0007058638
-0.000565499 0.0002352879
-0.000563899 -0.0007058638
-0.000562299 0.0007058638
-0.000560699 -0.0004705758
-0.000559099 0.0009411517
-0.000557499 -0.0002352879
-0.000555899 -0.0009411517
-0.000554299 -0.0007058638
-0.000552699 -0.0004705758
-0.000551099 -0.00117644
-0.000549499 -0.0004705758
-0.000547899 -0.0007058638
-0.000546299 -0.0007058638
-0.000544699 0
-0.000543099 -0.0009411517
-0.000541499 -0.0002352879
-0.000539899 0.0009411517
-0.000538299 -0.0007058638
-0.000536699 0.0007058638
-0.000535099 -0.0002352879
-0.000533499 0.0004705758
-0.000531899 0
-0.000530299 0.0002352879
-0.000528699 -0.0002352879
-0.000527099 0.0004705758
-0.000525499 0.0002352879
-0.000523899 -0.001411728
-0.000522299 0.0004705758
-0.000520699 -0.0009411517
-0.000519099 0.0002352879
-0.000517499 -0.0002352879
-0.000515899 -0.0007058638
-0.000514299 -0.0002352879
-0.000512699 -0.00117644
-0.000511099 0
-0.000509499 -0.00117644
-0.000507899 0.0002352879
-0.000506299 -0.0002352879
-0.000504699 0.0007058638
-0.000503099 0.0002352879
-0.000501499 0.0009411517
-0.000499899 0.0004705758
-0.000498299 0.0004705758
-0.000496699 0.0004705758
-0.000495099 -0.0004705758
-0.000493499 0.0004705758
-0.000491899 0
-0.000490299 -0.0007058638
-0.000488699 -0.0009411517
-0.000487099 -0.0009411517
-0.000485499 -0.0009411517
-0.000483899 -0.00117644
-0.000482299 0
-0.000480699 -0.00117644
-0.000479099 0.00117644
-0.000477499 0
-0.000475899 0
-0.000474299 0
-0.000472699 0.0002352879
-0.000471099 0.0002352879
-0.000469499 0.0004705758
-0.000467899 0
-0.000466299 0.0007058638
-0.000464699 0.0002352879
-0.000463099 -0.0004705758
-0.000461499 -0.0002352879
-0.000459899 -0.0007058638
-0.000458299 -0.0007058638
-0.000456699 0.0002352879
-0.000455099 -0.00117644
-0.000453499 0
-0.000451899 -0.0007058638
-0.000450299 0
-0.000448699 0
-0.000447099 0
-0.000445499 0.0004705758
-0.000443899 0
-0.000442299 0.0004705758
-0.000440699 0.0002352879
-0.000439099 0
-0.000437499 -0.0004705758
-0.000435899 -0.0004705758
-0.000434299 0
-0.000432699 -0.0009411517
-0.000431099 -0.0004705758
-0.000429499 -0.0004705758
-0.000427899 -0.0002352879
-0.000426299 -0.0002352879
-0.000424699 0.0007058638
-0.000423099 -0.0002352879
-0.000421499 0.0007058638
-0.000419899 0.0004705758
-0.000418299 0.0002352879
-0.000416699 0.0002352879
-0.000415099 -0.0007058638
-0.000413499 0.0002352879
-0.000411899 0.0004705758
-0.000410299 -0.0004705758
-0.000408699 0
-0.000407099 -0.003058743
-0.000405499 0
-0.000403899 0
-0.000402299 -0.0009411517
-0.000400699 -0.0004705758
-0.000399099 0.0002352879
-0.000397499 -0.0009411517
-0.000395899 0.0004705758
-0.000394299 0.0002352879
-0.000392699 0.0002352879
-0.000391099 0.001882303
-0.000389499 0
-0.000387899 0.0004705758
-0.000386299 0
-0.000384699 -0.00117644
-0.000383099 -0.0007058638
-0.000381499 -0.0002352879
-0.000379899 -0.0002352879
-0.000378299 -0.0002352879
-0.000376699 0
-0.000375099 -0.001647015
-0.000373499 0.0007058638
-0.000371899 -0.0004705758
-0.000370299 0.0002352879
-0.000368699 0
-0.000367099 0.0002352879
-0.000365499 0.0007058638
-0.000363899 0.0007058638
-0.000362299 0.0002352879
-0.000360699 0.0002352879
-0.000359099 0.0004705758
-0.000357499 -0.0002352879
-0.000355899 0.0007058638
-0.000354299 0.0002352879
-0.000352699 -0.0002352879
-0.000351099 -0.0004705758
-0.000349499 -0.0002352879
-0.000347899 0.0002352879
-0.000346299 -0.001647015
-0.000344699 -0.0004705758
-0.000343099 -0.0002352879
-0.000341499 -0.0004705758
-0.000339899 -0.0002352879
-0.000338299 0.0004705758
-0.000336699 0.001647015
-0.000335099 -0.0004705758
-0.000333499 0.0002352879
-0.000331899 0.0002352879
-0.000330299 0.0004705758
-0.000328699 0.0002352879
-0.000327099 0
-0.000325499 0.0002352879
-0.000323899 -0.0007058638
-0.000322299 -0.0004705758
-0.000320699 -0.0004705758
-0.000319099 -0.0002352879
-0.000317499 -0.00117644
-0.000315899 -0.0002352879
-0.000314299 0
-0.000312699 -0.0004705758
-0.000311099 -0.0004705758
-0.000309499 -0.0007058638
-0.000307899 -0.0004705758
-0.000306299 -0.00117644
-0.000304699 0
-0.000303099 -0.0002352879
-0.000301499 -0.0007058638
-0.000299899 -0.0004705758
-0.000298299 -0.0007058638
-0.000296699 0.0007058638
-0.000295099 0
-0.000293499 0.0004705758
-0.000291899 0.0002352879
-0.000290299 0.0004705758
-0.000288699 0
-0.000287099 0.0007058638
-0.000285499 0.0002352879
-0.000283899 0.0002352879
-0.000282299 0.0002352879
-0.000280699 -0.0007058638
-0.000279099 0.0002352879
-0.000277499 -0.0002352879
-0.000275899 0.0002352879
-0.000274299 0.0002352879
-0.000272699 -0.00117644
-0.000271099 0
-0.000269499 -0.0007058638
-0.000267899 -0.0002352879
-0.000266299 -0.0004705758
-0.000264699 -0.0002352879
-0.000263099 -0.0004705758
-0.000261499 0
-0.000259899 -0.0009411517
-0.000258299 -0.0007058638
-0.000256699 -0.0002352879
-0.000255099 -0.0004705758
-0.000253499 0.0007058638
-0.000251899 -0.0007058638
-0.000250299 0.0002352879
-0.000248699 0
-0.000247099 -0.0007058638
-0.000245499 0.0004705758
-0.000243899 -0.0002352879
-0.000242299 0.0002352879
-0.000240699 0
-0.000239099 0.0004705758
-0.000237499 0
-0.000235899 0.0004705758
-0.000234299 -0.0002352879
-0.000232699 0.0004705758
-0.000231099 0.0002352879
-0.000229499 -0.0002352879
-0.000227899 0.0004705758
-0.000226299 -0.0009411517
-0.000224699 0.0002352879
-0.000223099 -0.0007058638
-0.000221499 -0.0009411517
-0.000219899 -0.0002352879
-0.000218299 -0.00117644
-0.000216699 -0.0004705758
-0.000215099 -0.0009411517
-0.000213499 -0.0007058638
-0.000211899 -0.0009411517
-0.000210299 0
-0.000208699 -0.0009411517
-0.000207099 0.0002352879
-0.000205499 -0.0002352879
-0.000203899 -0.0002352879
-0.000202299 -0.0002352879
-0.000200699 -0.0007058638
-0.000199099 0.0009411517
-0.000197499 0.0002352879
-0.000195899 -0.0004705758
-0.000194299 0.0002352879
-0.000192699 -0.0002352879
-0.000191099 0.001411728
-0.000189499 0
-0.000187899 0.0007058638
-0.000186299 0.0004705758
-0.000184699 0
-0.000183099 0
-0.000181499 0.0004705758
-0.000179899 -0.0002352879
-0.000178299 -0.0002352879
-0.000176699 -0.0002352879
-0.000175099 -0.0009411517
-0.000173499 -0.0002352879
-0.000171899 -0.0007058638
-0.000170299 -0.0004705758
-0.000168699 -0.0002352879
-0.000167099 -0.0002352879
-0.000165499 0.0007058638
-0.000163899 -0.0007058638
-0.000162299 0.00117644
-0.000160699 0.0002352879
-0.000159099 0.0004705758
-0.000157499 -0.0002352879
-0.000155899 0.0007058638
-0.000154299 0.0002352879
-0.000152699 0.0004705758
-0.000151099 0.0007058638
-0.000149499 0
-0.000147899 0.0009411517
-0.000146299 -0.0002352879
-0.000144699 0.0002352879
-0.000143099 -0.0002352879
-0.000141499 0.0002352879
-0.000139899 -0.0004705758
-0.000138299 -0.0004705758
-0.000136699 -0.0002352879
-0.000135099 -0.00117644
-0.000133499 -0.0004705758
-0.000131899 -0.0004705758
-0.000130299 -0.0009411517
-0.000128699 -0.0002352879
-0.000127099 0.0002352879
-0.000125499 0
-0.000123899 0.0002352879
-0.000122299 0.0007058638
-0.000120699 -0.0004705758
-0.000119099 0.0009411517
-0.000117499 0.0007058638
-0.000115899 -0.0002352879
-0.000114299 0.0004705758
-0.000112699 -0.0007058638
-0.000111099 0.0004705758
-0.000109499 -0.0004705758
-0.000107899 0.0007058638
-0.000106299 -0.00117644
-0.000104699 -0.00117644
-0.000103099 -0.0004705758
-0.000101499 -0.0004705758
-9.9899e-005 -0.0007058638
-9.8299e-005 -0.0007058638
-9.6699e-005 -0.0002352879
-9.5099e-005 -0.0009411517
-9.3499e-005 0.0002352879
-9.1899e-005 -0.0004705758
-9.0299e-005 0.0002352879
-8.8699e-005 0
-8.7099e-005 0.0004705758
-8.5499e-005 0.00117644
-8.3899e-005 0.0004705758
-8.2299e-005 0.001647015
-8.0699e-005 0.00117644
-7.9099e-005 0.002352879
-7.7499e-005 0.002588167
-7.5899e-005 0.002352879
-7.4299e-005 0.00117644
-7.2699e-005 0.0007058638
-7.1099e-005 0.0002352879
-6.9499e-005 -0.00117644
-6.7899e-005 0.001411728
-6.6299e-005 0.002352879
-6.4699e-005 0.004235183
-6.3099e-005 0.00447047
-6.1499e-005 0.003764607
-5.9899e-005 0.001882303
-5.8299e-005 -0.003058743
-5.6699e-005 -0.009646805
-5.5099e-005 -0.01882303
-5.3499e-005 -0.03082272
-5.1899e-005 -0.0468223
-5.0299e-005 -0.06846878
-4.8699e-005 -0.09999736
-4.7099e-005 -0.1402316
-4.5499e-005 -0.1917597
-4.3899e-005 -0.2472876
-4.2299e-005 -0.300698
-4.0699e-005 -0.3465791
-3.9099e-005 -0.3736372
-3.7499e-005 -0.3846957
-3.5899e-005 -0.3778724
-3.4299e-005 -0.3581082
-3.2699e-005 -0.3296384
-3.1099e-005 -0.2957569
-2.9499e-005 -0.2625813
-2.7899e-005 -0.229641
-2.6299e-005 -0.2009359
-2.4699e-005 -0.1734072
-2.3099e-005 -0.1479961
-2.1499e-005 -0.1256437
-1.9899e-005 -0.1082324
-1.8299e-005 -0.09646805
-1.6699e-005 -0.08917412
-1.5099e-005 -0.08635067
-1.3499e-005 -0.08070376
-1.1899e-005 -0.07317454
-1.0299e-005 -0.06329245
-8.699e-006 -0.05364565
-7.099e-006 -0.04635172
-5.499e-006 -0.03835193
-3.899e-006 -0.03058743
-2.299e-006 -0.02047005
-6.99e-007 -0.007999789
9.01e-007 0.005411622
2.501e-006 0.02470523
4.101e-006 0.04023423
5.701e-006 0.05435151
7.301e-006 0.06376303
8.901e-006 0.06846878
1.0501e-005 0.06729234
1.2101e-005 0.05976313
1.3701e-005 0.04329298
1.5301e-005 0.02611696
1.6901e-005 0.007058638
1.8501e-005 -0.01011738
2.0101e-005 -0.02564638
2.1701e-005 -0.04423413
2.3301e-005 -0.06070428
2.4901e-005 -0.07529213
2.6501e-005 -0.07858616
2.8101e-005 -0.07388041
2.9701e-005 -0.06117486
3.1301e-005 -0.04517528
3.2901e-005 -0.03058743
3.4501e-005 -0.01529371
3.6101e-005 -0.003999895
3.7701e-005 0.006352774
3.9301e-005 0.01223497
4.0901e-005 0.01341141
4.2501e-005 0.009411517
4.4101e-005 0.004705758
4.5701e-005 0.001411728
4.7301e-005 -0.005882198
4.8901e-005 -0.01458785
5.0501e-005 -0.02870513
5.2101e-005 -0.04517528
5.3701e-005 -0.06682177
5.5301e-005 -0.08987998
5.6901e-005 -0.11035
5.8501e-005 -0.1275261
6.0101e-005 -0.1395257
6.1701e-005 -0.1508196
6.3301e-005 -0.1583488
6.4901e-005 -0.1635251
6.6501e-005 -0.1694073
6.8101e-005 -0.1752895
6.9701e-005 -0.1783482
7.1301e-005 -0.1816423
7.2901e-005 -0.1757601
7.4501e-005 -0.1712896
7.6101e-005 -0.1684661
7.7701e-005 -0.1672897
7.9301e-005 -0.1689367
8.0901e-005 -0.1698779
8.2501e-005 -0.1703485
8.4101e-005 -0.1717602
8.5701e-005 -0.1743483
8.7301e-005 -0.1790541
8.8901e-005 -0.1795247
9.0501e-005 -0.1767012
9.2101e-005 -0.1712896
9.3701e-005 -0.1654074
9.5301e-005 -0.1604664
9.6901e-005 -0.1541136
9.8501e-005 -0.1451726
0.000100101 -0.13482
0.000101701 -0.1239967
0.000103301 -0.1157617
0.000104901 -0.11035
0.000106501 -0.1098795
0.000108101 -0.1127029
0.000109701 -0.1155264
0.000111301 -0.1169381
0.000112901 -0.1197615
0.000114501 -0.119291
0.000116101 -0.1181145
0.000117701 -0.1141146
0.000119301 -0.111997
0.000120901 -0.1098795
0.000122501 -0.1117618
0.000124101 -0.1181145
0.000125701 -0.1254085
0.000127301 -0.1350553
0.000128901 -0.1390552
0.000130501 -0.1390552
0.000132101 -0.1343494
0.000133701 -0.1230556
0.000135301 -0.1079972
0.000136901 -0.08940941
0.000138501 -0.06846878
0.000140101 -0.04776345
0.000141701 -0.02776397
0.000143301 -0.006117486
0.000144901 0.009176229
0.000146501 0.02070534
0.000148101 0.02799926
0.000149701 0.03152858
0.000151301 0.03176387
0.000152901 0.02470523
0.000154501 0.01482314
0.000156101 0.0004705758
0.000157701 -0.01717602
0.000159301 -0.0350579
0.000160901 -0.0505869
0.000162501 -0.06046899
0.000164101 -0.06940994
0.000165701 -0.07411569
0.000167301 -0.07740972
0.000168901 -0.07764501
0.000170501 -0.07693915
0.000172101 -0.07740972
0.000173701 -0.07670386
0.000175301 -0.07835088
0.000176901 -0.07999789
0.000178501 -0.08329192
0.000180101 -0.08823297
0.000181701 -0.09246815
0.000183301 -0.09811506
0.000184901 -0.1044678
0.000186501 -0.1082324
0.000188101 -0.1094089
0.000189701 -0.1089383
0.000191301 -0.1044678
0.000192901 -0.1004679
0.000194501 -0.09199758
0.000196101 -0.08493894
0.000197701 -0.07693915
0.000199301 -0.07058638
0.000200901 -0.06846878
0.000202501 -0.06752763
0.000204101 -0.07105695
0.000205701 -0.07270397
0.000207301 -0.07246868
0.000208901 -0.07035109
0.000210501 -0.06658648
0.000212101 -0.06117486
0.000213701 -0.05364565
0.000215301 -0.04399884
0.000216901 -0.03388146
0.000218501 -0.02682282
0.000220101 -0.02023476
0.000221701 -0.01929361
0.000223301 -0.01929361
0.000224901 -0.02070534
0.000226501 -0.01999947
0.000228101 -0.02164649
0.000229701 -0.02494052
0.000231301 -0.03011685
0.000232901 -0.03599905
0.000234501 -0.0409401
0.000236101 -0.04823402
0.000237701 -0.0564691
0.000239301 -0.06470418
0.000240901 -0.07529213
0.000242501 -0.08258606
0.000244101 -0.09129171
0.000245701 -0.09693862
0.000247301 -0.0992915
0.000248901 -0.1009385
0.000250501 -0.09999736
0.000252101 -0.0974092
0.000253701 -0.08987998
0.000255301 -0.08282135
0.000256901 -0.075998
0.000258501 -0.06964522
0.000260101 -0.06282187
0.000261701 -0.05693968
0.000263301 -0.0505869
0.000264901 -0.04564586
0.000266501 -0.04117539
0.000268101 -0.03458732
0.000269701 -0.03035214
0.000271301 -0.02023476
0.000272901 -0.01388199
0.000274501 -0.00682335
0.000276101 -0.003294031
0.000277701 -0.002588167
0.000279301 -0.002823455
0.000280901 -0.008235077
0.000282501 -0.01152911
0.000284101 -0.01835246
0.000285701 -0.02376408
0.000287301 -0.02870513
0.000288901 -0.03435204
0.000290501 -0.03741078
0.000292101 -0.04117539
0.000293701 -0.0428224
0.000295301 -0.04635172
0.000296901 -0.04752816
0.000298501 -0.04917517
0.000300101 -0.04988104
0.000301701 -0.05199863
0.000303301 -0.05270449
0.000304901 -0.05035161
0.000306501 -0.0487046
0.000308101 -0.04493999
0.000309701 -0.04188125
0.000311301 -0.03858722
0.000312901 -0.03599905
0.000314501 -0.03529319
0.000316101 -0.03458732
0.000317701 -0.03646963
0.000319301 -0.03811664
0.000320901 -0.04117539
0.000322501 -0.04399884
0.000324101 -0.04517528
0.000325701 -0.04517528
0.000327301 -0.04541057
0.000328901 -0.04446942
0.000330501 -0.04446942
0.000332101 -0.04376355
0.000333701 -0.04305769
0.000335301 -0.04046952
0.000336901 -0.03482261
0.000338501 -0.02941099
0.000340101 -0.0214112
0.000341701 -0.01294084
0.000343301 -0.003529319
0.000344901 0.007293925
0.000346501 0.01482314
0.000348101 0.02494052
0.000349701 0.03223444
0.000351301 0.03835193
0.000352901 0.04329298
0.000354501 0.04493999
0.000356101 0.04705758
0.000357701 0.04917517
0.000359301 0.04988104
0.000360901 0.05176334
0.000362501 0.05270449
0.000364101 0.05364565
0.000365701 0.05364565
0.000367301 0.05317507
0.000368901 0.05011633
0.000370501 0.04564586
0.000372101 0.03599905
0.000373701 0.02799926
0.000375301 0.01694073
0.000376901 0.009411517
0.000378501 0.003058743
0.000380101 -0.003294031
0.000381701 -0.004941046
0.000383301 -0.005882198
0.000384901 -0.001647015
0.000386501 0.003999895
0.000388101 0.01058796
0.000389701 0.01717602
0.000391301 0.0214112
0.000392901 0.0254111
0.000394501 0.02799926
0.000396101 0.02964628
0.000397701 0.03011685
0.000399301 0.03105801
0.000400901 0.02799926
0.000402501 0.02682282
0.000404101 0.02517581
0.000405701 0.02399937
0.000407301 0.02611696
0.000408901 0.02423466
0.000410501 0.02964628
0.000412101 0.03082272
0.000413701 0.03294031
0.000415301 0.03388146
0.000416901 0.03082272
0.000418501 0.0272934
0.000420101 0.02258764
0.000421701 0.01788188
0.000423301 0.01317612
0.000424901 0.009646805
0.000426501 0.007058638
0.000428101 0.005411622
0.000429701 0.003999895
0.000431301 0.002352879
0.000432901 0.002588167
0.000434501 -0.0009411517
0.000436101 -0.002352879
0.000437701 -0.005882198
0.000439301 -0.008705653
0.000440901 -0.01105853
0.000442501 -0.01317612
0.000444101 -0.01458785
0.000445701 -0.01599958
0.000447301 -0.01294084
0.000448901 -0.01058796
0.000450501 -0.007058638
0.000452101 -0.003529319
0.000453701 -0.0004705758
0.000455301 0.002823455
0.000456901 0.005411622
0.000458501 0.007999789
0.000460101 0.008705653
0.000461701 0.01199968
0.000463301 0.01270555
0.000464901 0.01576429
0.000466501 0.01811717
0.000468101 0.01811717
0.000469701 0.02164649
0.000471301 0.0214112
0.000472901 0.02282293
0.000474501 0.02305822
0.000476101 0.02352879
0.000477701 0.02376408
0.000479301 0.02305822
0.000480901 0.02682282
0.000482501 0.03011685
0.000484101 0.03623434
0.000485701 0.04399884
0.000487301 0.05199863
0.000488901 0.05976313
0.000490501 0.06870407
0.000492101 0.07458627
0.000493701 0.08093904
0.000495301 0.08470365
0.000496901 0.08705653
0.000498501 0.09082114
0.000500101 0.09176229
0.000501701 0.0934093
0.000503301 0.09293873
0.000504901 0.09223286
0.000506501 0.09105642
0.000508101 0.08776239
0.000509701 0.08399779
0.000511301 0.07952732
0.000512901 0.07552742
0.000514501 0.06988051
0.000516101 0.06541004
0.000517701 0.06188072
0.000519301 0.05811612
0.000520901 0.05670439
0.000522501 0.05364565
0.000524101 0.05505737
0.000525701 0.05529266
0.000527301 0.05764554
0.000528901 0.06070428
0.000530501 0.06352774
0.000532101 0.06705706
0.000533701 0.07058638
0.000535301 0.07552742
0.000536901 0.07952732
0.000538501 0.08493894
0.000540101 0.08752711
0.000541701 0.09129171
0.000543301 0.09082114
0.000544901 0.091527
0.000546501 0.09082114
0.000548101 0.08823297
0.000549701 0.08823297
0.000551301 0.0837625
0.000552901 0.08352721
0.000554501 0.08258606
0.000556101 0.08329192
0.000557701 0.0837625
0.000559301 0.08399779
0.000560901 0.08423307
0.000562501 0.08446836
0.000564101 0.0837625
0.000565701 0.08140962
0.000567301 0.0797626
0.000568901 0.07552742
0.000570501 0.07058638
0.000572101 0.06658648
0.000573701 0.06117486
0.000575301 0.05999842
0.000576901 0.0564691
0.000578501 0.0545868
0.000580101 0.05199863
0.000581701 0.04988104
0.000583301 0.04705758
0.000584901 0.0447047
0.000586501 0.04164596
0.000588101 0.03905779
0.000589701 0.03646963
0.000591301 0.03294031
0.000592901 0.02988157
0.000594501 0.02705811
0.000596101 0.02470523
0.000597701 0.02352879
0.000599301 0.0214112
0.000600901 0.02188178
0.000602501 0.0214112
0.000604101 0.0232935
0.000605701 0.02470523
0.000607301 0.02588167
0.000608901 0.02752869
0.000610501 0.02964628
0.000612101 0.03270502
0.000613701 0.0331756
0.000615301 0.03670492
0.000616901 0.03764607
0.000618501 0.04070481
0.000620101 0.04446942
0.000621701 0.04541057
0.000623301 0.04823402
0.000624901 0.04846931
0.000626501 0.04917517
0.000628101 0.04776345
0.000629701 0.04658701
0.000631301 0.04446942
0.000632901 0.0409401
0.000634501 0.03882251
0.000636101 0.03646963
0.000637701 0.03552848
0.000639301 0.03646963
0.000640901 0.03717549
0.000642501 0.03835193
0.000644101 0.04023423
0.000645701 0.04423413
0.000647301 0.04776345
0.000648901 0.05435151
0.000650501 0.05764554
0.000652101 0.06352774
0.000653701 0.06846878
0.000655301 0.07364512
0.000656901 0.07858616
0.000658501 0.08399779
0.000660101 0.08823297
0.000661701 0.09246815
0.000663301 0.09693862
0.000664901 0.1004679
0.000666501 0.1063501
0.000668101 0.1108206
0.000669701 0.1134088
0.000671301 0.1169381
0.000672901 0.1181145
0.000674501 0.1185851
0.000676101 0.1190557
0.000677701 0.1181145
0.000679301 0.1143499
0.000680901 0.1122323
0.000682501 0.1098795
0.000684101 0.1079972
0.000685701 0.1082324
0.000687301 0.108703
0.000688901 0.1098795
0.000690501 0.1122323
0.000692101 0.1155264
0.000693701 0.1181145
0.000695301 0.1211733
0.000696901 0.1228203
0.000698501 0.1235262
0.000700101 0.1214086
0.000701701 0.119291
0.000703301 0.1162322
0.000704901 0.1101147
0.000706501 0.107056
0.000708101 0.1035267
0.000709701 0.1002327
0.000711301 0.09905621
0.000712901 0.09670333
0.000714501 0.09364459
0.000716101 0.09129171
0.000717701 0.08823297
0.000719301 0.08305663
0.000720901 0.0797626
0.000722501 0.07482156
0.000724101 0.06776292
0.000725701 0.06258659
0.000727301 0.05693968
0.000728901 0.05199863
0.000730501 0.0487046
0.000732101 0.04705758
0.000733701 0.04588114
0.000735301 0.04752816
0.000736901 0.04917517
0.000738501 0.05176334
0.000740101 0.05435151
0.000741701 0.05435151
0.000743301 0.05341036
0.000744901 0.05270449
0.000746501 0.05223392
0.000748101 0.0468223
0.000749701 0.0447047
0.000751301 0.04329298
0.000752901 0.04258711
0.000754501 0.04423413
0.000756101 0.04588114
0.000757701 0.04964575
0.000759301 0.05199863
0.000760901 0.05529266
0.000762501 0.0583514
0.000764101 0.05929256
0.000765701 0.06305716
0.000767301 0.06305716
0.000768901 0.06258659
0.000770501 0.06258659
0.000772101 0.06258659
0.000773701 0.06093957
0.000775301 0.06070428
0.000776901 0.06258659
0.000778501 0.06376303
0.000780101 0.0661159
0.000781701 0.06846878
0.000783301 0.07129224
0.000784901 0.07529213
0.000786501 0.07740972
0.000788101 0.08023318
0.000789701 0.08093904
0.000791301 0.08282135
0.000792901 0.08023318
0.000794501 0.08070376
0.000796101 0.07811559
0.000797701 0.07717444
0.000799301 0.07693915
0.000800901 0.07693915
0.000802501 0.0778803
0.000804101 0.07952732
0.000805701 0.08023318
0.000807301 0.08164491
0.000808901 0.08352721
0.000810501 0.0837625
0.000812101 0.08588009
0.000813701 0.08776239
0.000815301 0.08776239
0.000816901 0.091527
0.000818501 0.09364459
0.000820101 0.09670333
0.000821701 0.09905621
0.000823301 0.1004679
0.000824901 0.1016444
0.000826501 0.1016444
0.000828101 0.102115
0.000829701 0.09999736
0.000831301 0.09952679
0.000832901 0.09858564
0.000834501 0.0974092
0.000836101 0.09693862
0.000837701 0.09576218
0.000839301 0.09435045
0.000840901 0.08987998
0.000842501 0.08611538
0.000844101 0.08070376
0.000845701 0.07646857
0.000847301 0.0719981
0.000848901 0.06776292
0.000850501 0.06446889
0.000852101 0.06070428
0.000853701 0.05811612
0.000855301 0.05552795
0.000856901 0.05270449
0.000858501 0.04917517
0.000860101 0.0468223
0.000861701 0.04423413
0.000863301 0.04141067
0.000864901 0.03788135
0.000866501 0.03411675
0.000868101 0.03246973
0.000869701 0.02846984
0.000871301 0.02564638
0.000872901 0.02399937
0.000874501 0.02211706
0.000876101 0.02023476
0.000877701 0.01835246
0.000879301 0.01788188
0.000880901 0.01599958
0.000882501 0.01694073
0.000884101 0.01811717
0.000885701 0.01929361
0.000887301 0.02258764
0.000888901 0.02494052
0.000890501 0.02870513
0.000892101 0.02988157
0.000893701 0.03294031
0.000895301 0.03270502
0.000896901 0.03482261
0.000898501 0.0350579
0.000900101 0.03482261
0.000901701 0.03576376
0.000903301 0.03388146
0.000904901 0.03411675
0.000906501 0.03364617
0.000908101 0.03246973
0.000909701 0.03035214
0.000911301 0.02846984
0.000912901 0.02635225
0.000914501 0.02446994
0.000916101 0.0232935
0.000917701 0.02094062
0.000919301 0.02023476
0.000920901 0.01741131
0.000922501 0.01694073
0.000924101 0.01670544
0.000925701 0.01647015
0.000927301 0.01694073
0.000928901 0.01882303
0.000930501 0.02235235
0.000932101 0.02376408
0.000933701 0.0291757
0.000935301 0.03388146
0.000936901 0.03717549
0.000938501 0.04258711
0.000940101 0.04658701
0.000941701 0.04988104
0.000943301 0.05105748
0.000944901 0.05693968
0.000946501 0.05952784
0.000948101 0.06164543
0.000949701 0.06282187
0.000951301 0.06211601
0.000952901 0.06258659
0.000954501 0.06141015
0.000956101 0.06046899
0.000957701 0.05952784
0.000959301 0.05905727
0.000960901 0.05717496
0.000962501 0.05788083
0.000964101 0.05693968
0.000965701 0.05505737
0.000967301 0.05435151
0.000968901 0.0505869
0.000970501 0.04917517
0.000972101 0.04705758
0.000973701 0.04611643
0.000975301 0.0447047
0.000976901 0.0447047
0.000978501 0.04446942
0.000980101 0.04493999
0.000981701 0.04635172
0.000983301 0.04635172
0.000984901 0.04799874
0.000986501 0.04988104
0.000988101 0.0505869
0.000989701 0.05105748
0.000991301 0.05152805
0.000992901 0.05129277
0.000994501 0.0505869
0.000996101 0.05152805
0.000997701 0.05082219
0.000999301 0.0487046
0.001000901 0.04776345
0.001002501 0.04541057
0.001004101 0.04305769
0.001005701 0.03976366
0.001007301 0.03788135
0.001008901 0.03294031
0.001010501 0.03058743
0.001012101 0.02564638
0.001013701 0.02494052
0.001015301 0.01976419
0.001016901 0.01670544
0.001018501 0.01599958
0.001020101 0.01388199
0.001021701 0.01223497
0.001023301 0.01129382
0.001024901 0.01223497
0.001026501 0.01058796
0.001028101 0.01058796
0.001029701 0.01199968
0.001031301 0.01152911
0.001032901 0.01223497
0.001034501 0.01270555
0.001036101 0.01294084
0.001037701 0.01341141
0.001039301 0.01529371
0.001040901 0.01599958
0.001042501 0.01529371
0.001044101 0.01647015
0.001045701 0.01529371
0.001047301 0.01505843
0.001048901 0.01505843
0.001050501 0.01317612
0.001052101 0.01388199
0.001053701 0.01411728
0.001055301 0.01529371
0.001056901 0.01529371
0.001058501 0.01811717
0.001060101 0.01905832
0.001061701 0.02117591
0.001063301 0.02423466
0.001064901 0.0254111
0.001066501 0.02776397
0.001068101 0.02988157
0.001069701 0.03129329
0.001071301 0.03176387
0.001072901 0.03223444
0.001074501 0.03058743
0.001076101 0.02988157
0.001077701 0.02846984
0.001079301 0.02588167
0.001080901 0.0254111
0.001082501 0.02446994
0.001084101 0.02517581
0.001085701 0.02564638
0.001087301 0.0272934
0.001088901 0.03105801
0.001090501 0.03270502
0.001092101 0.03623434
0.001093701 0.03905779
0.001095301 0.04141067
0.001096901 0.04141067
0.001098501 0.04305769
0.001100101 0.04141067
0.001101701 0.04023423
0.001103301 0.03764607
0.001104901 0.03364617
0.001106501 0.03270502
0.001108101 0.02964628
0.001109701 0.02846984
0.001111301 0.02752869
0.001112901 0.02752869
0.001114501 0.02705811
0.001116101 0.02705811
0.001117701 0.02799926
0.001119301 0.02752869
0.001120901 0.02823455
0.001122501 0.02752869
0.001124101 0.02682282
0.001125701 0.02611696
0.001127301 0.02611696
0.001128901 0.02564638
0.001130501 0.02517581
0.001132101 0.02564638
0.001133701 0.02423466
0.001135301 0.02564638
0.001136901 0.02611696
0.001138501 0.02658753
0.001140101 0.02823455
0.001141701 0.02964628
0.001143301 0.03058743
0.001144901 0.03152858
0.001146501 0.03341088
0.001148101 0.03270502
0.001149701 0.03364617
0.001151301 0.03529319
0.001152901 0.03458732
0.001154501 0.03529319
0.001156101 0.0350579
0.001157701 0.03482261
0.001159301 0.03294031
0.001160901 0.03199916
0.001162501 0.02988157
0.001164101 0.02799926
0.001165701 0.02752869
0.001167301 0.02399937
0.001168901 0.0232935
0.001170501 0.02235235
0.001172101 0.02164649
0.001173701 0.01976419
0.001175301 0.01999947
0.001176901 0.01976419
0.001178501 0.0195289
0.001180101 0.02070534
0.001181701 0.02023476
0.001183301 0.02235235
0.001184901 0.02282293
0.001186501 0.02376408
0.001188101 0.02423466
0.001189701 0.02564638
0.001191301 0.02705811
0.001192901 0.02635225
0.001194501 0.02846984
0.001196101 0.02752869
0.001197701 0.02823455
0.001199301 0.02776397
0.001200901 0.0272934
0.001202501 0.0254111
0.001204101 0.02376408
0.001205701 0.02446994
0.001207301 0.02235235
0.001208901 0.02211706
0.001210501 0.02164649
0.001212101 0.0232935
0.001213701 0.02352879
0.001215301 0.02494052
0.001216901 0.02517581
0.001218501 0.02564638
0.001220101 0.0272934
0.001221701 0.02517581
0.001223301 0.02611696
0.001224901 0.0254111
0.001226501 0.02423466
0.001228101 0.02376408
0.001229701 0.02305822
0.001231301 0.02305822
0.001232901 0.02211706
0.001234501 0.02282293
0.001236101 0.02047005
0.001237701 0.02094062
0.001239301 0.02047005
0.001240901 0.01905832
0.001242501 0.01858775
0.001244101 0.01905832
0.001245701 0.01929361
0.001247301 0.01905832
0.001248901 0.01999947
0.001250501 0.02094062
0.001252101 0.02305822
0.001253701 0.02564638
0.001255301 0.0272934
0.001256901 0.03035214
0.001258501 0.03388146
0.001260101 0.03670492
0.001261701 0.03788135
0.001263301 0.04046952
0.001264901 0.04235183
0.001266501 0.04164596
0.001268101 0.04235183
0.001269701 0.04070481
0.001271301 0.04070481
0.001272901 0.03858722
0.001274501 0.0369402
0.001276101 0.03458732
0.001277701 0.03341088
0.001279301 0.03058743
0.001280901 0.02799926
0.001282501 0.02682282
0.001284101 0.02470523
0.001285701 0.02282293
0.001287301 0.02070534
0.001288901 0.01905832
0.001290501 0.01741131
0.001292101 0.01694073
0.001293701 0.01647015
0.001295301 0.01529371
0.001296901 0.01647015
0.001298501 0.01647015
0.001300101 0.01599958
0.001301701 0.01717602
0.001303301 0.01811717
0.001304901 0.01882303
0.001306501 0.01835246
0.001308101 0.01858775
0.001309701 0.01576429
0.001311301 0.01435256
0.001312901 0.01129382
0.001314501 0.00682335
0.001316101 0.003999895
0.001317701 -0.0007058638
0.001319301 -0.005882198
0.001320901 -0.01058796
0.001322501 -0.01411728
0.001324101 -0.01882303
0.001325701 -0.02235235
0.001327301 -0.02658753
0.001328901 -0.0291757
0.001330501 -0.03152858
0.001332101 -0.03411675
0.001333701 -0.03552848
0.001335301 -0.03670492
0.001336901 -0.03835193
0.001338501 -0.03811664
0.001340101 -0.03835193
0.001341701 -0.03835193
0.001343301 -0.03741078
0.001344901 -0.03576376
0.001346501 -0.03670492
0.001348101 -0.03458732
0.001349701 -0.0331756
0.001351301 -0.03129329
0.001352901 -0.03082272
0.001354501 -0.02823455
0.001356101 -0.02611696
0.001357701 -0.02635225
0.001359301 -0.0232935
0.001360901 -0.02352879
0.001362501 -0.02235235
0.001364101 -0.02258764
0.001365701 -0.02211706
0.001367301 -0.02282293
0.001368901 -0.02352879
0.001370501 -0.02423466
0.001372101 -0.02588167
0.001373701 -0.0272934
0.001375301 -0.0291757
0.001376901 -0.03199916
0.001378501 -0.03388146
0.001380101 -0.03599905
0.001381701 -0.03858722
0.001383301 -0.04141067
0.001384901 -0.04376355
0.001386501 -0.0468223
0.001388101 -0.04941046
0.001389701 -0.0505869
0.001391301 -0.05341036
0.001392901 -0.05317507
0.001394501 -0.0545868
0.001396101 -0.05505737
0.001397701 -0.0564691
0.001399301 -0.05552795
0.001400901 -0.05670439
0.001402501 -0.05670439
0.001404101 -0.05599852
0.001405701 -0.05670439
0.001407301 -0.05599852
0.001408901 -0.05552795
0.001410501 -0.05529266
0.001412101 -0.05505737
0.001413701 -0.05364565
0.001415301 -0.05317507
0.001416901 -0.05199863
0.001418501 -0.04964575
0.001420101 -0.04752816
0.001421701 -0.04493999
0.001423301 -0.04211654
0.001424901 -0.03999895
0.001426501 -0.03835193
0.001428101 -0.03599905
0.001429701 -0.03435204
0.001431301 -0.03364617
0.001432901 -0.03246973
0.001434501 -0.03294031
0.001436101 -0.0331756
0.001437701 -0.03411675
0.001439301 -0.03482261
0.001440901 -0.03788135
0.001442501 -0.03952837
0.001444101 -0.04211654
0.001445701 -0.0447047
0.001447301 -0.04658701
0.001448901 -0.05129277
0.001450501 -0.05270449
0.001452101 -0.05505737
0.001453701 -0.05670439
0.001455301 -0.05858669
0.001456901 -0.05882198
0.001458501 -0.05858669
0.001460101 -0.05999842
0.001461701 -0.05905727
0.001463301 -0.05858669
0.001464901 -0.05811612
0.001466501 -0.05670439
0.001468101 -0.0564691
0.001469701 -0.05623381
0.001471301 -0.05717496
0.001472901 -0.0564691
0.001474501 -0.05976313
0.001476101 -0.06117486
0.001477701 -0.06470418
0.001479301 -0.06776292
0.001480901 -0.07105695
0.001482501 -0.07576271
0.001484101 -0.07858616
0.001485701 -0.08235077
0.001487301 -0.08540951
0.001488901 -0.08870354
0.001490501 -0.08987998
0.001492101 -0.091527
0.001493701 -0.09223286
0.001495301 -0.09223286
0.001496901 -0.09223286
0.001498501 -0.09223286
0.001500101 -0.09129171
0.001501701 -0.09058585
0.001503301 -0.09082114
0.001504901 -0.09011527
0.001506501 -0.0896447
0.001508101 -0.09129171
0.001509701 -0.0896447
0.001511301 -0.09035056
0.001512901 -0.09058585
0.001514501 -0.09199758
0.001516101 -0.09199758
0.001517701 -0.09199758
0.001519301 -0.09435045
0.001520901 -0.09270344
0.001522501 -0.09435045
0.001524101 -0.09317402
0.001525701 -0.09317402
0.001527301 -0.0934093
0.001528901 -0.09364459
0.001530501 -0.09223286
0.001532101 -0.09387988
0.001533701 -0.09246815
0.001535301 -0.09364459
0.001536901 -0.09529161
0.001538501 -0.09435045
0.001540101 -0.09552689
0.001541701 -0.09505632
0.001543301 -0.09505632
0.001544901 -0.09317402
0.001546501 -0.0934093
0.001548101 -0.09293873
0.001549701 -0.08940941
0.001551301 -0.08987998
0.001552901 -0.08729182
0.001554501 -0.08588009
0.001556101 -0.08540951
0.001557701 -0.08352721
0.001559301 -0.08235077
0.001560901 -0.08164491
0.001562501 -0.08211548
0.001564101 -0.08140962
0.001565701 -0.08211548
0.001567301 -0.08329192
0.001568901 -0.08470365
0.001570501 -0.08658595
0.001572101 -0.08823297
0.001573701 -0.09082114
0.001575301 -0.09364459
0.001576901 -0.09646805
0.001578501 -0.09764449
0.001580101 -0.1002327
0.001581701 -0.1025855
0.001583301 -0.1028208
0.001584901 -0.105409
0.001586501 -0.1063501
0.001588101 -0.1063501
0.001589701 -0.1068207
0.001591301 -0.1058796
0.001592901 -0.1032914
0.001594501 -0.1025855
0.001596101 -0.0992915
0.001597701 -0.09599747
0.001599301 -0.0934093
0.001600901 -0.0896447
0.001602501 -0.08799768
0.001604101 -0.08446836
0.001605701 -0.08329192
0.001607301 -0.08164491
0.001608901 -0.08093904
0.001610501 -0.07999789
0.001612101 -0.07882145
0.001613701 -0.0797626
0.001615301 -0.07882145
0.001616901 -0.07952732
0.001618501 -0.08023318
0.001620101 -0.08046847
0.001621701 -0.08070376
0.001623301 -0.08093904
0.001624901 -0.08235077
0.001626501 -0.08117433
0.001628101 -0.0818802
0.001629701 -0.08070376
0.001631301 -0.08023318
0.001632901 -0.07999789
0.001634501 -0.0778803
0.001636101 -0.0778803
0.001637701 -0.0778803
0.001639301 -0.0778803
0.001640901 -0.07670386
0.001642501 -0.07952732
0.001644101 -0.07999789
0.001645701 -0.08046847
0.001647301 -0.08352721
0.001648901 -0.08446836
0.001650501 -0.08682124
0.001652101 -0.0896447
0.001653701 -0.09199758
0.001655301 -0.09293873
0.001656901 -0.09623276
0.001658501 -0.09764449
0.001660101 -0.1002327
0.001661701 -0.1011738
0.001663301 -0.1009385
0.001664901 -0.1023502
0.001666501 -0.1023502
0.001668101 -0.103762
0.001669701 -0.1051737
0.001671301 -0.1056443
0.001672901 -0.105409
0.001674501 -0.1061149
0.001676101 -0.1072913
0.001677701 -0.1056443
0.001679301 -0.1058796
0.001680901 -0.105409
0.001682501 -0.1039973
0.001684101 -0.1032914
0.001685701 -0.1028208
0.001687301 -0.1014091
0.001688901 -0.1007032
0.001690501 -0.1002327
0.001692101 -0.09693862
0.001693701 -0.09764449
0.001695301 -0.09529161
0.001696901 -0.09411517
0.001698501 -0.09387988
0.001700101 -0.09270344
0.001701701 -0.09364459
0.001703301 -0.09246815
0.001704901 -0.09364459
0.001706501 -0.09411517
0.001708101 -0.09717391
0.001709701 -0.0974092
0.001711301 -0.09835035
0.001712901 -0.1002327
0.001714501 -0.09999736
0.001716101 -0.1007032
0.001717701 -0.1007032
0.001719301 -0.0992915
0.001720901 -0.09764449
0.001722501 -0.09646805
0.001724101 -0.09387988
0.001725701 -0.09035056
0.001727301 -0.08870354
0.001728901 -0.08399779
0.001730501 -0.08046847
0.001732101 -0.07811559
0.001733701 -0.07529213
0.001735301 -0.07176281
0.001736901 -0.0682335
0.001738501 -0.06588062
0.001740101 -0.06164543
0.001741701 -0.05976313
0.001743301 -0.05552795
0.001744901 -0.05364565
0.001746501 -0.05035161
0.001748101 -0.04752816
0.001749701 -0.04517528
0.001751301 -0.04329298
0.001752901 -0.0409401
0.001754501 -0.03952837
0.001756101 -0.03976366
0.001757701 -0.03976366
0.001759301 -0.03976366
0.001760901 -0.04023423
0.001762501 -0.0409401
0.001764101 -0.04329298
0.001765701 -0.04446942
0.001767301 -0.04588114
0.001768901 -0.04752816
0.001770501 -0.04988104
0.001772101 -0.05105748
0.001773701 -0.05223392
0.001775301 -0.0545868
0.001776901 -0.05529266
0.001778501 -0.05764554
0.001780101 -0.05788083
0.001781701 -0.05905727
0.001783301 -0.06023371
0.001784901 -0.06117486
0.001786501 -0.0623513
0.001788101 -0.06329245
0.001789701 -0.0642336
0.001791301 -0.0642336
0.001792901 -0.0661159
0.001794501 -0.06564533
0.001796101 -0.06588062
0.001797701 -0.0661159
0.001799301 -0.06658648
0.001800901 -0.06635119
0.001802501 -0.06682177
0.001804101 -0.06682177
0.001805701 -0.06541004
0.001807301 -0.0661159
0.001808901 -0.0642336
0.001810501 -0.0642336
0.001812101 -0.06446889
0.001813701 -0.06258659
0.001815301 -0.06329245
0.001816901 -0.06305716
0.001818501 -0.06352774
0.001820101 -0.06305716
0.001821701 -0.06446889
0.001823301 -0.06399831
0.001824901 -0.0642336
0.001826501 -0.06470418
0.001828101 -0.0642336
0.001829701 -0.06446889
0.001831301 -0.0642336
0.001832901 -0.06399831
0.001834501 -0.06352774
0.001836101 -0.06141015
0.001837701 -0.06070428
0.001839301 -0.0583514
0.001840901 -0.05670439
0.001842501 -0.05293978
0.001844101 -0.04988104
0.001845701 -0.0468223
0.001847301 -0.0428224
0.001848901 -0.03882251
0.001850501 -0.03482261
0.001852101 -0.03129329
0.001853701 -0.02752869
0.001855301 -0.02399937
0.001856901 -0.0214112
0.001858501 -0.01811717
0.001860101 -0.01411728
0.001861701 -0.01152911
0.001863301 -0.009646805
0.001864901 -0.006588062
0.001866501 -0.006588062
0.001868101 -0.004705758
0.001869701 -0.003999895
0.001871301 -0.001882303
0.001872901 -0.003294031
0.001874501 -0.002352879
0.001876101 -0.002117591
0.001877701 -0.003294031
0.001879301 -0.002823455
0.001880901 -0.002352879
0.001882501 -0.002823455
0.001884101 -0.002588167
0.001885701 -0.0009411517
0.001887301 -0.0009411517
0.001888901 0.0004705758
0.001890501 0.003058743
0.001892101 0.003999895
0.001893701 0.00682335
0.001895301 0.007529213
0.001896901 0.01058796
0.001898501 0.01247026
0.001900101 0.01458785
0.001901701 0.015529
0.001903301 0.01647015
0.001904901 0.01835246
0.001906501 0.01882303
0.001908101 0.02070534
0.001909701 0.02070534
0.001911301 0.0214112
0.001912901 0.02282293
0.001914501 0.02376408
0.001916101 0.02399937
0.001917701 0.02494052
0.001919301 0.02611696
0.001920901 0.02564638
0.001922501 0.0272934
0.001924101 0.02799926
0.001925701 0.0272934
0.001927301 0.02752869
0.001928901 0.02799926
0.001930501 0.02846984
0.001932101 0.02799926
0.001933701 0.02823455
0.001935301 0.02752869
0.001936901 0.02823455
0.001938501 0.02870513
0.001940101 0.02894041
0.001941701 0.03058743
0.001943301 0.02988157
0.001944901 0.03176387
0.001946501 0.03341088
0.001948101 0.03341088
0.001949701 0.03411675
0.001951301 0.03482261
0.001952901 0.03458732
0.001954501 0.03411675
0.001956101 0.03435204
0.001957701 0.03270502
0.001959301 0.03364617
0.001960901 0.03294031
0.001962501 0.03364617
0.001964101 0.03388146
0.001965701 0.03411675
0.001967301 0.03529319
0.001968901 0.03552848
0.001970501 0.03764607
0.001972101 0.03670492
0.001973701 0.04023423
0.001975301 0.04046952
0.001976901 0.04141067
0.001978501 0.04329298
0.001980101 0.04399884
0.001981701 0.04493999
0.001983301 0.04564586
0.001984901 0.04705758
0.001986501 0.04658701
0.001988101 0.0468223
0.001989701 0.04776345
0.001991301 0.04705758
0.001992901 0.04776345
0.001994501 0.04611643
0.001996101 0.0468223
0.001997701 0.04588114
0.001999301 0.04611643
0.002000901 0.04611643
0.002002501 0.04635172
0.002004101 0.04752816
0.002005701 0.04799874
0.002007301 0.05105748
0.002008901 0.05082219
0.002010501 0.05317507
0.002012101 0.0545868
0.002013701 0.05552795
0.002015301 0.05741025
0.002016901 0.05905727
0.002018501 0.06093957
0.002020101 0.06164543
0.002021701 0.06399831
0.002023301 0.06399831
0.002024901 0.06635119
0.002026501 0.06705706
0.002028101 0.06682177
0.002029701 0.06893936
0.002031301 0.06752763
0.002032901 0.06799821
0.002034501 0.06752763
0.002036101 0.06776292
0.002037701 0.06658648
0.002039301 0.06635119
0.002040901 0.06541004
0.002042501 0.06329245
0.002044101 0.06282187
0.002045701 0.06141015
0.002047301 0.05952784
0.002048901 0.05882198
0.002050501 0.05788083
0.002052101 0.0564691
0.002053701 0.05599852
0.002055301 0.05623381
0.002056901 0.05576324
0.002058501 0.05693968
0.002060101 0.05693968
0.002061701 0.05858669
0.002063301 0.05905727
0.002064901 0.05999842
0.002066501 0.06211601
0.002068101 0.06352774
0.002069701 0.0642336
0.002071301 0.06541004
0.002072901 0.06705706
0.002074501 0.06776292
0.002076101 0.0701158
0.002077701 0.0719981
0.002079301 0.07270397
0.002080901 0.07482156
0.002082501 0.07458627
0.002084101 0.075998
0.002085701 0.07740972
0.002087301 0.07858616
0.002088901 0.07835088
0.002090501 0.07952732
0.002092101 0.07999789
0.002093701 0.07929203
0.002095301 0.08140962
0.002096901 0.0797626
0.002098501 0.08117433
0.002100101 0.08164491
0.002101701 0.0818802
0.002103301 0.08211548
0.002104901 0.08305663
0.002106501 0.08352721
0.002108101 0.0837625
0.002109701 0.08517423
0.002111301 0.08470365
0.002112901 0.08658595
0.002114501 0.0856448
0.002116101 0.0856448
0.002117701 0.0856448
0.002119301 0.08423307
0.002120901 0.08446836
0.002122501 0.08282135
0.002124101 0.08164491
0.002125701 0.07952732
0.002127301 0.0778803
0.002128901 0.07552742
0.002130501 0.07317454
0.002132101 0.0719981
0.002133701 0.06893936
0.002135301 0.06705706
0.002136901 0.06493947
0.002138501 0.06305716
0.002140101 0.06141015
0.002141701 0.06070428
0.002143301 0.05952784
0.002144901 0.05717496
0.002146501 0.05764554
0.002148101 0.05505737
0.002149701 0.0545868
0.002151301 0.05317507
0.002152901 0.05270449
0.002154501 0.05152805
0.002156101 0.05199863
0.002157701 0.05105748
0.002159301 0.05011633
0.002160901 0.05082219
0.002162501 0.04941046
0.002164101 0.04988104
0.002165701 0.04964575
0.002167301 0.04823402
0.002168901 0.0468223
0.002170501 0.04635172
0.002172101 0.04541057
0.002173701 0.04376355
0.002175301 0.04399884
0.002176901 0.04164596
0.002178501 0.04188125
0.002180101 0.04211654
0.002181701 0.03999895
0.002183301 0.04070481
0.002184901 0.03999895
0.002186501 0.04117539
0.002188101 0.0409401
0.002189701 0.0428224
0.002191301 0.04258711
0.002192901 0.04517528
0.002194501 0.04564586
0.002196101 0.04705758
0.002197701 0.04917517
0.002199301 0.04917517
0.002200901 0.05082219
0.002202501 0.05223392
0.002204101 0.05293978
0.002205701 0.05293978
0.002207301 0.05411622
0.002208901 0.05435151
0.002210501 0.05552795
0.002212101 0.0564691
0.002213701 0.05529266
0.002215301 0.0564691
0.002216901 0.05670439
0.002218501 0.05623381
0.002220101 0.05670439
0.002221701 0.05482208
0.002223301 0.0545868
0.002224901 0.05364565
0.002226501 0.05246921
0.002228101 0.0505869
0.002229701 0.0505869
0.002231301 0.04964575
0.002232901 0.04964575
0.002234501 0.04988104
0.002236101 0.05011633
0.002237701 0.05176334
0.002239301 0.05317507
0.002240901 0.05388093
0.002242501 0.05435151
0.002244101 0.05552795
0.002245701 0.05693968
0.002247301 0.05599852
0.002248901 0.05717496
0.002250501 0.05670439
0.002252101 0.05529266
0.002253701 0.05341036
0.002255301 0.05199863
0.002256901 0.04988104
0.002258501 0.0487046
0.002260101 0.04588114
0.002261701 0.04399884
0.002263301 0.04211654
0.002264901 0.03905779
0.002266501 0.03764607
0.002268101 0.03552848
0.002269701 0.03388146
0.002271301 0.0331756
0.002272901 0.03105801
0.002274501 0.0291757
0.002276101 0.0272934
0.002277701 0.02635225
0.002279301 0.02470523
0.002280901 0.02376408
0.002282501 0.02235235
0.002284101 0.02070534
0.002285701 0.02047005
0.002287301 0.01788188
0.002288901 0.01764659
0.002290501 0.01647015
0.002292101 0.015529
0.002293701 0.01482314
0.002295301 0.01458785
0.002296901 0.01411728
0.002298501 0.01270555
0.002300101 0.01317612
0.002301701 0.01199968
0.002303301 0.01058796
0.002304901 0.01082324
0.002306501 0.008235077
0.002308101 0.009411517
0.002309701 0.009176229
0.002311301 0.009411517
0.002312901 0.008940941
0.002314501 0.01035267
0.002316101 0.0117644
0.002317701 0.01270555
0.002319301 0.01482314
0.002320901 0.01576429
0.002322501 0.01858775
0.002324101 0.01905832
0.002325701 0.01976419
0.002327301 0.02023476
0.002328901 0.02047005
0.002330501 0.01999947
0.002332101 0.01999947
0.002333701 0.01905832
0.002335301 0.01835246
0.002336901 0.01788188
0.002338501 0.015529
0.002340101 0.01599958
0.002341701 0.015529
0.002343301 0.01529371
0.002344901 0.01482314
0.002346501 0.01529371
0.002348101 0.01388199
0.002349701 0.01388199
0.002351301 0.01647015
0.002352901 0.01576429
0.002354501 0.01576429
0.002356101 0.01717602
0.002357701 0.01741131
0.002359301 0.01788188
0.002360901 0.01905832
0.002362501 0.01976419
0.002364101 0.02094062
0.002365701 0.02235235
0.002367301 0.02211706
0.002368901 0.02305822
0.002370501 0.02399937
0.002372101 0.02399937
0.002373701 0.02517581
0.002375301 0.02423466
0.002376901 0.02611696
0.002378501 0.02399937
0.002380101 0.02399937
0.002381701 0.02305822
0.002383301 0.02305822
0.002384901 0.02164649
0.002386501 0.02047005
0.002388101 0.02047005
0.002389701 0.01811717
0.002391301 0.01764659
0.002392901 0.01647015
0.002394501 0.01529371
0.002396101 0.01529371
0.002397701 0.01435256
0.002399301 0.01435256
0.002400901 0.01388199
0.002402501 0.015529
0.002404101 0.01529371
0.002405701 0.01694073
0.002407301 0.01835246
0.002408901 0.0195289
0.002410501 0.0214112
0.002412101 0.02235235
0.002413701 0.02376408
0.002415301 0.02399937
0.002416901 0.02494052
0.002418501 0.02494052
0.002420101 0.02494052
0.002421701 0.02494052
0.002423301 0.02399937
0.002424901 0.02376408
0.002426501 0.02282293
0.002428101 0.02211706
0.002429701 0.02211706
0.002431301 0.02094062
0.002432901 0.02023476
0.002434501 0.0195289
0.002436101 0.01882303
0.002437701 0.01788188
0.002439301 0.01811717
0.002440901 0.01505843
0.002442501 0.01482314
0.002444101 0.01388199
0.002445701 0.0117644
0.002447301 0.01011738
0.002448901 0.009646805
0.002450501 0.008705653
0.002452101 0.007999789
0.002453701 0.008235077
0.002455301 0.00682335
0.002456901 0.007764501
0.002458501 0.007764501
0.002460101 0.008470365
0.002461701 0.01058796
0.002463301 0.01035267
0.002464901 0.0117644
0.002466501 0.01247026
0.002468101 0.01458785
0.002469701 0.01529371
0.002471301 0.01623487
0.002472901 0.01764659
0.002474501 0.01764659
0.002476101 0.01882303
0.002477701 0.01905832
0.002479301 0.02047005
0.002480901 0.02070534
0.002482501 0.02047005
0.002484101 0.02164649
0.002485701 0.02258764
0.002487301 0.02164649
0.002488901 0.02117591
0.002490501 0.02258764
0.002492101 0.02094062
0.002493701 0.02211706
0.002495301 0.02094062
0.002496901 0.02094062
0.002498501 0.01999947
0.002500101 0.0195289
0.002501701 0.01858775
0.002503301 0.01670544
0.002504901 0.01835246
0.002506501 0.01835246
0.002508101 0.01858775
0.002509701 0.01764659
0.002511301 0.01788188
0.002512901 0.0195289
0.002514501 0.01882303
0.002516101 0.0195289
0.002517701 0.01999947
0.002519301 0.02023476
0.002520901 0.01976419
0.002522501 0.02164649
0.002524101 0.02188178
0.002525701 0.02211706
0.002527301 0.02282293
0.002528901 0.02352879
0.002530501 0.02494052
0.002532101 0.02635225
0.002533701 0.0272934
0.002535301 0.02870513
0.002536901 0.03035214
0.002538501 0.03223444
0.002540101 0.03388146
0.002541701 0.03552848
0.002543301 0.03529319
0.002544901 0.03717549
0.002546501 0.03670492
0.002548101 0.03741078
0.002549701 0.03811664
0.002551301 0.03788135
0.002552901 0.03835193
0.002554501 0.03741078
0.002556101 0.03764607
0.002557701 0.03670492
0.002559301 0.03717549
0.002560901 0.03646963
0.002562501 0.03576376
0.002564101 0.03623434
0.002565701 0.03576376
0.002567301 0.0369402
0.002568901 0.03788135
0.002570501 0.03858722
0.002572101 0.03929308
0.002573701 0.04141067
0.002575301 0.04188125
0.002576901 0.04258711
0.002578501 0.04493999
0.002580101 0.04423413
0.002581701 0.04729287
0.002583301 0.04799874
0.002584901 0.0487046
0.002586501 0.04988104
0.002588101 0.0505869
0.002589701 0.05105748
0.002591301 0.05199863
0.002592901 0.05223392
0.002594501 0.05129277
0.002596101 0.05246921
0.002597701 0.05246921
0.002599301 0.05176334
0.002600901 0.05270449
0.002602501 0.05105748
0.002604101 0.05152805
0.002605701 0.05035161
0.002607301 0.0505869
0.002608901 0.04988104
0.002610501 0.04964575
0.002612101 0.04893989
0.002613701 0.04823402
0.002615301 0.04823402
0.002616901 0.04611643
0.002618501 0.04658701
0.002620101 0.04635172
0.002621701 0.04517528
0.002623301 0.04517528
0.002624901 0.04517528
0.002626501 0.0447047
0.002628101 0.04423413
0.002629701 0.04493999
0.002631301 0.04446942
0.002632901 0.04446942
0.002634501 0.04446942
0.002636101 0.04493999
0.002637701 0.04541057
0.002639301 0.04493999
0.002640901 0.04541057
0.002642501 0.04588114
0.002644101 0.04635172
0.002645701 0.04493999
0.002647301 0.04658701
0.002648901 0.04517528
0.002650501 0.0447047
0.002652101 0.04423413
0.002653701 0.04329298
0.002655301 0.04258711
0.002656901 0.04188125
0.002658501 0.04258711
0.002660101 0.04188125
0.002661701 0.04305769
0.002663301 0.04329298
0.002664901 0.04352826
0.002666501 0.04658701
0.002668101 0.04658701
0.002669701 0.0487046
0.002671301 0.05035161
0.002672901 0.05270449
0.002674501 0.05388093
0.002676101 0.05552795
0.002677701 0.0583514
0.002679301 0.05788083
0.002680901 0.06023371
0.002682501 0.06046899
0.002684101 0.06141015
0.002685701 0.06282187
0.002687301 0.06282187
0.002688901 0.06352774
0.002690501 0.06352774
0.002692101 0.06399831
0.002693701 0.06329245
0.002695301 0.0642336
0.002696901 0.06376303
0.002698501 0.06305716
0.002700101 0.06258659
0.002701701 0.06258659
0.002703301 0.0623513
0.002704901 0.06211601
0.002706501 0.06258659
0.002708101 0.06305716
0.002709701 0.06399831
0.002711301 0.06352774
0.002712901 0.06541004
0.002714501 0.0661159
0.002716101 0.06658648
0.002717701 0.0682335
0.002719301 0.06846878
0.002720901 0.06917465
0.002722501 0.0701158
0.002724101 0.0701158
0.002725701 0.06940994
0.002727301 0.06988051
0.002728901 0.06940994
0.002730501 0.06729234
0.002732101 0.06752763
0.002733701 0.06564533
0.002735301 0.0642336
0.002736901 0.06376303
0.002738501 0.06164543
0.002740101 0.05999842
0.002741701 0.05929256
0.002743301 0.05811612
0.002744901 0.05599852
0.002746501 0.05670439
0.002748101 0.05529266
0.002749701 0.05576324
0.002751301 0.05482208
0.002752901 0.05552795
0.002754501 0.05717496
0.002756101 0.05717496
0.002757701 0.05929256
0.002759301 0.05952784
0.002760901 0.06164543
0.002762501 0.06282187
0.002764101 0.0642336
0.002765701 0.06635119
0.002767301 0.06635119
0.002768901 0.06917465
0.002770501 0.06940994
0.002772101 0.0701158
0.002773701 0.07082166
0.002775301 0.07129224
0.002776901 0.07152753
0.002778501 0.07270397
0.002780101 0.07246868
0.002781701 0.07152753
0.002783301 0.07293925
0.002784901 0.07223339
0.002786501 0.07176281
0.002788101 0.07223339
0.002789701 0.07152753
0.002791301 0.0719981
0.002792901 0.07223339
0.002794501 0.07270397
0.002796101 0.07270397
0.002797701 0.07317454
0.002799301 0.07246868
0.002800901 0.07270397
0.002802501 0.07340983
0.002804101 0.07270397
0.002805701 0.07388041
0.002807301 0.07270397
0.002808901 0.07317454
0.002810501 0.07293925
0.002812101 0.07388041
0.002813701 0.07340983
0.002815301 0.07482156
0.002816901 0.07435098
0.002818501 0.07388041
0.002820101 0.07529213
0.002821701 0.07482156
0.002823301 0.07435098
0.002824901 0.07552742
0.002826501 0.07576271
0.002828101 0.075998
0.002829701 0.07552742
0.002831301 0.07576271
0.002832901 0.07552742
0.002834501 0.07552742
0.002836101 0.07482156
0.002837701 0.07458627
0.002839301 0.07552742
0.002840901 0.07411569
0.002842501 0.07552742
0.002844101 0.07388041
0.002845701 0.07482156
0.002847301 0.07388041
0.002848901 0.07388041
0.002850501 0.07270397
0.002852101 0.07246868
0.002853701 0.07246868
0.002855301 0.07105695
0.002856901 0.07129224
0.002858501 0.06940994
0.002860101 0.06870407
0.002861701 0.06682177
0.002863301 0.06588062
0.002864901 0.06541004
0.002866501 0.06352774
0.002868101 0.06352774
0.002869701 0.06188072
0.002871301 0.06117486
0.002872901 0.05999842
0.002874501 0.06141015
0.002876101 0.06023371
0.002877701 0.05952784
0.002879301 0.06070428
0.002880901 0.05929256
0.002882501 0.05929256
0.002884101 0.05882198
0.002885701 0.05858669
0.002887301 0.05788083
0.002888901 0.05693968
0.002890501 0.05599852
0.002892101 0.05529266
0.002893701 0.05505737
0.002895301 0.05293978
0.002896901 0.05293978
0.002898501 0.05152805
0.002900101 0.05105748
0.002901701 0.05129277
0.002903301 0.04917517
0.002904901 0.04846931
0.002906501 0.04893989
0.002908101 0.04776345
0.002909701 0.04635172
0.002911301 0.0468223
0.002912901 0.04493999
0.002914501 0.04564586
0.002916101 0.04399884
0.002917701 0.04376355
0.002919301 0.04376355
0.002920901 0.04258711
0.002922501 0.04329298
0.002924101 0.04305769
0.002925701 0.04305769
0.002927301 0.04305769
0.002928901 0.04329298
0.002930501 0.04376355
0.002932101 0.04329298
0.002933701 0.04423413
0.002935301 0.04352826
0.002936901 0.04376355
0.002938501 0.04399884
0.002940101 0.04258711
0.002941701 0.04258711
0.002943301 0.04235183
0.002944901 0.04188125
0.002946501 0.04023423
0.002948101 0.03976366
0.002949701 0.03882251
0.002951301 0.03905779
0.002952901 0.03999895
0.002954501 0.03717549
0.002956101 0.0369402
0.002957701 0.03482261
0.002959301 0.0350579
0.002960901 0.03388146
0.002962501 0.03176387
0.002964101 0.03152858
0.002965701 0.02941099
0.002967301 0.02870513
0.002968901 0.02658753
0.002970501 0.02564638
0.002972101 0.02305822
0.002973701 0.02258764
0.002975301 0.02047005
0.002976901 0.01905832
0.002978501 0.01835246
0.002980101 0.01599958
0.002981701 0.01623487
0.002983301 0.01458785
0.002984901 0.01341141
0.002986501 0.01317612
0.002988101 0.01082324
0.002989701 0.01082324
0.002991301 0.009646805
0.002992901 0.009646805
0.002994501 0.007529213
0.002996101 0.007764501
0.002997701 0.006352774
0.002999301 0.005882198
0.003000901 0.005411622
0.003002501 0.003764607
0.003004101 0.003764607
0.003005701 0.003058743
0.003007301 0.002588167
0.003008901 0.001882303
0.003010501 0.001647015
0.003012101 -0.0007058638
0.003013701 -0.0002352879
0.003015301 -0.001411728
0.003016901 -0.001882303
0.003018501 -0.002117591
0.003020101 -0.004235183
0.003021701 -0.003764607
0.003023301 -0.00447047
0.003024901 -0.004941046
0.003026501 -0.004705758
0.003028101 -0.005176334
0.003029701 -0.00447047
0.003031301 -0.004235183
0.003032901 -0.003058743
0.003034501 -0.003294031
0.003036101 -0.001882303
0.003037701 -0.0007058638
0.003039301 0.0004705758
0.003040901 0.001647015
0.003042501 0.0004705758
0.003044101 0.002588167
0.003045701 0.002823455
0.003047301 0.003999895
0.003048901 0.004705758
0.003050501 0.004941046
0.003052101 0.005411622
0.003053701 0.006117486
0.003055301 0.007058638
0.003056901 0.005882198
0.003058501 0.00682335
0.003060101 0.006117486
0.003061701 0.006117486
0.003063301 0.006117486
0.003064901 0.004705758
0.003066501 0.004705758
0.003068101 0.002352879
0.003069701 0.002117591
0.003071301 -0.0004705758
0.003072901 -0.001882303
0.003074501 -0.004235183
0.003076101 -0.005882198
0.003077701 -0.007999789
0.003079301 -0.007999789
0.003080901 -0.01199968
0.003082501 -0.01411728
0.003084101 -0.01576429
0.003085701 -0.01811717
0.003087301 -0.01999947
0.003088901 -0.02164649
0.003090501 -0.02399937
0.003092101 -0.0254111
0.003093701 -0.02823455
0.003095301 -0.03035214
0.003096901 -0.03152858
0.003098501 -0.03435204
0.003100101 -0.03552848
0.003101701 -0.03835193
0.003103301 -0.03929308
0.003104901 -0.04117539
0.003106501 -0.04305769
0.003108101 -0.04588114
0.003109701 -0.0468223
0.003111301 -0.04893989
0.003112901 -0.05105748
0.003114501 -0.05246921
0.003116101 -0.05482208
0.003117701 -0.05599852
0.003119301 -0.05788083
0.003120901 -0.05882198
0.003122501 -0.05952784
0.003124101 -0.05999842
0.003125701 -0.06093957
0.003127301 -0.06141015
0.003128901 -0.06164543
0.003130501 -0.06188072
0.003132101 -0.06093957
0.003133701 -0.06070428
0.003135301 -0.05952784
0.003136901 -0.06046899
0.003138501 -0.06046899
0.003140101 -0.05882198
0.003141701 -0.06023371
0.003143301 -0.05905727
0.003144901 -0.05905727
0.003146501 -0.05999842
0.003148101 -0.05976313
0.003149701 -0.0583514
0.003151301 -0.06046899
0.003152901 -0.06093957
0.003154501 -0.06046899
0.003156101 -0.06211601
0.003157701 -0.06141015
0.003159301 -0.06258659
0.003160901 -0.06258659
0.003162501 -0.0623513
0.003164101 -0.06305716
0.003165701 -0.0623513
0.003167301 -0.06376303
0.003168901 -0.06399831
0.003170501 -0.0642336
0.003172101 -0.06517475
0.003173701 -0.06446889
0.003175301 -0.06446889
0.003176901 -0.06517475
0.003178501 -0.06635119
0.003180101 -0.0661159
0.003181701 -0.06776292
0.003183301 -0.06799821
0.003184901 -0.06917465
0.003186501 -0.07129224
0.003188101 -0.07105695
0.003189701 -0.07435098
0.003191301 -0.07482156
0.003192901 -0.07717444
0.003194501 -0.07835088
0.003196101 -0.07999789
0.003197701 -0.0818802
0.003199301 -0.0837625
0.003200901 -0.0856448
0.003202501 -0.08658595
0.003204101 -0.08893883
0.003205701 -0.08870354
0.003207301 -0.09105642
0.003208901 -0.09223286
0.003210501 -0.09270344
0.003212101 -0.09505632
0.003213701 -0.09529161
0.003215301 -0.09670333
0.003216901 -0.09693862
0.003218501 -0.09858564
0.003220101 -0.09952679
0.003221701 -0.1002327
0.003223301 -0.1018797
0.003224901 -0.1025855
0.003226501 -0.1035267
0.003228101 -0.1051737
0.003229701 -0.1063501
0.003231301 -0.1065854
0.003232901 -0.108703
0.003234501 -0.108703
0.003236101 -0.1098795
0.003237701 -0.1117618
0.003239301 -0.1110559
0.003240901 -0.1131735
0.003242501 -0.1131735
0.003244101 -0.1143499
0.003245701 -0.1150558
0.003247301 -0.1157617
0.003248901 -0.1167028
0.003250501 -0.1174087
0.003252101 -0.1174087
0.003253701 -0.1190557
0.003255301 -0.1195263
0.003256901 -0.1188204
0.003258501 -0.1197615
0.003260101 -0.1199968
0.003261701 -0.119291
0.003263301 -0.1199968
0.003264901 -0.1181145
0.003266501 -0.1181145
0.003268101 -0.1169381
0.003269701 -0.1159969
0.003271301 -0.1159969
0.003272901 -0.1152911
0.003274501 -0.1152911
0.003276101 -0.1162322
0.003277701 -0.1159969
0.003279301 -0.1159969
0.003280901 -0.1157617
0.003282501 -0.1157617
0.003284101 -0.1169381
0.003285701 -0.1167028
0.003287301 -0.1174087
0.003288901 -0.1178792
0.003290501 -0.117644
0.003292101 -0.1188204
0.003293701 -0.1185851
0.003295301 -0.1185851
0.003296901 -0.1188204
0.003298501 -0.1185851
0.003300101 -0.1199968
0.003301701 -0.1190557
0.003303301 -0.1183498
0.003304901 -0.1185851
0.003306501 -0.1171734
0.003308101 -0.1167028
0.003309701 -0.1174087
0.003311301 -0.1152911
0.003312901 -0.1143499
0.003314501 -0.1141146
0.003316101 -0.1110559
0.003317701 -0.1101147
0.003319301 -0.1089383
0.003320901 -0.1079972
0.003322501 -0.1072913
0.003324101 -0.1056443
0.003325701 -0.1061149
0.003327301 -0.1042325
0.003328901 -0.1042325
0.003330501 -0.1035267
0.003332101 -0.1030561
0.003333701 -0.1035267
0.003335301 -0.1032914
0.003336901 -0.1028208
0.003338501 -0.1025855
0.003340101 -0.1030561
0.003341701 -0.1018797
0.003343301 -0.1025855
0.003344901 -0.1025855
0.003346501 -0.1025855
0.003348101 -0.1030561
0.003349701 -0.102115
0.003351301 -0.1044678
0.003352901 -0.1035267
0.003354501 -0.1044678
0.003356101 -0.1047031
0.003357701 -0.1056443
0.003359301 -0.1049384
0.003360901 -0.1061149
0.003362501 -0.1063501
0.003364101 -0.1065854
0.003365701 -0.1075266
0.003367301 -0.1065854
0.003368901 -0.107056
0.003370501 -0.107056
0.003372101 -0.1061149
0.003373701 -0.1075266
0.003375301 -0.1061149
0.003376901 -0.1065854
0.003378501 -0.1065854
0.003380101 -0.1065854
0.003381701 -0.1063501
0.003383301 -0.1051737
0.003384901 -0.1058796
0.003386501 -0.1061149
0.003388101 -0.1056443
0.003389701 -0.1051737
0.003391301 -0.1058796
0.003392901 -0.1051737
0.003394501 -0.1056443
0.003396101 -0.1047031
0.003397701 -0.1049384
0.003399301 -0.1049384
0.003400901 -0.103762
0.003402501 -0.1049384
0.003404101 -0.1025855
0.003405701 -0.102115
0.003407301 -0.1018797
0.003408901 -0.1004679
0.003410501 -0.1002327
0.003412101 -0.09905621
0.003413701 -0.09882093
0.003415301 -0.09693862
0.003416901 -0.09717391
0.003418501 -0.09623276
0.003420101 -0.09552689
0.003421701 -0.09552689
0.003423301 -0.09411517
0.003424901 -0.09458574
0.003426501 -0.09293873
0.003428101 -0.09411517
0.003429701 -0.0934093
0.003431301 -0.09317402
0.003432901 -0.09293873
0.003434501 -0.09223286
0.003436101 -0.09246815
0.003437701 -0.09129171
0.003439301 -0.09176229
0.003440901 -0.09129171
0.003442501 -0.09035056
0.003444101 -0.0896447
0.003445701 -0.08870354
0.003447301 -0.08799768
0.003448901 -0.08682124
0.003450501 -0.08658595
0.003452101 -0.08470365
0.003453701 -0.08470365
0.003455301 -0.08352721
0.003456901 -0.08235077
0.003458501 -0.0818802
0.003460101 -0.07952732
0.003461701 -0.0797626
0.003463301 -0.0778803
0.003464901 -0.0778803
0.003466501 -0.07717444
0.003468101 -0.07623329
0.003469701 -0.07482156
0.003471301 -0.07458627
0.003472901 -0.07552742
0.003474501 -0.07411569
0.003476101 -0.07223339
0.003477701 -0.07152753
0.003479301 -0.07152753
0.003480901 -0.06988051
0.003482501 -0.06988051
0.003484101 -0.0701158
0.003485701 -0.06846878
0.003487301 -0.06893936
0.003488901 -0.06729234
0.003490501 -0.0682335
0.003492101 -0.06635119
0.003493701 -0.06729234
0.003495301 -0.06658648
0.003496901 -0.06564533
0.003498501 -0.0661159
0.003500101 -0.0661159
0.003501701 -0.0661159
0.003503301 -0.06588062
0.003504901 -0.06517475
0.003506501 -0.06588062
0.003508101 -0.0661159
0.003509701 -0.0661159
0.003511301 -0.06564533
0.003512901 -0.06564533
0.003514501 -0.06470418
0.003516101 -0.06564533
0.003517701 -0.06541004
0.003519301 -0.06470418
0.003520901 -0.06588062
0.003522501 -0.06376303
0.003524101 -0.0642336
0.003525701 -0.06258659
0.003527301 -0.06211601
0.003528901 -0.06164543
0.003530501 -0.06093957
0.003532101 -0.06070428
0.003533701 -0.05999842
0.003535301 -0.06023371
0.003536901 -0.05952784
0.003538501 -0.06023371
0.003540101 -0.05976313
0.003541701 -0.06046899
0.003543301 -0.05929256
0.003544901 -0.06070428
0.003546501 -0.05976313
0.003548101 -0.06046899
0.003549701 -0.06141015
0.003551301 -0.06070428
0.003552901 -0.06188072
0.003554501 -0.06211601
0.003556101 -0.06188072
0.003557701 -0.06376303
0.003559301 -0.06329245
0.003560901 -0.06470418
0.003562501 -0.06493947
0.003564101 -0.06470418
0.003565701 -0.06564533
0.003567301 -0.06493947
0.003568901 -0.06517475
0.003570501 -0.06517475
0.003572101 -0.06446889
0.003573701 -0.06376303
0.003575301 -0.0642336
0.003576901 -0.0623513
0.003578501 -0.06258659
0.003580101 -0.06070428
0.003581701 -0.06070428
0.003583301 -0.06070428
0.003584901 -0.05811612
0.003586501 -0.0583514
0.003588101 -0.05717496
0.003589701 -0.05670439
0.003591301 -0.05599852
0.003592901 -0.05435151
0.003594501 -0.05505737
0.003596101 -0.05270449
0.003597701 -0.05317507
0.003599301 -0.05011633
0.003600901 -0.05176334
0.003602501 -0.05129277
0.003604101 -0.05011633
0.003605701 -0.04917517
0.003607301 -0.04846931
0.003608901 -0.04752816
0.003610501 -0.04588114
0.003612101 -0.04588114
0.003613701 -0.04352826
0.003615301 -0.04258711
0.003616901 -0.04258711
0.003618501 -0.04070481
0.003620101 -0.04046952
0.003621701 -0.03835193
0.003623301 -0.03788135
0.003624901 -0.03646963
0.003626501 -0.03576376
0.003628101 -0.03529319
0.003629701 -0.03482261
0.003631301 -0.03435204
0.003632901 -0.03341088
0.003634501 -0.03364617
0.003636101 -0.03270502
0.003637701 -0.03199916
0.003639301 -0.03176387
0.003640901 -0.03270502
0.003642501 -0.03152858
0.003644101 -0.03152858
0.003645701 -0.03176387
0.003647301 -0.03011685
0.003648901 -0.03129329
0.003650501 -0.02988157
0.003652101 -0.03105801
0.003653701 -0.02964628
0.003655301 -0.02988157
0.003656901 -0.02941099
0.003658501 -0.02846984
0.003660101 -0.02870513
0.003661701 -0.02776397
0.003663301 -0.02635225
0.003664901 -0.02658753
0.003666501 -0.02399937
0.003668101 -0.02446994
0.003669701 -0.02305822
0.003671301 -0.02258764
0.003672901 -0.02211706
0.003674501 -0.02164649
0.003676101 -0.02117591
0.003677701 -0.02070534
0.003679301 -0.02164649
0.003680901 -0.02164649
0.003682501 -0.0214112
0.003684101 -0.02117591
0.003685701 -0.02235235
0.003687301 -0.02164649
0.003688901 -0.02282293
0.003690501 -0.02211706
0.003692101 -0.02258764
0.003693701 -0.02282293
0.003695301 -0.02164649
0.003696901 -0.02235235
0.003698501 -0.02070534
0.003700101 -0.02070534
0.003701701 -0.01999947
0.003703301 -0.01811717
0.003704901 -0.01788188
0.003706501 -0.01647015
0.003708101 -0.01623487
0.003709701 -0.01576429
0.003711301 -0.01435256
0.003712901 -0.01411728
0.003714501 -0.01294084
0.003716101 -0.01294084
0.003717701 -0.01223497
0.003719301 -0.0117644
0.003720901 -0.01129382
0.003722501 -0.01129382
0.003724101 -0.009646805
0.003725701 -0.01035267
0.003727301 -0.009411517
0.003728901 -0.008235077
0.003730501 -0.007999789
0.003732101 -0.007058638
0.003733701 -0.00682335
0.003735301 -0.00447047
0.003736901 -0.004235183
0.003738501 -0.003529319
0.003740101 -0.001647015
0.003741701 -0.00117644
0.003743301 0
0.003744901 -0.0002352879
0.003746501 0.001882303
0.003748101 0.002117591
0.003749701 0.002117591
0.003751301 0.002588167
0.003752901 0.002823455
0.003754501 0.003294031
0.003756101 0.003529319
0.003757701 0.003999895
0.003759301 0.003529319
0.003760901 0.00447047
0.003762501 0.003294031
0.003764101 0.004705758
0.003765701 0.003294031
0.003767301 0.003529319
0.003768901 0.003529319
0.003770501 0.001882303
0.003772101 0.002352879
0.003773701 0.0004705758
0.003775301 0
0.003776901 0.0004705758
0.003778501 -0.0009411517
0.003780101 0.0009411517
0.003781701 -0.0009411517
0.003783301 0.0002352879
0.003784901 0
0.003786501 0
0.003788101 0.0004705758
0.003789701 0.0007058638
0.003791301 0.0009411517
0.003792901 0.00117644
0.003794501 0.0007058638
0.003796101 0.001647015
0.003797701 0.0009411517
0.003799301 0.0007058638
0.003800901 0.0009411517
0.003802501 0.0004705758
0.003804101 0
0.003805701 -0.0002352879
0.003807301 -0.0007058638
0.003808901 0
0.003810501 -0.001411728
0.003812101 -0.0009411517
0.003813701 -0.00117644
0.003815301 -0.0002352879
0.003816901 -0.0007058638
0.003818501 -0.0009411517
0.003820101 0.001647015
0.003821701 0.0009411517
0.003823301 0.002352879
0.003824901 0.003764607
0.003826501 0.003058743
0.003828101 0.004235183
0.003829701 0.004705758
0.003831301 0.006117486
0.003832901 0.006588062
0.003834501 0.007293925
0.003836101 0.007293925
0.003837701 0.008235077
0.003839301 0.007999789
0.003840901 0.008470365
0.003842501 0.008235077
0.003844101 0.008705653
0.003845701 0.01011738
0.003847301 0.009411517
0.003848901 0.009646805
0.003850501 0.008940941
0.003852101 0.008940941
0.003853701 0.009176229
0.003855301 0.008470365
0.003856901 0.009882093
0.003858501 0.007764501
0.003860101 0.009411517
0.003861701 0.007529213
0.003863301 0.008235077
0.003864901 0.009176229
0.003866501 0.009882093
0.003868101 0.008940941
0.003869701 0.007764501
0.003871301 0.008470365
0.003872901 0.008705653
0.003874501 0.007529213
0.003876101 0.008470365
0.003877701 0.006588062
0.003879301 0.006352774
0.003880901 0.005882198
0.003882501 0.005411622
0.003884101 0.003999895
0.003885701 0.003529319
0.003887301 0.002352879
0.003888901 0.001882303
0.003890501 0.0007058638
0.003892101 0.0004705758
0.003893701 0
0.003895301 -0.001647015
0.003896901 -0.0009411517
0.003898501 -0.001647015
0.003900101 -0.001647015
0.003901701 -0.001647015
0.003903301 -0.002117591
0.003904901 -0.001647015
0.003906501 -0.002588167
0.003908101 -0.001882303
0.003909701 -0.002588167
0.003911301 -0.001647015
0.003912901 -0.00117644
0.003914501 -0.002117591
0.003916101 -0.0002352879
0.003917701 -0.0007058638
0.003919301 0.0009411517
0.003920901 0.001411728
0.003922501 0.001882303
0.003924101 0.002823455
0.003925701 0.003529319
0.003927301 0.004235183
0.003928901 0.005882198
0.003930501 0.007058638
0.003932101 0.007999789
0.003933701 0.009646805
0.003935301 0.01058796
0.003936901 0.01341141
0.003938501 0.01435256
0.003940101 0.01576429
0.003941701 0.01835246
0.003943301 0.01882303
0.003944901 0.02164649
0.003946501 0.02211706
0.003948101 0.02470523
0.003949701 0.02494052
0.003951301 0.02682282
0.003952901 0.02894041
0.003954501 0.02870513
0.003956101 0.03035214
0.003957701 0.03105801
0.003959301 0.03199916
0.003960901 0.03223444
0.003962501 0.03294031
0.003964101 0.03294031
0.003965701 0.03294031
0.003967301 0.03411675
0.003968901 0.03246973
0.003970501 0.03341088
0.003972101 0.03341088
0.003973701 0.03270502
0.003975301 0.0331756
0.003976901 0.03294031
0.003978501 0.0331756
0.003980101 0.03341088
0.003981701 0.03364617
0.003983301 0.03364617
0.003984901 0.03411675
0.003986501 0.03388146
0.003988101 0.0350579
0.003989701 0.0350579
0.003991301 0.03482261
0.003992901 0.03623434
0.003994501 0.03529319
0.003996101 0.03646963
0.003997701 0.03623434
0.003999301 0.03764607
0.004000901 0.03835193
0.004002501 0.03717549
0.004004101 0.03929308
0.004005701 0.03835193
0.004007301 0.03905779
0.004008901 0.03952837
0.004010501 0.04023423
0.004012101 0.04023423
0.004013701 0.04141067
0.004015301 0.04141067
0.004016901 0.0409401
0.004018501 0.04164596
0.004020101 0.04164596
0.004021701 0.04211654
0.004023301 0.04070481
0.004024901 0.04046952
0.004026501 0.04023423
0.004028101 0.03999895
0.004029701 0.03905779
0.004031301 0.03882251
0.004032901 0.03811664
0.004034501 0.03717549
0.004036101 0.03741078
0.004037701 0.0369402
0.004039301 0.03717549
0.004040901 0.03670492
0.004042501 0.03599905
0.004044101 0.0369402
0.004045701 0.03435204
0.004047301 0.03599905
0.004048901 0.03529319
0.004050501 0.03411675
0.004052101 0.0350579
0.004053701 0.03364617
0.004055301 0.03458732
0.004056901 0.03364617
0.004058501 0.03458732
0.004060101 0.03388146
0.004061701 0.03388146
0.004063301 0.03388146
0.004064901 0.03458732
0.004066501 0.0350579
0.004068101 0.03552848
0.004069701 0.03552848
0.004071301 0.03576376
0.004072901 0.03623434
0.004074501 0.03646963
0.004076101 0.03670492
0.004077701 0.0369402
0.004079301 0.03811664
0.004080901 0.03811664
0.004082501 0.03905779
0.004084101 0.04023423
0.004085701 0.04046952
0.004087301 0.0428224
0.004088901 0.04305769
0.004090501 0.04493999
0.004092101 0.04705758
0.004093701 0.04776345
0.004095301 0.05011633
0.004096901 0.0505869
0.004098501 0.05270449
0.004100101 0.05341036
0.004101701 0.05411622
0.004103301 0.05576324
0.004104901 0.05576324
0.004106501 0.05788083
0.004108101 0.05811612
0.004109701 0.05811612
0.004111301 0.05905727
0.004112901 0.05858669
0.004114501 0.05952784
0.004116101 0.05999842
0.004117701 0.06070428
0.004119301 0.06117486
0.004120901 0.06211601
0.004122501 0.06258659
0.004124101 0.06329245
0.004125701 0.0642336
0.004127301 0.06541004
0.004128901 0.06588062
0.004130501 0.06682177
0.004132101 0.06729234
0.004133701 0.06752763
0.004135301 0.06870407
0.004136901 0.06870407
0.004138501 0.06940994
0.004140101 0.06893936
0.004141701 0.06870407
0.004143301 0.0701158
0.004144901 0.06940994
0.004146501 0.07176281
0.004148101 0.07105695
0.004149701 0.0719981
0.004151301 0.07223339
0.004152901 0.07270397
0.004154501 0.07388041
0.004156101 0.07317454
0.004157701 0.07482156
0.004159301 0.07482156
0.004160901 0.075998
0.004162501 0.07552742
0.004164101 0.07576271
0.004165701 0.07505685
0.004167301 0.07623329
0.004168901 0.07623329
0.004170501 0.07646857
0.004172101 0.07646857
0.004173701 0.07670386
0.004175301 0.07764501
0.004176901 0.07717444
0.004178501 0.07811559
0.004180101 0.07740972
0.004181701 0.07835088
0.004183301 0.07929203
0.004184901 0.07929203
0.004186501 0.08023318
0.004188101 0.08023318
0.004189701 0.08164491
0.004191301 0.08164491
0.004192901 0.0818802
0.004194501 0.08282135
0.004196101 0.0818802
0.004197701 0.08235077
0.004199301 0.0818802
0.004200901 0.08211548
