LECROYWS4024HD 19320 Waveform
Segments 1 SegmentSize 3127
Segment TrigTime TimeSinceSegment1
#1 05-Jun-2024 16:50:20 0                 
Time Ampl
-0.0008010378 0
-0.0007994378 0.0002352879
-0.0007978378 0
-0.0007962378 0
-0.0007946378 -0.0002352879
-0.0007930378 0.0002352879
-0.0007914378 -0.0002352879
-0.0007898378 -0.0002352879
-0.0007882378 -0.0007058638
-0.0007866378 0
-0.0007850378 -0.0007058638
-0.0007834378 0.0002352879
-0.0007818378 0
-0.0007802378 0
-0.0007786378 0.0002352879
-0.0007770378 0.0002352879
-0.0007754378 0
-0.0007738378 0
-0.0007722378 0.0007058638
-0.0007706378 0.0004705758
-0.0007690378 -0.0002352879
-0.0007674378 -0.0002352879
-0.0007658378 -0.0002352879
-0.0007642378 0.0002352879
-0.0007626378 -0.0004705758
-0.0007610378 0.0002352879
-0.0007594378 0.0002352879
-0.0007578378 0.0002352879
-0.0007562378 0.0002352879
-0.0007546378 0.0004705758
-0.0007530378 0
-0.0007514378 0.0004705758
-0.0007498378 0.0002352879
-0.0007482378 0.0002352879
-0.0007466378 -0.0002352879
-0.0007450378 0.0002352879
-0.0007434378 -0.0002352879
-0.0007418378 0
-0.0007402378 -0.0002352879
-0.0007386378 -0.0002352879
-0.0007370378 -0.0002352879
-0.0007354378 0
-0.0007338378 0.0002352879
-0.0007322378 0.0004705758
-0.0007306378 -0.0002352879
-0.0007290378 -0.0002352879
-0.0007274378 0
-0.0007258378 0
-0.0007242378 0.0004705758
-0.0007226378 -0.0002352879
-0.0007210378 0
-0.0007194378 0.0002352879
-0.0007178378 0.0004705758
-0.0007162378 0.0002352879
-0.0007146378 -0.0004705758
-0.0007130378 0.0007058638
-0.0007114378 0
-0.0007098378 0.0007058638
-0.0007082378 0.0004705758
-0.0007066378 0
-0.0007050378 -0.0002352879
-0.0007034378 0
-0.0007018378 0
-0.0007002378 0
-0.0006986378 -0.0002352879
-0.0006970378 0.0004705758
-0.0006954378 0.0002352879
-0.0006938378 0
-0.0006922378 -0.0002352879
-0.0006906378 0
-0.0006890378 -0.0002352879
-0.0006874378 0.0007058638
-0.0006858378 -0.0002352879
-0.0006842378 0.0002352879
-0.0006826378 -0.0004705758
-0.0006810378 0.0004705758
-0.0006794378 -0.0004705758
-0.0006778378 0
-0.0006762378 -0.0002352879
-0.0006746378 0
-0.0006730378 -0.0004705758
-0.0006714378 0
-0.0006698378 -0.0002352879
-0.0006682378 0
-0.0006666378 0.0002352879
-0.0006650378 0.0002352879
-0.0006634378 -0.0004705758
-0.0006618378 0.0002352879
-0.0006602378 0.0002352879
-0.0006586378 0
-0.0006570378 -0.0004705758
-0.0006554378 -0.0002352879
-0.0006538378 -0.0004705758
-0.0006522378 0.0004705758
-0.0006506378 0.0002352879
-0.0006490378 0.0002352879
-0.0006474378 -0.0004705758
-0.0006458378 0.0004705758
-0.0006442378 -0.0002352879
-0.0006426378 -0.0002352879
-0.0006410378 0
-0.0006394378 0.0002352879
-0.0006378378 -0.0002352879
-0.0006362378 0.0002352879
-0.0006346378 0
-0.0006330378 0.0004705758
-0.0006314378 0.0004705758
-0.0006298378 0.0002352879
-0.0006282378 0.0002352879
-0.0006266378 0.0004705758
-0.0006250378 -0.0002352879
-0.0006234378 0.0002352879
-0.0006218378 0.0004705758
-0.0006202378 0.0007058638
-0.0006186378 0.0004705758
-0.0006170378 0.0002352879
-0.0006154378 -0.0002352879
-0.0006138378 -0.0002352879
-0.0006122378 0
-0.0006106378 0.0002352879
-0.0006090378 0.0002352879
-0.0006074378 0.0004705758
-0.0006058378 0.0002352879
-0.0006042378 0.0002352879
-0.0006026378 0
-0.0006010378 0
-0.0005994378 -0.0002352879
-0.0005978378 0
-0.0005962378 -0.0002352879
-0.0005946378 -0.0002352879
-0.0005930378 0.0004705758
-0.0005914378 0
-0.0005898378 0
-0.0005882378 0
-0.0005866378 0
-0.0005850378 0.0004705758
-0.0005834378 -0.0002352879
-0.0005818378 0
-0.0005802378 0.0002352879
-0.0005786378 0
-0.0005770378 0.0004705758
-0.0005754378 0.0002352879
-0.0005738378 -0.0002352879
-0.0005722378 0
-0.0005706378 0
-0.0005690378 0.0002352879
-0.0005674378 0
-0.0005658378 0.0002352879
-0.0005642378 -0.0002352879
-0.0005626378 0.0002352879
-0.0005610378 -0.0004705758
-0.0005594378 0.0002352879
-0.0005578378 -0.0002352879
-0.0005562378 0
-0.0005546378 0.0004705758
-0.0005530378 0
-0.0005514378 -0.0002352879
-0.0005498378 0
-0.0005482378 -0.0002352879
-0.0005466378 0
-0.0005450378 -0.0004705758
-0.0005434378 0
-0.0005418378 0
-0.0005402378 0
-0.0005386378 0.0002352879
-0.0005370378 0
-0.0005354378 -0.0002352879
-0.0005338378 0.0002352879
-0.0005322378 0.0002352879
-0.0005306378 0.0004705758
-0.0005290378 -0.0002352879
-0.0005274378 0.0002352879
-0.0005258378 0.0004705758
-0.0005242378 0
-0.0005226378 0.0007058638
-0.0005210378 0.0007058638
-0.0005194378 -0.0002352879
-0.0005178378 0.0002352879
-0.0005162378 0
-0.0005146378 -0.0002352879
-0.0005130378 -0.0002352879
-0.0005114378 0.0007058638
-0.0005098378 0
-0.0005082378 0.0004705758
-0.0005066378 0.0004705758
-0.0005050378 0.0002352879
-0.0005034378 -0.0002352879
-0.0005018378 0
-0.0005002378 0
-0.0004986378 0.0002352879
-0.0004970378 -0.0002352879
-0.0004954378 0.0002352879
-0.0004938378 0.0002352879
-0.0004922378 0.0002352879
-0.0004906378 0
-0.0004890378 0
-0.0004874378 0
-0.0004858378 0.0004705758
-0.0004842378 0.0002352879
-0.0004826378 0.0002352879
-0.0004810378 0
-0.0004794378 0.0004705758
-0.0004778378 0.0007058638
-0.0004762378 0.0004705758
-0.0004746378 0.0004705758
-0.0004730378 0
-0.0004714378 0
-0.0004698378 0.0002352879
-0.0004682378 -0.0002352879
-0.0004666378 -0.0004705758
-0.0004650378 0
-0.0004634378 0
-0.0004618378 0
-0.0004602378 0.0004705758
-0.0004586378 -0.0002352879
-0.0004570378 0.0002352879
-0.0004554378 0
-0.0004538378 0.0002352879
-0.0004522378 0
-0.0004506378 0.0007058638
-0.0004490378 0.0004705758
-0.0004474378 -0.0002352879
-0.0004458378 0.0004705758
-0.0004442378 0
-0.0004426378 0.0004705758
-0.0004410378 0
-0.0004394378 0.0004705758
-0.0004378378 0.0002352879
-0.0004362378 0.0002352879
-0.0004346378 0.0002352879
-0.0004330378 -0.0004705758
-0.0004314378 0.0002352879
-0.0004298378 -0.0004705758
-0.0004282378 0.0002352879
-0.0004266378 0.0002352879
-0.0004250378 0.0002352879
-0.0004234378 0.0002352879
-0.0004218378 0.0004705758
-0.0004202378 0.0004705758
-0.0004186378 0.0002352879
-0.0004170378 0.0004705758
-0.0004154378 0
-0.0004138378 0.0004705758
-0.0004122378 0
-0.0004106378 0
-0.0004090378 0
-0.0004074378 -0.0002352879
-0.0004058378 0.0002352879
-0.0004042378 0.0002352879
-0.0004026378 0.0002352879
-0.0004010378 0.0004705758
-0.0003994378 0.0002352879
-0.0003978378 -0.0002352879
-0.0003962378 0
-0.0003946378 0
-0.0003930378 0
-0.0003914378 0.0004705758
-0.0003898378 0.0004705758
-0.0003882378 -0.0004705758
-0.0003866378 0.0007058638
-0.0003850378 0
-0.0003834378 0
-0.0003818378 0
-0.0003802378 0
-0.0003786378 -0.0002352879
-0.0003770378 0.0002352879
-0.0003754378 -0.0002352879
-0.0003738378 0.0002352879
-0.0003722378 0
-0.0003706378 0
-0.0003690378 -0.0002352879
-0.0003674378 0.0002352879
-0.0003658378 0
-0.0003642378 0.0002352879
-0.0003626378 0
-0.0003610378 0
-0.0003594378 0.0002352879
-0.0003578378 0.0007058638
-0.0003562378 -0.0002352879
-0.0003546378 0.0009411517
-0.0003530378 0
-0.0003514378 0
-0.0003498378 -0.0004705758
-0.0003482378 0
-0.0003466378 -0.0004705758
-0.0003450378 0.0002352879
-0.0003434378 -0.0002352879
-0.0003418378 0
-0.0003402378 0
-0.0003386378 0.0002352879
-0.0003370378 0.0002352879
-0.0003354378 -0.0002352879
-0.0003338378 0.0002352879
-0.0003322378 0.0002352879
-0.0003306378 0
-0.0003290378 0.0002352879
-0.0003274378 0
-0.0003258378 0.0002352879
-0.0003242378 0.0002352879
-0.0003226378 0
-0.0003210378 0
-0.0003194378 0.0002352879
-0.0003178378 0.0002352879
-0.0003162378 0.0002352879
-0.0003146378 0.0004705758
-0.0003130378 0.0002352879
-0.0003114378 -0.0002352879
-0.0003098378 0.0002352879
-0.0003082378 0.0004705758
-0.0003066378 0.0002352879
-0.0003050378 -0.0002352879
-0.0003034378 0.0002352879
-0.0003018378 -0.0002352879
-0.0003002378 -0.0002352879
-0.0002986378 0
-0.0002970378 0.0004705758
-0.0002954378 -0.0002352879
-0.0002938378 0.0002352879
-0.0002922378 -0.0004705758
-0.0002906378 0
-0.0002890378 0
-0.0002874378 0.0002352879
-0.0002858378 0.0002352879
-0.0002842378 0.0002352879
-0.0002826378 -0.0002352879
-0.0002810378 0
-0.0002794378 0
-0.0002778378 0.0004705758
-0.0002762378 0.0004705758
-0.0002746378 0.0002352879
-0.0002730378 -0.0002352879
-0.0002714378 -0.0002352879
-0.0002698378 0.0004705758
-0.0002682378 0.0002352879
-0.0002666378 -0.0002352879
-0.0002650378 0.0004705758
-0.0002634378 0
-0.0002618378 0
-0.0002602378 0.0002352879
-0.0002586378 0.0004705758
-0.0002570378 0.0002352879
-0.0002554378 0.0002352879
-0.0002538378 0
-0.0002522378 0
-0.0002506378 0
-0.0002490378 0.0004705758
-0.0002474378 0
-0.0002458378 0.0004705758
-0.0002442378 0.0007058638
-0.0002426378 0.0004705758
-0.0002410378 0
-0.0002394378 0.0007058638
-0.0002378378 0.0004705758
-0.0002362378 0.0004705758
-0.0002346378 0
-0.0002330378 0
-0.0002314378 -0.0002352879
-0.0002298378 0
-0.0002282378 0.0004705758
-0.0002266378 -0.0002352879
-0.0002250378 0
-0.0002234378 0.0004705758
-0.0002218378 0.0004705758
-0.0002202378 0.0002352879
-0.0002186378 0.0004705758
-0.0002170378 0.0007058638
-0.0002154378 0.0002352879
-0.0002138378 0.0002352879
-0.0002122378 0.0002352879
-0.0002106378 0.0002352879
-0.0002090378 0.0004705758
-0.0002074378 -0.0002352879
-0.0002058378 0.0002352879
-0.0002042378 0.0004705758
-0.0002026378 0.0002352879
-0.0002010378 0.0009411517
-0.0001994378 0.0002352879
-0.0001978378 0
-0.0001962378 0.0004705758
-0.0001946378 0.0004705758
-0.0001930378 0.0004705758
-0.0001914378 0
-0.0001898378 0.0002352879
-0.0001882378 0.0004705758
-0.0001866378 0
-0.0001850378 0.0004705758
-0.0001834378 0.0007058638
-0.0001818378 0.0002352879
-0.0001802378 0.0002352879
-0.0001786378 0.0004705758
-0.0001770378 0.0007058638
-0.0001754378 0.0004705758
-0.0001738378 0
-0.0001722378 0.0004705758
-0.0001706378 0.0007058638
-0.0001690378 0.0007058638
-0.0001674378 0.0004705758
-0.0001658378 0
-0.0001642378 -0.0002352879
-0.0001626378 0.0002352879
-0.0001610378 0.0002352879
-0.0001594378 0.0004705758
-0.0001578378 -0.0002352879
-0.0001562378 0.0004705758
-0.0001546378 0.0004705758
-0.0001530378 0
-0.0001514378 0.0004705758
-0.0001498378 0.0002352879
-0.0001482378 0.0002352879
-0.0001466378 0.0002352879
-0.0001450378 0
-0.0001434378 0.0002352879
-0.0001418378 -0.0002352879
-0.0001402378 0
-0.0001386378 0.0002352879
-0.0001370378 0.0002352879
-0.0001354378 0
-0.0001338378 0.0004705758
-0.0001322378 -0.0002352879
-0.0001306378 0
-0.0001290378 0.0002352879
-0.0001274378 0.0002352879
-0.0001258378 -0.0002352879
-0.0001242378 0.0002352879
-0.0001226378 0.0002352879
-0.0001210378 0.0004705758
-0.0001194378 0
-0.0001178378 0.0004705758
-0.0001162378 0
-0.0001146378 0.0007058638
-0.0001130378 0.0004705758
-0.0001114378 0.0004705758
-0.0001098378 0.0004705758
-0.0001082378 0.0004705758
-0.0001066378 -0.0002352879
-0.0001050378 0
-0.0001034378 0
-0.0001018378 -0.0002352879
-0.0001002378 -0.0004705758
-9.86378e-005 -0.0009411517
-9.70378e-005 -0.001882303
-9.54378e-005 -0.002588167
-9.38378e-005 -0.005176334
-9.22378e-005 -0.009176229
-9.06378e-005 -0.01764659
-8.90378e-005 -0.03105801
-8.74378e-005 -0.04917517
-8.58378e-005 -0.0701158
-8.42378e-005 -0.09082114
-8.26378e-005 -0.1105853
-8.10378e-005 -0.1303495
-7.94378e-005 -0.1505843
-7.78378e-005 -0.172466
-7.62378e-005 -0.196936
-7.46378e-005 -0.2202295
-7.30378e-005 -0.241876
-7.14378e-005 -0.2616402
-6.98378e-005 -0.2771692
-6.82378e-005 -0.2886983
-6.66378e-005 -0.2969334
-6.50378e-005 -0.303992
-6.34378e-005 -0.3054037
-6.18378e-005 -0.2943452
-6.02378e-005 -0.2668165
-5.86378e-005 -0.226347
-5.70378e-005 -0.1774071
-5.54378e-005 -0.1272908
-5.38378e-005 -0.08282135
-5.22378e-005 -0.05105748
-5.06378e-005 -0.03364617
-4.90378e-005 -0.0291757
-4.74378e-005 -0.03270502
-4.58378e-005 -0.03764607
-4.42378e-005 -0.04117539
-4.26378e-005 -0.04258711
-4.10378e-005 -0.04376355
-3.94378e-005 -0.04564586
-3.78378e-005 -0.04893989
-3.62378e-005 -0.05317507
-3.46378e-005 -0.05764554
-3.30378e-005 -0.06376303
-3.14378e-005 -0.07129224
-2.98378e-005 -0.08117433
-2.82378e-005 -0.09129171
-2.66378e-005 -0.1007032
-2.50378e-005 -0.1072913
-2.34378e-005 -0.1138794
-2.18378e-005 -0.1178792
-2.02378e-005 -0.1188204
-1.86378e-005 -0.1150558
-1.70378e-005 -0.1089383
-1.54378e-005 -0.0974092
-1.38378e-005 -0.08517423
-1.22378e-005 -0.07340983
-1.06378e-005 -0.06376303
-9.0378e-006 -0.05505737
-7.4378e-006 -0.04705758
-5.8378e-006 -0.03788135
-4.2378e-006 -0.02776397
-2.6378e-006 -0.01694073
-1.0378e-006 -0.007293925
5.622e-007 0.002823455
2.1622e-006 0.007293925
3.7622e-006 0.005882198
5.3622e-006 -0.001882303
6.9622e-006 -0.01623487
8.5622e-006 -0.03482261
1.01622e-005 -0.0564691
1.17622e-005 -0.08023318
1.33622e-005 -0.103762
1.49622e-005 -0.1256437
1.65622e-005 -0.1437609
1.81622e-005 -0.1567018
1.97622e-005 -0.1651721
2.13622e-005 -0.1705837
2.29622e-005 -0.1736425
2.45622e-005 -0.1783482
2.61622e-005 -0.1849363
2.77622e-005 -0.1941125
2.93622e-005 -0.2051711
3.09622e-005 -0.217406
3.25622e-005 -0.227994
3.41622e-005 -0.2362291
3.57622e-005 -0.240229
3.73622e-005 -0.2397584
3.89622e-005 -0.2352879
4.05622e-005 -0.2284646
4.21622e-005 -0.2202295
4.37622e-005 -0.2131709
4.53622e-005 -0.2068181
4.69622e-005 -0.2030535
4.85622e-005 -0.2009359
5.01622e-005 -0.1983477
5.17622e-005 -0.195289
5.33622e-005 -0.1908185
5.49622e-005 -0.1839952
5.65622e-005 -0.1750542
5.81622e-005 -0.1644663
5.97622e-005 -0.1548194
6.13622e-005 -0.1451726
6.29622e-005 -0.1385846
6.45622e-005 -0.133173
6.61622e-005 -0.1296436
6.77622e-005 -0.125879
6.93622e-005 -0.1223497
7.09622e-005 -0.1174087
7.25622e-005 -0.1129382
7.41622e-005 -0.108703
7.57622e-005 -0.1068207
7.73622e-005 -0.1061149
7.89622e-005 -0.1072913
8.05622e-005 -0.1094089
8.21622e-005 -0.111997
8.37622e-005 -0.1129382
8.53622e-005 -0.1138794
8.69622e-005 -0.1117618
8.85622e-005 -0.1105853
9.01622e-005 -0.1072913
9.17622e-005 -0.1032914
9.33622e-005 -0.09835035
9.49622e-005 -0.09317402
9.65622e-005 -0.08705653
9.81622e-005 -0.08164491
9.97622e-005 -0.0778803
0.0001013622 -0.07623329
0.0001029622 -0.07740972
0.0001045622 -0.08117433
0.0001061622 -0.08611538
0.0001077622 -0.09082114
0.0001093622 -0.0974092
0.0001109622 -0.1023502
0.0001125622 -0.1079972
0.0001141622 -0.1127029
0.0001157622 -0.1162322
0.0001173622 -0.119291
0.0001189622 -0.1202321
0.0001205622 -0.1211733
0.0001221622 -0.1221144
0.0001237622 -0.124232
0.0001253622 -0.1256437
0.0001269622 -0.1265849
0.0001285622 -0.1251732
0.0001301622 -0.1232909
0.0001317622 -0.1197615
0.0001333622 -0.1159969
0.0001349622 -0.1105853
0.0001365622 -0.1051737
0.0001381622 -0.1004679
0.0001397622 -0.09529161
0.0001413622 -0.08987998
0.0001429622 -0.0856448
0.0001445622 -0.0818802
0.0001461622 -0.07929203
0.0001477622 -0.07905674
0.0001493622 -0.08164491
0.0001509622 -0.08540951
0.0001525622 -0.09058585
0.0001541622 -0.09411517
0.0001557622 -0.09646805
0.0001573622 -0.09623276
0.0001589622 -0.09458574
0.0001605622 -0.091527
0.0001621622 -0.08893883
0.0001637622 -0.0856448
0.0001653622 -0.08611538
0.0001669622 -0.08682124
0.0001685622 -0.09035056
0.0001701622 -0.09411517
0.0001717622 -0.09811506
0.0001733622 -0.1025855
0.0001749622 -0.1079972
0.0001765622 -0.1108206
0.0001781622 -0.1127029
0.0001797622 -0.111997
0.0001813622 -0.108703
0.0001829622 -0.1014091
0.0001845622 -0.09387988
0.0001861622 -0.08517423
0.0001877622 -0.07693915
0.0001893622 -0.06940994
0.0001909622 -0.06352774
0.0001925622 -0.05905727
0.0001941622 -0.05717496
0.0001957622 -0.05623381
0.0001973622 -0.05552795
0.0001989622 -0.05482208
0.0002005622 -0.05364565
0.0002021622 -0.05270449
0.0002037622 -0.05082219
0.0002053622 -0.04893989
0.0002069622 -0.04776345
0.0002085622 -0.04564586
0.0002101622 -0.04376355
0.0002117622 -0.0409401
0.0002133622 -0.03717549
0.0002149622 -0.03223444
0.0002165622 -0.02635225
0.0002181622 -0.01999947
0.0002197622 -0.01341141
0.0002213622 -0.007999789
0.0002229622 -0.003294031
0.0002245622 -0.001882303
0.0002261622 -0.002352879
0.0002277622 -0.004941046
0.0002293622 -0.01082324
0.0002309622 -0.01647015
0.0002325622 -0.02423466
0.0002341622 -0.03105801
0.0002357622 -0.03835193
0.0002373622 -0.04446942
0.0002389622 -0.05011633
0.0002405622 -0.0545868
0.0002421622 -0.05858669
0.0002437622 -0.06211601
0.0002453622 -0.06541004
0.0002469622 -0.06776292
0.0002485622 -0.07129224
0.0002501622 -0.07552742
0.0002517622 -0.07952732
0.0002533622 -0.08305663
0.0002549622 -0.08517423
0.0002565622 -0.08446836
0.0002581622 -0.08093904
0.0002597622 -0.07552742
0.0002613622 -0.06705706
0.0002629622 -0.0583514
0.0002645622 -0.04823402
0.0002661622 -0.03764607
0.0002677622 -0.02682282
0.0002693622 -0.01482314
0.0002709622 -0.002117591
0.0002725622 0.01058796
0.0002741622 0.0232935
0.0002757622 0.0350579
0.0002773622 0.04352826
0.0002789622 0.04988104
0.0002805622 0.05246921
0.0002821622 0.05223392
0.0002837622 0.04893989
0.0002853622 0.04541057
0.0002869622 0.04164596
0.0002885622 0.03811664
0.0002901622 0.03529319
0.0002917622 0.03223444
0.0002933622 0.02964628
0.0002949622 0.02705811
0.0002965622 0.02494052
0.0002981622 0.02188178
0.0002997622 0.0195289
0.0003013622 0.01694073
0.0003029622 0.015529
0.0003045622 0.01435256
0.0003061622 0.01388199
0.0003077622 0.01505843
0.0003093622 0.01576429
0.0003109622 0.01670544
0.0003125622 0.01694073
0.0003141622 0.01811717
0.0003157622 0.01999947
0.0003173622 0.02117591
0.0003189622 0.02376408
0.0003205622 0.02682282
0.0003221622 0.03129329
0.0003237622 0.03717549
0.0003253622 0.04235183
0.0003269622 0.04799874
0.0003285622 0.05199863
0.0003301622 0.05505737
0.0003317622 0.0564691
0.0003333622 0.05670439
0.0003349622 0.05552795
0.0003365622 0.05317507
0.0003381622 0.05035161
0.0003397622 0.04729287
0.0003413622 0.04399884
0.0003429622 0.03999895
0.0003445622 0.03646963
0.0003461622 0.03270502
0.0003477622 0.02870513
0.0003493622 0.02517581
0.0003509622 0.02305822
0.0003525622 0.02117591
0.0003541622 0.02023476
0.0003557622 0.01999947
0.0003573622 0.01999947
0.0003589622 0.02070534
0.0003605622 0.02188178
0.0003621622 0.02282293
0.0003637622 0.0232935
0.0003653622 0.0232935
0.0003669622 0.02376408
0.0003685622 0.02446994
0.0003701622 0.0254111
0.0003717622 0.02705811
0.0003733622 0.02846984
0.0003749622 0.03058743
0.0003765622 0.03294031
0.0003781622 0.03717549
0.0003797622 0.03976366
0.0003813622 0.04305769
0.0003829622 0.04541057
0.0003845622 0.04752816
0.0003861622 0.04964575
0.0003877622 0.05246921
0.0003893622 0.05623381
0.0003909622 0.05905727
0.0003925622 0.0623513
0.0003941622 0.06564533
0.0003957622 0.06752763
0.0003973622 0.06917465
0.0003989622 0.07058638
0.0004005622 0.07082166
0.0004021622 0.07129224
0.0004037622 0.07129224
0.0004053622 0.07129224
0.0004069622 0.07105695
0.0004085622 0.07246868
0.0004101622 0.07388041
0.0004117622 0.07552742
0.0004133622 0.07858616
0.0004149622 0.08140962
0.0004165622 0.08399779
0.0004181622 0.0856448
0.0004197622 0.08729182
0.0004213622 0.08776239
0.0004229622 0.08823297
0.0004245622 0.08705653
0.0004261622 0.08682124
0.0004277622 0.08588009
0.0004293622 0.08517423
0.0004309622 0.08446836
0.0004325622 0.08305663
0.0004341622 0.0818802
0.0004357622 0.08070376
0.0004373622 0.0778803
0.0004389622 0.07646857
0.0004405622 0.07411569
0.0004421622 0.07270397
0.0004437622 0.07082166
0.0004453622 0.06917465
0.0004469622 0.06870407
0.0004485622 0.06776292
0.0004501622 0.06776292
0.0004517622 0.06964522
0.0004533622 0.07082166
0.0004549622 0.07293925
0.0004565622 0.07646857
0.0004581622 0.07999789
0.0004597622 0.08470365
0.0004613622 0.0896447
0.0004629622 0.09505632
0.0004645622 0.09882093
0.0004661622 0.1044678
0.0004677622 0.107056
0.0004693622 0.1101147
0.0004709622 0.1108206
0.0004725622 0.1108206
0.0004741622 0.1096442
0.0004757622 0.1072913
0.0004773622 0.1047031
0.0004789622 0.1025855
0.0004805622 0.1002327
0.0004821622 0.09858564
0.0004837622 0.09670333
0.0004853622 0.09529161
0.0004869622 0.09411517
0.0004885622 0.09317402
0.0004901622 0.09270344
0.0004917622 0.09246815
0.0004933622 0.09364459
0.0004949622 0.09552689
0.0004965622 0.09764449
0.0004981622 0.09976208
0.0004997622 0.1016444
0.0005013622 0.1035267
0.0005029622 0.1051737
0.0005045622 0.1075266
0.0005061622 0.108703
0.0005077622 0.1101147
0.0005093622 0.111997
0.0005109622 0.1134088
0.0005125622 0.1148205
0.0005141622 0.1162322
0.0005157622 0.117644
0.0005173622 0.1204674
0.0005189622 0.1221144
0.0005205622 0.1239967
0.0005221622 0.1254085
0.0005237622 0.1275261
0.0005253622 0.1289378
0.0005269622 0.1301142
0.0005285622 0.1315259
0.0005301622 0.1312907
0.0005317622 0.1310554
0.0005333622 0.1301142
0.0005349622 0.1279966
0.0005365622 0.1265849
0.0005381622 0.1249379
0.0005397622 0.1239967
0.0005413622 0.1237614
0.0005429622 0.1230556
0.0005445622 0.1237614
0.0005461622 0.1249379
0.0005477622 0.125879
0.0005493622 0.1270555
0.0005509622 0.1270555
0.0005525622 0.1263496
0.0005541622 0.1244673
0.0005557622 0.1211733
0.0005573622 0.1169381
0.0005589622 0.1115265
0.0005605622 0.1063501
0.0005621622 0.09952679
0.0005637622 0.09270344
0.0005653622 0.08682124
0.0005669622 0.08164491
0.0005685622 0.07646857
0.0005701622 0.0719981
0.0005717622 0.06917465
0.0005733622 0.06682177
0.0005749622 0.06588062
0.0005765622 0.06564533
0.0005781622 0.06635119
0.0005797622 0.06705706
0.0005813622 0.06940994
0.0005829622 0.0719981
0.0005845622 0.07646857
0.0005861622 0.08140962
0.0005877622 0.08705653
0.0005893622 0.09435045
0.0005909622 0.1011738
0.0005925622 0.1079972
0.0005941622 0.1152911
0.0005957622 0.1207027
0.0005973622 0.1261143
0.0005989622 0.1301142
0.0006005622 0.1334082
0.0006021622 0.136467
0.0006037622 0.1374081
0.0006053622 0.138114
0.0006069622 0.1378787
0.0006085622 0.1371729
0.0006101622 0.1357611
0.0006117622 0.1343494
0.0006133622 0.1322318
0.0006149622 0.1308201
0.0006165622 0.1294084
0.0006181622 0.1279966
0.0006197622 0.1265849
0.0006213622 0.1261143
0.0006229622 0.1263496
0.0006245622 0.1270555
0.0006261622 0.1277613
0.0006277622 0.1289378
0.0006293622 0.1289378
0.0006309622 0.1289378
0.0006325622 0.1275261
0.0006341622 0.1251732
0.0006357622 0.122585
0.0006373622 0.1181145
0.0006389622 0.1136441
0.0006405622 0.1084677
0.0006421622 0.1030561
0.0006437622 0.09764449
0.0006453622 0.09293873
0.0006469622 0.08799768
0.0006485622 0.08446836
0.0006501622 0.08211548
0.0006517622 0.08070376
0.0006533622 0.07999789
0.0006549622 0.07952732
0.0006565622 0.0797626
0.0006581622 0.08046847
0.0006597622 0.08117433
0.0006613622 0.0818802
0.0006629622 0.08305663
0.0006645622 0.08399779
0.0006661622 0.08493894
0.0006677622 0.08658595
0.0006693622 0.08776239
0.0006709622 0.09011527
0.0006725622 0.09293873
0.0006741622 0.09505632
0.0006757622 0.09717391
0.0006773622 0.1004679
0.0006789622 0.1016444
0.0006805622 0.1035267
0.0006821622 0.1039973
0.0006837622 0.103762
0.0006853622 0.102115
0.0006869622 0.1004679
0.0006885622 0.09858564
0.0006901622 0.09599747
0.0006917622 0.09387988
0.0006933622 0.09317402
0.0006949622 0.09223286
0.0006965622 0.09223286
0.0006981622 0.09199758
0.0006997622 0.09246815
0.0007013622 0.09223286
0.0007029622 0.09176229
0.0007045622 0.09082114
0.0007061622 0.08940941
0.0007077622 0.08893883
0.0007093622 0.08705653
0.0007109622 0.08635067
0.0007125622 0.0856448
0.0007141622 0.0856448
0.0007157622 0.08611538
0.0007173622 0.08635067
0.0007189622 0.08682124
0.0007205622 0.08752711
0.0007221622 0.08729182
0.0007237622 0.08799768
0.0007253622 0.08893883
0.0007269622 0.08917412
0.0007285622 0.0896447
0.0007301622 0.09199758
0.0007317622 0.0934093
0.0007333622 0.09505632
0.0007349622 0.09717391
0.0007365622 0.09835035
0.0007381622 0.1002327
0.0007397622 0.1011738
0.0007413622 0.1016444
0.0007429622 0.1011738
0.0007445622 0.1009385
0.0007461622 0.09952679
0.0007477622 0.0974092
0.0007493622 0.09505632
0.0007509622 0.09293873
0.0007525622 0.09082114
0.0007541622 0.08799768
0.0007557622 0.08611538
0.0007573622 0.0837625
0.0007589622 0.08164491
0.0007605622 0.07929203
0.0007621622 0.07740972
0.0007637622 0.07552742
0.0007653622 0.07340983
0.0007669622 0.07270397
0.0007685622 0.07129224
0.0007701622 0.06940994
0.0007717622 0.06870407
0.0007733622 0.06705706
0.0007749622 0.06635119
0.0007765622 0.06564533
0.0007781622 0.06588062
0.0007797622 0.06564533
0.0007813622 0.0661159
0.0007829622 0.06682177
0.0007845622 0.06729234
0.0007861622 0.06752763
0.0007877622 0.06752763
0.0007893622 0.06799821
0.0007909622 0.06752763
0.0007925622 0.06658648
0.0007941622 0.06635119
0.0007957622 0.06541004
0.0007973622 0.06470418
0.0007989622 0.06352774
0.0008005622 0.06211601
0.0008021622 0.06070428
0.0008037622 0.05952784
0.0008053622 0.05693968
0.0008069622 0.05435151
0.0008085622 0.05152805
0.0008101622 0.04893989
0.0008117622 0.04635172
0.0008133622 0.04399884
0.0008149622 0.0428224
0.0008165622 0.04211654
0.0008181622 0.04164596
0.0008197622 0.04211654
0.0008213622 0.04305769
0.0008229622 0.04376355
0.0008245622 0.04399884
0.0008261622 0.04446942
0.0008277622 0.04493999
0.0008293622 0.04493999
0.0008309622 0.04493999
0.0008325622 0.04517528
0.0008341622 0.04517528
0.0008357622 0.04658701
0.0008373622 0.04705758
0.0008389622 0.04917517
0.0008405622 0.05035161
0.0008421622 0.05246921
0.0008437622 0.05341036
0.0008453622 0.05411622
0.0008469622 0.05552795
0.0008485622 0.05599852
0.0008501622 0.05670439
0.0008517622 0.05670439
0.0008533622 0.05623381
0.0008549622 0.0564691
0.0008565622 0.05529266
0.0008581622 0.05411622
0.0008597622 0.05246921
0.0008613622 0.05129277
0.0008629622 0.0487046
0.0008645622 0.04799874
0.0008661622 0.04635172
0.0008677622 0.04541057
0.0008693622 0.04376355
0.0008709622 0.04258711
0.0008725622 0.04211654
0.0008741622 0.0409401
0.0008757622 0.0409401
0.0008773622 0.0409401
0.0008789622 0.04117539
0.0008805622 0.0409401
0.0008821622 0.04117539
0.0008837622 0.0409401
0.0008853622 0.04070481
0.0008869622 0.03999895
0.0008885622 0.03929308
0.0008901622 0.03835193
0.0008917622 0.03788135
0.0008933622 0.03717549
0.0008949622 0.03670492
0.0008965622 0.03623434
0.0008981622 0.0350579
0.0008997622 0.03458732
0.0009013622 0.0331756
0.0009029622 0.03294031
0.0009045622 0.03246973
0.0009061622 0.03129329
0.0009077622 0.03105801
0.0009093622 0.03105801
0.0009109622 0.03035214
0.0009125622 0.02988157
0.0009141622 0.0291757
0.0009157622 0.02894041
0.0009173622 0.02799926
0.0009189622 0.02658753
0.0009205622 0.02611696
0.0009221622 0.02611696
0.0009237622 0.02564638
0.0009253622 0.02635225
0.0009269622 0.02682282
0.0009285622 0.02823455
0.0009301622 0.03082272
0.0009317622 0.03294031
0.0009333622 0.03458732
0.0009349622 0.03646963
0.0009365622 0.03717549
0.0009381622 0.03811664
0.0009397622 0.03835193
0.0009413622 0.03764607
0.0009429622 0.03623434
0.0009445622 0.03482261
0.0009461622 0.0331756
0.0009477622 0.03105801
0.0009493622 0.02988157
0.0009509622 0.02823455
0.0009525622 0.02776397
0.0009541622 0.02752869
0.0009557622 0.0272934
0.0009573622 0.02682282
0.0009589622 0.02705811
0.0009605622 0.0272934
0.0009621622 0.02635225
0.0009637622 0.02635225
0.0009653622 0.02611696
0.0009669622 0.0254111
0.0009685622 0.02494052
0.0009701622 0.02423466
0.0009717622 0.02352879
0.0009733622 0.02235235
0.0009749622 0.02094062
0.0009765622 0.02023476
0.0009781622 0.01882303
0.0009797622 0.01811717
0.0009813622 0.01599958
0.0009829622 0.015529
0.0009845622 0.01458785
0.0009861622 0.01435256
0.0009877622 0.01411728
0.0009893622 0.01411728
0.0009909622 0.01458785
0.0009925622 0.01623487
0.0009941622 0.01811717
0.0009957622 0.01999947
0.0009973622 0.02188178
0.0009989622 0.02470523
0.001000562 0.0272934
0.001002162 0.0291757
0.001003762 0.03082272
0.001005362 0.03294031
0.001006962 0.03435204
0.001008562 0.0350579
0.001010162 0.03529319
0.001011762 0.03552848
0.001013362 0.03458732
0.001014962 0.03411675
0.001016562 0.0331756
0.001018162 0.03246973
0.001019762 0.03105801
0.001021362 0.03011685
0.001022962 0.0291757
0.001024562 0.02799926
0.001026162 0.02682282
0.001027762 0.02611696
0.001029362 0.02588167
0.001030962 0.0254111
0.001032562 0.02494052
0.001034162 0.02399937
0.001035762 0.02282293
0.001037362 0.02164649
0.001038962 0.02047005
0.001040562 0.01858775
0.001042162 0.01717602
0.001043762 0.01505843
0.001045362 0.01341141
0.001046962 0.01199968
0.001048562 0.01035267
0.001050162 0.009176229
0.001051762 0.007293925
0.001053362 0.00682335
0.001054962 0.006352774
0.001056562 0.005882198
0.001058162 0.005176334
0.001059762 0.005176334
0.001061362 0.005176334
0.001062962 0.005176334
0.001064562 0.005411622
0.001066162 0.00564691
0.001067762 0.005176334
0.001069362 0.004705758
0.001070962 0.004705758
0.001072562 0.003999895
0.001074162 0.003529319
0.001075762 0.00447047
0.001077362 0.004941046
0.001078962 0.005882198
0.001080562 0.007058638
0.001082162 0.009882093
0.001083762 0.01247026
0.001085362 0.01482314
0.001086962 0.01811717
0.001088562 0.02188178
0.001090162 0.02470523
0.001091762 0.02823455
0.001093362 0.03058743
0.001094962 0.0331756
0.001096562 0.03552848
0.001098162 0.03717549
0.001099762 0.03811664
0.001101362 0.03952837
0.001102962 0.03929308
0.001104562 0.03929308
0.001106162 0.03764607
0.001107762 0.03623434
0.001109362 0.03388146
0.001110962 0.03199916
0.001112562 0.03058743
0.001114162 0.02894041
0.001115762 0.02823455
0.001117362 0.02799926
0.001118962 0.02799926
0.001120562 0.02870513
0.001122162 0.02941099
0.001123762 0.03058743
0.001125362 0.03176387
0.001126962 0.03388146
0.001128562 0.03435204
0.001130162 0.03599905
0.001131762 0.0369402
0.001133362 0.03788135
0.001134962 0.03905779
0.001136562 0.03999895
0.001138162 0.04164596
0.001139762 0.04235183
0.001141362 0.04329298
0.001142962 0.04446942
0.001144562 0.04517528
0.001146162 0.04635172
0.001147762 0.04729287
0.001149362 0.0487046
0.001150962 0.05035161
0.001152562 0.05176334
0.001154162 0.05270449
0.001155762 0.05364565
0.001157362 0.05411622
0.001158962 0.0545868
0.001160562 0.05388093
0.001162162 0.05388093
0.001163762 0.05223392
0.001165362 0.05223392
0.001166962 0.05082219
0.001168562 0.04941046
0.001170162 0.04941046
0.001171762 0.04941046
0.001173362 0.04917517
0.001174962 0.05035161
0.001176562 0.0505869
0.001178162 0.05082219
0.001179762 0.05105748
0.001181362 0.0505869
0.001182962 0.0505869
0.001184562 0.05011633
0.001186162 0.04941046
0.001187762 0.04964575
0.001189362 0.04846931
0.001190962 0.04846931
0.001192562 0.04776345
0.001194162 0.04752816
0.001195762 0.04635172
0.001197362 0.04635172
0.001198962 0.04493999
0.001200562 0.04446942
0.001202162 0.04376355
0.001203762 0.0428224
0.001205362 0.04235183
0.001206962 0.04211654
0.001208562 0.04164596
0.001210162 0.04164596
0.001211762 0.04188125
0.001213362 0.04258711
0.001214962 0.04305769
0.001216562 0.04329298
0.001218162 0.04423413
0.001219762 0.04517528
0.001221362 0.04588114
0.001222962 0.04729287
0.001224562 0.04799874
0.001226162 0.04917517
0.001227762 0.04893989
0.001229362 0.04823402
0.001230962 0.04752816
0.001232562 0.04705758
0.001234162 0.04493999
0.001235762 0.04329298
0.001237362 0.0409401
0.001238962 0.03905779
0.001240562 0.0369402
0.001242162 0.0350579
0.001243762 0.03341088
0.001245362 0.03246973
0.001246962 0.03082272
0.001248562 0.03105801
0.001250162 0.02988157
0.001251762 0.02964628
0.001253362 0.02988157
0.001254962 0.02964628
0.001256562 0.03011685
0.001258162 0.03058743
0.001259762 0.03129329
0.001261362 0.03105801
0.001262962 0.03105801
0.001264562 0.03199916
0.001266162 0.03176387
0.001267762 0.03176387
0.001269362 0.03105801
0.001270962 0.03105801
0.001272562 0.03058743
0.001274162 0.02870513
0.001275762 0.02776397
0.001277362 0.02564638
0.001278962 0.02423466
0.001280562 0.02282293
0.001282162 0.02094062
0.001283762 0.01905832
0.001285362 0.01741131
0.001286962 0.01529371
0.001288562 0.0136467
0.001290162 0.01223497
0.001291762 0.009882093
0.001293362 0.009176229
0.001294962 0.007999789
0.001296562 0.007529213
0.001298162 0.006588062
0.001299762 0.005411622
0.001301362 0.00447047
0.001302962 0.003294031
0.001304562 0.002117591
0.001306162 0.001411728
0.001307762 0.0009411517
0.001309362 -0.0004705758
0.001310962 -0.00117644
0.001312562 -0.002117591
0.001314162 -0.002823455
0.001315762 -0.003999895
0.001317362 -0.004705758
0.001318962 -0.004705758
0.001320562 -0.005176334
0.001322162 -0.005411622
0.001323762 -0.006352774
0.001325362 -0.006588062
0.001326962 -0.008470365
0.001328562 -0.008470365
0.001330162 -0.009646805
0.001331762 -0.01058796
0.001333362 -0.01152911
0.001334962 -0.01223497
0.001336562 -0.01294084
0.001338162 -0.01411728
0.001339762 -0.01458785
0.001341362 -0.01623487
0.001342962 -0.01835246
0.001344562 -0.02047005
0.001346162 -0.02376408
0.001347762 -0.02705811
0.001349362 -0.03082272
0.001350962 -0.03458732
0.001352562 -0.03882251
0.001354162 -0.04235183
0.001355762 -0.04705758
0.001357362 -0.0505869
0.001358962 -0.05482208
0.001360562 -0.05764554
0.001362162 -0.06070428
0.001363762 -0.06329245
0.001365362 -0.06517475
0.001366962 -0.06564533
0.001368562 -0.06635119
0.001370162 -0.06635119
0.001371762 -0.0661159
0.001373362 -0.06493947
0.001374962 -0.06399831
0.001376562 -0.06258659
0.001378162 -0.06070428
0.001379762 -0.05882198
0.001381362 -0.05717496
0.001382962 -0.05576324
0.001384562 -0.05411622
0.001386162 -0.05270449
0.001387762 -0.05317507
0.001389362 -0.05223392
0.001390962 -0.05152805
0.001392562 -0.05246921
0.001394162 -0.05246921
0.001395762 -0.05317507
0.001397362 -0.05364565
0.001398962 -0.05364565
0.001400562 -0.05411622
0.001402162 -0.05435151
0.001403762 -0.05435151
0.001405362 -0.05435151
0.001406962 -0.0545868
0.001408562 -0.05364565
0.001410162 -0.05341036
0.001411762 -0.05223392
0.001413362 -0.05129277
0.001414962 -0.04964575
0.001416562 -0.04941046
0.001418162 -0.0487046
0.001419762 -0.04917517
0.001421362 -0.04846931
0.001422962 -0.04893989
0.001424562 -0.04941046
0.001426162 -0.05011633
0.001427762 -0.05152805
0.001429362 -0.05293978
0.001430962 -0.05388093
0.001432562 -0.05599852
0.001434162 -0.05764554
0.001435762 -0.05929256
0.001437362 -0.06141015
0.001438962 -0.06258659
0.001440562 -0.06399831
0.001442162 -0.06541004
0.001443762 -0.06729234
0.001445362 -0.06917465
0.001446962 -0.07035109
0.001448562 -0.07223339
0.001450162 -0.07364512
0.001451762 -0.07458627
0.001453362 -0.07576271
0.001454962 -0.07693915
0.001456562 -0.07835088
0.001458162 -0.0797626
0.001459762 -0.08070376
0.001461362 -0.08164491
0.001462962 -0.08211548
0.001464562 -0.08258606
0.001466162 -0.08352721
0.001467762 -0.08399779
0.001469362 -0.08399779
0.001470962 -0.08493894
0.001472562 -0.08493894
0.001474162 -0.08588009
0.001475762 -0.08705653
0.001477362 -0.08846826
0.001478962 -0.08987998
0.001480562 -0.09199758
0.001482162 -0.0934093
0.001483762 -0.09482103
0.001485362 -0.09646805
0.001486962 -0.09787977
0.001488562 -0.09858564
0.001490162 -0.09976208
0.001491762 -0.09999736
0.001493362 -0.1009385
0.001494962 -0.0992915
0.001496562 -0.09905621
0.001498162 -0.09787977
0.001499762 -0.09623276
0.001501362 -0.09435045
0.001502962 -0.09270344
0.001504562 -0.09035056
0.001506162 -0.08823297
0.001507762 -0.08517423
0.001509362 -0.0837625
0.001510962 -0.0818802
0.001512562 -0.08117433
0.001514162 -0.07952732
0.001515762 -0.07999789
0.001517362 -0.07929203
0.001518962 -0.0797626
0.001520562 -0.08070376
0.001522162 -0.0818802
0.001523762 -0.08329192
0.001525362 -0.08493894
0.001526962 -0.08682124
0.001528562 -0.08893883
0.001530162 -0.09058585
0.001531762 -0.09317402
0.001533362 -0.09505632
0.001534962 -0.09693862
0.001536562 -0.09858564
0.001538162 -0.0992915
0.001539762 -0.1007032
0.001541362 -0.102115
0.001542962 -0.1028208
0.001544562 -0.1042325
0.001546162 -0.1047031
0.001547762 -0.1049384
0.001549362 -0.1056443
0.001550962 -0.1061149
0.001552562 -0.1056443
0.001554162 -0.1051737
0.001555762 -0.1051737
0.001557362 -0.1049384
0.001558962 -0.1039973
0.001560562 -0.1032914
0.001562162 -0.1025855
0.001563762 -0.1018797
0.001565362 -0.1025855
0.001566962 -0.102115
0.001568562 -0.1014091
0.001570162 -0.1018797
0.001571762 -0.1011738
0.001573362 -0.1018797
0.001574962 -0.1018797
0.001576562 -0.1018797
0.001578162 -0.102115
0.001579762 -0.1016444
0.001581362 -0.102115
0.001582962 -0.1014091
0.001584562 -0.1016444
0.001586162 -0.1014091
0.001587762 -0.1004679
0.001589362 -0.09952679
0.001590962 -0.09835035
0.001592562 -0.09693862
0.001594162 -0.09576218
0.001595762 -0.09435045
0.001597362 -0.0934093
0.001598962 -0.09270344
0.001600562 -0.09176229
0.001602162 -0.091527
0.001603762 -0.09082114
0.001605362 -0.09129171
0.001606962 -0.09129171
0.001608562 -0.091527
0.001610162 -0.09199758
0.001611762 -0.09223286
0.001613362 -0.09246815
0.001614962 -0.09293873
0.001616562 -0.09293873
0.001618162 -0.09270344
0.001619762 -0.09223286
0.001621362 -0.09199758
0.001622962 -0.09199758
0.001624562 -0.09058585
0.001626162 -0.08987998
0.001627762 -0.08870354
0.001629362 -0.08799768
0.001630962 -0.08823297
0.001632562 -0.08705653
0.001634162 -0.08752711
0.001635762 -0.08705653
0.001637362 -0.08658595
0.001638962 -0.08729182
0.001640562 -0.08729182
0.001642162 -0.08752711
0.001643762 -0.08846826
0.001645362 -0.08799768
0.001646962 -0.08799768
0.001648562 -0.08799768
0.001650162 -0.08799768
0.001651762 -0.08776239
0.001653362 -0.08705653
0.001654962 -0.08682124
0.001656562 -0.08635067
0.001658162 -0.08635067
0.001659762 -0.08611538
0.001661362 -0.0856448
0.001662962 -0.08611538
0.001664562 -0.08705653
0.001666162 -0.08823297
0.001667762 -0.08870354
0.001669362 -0.08987998
0.001670962 -0.09105642
0.001672562 -0.09270344
0.001674162 -0.09364459
0.001675762 -0.09482103
0.001677362 -0.09576218
0.001678962 -0.09552689
0.001680562 -0.09552689
0.001682162 -0.09482103
0.001683762 -0.09435045
0.001685362 -0.0934093
0.001686962 -0.09199758
0.001688562 -0.09082114
0.001690162 -0.08870354
0.001691762 -0.08705653
0.001693362 -0.08470365
0.001694962 -0.08211548
0.001696562 -0.07999789
0.001698162 -0.07764501
0.001699762 -0.07552742
0.001701362 -0.07364512
0.001702962 -0.07129224
0.001704562 -0.07035109
0.001706162 -0.0682335
0.001707762 -0.06799821
0.001709362 -0.0661159
0.001710962 -0.06564533
0.001712562 -0.06493947
0.001714162 -0.06493947
0.001715762 -0.0642336
0.001717362 -0.06376303
0.001718962 -0.06399831
0.001720562 -0.06399831
0.001722162 -0.06376303
0.001723762 -0.06399831
0.001725362 -0.06282187
0.001726962 -0.06258659
0.001728562 -0.06211601
0.001730162 -0.06093957
0.001731762 -0.06093957
0.001733362 -0.05999842
0.001734962 -0.0583514
0.001736562 -0.05788083
0.001738162 -0.05717496
0.001739762 -0.05576324
0.001741362 -0.05529266
0.001742962 -0.05435151
0.001744562 -0.05388093
0.001746162 -0.05293978
0.001747762 -0.05293978
0.001749362 -0.05270449
0.001750962 -0.05176334
0.001752562 -0.05223392
0.001754162 -0.05223392
0.001755762 -0.05293978
0.001757362 -0.05341036
0.001758962 -0.05364565
0.001760562 -0.05411622
0.001762162 -0.05505737
0.001763762 -0.05529266
0.001765362 -0.05576324
0.001766962 -0.05576324
0.001768562 -0.05552795
0.001770162 -0.05623381
0.001771762 -0.05529266
0.001773362 -0.05505737
0.001774962 -0.0545868
0.001776562 -0.05293978
0.001778162 -0.05176334
0.001779762 -0.05129277
0.001781362 -0.04893989
0.001782962 -0.04729287
0.001784562 -0.04588114
0.001786162 -0.04446942
0.001787762 -0.04211654
0.001789362 -0.04117539
0.001790962 -0.03952837
0.001792562 -0.03811664
0.001794162 -0.0369402
0.001795762 -0.03646963
0.001797362 -0.03599905
0.001798962 -0.03529319
0.001800562 -0.03458732
0.001802162 -0.03482261
0.001803762 -0.03552848
0.001805362 -0.03576376
0.001806962 -0.03599905
0.001808562 -0.03576376
0.001810162 -0.03623434
0.001811762 -0.0350579
0.001813362 -0.0350579
0.001814962 -0.03341088
0.001816562 -0.03199916
0.001818162 -0.03011685
0.001819762 -0.02752869
0.001821362 -0.02494052
0.001822962 -0.02258764
0.001824562 -0.01999947
0.001826162 -0.01764659
0.001827762 -0.01576429
0.001829362 -0.01341141
0.001830962 -0.01247026
0.001832562 -0.01058796
0.001834162 -0.008940941
0.001835762 -0.007293925
0.001837362 -0.005176334
0.001838962 -0.00447047
0.001840562 -0.003294031
0.001842162 -0.002117591
0.001843762 -0.0007058638
0.001845362 -0.0002352879
0.001846962 0.0004705758
0.001848562 0.001647015
0.001850162 0.002352879
0.001851762 0.003058743
0.001853362 0.003999895
0.001854962 0.004705758
0.001856562 0.006352774
0.001858162 0.006588062
0.001859762 0.007764501
0.001861362 0.008940941
0.001862962 0.01082324
0.001864562 0.0117644
0.001866162 0.0136467
0.001867762 0.01482314
0.001869362 0.01717602
0.001870962 0.01929361
0.001872562 0.02117591
0.001874162 0.02282293
0.001875762 0.02399937
0.001877362 0.02635225
0.001878962 0.02823455
0.001880562 0.03058743
0.001882162 0.03270502
0.001883762 0.03411675
0.001885362 0.03623434
0.001886962 0.03764607
0.001888562 0.03905779
0.001890162 0.04023423
0.001891762 0.0409401
0.001893362 0.04211654
0.001894962 0.04235183
0.001896562 0.04329298
0.001898162 0.04329298
0.001899762 0.0428224
0.001901362 0.04258711
0.001902962 0.0428224
0.001904562 0.04164596
0.001906162 0.04117539
0.001907762 0.04070481
0.001909362 0.03976366
0.001910962 0.03929308
0.001912562 0.03788135
0.001914162 0.03764607
0.001915762 0.03576376
0.001917362 0.03458732
0.001918962 0.03364617
0.001920562 0.03294031
0.001922162 0.03152858
0.001923762 0.03152858
0.001925362 0.03105801
0.001926962 0.03176387
0.001928562 0.03129329
0.001930162 0.03223444
0.001931762 0.03270502
0.001933362 0.03435204
0.001934962 0.03529319
0.001936562 0.03646963
0.001938162 0.03811664
0.001939762 0.03999895
0.001941362 0.04141067
0.001942962 0.04329298
0.001944562 0.04588114
0.001946162 0.04799874
0.001947762 0.05011633
0.001949362 0.05223392
0.001950962 0.0545868
0.001952562 0.05623381
0.001954162 0.05811612
0.001955762 0.05858669
0.001957362 0.06023371
0.001958962 0.06023371
0.001960562 0.06093957
0.001962162 0.06070428
0.001963762 0.06117486
0.001965362 0.06046899
0.001966962 0.05952784
0.001968562 0.05905727
0.001970162 0.05764554
0.001971762 0.05670439
0.001973362 0.05505737
0.001974962 0.05364565
0.001976562 0.05199863
0.001978162 0.0505869
0.001979762 0.04917517
0.001981362 0.04846931
0.001982962 0.04658701
0.001984562 0.04658701
0.001986162 0.04611643
0.001987762 0.04564586
0.001989362 0.04517528
0.001990962 0.04517528
0.001992562 0.0447047
0.001994162 0.04446942
0.001995762 0.04352826
0.001997362 0.04376355
0.001998962 0.04376355
0.002000562 0.0428224
0.002002162 0.0428224
0.002003762 0.04258711
0.002005362 0.04211654
0.002006962 0.04141067
0.002008562 0.04164596
0.002010162 0.04141067
0.002011762 0.04070481
0.002013362 0.04070481
0.002014962 0.03929308
0.002016562 0.03882251
0.002018162 0.03811664
0.002019762 0.03741078
0.002021362 0.03717549
0.002022962 0.0369402
0.002024562 0.03623434
0.002026162 0.03599905
0.002027762 0.03670492
0.002029362 0.03623434
0.002030962 0.03646963
0.002032562 0.03717549
0.002034162 0.0369402
0.002035762 0.03717549
0.002037362 0.03717549
0.002038962 0.03741078
0.002040562 0.03741078
0.002042162 0.03788135
0.002043762 0.03764607
0.002045362 0.03788135
0.002046962 0.03858722
0.002048562 0.03952837
0.002050162 0.03999895
0.002051762 0.04117539
0.002053362 0.04117539
0.002054962 0.0428224
0.002056562 0.04329298
0.002058162 0.04399884
0.002059762 0.04399884
0.002061362 0.04541057
0.002062962 0.04588114
0.002064562 0.04611643
0.002066162 0.04564586
0.002067762 0.04541057
0.002069362 0.04564586
0.002070962 0.0447047
0.002072562 0.04305769
0.002074162 0.04211654
0.002075762 0.03999895
0.002077362 0.03788135
0.002078962 0.03552848
0.002080562 0.03435204
0.002082162 0.03176387
0.002083762 0.02964628
0.002085362 0.02823455
0.002086962 0.0254111
0.002088562 0.02399937
0.002090162 0.02282293
0.002091762 0.02164649
0.002093362 0.02094062
0.002094962 0.01999947
0.002096562 0.01976419
0.002098162 0.01929361
0.002099762 0.0195289
0.002101362 0.01882303
0.002102962 0.01858775
0.002104562 0.01858775
0.002106162 0.01835246
0.002107762 0.01764659
0.002109362 0.01694073
0.002110962 0.01576429
0.002112562 0.01505843
0.002114162 0.01411728
0.002115762 0.01317612
0.002117362 0.01199968
0.002118962 0.01105853
0.002120562 0.009646805
0.002122162 0.008940941
0.002123762 0.007529213
0.002125362 0.007058638
0.002126962 0.006117486
0.002128562 0.005882198
0.002130162 0.00447047
0.002131762 0.003999895
0.002133362 0.003058743
0.002134962 0.002352879
0.002136562 0.001411728
0.002138162 0.0002352879
0.002139762 -0.0002352879
0.002141362 -0.0007058638
0.002142962 -0.001882303
0.002144562 -0.003294031
0.002146162 -0.003764607
0.002147762 -0.004941046
0.002149362 -0.006117486
0.002150962 -0.007529213
0.002152562 -0.008705653
0.002154162 -0.009646805
0.002155762 -0.01035267
0.002157362 -0.01035267
0.002158962 -0.01129382
0.002160562 -0.01105853
0.002162162 -0.01129382
0.002163762 -0.01011738
0.002165362 -0.009646805
0.002166962 -0.008470365
0.002168562 -0.007764501
0.002170162 -0.006352774
0.002171762 -0.005411622
0.002173362 -0.004235183
0.002174962 -0.003058743
0.002176562 -0.001882303
0.002178162 -0.001411728
0.002179762 -0.0004705758
0.002181362 0
0.002182962 0.0007058638
0.002184562 0.0004705758
0.002186162 0.0002352879
0.002187762 -0.0002352879
0.002189362 -0.0009411517
0.002190962 -0.002117591
0.002192562 -0.003294031
0.002194162 -0.004941046
0.002195762 -0.006117486
0.002197362 -0.00682335
0.002198962 -0.009176229
0.002200562 -0.01035267
0.002202162 -0.01152911
0.002203762 -0.01270555
0.002205362 -0.01388199
0.002206962 -0.01482314
0.002208562 -0.01505843
0.002210162 -0.01599958
0.002211762 -0.01670544
0.002213362 -0.01670544
0.002214962 -0.01694073
0.002216562 -0.01764659
0.002218162 -0.01764659
0.002219762 -0.01717602
0.002221362 -0.01741131
0.002222962 -0.01858775
0.002224562 -0.01858775
0.002226162 -0.01858775
0.002227762 -0.01976419
0.002229362 -0.02070534
0.002230962 -0.02164649
0.002232562 -0.02282293
0.002234162 -0.02494052
0.002235762 -0.02635225
0.002237362 -0.02752869
0.002238962 -0.02941099
0.002240562 -0.03082272
0.002242162 -0.03246973
0.002243762 -0.03411675
0.002245362 -0.03529319
0.002246962 -0.03623434
0.002248562 -0.03670492
0.002250162 -0.03717549
0.002251762 -0.03717549
0.002253362 -0.03741078
0.002254962 -0.03646963
0.002256562 -0.03646963
0.002258162 -0.0350579
0.002259762 -0.03411675
0.002261362 -0.03294031
0.002262962 -0.03176387
0.002264562 -0.03082272
0.002266162 -0.02964628
0.002267762 -0.02799926
0.002269362 -0.0272934
0.002270962 -0.02658753
0.002272562 -0.02517581
0.002274162 -0.02423466
0.002275762 -0.02376408
0.002277362 -0.02282293
0.002278962 -0.02211706
0.002280562 -0.02094062
0.002282162 -0.01976419
0.002283762 -0.01905832
0.002285362 -0.01788188
0.002286962 -0.01647015
0.002288562 -0.01529371
0.002290162 -0.01411728
0.002291762 -0.01247026
0.002293362 -0.01129382
0.002294962 -0.01058796
0.002296562 -0.009646805
0.002298162 -0.008470365
0.002299762 -0.008705653
0.002301362 -0.008705653
0.002302962 -0.008940941
0.002304562 -0.009411517
0.002306162 -0.009646805
0.002307762 -0.01035267
0.002309362 -0.01152911
0.002310962 -0.01247026
0.002312562 -0.01317612
0.002314162 -0.01482314
0.002315762 -0.01505843
0.002317362 -0.01576429
0.002318962 -0.01670544
0.002320562 -0.01694073
0.002322162 -0.01764659
0.002323762 -0.01811717
0.002325362 -0.01905832
0.002326962 -0.01929361
0.002328562 -0.01929361
0.002330162 -0.0195289
0.002331762 -0.02023476
0.002333362 -0.02023476
0.002334962 -0.02070534
0.002336562 -0.02094062
0.002338162 -0.02070534
0.002339762 -0.02047005
0.002341362 -0.02094062
0.002342962 -0.02070534
0.002344562 -0.02023476
0.002346162 -0.02023476
0.002347762 -0.02023476
0.002349362 -0.01999947
0.002350962 -0.01929361
0.002352562 -0.0195289
0.002354162 -0.01905832
0.002355762 -0.01905832
0.002357362 -0.01835246
0.002358962 -0.01858775
0.002360562 -0.01858775
0.002362162 -0.01858775
0.002363762 -0.01905832
0.002365362 -0.01905832
0.002366962 -0.01905832
0.002368562 -0.01929361
0.002370162 -0.01858775
0.002371762 -0.01882303
0.002373362 -0.01835246
0.002374962 -0.01811717
0.002376562 -0.01741131
0.002378162 -0.01694073
0.002379762 -0.01647015
0.002381362 -0.01599958
0.002382962 -0.01482314
0.002384562 -0.01505843
0.002386162 -0.01435256
0.002387762 -0.0136467
0.002389362 -0.01294084
0.002390962 -0.01317612
0.002392562 -0.01317612
0.002394162 -0.01223497
0.002395762 -0.01247026
0.002397362 -0.01199968
0.002398962 -0.01223497
0.002400562 -0.0117644
0.002402162 -0.0117644
0.002403762 -0.01152911
0.002405362 -0.01129382
0.002406962 -0.01058796
0.002408562 -0.01011738
0.002410162 -0.009411517
0.002411762 -0.008940941
0.002413362 -0.007764501
0.002414962 -0.006588062
0.002416562 -0.006117486
0.002418162 -0.005176334
0.002419762 -0.003999895
0.002421362 -0.003999895
0.002422962 -0.002588167
0.002424562 -0.001882303
0.002426162 -0.001647015
0.002427762 -0.0009411517
0.002429362 -0.0004705758
0.002430962 0.0007058638
0.002432562 0.001411728
0.002434162 0.001647015
0.002435762 0.001647015
0.002437362 0.001882303
0.002438962 0.002117591
0.002440562 0.002117591
0.002442162 0.002117591
0.002443762 0.001882303
0.002445362 0.002117591
0.002446962 0.001411728
0.002448562 0.0004705758
0.002450162 0.0002352879
0.002451762 0.0004705758
0.002453362 -0.0002352879
0.002454962 0.0002352879
0.002456562 0
0.002458162 0.0002352879
0.002459762 0.00117644
0.002461362 0.00117644
0.002462962 0.001882303
0.002464562 0.003058743
0.002466162 0.003999895
0.002467762 0.00447047
0.002469362 0.00564691
0.002470962 0.006588062
0.002472562 0.007529213
0.002474162 0.008705653
0.002475762 0.009646805
0.002477362 0.01129382
0.002478962 0.01199968
0.002480562 0.01341141
0.002482162 0.01388199
0.002483762 0.01505843
0.002485362 0.01599958
0.002486962 0.01694073
0.002488562 0.01788188
0.002490162 0.01976419
0.002491762 0.02047005
0.002493362 0.02211706
0.002494962 0.02352879
0.002496562 0.02494052
0.002498162 0.02658753
0.002499762 0.02776397
0.002501362 0.0291757
0.002502962 0.03082272
0.002504562 0.03129329
0.002506162 0.03364617
0.002507762 0.03411675
0.002509362 0.03529319
0.002510962 0.03670492
0.002512562 0.03788135
0.002514162 0.03835193
0.002515762 0.03929308
0.002517362 0.04070481
0.002518962 0.04211654
0.002520562 0.04305769
0.002522162 0.04446942
0.002523762 0.04588114
0.002525362 0.04776345
0.002526962 0.04893989
0.002528562 0.05082219
0.002530162 0.05223392
0.002531762 0.05411622
0.002533362 0.05623381
0.002534962 0.05811612
0.002536562 0.06023371
0.002538162 0.06188072
0.002539762 0.06352774
0.002541362 0.06470418
0.002542962 0.06635119
0.002544562 0.06729234
0.002546162 0.06870407
0.002547762 0.06988051
0.002549362 0.07058638
0.002550962 0.07129224
0.002552562 0.07223339
0.002554162 0.07270397
0.002555762 0.07340983
0.002557362 0.07317454
0.002558962 0.07364512
0.002560562 0.07458627
0.002562162 0.07388041
0.002563762 0.07482156
0.002565362 0.07505685
0.002566962 0.07552742
0.002568562 0.075998
0.002570162 0.07646857
0.002571762 0.07693915
0.002573362 0.07764501
0.002574962 0.07929203
0.002576562 0.07999789
0.002578162 0.08070376
0.002579762 0.08164491
0.002581362 0.08305663
0.002582962 0.08423307
0.002584562 0.08517423
0.002586162 0.08588009
0.002587762 0.08705653
0.002589362 0.08799768
0.002590962 0.08987998
0.002592562 0.09035056
0.002594162 0.09082114
0.002595762 0.09270344
0.002597362 0.09411517
0.002598962 0.09552689
0.002600562 0.09599747
0.002602162 0.09764449
0.002603762 0.09905621
0.002605362 0.1007032
0.002606962 0.1016444
0.002608562 0.103762
0.002610162 0.1049384
0.002611762 0.1068207
0.002613362 0.1084677
0.002614962 0.1096442
0.002616562 0.1110559
0.002618162 0.1124676
0.002619762 0.1134088
0.002621362 0.1148205
0.002622962 0.1157617
0.002624562 0.1164675
0.002626162 0.1169381
0.002627762 0.1167028
0.002629362 0.1167028
0.002630962 0.1167028
0.002632562 0.1164675
0.002634162 0.1164675
0.002635762 0.1157617
0.002637362 0.1148205
0.002638962 0.1143499
0.002640562 0.1145852
0.002642162 0.1136441
0.002643762 0.1141146
0.002645362 0.1129382
0.002646962 0.1131735
0.002648562 0.1131735
0.002650162 0.1136441
0.002651762 0.1136441
0.002653362 0.1148205
0.002654962 0.1150558
0.002656562 0.1155264
0.002658162 0.1162322
0.002659762 0.1171734
0.002661362 0.1181145
0.002662962 0.1202321
0.002664562 0.1216439
0.002666162 0.1232909
0.002667762 0.1249379
0.002669362 0.1277613
0.002670962 0.1296436
0.002672562 0.1310554
0.002674162 0.1334082
0.002675762 0.1359964
0.002677362 0.1378787
0.002678962 0.1402316
0.002680562 0.1425845
0.002682162 0.1444668
0.002683762 0.1463491
0.002685362 0.1482314
0.002686962 0.1498784
0.002688562 0.1510548
0.002690162 0.1517607
0.002691762 0.1527019
0.002693362 0.1534077
0.002694962 0.153643
0.002696562 0.153643
0.002698162 0.1534077
0.002699762 0.1524666
0.002701362 0.1522313
0.002702962 0.1512901
0.002704562 0.1505843
0.002706162 0.1498784
0.002707762 0.1491725
0.002709362 0.1479961
0.002710962 0.1475255
0.002712562 0.1465844
0.002714162 0.1461138
0.002715762 0.1449374
0.002717362 0.1451726
0.002718962 0.1454079
0.002720562 0.1451726
0.002722162 0.1449374
0.002723762 0.1454079
0.002725362 0.1458785
0.002726962 0.1463491
0.002728562 0.1470549
0.002730162 0.1472902
0.002731762 0.1484667
0.002733362 0.1491725
0.002734962 0.1501137
0.002736562 0.1505843
0.002738162 0.1517607
0.002739762 0.151996
0.002741362 0.1534077
0.002742962 0.1541136
0.002744562 0.1550547
0.002746162 0.1557606
0.002747762 0.1562312
0.002749362 0.1567018
0.002750962 0.1564665
0.002752562 0.1571723
0.002754162 0.1564665
0.002755762 0.156937
0.002757362 0.1564665
0.002758962 0.1557606
0.002760562 0.1555253
0.002762162 0.1555253
0.002763762 0.15529
0.002765362 0.1555253
0.002766962 0.1548194
0.002768562 0.15529
0.002770162 0.1548194
0.002771762 0.1550547
0.002773362 0.1550547
0.002774962 0.15529
0.002776562 0.15529
0.002778162 0.1555253
0.002779762 0.1550547
0.002781362 0.1559959
0.002782962 0.1562312
0.002784562 0.1564665
0.002786162 0.1571723
0.002787762 0.1571723
0.002789362 0.1571723
0.002790962 0.1578782
0.002792562 0.1578782
0.002794162 0.1578782
0.002795762 0.1576429
0.002797362 0.1576429
0.002798962 0.1574076
0.002800562 0.1576429
0.002802162 0.1571723
0.002803762 0.1574076
0.002805362 0.156937
0.002806962 0.156937
0.002808562 0.1559959
0.002810162 0.1557606
0.002811762 0.1564665
0.002813362 0.1557606
0.002814962 0.1550547
0.002816562 0.1550547
0.002818162 0.1541136
0.002819762 0.1541136
0.002821362 0.1545842
0.002822962 0.1534077
0.002824562 0.1531724
0.002826162 0.1527019
0.002827762 0.1517607
0.002829362 0.1517607
0.002830962 0.1510548
0.002832562 0.1494078
0.002834162 0.1484667
0.002835762 0.1472902
0.002837362 0.1458785
0.002838962 0.1439962
0.002840562 0.1423492
0.002842162 0.1409375
0.002843762 0.1395257
0.002845362 0.1374081
0.002846962 0.1359964
0.002848562 0.1352906
0.002850162 0.1336435
0.002851762 0.1334082
0.002853362 0.1327024
0.002854962 0.1312907
0.002856562 0.1315259
0.002858162 0.1308201
0.002859762 0.1303495
0.002861362 0.1305848
0.002862962 0.1298789
0.002864562 0.1298789
0.002866162 0.1298789
0.002867762 0.1289378
0.002869362 0.1282319
0.002870962 0.1279966
0.002872562 0.1277613
0.002874162 0.1263496
0.002875762 0.1249379
0.002877362 0.1237614
0.002878962 0.1218791
0.002880562 0.1199968
0.002882162 0.117644
0.002883762 0.1157617
0.002885362 0.1131735
0.002886962 0.1112912
0.002888562 0.108703
0.002890162 0.1058796
0.002891762 0.103762
0.002893362 0.1014091
0.002894962 0.0992915
0.002896562 0.09693862
0.002898162 0.09552689
0.002899762 0.09387988
0.002901362 0.09293873
0.002902962 0.09199758
0.002904562 0.09105642
0.002906162 0.09058585
0.002907762 0.09058585
0.002909362 0.09035056
0.002910962 0.09011527
0.002912562 0.09011527
0.002914162 0.09011527
0.002915762 0.0896447
0.002917362 0.08940941
0.002918962 0.08917412
0.002920562 0.08823297
0.002922162 0.08823297
0.002923762 0.08752711
0.002925362 0.08635067
0.002926962 0.0856448
0.002928562 0.08493894
0.002930162 0.08352721
0.002931762 0.08235077
0.002933362 0.08117433
0.002934962 0.07929203
0.002936562 0.07835088
0.002938162 0.07576271
0.002939762 0.07388041
0.002941362 0.07246868
0.002942962 0.07035109
0.002944562 0.06846878
0.002946162 0.06682177
0.002947762 0.0642336
0.002949362 0.06282187
0.002950962 0.06070428
0.002952562 0.05882198
0.002954162 0.05741025
0.002955762 0.05505737
0.002957362 0.05364565
0.002958962 0.05129277
0.002960562 0.05011633
0.002962162 0.04799874
0.002963762 0.0468223
0.002965362 0.04564586
0.002966962 0.04493999
0.002968562 0.04352826
0.002970162 0.04329298
0.002971762 0.04211654
0.002973362 0.04141067
0.002974962 0.04046952
0.002976562 0.03952837
0.002978162 0.03858722
0.002979762 0.03811664
0.002981362 0.03717549
0.002982962 0.03646963
0.002984562 0.0350579
0.002986162 0.03435204
0.002987762 0.03364617
0.002989362 0.03294031
0.002990962 0.03223444
0.002992562 0.03129329
0.002994162 0.03011685
0.002995762 0.02964628
0.002997362 0.02846984
0.002998962 0.02799926
0.003000562 0.0272934
0.003002162 0.02635225
0.003003762 0.02517581
0.003005362 0.02423466
0.003006962 0.02352879
0.003008562 0.02305822
0.003010162 0.02211706
0.003011762 0.02070534
0.003013362 0.02023476
0.003014962 0.01905832
0.003016562 0.01764659
0.003018162 0.01694073
0.003019762 0.01623487
0.003021362 0.01482314
0.003022962 0.0136467
0.003024562 0.01223497
0.003026162 0.01082324
0.003027762 0.01035267
0.003029362 0.008235077
0.003030962 0.007293925
0.003032562 0.00564691
0.003034162 0.003999895
0.003035762 0.002352879
0.003037362 0.0007058638
0.003038962 -0.001647015
0.003040562 -0.003294031
0.003042162 -0.00564691
0.003043762 -0.007764501
0.003045362 -0.009646805
0.003046962 -0.01152911
0.003048562 -0.01341141
0.003050162 -0.01505843
0.003051762 -0.01670544
0.003053362 -0.01835246
0.003054962 -0.01976419
0.003056562 -0.02211706
0.003058162 -0.02376408
0.003059762 -0.02517581
0.003061362 -0.0272934
0.003062962 -0.02894041
0.003064562 -0.03105801
0.003066162 -0.03246973
0.003067762 -0.03388146
0.003069362 -0.03599905
0.003070962 -0.0369402
0.003072562 -0.03905779
0.003074162 -0.04141067
0.003075762 -0.04235183
0.003077362 -0.0447047
0.003078962 -0.04611643
0.003080562 -0.04776345
0.003082162 -0.05011633
0.003083762 -0.05152805
0.003085362 -0.05341036
0.003086962 -0.05599852
0.003088562 -0.05717496
0.003090162 -0.05999842
0.003091762 -0.06164543
0.003093362 -0.06352774
0.003094962 -0.06541004
0.003096562 -0.06752763
0.003098162 -0.06917465
0.003099762 -0.07105695
0.003101362 -0.07388041
0.003102962 -0.07505685
0.003104562 -0.07740972
0.003106162 -0.07929203
0.003107762 -0.08117433
0.003109362 -0.08329192
0.003110962 -0.08470365
0.003112562 -0.08682124
0.003114162 -0.08776239
0.003115762 -0.08893883
0.003117362 -0.08917412
0.003118962 -0.08987998
0.003120562 -0.09082114
0.003122162 -0.09105642
0.003123762 -0.09105642
0.003125362 -0.09176229
0.003126962 -0.09129171
0.003128562 -0.09199758
0.003130162 -0.09082114
0.003131762 -0.091527
0.003133362 -0.09129171
0.003134962 -0.09035056
0.003136562 -0.09082114
0.003138162 -0.09105642
0.003139762 -0.09105642
0.003141362 -0.09129171
0.003142962 -0.091527
0.003144562 -0.09223286
0.003146162 -0.09223286
0.003147762 -0.09317402
0.003149362 -0.09387988
0.003150962 -0.09482103
0.003152562 -0.09552689
0.003154162 -0.09646805
0.003155762 -0.09764449
0.003157362 -0.09882093
0.003158962 -0.09999736
0.003160562 -0.1023502
0.003162162 -0.1035267
0.003163762 -0.1056443
0.003165362 -0.1075266
0.003166962 -0.1094089
0.003168562 -0.1105853
0.003170162 -0.1131735
0.003171762 -0.1145852
0.003173362 -0.1167028
0.003174962 -0.1185851
0.003176562 -0.1197615
0.003178162 -0.1211733
0.003179762 -0.1218791
0.003181362 -0.1235262
0.003182962 -0.1247026
0.003184562 -0.1254085
0.003186162 -0.1263496
0.003187762 -0.1270555
0.003189362 -0.1287025
0.003190962 -0.1296436
0.003192562 -0.1303495
0.003194162 -0.1312907
0.003195762 -0.1324671
0.003197362 -0.1329377
0.003198962 -0.1338788
0.003200562 -0.1336435
0.003202162 -0.1350553
0.003203762 -0.1357611
0.003205362 -0.1362317
0.003206962 -0.136467
0.003208562 -0.1376434
0.003210162 -0.138114
0.003211762 -0.1388199
0.003213362 -0.1392904
0.003214962 -0.1392904
0.003216562 -0.1399963
0.003218162 -0.1404669
0.003219762 -0.1409375
0.003221362 -0.1416433
0.003222962 -0.1423492
0.003224562 -0.1423492
0.003226162 -0.1430551
0.003227762 -0.1437609
0.003229362 -0.1437609
0.003230962 -0.1447021
0.003232562 -0.1444668
0.003234162 -0.1444668
0.003235762 -0.1449374
0.003237362 -0.1451726
0.003238962 -0.1447021
0.003240562 -0.1449374
0.003242162 -0.1449374
0.003243762 -0.1449374
0.003245362 -0.1442315
0.003246962 -0.1444668
0.003248562 -0.1439962
0.003250162 -0.1428198
0.003251762 -0.1435256
0.003253362 -0.1425845
0.003254962 -0.1418786
0.003256562 -0.1407022
0.003258162 -0.139761
0.003259762 -0.139761
0.003261362 -0.1383493
0.003262962 -0.1383493
0.003264562 -0.1378787
0.003266162 -0.1376434
0.003267762 -0.1367023
0.003269362 -0.1369376
0.003270962 -0.1369376
0.003272562 -0.1369376
0.003274162 -0.1371729
0.003275762 -0.1374081
0.003277362 -0.1376434
0.003278962 -0.138114
0.003280562 -0.1385846
0.003282162 -0.1392904
0.003283762 -0.139761
0.003285362 -0.1404669
0.003286962 -0.1409375
0.003288562 -0.141408
0.003290162 -0.1421139
0.003291762 -0.1421139
0.003293362 -0.1432903
0.003294962 -0.1428198
0.003296562 -0.1437609
0.003298162 -0.1444668
0.003299762 -0.1437609
0.003301362 -0.1444668
0.003302962 -0.1444668
0.003304562 -0.1451726
0.003306162 -0.1461138
0.003307762 -0.1454079
0.003309362 -0.1454079
0.003310962 -0.1461138
0.003312562 -0.1461138
0.003314162 -0.1468197
0.003315762 -0.1468197
0.003317362 -0.1468197
0.003318962 -0.1468197
0.003320562 -0.1468197
0.003322162 -0.1472902
0.003323762 -0.1463491
0.003325362 -0.1463491
0.003326962 -0.1463491
0.003328562 -0.1458785
0.003330162 -0.1454079
0.003331762 -0.1451726
0.003333362 -0.1449374
0.003334962 -0.1444668
0.003336562 -0.1435256
0.003338162 -0.1437609
0.003339762 -0.1425845
0.003341362 -0.1421139
0.003342962 -0.141408
0.003344562 -0.1407022
0.003346162 -0.1404669
0.003347762 -0.1404669
0.003349362 -0.1395257
0.003350962 -0.1390552
0.003352562 -0.1388199
0.003354162 -0.1383493
0.003355762 -0.138114
0.003357362 -0.1376434
0.003358962 -0.1378787
0.003360562 -0.1369376
0.003362162 -0.1378787
0.003363762 -0.1367023
0.003365362 -0.1376434
0.003366962 -0.1374081
0.003368562 -0.1376434
0.003370162 -0.1376434
0.003371762 -0.1378787
0.003373362 -0.1378787
0.003374962 -0.138114
0.003376562 -0.1378787
0.003378162 -0.138114
0.003379762 -0.1376434
0.003381362 -0.138114
0.003382962 -0.1374081
0.003384562 -0.1374081
0.003386162 -0.138114
0.003387762 -0.1374081
0.003389362 -0.1371729
0.003390962 -0.1371729
0.003392562 -0.136467
0.003394162 -0.1359964
0.003395762 -0.1352906
0.003397362 -0.1343494
0.003398962 -0.1338788
0.003400562 -0.1336435
0.003402162 -0.1324671
0.003403762 -0.1317612
0.003405362 -0.1310554
0.003406962 -0.1301142
0.003408562 -0.1301142
0.003410162 -0.1294084
0.003411762 -0.1289378
0.003413362 -0.1284672
0.003414962 -0.1279966
0.003416562 -0.1275261
0.003418162 -0.1265849
0.003419762 -0.1268202
0.003421362 -0.1270555
0.003422962 -0.1268202
0.003424562 -0.1268202
0.003426162 -0.1270555
0.003427762 -0.1275261
0.003429362 -0.1284672
0.003430962 -0.1284672
0.003432562 -0.1291731
0.003434162 -0.1289378
0.003435762 -0.1298789
0.003437362 -0.1301142
0.003438962 -0.1303495
0.003440562 -0.1301142
0.003442162 -0.1308201
0.003443762 -0.1310554
0.003445362 -0.1308201
0.003446962 -0.1305848
0.003448562 -0.1301142
0.003450162 -0.1301142
0.003451762 -0.1298789
0.003453362 -0.1289378
0.003454962 -0.1282319
0.003456562 -0.1277613
0.003458162 -0.1270555
0.003459762 -0.1261143
0.003461362 -0.1254085
0.003462962 -0.1249379
0.003464562 -0.1239967
0.003466162 -0.1237614
0.003467762 -0.1230556
0.003469362 -0.122585
0.003470962 -0.122585
0.003472562 -0.1221144
0.003474162 -0.1228203
0.003475762 -0.1218791
0.003477362 -0.1211733
0.003478962 -0.1218791
0.003480562 -0.1218791
0.003482162 -0.1214086
0.003483762 -0.1218791
0.003485362 -0.1216439
0.003486962 -0.1214086
0.003488562 -0.1211733
0.003490162 -0.1207027
0.003491762 -0.1207027
0.003493362 -0.1199968
0.003494962 -0.1197615
0.003496562 -0.119291
0.003498162 -0.1188204
0.003499762 -0.1183498
0.003501362 -0.1181145
0.003502962 -0.1169381
0.003504562 -0.1171734
0.003506162 -0.1159969
0.003507762 -0.1157617
0.003509362 -0.1152911
0.003510962 -0.1143499
0.003512562 -0.1141146
0.003514162 -0.1129382
0.003515762 -0.1124676
0.003517362 -0.1122323
0.003518962 -0.1117618
0.003520562 -0.1112912
0.003522162 -0.1108206
0.003523762 -0.11035
0.003525362 -0.1094089
0.003526962 -0.1098795
0.003528562 -0.1096442
0.003530162 -0.1091736
0.003531762 -0.1098795
0.003533362 -0.1101147
0.003534962 -0.11035
0.003536562 -0.11035
0.003538162 -0.1110559
0.003539762 -0.1110559
0.003541362 -0.1112912
0.003542962 -0.111997
0.003544562 -0.111997
0.003546162 -0.111997
0.003547762 -0.111997
0.003549362 -0.1117618
0.003550962 -0.1122323
0.003552562 -0.1117618
0.003554162 -0.111997
0.003555762 -0.1117618
0.003557362 -0.1115265
0.003558962 -0.1117618
0.003560562 -0.1110559
0.003562162 -0.1110559
0.003563762 -0.11035
0.003565362 -0.1094089
0.003566962 -0.1084677
0.003568562 -0.1079972
0.003570162 -0.1065854
0.003571762 -0.1063501
0.003573362 -0.1056443
0.003574962 -0.1047031
0.003576562 -0.1030561
0.003578162 -0.1032914
0.003579762 -0.102115
0.003581362 -0.1011738
0.003582962 -0.1009385
0.003584562 -0.1007032
0.003586162 -0.0992915
0.003587762 -0.09952679
0.003589362 -0.09858564
0.003590962 -0.09858564
0.003592562 -0.09764449
0.003594162 -0.09717391
0.003595762 -0.09717391
0.003597362 -0.09670333
0.003598962 -0.09646805
0.003600562 -0.09552689
0.003602162 -0.09435045
0.003603762 -0.09411517
0.003605362 -0.0934093
0.003606962 -0.09199758
0.003608562 -0.091527
0.003610162 -0.09011527
0.003611762 -0.08917412
0.003613362 -0.08823297
0.003614962 -0.08799768
0.003616562 -0.08682124
0.003618162 -0.08611538
0.003619762 -0.08517423
0.003621362 -0.08446836
0.003622962 -0.08352721
0.003624562 -0.08235077
0.003626162 -0.08211548
0.003627762 -0.08140962
0.003629362 -0.08046847
0.003630962 -0.07952732
0.003632562 -0.07905674
0.003634162 -0.07835088
0.003635762 -0.07740972
0.003637362 -0.07764501
0.003638962 -0.07576271
0.003640562 -0.07576271
0.003642162 -0.07411569
0.003643762 -0.07293925
0.003645362 -0.07176281
0.003646962 -0.07082166
0.003648562 -0.06917465
0.003650162 -0.0682335
0.003651762 -0.06682177
0.003653362 -0.06564533
0.003654962 -0.06517475
0.003656562 -0.06399831
0.003658162 -0.06329245
0.003659762 -0.0623513
0.003661362 -0.06211601
0.003662962 -0.06141015
0.003664562 -0.06023371
0.003666162 -0.06070428
0.003667762 -0.05999842
0.003669362 -0.05999842
0.003670962 -0.05905727
0.003672562 -0.05976313
0.003674162 -0.05929256
0.003675762 -0.05905727
0.003677362 -0.05929256
0.003678962 -0.05858669
0.003680562 -0.05905727
0.003682162 -0.0583514
0.003683762 -0.05788083
0.003685362 -0.05788083
0.003686962 -0.05693968
0.003688562 -0.05623381
0.003690162 -0.05599852
0.003691762 -0.05529266
0.003693362 -0.05482208
0.003694962 -0.0545868
0.003696562 -0.05293978
0.003698162 -0.05246921
0.003699762 -0.05199863
0.003701362 -0.05105748
0.003702962 -0.04988104
0.003704562 -0.04917517
0.003706162 -0.04823402
0.003707762 -0.04729287
0.003709362 -0.0468223
0.003710962 -0.04611643
0.003712562 -0.04541057
0.003714162 -0.04517528
0.003715762 -0.04493999
0.003717362 -0.04446942
0.003718962 -0.04399884
0.003720562 -0.0447047
0.003722162 -0.04399884
0.003723762 -0.04352826
0.003725362 -0.04305769
0.003726962 -0.04329298
0.003728562 -0.04329298
0.003730162 -0.0428224
0.003731762 -0.04258711
0.003733362 -0.04258711
0.003734962 -0.04211654
0.003736562 -0.04258711
0.003738162 -0.04211654
0.003739762 -0.04211654
0.003741362 -0.04211654
0.003742962 -0.04211654
0.003744562 -0.04164596
0.003746162 -0.04188125
0.003747762 -0.04188125
0.003749362 -0.04211654
0.003750962 -0.04211654
0.003752562 -0.04211654
0.003754162 -0.04211654
0.003755762 -0.04188125
0.003757362 -0.04211654
0.003758962 -0.04235183
0.003760562 -0.04164596
0.003762162 -0.04141067
0.003763762 -0.04141067
0.003765362 -0.04023423
0.003766962 -0.03976366
0.003768562 -0.03905779
0.003770162 -0.03882251
0.003771762 -0.03788135
0.003773362 -0.03670492
0.003774962 -0.03623434
0.003776562 -0.03482261
0.003778162 -0.03411675
0.003779762 -0.0331756
0.003781362 -0.03270502
0.003782962 -0.03199916
0.003784562 -0.03082272
0.003786162 -0.03035214
0.003787762 -0.02964628
0.003789362 -0.0291757
0.003790962 -0.0291757
0.003792562 -0.02799926
0.003794162 -0.02799926
0.003795762 -0.02776397
0.003797362 -0.02682282
0.003798962 -0.02682282
0.003800562 -0.02611696
0.003802162 -0.02611696
0.003803762 -0.02517581
0.003805362 -0.02494052
0.003806962 -0.02564638
0.003808562 -0.02470523
0.003810162 -0.02517581
0.003811762 -0.02470523
0.003813362 -0.02446994
0.003814962 -0.02494052
0.003816562 -0.0254111
0.003818162 -0.02517581
0.003819762 -0.02611696
0.003821362 -0.02635225
0.003822962 -0.02682282
0.003824562 -0.02705811
0.003826162 -0.02776397
0.003827762 -0.02776397
0.003829362 -0.02823455
0.003830962 -0.02894041
0.003832562 -0.0291757
0.003834162 -0.02894041
0.003835762 -0.02964628
0.003837362 -0.02988157
0.003838962 -0.03058743
0.003840562 -0.03058743
0.003842162 -0.03082272
0.003843762 -0.03035214
0.003845362 -0.03082272
0.003846962 -0.03082272
0.003848562 -0.03011685
0.003850162 -0.02988157
0.003851762 -0.02964628
0.003853362 -0.0291757
0.003854962 -0.0291757
0.003856562 -0.02823455
0.003858162 -0.02752869
0.003859762 -0.02682282
0.003861362 -0.02611696
0.003862962 -0.0254111
0.003864562 -0.02446994
0.003866162 -0.02352879
0.003867762 -0.02235235
0.003869362 -0.0214112
0.003870962 -0.02094062
0.003872562 -0.01929361
0.003874162 -0.01858775
0.003875762 -0.01741131
0.003877362 -0.01576429
0.003878962 -0.01482314
0.003880562 -0.01388199
0.003882162 -0.01247026
0.003883762 -0.01129382
0.003885362 -0.01011738
0.003886962 -0.009646805
0.003888562 -0.008470365
0.003890162 -0.007058638
0.003891762 -0.007058638
0.003893362 -0.00564691
0.003894962 -0.004235183
0.003896562 -0.003058743
0.003898162 -0.002352879
0.003899762 -0.002117591
0.003901362 -0.0004705758
0.003902962 0.0002352879
0.003904562 0.0004705758
0.003906162 0.001411728
0.003907762 0.001882303
0.003909362 0.002352879
0.003910962 0.003058743
0.003912562 0.003764607
0.003914162 0.003999895
0.003915762 0.004705758
0.003917362 0.004941046
0.003918962 0.00564691
0.003920562 0.00564691
0.003922162 0.006352774
0.003923762 0.006117486
0.003925362 0.006588062
0.003926962 0.007058638
0.003928562 0.007058638
0.003930162 0.007764501
0.003931762 0.007058638
0.003933362 0.007529213
0.003934962 0.008235077
0.003936562 0.007999789
0.003938162 0.008705653
0.003939762 0.008705653
0.003941362 0.008705653
0.003942962 0.009176229
0.003944562 0.008705653
0.003946162 0.009176229
0.003947762 0.009176229
0.003949362 0.009411517
0.003950962 0.009411517
0.003952562 0.009646805
0.003954162 0.009176229
0.003955762 0.009411517
0.003957362 0.009646805
0.003958962 0.01011738
0.003960562 0.01035267
0.003962162 0.01105853
0.003963762 0.01058796
0.003965362 0.01152911
0.003966962 0.01152911
0.003968562 0.01294084
0.003970162 0.01294084
0.003971762 0.01435256
0.003973362 0.01505843
0.003974962 0.01623487
0.003976562 0.01647015
0.003978162 0.01788188
0.003979762 0.0195289
0.003981362 0.02047005
0.003982962 0.02164649
0.003984562 0.02235235
0.003986162 0.0232935
0.003987762 0.02376408
0.003989362 0.02446994
0.003990962 0.02517581
0.003992562 0.02611696
0.003994162 0.02682282
0.003995762 0.02776397
0.003997362 0.02846984
0.003998962 0.02894041
0.004000562 0.02941099
0.004002162 0.03011685
0.004003762 0.03129329
0.004005362 0.03152858
0.004006962 0.03270502
0.004008562 0.03294031
0.004010162 0.03435204
0.004011762 0.03458732
0.004013362 0.03646963
0.004014962 0.03717549
0.004016562 0.03764607
0.004018162 0.03905779
0.004019762 0.04046952
0.004021362 0.0409401
0.004022962 0.04188125
0.004024562 0.0428224
0.004026162 0.04352826
0.004027762 0.04423413
0.004029362 0.04541057
0.004030962 0.04588114
0.004032562 0.04658701
0.004034162 0.0468223
0.004035762 0.04752816
0.004037362 0.04729287
0.004038962 0.04823402
0.004040562 0.04776345
0.004042162 0.04846931
0.004043762 0.0487046
0.004045362 0.04917517
0.004046962 0.04917517
0.004048562 0.04941046
0.004050162 0.04964575
0.004051762 0.04964575
0.004053362 0.05011633
0.004054962 0.0505869
0.004056562 0.05105748
0.004058162 0.05129277
0.004059762 0.05152805
0.004061362 0.05199863
0.004062962 0.05223392
0.004064562 0.05317507
0.004066162 0.05388093
0.004067762 0.05364565
0.004069362 0.0545868
0.004070962 0.0545868
0.004072562 0.05529266
0.004074162 0.05623381
0.004075762 0.05670439
0.004077362 0.05764554
0.004078962 0.05905727
0.004080562 0.05976313
0.004082162 0.06023371
0.004083762 0.06093957
0.004085362 0.06258659
0.004086962 0.06329245
0.004088562 0.06470418
0.004090162 0.06541004
0.004091762 0.0661159
0.004093362 0.06776292
0.004094962 0.06917465
0.004096562 0.0701158
0.004098162 0.07129224
0.004099762 0.07223339
0.004101362 0.07364512
0.004102962 0.07529213
0.004104562 0.07670386
0.004106162 0.07811559
0.004107762 0.07882145
0.004109362 0.08046847
0.004110962 0.08211548
0.004112562 0.08329192
0.004114162 0.08493894
0.004115762 0.08588009
0.004117362 0.08752711
0.004118962 0.0896447
0.004120562 0.09082114
0.004122162 0.09270344
0.004123762 0.09411517
0.004125362 0.09599747
0.004126962 0.09717391
0.004128562 0.0992915
0.004130162 0.1007032
0.004131762 0.1023502
0.004133362 0.1035267
0.004134962 0.1047031
0.004136562 0.1063501
0.004138162 0.1072913
0.004139762 0.1075266
0.004141362 0.1089383
0.004142962 0.1096442
0.004144562 0.1091736
0.004146162 0.1101147
0.004147762 0.11035
0.004149362 0.1101147
0.004150962 0.1101147
0.004152562 0.11035
0.004154162 0.1094089
0.004155762 0.1096442
0.004157362 0.1094089
0.004158962 0.1096442
0.004160562 0.1094089
0.004162162 0.1091736
0.004163762 0.1089383
0.004165362 0.1089383
0.004166962 0.1089383
0.004168562 0.1089383
0.004170162 0.1091736
0.004171762 0.1089383
0.004173362 0.1091736
0.004174962 0.1094089
0.004176562 0.1096442
0.004178162 0.1105853
0.004179762 0.11035
0.004181362 0.1108206
0.004182962 0.1110559
0.004184562 0.1115265
0.004186162 0.1117618
0.004187762 0.1124676
0.004189362 0.1129382
0.004190962 0.1134088
0.004192562 0.1141146
0.004194162 0.1138794
0.004195762 0.1152911
0.004197362 0.1152911
0.004198962 0.1159969
0.004200562 0.1162322
