LECROYWS4024HD 19320 Waveform
Segments 1 SegmentSize 3127
Segment TrigTime TimeSinceSegment1
#1 05-Jun-2024 16:31:12 0                 
Time Ampl
-0.0008002858 -0.0002352879
-0.0007986858 0.0002352879
-0.0007970858 0
-0.0007954858 0.0002352879
-0.0007938858 -0.0002352879
-0.0007922858 0
-0.0007906858 -0.0002352879
-0.0007890858 0.0002352879
-0.0007874858 0.0002352879
-0.0007858858 0.0002352879
-0.0007842858 0.0004705758
-0.0007826858 0
-0.0007810858 0
-0.0007794858 0.0002352879
-0.0007778858 0
-0.0007762858 -0.0002352879
-0.0007746858 -0.0002352879
-0.0007730858 0
-0.0007714858 0
-0.0007698858 0
-0.0007682858 -0.0002352879
-0.0007666858 0.0002352879
-0.0007650858 -0.0002352879
-0.0007634858 0.0002352879
-0.0007618858 -0.0004705758
-0.0007602858 -0.0004705758
-0.0007586858 -0.0009411517
-0.0007570858 0.0004705758
-0.0007554858 0.0002352879
-0.0007538858 0.0002352879
-0.0007522858 -0.0002352879
-0.0007506858 0
-0.0007490858 -0.0002352879
-0.0007474858 -0.0002352879
-0.0007458858 -0.0002352879
-0.0007442858 0.0002352879
-0.0007426858 -0.0002352879
-0.0007410858 0.0002352879
-0.0007394858 0.0002352879
-0.0007378858 0.0002352879
-0.0007362858 -0.0007058638
-0.0007346858 0
-0.0007330858 0
-0.0007314858 -0.0002352879
-0.0007298858 -0.0002352879
-0.0007282858 0.0002352879
-0.0007266858 0.0004705758
-0.0007250858 0
-0.0007234858 -0.0004705758
-0.0007218858 0
-0.0007202858 0.0002352879
-0.0007186858 0.0004705758
-0.0007170858 0.0002352879
-0.0007154858 0
-0.0007138858 -0.0002352879
-0.0007122858 -0.0002352879
-0.0007106858 -0.0004705758
-0.0007090858 -0.0002352879
-0.0007074858 -0.0002352879
-0.0007058858 0.0002352879
-0.0007042858 0
-0.0007026858 0
-0.0007010858 0
-0.0006994858 0
-0.0006978858 -0.0004705758
-0.0006962858 0.0002352879
-0.0006946858 -0.0004705758
-0.0006930858 0
-0.0006914858 0.0002352879
-0.0006898858 0.0002352879
-0.0006882858 0.0002352879
-0.0006866858 0
-0.0006850858 -0.0002352879
-0.0006834858 0.0002352879
-0.0006818858 -0.0002352879
-0.0006802858 0
-0.0006786858 0
-0.0006770858 0.0004705758
-0.0006754858 0
-0.0006738858 -0.0002352879
-0.0006722858 0.0002352879
-0.0006706858 0
-0.0006690858 0.0002352879
-0.0006674858 0
-0.0006658858 0.0002352879
-0.0006642858 0
-0.0006626858 0
-0.0006610858 -0.0002352879
-0.0006594858 0.0002352879
-0.0006578858 -0.0002352879
-0.0006562858 -0.0002352879
-0.0006546858 -0.0002352879
-0.0006530858 0
-0.0006514858 0.0004705758
-0.0006498858 0.0002352879
-0.0006482858 -0.0004705758
-0.0006466858 0
-0.0006450858 -0.0004705758
-0.0006434858 -0.0002352879
-0.0006418858 0
-0.0006402858 -0.0002352879
-0.0006386858 0
-0.0006370858 0
-0.0006354858 0.0002352879
-0.0006338858 -0.0002352879
-0.0006322858 0.0002352879
-0.0006306858 0
-0.0006290858 -0.0002352879
-0.0006274858 -0.0004705758
-0.0006258858 0.0002352879
-0.0006242858 0.0002352879
-0.0006226858 0.0004705758
-0.0006210858 0.0002352879
-0.0006194858 0
-0.0006178858 0
-0.0006162858 -0.0002352879
-0.0006146858 -0.0002352879
-0.0006130858 0
-0.0006114858 0
-0.0006098858 0
-0.0006082858 -0.0002352879
-0.0006066858 -0.0004705758
-0.0006050858 -0.0002352879
-0.0006034858 0
-0.0006018858 -0.0002352879
-0.0006002858 0
-0.0005986858 0
-0.0005970858 0.0004705758
-0.0005954858 -0.0004705758
-0.0005938858 0.0002352879
-0.0005922858 0
-0.0005906858 0
-0.0005890858 -0.0002352879
-0.0005874858 0.0004705758
-0.0005858858 -0.0004705758
-0.0005842858 0.0002352879
-0.0005826858 0
-0.0005810858 0
-0.0005794858 0
-0.0005778858 0.0002352879
-0.0005762858 -0.0002352879
-0.0005746858 0.0009411517
-0.0005730858 -0.0002352879
-0.0005714858 0
-0.0005698858 0.0004705758
-0.0005682858 -0.0002352879
-0.0005666858 0.0002352879
-0.0005650858 0.0002352879
-0.0005634858 0.0002352879
-0.0005618858 0
-0.0005602858 0
-0.0005586858 0
-0.0005570858 0
-0.0005554858 0.0002352879
-0.0005538858 0
-0.0005522858 0
-0.0005506858 0
-0.0005490858 -0.0004705758
-0.0005474858 0.0002352879
-0.0005458858 -0.0004705758
-0.0005442858 0
-0.0005426858 0.0004705758
-0.0005410858 -0.0009411517
-0.0005394858 0.0002352879
-0.0005378858 0.0002352879
-0.0005362858 0.0002352879
-0.0005346858 0.0002352879
-0.0005330858 0.0004705758
-0.0005314858 0
-0.0005298858 0
-0.0005282858 -0.0002352879
-0.0005266858 0.0002352879
-0.0005250858 0
-0.0005234858 0.0002352879
-0.0005218858 0
-0.0005202858 0
-0.0005186858 0.0004705758
-0.0005170858 0
-0.0005154858 0.0002352879
-0.0005138858 -0.0002352879
-0.0005122858 0.0004705758
-0.0005106858 0.0002352879
-0.0005090858 -0.0002352879
-0.0005074858 -0.0002352879
-0.0005058858 0.0002352879
-0.0005042858 0.0002352879
-0.0005026858 0.0002352879
-0.0005010858 0.0002352879
-0.0004994858 0.0002352879
-0.0004978858 0
-0.0004962858 -0.0002352879
-0.0004946858 0
-0.0004930858 0.0007058638
-0.0004914858 0.0004705758
-0.0004898858 -0.0002352879
-0.0004882858 0.0002352879
-0.0004866858 0
-0.0004850858 0
-0.0004834858 -0.0004705758
-0.0004818858 0
-0.0004802858 0
-0.0004786858 0
-0.0004770858 0.0002352879
-0.0004754858 -0.0004705758
-0.0004738858 0.0002352879
-0.0004722858 0.0002352879
-0.0004706858 0.0002352879
-0.0004690858 0
-0.0004674858 0.0004705758
-0.0004658858 0.0004705758
-0.0004642858 -0.0002352879
-0.0004626858 0
-0.0004610858 0.0002352879
-0.0004594858 0.0002352879
-0.0004578858 0
-0.0004562858 0.0002352879
-0.0004546858 -0.0004705758
-0.0004530858 0
-0.0004514858 -0.0002352879
-0.0004498858 0
-0.0004482858 -0.0002352879
-0.0004466858 0
-0.0004450858 0.0002352879
-0.0004434858 -0.0002352879
-0.0004418858 0
-0.0004402858 0
-0.0004386858 -0.0004705758
-0.0004370858 0
-0.0004354858 0.0002352879
-0.0004338858 0
-0.0004322858 0.0002352879
-0.0004306858 -0.0007058638
-0.0004290858 0
-0.0004274858 0.0002352879
-0.0004258858 -0.0002352879
-0.0004242858 0
-0.0004226858 0
-0.0004210858 0
-0.0004194858 -0.0002352879
-0.0004178858 -0.0002352879
-0.0004162858 0
-0.0004146858 0.0004705758
-0.0004130858 0.0002352879
-0.0004114858 0.0002352879
-0.0004098858 0.0004705758
-0.0004082858 0.0002352879
-0.0004066858 -0.0004705758
-0.0004050858 0.0002352879
-0.0004034858 0
-0.0004018858 0
-0.0004002858 0
-0.0003986858 0.0002352879
-0.0003970858 0
-0.0003954858 0
-0.0003938858 -0.0004705758
-0.0003922858 0.0002352879
-0.0003906858 0.0002352879
-0.0003890858 0.0004705758
-0.0003874858 -0.0002352879
-0.0003858858 0
-0.0003842858 -0.0004705758
-0.0003826858 0.0002352879
-0.0003810858 0
-0.0003794858 0.0002352879
-0.0003778858 0
-0.0003762858 0
-0.0003746858 0
-0.0003730858 0
-0.0003714858 0
-0.0003698858 0.0004705758
-0.0003682858 0
-0.0003666858 0
-0.0003650858 0
-0.0003634858 0.0002352879
-0.0003618858 0.0002352879
-0.0003602858 0.0002352879
-0.0003586858 0.0002352879
-0.0003570858 0.0002352879
-0.0003554858 -0.0002352879
-0.0003538858 0
-0.0003522858 0.0002352879
-0.0003506858 0.0002352879
-0.0003490858 0.0002352879
-0.0003474858 0
-0.0003458858 0.0004705758
-0.0003442858 0.0002352879
-0.0003426858 0
-0.0003410858 0.0004705758
-0.0003394858 0
-0.0003378858 0.0007058638
-0.0003362858 0
-0.0003346858 0.0002352879
-0.0003330858 0
-0.0003314858 -0.0002352879
-0.0003298858 0
-0.0003282858 0
-0.0003266858 -0.0004705758
-0.0003250858 0.0002352879
-0.0003234858 -0.0004705758
-0.0003218858 0.0004705758
-0.0003202858 0
-0.0003186858 0.0002352879
-0.0003170858 -0.0002352879
-0.0003154858 0.0002352879
-0.0003138858 0
-0.0003122858 0
-0.0003106858 0.0002352879
-0.0003090858 -0.0002352879
-0.0003074858 -0.0004705758
-0.0003058858 0.0004705758
-0.0003042858 -0.0002352879
-0.0003026858 0
-0.0003010858 -0.0002352879
-0.0002994858 0
-0.0002978858 0
-0.0002962858 0.0002352879
-0.0002946858 0
-0.0002930858 0.0004705758
-0.0002914858 0
-0.0002898858 -0.0002352879
-0.0002882858 0.0002352879
-0.0002866858 0
-0.0002850858 0
-0.0002834858 0.0004705758
-0.0002818858 0
-0.0002802858 0.0002352879
-0.0002786858 -0.0002352879
-0.0002770858 0.0004705758
-0.0002754858 0
-0.0002738858 0.0002352879
-0.0002722858 0.0002352879
-0.0002706858 0.0004705758
-0.0002690858 0
-0.0002674858 0.0007058638
-0.0002658858 -0.0002352879
-0.0002642858 0
-0.0002626858 0
-0.0002610858 -0.0002352879
-0.0002594858 0.0002352879
-0.0002578858 0
-0.0002562858 -0.0002352879
-0.0002546858 0.0002352879
-0.0002530858 0.0004705758
-0.0002514858 -0.0007058638
-0.0002498858 -0.0002352879
-0.0002482858 -0.0002352879
-0.0002466858 0.0002352879
-0.0002450858 0.0002352879
-0.0002434858 -0.0007058638
-0.0002418858 0
-0.0002402858 0.0002352879
-0.0002386858 0
-0.0002370858 -0.0002352879
-0.0002354858 0
-0.0002338858 0
-0.0002322858 -0.0002352879
-0.0002306858 0.0002352879
-0.0002290858 0.0002352879
-0.0002274858 -0.0002352879
-0.0002258858 0.0002352879
-0.0002242858 0
-0.0002226858 0
-0.0002210858 -0.0002352879
-0.0002194858 0.0002352879
-0.0002178858 0
-0.0002162858 0
-0.0002146858 0
-0.0002130858 0.0002352879
-0.0002114858 0.0004705758
-0.0002098858 0.0002352879
-0.0002082858 0
-0.0002066858 0
-0.0002050858 0
-0.0002034858 -0.0002352879
-0.0002018858 0
-0.0002002858 0
-0.0001986858 0
-0.0001970858 0.0002352879
-0.0001954858 0.0002352879
-0.0001938858 0.0004705758
-0.0001922858 -0.0002352879
-0.0001906858 -0.0002352879
-0.0001890858 -0.0004705758
-0.0001874858 -0.0002352879
-0.0001858858 0.0002352879
-0.0001842858 -0.0002352879
-0.0001826858 -0.0004705758
-0.0001810858 0
-0.0001794858 0
-0.0001778858 -0.0002352879
-0.0001762858 -0.0002352879
-0.0001746858 0
-0.0001730858 -0.0004705758
-0.0001714858 0
-0.0001698858 0
-0.0001682858 0.0004705758
-0.0001666858 -0.0002352879
-0.0001650858 0
-0.0001634858 -0.0002352879
-0.0001618858 -0.0002352879
-0.0001602858 0
-0.0001586858 0.0004705758
-0.0001570858 0
-0.0001554858 0.0002352879
-0.0001538858 0
-0.0001522858 -0.0002352879
-0.0001506858 0
-0.0001490858 0
-0.0001474858 -0.0002352879
-0.0001458858 0
-0.0001442858 0.0004705758
-0.0001426858 0.0002352879
-0.0001410858 0.0002352879
-0.0001394858 0.0004705758
-0.0001378858 0
-0.0001362858 0.0002352879
-0.0001346858 0.0002352879
-0.0001330858 0.0002352879
-0.0001314858 -0.0002352879
-0.0001298858 0.0002352879
-0.0001282858 -0.0002352879
-0.0001266858 0
-0.0001250858 -0.0002352879
-0.0001234858 0.0002352879
-0.0001218858 0
-0.0001202858 0
-0.0001186858 0
-0.0001170858 0
-0.0001154858 0
-0.0001138858 0
-0.0001122858 -0.0002352879
-0.0001106858 0.0004705758
-0.0001090858 0.0002352879
-0.0001074858 -0.0002352879
-0.0001058858 0
-0.0001042858 0
-0.0001026858 0
-0.0001010858 0
-9.94858e-005 -0.0002352879
-9.78858e-005 0
-9.62858e-005 0.0002352879
-9.46858e-005 -0.0002352879
-9.30858e-005 0.0002352879
-9.14858e-005 0
-8.98858e-005 -0.0002352879
-8.82858e-005 0.0002352879
-8.66858e-005 0.0002352879
-8.50858e-005 0.0002352879
-8.34858e-005 0.0004705758
-8.18858e-005 0.0004705758
-8.02858e-005 0.0002352879
-7.86858e-005 0.0002352879
-7.70858e-005 0.0002352879
-7.54858e-005 0
-7.38858e-005 0.0002352879
-7.22858e-005 0.00117644
-7.06858e-005 0.002117591
-6.90858e-005 0.002117591
-6.74858e-005 0.004235183
-6.58858e-005 0.005176334
-6.42858e-005 0.007764501
-6.26858e-005 0.0117644
-6.10858e-005 0.01811717
-5.94858e-005 0.02470523
-5.78858e-005 0.03105801
-5.62858e-005 0.03411675
-5.46858e-005 0.03105801
-5.30858e-005 0.02164649
-5.14858e-005 0.006588062
-4.98858e-005 -0.01105853
-4.82858e-005 -0.02941099
-4.66858e-005 -0.0487046
-4.50858e-005 -0.06940994
-4.34858e-005 -0.09293873
-4.18858e-005 -0.1178792
-4.02858e-005 -0.1468197
-3.86858e-005 -0.1741131
-3.70858e-005 -0.1992889
-3.54858e-005 -0.215759
-3.38858e-005 -0.2192883
-3.22858e-005 -0.2058769
-3.06858e-005 -0.183054
-2.90858e-005 -0.1578782
-2.74858e-005 -0.1407022
-2.58858e-005 -0.1317612
-2.42858e-005 -0.1294084
-2.26858e-005 -0.1256437
-2.10858e-005 -0.1221144
-1.94858e-005 -0.1152911
-1.78858e-005 -0.1061149
-1.62858e-005 -0.09482103
-1.46858e-005 -0.08140962
-1.30858e-005 -0.0682335
-1.14858e-005 -0.05929256
-9.8858e-006 -0.05270449
-8.2858e-006 -0.04799874
-6.6858e-006 -0.04117539
-5.0858e-006 -0.03364617
-3.4858e-006 -0.02305822
-1.8858e-006 -0.01317612
-2.858e-007 -0.002588167
1.3142e-006 0.007529213
2.9142e-006 0.01623487
4.5142e-006 0.02399937
6.1142e-006 0.02941099
7.7142e-006 0.03152858
9.3142e-006 0.03152858
1.09142e-005 0.0291757
1.25142e-005 0.02611696
1.41142e-005 0.02305822
1.57142e-005 0.01764659
1.73142e-005 0.008940941
1.89142e-005 -0.002117591
2.05142e-005 -0.01458785
2.21142e-005 -0.02752869
2.37142e-005 -0.03929308
2.53142e-005 -0.04658701
2.69142e-005 -0.05082219
2.85142e-005 -0.05011633
3.01142e-005 -0.04799874
3.17142e-005 -0.04705758
3.33142e-005 -0.05035161
3.49142e-005 -0.05599852
3.65142e-005 -0.06305716
3.81142e-005 -0.06705706
3.97142e-005 -0.06917465
4.13142e-005 -0.06682177
4.29142e-005 -0.06446889
4.45142e-005 -0.06352774
4.61142e-005 -0.06564533
4.77142e-005 -0.06893936
4.93142e-005 -0.07340983
5.09142e-005 -0.07646857
5.25142e-005 -0.07811559
5.41142e-005 -0.07740972
5.57142e-005 -0.07458627
5.73142e-005 -0.07270397
5.89142e-005 -0.07458627
6.05142e-005 -0.07882145
6.21142e-005 -0.08658595
6.37142e-005 -0.09599747
6.53142e-005 -0.1047031
6.69142e-005 -0.1110559
6.85142e-005 -0.1157617
7.01142e-005 -0.1188204
7.17142e-005 -0.1197615
7.33142e-005 -0.1181145
7.49142e-005 -0.1150558
7.65142e-005 -0.1089383
7.81142e-005 -0.1018797
7.97142e-005 -0.09293873
8.13142e-005 -0.08046847
8.29142e-005 -0.0661159
8.45142e-005 -0.05293978
8.61142e-005 -0.0409401
8.77142e-005 -0.0331756
8.93142e-005 -0.02964628
9.09142e-005 -0.03011685
9.25142e-005 -0.03294031
9.41142e-005 -0.03835193
9.57142e-005 -0.04329298
9.73142e-005 -0.04705758
9.89142e-005 -0.04846931
0.0001005142 -0.04823402
0.0001021142 -0.04658701
0.0001037142 -0.04564586
0.0001053142 -0.04446942
0.0001069142 -0.04352826
0.0001085142 -0.04258711
0.0001101142 -0.0409401
0.0001117142 -0.03999895
0.0001133142 -0.04046952
0.0001149142 -0.04188125
0.0001165142 -0.0447047
0.0001181142 -0.04729287
0.0001197142 -0.04917517
0.0001213142 -0.05035161
0.0001229142 -0.05082219
0.0001245142 -0.04964575
0.0001261142 -0.04823402
0.0001277142 -0.0447047
0.0001293142 -0.03976366
0.0001309142 -0.03411675
0.0001325142 -0.02846984
0.0001341142 -0.02258764
0.0001357142 -0.01599958
0.0001373142 -0.007293925
0.0001389142 0.0007058638
0.0001405142 0.007293925
0.0001421142 0.01105853
0.0001437142 0.0117644
0.0001453142 0.009411517
0.0001469142 0.00564691
0.0001485142 -0.0004705758
0.0001501142 -0.006352774
0.0001517142 -0.0117644
0.0001533142 -0.01458785
0.0001549142 -0.01576429
0.0001565142 -0.01576429
0.0001581142 -0.01529371
0.0001597142 -0.01388199
0.0001613142 -0.01317612
0.0001629142 -0.01341141
0.0001645142 -0.01435256
0.0001661142 -0.01482314
0.0001677142 -0.015529
0.0001693142 -0.015529
0.0001709142 -0.01529371
0.0001725142 -0.01694073
0.0001741142 -0.01882303
0.0001757142 -0.0214112
0.0001773142 -0.02564638
0.0001789142 -0.02988157
0.0001805142 -0.03599905
0.0001821142 -0.04258711
0.0001837142 -0.05011633
0.0001853142 -0.05599852
0.0001869142 -0.06164543
0.0001885142 -0.06517475
0.0001901142 -0.06682177
0.0001917142 -0.06564533
0.0001933142 -0.06376303
0.0001949142 -0.05952784
0.0001965142 -0.05552795
0.0001981142 -0.05082219
0.0001997142 -0.0447047
0.0002013142 -0.03858722
0.0002029142 -0.02964628
0.0002045142 -0.02235235
0.0002061142 -0.01576429
0.0002077142 -0.01105853
0.0002093142 -0.009176229
0.0002109142 -0.009176229
0.0002125142 -0.01152911
0.0002141142 -0.01529371
0.0002157142 -0.01858775
0.0002173142 -0.02117591
0.0002189142 -0.02376408
0.0002205142 -0.02658753
0.0002221142 -0.02823455
0.0002237142 -0.03035214
0.0002253142 -0.03105801
0.0002269142 -0.03058743
0.0002285142 -0.03011685
0.0002301142 -0.02846984
0.0002317142 -0.02752869
0.0002333142 -0.02964628
0.0002349142 -0.03082272
0.0002365142 -0.03270502
0.0002381142 -0.03741078
0.0002397142 -0.04117539
0.0002413142 -0.04564586
0.0002429142 -0.04893989
0.0002445142 -0.05246921
0.0002461142 -0.05411622
0.0002477142 -0.05693968
0.0002493142 -0.0583514
0.0002509142 -0.05976313
0.0002525142 -0.05905727
0.0002541142 -0.05788083
0.0002557142 -0.05576324
0.0002573142 -0.05341036
0.0002589142 -0.05035161
0.0002605142 -0.04658701
0.0002621142 -0.04258711
0.0002637142 -0.03788135
0.0002653142 -0.03223444
0.0002669142 -0.02823455
0.0002685142 -0.02258764
0.0002701142 -0.01623487
0.0002717142 -0.009176229
0.0002733142 -0.002352879
0.0002749142 0.00447047
0.0002765142 0.01011738
0.0002781142 0.01458785
0.0002797142 0.01764659
0.0002813142 0.02094062
0.0002829142 0.02164649
0.0002845142 0.02117591
0.0002861142 0.01905832
0.0002877142 0.01576429
0.0002893142 0.01223497
0.0002909142 0.008940941
0.0002925142 0.004705758
0.0002941142 -0.0004705758
0.0002957142 -0.004705758
0.0002973142 -0.008235077
0.0002989142 -0.009646805
0.0003005142 -0.009882093
0.0003021142 -0.008940941
0.0003037142 -0.008470365
0.0003053142 -0.006588062
0.0003069142 -0.004705758
0.0003085142 -0.003058743
0.0003101142 -0.002352879
0.0003117142 -0.002823455
0.0003133142 -0.004235183
0.0003149142 -0.004941046
0.0003165142 -0.00447047
0.0003181142 -0.005176334
0.0003197142 -0.005882198
0.0003213142 -0.00682335
0.0003229142 -0.007529213
0.0003245142 -0.007293925
0.0003261142 -0.005176334
0.0003277142 -0.002117591
0.0003293142 0.0002352879
0.0003309142 0.001647015
0.0003325142 0.002588167
0.0003341142 0.001882303
0.0003357142 0.002588167
0.0003373142 0.0009411517
0.0003389142 0
0.0003405142 -0.0007058638
0.0003421142 -0.001882303
0.0003437142 -0.002352879
0.0003453142 -0.003294031
0.0003469142 -0.00447047
0.0003485142 -0.00564691
0.0003501142 -0.006352774
0.0003517142 -0.005882198
0.0003533142 -0.003764607
0.0003549142 -0.002117591
0.0003565142 0.001647015
0.0003581142 0.005176334
0.0003597142 0.008940941
0.0003613142 0.01294084
0.0003629142 0.01529371
0.0003645142 0.01764659
0.0003661142 0.01905832
0.0003677142 0.02164649
0.0003693142 0.02282293
0.0003709142 0.02494052
0.0003725142 0.02564638
0.0003741142 0.02494052
0.0003757142 0.02470523
0.0003773142 0.02494052
0.0003789142 0.02376408
0.0003805142 0.02305822
0.0003821142 0.02070534
0.0003837142 0.0195289
0.0003853142 0.01741131
0.0003869142 0.01623487
0.0003885142 0.01388199
0.0003901142 0.01247026
0.0003917142 0.008470365
0.0003933142 0.004941046
0.0003949142 0.0007058638
0.0003965142 -0.003529319
0.0003981142 -0.008235077
0.0003997142 -0.01199968
0.0004013142 -0.01505843
0.0004029142 -0.01717602
0.0004045142 -0.01858775
0.0004061142 -0.01929361
0.0004077142 -0.01976419
0.0004093142 -0.02047005
0.0004109142 -0.02094062
0.0004125142 -0.02047005
0.0004141142 -0.01811717
0.0004157142 -0.01529371
0.0004173142 -0.01152911
0.0004189142 -0.007293925
0.0004205142 -0.003764607
0.0004221142 -0.0004705758
0.0004237142 0.002588167
0.0004253142 0.005411622
0.0004269142 0.007293925
0.0004285142 0.01035267
0.0004301142 0.01152911
0.0004317142 0.01317612
0.0004333142 0.01388199
0.0004349142 0.01482314
0.0004365142 0.01529371
0.0004381142 0.01694073
0.0004397142 0.01811717
0.0004413142 0.02047005
0.0004429142 0.02282293
0.0004445142 0.02564638
0.0004461142 0.02823455
0.0004477142 0.03199916
0.0004493142 0.03482261
0.0004509142 0.03646963
0.0004525142 0.03811664
0.0004541142 0.03929308
0.0004557142 0.03976366
0.0004573142 0.04046952
0.0004589142 0.04070481
0.0004605142 0.04023423
0.0004621142 0.04046952
0.0004637142 0.04046952
0.0004653142 0.04046952
0.0004669142 0.04070481
0.0004685142 0.0409401
0.0004701142 0.04046952
0.0004717142 0.0409401
0.0004733142 0.04070481
0.0004749142 0.04141067
0.0004765142 0.04235183
0.0004781142 0.04376355
0.0004797142 0.04376355
0.0004813142 0.04329298
0.0004829142 0.04235183
0.0004845142 0.04141067
0.0004861142 0.03905779
0.0004877142 0.03646963
0.0004893142 0.03435204
0.0004909142 0.03152858
0.0004925142 0.02799926
0.0004941142 0.02564638
0.0004957142 0.02211706
0.0004973142 0.01858775
0.0004989142 0.01505843
0.0005005142 0.01152911
0.0005021142 0.009882093
0.0005037142 0.007999789
0.0005053142 0.007764501
0.0005069142 0.007764501
0.0005085142 0.008235077
0.0005101142 0.008470365
0.0005117142 0.009176229
0.0005133142 0.008940941
0.0005149142 0.009646805
0.0005165142 0.01011738
0.0005181142 0.01152911
0.0005197142 0.01317612
0.0005213142 0.01435256
0.0005229142 0.01599958
0.0005245142 0.01882303
0.0005261142 0.02094062
0.0005277142 0.02352879
0.0005293142 0.02588167
0.0005309142 0.0272934
0.0005325142 0.02846984
0.0005341142 0.02964628
0.0005357142 0.03058743
0.0005373142 0.03199916
0.0005389142 0.03246973
0.0005405142 0.03341088
0.0005421142 0.03388146
0.0005437142 0.03411675
0.0005453142 0.03411675
0.0005469142 0.03411675
0.0005485142 0.03482261
0.0005501142 0.03646963
0.0005517142 0.03788135
0.0005533142 0.04023423
0.0005549142 0.04258711
0.0005565142 0.04423413
0.0005581142 0.04493999
0.0005597142 0.04517528
0.0005613142 0.04493999
0.0005629142 0.04541057
0.0005645142 0.04446942
0.0005661142 0.04305769
0.0005677142 0.04117539
0.0005693142 0.03929308
0.0005709142 0.03646963
0.0005725142 0.03294031
0.0005741142 0.0291757
0.0005757142 0.02564638
0.0005773142 0.02211706
0.0005789142 0.01929361
0.0005805142 0.01694073
0.0005821142 0.01482314
0.0005837142 0.0136467
0.0005853142 0.01294084
0.0005869142 0.01294084
0.0005885142 0.01388199
0.0005901142 0.015529
0.0005917142 0.01882303
0.0005933142 0.02211706
0.0005949142 0.02494052
0.0005965142 0.02823455
0.0005981142 0.03129329
0.0005997142 0.0331756
0.0006013142 0.0350579
0.0006029142 0.03576376
0.0006045142 0.0369402
0.0006061142 0.03717549
0.0006077142 0.03670492
0.0006093142 0.03599905
0.0006109142 0.0350579
0.0006125142 0.0331756
0.0006141142 0.03199916
0.0006157142 0.03105801
0.0006173142 0.02988157
0.0006189142 0.02870513
0.0006205142 0.0272934
0.0006221142 0.0272934
0.0006237142 0.0272934
0.0006253142 0.02799926
0.0006269142 0.0291757
0.0006285142 0.02964628
0.0006301142 0.03035214
0.0006317142 0.03152858
0.0006333142 0.0331756
0.0006349142 0.03482261
0.0006365142 0.03717549
0.0006381142 0.03999895
0.0006397142 0.04211654
0.0006413142 0.04399884
0.0006429142 0.04588114
0.0006445142 0.0468223
0.0006461142 0.04705758
0.0006477142 0.04705758
0.0006493142 0.04658701
0.0006509142 0.04493999
0.0006525142 0.04376355
0.0006541142 0.0409401
0.0006557142 0.03858722
0.0006573142 0.03670492
0.0006589142 0.03364617
0.0006605142 0.03058743
0.0006621142 0.02894041
0.0006637142 0.02658753
0.0006653142 0.02564638
0.0006669142 0.02446994
0.0006685142 0.02376408
0.0006701142 0.02352879
0.0006717142 0.02352879
0.0006733142 0.02376408
0.0006749142 0.02399937
0.0006765142 0.02423466
0.0006781142 0.02399937
0.0006797142 0.02423466
0.0006813142 0.02376408
0.0006829142 0.0232935
0.0006845142 0.02282293
0.0006861142 0.0232935
0.0006877142 0.02258764
0.0006893142 0.02305822
0.0006909142 0.02376408
0.0006925142 0.02446994
0.0006941142 0.02682282
0.0006957142 0.02894041
0.0006973142 0.03246973
0.0006989142 0.0350579
0.0007005142 0.03811664
0.0007021142 0.04211654
0.0007037142 0.0447047
0.0007053142 0.04729287
0.0007069142 0.04941046
0.0007085142 0.05035161
0.0007101142 0.05129277
0.0007117142 0.05152805
0.0007133142 0.05270449
0.0007149142 0.05293978
0.0007165142 0.05293978
0.0007181142 0.05270449
0.0007197142 0.05293978
0.0007213142 0.05364565
0.0007229142 0.05293978
0.0007245142 0.05388093
0.0007261142 0.05529266
0.0007277142 0.05717496
0.0007293142 0.05905727
0.0007309142 0.06046899
0.0007325142 0.06282187
0.0007341142 0.06352774
0.0007357142 0.06541004
0.0007373142 0.06635119
0.0007389142 0.06752763
0.0007405142 0.06870407
0.0007421142 0.06870407
0.0007437142 0.06917465
0.0007453142 0.06893936
0.0007469142 0.0682335
0.0007485142 0.06776292
0.0007501142 0.06658648
0.0007517142 0.06493947
0.0007533142 0.06282187
0.0007549142 0.05976313
0.0007565142 0.05717496
0.0007581142 0.05435151
0.0007597142 0.05105748
0.0007613142 0.04658701
0.0007629142 0.04117539
0.0007645142 0.03599905
0.0007661142 0.02941099
0.0007677142 0.02376408
0.0007693142 0.01788188
0.0007709142 0.0136467
0.0007725142 0.008940941
0.0007741142 0.007293925
0.0007757142 0.003999895
0.0007773142 0.003999895
0.0007789142 0.003529319
0.0007805142 0.00564691
0.0007821142 0.007764501
0.0007837142 0.01129382
0.0007853142 0.01482314
0.0007869142 0.0195289
0.0007885142 0.02376408
0.0007901142 0.02799926
0.0007917142 0.03058743
0.0007933142 0.0331756
0.0007949142 0.03435204
0.0007965142 0.03552848
0.0007981142 0.03529319
0.0007997142 0.0350579
0.0008013142 0.03341088
0.0008029142 0.03176387
0.0008045142 0.02964628
0.0008061142 0.0272934
0.0008077142 0.02423466
0.0008093142 0.02164649
0.0008109142 0.01882303
0.0008125142 0.01694073
0.0008141142 0.01529371
0.0008157142 0.01529371
0.0008173142 0.01505843
0.0008189142 0.015529
0.0008205142 0.01576429
0.0008221142 0.01788188
0.0008237142 0.01929361
0.0008253142 0.02235235
0.0008269142 0.02494052
0.0008285142 0.0291757
0.0008301142 0.03294031
0.0008317142 0.03623434
0.0008333142 0.03999895
0.0008349142 0.04329298
0.0008365142 0.04588114
0.0008381142 0.04799874
0.0008397142 0.04941046
0.0008413142 0.05082219
0.0008429142 0.05152805
0.0008445142 0.05223392
0.0008461142 0.05199863
0.0008477142 0.05152805
0.0008493142 0.05105748
0.0008509142 0.04988104
0.0008525142 0.04893989
0.0008541142 0.04799874
0.0008557142 0.04658701
0.0008573142 0.04564586
0.0008589142 0.04423413
0.0008605142 0.04329298
0.0008621142 0.04211654
0.0008637142 0.04117539
0.0008653142 0.03976366
0.0008669142 0.03858722
0.0008685142 0.03764607
0.0008701142 0.03670492
0.0008717142 0.03552848
0.0008733142 0.03458732
0.0008749142 0.03388146
0.0008765142 0.03294031
0.0008781142 0.03152858
0.0008797142 0.03082272
0.0008813142 0.0291757
0.0008829142 0.02799926
0.0008845142 0.0254111
0.0008861142 0.02446994
0.0008877142 0.02235235
0.0008893142 0.02117591
0.0008909142 0.0195289
0.0008925142 0.01811717
0.0008941142 0.01623487
0.0008957142 0.015529
0.0008973142 0.01482314
0.0008989142 0.01388199
0.0009005142 0.01294084
0.0009021142 0.01294084
0.0009037142 0.0117644
0.0009053142 0.01199968
0.0009069142 0.01082324
0.0009085142 0.009882093
0.0009101142 0.007999789
0.0009117142 0.007764501
0.0009133142 0.005882198
0.0009149142 0.006117486
0.0009165142 0.004235183
0.0009181142 0.004235183
0.0009197142 0.002823455
0.0009213142 0.001882303
0.0009229142 0.001647015
0.0009245142 0.0009411517
0.0009261142 0.00117644
0.0009277142 0.0004705758
0.0009293142 -0.0002352879
0.0009309142 -0.00117644
0.0009325142 -0.0004705758
0.0009341142 -0.00117644
0.0009357142 -0.0004705758
0.0009373142 0
0.0009389142 0.0002352879
0.0009405142 0.001647015
0.0009421142 0.002117591
0.0009437142 0.004235183
0.0009453142 0.005176334
0.0009469142 0.007529213
0.0009485142 0.008940941
0.0009501142 0.01199968
0.0009517142 0.01317612
0.0009533142 0.01505843
0.0009549142 0.01647015
0.0009565142 0.01741131
0.0009581142 0.01882303
0.0009597142 0.01976419
0.0009613142 0.02188178
0.0009629142 0.02352879
0.0009645142 0.02564638
0.0009661142 0.02799926
0.0009677142 0.03011685
0.0009693142 0.03270502
0.0009709142 0.03341088
0.0009725142 0.0350579
0.0009741142 0.03576376
0.0009757142 0.03623434
0.0009773142 0.03623434
0.0009789142 0.0350579
0.0009805142 0.03411675
0.0009821142 0.03364617
0.0009837142 0.03270502
0.0009853142 0.03176387
0.0009869142 0.03011685
0.0009885142 0.02988157
0.0009901142 0.02846984
0.0009917142 0.02823455
0.0009933142 0.02846984
0.0009949142 0.02823455
0.0009965142 0.02846984
0.0009981142 0.02752869
0.0009997142 0.02682282
0.001001314 0.02635225
0.001002914 0.02470523
0.001004514 0.02352879
0.001006114 0.02188178
0.001007714 0.01999947
0.001009314 0.01694073
0.001010914 0.01411728
0.001012514 0.01035267
0.001014114 0.007764501
0.001015714 0.004705758
0.001017314 0.002352879
0.001018914 -0.0004705758
0.001020514 -0.003294031
0.001022114 -0.005411622
0.001023714 -0.007764501
0.001025314 -0.009646805
0.001026914 -0.01152911
0.001028514 -0.01411728
0.001030114 -0.01482314
0.001031714 -0.01670544
0.001033314 -0.01811717
0.001034914 -0.01976419
0.001036514 -0.0214112
0.001038114 -0.02305822
0.001039714 -0.02376408
0.001041314 -0.02446994
0.001042914 -0.02494052
0.001044514 -0.02588167
0.001046114 -0.02658753
0.001047714 -0.0272934
0.001049314 -0.02776397
0.001050914 -0.02894041
0.001052514 -0.0291757
0.001054114 -0.02988157
0.001055714 -0.03011685
0.001057314 -0.03082272
0.001058914 -0.03058743
0.001060514 -0.03082272
0.001062114 -0.03011685
0.001063714 -0.02988157
0.001065314 -0.02964628
0.001066914 -0.02964628
0.001068514 -0.02846984
0.001070114 -0.02705811
0.001071714 -0.02635225
0.001073314 -0.02635225
0.001074914 -0.02470523
0.001076514 -0.02352879
0.001078114 -0.02235235
0.001079714 -0.02094062
0.001081314 -0.02023476
0.001082914 -0.01905832
0.001084514 -0.01788188
0.001086114 -0.01623487
0.001087714 -0.01505843
0.001089314 -0.0136467
0.001090914 -0.01152911
0.001092514 -0.009646805
0.001094114 -0.007999789
0.001095714 -0.005411622
0.001097314 -0.003999895
0.001098914 -0.002117591
0.001100514 0.0002352879
0.001102114 0.001647015
0.001103714 0.003999895
0.001105314 0.004941046
0.001106914 0.00682335
0.001108514 0.007529213
0.001110114 0.007999789
0.001111714 0.007764501
0.001113314 0.007999789
0.001114914 0.00682335
0.001116514 0.007058638
0.001118114 0.005176334
0.001119714 0.004705758
0.001121314 0.002823455
0.001122914 0.00117644
0.001124514 -0.0002352879
0.001126114 -0.002117591
0.001127714 -0.003058743
0.001129314 -0.00447047
0.001130914 -0.00564691
0.001132514 -0.006352774
0.001134114 -0.00682335
0.001135714 -0.007529213
0.001137314 -0.007764501
0.001138914 -0.007999789
0.001140514 -0.007293925
0.001142114 -0.007058638
0.001143714 -0.006588062
0.001145314 -0.005882198
0.001146914 -0.00564691
0.001148514 -0.005176334
0.001150114 -0.005411622
0.001151714 -0.006352774
0.001153314 -0.006588062
0.001154914 -0.008470365
0.001156514 -0.009411517
0.001158114 -0.01129382
0.001159714 -0.01294084
0.001161314 -0.01529371
0.001162914 -0.01764659
0.001164514 -0.02023476
0.001166114 -0.02164649
0.001167714 -0.02399937
0.001169314 -0.0254111
0.001170914 -0.02494052
0.001172514 -0.02494052
0.001174114 -0.02352879
0.001175714 -0.0214112
0.001177314 -0.01882303
0.001178914 -0.01576429
0.001180514 -0.01247026
0.001182114 -0.009176229
0.001183714 -0.00564691
0.001185314 -0.003058743
0.001186914 -0.0002352879
0.001188514 0.002588167
0.001190114 0.004235183
0.001191714 0.00564691
0.001193314 0.007764501
0.001194914 0.007999789
0.001196514 0.008940941
0.001198114 0.009882093
0.001199714 0.01011738
0.001201314 0.01035267
0.001202914 0.01082324
0.001204514 0.01058796
0.001206114 0.01223497
0.001207714 0.01247026
0.001209314 0.01341141
0.001210914 0.01435256
0.001212514 0.01529371
0.001214114 0.01599958
0.001215714 0.01764659
0.001217314 0.01882303
0.001218914 0.02023476
0.001220514 0.02070534
0.001222114 0.02211706
0.001223714 0.02258764
0.001225314 0.02282293
0.001226914 0.02211706
0.001228514 0.02188178
0.001230114 0.02070534
0.001231714 0.02047005
0.001233314 0.01905832
0.001234914 0.01764659
0.001236514 0.01576429
0.001238114 0.01388199
0.001239714 0.01152911
0.001241314 0.01058796
0.001242914 0.007764501
0.001244514 0.006117486
0.001246114 0.003058743
0.001247714 0.0007058638
0.001249314 -0.0009411517
0.001250914 -0.002823455
0.001252514 -0.003764607
0.001254114 -0.005176334
0.001255714 -0.007058638
0.001257314 -0.007764501
0.001258914 -0.008705653
0.001260514 -0.009176229
0.001262114 -0.008940941
0.001263714 -0.008235077
0.001265314 -0.007293925
0.001266914 -0.00564691
0.001268514 -0.003764607
0.001270114 -0.002352879
0.001271714 0.0002352879
0.001273314 0.002117591
0.001274914 0.004235183
0.001276514 0.005882198
0.001278114 0.006588062
0.001279714 0.009176229
0.001281314 0.01082324
0.001282914 0.01199968
0.001284514 0.01341141
0.001286114 0.01505843
0.001287714 0.015529
0.001289314 0.01647015
0.001290914 0.01670544
0.001292514 0.01717602
0.001294114 0.01670544
0.001295714 0.01670544
0.001297314 0.01482314
0.001298914 0.01435256
0.001300514 0.0117644
0.001302114 0.009411517
0.001303714 0.00682335
0.001305314 0.004235183
0.001306914 0.001882303
0.001308514 -0.00117644
0.001310114 -0.002588167
0.001311714 -0.004705758
0.001313314 -0.005411622
0.001314914 -0.007293925
0.001316514 -0.007999789
0.001318114 -0.008235077
0.001319714 -0.008470365
0.001321314 -0.007529213
0.001322914 -0.007058638
0.001324514 -0.006588062
0.001326114 -0.005882198
0.001327714 -0.00564691
0.001329314 -0.00447047
0.001330914 -0.003999895
0.001332514 -0.003764607
0.001334114 -0.003764607
0.001335714 -0.003999895
0.001337314 -0.004235183
0.001338914 -0.005176334
0.001340514 -0.006352774
0.001342114 -0.00682335
0.001343714 -0.007529213
0.001345314 -0.008940941
0.001346914 -0.01011738
0.001348514 -0.01152911
0.001350114 -0.01247026
0.001351714 -0.0136467
0.001353314 -0.01435256
0.001354914 -0.01576429
0.001356514 -0.01741131
0.001358114 -0.01788188
0.001359714 -0.01929361
0.001361314 -0.02047005
0.001362914 -0.02211706
0.001364514 -0.02305822
0.001366114 -0.02352879
0.001367714 -0.02376408
0.001369314 -0.02494052
0.001370914 -0.02494052
0.001372514 -0.02517581
0.001374114 -0.02446994
0.001375714 -0.02446994
0.001377314 -0.02352879
0.001378914 -0.02258764
0.001380514 -0.02117591
0.001382114 -0.01976419
0.001383714 -0.01788188
0.001385314 -0.01576429
0.001386914 -0.0136467
0.001388514 -0.01247026
0.001390114 -0.01011738
0.001391714 -0.007999789
0.001393314 -0.006588062
0.001394914 -0.004705758
0.001396514 -0.003529319
0.001398114 -0.002117591
0.001399714 -0.00117644
0.001401314 -0.0002352879
0.001402914 0.0002352879
0.001404514 0.0002352879
0.001406114 0.0007058638
0.001407714 0.00117644
0.001409314 0.001647015
0.001410914 0.001411728
0.001412514 0.001647015
0.001414114 0.001882303
0.001415714 0.002823455
0.001417314 0.003294031
0.001418914 0.003999895
0.001420514 0.00564691
0.001422114 0.006117486
0.001423714 0.008235077
0.001425314 0.009176229
0.001426914 0.01035267
0.001428514 0.01105853
0.001430114 0.01199968
0.001431714 0.01152911
0.001433314 0.0117644
0.001434914 0.01129382
0.001436514 0.01105853
0.001438114 0.008705653
0.001439714 0.006588062
0.001441314 0.003529319
0.001442914 0.0004705758
0.001444514 -0.003529319
0.001446114 -0.007058638
0.001447714 -0.01058796
0.001449314 -0.01388199
0.001450914 -0.01694073
0.001452514 -0.0195289
0.001454114 -0.02188178
0.001455714 -0.0232935
0.001457314 -0.02423466
0.001458914 -0.02494052
0.001460514 -0.0254111
0.001462114 -0.02494052
0.001463714 -0.02423466
0.001465314 -0.02376408
0.001466914 -0.02235235
0.001468514 -0.0214112
0.001470114 -0.01976419
0.001471714 -0.01882303
0.001473314 -0.01764659
0.001474914 -0.01623487
0.001476514 -0.01623487
0.001478114 -0.01505843
0.001479714 -0.01458785
0.001481314 -0.01388199
0.001482914 -0.01341141
0.001484514 -0.01317612
0.001486114 -0.0136467
0.001487714 -0.01270555
0.001489314 -0.01270555
0.001490914 -0.01199968
0.001492514 -0.01152911
0.001494114 -0.01082324
0.001495714 -0.01035267
0.001497314 -0.01082324
0.001498914 -0.009882093
0.001500514 -0.01058796
0.001502114 -0.009882093
0.001503714 -0.009882093
0.001505314 -0.009882093
0.001506914 -0.01011738
0.001508514 -0.01105853
0.001510114 -0.01152911
0.001511714 -0.01247026
0.001513314 -0.01341141
0.001514914 -0.01341141
0.001516514 -0.01458785
0.001518114 -0.015529
0.001519714 -0.01576429
0.001521314 -0.01717602
0.001522914 -0.01811717
0.001524514 -0.0195289
0.001526114 -0.02117591
0.001527714 -0.02164649
0.001529314 -0.02164649
0.001530914 -0.02164649
0.001532514 -0.02188178
0.001534114 -0.02047005
0.001535714 -0.01929361
0.001537314 -0.01788188
0.001538914 -0.01647015
0.001540514 -0.01458785
0.001542114 -0.01152911
0.001543714 -0.009646805
0.001545314 -0.00682335
0.001546914 -0.004705758
0.001548514 -0.002588167
0.001550114 -0.0007058638
0.001551714 0
0.001553314 0.00117644
0.001554914 0.002352879
0.001556514 0.002352879
0.001558114 0.003294031
0.001559714 0.003058743
0.001561314 0.003999895
0.001562914 0.003764607
0.001564514 0.003529319
0.001566114 0.003058743
0.001567714 0.003294031
0.001569314 0.002823455
0.001570914 0.002352879
0.001572514 0.001411728
0.001574114 -0.0002352879
0.001575714 -0.001882303
0.001577314 -0.003529319
0.001578914 -0.005411622
0.001580514 -0.007764501
0.001582114 -0.01011738
0.001583714 -0.01247026
0.001585314 -0.01435256
0.001586914 -0.01623487
0.001588514 -0.01764659
0.001590114 -0.01858775
0.001591714 -0.01976419
0.001593314 -0.02023476
0.001594914 -0.02047005
0.001596514 -0.02023476
0.001598114 -0.01999947
0.001599714 -0.01882303
0.001601314 -0.01858775
0.001602914 -0.01764659
0.001604514 -0.01599958
0.001606114 -0.01576429
0.001607714 -0.01482314
0.001609314 -0.01388199
0.001610914 -0.0136467
0.001612514 -0.01223497
0.001614114 -0.01270555
0.001615714 -0.01223497
0.001617314 -0.01223497
0.001618914 -0.01247026
0.001620514 -0.01388199
0.001622114 -0.01341141
0.001623714 -0.01458785
0.001625314 -0.01482314
0.001626914 -0.01505843
0.001628514 -0.01529371
0.001630114 -0.01482314
0.001631714 -0.01435256
0.001633314 -0.01341141
0.001634914 -0.0117644
0.001636514 -0.01058796
0.001638114 -0.008940941
0.001639714 -0.006588062
0.001641314 -0.00447047
0.001642914 -0.002117591
0.001644514 0
0.001646114 0.001882303
0.001647714 0.00447047
0.001649314 0.006352774
0.001650914 0.008470365
0.001652514 0.01011738
0.001654114 0.01152911
0.001655714 0.01270555
0.001657314 0.0136467
0.001658914 0.01388199
0.001660514 0.01505843
0.001662114 0.01529371
0.001663714 0.01576429
0.001665314 0.01458785
0.001666914 0.01505843
0.001668514 0.01505843
0.001670114 0.01482314
0.001671714 0.01411728
0.001673314 0.01411728
0.001674914 0.01294084
0.001676514 0.01223497
0.001678114 0.01082324
0.001679714 0.01011738
0.001681314 0.008235077
0.001682914 0.007058638
0.001684514 0.005176334
0.001686114 0.004941046
0.001687714 0.003764607
0.001689314 0.003999895
0.001690914 0.003764607
0.001692514 0.004941046
0.001694114 0.006352774
0.001695714 0.008235077
0.001697314 0.01082324
0.001698914 0.01388199
0.001700514 0.01576429
0.001702114 0.01811717
0.001703714 0.02070534
0.001705314 0.02305822
0.001706914 0.02446994
0.001708514 0.02588167
0.001710114 0.02682282
0.001711714 0.0272934
0.001713314 0.02682282
0.001714914 0.02658753
0.001716514 0.0254111
0.001718114 0.02423466
0.001719714 0.02258764
0.001721314 0.02070534
0.001722914 0.01858775
0.001724514 0.01694073
0.001726114 0.01435256
0.001727714 0.01247026
0.001729314 0.01105853
0.001730914 0.009646805
0.001732514 0.008235077
0.001734114 0.007764501
0.001735714 0.006352774
0.001737314 0.006352774
0.001738914 0.006117486
0.001740514 0.006117486
0.001742114 0.006588062
0.001743714 0.00682335
0.001745314 0.00682335
0.001746914 0.007764501
0.001748514 0.008235077
0.001750114 0.009411517
0.001751714 0.009646805
0.001753314 0.0117644
0.001754914 0.01223497
0.001756514 0.01341141
0.001758114 0.015529
0.001759714 0.01694073
0.001761314 0.01929361
0.001762914 0.02164649
0.001764514 0.02352879
0.001766114 0.0254111
0.001767714 0.02705811
0.001769314 0.02823455
0.001770914 0.02941099
0.001772514 0.03082272
0.001774114 0.03152858
0.001775714 0.03176387
0.001777314 0.03223444
0.001778914 0.03270502
0.001780514 0.03270502
0.001782114 0.03294031
0.001783714 0.03246973
0.001785314 0.03176387
0.001786914 0.03129329
0.001788514 0.03058743
0.001790114 0.0291757
0.001791714 0.02823455
0.001793314 0.0272934
0.001794914 0.02588167
0.001796514 0.02470523
0.001798114 0.02376408
0.001799714 0.0232935
0.001801314 0.02282293
0.001802914 0.02282293
0.001804514 0.02399937
0.001806114 0.02399937
0.001807714 0.02564638
0.001809314 0.02776397
0.001810914 0.03058743
0.001812514 0.03246973
0.001814114 0.03529319
0.001815714 0.03835193
0.001817314 0.04070481
0.001818914 0.04305769
0.001820514 0.04588114
0.001822114 0.04776345
0.001823714 0.04964575
0.001825314 0.05129277
0.001826914 0.05293978
0.001828514 0.05411622
0.001830114 0.05482208
0.001831714 0.05505737
0.001833314 0.05576324
0.001834914 0.05623381
0.001836514 0.0564691
0.001838114 0.05623381
0.001839714 0.05599852
0.001841314 0.05552795
0.001842914 0.05505737
0.001844514 0.05435151
0.001846114 0.05270449
0.001847714 0.05152805
0.001849314 0.0505869
0.001850914 0.04846931
0.001852514 0.04752816
0.001854114 0.0447047
0.001855714 0.04329298
0.001857314 0.04141067
0.001858914 0.04023423
0.001860514 0.03811664
0.001862114 0.03670492
0.001863714 0.03576376
0.001865314 0.03435204
0.001866914 0.03341088
0.001868514 0.03294031
0.001870114 0.03199916
0.001871714 0.03176387
0.001873314 0.03082272
0.001874914 0.03058743
0.001876514 0.03082272
0.001878114 0.03105801
0.001879714 0.03152858
0.001881314 0.03341088
0.001882914 0.03388146
0.001884514 0.03552848
0.001886114 0.03741078
0.001887714 0.03905779
0.001889314 0.0409401
0.001890914 0.0428224
0.001892514 0.04446942
0.001894114 0.04658701
0.001895714 0.04823402
0.001897314 0.04917517
0.001898914 0.0505869
0.001900514 0.05176334
0.001902114 0.05270449
0.001903714 0.05317507
0.001905314 0.05388093
0.001906914 0.0545868
0.001908514 0.05505737
0.001910114 0.05505737
0.001911714 0.05505737
0.001913314 0.05505737
0.001914914 0.05505737
0.001916514 0.05529266
0.001918114 0.0545868
0.001919714 0.05482208
0.001921314 0.05505737
0.001922914 0.0545868
0.001924514 0.05505737
0.001926114 0.05552795
0.001927714 0.05529266
0.001929314 0.05576324
0.001930914 0.05670439
0.001932514 0.05693968
0.001934114 0.05764554
0.001935714 0.05905727
0.001937314 0.06023371
0.001938914 0.06046899
0.001940514 0.06070428
0.001942114 0.06164543
0.001943714 0.06188072
0.001945314 0.06188072
0.001946914 0.06188072
0.001948514 0.06211601
0.001950114 0.06164543
0.001951714 0.06117486
0.001953314 0.06046899
0.001954914 0.05976313
0.001956514 0.05858669
0.001958114 0.05717496
0.001959714 0.05599852
0.001961314 0.05435151
0.001962914 0.05293978
0.001964514 0.0505869
0.001966114 0.04941046
0.001967714 0.04799874
0.001969314 0.04635172
0.001970914 0.04493999
0.001972514 0.04376355
0.001974114 0.04305769
0.001975714 0.04164596
0.001977314 0.0409401
0.001978914 0.04117539
0.001980514 0.04117539
0.001982114 0.0409401
0.001983714 0.0409401
0.001985314 0.04235183
0.001986914 0.0428224
0.001988514 0.04305769
0.001990114 0.04446942
0.001991714 0.04446942
0.001993314 0.0447047
0.001994914 0.0447047
0.001996514 0.04493999
0.001998114 0.04493999
0.001999714 0.04541057
0.002001314 0.04493999
0.002002914 0.04493999
0.002004514 0.04423413
0.002006114 0.04329298
0.002007714 0.04329298
0.002009314 0.04258711
0.002010914 0.0409401
0.002012514 0.0409401
0.002014114 0.04023423
0.002015714 0.04046952
0.002017314 0.03929308
0.002018914 0.03905779
0.002020514 0.03905779
0.002022114 0.03858722
0.002023714 0.03835193
0.002025314 0.03764607
0.002026914 0.03717549
0.002028514 0.03717549
0.002030114 0.03741078
0.002031714 0.03764607
0.002033314 0.03741078
0.002034914 0.03741078
0.002036514 0.03835193
0.002038114 0.03952837
0.002039714 0.03976366
0.002041314 0.04117539
0.002042914 0.04211654
0.002044514 0.04376355
0.002046114 0.04446942
0.002047714 0.04588114
0.002049314 0.0468223
0.002050914 0.04776345
0.002052514 0.0487046
0.002054114 0.04988104
0.002055714 0.05011633
0.002057314 0.04988104
0.002058914 0.05011633
0.002060514 0.05011633
0.002062114 0.05011633
0.002063714 0.04893989
0.002065314 0.04799874
0.002066914 0.0468223
0.002068514 0.04517528
0.002070114 0.04376355
0.002071714 0.04141067
0.002073314 0.03976366
0.002074914 0.03835193
0.002076514 0.03646963
0.002078114 0.03411675
0.002079714 0.03294031
0.002081314 0.03082272
0.002082914 0.02988157
0.002084514 0.02823455
0.002086114 0.02752869
0.002087714 0.02682282
0.002089314 0.02635225
0.002090914 0.02611696
0.002092514 0.02658753
0.002094114 0.02611696
0.002095714 0.02588167
0.002097314 0.02564638
0.002098914 0.02588167
0.002100514 0.02635225
0.002102114 0.02611696
0.002103714 0.02517581
0.002105314 0.02494052
0.002106914 0.02446994
0.002108514 0.0232935
0.002110114 0.02211706
0.002111714 0.0214112
0.002113314 0.01929361
0.002114914 0.01835246
0.002116514 0.01694073
0.002118114 0.01576429
0.002119714 0.01411728
0.002121314 0.01341141
0.002122914 0.0117644
0.002124514 0.01082324
0.002126114 0.009646805
0.002127714 0.009176229
0.002129314 0.007764501
0.002130914 0.007764501
0.002132514 0.007058638
0.002134114 0.006588062
0.002135714 0.005882198
0.002137314 0.00564691
0.002138914 0.004705758
0.002140514 0.00447047
0.002142114 0.002588167
0.002143714 0.001882303
0.002145314 0.0004705758
0.002146914 -0.0004705758
0.002148514 -0.001411728
0.002150114 -0.002352879
0.002151714 -0.003529319
0.002153314 -0.003999895
0.002154914 -0.005411622
0.002156514 -0.006588062
0.002158114 -0.00564691
0.002159714 -0.006352774
0.002161314 -0.006588062
0.002162914 -0.006352774
0.002164514 -0.006352774
0.002166114 -0.00564691
0.002167714 -0.00564691
0.002169314 -0.005176334
0.002170914 -0.004705758
0.002172514 -0.003999895
0.002174114 -0.003529319
0.002175714 -0.003058743
0.002177314 -0.002352879
0.002178914 -0.001882303
0.002180514 -0.001411728
0.002182114 -0.0007058638
0.002183714 0
0.002185314 -0.0002352879
0.002186914 0.0004705758
0.002188514 0.0002352879
0.002190114 -0.0002352879
0.002191714 -0.0007058638
0.002193314 -0.0004705758
0.002194914 -0.00117644
0.002196514 -0.002352879
0.002198114 -0.002117591
0.002199714 -0.003058743
0.002201314 -0.003999895
0.002202914 -0.003529319
0.002204514 -0.004235183
0.002206114 -0.004705758
0.002207714 -0.004941046
0.002209314 -0.00564691
0.002210914 -0.006352774
0.002212514 -0.00682335
0.002214114 -0.007058638
0.002215714 -0.008235077
0.002217314 -0.009176229
0.002218914 -0.01011738
0.002220514 -0.01105853
0.002222114 -0.01129382
0.002223714 -0.01223497
0.002225314 -0.01270555
0.002226914 -0.01270555
0.002228514 -0.01341141
0.002230114 -0.01388199
0.002231714 -0.01435256
0.002233314 -0.01411728
0.002234914 -0.01411728
0.002236514 -0.01388199
0.002238114 -0.01458785
0.002239714 -0.01482314
0.002241314 -0.01505843
0.002242914 -0.01599958
0.002244514 -0.01694073
0.002246114 -0.01788188
0.002247714 -0.0195289
0.002249314 -0.02117591
0.002250914 -0.02305822
0.002252514 -0.02446994
0.002254114 -0.02682282
0.002255714 -0.02894041
0.002257314 -0.03035214
0.002258914 -0.03246973
0.002260514 -0.03411675
0.002262114 -0.03552848
0.002263714 -0.03599905
0.002265314 -0.03646963
0.002266914 -0.0369402
0.002268514 -0.03717549
0.002270114 -0.0369402
0.002271714 -0.03576376
0.002273314 -0.03529319
0.002274914 -0.03388146
0.002276514 -0.03294031
0.002278114 -0.03082272
0.002279714 -0.02988157
0.002281314 -0.02870513
0.002282914 -0.02658753
0.002284514 -0.02564638
0.002286114 -0.02470523
0.002287714 -0.0232935
0.002289314 -0.02258764
0.002290914 -0.0214112
0.002292514 -0.02117591
0.002294114 -0.02047005
0.002295714 -0.02023476
0.002297314 -0.02023476
0.002298914 -0.01999947
0.002300514 -0.02023476
0.002302114 -0.02047005
0.002303714 -0.02094062
0.002305314 -0.02094062
0.002306914 -0.02164649
0.002308514 -0.02188178
0.002310114 -0.02235235
0.002311714 -0.02305822
0.002313314 -0.02376408
0.002314914 -0.02446994
0.002316514 -0.02470523
0.002318114 -0.02564638
0.002319714 -0.02658753
0.002321314 -0.0272934
0.002322914 -0.02776397
0.002324514 -0.02988157
0.002326114 -0.03058743
0.002327714 -0.03199916
0.002329314 -0.03294031
0.002330914 -0.03435204
0.002332514 -0.03599905
0.002334114 -0.03741078
0.002335714 -0.03882251
0.002337314 -0.04023423
0.002338914 -0.04164596
0.002340514 -0.04188125
0.002342114 -0.04376355
0.002343714 -0.04493999
0.002345314 -0.04541057
0.002346914 -0.04564586
0.002348514 -0.04635172
0.002350114 -0.04658701
0.002351714 -0.04611643
0.002353314 -0.04611643
0.002354914 -0.04611643
0.002356514 -0.04611643
0.002358114 -0.04493999
0.002359714 -0.04541057
0.002361314 -0.04423413
0.002362914 -0.04423413
0.002364514 -0.04376355
0.002366114 -0.04352826
0.002367714 -0.0428224
0.002369314 -0.04235183
0.002370914 -0.04164596
0.002372514 -0.04188125
0.002374114 -0.04117539
0.002375714 -0.04070481
0.002377314 -0.04023423
0.002378914 -0.04023423
0.002380514 -0.03976366
0.002382114 -0.03952837
0.002383714 -0.03905779
0.002385314 -0.03952837
0.002386914 -0.03929308
0.002388514 -0.03976366
0.002390114 -0.04023423
0.002391714 -0.04070481
0.002393314 -0.0409401
0.002394914 -0.04188125
0.002396514 -0.04188125
0.002398114 -0.0428224
0.002399714 -0.0428224
0.002401314 -0.04376355
0.002402914 -0.04376355
0.002404514 -0.0447047
0.002406114 -0.04493999
0.002407714 -0.04564586
0.002409314 -0.04658701
0.002410914 -0.04752816
0.002412514 -0.04823402
0.002414114 -0.0487046
0.002415714 -0.04917517
0.002417314 -0.05176334
0.002418914 -0.05176334
0.002420514 -0.05364565
0.002422114 -0.0545868
0.002423714 -0.05529266
0.002425314 -0.05670439
0.002426914 -0.05741025
0.002428514 -0.05882198
0.002430114 -0.05999842
0.002431714 -0.06070428
0.002433314 -0.06188072
0.002434914 -0.06258659
0.002436514 -0.06352774
0.002438114 -0.06399831
0.002439714 -0.06470418
0.002441314 -0.06541004
0.002442914 -0.06564533
0.002444514 -0.06588062
0.002446114 -0.06635119
0.002447714 -0.06588062
0.002449314 -0.06635119
0.002450914 -0.06588062
0.002452514 -0.0661159
0.002454114 -0.06541004
0.002455714 -0.06517475
0.002457314 -0.06493947
0.002458914 -0.06376303
0.002460514 -0.06352774
0.002462114 -0.06305716
0.002463714 -0.06258659
0.002465314 -0.06211601
0.002466914 -0.06188072
0.002468514 -0.06117486
0.002470114 -0.05999842
0.002471714 -0.05952784
0.002473314 -0.05905727
0.002474914 -0.05858669
0.002476514 -0.0583514
0.002478114 -0.05788083
0.002479714 -0.05764554
0.002481314 -0.05717496
0.002482914 -0.05693968
0.002484514 -0.0564691
0.002486114 -0.0564691
0.002487714 -0.05623381
0.002489314 -0.05623381
0.002490914 -0.05599852
0.002492514 -0.05529266
0.002494114 -0.05552795
0.002495714 -0.05529266
0.002497314 -0.05529266
0.002498914 -0.05505737
0.002500514 -0.0545868
0.002502114 -0.05505737
0.002503714 -0.05529266
0.002505314 -0.05435151
0.002506914 -0.05435151
0.002508514 -0.05435151
0.002510114 -0.0545868
0.002511714 -0.05435151
0.002513314 -0.05505737
0.002514914 -0.05435151
0.002516514 -0.0545868
0.002518114 -0.05388093
0.002519714 -0.05388093
0.002521314 -0.05317507
0.002522914 -0.05317507
0.002524514 -0.05293978
0.002526114 -0.05341036
0.002527714 -0.05246921
0.002529314 -0.05293978
0.002530914 -0.05199863
0.002532514 -0.05246921
0.002534114 -0.05176334
0.002535714 -0.05270449
0.002537314 -0.05246921
0.002538914 -0.05317507
0.002540514 -0.05293978
0.002542114 -0.05317507
0.002543714 -0.05341036
0.002545314 -0.05317507
0.002546914 -0.05293978
0.002548514 -0.05293978
0.002550114 -0.05246921
0.002551714 -0.05293978
0.002553314 -0.05293978
0.002554914 -0.05293978
0.002556514 -0.05223392
0.002558114 -0.05317507
0.002559714 -0.05223392
0.002561314 -0.05270449
0.002562914 -0.05270449
0.002564514 -0.05270449
0.002566114 -0.05199863
0.002567714 -0.05341036
0.002569314 -0.05317507
0.002570914 -0.05411622
0.002572514 -0.05388093
0.002574114 -0.05411622
0.002575714 -0.05411622
0.002577314 -0.05435151
0.002578914 -0.05341036
0.002580514 -0.05411622
0.002582114 -0.05317507
0.002583714 -0.05341036
0.002585314 -0.05293978
0.002586914 -0.05199863
0.002588514 -0.0505869
0.002590114 -0.05011633
0.002591714 -0.0487046
0.002593314 -0.04752816
0.002594914 -0.04705758
0.002596514 -0.04564586
0.002598114 -0.04423413
0.002599714 -0.04329298
0.002601314 -0.04188125
0.002602914 -0.0409401
0.002604514 -0.03999895
0.002606114 -0.03999895
0.002607714 -0.03929308
0.002609314 -0.03882251
0.002610914 -0.03811664
0.002612514 -0.03811664
0.002614114 -0.03646963
0.002615714 -0.03717549
0.002617314 -0.03623434
0.002618914 -0.03623434
0.002620514 -0.03599905
0.002622114 -0.03623434
0.002623714 -0.03599905
0.002625314 -0.03670492
0.002626914 -0.03599905
0.002628514 -0.03670492
0.002630114 -0.03623434
0.002631714 -0.0369402
0.002633314 -0.03670492
0.002634914 -0.03717549
0.002636514 -0.03670492
0.002638114 -0.03741078
0.002639714 -0.03764607
0.002641314 -0.03764607
0.002642914 -0.0369402
0.002644514 -0.0369402
0.002646114 -0.03717549
0.002647714 -0.03623434
0.002649314 -0.03623434
0.002650914 -0.03623434
0.002652514 -0.03552848
0.002654114 -0.03482261
0.002655714 -0.03435204
0.002657314 -0.03388146
0.002658914 -0.0331756
0.002660514 -0.03294031
0.002662114 -0.03246973
0.002663714 -0.03152858
0.002665314 -0.03105801
0.002666914 -0.03058743
0.002668514 -0.02941099
0.002670114 -0.02894041
0.002671714 -0.02776397
0.002673314 -0.02752869
0.002674914 -0.02682282
0.002676514 -0.0254111
0.002678114 -0.02564638
0.002679714 -0.02517581
0.002681314 -0.02376408
0.002682914 -0.02352879
0.002684514 -0.02258764
0.002686114 -0.02164649
0.002687714 -0.02188178
0.002689314 -0.02211706
0.002690914 -0.02117591
0.002692514 -0.02047005
0.002694114 -0.02047005
0.002695714 -0.01976419
0.002697314 -0.01905832
0.002698914 -0.0195289
0.002700514 -0.01905832
0.002702114 -0.01882303
0.002703714 -0.01811717
0.002705314 -0.01835246
0.002706914 -0.01882303
0.002708514 -0.01882303
0.002710114 -0.01905832
0.002711714 -0.01905832
0.002713314 -0.01929361
0.002714914 -0.0195289
0.002716514 -0.01976419
0.002718114 -0.0195289
0.002719714 -0.02023476
0.002721314 -0.02070534
0.002722914 -0.02094062
0.002724514 -0.02070534
0.002726114 -0.02070534
0.002727714 -0.02117591
0.002729314 -0.02094062
0.002730914 -0.02070534
0.002732514 -0.02047005
0.002734114 -0.01976419
0.002735714 -0.01999947
0.002737314 -0.01905832
0.002738914 -0.01835246
0.002740514 -0.01741131
0.002742114 -0.01647015
0.002743714 -0.01529371
0.002745314 -0.01505843
0.002746914 -0.01317612
0.002748514 -0.0117644
0.002750114 -0.01105853
0.002751714 -0.009176229
0.002753314 -0.008940941
0.002754914 -0.007058638
0.002756514 -0.005411622
0.002758114 -0.003999895
0.002759714 -0.002823455
0.002761314 -0.00117644
0.002762914 -0.0007058638
0.002764514 0.0002352879
0.002766114 0.00117644
0.002767714 0.002823455
0.002769314 0.002823455
0.002770914 0.003999895
0.002772514 0.00447047
0.002774114 0.00564691
0.002775714 0.006117486
0.002777314 0.00682335
0.002778914 0.007058638
0.002780514 0.007764501
0.002782114 0.008235077
0.002783714 0.008470365
0.002785314 0.008705653
0.002786914 0.009176229
0.002788514 0.009411517
0.002790114 0.01035267
0.002791714 0.009882093
0.002793314 0.01105853
0.002794914 0.01105853
0.002796514 0.01199968
0.002798114 0.01152911
0.002799714 0.0117644
0.002801314 0.01129382
0.002802914 0.01223497
0.002804514 0.01199968
0.002806114 0.01270555
0.002807714 0.0117644
0.002809314 0.01294084
0.002810914 0.01247026
0.002812514 0.01294084
0.002814114 0.01223497
0.002815714 0.01247026
0.002817314 0.0117644
0.002818914 0.01223497
0.002820514 0.0117644
0.002822114 0.01199968
0.002823714 0.01223497
0.002825314 0.01199968
0.002826914 0.0117644
0.002828514 0.01223497
0.002830114 0.01199968
0.002831714 0.01270555
0.002833314 0.01247026
0.002834914 0.01317612
0.002836514 0.01341141
0.002838114 0.01317612
0.002839714 0.01294084
0.002841314 0.01411728
0.002842914 0.0136467
0.002844514 0.0136467
0.002846114 0.01435256
0.002847714 0.01341141
0.002849314 0.01341141
0.002850914 0.0136467
0.002852514 0.0136467
0.002854114 0.01411728
0.002855714 0.01411728
0.002857314 0.01411728
0.002858914 0.01411728
0.002860514 0.01505843
0.002862114 0.01505843
0.002863714 0.015529
0.002865314 0.01599958
0.002866914 0.01717602
0.002868514 0.01788188
0.002870114 0.01882303
0.002871714 0.01976419
0.002873314 0.02070534
0.002874914 0.0214112
0.002876514 0.02305822
0.002878114 0.02399937
0.002879714 0.02517581
0.002881314 0.02564638
0.002882914 0.0272934
0.002884514 0.02752869
0.002886114 0.02799926
0.002887714 0.02776397
0.002889314 0.02870513
0.002890914 0.02870513
0.002892514 0.02823455
0.002894114 0.02752869
0.002895714 0.02823455
0.002897314 0.02752869
0.002898914 0.02682282
0.002900514 0.02517581
0.002902114 0.02470523
0.002903714 0.02376408
0.002905314 0.02235235
0.002906914 0.0214112
0.002908514 0.02023476
0.002910114 0.01929361
0.002911714 0.01858775
0.002913314 0.01741131
0.002914914 0.01670544
0.002916514 0.01599958
0.002918114 0.01576429
0.002919714 0.01458785
0.002921314 0.01411728
0.002922914 0.01317612
0.002924514 0.01317612
0.002926114 0.01270555
0.002927714 0.01294084
0.002929314 0.01247026
0.002930914 0.01294084
0.002932514 0.01317612
0.002934114 0.0136467
0.002935714 0.0136467
0.002937314 0.01411728
0.002938914 0.01435256
0.002940514 0.01482314
0.002942114 0.01529371
0.002943714 0.01599958
0.002945314 0.01647015
0.002946914 0.01694073
0.002948514 0.01694073
0.002950114 0.01764659
0.002951714 0.01811717
0.002953314 0.01858775
0.002954914 0.01835246
0.002956514 0.01835246
0.002958114 0.01858775
0.002959714 0.0195289
0.002961314 0.01905832
0.002962914 0.01929361
0.002964514 0.0195289
0.002966114 0.01976419
0.002967714 0.01999947
0.002969314 0.0195289
0.002970914 0.01976419
0.002972514 0.0195289
0.002974114 0.0195289
0.002975714 0.02023476
0.002977314 0.01999947
0.002978914 0.02070534
0.002980514 0.02070534
0.002982114 0.02117591
0.002983714 0.02070534
0.002985314 0.02070534
0.002986914 0.02094062
0.002988514 0.02070534
0.002990114 0.01999947
0.002991714 0.02023476
0.002993314 0.01882303
0.002994914 0.01905832
0.002996514 0.01764659
0.002998114 0.01717602
0.002999714 0.01599958
0.003001314 0.01576429
0.003002914 0.01505843
0.003004514 0.01529371
0.003006114 0.01435256
0.003007714 0.01458785
0.003009314 0.01388199
0.003010914 0.01458785
0.003012514 0.01435256
0.003014114 0.01482314
0.003015714 0.01505843
0.003017314 0.01576429
0.003018914 0.01599958
0.003020514 0.01764659
0.003022114 0.01811717
0.003023714 0.01858775
0.003025314 0.01999947
0.003026914 0.02070534
0.003028514 0.02094062
0.003030114 0.02188178
0.003031714 0.02258764
0.003033314 0.02305822
0.003034914 0.02376408
0.003036514 0.02423466
0.003038114 0.02423466
0.003039714 0.02399937
0.003041314 0.02446994
0.003042914 0.02588167
0.003044514 0.02494052
0.003046114 0.02494052
0.003047714 0.0254111
0.003049314 0.02517581
0.003050914 0.02517581
0.003052514 0.02494052
0.003054114 0.02494052
0.003055714 0.02494052
0.003057314 0.02446994
0.003058914 0.02446994
0.003060514 0.02376408
0.003062114 0.02470523
0.003063714 0.02423466
0.003065314 0.02399937
0.003066914 0.02470523
0.003068514 0.02470523
0.003070114 0.0254111
0.003071714 0.02564638
0.003073314 0.02611696
0.003074914 0.02635225
0.003076514 0.02682282
0.003078114 0.02776397
0.003079714 0.02870513
0.003081314 0.0291757
0.003082914 0.02988157
0.003084514 0.03058743
0.003086114 0.03035214
0.003087714 0.03082272
0.003089314 0.03082272
0.003090914 0.03082272
0.003092514 0.03152858
0.003094114 0.03152858
0.003095714 0.03199916
0.003097314 0.03270502
0.003098914 0.03223444
0.003100514 0.03294031
0.003102114 0.03341088
0.003103714 0.03411675
0.003105314 0.03458732
0.003106914 0.0350579
0.003108514 0.03646963
0.003110114 0.03717549
0.003111714 0.03764607
0.003113314 0.03882251
0.003114914 0.03929308
0.003116514 0.04046952
0.003118114 0.04023423
0.003119714 0.04141067
0.003121314 0.04235183
0.003122914 0.04258711
0.003124514 0.04258711
0.003126114 0.0428224
0.003127714 0.04235183
0.003129314 0.04164596
0.003130914 0.04141067
0.003132514 0.04141067
0.003134114 0.04023423
0.003135714 0.03905779
0.003137314 0.03835193
0.003138914 0.03764607
0.003140514 0.0369402
0.003142114 0.03623434
0.003143714 0.03458732
0.003145314 0.03411675
0.003146914 0.0331756
0.003148514 0.0331756
0.003150114 0.03223444
0.003151714 0.03105801
0.003153314 0.03035214
0.003154914 0.03058743
0.003156514 0.02941099
0.003158114 0.0291757
0.003159714 0.02846984
0.003161314 0.02823455
0.003162914 0.02776397
0.003164514 0.02705811
0.003166114 0.02682282
0.003167714 0.02682282
0.003169314 0.02635225
0.003170914 0.02611696
0.003172514 0.02658753
0.003174114 0.02682282
0.003175714 0.02705811
0.003177314 0.0272934
0.003178914 0.02705811
0.003180514 0.02776397
0.003182114 0.02752869
0.003183714 0.02799926
0.003185314 0.02799926
0.003186914 0.02799926
0.003188514 0.02776397
0.003190114 0.02705811
0.003191714 0.02611696
0.003193314 0.02682282
0.003194914 0.02611696
0.003196514 0.02470523
0.003198114 0.02352879
0.003199714 0.02282293
0.003201314 0.02164649
0.003202914 0.02070534
0.003204514 0.01976419
0.003206114 0.01811717
0.003207714 0.01764659
0.003209314 0.01623487
0.003210914 0.01505843
0.003212514 0.01482314
0.003214114 0.0136467
0.003215714 0.0136467
0.003217314 0.01294084
0.003218914 0.01317612
0.003220514 0.01270555
0.003222114 0.01270555
0.003223714 0.01247026
0.003225314 0.01270555
0.003226914 0.0136467
0.003228514 0.0136467
0.003230114 0.01411728
0.003231714 0.01435256
0.003233314 0.01505843
0.003234914 0.01576429
0.003236514 0.01599958
0.003238114 0.01694073
0.003239714 0.01717602
0.003241314 0.01741131
0.003242914 0.01788188
0.003244514 0.01835246
0.003246114 0.01811717
0.003247714 0.01835246
0.003249314 0.01905832
0.003250914 0.01882303
0.003252514 0.01835246
0.003254114 0.01811717
0.003255714 0.01835246
0.003257314 0.01811717
0.003258914 0.01717602
0.003260514 0.01764659
0.003262114 0.01717602
0.003263714 0.01717602
0.003265314 0.01599958
0.003266914 0.01623487
0.003268514 0.01529371
0.003270114 0.01529371
0.003271714 0.01435256
0.003273314 0.01411728
0.003274914 0.0136467
0.003276514 0.01388199
0.003278114 0.0136467
0.003279714 0.0136467
0.003281314 0.01294084
0.003282914 0.01317612
0.003284514 0.01270555
0.003286114 0.01247026
0.003287714 0.01199968
0.003289314 0.01294084
0.003290914 0.01199968
0.003292514 0.01223497
0.003294114 0.01152911
0.003295714 0.01152911
0.003297314 0.01058796
0.003298914 0.01082324
0.003300514 0.009646805
0.003302114 0.009882093
0.003303714 0.009411517
0.003305314 0.008940941
0.003306914 0.008470365
0.003308514 0.008235077
0.003310114 0.007529213
0.003311714 0.007764501
0.003313314 0.007293925
0.003314914 0.007764501
0.003316514 0.007058638
0.003318114 0.007764501
0.003319714 0.007529213
0.003321314 0.008470365
0.003322914 0.008940941
0.003324514 0.009646805
0.003326114 0.009411517
0.003327714 0.01129382
0.003329314 0.0117644
0.003330914 0.0117644
0.003332514 0.01199968
0.003334114 0.01294084
0.003335714 0.01270555
0.003337314 0.01270555
0.003338914 0.01247026
0.003340514 0.01317612
0.003342114 0.01223497
0.003343714 0.01270555
0.003345314 0.01105853
0.003346914 0.01152911
0.003348514 0.01105853
0.003350114 0.01105853
0.003351714 0.009882093
0.003353314 0.01058796
0.003354914 0.009646805
0.003356514 0.01011738
0.003358114 0.009176229
0.003359714 0.01058796
0.003361314 0.01058796
0.003362914 0.01105853
0.003364514 0.01058796
0.003366114 0.01199968
0.003367714 0.01129382
0.003369314 0.0117644
0.003370914 0.01223497
0.003372514 0.01294084
0.003374114 0.01270555
0.003375714 0.01317612
0.003377314 0.01270555
0.003378914 0.0136467
0.003380514 0.01411728
0.003382114 0.01388199
0.003383714 0.01388199
0.003385314 0.01388199
0.003386914 0.01388199
0.003388514 0.01435256
0.003390114 0.01435256
0.003391714 0.01458785
0.003393314 0.01435256
0.003394914 0.01529371
0.003396514 0.01505843
0.003398114 0.01529371
0.003399714 0.01505843
0.003401314 0.01529371
0.003402914 0.01505843
0.003404514 0.01623487
0.003406114 0.01529371
0.003407714 0.01529371
0.003409314 0.01505843
0.003410914 0.01505843
0.003412514 0.01482314
0.003414114 0.01505843
0.003415714 0.01435256
0.003417314 0.01482314
0.003418914 0.01435256
0.003420514 0.01458785
0.003422114 0.01435256
0.003423714 0.01458785
0.003425314 0.01435256
0.003426914 0.015529
0.003428514 0.01599958
0.003430114 0.01670544
0.003431714 0.01670544
0.003433314 0.01741131
0.003434914 0.01764659
0.003436514 0.01835246
0.003438114 0.01905832
0.003439714 0.01929361
0.003441314 0.01976419
0.003442914 0.02070534
0.003444514 0.02070534
0.003446114 0.02094062
0.003447714 0.02117591
0.003449314 0.02188178
0.003450914 0.02117591
0.003452514 0.02235235
0.003454114 0.02164649
0.003455714 0.0214112
0.003457314 0.02164649
0.003458914 0.02188178
0.003460514 0.02094062
0.003462114 0.02117591
0.003463714 0.02094062
0.003465314 0.02094062
0.003466914 0.02047005
0.003468514 0.02070534
0.003470114 0.01999947
0.003471714 0.0195289
0.003473314 0.01905832
0.003474914 0.01811717
0.003476514 0.01835246
0.003478114 0.01741131
0.003479714 0.01670544
0.003481314 0.01576429
0.003482914 0.01529371
0.003484514 0.01435256
0.003486114 0.01294084
0.003487714 0.01270555
0.003489314 0.01129382
0.003490914 0.01105853
0.003492514 0.009646805
0.003494114 0.01011738
0.003495714 0.008940941
0.003497314 0.008235077
0.003498914 0.008470365
0.003500514 0.007529213
0.003502114 0.007293925
0.003503714 0.007293925
0.003505314 0.006588062
0.003506914 0.006352774
0.003508514 0.005411622
0.003510114 0.005882198
0.003511714 0.005176334
0.003513314 0.004235183
0.003514914 0.003999895
0.003516514 0.003999895
0.003518114 0.003058743
0.003519714 0.002352879
0.003521314 0.001647015
0.003522914 0.00117644
0.003524514 0.0002352879
0.003526114 -0.0002352879
0.003527714 0.0004705758
0.003529314 -0.00117644
0.003530914 -0.001411728
0.003532514 -0.001647015
0.003534114 -0.002588167
0.003535714 -0.002117591
0.003537314 -0.002352879
0.003538914 -0.002117591
0.003540514 -0.002117591
0.003542114 -0.002117591
0.003543714 -0.001882303
0.003545314 -0.002117591
0.003546914 -0.001882303
0.003548514 -0.001411728
0.003550114 -0.0007058638
0.003551714 -0.0009411517
0.003553314 -0.0004705758
0.003554914 -0.0002352879
0.003556514 0.0002352879
0.003558114 0.0007058638
0.003559714 0.0007058638
0.003561314 0.0007058638
0.003562914 0.001411728
0.003564514 0.001882303
0.003566114 0.001647015
0.003567714 0.002117591
0.003569314 0.002588167
0.003570914 0.003058743
0.003572514 0.002823455
0.003574114 0.002588167
0.003575714 0.002588167
0.003577314 0.002823455
0.003578914 0.002117591
0.003580514 0.002588167
0.003582114 0.00117644
0.003583714 0.00117644
0.003585314 0.0002352879
0.003586914 -0.0004705758
0.003588514 -0.001411728
0.003590114 -0.002352879
0.003591714 -0.002823455
0.003593314 -0.004235183
0.003594914 -0.004941046
0.003596514 -0.006117486
0.003598114 -0.006588062
0.003599714 -0.007293925
0.003601314 -0.007999789
0.003602914 -0.008470365
0.003604514 -0.009176229
0.003606114 -0.009646805
0.003607714 -0.009176229
0.003609314 -0.009411517
0.003610914 -0.009646805
0.003612514 -0.008705653
0.003614114 -0.008940941
0.003615714 -0.007764501
0.003617314 -0.007529213
0.003618914 -0.007058638
0.003620514 -0.006588062
0.003622114 -0.00682335
0.003623714 -0.006117486
0.003625314 -0.006117486
0.003626914 -0.006117486
0.003628514 -0.005411622
0.003630114 -0.005882198
0.003631714 -0.006352774
0.003633314 -0.006352774
0.003634914 -0.00682335
0.003636514 -0.007293925
0.003638114 -0.007529213
0.003639714 -0.008470365
0.003641314 -0.008470365
0.003642914 -0.009646805
0.003644514 -0.009882093
0.003646114 -0.01035267
0.003647714 -0.01058796
0.003649314 -0.01082324
0.003650914 -0.01152911
0.003652514 -0.0117644
0.003654114 -0.01199968
0.003655714 -0.01199968
0.003657314 -0.01223497
0.003658914 -0.01152911
0.003660514 -0.0117644
0.003662114 -0.01082324
0.003663714 -0.01035267
0.003665314 -0.01035267
0.003666914 -0.009646805
0.003668514 -0.008940941
0.003670114 -0.007764501
0.003671714 -0.006588062
0.003673314 -0.006117486
0.003674914 -0.004235183
0.003676514 -0.003529319
0.003678114 -0.002588167
0.003679714 -0.00117644
0.003681314 -0.0004705758
0.003682914 0
0.003684514 0.001411728
0.003686114 0.001411728
0.003687714 0.001882303
0.003689314 0.002588167
0.003690914 0.002588167
0.003692514 0.003058743
0.003694114 0.001882303
0.003695714 0.001411728
0.003697314 0.001411728
0.003698914 0.0004705758
0.003700514 0.0002352879
0.003702114 -0.0007058638
0.003703714 -0.001411728
0.003705314 -0.002588167
0.003706914 -0.002823455
0.003708514 -0.003058743
0.003710114 -0.003529319
0.003711714 -0.003999895
0.003713314 -0.003764607
0.003714914 -0.003529319
0.003716514 -0.003529319
0.003718114 -0.003294031
0.003719714 -0.002588167
0.003721314 -0.001882303
0.003722914 -0.001411728
0.003724514 -0.00117644
0.003726114 -0.0004705758
0.003727714 0.0002352879
0.003729314 0.00117644
0.003730914 0.00117644
0.003732514 0.002352879
0.003734114 0.002823455
0.003735714 0.002352879
0.003737314 0.002588167
0.003738914 0.002823455
0.003740514 0.002823455
0.003742114 0.003058743
0.003743714 0.002352879
0.003745314 0.001882303
0.003746914 0.002588167
0.003748514 0.001411728
0.003750114 0.00117644
0.003751714 0.0007058638
0.003753314 0
0.003754914 -0.0004705758
0.003756514 -0.00117644
0.003758114 -0.001647015
0.003759714 -0.002588167
0.003761314 -0.002588167
0.003762914 -0.003529319
0.003764514 -0.003999895
0.003766114 -0.004705758
0.003767714 -0.005176334
0.003769314 -0.005176334
0.003770914 -0.005882198
0.003772514 -0.00682335
0.003774114 -0.007058638
0.003775714 -0.007529213
0.003777314 -0.008235077
0.003778914 -0.008470365
0.003780514 -0.009882093
0.003782114 -0.009646805
0.003783714 -0.01035267
0.003785314 -0.01152911
0.003786914 -0.01270555
0.003788514 -0.01294084
0.003790114 -0.01388199
0.003791714 -0.01411728
0.003793314 -0.01435256
0.003794914 -0.01529371
0.003796514 -0.01599958
0.003798114 -0.01647015
0.003799714 -0.01670544
0.003801314 -0.01623487
0.003802914 -0.01670544
0.003804514 -0.01694073
0.003806114 -0.01599958
0.003807714 -0.01599958
0.003809314 -0.01623487
0.003810914 -0.01505843
0.003812514 -0.01576429
0.003814114 -0.01529371
0.003815714 -0.01458785
0.003817314 -0.01317612
0.003818914 -0.01341141
0.003820514 -0.01247026
0.003822114 -0.01247026
0.003823714 -0.01152911
0.003825314 -0.01105853
0.003826914 -0.01035267
0.003828514 -0.009411517
0.003830114 -0.008470365
0.003831714 -0.008235077
0.003833314 -0.007764501
0.003834914 -0.007058638
0.003836514 -0.006588062
0.003838114 -0.00682335
0.003839714 -0.006352774
0.003841314 -0.006352774
0.003842914 -0.006352774
0.003844514 -0.006588062
0.003846114 -0.007293925
0.003847714 -0.007293925
0.003849314 -0.008470365
0.003850914 -0.008940941
0.003852514 -0.009646805
0.003854114 -0.01035267
0.003855714 -0.01129382
0.003857314 -0.01223497
0.003858914 -0.01223497
0.003860514 -0.01435256
0.003862114 -0.01458785
0.003863714 -0.015529
0.003865314 -0.01599958
0.003866914 -0.01694073
0.003868514 -0.01764659
0.003870114 -0.01811717
0.003871714 -0.01835246
0.003873314 -0.01882303
0.003874914 -0.01905832
0.003876514 -0.0195289
0.003878114 -0.0195289
0.003879714 -0.01976419
0.003881314 -0.01999947
0.003882914 -0.0195289
0.003884514 -0.0195289
0.003886114 -0.01976419
0.003887714 -0.0195289
0.003889314 -0.01929361
0.003890914 -0.0195289
0.003892514 -0.01905832
0.003894114 -0.01929361
0.003895714 -0.01929361
0.003897314 -0.01929361
0.003898914 -0.01905832
0.003900514 -0.01905832
0.003902114 -0.01929361
0.003903714 -0.01999947
0.003905314 -0.01905832
0.003906914 -0.01882303
0.003908514 -0.01882303
0.003910114 -0.01882303
0.003911714 -0.01811717
0.003913314 -0.01811717
0.003914914 -0.01764659
0.003916514 -0.01670544
0.003918114 -0.01670544
0.003919714 -0.01647015
0.003921314 -0.01599958
0.003922914 -0.01529371
0.003924514 -0.01529371
0.003926114 -0.01435256
0.003927714 -0.01458785
0.003929314 -0.01458785
0.003930914 -0.01388199
0.003932514 -0.0136467
0.003934114 -0.01317612
0.003935714 -0.01294084
0.003937314 -0.01317612
0.003938914 -0.01294084
0.003940514 -0.01270555
0.003942114 -0.01247026
0.003943714 -0.01270555
0.003945314 -0.01247026
0.003946914 -0.01294084
0.003948514 -0.01294084
0.003950114 -0.01270555
0.003951714 -0.01294084
0.003953314 -0.01341141
0.003954914 -0.01317612
0.003956514 -0.01294084
0.003958114 -0.01317612
0.003959714 -0.01341141
0.003961314 -0.01341141
0.003962914 -0.01317612
0.003964514 -0.01294084
0.003966114 -0.0136467
0.003967714 -0.01341141
0.003969314 -0.01388199
0.003970914 -0.01270555
0.003972514 -0.01247026
0.003974114 -0.01247026
0.003975714 -0.01223497
0.003977314 -0.01223497
0.003978914 -0.01152911
0.003980514 -0.01129382
0.003982114 -0.01082324
0.003983714 -0.01011738
0.003985314 -0.009882093
0.003986914 -0.009646805
0.003988514 -0.009411517
0.003990114 -0.009176229
0.003991714 -0.008705653
0.003993314 -0.008705653
0.003994914 -0.008235077
0.003996514 -0.007999789
0.003998114 -0.007764501
0.003999714 -0.007293925
0.004001314 -0.007293925
0.004002914 -0.00682335
0.004004514 -0.006588062
0.004006114 -0.006117486
0.004007714 -0.005882198
0.004009314 -0.005882198
0.004010914 -0.005176334
0.004012514 -0.005176334
0.004014114 -0.004235183
0.004015714 -0.003764607
0.004017314 -0.003764607
0.004018914 -0.003529319
0.004020514 -0.003058743
0.004022114 -0.003294031
0.004023714 -0.002823455
0.004025314 -0.003529319
0.004026914 -0.003294031
0.004028514 -0.003058743
0.004030114 -0.002823455
0.004031714 -0.003529319
0.004033314 -0.003529319
0.004034914 -0.004235183
0.004036514 -0.00447047
0.004038114 -0.004941046
0.004039714 -0.005411622
0.004041314 -0.00564691
0.004042914 -0.00564691
0.004044514 -0.006117486
0.004046114 -0.006117486
0.004047714 -0.006588062
0.004049314 -0.006588062
0.004050914 -0.00682335
0.004052514 -0.006352774
0.004054114 -0.006352774
0.004055714 -0.006352774
0.004057314 -0.006352774
0.004058914 -0.00564691
0.004060514 -0.005411622
0.004062114 -0.004705758
0.004063714 -0.00447047
0.004065314 -0.00447047
0.004066914 -0.003999895
0.004068514 -0.003529319
0.004070114 -0.003294031
0.004071714 -0.002352879
0.004073314 -0.002352879
0.004074914 -0.002117591
0.004076514 -0.001882303
0.004078114 -0.001411728
0.004079714 -0.001411728
0.004081314 -0.0009411517
0.004082914 -0.0002352879
0.004084514 -0.0002352879
0.004086114 -0.0002352879
0.004087714 0.0002352879
0.004089314 0.0004705758
0.004090914 0.00117644
0.004092514 0.00117644
0.004094114 0.00117644
0.004095714 0.0009411517
0.004097314 0.001411728
0.004098914 0.002352879
0.004100514 0.001647015
0.004102114 0.001882303
0.004103714 0.001411728
0.004105314 0.001647015
0.004106914 0.001647015
0.004108514 0.001647015
0.004110114 0.001882303
0.004111714 0.001647015
0.004113314 0.001647015
0.004114914 0.002117591
0.004116514 0.002117591
0.004118114 0.002117591
0.004119714 0.001882303
0.004121314 0.002588167
0.004122914 0.001882303
0.004124514 0.002588167
0.004126114 0.002588167
0.004127714 0.003529319
0.004129314 0.002823455
0.004130914 0.003999895
0.004132514 0.003764607
0.004134114 0.004941046
0.004135714 0.004235183
0.004137314 0.004941046
0.004138914 0.004941046
0.004140514 0.005176334
0.004142114 0.005176334
0.004143714 0.00564691
0.004145314 0.005176334
0.004146914 0.006117486
0.004148514 0.005882198
0.004150114 0.006352774
0.004151714 0.007058638
0.004153314 0.007529213
0.004154914 0.007999789
0.004156514 0.008705653
0.004158114 0.008705653
0.004159714 0.009176229
0.004161314 0.01058796
0.004162914 0.01129382
0.004164514 0.0117644
0.004166114 0.01317612
0.004167714 0.01388199
0.004169314 0.01529371
0.004170914 0.01599958
0.004172514 0.01717602
0.004174114 0.01788188
0.004175714 0.01929361
0.004177314 0.02023476
0.004178914 0.02047005
0.004180514 0.0214112
0.004182114 0.02282293
0.004183714 0.02376408
0.004185314 0.02423466
0.004186914 0.02517581
0.004188514 0.02564638
0.004190114 0.0254111
0.004191714 0.02588167
0.004193314 0.02611696
0.004194914 0.0272934
0.004196514 0.02682282
0.004198114 0.02752869
0.004199714 0.02705811
0.004201314 0.0272934
