LECROYWS4024HD 19320 Waveform
Segments 1 SegmentSize 3127
Segment TrigTime TimeSinceSegment1
#1 09-Jul-2024 01:21:49 0                 
Time Ampl
-0.0008000726 0
-0.0007984726 0
-0.0007968726 0.001411728
-0.0007952726 -0.0009411517
-0.0007936726 -0.0004705758
-0.0007920726 0.0009411517
-0.0007904726 0.0004705758
-0.0007888726 0.001882303
-0.0007872726 0
-0.0007856726 0.0009411517
-0.0007840726 0.002352879
-0.0007824726 0.001411728
-0.0007808726 0.0009411517
-0.0007792726 0.0004705758
-0.0007776726 -0.001411728
-0.0007760726 0.0004705758
-0.0007744726 -0.0004705758
-0.0007728726 0
-0.0007712726 0
-0.0007696726 -0.0009411517
-0.0007680726 0.001411728
-0.0007664726 -0.0004705758
-0.0007648726 -0.0009411517
-0.0007632726 0.001411728
-0.0007616726 -0.0004705758
-0.0007600726 0
-0.0007584726 0
-0.0007568726 0.0004705758
-0.0007552726 0.001411728
-0.0007536726 0.001411728
-0.0007520726 0.001882303
-0.0007504726 0.0009411517
-0.0007488726 0.001882303
-0.0007472726 0.001411728
-0.0007456726 0.0009411517
-0.0007440726 0.0009411517
-0.0007424726 0.001411728
-0.0007408726 0.001882303
-0.0007392726 0.0009411517
-0.0007376726 0.001882303
-0.0007360726 0.0004705758
-0.0007344726 -0.0004705758
-0.0007328726 0
-0.0007312726 0
-0.0007296726 0.0009411517
-0.0007280726 -0.0009411517
-0.0007264726 0.001411728
-0.0007248726 0.0004705758
-0.0007232726 0.001411728
-0.0007216726 0
-0.0007200726 0.0004705758
-0.0007184726 0.0009411517
-0.0007168726 0.0004705758
-0.0007152726 0
-0.0007136726 0.002823455
-0.0007120726 0.002823455
-0.0007104726 0.0009411517
-0.0007088726 0.002352879
-0.0007072726 0.0009411517
-0.0007056726 0.001411728
-0.0007040726 0.001882303
-0.0007024726 0.002823455
-0.0007008726 0.002823455
-0.0006992726 0.0009411517
-0.0006976726 0.001411728
-0.0006960726 0.0009411517
-0.0006944726 0.0009411517
-0.0006928726 0.002352879
-0.0006912726 0.002352879
-0.0006896726 0.0004705758
-0.0006880726 0.003294031
-0.0006864726 0.002352879
-0.0006848726 0.0004705758
-0.0006832726 0.001411728
-0.0006816726 0.002823455
-0.0006800726 0.001882303
-0.0006784726 0.002352879
-0.0006768726 0.001882303
-0.0006752726 0.002352879
-0.0006736726 0.002823455
-0.0006720726 0.002823455
-0.0006704726 0.0004705758
-0.0006688726 0.001882303
-0.0006672726 0.0009411517
-0.0006656726 0.001882303
-0.0006640726 0.001882303
-0.0006624726 0.001882303
-0.0006608726 0.0004705758
-0.0006592726 0.001411728
-0.0006576726 0.001882303
-0.0006560726 0.002823455
-0.0006544726 0.002823455
-0.0006528726 0.0009411517
-0.0006512726 0.001882303
-0.0006496726 0.0009411517
-0.0006480726 0.002352879
-0.0006464726 0.002823455
-0.0006448726 0.003764607
-0.0006432726 0.001882303
-0.0006416726 0.001882303
-0.0006400726 0.003294031
-0.0006384726 0.0004705758
-0.0006368726 0.002823455
-0.0006352726 0.001882303
-0.0006336726 0.0009411517
-0.0006320726 0.0009411517
-0.0006304726 0.0004705758
-0.0006288726 0.0009411517
-0.0006272726 0.001411728
-0.0006256726 0.002823455
-0.0006240726 0.001411728
-0.0006224726 0.002823455
-0.0006208726 0.0004705758
-0.0006192726 0
-0.0006176726 0.0004705758
-0.0006160726 0.0009411517
-0.0006144726 0.001882303
-0.0006128726 0.001411728
-0.0006112726 0.002352879
-0.0006096726 0.0009411517
-0.0006080726 0.001411728
-0.0006064726 0.002352879
-0.0006048726 0.002352879
-0.0006032726 0.0009411517
-0.0006016726 0.001882303
-0.0006000726 0.0004705758
-0.0005984726 0.001411728
-0.0005968726 0.002352879
-0.0005952726 0.003294031
-0.0005936726 0.0009411517
-0.0005920726 0.001411728
-0.0005904726 0.001882303
-0.0005888726 0.001882303
-0.0005872726 0.001882303
-0.0005856726 0.0009411517
-0.0005840726 0.001882303
-0.0005824726 0.002352879
-0.0005808726 0.0004705758
-0.0005792726 0.003294031
-0.0005776726 0.004705758
-0.0005760726 0.002352879
-0.0005744726 0.002352879
-0.0005728726 0.001411728
-0.0005712726 0.002823455
-0.0005696726 0.001411728
-0.0005680726 0.0004705758
-0.0005664726 0.002352879
-0.0005648726 0.001411728
-0.0005632726 0.002823455
-0.0005616726 0.002823455
-0.0005600726 0.001882303
-0.0005584726 0.001882303
-0.0005568726 0.001882303
-0.0005552726 0.001411728
-0.0005536726 0.001411728
-0.0005520726 0.0009411517
-0.0005504726 0.0004705758
-0.0005488726 0.001882303
-0.0005472726 0.003764607
-0.0005456726 0.001882303
-0.0005440726 0.002352879
-0.0005424726 0.003294031
-0.0005408726 0.002352879
-0.0005392726 0.001882303
-0.0005376726 0.0009411517
-0.0005360726 0.001411728
-0.0005344726 0.0009411517
-0.0005328726 0.002352879
-0.0005312726 0.003764607
-0.0005296726 0.0009411517
-0.0005280726 0.002823455
-0.0005264726 0.0009411517
-0.0005248726 0.002823455
-0.0005232726 0.002352879
-0.0005216726 0.001882303
-0.0005200726 0.003294031
-0.0005184726 0.002823455
-0.0005168726 0.002352879
-0.0005152726 0.002823455
-0.0005136726 0.001882303
-0.0005120726 0.002352879
-0.0005104726 0.003764607
-0.0005088726 0.002823455
-0.0005072726 0.002823455
-0.0005056726 0.003294031
-0.0005040726 0.002352879
-0.0005024726 0.002823455
-0.0005008726 0.003764607
-0.0004992726 0.0009411517
-0.0004976726 0.003764607
-0.0004960726 0.003294031
-0.0004944726 0.001882303
-0.0004928726 0.002352879
-0.0004912726 0.002352879
-0.0004896726 0.002352879
-0.0004880726 0.001411728
-0.0004864726 0.001882303
-0.0004848726 0.0004705758
-0.0004832726 0.002823455
-0.0004816726 0.002352879
-0.0004800726 0.001882303
-0.0004784726 0.001882303
-0.0004768726 0.0004705758
-0.0004752726 0.0009411517
-0.0004736726 0.001882303
-0.0004720726 0.001411728
-0.0004704726 0.0009411517
-0.0004688726 0.001411728
-0.0004672726 0.001411728
-0.0004656726 0.002352879
-0.0004640726 0.002823455
-0.0004624726 0.0009411517
-0.0004608726 0.001411728
-0.0004592726 0.001882303
-0.0004576726 0.0009411517
-0.0004560726 -0.0009411517
-0.0004544726 0.001882303
-0.0004528726 0.0004705758
-0.0004512726 0.001411728
-0.0004496726 0.001411728
-0.0004480726 0.002823455
-0.0004464726 0.0009411517
-0.0004448726 0.003764607
-0.0004432726 0.001411728
-0.0004416726 0.003764607
-0.0004400726 0.0009411517
-0.0004384726 0.0004705758
-0.0004368726 0.003294031
-0.0004352726 0.001882303
-0.0004336726 0.001411728
-0.0004320726 0.001882303
-0.0004304726 0.001411728
-0.0004288726 0.003764607
-0.0004272726 0.001411728
-0.0004256726 0.001411728
-0.0004240726 0.003294031
-0.0004224726 0.001882303
-0.0004208726 0.001882303
-0.0004192726 0.002823455
-0.0004176726 0.002352879
-0.0004160726 0.002352879
-0.0004144726 0.005176334
-0.0004128726 0.003294031
-0.0004112726 0.002352879
-0.0004096726 0.002823455
-0.0004080726 0.001411728
-0.0004064726 0.0009411517
-0.0004048726 0.0004705758
-0.0004032726 0.0009411517
-0.0004016726 0.002823455
-0.0004000726 0.001882303
-0.0003984726 0
-0.0003968726 0.001411728
-0.0003952726 0.0009411517
-0.0003936726 0.002823455
-0.0003920726 0.002823455
-0.0003904726 0.0004705758
-0.0003888726 0.001882303
-0.0003872726 0.002823455
-0.0003856726 0.0009411517
-0.0003840726 0.002352879
-0.0003824726 0.001882303
-0.0003808726 0.002352879
-0.0003792726 0.003764607
-0.0003776726 0.001882303
-0.0003760726 0.003294031
-0.0003744726 0.001882303
-0.0003728726 0.0009411517
-0.0003712726 0.002352879
-0.0003696726 0.0009411517
-0.0003680726 0.002352879
-0.0003664726 0.0009411517
-0.0003648726 0.002352879
-0.0003632726 0.003764607
-0.0003616726 0.001411728
-0.0003600726 0.001882303
-0.0003584726 0.002352879
-0.0003568726 0.002352879
-0.0003552726 0.001882303
-0.0003536726 0
-0.0003520726 0.0009411517
-0.0003504726 0.0009411517
-0.0003488726 0.001411728
-0.0003472726 0
-0.0003456726 0.001411728
-0.0003440726 -0.001411728
-0.0003424726 0.001411728
-0.0003408726 0.002823455
-0.0003392726 0.001882303
-0.0003376726 0.002352879
-0.0003360726 0.002352879
-0.0003344726 0.001882303
-0.0003328726 0.0009411517
-0.0003312726 0.002823455
-0.0003296726 0.001882303
-0.0003280726 0.001882303
-0.0003264726 0.001882303
-0.0003248726 0.001882303
-0.0003232726 0.002823455
-0.0003216726 0.001882303
-0.0003200726 0.001882303
-0.0003184726 0.003294031
-0.0003168726 0.001882303
-0.0003152726 0.001411728
-0.0003136726 0.001411728
-0.0003120726 0.001882303
-0.0003104726 0.001882303
-0.0003088726 0.002352879
-0.0003072726 0.003764607
-0.0003056726 0.001411728
-0.0003040726 0.002352879
-0.0003024726 0.001882303
-0.0003008726 0.001882303
-0.0002992726 0.002823455
-0.0002976726 0.0009411517
-0.0002960726 0.001411728
-0.0002944726 0.001882303
-0.0002928726 0.002823455
-0.0002912726 0.003764607
-0.0002896726 0.002352879
-0.0002880726 0.002352879
-0.0002864726 0.001882303
-0.0002848726 0.001411728
-0.0002832726 0.002352879
-0.0002816726 0.003294031
-0.0002800726 0.001411728
-0.0002784726 0.003764607
-0.0002768726 0.0009411517
-0.0002752726 0.003294031
-0.0002736726 0.001411728
-0.0002720726 0.002823455
-0.0002704726 0.0009411517
-0.0002688726 0.002352879
-0.0002672726 0.001411728
-0.0002656726 0.0009411517
-0.0002640726 0.001882303
-0.0002624726 0.001411728
-0.0002608726 0.001882303
-0.0002592726 0.001411728
-0.0002576726 0.002823455
-0.0002560726 0.001882303
-0.0002544726 0
-0.0002528726 0.001411728
-0.0002512726 0.002823455
-0.0002496726 0.002823455
-0.0002480726 0.002352879
-0.0002464726 0.0009411517
-0.0002448726 0.002352879
-0.0002432726 0.002352879
-0.0002416726 0.0009411517
-0.0002400726 0.0004705758
-0.0002384726 -0.0004705758
-0.0002368726 0.002352879
-0.0002352726 0.0004705758
-0.0002336726 0.002352879
-0.0002320726 0.0009411517
-0.0002304726 0.0009411517
-0.0002288726 0.0004705758
-0.0002272726 0.0009411517
-0.0002256726 0.001411728
-0.0002240726 0.002352879
-0.0002224726 0.001411728
-0.0002208726 0.003764607
-0.0002192726 0.001882303
-0.0002176726 0.001882303
-0.0002160726 0.0004705758
-0.0002144726 0.002352879
-0.0002128726 -0.0009411517
-0.0002112726 0.001411728
-0.0002096726 0.001882303
-0.0002080726 0.004235183
-0.0002064726 -0.0004705758
-0.0002048726 0.0009411517
-0.0002032726 0.004235183
-0.0002016726 0.003294031
-0.0002000726 0.001882303
-0.0001984726 0.0004705758
-0.0001968726 0.0004705758
-0.0001952726 0.0009411517
-0.0001936726 0.001882303
-0.0001920726 0.001411728
-0.0001904726 -0.0004705758
-0.0001888726 0.0004705758
-0.0001872726 0.001882303
-0.0001856726 0.001882303
-0.0001840726 0.001411728
-0.0001824726 0.002352879
-0.0001808726 0.001411728
-0.0001792726 0.002352879
-0.0001776726 0.0004705758
-0.0001760726 0
-0.0001744726 0.001411728
-0.0001728726 0.002823455
-0.0001712726 0.001411728
-0.0001696726 0.002352879
-0.0001680726 0.001882303
-0.0001664726 0.001411728
-0.0001648726 0.003294031
-0.0001632726 0.0009411517
-0.0001616726 0.001882303
-0.0001600726 0.001882303
-0.0001584726 0.001882303
-0.0001568726 0.003294031
-0.0001552726 0.002352879
-0.0001536726 0.001882303
-0.0001520726 0.001411728
-0.0001504726 0.001411728
-0.0001488726 0.0009411517
-0.0001472726 0.0009411517
-0.0001456726 0.002823455
-0.0001440726 0.002823455
-0.0001424726 0.0004705758
-0.0001408726 0.001882303
-0.0001392726 0.003294031
-0.0001376726 0.002823455
-0.0001360726 0.002352879
-0.0001344726 0.001882303
-0.0001328726 0.001411728
-0.0001312726 0.001882303
-0.0001296726 0.002352879
-0.0001280726 0.001411728
-0.0001264726 0.002823455
-0.0001248726 0.002823455
-0.0001232726 0.002352879
-0.0001216726 0.0004705758
-0.0001200726 0.0009411517
-0.0001184726 0.001411728
-0.0001168726 0.001411728
-0.0001152726 0.001411728
-0.0001136726 0.0004705758
-0.0001120726 0.0009411517
-0.0001104726 0.001411728
-0.0001088726 0.001882303
-0.0001072726 0
-0.0001056726 0.001882303
-0.0001040726 0.002352879
-0.0001024726 0.001411728
-0.0001008726 0.0004705758
-9.92726e-005 0.001411728
-9.76726e-005 0.0004705758
-9.60726e-005 0.0009411517
-9.44726e-005 0.002352879
-9.28726e-005 0.0009411517
-9.12726e-005 0.0004705758
-8.96726e-005 0.002352879
-8.80726e-005 0.001882303
-8.64726e-005 0.001411728
-8.48726e-005 0.001411728
-8.32726e-005 0.001882303
-8.16726e-005 0.001882303
-8.00726e-005 0.0009411517
-7.84726e-005 0.002352879
-7.68726e-005 0.002352879
-7.52726e-005 0.0004705758
-7.36726e-005 0.0009411517
-7.20726e-005 0.0009411517
-7.04726e-005 0.0004705758
-6.88726e-005 0.0004705758
-6.72726e-005 0.0009411517
-6.56726e-005 0.0009411517
-6.40726e-005 0.001411728
-6.24726e-005 0
-6.08726e-005 0.001411728
-5.92726e-005 -0.001411728
-5.76726e-005 0.0004705758
-5.60726e-005 0.0009411517
-5.44726e-005 0.001882303
-5.28726e-005 0.0009411517
-5.12726e-005 0
-4.96726e-005 0.002352879
-4.80726e-005 0.003294031
-4.64726e-005 0.001882303
-4.48726e-005 0
-4.32726e-005 -0.001411728
-4.16726e-005 -0.008940941
-4.00726e-005 -0.01694073
-3.84726e-005 -0.02635225
-3.68726e-005 -0.03764607
-3.52726e-005 -0.04705758
-3.36726e-005 -0.05599852
-3.20726e-005 -0.06870407
-3.04726e-005 -0.07952732
-2.88726e-005 -0.08846826
-2.72726e-005 -0.09882093
-2.56726e-005 -0.105409
-2.40726e-005 -0.1162322
-2.24726e-005 -0.1218791
-2.08726e-005 -0.1289378
-1.92726e-005 -0.1336435
-1.76726e-005 -0.1374081
-1.60726e-005 -0.1350553
-1.44726e-005 -0.1345847
-1.28726e-005 -0.1294084
-1.12726e-005 -0.1199968
-9.6726e-006 -0.1068207
-8.0726e-006 -0.09082114
-6.4726e-006 -0.07576271
-4.8726e-006 -0.0564691
-3.2726e-006 -0.03905779
-1.6726e-006 -0.01929361
-7.26e-008 -0.004705758
1.5274e-006 0.007529213
3.1274e-006 0.01599958
4.7274e-006 0.02258764
6.3274e-006 0.02399937
7.9274e-006 0.02776397
9.5274e-006 0.02823455
1.11274e-005 0.02635225
1.27274e-005 0.02588167
1.43274e-005 0.02305822
1.59274e-005 0.02117591
1.75274e-005 0.01929361
1.91274e-005 0.01599958
2.07274e-005 0.0136467
2.23274e-005 0.0117644
2.39274e-005 0.008470365
2.55274e-005 0.005176334
2.71274e-005 0.003764607
2.87274e-005 0.004235183
3.03274e-005 0.002823455
3.19274e-005 0.003764607
3.35274e-005 0.00564691
3.51274e-005 0.003294031
3.67274e-005 0.002352879
3.83274e-005 0.002352879
3.99274e-005 -0.0004705758
4.15274e-005 -0.0009411517
4.31274e-005 -0.004235183
4.47274e-005 -0.005176334
4.63274e-005 -0.007058638
4.79274e-005 -0.006588062
4.95274e-005 -0.007058638
5.11274e-005 -0.004705758
5.27274e-005 -0.002352879
5.43274e-005 -0.0004705758
5.59274e-005 0.0004705758
5.75274e-005 0.004705758
5.91274e-005 0.006588062
6.07274e-005 0.007999789
6.23274e-005 0.007058638
6.39274e-005 0.008940941
6.55274e-005 0.007529213
6.71274e-005 0.008940941
6.87274e-005 0.00564691
7.03274e-005 0.007529213
7.19274e-005 0.006117486
7.35274e-005 0.00564691
7.51274e-005 0.004235183
7.67274e-005 0.003294031
7.83274e-005 0.003294031
7.99274e-005 0.002823455
8.15274e-005 0.0004705758
8.31274e-005 -0.0009411517
8.47274e-005 -0.002823455
8.63274e-005 -0.003764607
8.79274e-005 -0.004705758
8.95274e-005 -0.009882093
9.11274e-005 -0.01082324
9.27274e-005 -0.01317612
9.43274e-005 -0.015529
9.59274e-005 -0.01788188
9.75274e-005 -0.01976419
9.91274e-005 -0.01929361
0.0001007274 -0.02023476
0.0001023274 -0.02117591
0.0001039274 -0.02070534
0.0001055274 -0.02164649
0.0001071274 -0.01976419
0.0001087274 -0.01647015
0.0001103274 -0.01647015
0.0001119274 -0.01317612
0.0001135274 -0.007529213
0.0001151274 -0.007058638
0.0001167274 -0.004235183
0.0001183274 -0.002823455
0.0001199274 0.0009411517
0.0001215274 0.004235183
0.0001231274 0.005176334
0.0001247274 0.007529213
0.0001263274 0.01035267
0.0001279274 0.01082324
0.0001295274 0.01458785
0.0001311274 0.0117644
0.0001327274 0.01223497
0.0001343274 0.0136467
0.0001359274 0.01411728
0.0001375274 0.0136467
0.0001391274 0.01411728
0.0001407274 0.01270555
0.0001423274 0.01270555
0.0001439274 0.01317612
0.0001455274 0.01411728
0.0001471274 0.015529
0.0001487274 0.01458785
0.0001503274 0.01694073
0.0001519274 0.01694073
0.0001535274 0.01835246
0.0001551274 0.01929361
0.0001567274 0.01788188
0.0001583274 0.01788188
0.0001599274 0.01788188
0.0001615274 0.01976419
0.0001631274 0.01929361
0.0001647274 0.01929361
0.0001663274 0.01741131
0.0001679274 0.01741131
0.0001695274 0.01835246
0.0001711274 0.01694073
0.0001727274 0.01694073
0.0001743274 0.01647015
0.0001759274 0.01458785
0.0001775274 0.01411728
0.0001791274 0.01458785
0.0001807274 0.01411728
0.0001823274 0.01317612
0.0001839274 0.01270555
0.0001855274 0.0117644
0.0001871274 0.01270555
0.0001887274 0.01270555
0.0001903274 0.01411728
0.0001919274 0.01270555
0.0001935274 0.0117644
0.0001951274 0.0136467
0.0001967274 0.01317612
0.0001983274 0.01223497
0.0001999274 0.01082324
0.0002015274 0.01129382
0.0002031274 0.008940941
0.0002047274 0.008470365
0.0002063274 0.007058638
0.0002079274 0.007999789
0.0002095274 0.007529213
0.0002111274 0.006117486
0.0002127274 0.006117486
0.0002143274 0.006588062
0.0002159274 0.004705758
0.0002175274 0.004705758
0.0002191274 0.002823455
0.0002207274 0.004235183
0.0002223274 0.00564691
0.0002239274 0.004235183
0.0002255274 0.005176334
0.0002271274 0.003764607
0.0002287274 0.005176334
0.0002303274 0.004705758
0.0002319274 0.005176334
0.0002335274 0.005176334
0.0002351274 0.004235183
0.0002367274 0.00564691
0.0002383274 0.00564691
0.0002399274 0.007999789
0.0002415274 0.006117486
0.0002431274 0.006117486
0.0002447274 0.00564691
0.0002463274 0.007058638
0.0002479274 0.006588062
0.0002495274 0.006117486
0.0002511274 0.005176334
0.0002527274 0.006117486
0.0002543274 0.007529213
0.0002559274 0.008470365
0.0002575274 0.008940941
0.0002591274 0.009411517
0.0002607274 0.009882093
0.0002623274 0.01129382
0.0002639274 0.01082324
0.0002655274 0.009882093
0.0002671274 0.01270555
0.0002687274 0.0136467
0.0002703274 0.01458785
0.0002719274 0.015529
0.0002735274 0.01647015
0.0002751274 0.01788188
0.0002767274 0.01788188
0.0002783274 0.01882303
0.0002799274 0.01835246
0.0002815274 0.01929361
0.0002831274 0.01929361
0.0002847274 0.02117591
0.0002863274 0.02023476
0.0002879274 0.01976419
0.0002895274 0.01882303
0.0002911274 0.01976419
0.0002927274 0.02023476
0.0002943274 0.02117591
0.0002959274 0.02023476
0.0002975274 0.02070534
0.0002991274 0.02258764
0.0003007274 0.02211706
0.0003023274 0.02352879
0.0003039274 0.02164649
0.0003055274 0.02305822
0.0003071274 0.02446994
0.0003087274 0.02164649
0.0003103274 0.02164649
0.0003119274 0.02023476
0.0003135274 0.01882303
0.0003151274 0.02023476
0.0003167274 0.01976419
0.0003183274 0.01835246
0.0003199274 0.02023476
0.0003215274 0.01835246
0.0003231274 0.01882303
0.0003247274 0.01741131
0.0003263274 0.01929361
0.0003279274 0.01929361
0.0003295274 0.02023476
0.0003311274 0.01741131
0.0003327274 0.01599958
0.0003343274 0.01741131
0.0003359274 0.01599958
0.0003375274 0.01458785
0.0003391274 0.0136467
0.0003407274 0.01270555
0.0003423274 0.01129382
0.0003439274 0.009882093
0.0003455274 0.008470365
0.0003471274 0.007999789
0.0003487274 0.00564691
0.0003503274 0.004705758
0.0003519274 0.003294031
0.0003535274 0.002352879
0.0003551274 0.001882303
0.0003567274 0.001411728
0.0003583274 0.0009411517
0.0003599274 -0.0004705758
0.0003615274 0.0004705758
0.0003631274 -0.0004705758
0.0003647274 -0.0004705758
0.0003663274 -0.001411728
0.0003679274 -0.0004705758
0.0003695274 -0.001882303
0.0003711274 -0.0004705758
0.0003727274 -0.0009411517
0.0003743274 0.0009411517
0.0003759274 0
0.0003775274 0.002352879
0.0003791274 0.002823455
0.0003807274 0.0009411517
0.0003823274 0.001411728
0.0003839274 0.002352879
0.0003855274 0.001882303
0.0003871274 0.001882303
0.0003887274 0.002352879
0.0003903274 0.003764607
0.0003919274 0.001411728
0.0003935274 0.0004705758
0.0003951274 0.0009411517
0.0003967274 0.0004705758
0.0003983274 0.0009411517
0.0003999274 0
0.0004015274 -0.0009411517
0.0004031274 -0.001411728
0.0004047274 -0.003294031
0.0004063274 -0.002823455
0.0004079274 -0.003764607
0.0004095274 -0.005176334
0.0004111274 -0.003294031
0.0004127274 -0.003764607
0.0004143274 -0.005176334
0.0004159274 -0.002352879
0.0004175274 -0.002823455
0.0004191274 -0.001882303
0.0004207274 -0.003764607
0.0004223274 -0.001411728
0.0004239274 -0.0009411517
0.0004255274 -0.0009411517
0.0004271274 0
0.0004287274 -0.0004705758
0.0004303274 -0.0004705758
0.0004319274 -0.001882303
0.0004335274 -0.0004705758
0.0004351274 -0.002352879
0.0004367274 -0.0009411517
0.0004383274 -0.0004705758
0.0004399274 -0.002352879
0.0004415274 -0.004705758
0.0004431274 -0.003294031
0.0004447274 -0.002823455
0.0004463274 -0.003294031
0.0004479274 -0.004705758
0.0004495274 -0.006588062
0.0004511274 -0.006117486
0.0004527274 -0.006588062
0.0004543274 -0.004235183
0.0004559274 -0.008470365
0.0004575274 -0.007058638
0.0004591274 -0.007999789
0.0004607274 -0.007058638
0.0004623274 -0.006117486
0.0004639274 -0.005176334
0.0004655274 -0.006117486
0.0004671274 -0.005176334
0.0004687274 -0.005176334
0.0004703274 -0.004235183
0.0004719274 -0.003764607
0.0004735274 -0.004705758
0.0004751274 -0.003764607
0.0004767274 -0.003294031
0.0004783274 -0.002823455
0.0004799274 -0.003294031
0.0004815274 -0.002823455
0.0004831274 -0.004235183
0.0004847274 -0.002352879
0.0004863274 -0.002352879
0.0004879274 -0.002823455
0.0004895274 -0.001882303
0.0004911274 -0.001411728
0.0004927274 -0.0009411517
0.0004943274 -0.001411728
0.0004959274 0
0.0004975274 -0.0004705758
0.0004991274 0.001411728
0.0005007274 0.0004705758
0.0005023274 0.001411728
0.0005039274 0.001882303
0.0005055274 0.0009411517
0.0005071274 0.001411728
0.0005087274 0.0009411517
0.0005103274 0.003294031
0.0005119274 0.0004705758
0.0005135274 0.002823455
0.0005151274 0.0004705758
0.0005167274 0.0009411517
0.0005183274 0.0009411517
0.0005199274 0.0009411517
0.0005215274 0
0.0005231274 -0.0004705758
0.0005247274 0.0004705758
0.0005263274 -0.0004705758
0.0005279274 -0.001411728
0.0005295274 0
0.0005311274 0
0.0005327274 0.0004705758
0.0005343274 0.002352879
0.0005359274 0.0009411517
0.0005375274 0.002823455
0.0005391274 0.004705758
0.0005407274 0.005176334
0.0005423274 0.004705758
0.0005439274 0.008470365
0.0005455274 0.007999789
0.0005471274 0.01035267
0.0005487274 0.01082324
0.0005503274 0.01035267
0.0005519274 0.01223497
0.0005535274 0.0117644
0.0005551274 0.01317612
0.0005567274 0.01317612
0.0005583274 0.01411728
0.0005599274 0.01411728
0.0005615274 0.01411728
0.0005631274 0.01411728
0.0005647274 0.01317612
0.0005663274 0.01458785
0.0005679274 0.0136467
0.0005695274 0.01411728
0.0005711274 0.01270555
0.0005727274 0.01270555
0.0005743274 0.01458785
0.0005759274 0.01458785
0.0005775274 0.01458785
0.0005791274 0.01835246
0.0005807274 0.01835246
0.0005823274 0.02117591
0.0005839274 0.02211706
0.0005855274 0.02305822
0.0005871274 0.02352879
0.0005887274 0.02494052
0.0005903274 0.02635225
0.0005919274 0.0291757
0.0005935274 0.0291757
0.0005951274 0.03058743
0.0005967274 0.03388146
0.0005983274 0.03152858
0.0005999274 0.03199916
0.0006015274 0.03058743
0.0006031274 0.03152858
0.0006047274 0.0291757
0.0006063274 0.0272934
0.0006079274 0.02399937
0.0006095274 0.02211706
0.0006111274 0.01882303
0.0006127274 0.01788188
0.0006143274 0.01411728
0.0006159274 0.009411517
0.0006175274 0.007058638
0.0006191274 0.005176334
0.0006207274 0.003764607
0.0006223274 -0.0004705758
0.0006239274 -0.0004705758
0.0006255274 -0.003294031
0.0006271274 -0.004235183
0.0006287274 -0.004235183
0.0006303274 -0.00564691
0.0006319274 -0.006117486
0.0006335274 -0.005176334
0.0006351274 -0.005176334
0.0006367274 -0.002823455
0.0006383274 -0.003764607
0.0006399274 -0.001411728
0.0006415274 -0.0004705758
0.0006431274 0.0004705758
0.0006447274 0.002352879
0.0006463274 0.003764607
0.0006479274 0.004705758
0.0006495274 0.00564691
0.0006511274 0.008470365
0.0006527274 0.009411517
0.0006543274 0.008470365
0.0006559274 0.009882093
0.0006575274 0.008940941
0.0006591274 0.01035267
0.0006607274 0.009411517
0.0006623274 0.01223497
0.0006639274 0.01035267
0.0006655274 0.01035267
0.0006671274 0.01035267
0.0006687274 0.009411517
0.0006703274 0.009411517
0.0006719274 0.009411517
0.0006735274 0.008470365
0.0006751274 0.009882093
0.0006767274 0.01082324
0.0006783274 0.01129382
0.0006799274 0.01223497
0.0006815274 0.0117644
0.0006831274 0.01129382
0.0006847274 0.01129382
0.0006863274 0.01223497
0.0006879274 0.009882093
0.0006895274 0.01082324
0.0006911274 0.0117644
0.0006927274 0.01223497
0.0006943274 0.01223497
0.0006959274 0.01129382
0.0006975274 0.009411517
0.0006991274 0.009882093
0.0007007274 0.01035267
0.0007023274 0.009882093
0.0007039274 0.008470365
0.0007055274 0.009411517
0.0007071274 0.008470365
0.0007087274 0.007529213
0.0007103274 0.008940941
0.0007119274 0.009411517
0.0007135274 0.009411517
0.0007151274 0.007999789
0.0007167274 0.01035267
0.0007183274 0.009882093
0.0007199274 0.009882093
0.0007215274 0.008940941
0.0007231274 0.009411517
0.0007247274 0.008940941
0.0007263274 0.009411517
0.0007279274 0.008940941
0.0007295274 0.008470365
0.0007311274 0.006588062
0.0007327274 0.006117486
0.0007343274 0.00564691
0.0007359274 0.004235183
0.0007375274 0.003764607
0.0007391274 0.003294031
0.0007407274 0.003294031
0.0007423274 0.0004705758
0.0007439274 0
0.0007455274 -0.0004705758
0.0007471274 -0.004235183
0.0007487274 -0.002823455
0.0007503274 -0.005176334
0.0007519274 -0.006117486
0.0007535274 -0.007999789
0.0007551274 -0.007529213
0.0007567274 -0.006588062
0.0007583274 -0.006117486
0.0007599274 -0.007529213
0.0007615274 -0.00564691
0.0007631274 -0.00564691
0.0007647274 -0.00564691
0.0007663274 -0.00564691
0.0007679274 -0.004705758
0.0007695274 -0.002352879
0.0007711274 -0.002352879
0.0007727274 -0.001411728
0.0007743274 0.0009411517
0.0007759274 0.002823455
0.0007775274 0.003764607
0.0007791274 0.00564691
0.0007807274 0.004235183
0.0007823274 0.004705758
0.0007839274 0.006117486
0.0007855274 0.007529213
0.0007871274 0.007529213
0.0007887274 0.007999789
0.0007903274 0.007999789
0.0007919274 0.007999789
0.0007935274 0.005176334
0.0007951274 0.003294031
0.0007967274 0.003764607
0.0007983274 0.0009411517
0.0007999274 -0.001411728
0.0008015274 -0.004705758
0.0008031274 -0.004705758
0.0008047274 -0.008470365
0.0008063274 -0.0117644
0.0008079274 -0.01270555
0.0008095274 -0.01505843
0.0008111274 -0.01647015
0.0008127274 -0.01599958
0.0008143274 -0.01599958
0.0008159274 -0.01694073
0.0008175274 -0.01505843
0.0008191274 -0.01458785
0.0008207274 -0.01458785
0.0008223274 -0.01505843
0.0008239274 -0.01270555
0.0008255274 -0.01129382
0.0008271274 -0.01082324
0.0008287274 -0.009411517
0.0008303274 -0.007058638
0.0008319274 -0.004705758
0.0008335274 -0.001411728
0.0008351274 -0.002823455
0.0008367274 -0.0009411517
0.0008383274 -0.0009411517
0.0008399274 -0.001411728
0.0008415274 0.0004705758
0.0008431274 -0.0009411517
0.0008447274 -0.0004705758
0.0008463274 -0.003294031
0.0008479274 -0.002823455
0.0008495274 -0.003764607
0.0008511274 -0.003764607
0.0008527274 -0.006117486
0.0008543274 -0.007529213
0.0008559274 -0.007058638
0.0008575274 -0.007999789
0.0008591274 -0.01082324
0.0008607274 -0.007058638
0.0008623274 -0.009411517
0.0008639274 -0.007999789
0.0008655274 -0.008470365
0.0008671274 -0.006588062
0.0008687274 -0.007999789
0.0008703274 -0.007058638
0.0008719274 -0.007058638
0.0008735274 -0.006117486
0.0008751274 -0.004235183
0.0008767274 -0.002352879
0.0008783274 -0.003764607
0.0008799274 -0.001882303
0.0008815274 -0.002352879
0.0008831274 -0.0009411517
0.0008847274 -0.001411728
0.0008863274 -0.002352879
0.0008879274 -0.003294031
0.0008895274 -0.001882303
0.0008911274 -0.003294031
0.0008927274 -0.004705758
0.0008943274 -0.005176334
0.0008959274 -0.00564691
0.0008975274 -0.007058638
0.0008991274 -0.007529213
0.0009007274 -0.006588062
0.0009023274 -0.007529213
0.0009039274 -0.009411517
0.0009055274 -0.009882093
0.0009071274 -0.009882093
0.0009087274 -0.009411517
0.0009103274 -0.01035267
0.0009119274 -0.008470365
0.0009135274 -0.008470365
0.0009151274 -0.007999789
0.0009167274 -0.007999789
0.0009183274 -0.006117486
0.0009199274 -0.00564691
0.0009215274 -0.004235183
0.0009231274 -0.002352879
0.0009247274 -0.001411728
0.0009263274 0.0009411517
0.0009279274 0.002352879
0.0009295274 0.002823455
0.0009311274 0.004235183
0.0009327274 0.004235183
0.0009343274 0.005176334
0.0009359274 0.007058638
0.0009375274 0.007529213
0.0009391274 0.007529213
0.0009407274 0.007058638
0.0009423274 0.007999789
0.0009439274 0.008940941
0.0009455274 0.007999789
0.0009471274 0.007999789
0.0009487274 0.006588062
0.0009503274 0.007999789
0.0009519274 0.007529213
0.0009535274 0.007999789
0.0009551274 0.006588062
0.0009567274 0.007058638
0.0009583274 0.006117486
0.0009599274 0.008470365
0.0009615274 0.007529213
0.0009631274 0.007058638
0.0009647274 0.008470365
0.0009663274 0.007529213
0.0009679274 0.007529213
0.0009695274 0.007529213
0.0009711274 0.008470365
0.0009727274 0.008470365
0.0009743274 0.007999789
0.0009759274 0.007058638
0.0009775274 0.007058638
0.0009791274 0.007999789
0.0009807274 0.008470365
0.0009823274 0.007529213
0.0009839274 0.006588062
0.0009855274 0.009411517
0.0009871274 0.008940941
0.0009887274 0.009411517
0.0009903274 0.007999789
0.0009919274 0.008470365
0.0009935274 0.007529213
0.0009951274 0.008940941
0.0009967274 0.009882093
0.0009983274 0.009882093
0.0009999274 0.008940941
0.001001527 0.008940941
0.001003127 0.008940941
0.001004727 0.007999789
0.001006327 0.01082324
0.001007927 0.009882093
0.001009527 0.008940941
0.001011127 0.01035267
0.001012727 0.008470365
0.001014327 0.007999789
0.001015927 0.007999789
0.001017527 0.007999789
0.001019127 0.007529213
0.001020727 0.007999789
0.001022327 0.007999789
0.001023927 0.008940941
0.001025527 0.007058638
0.001027127 0.008940941
0.001028727 0.007529213
0.001030327 0.008470365
0.001031927 0.008470365
0.001033527 0.007999789
0.001035127 0.008940941
0.001036727 0.008940941
0.001038327 0.008940941
0.001039927 0.006117486
0.001041527 0.006588062
0.001043127 0.004705758
0.001044727 0.006117486
0.001046327 0.006588062
0.001047927 0.007058638
0.001049527 0.002823455
0.001051127 0.003764607
0.001052727 0.001411728
0.001054327 0.0004705758
0.001055927 0
0.001057527 -0.0009411517
0.001059127 -0.001411728
0.001060727 -0.001411728
0.001062327 -0.002823455
0.001063927 -0.004235183
0.001065527 -0.006117486
0.001067127 -0.007529213
0.001068727 -0.007058638
0.001070327 -0.009411517
0.001071927 -0.01223497
0.001073527 -0.01223497
0.001075127 -0.01317612
0.001076727 -0.01505843
0.001078327 -0.01505843
0.001079927 -0.01599958
0.001081527 -0.01505843
0.001083127 -0.01505843
0.001084727 -0.01694073
0.001086327 -0.01599958
0.001087927 -0.01458785
0.001089527 -0.01270555
0.001091127 -0.01270555
0.001092727 -0.01270555
0.001094327 -0.01082324
0.001095927 -0.01035267
0.001097527 -0.01035267
0.001099127 -0.008940941
0.001100727 -0.007058638
0.001102327 -0.006588062
0.001103927 -0.006588062
0.001105527 -0.007999789
0.001107127 -0.007058638
0.001108727 -0.006117486
0.001110327 -0.007529213
0.001111927 -0.007058638
0.001113527 -0.007999789
0.001115127 -0.007058638
0.001116727 -0.009882093
0.001118327 -0.01035267
0.001119927 -0.01035267
0.001121527 -0.008940941
0.001123127 -0.01035267
0.001124727 -0.009411517
0.001126327 -0.01035267
0.001127927 -0.01082324
0.001129527 -0.009882093
0.001131127 -0.009411517
0.001132727 -0.01223497
0.001134327 -0.01129382
0.001135927 -0.01129382
0.001137527 -0.008470365
0.001139127 -0.01035267
0.001140727 -0.01223497
0.001142327 -0.0117644
0.001143927 -0.01129382
0.001145527 -0.009882093
0.001147127 -0.009882093
0.001148727 -0.009411517
0.001150327 -0.007529213
0.001151927 -0.007058638
0.001153527 -0.007529213
0.001155127 -0.007058638
0.001156727 -0.006588062
0.001158327 -0.004705758
0.001159927 -0.005176334
0.001161527 -0.004705758
0.001163127 -0.004235183
0.001164727 -0.00564691
0.001166327 -0.004705758
0.001167927 -0.003764607
0.001169527 -0.005176334
0.001171127 -0.00564691
0.001172727 -0.007529213
0.001174327 -0.007999789
0.001175927 -0.009882093
0.001177527 -0.009882093
0.001179127 -0.01223497
0.001180727 -0.01270555
0.001182327 -0.0136467
0.001183927 -0.015529
0.001185527 -0.01788188
0.001187127 -0.02070534
0.001188727 -0.02117591
0.001190327 -0.02352879
0.001191927 -0.02070534
0.001193527 -0.02305822
0.001195127 -0.02164649
0.001196727 -0.02305822
0.001198327 -0.02164649
0.001199927 -0.02211706
0.001201527 -0.02258764
0.001203127 -0.02399937
0.001204727 -0.02070534
0.001206327 -0.02023476
0.001207927 -0.01882303
0.001209527 -0.01788188
0.001211127 -0.01741131
0.001212727 -0.01788188
0.001214327 -0.01647015
0.001215927 -0.01647015
0.001217527 -0.01270555
0.001219127 -0.01270555
0.001220727 -0.01082324
0.001222327 -0.008470365
0.001223927 -0.008940941
0.001225527 -0.006588062
0.001227127 -0.004235183
0.001228727 -0.006588062
0.001230327 -0.005176334
0.001231927 -0.004235183
0.001233527 -0.004235183
0.001235127 -0.004705758
0.001236727 -0.003764607
0.001238327 -0.005176334
0.001239927 -0.005176334
0.001241527 -0.003764607
0.001243127 -0.002823455
0.001244727 -0.005176334
0.001246327 -0.004705758
0.001247927 -0.004705758
0.001249527 -0.003764607
0.001251127 -0.007529213
0.001252727 -0.006588062
0.001254327 -0.004235183
0.001255927 -0.004705758
0.001257527 -0.003764607
0.001259127 -0.005176334
0.001260727 -0.003294031
0.001262327 -0.004235183
0.001263927 -0.003764607
0.001265527 -0.003764607
0.001267127 -0.005176334
0.001268727 -0.003294031
0.001270327 -0.003764607
0.001271927 -0.002823455
0.001273527 -0.004705758
0.001275127 -0.004705758
0.001276727 -0.006588062
0.001278327 -0.008470365
0.001279927 -0.007999789
0.001281527 -0.007529213
0.001283127 -0.01082324
0.001284727 -0.01082324
0.001286327 -0.009882093
0.001287927 -0.01082324
0.001289527 -0.0136467
0.001291127 -0.01317612
0.001292727 -0.01458785
0.001294327 -0.01270555
0.001295927 -0.01317612
0.001297527 -0.01223497
0.001299127 -0.0136467
0.001300727 -0.01270555
0.001302327 -0.01270555
0.001303927 -0.0136467
0.001305527 -0.01270555
0.001307127 -0.01270555
0.001308727 -0.01223497
0.001310327 -0.0136467
0.001311927 -0.01270555
0.001313527 -0.01223497
0.001315127 -0.01458785
0.001316727 -0.01223497
0.001318327 -0.01270555
0.001319927 -0.0136467
0.001321527 -0.01458785
0.001323127 -0.01270555
0.001324727 -0.01505843
0.001326327 -0.01223497
0.001327927 -0.01505843
0.001329527 -0.015529
0.001331127 -0.01458785
0.001332727 -0.01223497
0.001334327 -0.01458785
0.001335927 -0.01270555
0.001337527 -0.01317612
0.001339127 -0.01129382
0.001340727 -0.01129382
0.001342327 -0.008940941
0.001343927 -0.007529213
0.001345527 -0.007058638
0.001347127 -0.006588062
0.001348727 -0.006588062
0.001350327 -0.003764607
0.001351927 -0.004705758
0.001353527 -0.003764607
0.001355127 -0.003294031
0.001356727 -0.002823455
0.001358327 -0.001882303
0.001359927 -0.004705758
0.001361527 -0.002823455
0.001363127 -0.002352879
0.001364727 -0.003294031
0.001366327 -0.001882303
0.001367927 -0.001882303
0.001369527 -0.0004705758
0.001371127 0
0.001372727 0
0.001374327 -0.0009411517
0.001375927 0.0009411517
0.001377527 0.002352879
0.001379127 0.001882303
0.001380727 0.003294031
0.001382327 0.005176334
0.001383927 0.002823455
0.001385527 0.006588062
0.001387127 0.007058638
0.001388727 0.007999789
0.001390327 0.007058638
0.001391927 0.008470365
0.001393527 0.007529213
0.001395127 0.007999789
0.001396727 0.007529213
0.001398327 0.007529213
0.001399927 0.007058638
0.001401527 0.007529213
0.001403127 0.006588062
0.001404727 0.007058638
0.001406327 0.007058638
0.001407927 0.006588062
0.001409527 0.007529213
0.001411127 0.005176334
0.001412727 0.006588062
0.001414327 0.007058638
0.001415927 0.005176334
0.001417527 0.007529213
0.001419127 0.004705758
0.001420727 0.00564691
0.001422327 0.003764607
0.001423927 0.004235183
0.001425527 0.003764607
0.001427127 0.004235183
0.001428727 0.004705758
0.001430327 0.004705758
0.001431927 0.005176334
0.001433527 0.004705758
0.001435127 0.004705758
0.001436727 0.006588062
0.001438327 0.005176334
0.001439927 0.006588062
0.001441527 0.004705758
0.001443127 0.004705758
0.001444727 0.006117486
0.001446327 0.006117486
0.001447927 0.003764607
0.001449527 0.006117486
0.001451127 0.00564691
0.001452727 0.003294031
0.001454327 0.003294031
0.001455927 0.002823455
0.001457527 0.0009411517
0.001459127 0
0.001460727 -0.0009411517
0.001462327 -0.001882303
0.001463927 -0.001882303
0.001465527 -0.003294031
0.001467127 -0.005176334
0.001468727 -0.005176334
0.001470327 -0.007999789
0.001471927 -0.009411517
0.001473527 -0.01035267
0.001475127 -0.007999789
0.001476727 -0.0117644
0.001478327 -0.01317612
0.001479927 -0.01317612
0.001481527 -0.0136467
0.001483127 -0.015529
0.001484727 -0.01411728
0.001486327 -0.01270555
0.001487927 -0.01458785
0.001489527 -0.01317612
0.001491127 -0.01411728
0.001492727 -0.01129382
0.001494327 -0.009411517
0.001495927 -0.009411517
0.001497527 -0.007058638
0.001499127 -0.00564691
0.001500727 -0.002823455
0.001502327 -0.002823455
0.001503927 -0.001411728
0.001505527 -0.001882303
0.001507127 0.002352879
0.001508727 0.002823455
0.001510327 0.002352879
0.001511927 0.004705758
0.001513527 0.004705758
0.001515127 0.004705758
0.001516727 0.007058638
0.001518327 0.007058638
0.001519927 0.007999789
0.001521527 0.007999789
0.001523127 0.004705758
0.001524727 0.006588062
0.001526327 0.006588062
0.001527927 0.006588062
0.001529527 0.006588062
0.001531127 0.006117486
0.001532727 0.00564691
0.001534327 0.002352879
0.001535927 0.002823455
0.001537527 0.001882303
0.001539127 0.001882303
0.001540727 0.0004705758
0.001542327 0.003294031
0.001543927 0.0004705758
0.001545527 -0.0009411517
0.001547127 -0.001882303
0.001548727 -0.001882303
0.001550327 -0.002823455
0.001551927 -0.004705758
0.001553527 -0.006588062
0.001555127 -0.005176334
0.001556727 -0.005176334
0.001558327 -0.006588062
0.001559927 -0.007058638
0.001561527 -0.008470365
0.001563127 -0.007058638
0.001564727 -0.009411517
0.001566327 -0.009411517
0.001567927 -0.01035267
0.001569527 -0.01129382
0.001571127 -0.009882093
0.001572727 -0.009882093
0.001574327 -0.008940941
0.001575927 -0.008470365
0.001577527 -0.009411517
0.001579127 -0.008940941
0.001580727 -0.009411517
0.001582327 -0.009882093
0.001583927 -0.009411517
0.001585527 -0.007529213
0.001587127 -0.006588062
0.001588727 -0.007529213
0.001590327 -0.00564691
0.001591927 -0.005176334
0.001593527 -0.004705758
0.001595127 -0.002823455
0.001596727 -0.001882303
0.001598327 -0.001411728
0.001599927 0
0.001601527 0.001882303
0.001603127 0.003764607
0.001604727 0.004705758
0.001606327 0.005176334
0.001607927 0.006588062
0.001609527 0.009411517
0.001611127 0.009882093
0.001612727 0.008470365
0.001614327 0.009882093
0.001615927 0.01129382
0.001617527 0.01082324
0.001619127 0.01270555
0.001620727 0.0117644
0.001622327 0.0117644
0.001623927 0.01129382
0.001625527 0.01082324
0.001627127 0.01223497
0.001628727 0.01223497
0.001630327 0.01317612
0.001631927 0.01270555
0.001633527 0.009411517
0.001635127 0.01082324
0.001636727 0.01129382
0.001638327 0.01082324
0.001639927 0.008940941
0.001641527 0.009411517
0.001643127 0.007999789
0.001644727 0.01035267
0.001646327 0.01082324
0.001647927 0.01129382
0.001649527 0.01082324
0.001651127 0.01223497
0.001652727 0.0117644
0.001654327 0.009882093
0.001655927 0.01317612
0.001657527 0.0136467
0.001659127 0.01458785
0.001660727 0.01505843
0.001662327 0.01458785
0.001663927 0.01599958
0.001665527 0.01741131
0.001667127 0.01694073
0.001668727 0.01882303
0.001670327 0.01788188
0.001671927 0.01788188
0.001673527 0.01835246
0.001675127 0.01835246
0.001676727 0.01788188
0.001678327 0.01741131
0.001679927 0.01647015
0.001681527 0.015529
0.001683127 0.01647015
0.001684727 0.01505843
0.001686327 0.01458785
0.001687927 0.0136467
0.001689527 0.01129382
0.001691127 0.0117644
0.001692727 0.009882093
0.001694327 0.008470365
0.001695927 0.007529213
0.001697527 0.006117486
0.001699127 0.006117486
0.001700727 0.004235183
0.001702327 0.004235183
0.001703927 0.003294031
0.001705527 0.003764607
0.001707127 0.001882303
0.001708727 0.0004705758
0.001710327 0.001411728
0.001711927 0.001411728
0.001713527 -0.0009411517
0.001715127 0.0004705758
0.001716727 0.001411728
0.001718327 0.0004705758
0.001719927 0.002823455
0.001721527 0.001411728
0.001723127 0.0009411517
0.001724727 0.001882303
0.001726327 0.003294031
0.001727927 0.002823455
0.001729527 0.001882303
0.001731127 0.004705758
0.001732727 0.003294031
0.001734327 0.004235183
0.001735927 0.003764607
0.001737527 0.004235183
0.001739127 0.003294031
0.001740727 0.005176334
0.001742327 0.005176334
0.001743927 0.006117486
0.001745527 0.007529213
0.001747127 0.006588062
0.001748727 0.005176334
0.001750327 0.005176334
0.001751927 0.007058638
0.001753527 0.008470365
0.001755127 0.007058638
0.001756727 0.009411517
0.001758327 0.007529213
0.001759927 0.008470365
0.001761527 0.007529213
0.001763127 0.008940941
0.001764727 0.009411517
0.001766327 0.01035267
0.001767927 0.01035267
0.001769527 0.0117644
0.001771127 0.01082324
0.001772727 0.01129382
0.001774327 0.01223497
0.001775927 0.01458785
0.001777527 0.0117644
0.001779127 0.01129382
0.001780727 0.01411728
0.001782327 0.01317612
0.001783927 0.01270555
0.001785527 0.01317612
0.001787127 0.01411728
0.001788727 0.0136467
0.001790327 0.01223497
0.001791927 0.01317612
0.001793527 0.01223497
0.001795127 0.01411728
0.001796727 0.01082324
0.001798327 0.01270555
0.001799927 0.01270555
0.001801527 0.01411728
0.001803127 0.0136467
0.001804727 0.01270555
0.001806327 0.01223497
0.001807927 0.01223497
0.001809527 0.0117644
0.001811127 0.01082324
0.001812727 0.009882093
0.001814327 0.01129382
0.001815927 0.009411517
0.001817527 0.01129382
0.001819127 0.008940941
0.001820727 0.008940941
0.001822327 0.009411517
0.001823927 0.009411517
0.001825527 0.007999789
0.001827127 0.007999789
0.001828727 0.008470365
0.001830327 0.008470365
0.001831927 0.007529213
0.001833527 0.008470365
0.001835127 0.00564691
0.001836727 0.007058638
0.001838327 0.005176334
0.001839927 0.007529213
0.001841527 0.005176334
0.001843127 0.00564691
0.001844727 0.003764607
0.001846327 0.005176334
0.001847927 0.002823455
0.001849527 0.001882303
0.001851127 0.001882303
0.001852727 0
0.001854327 0.0009411517
0.001855927 0
0.001857527 0.0004705758
0.001859127 -0.0004705758
0.001860727 -0.001882303
0.001862327 -0.0009411517
0.001863927 -0.001411728
0.001865527 -0.0004705758
0.001867127 0
0.001868727 0.0009411517
0.001870327 0
0.001871927 0.0009411517
0.001873527 0.001411728
0.001875127 0.003294031
0.001876727 0.003294031
0.001878327 0.003764607
0.001879927 0.004235183
0.001881527 0.003294031
0.001883127 0.00564691
0.001884727 0.006117486
0.001886327 0.007058638
0.001887927 0.006588062
0.001889527 0.007529213
0.001891127 0.007529213
0.001892727 0.007529213
0.001894327 0.007999789
0.001895927 0.007529213
0.001897527 0.007058638
0.001899127 0.009411517
0.001900727 0.009411517
0.001902327 0.008940941
0.001903927 0.009411517
0.001905527 0.008940941
0.001907127 0.008940941
0.001908727 0.009411517
0.001910327 0.007999789
0.001911927 0.009411517
0.001913527 0.008470365
0.001915127 0.007999789
0.001916727 0.007058638
0.001918327 0.006117486
0.001919927 0.007999789
0.001921527 0.006117486
0.001923127 0.007529213
0.001924727 0.004705758
0.001926327 0.00564691
0.001927927 0.004705758
0.001929527 0.005176334
0.001931127 0.002352879
0.001932727 0.005176334
0.001934327 0.003764607
0.001935927 0.002823455
0.001937527 0.001411728
0.001939127 0.003294031
0.001940727 0.001411728
0.001942327 0.0009411517
0.001943927 0.001882303
0.001945527 -0.0004705758
0.001947127 -0.0009411517
0.001948727 -0.001882303
0.001950327 -0.003294031
0.001951927 -0.001882303
0.001953527 -0.002823455
0.001955127 -0.002352879
0.001956727 -0.004705758
0.001958327 -0.004705758
0.001959927 -0.004235183
0.001961527 -0.002823455
0.001963127 -0.004705758
0.001964727 -0.003294031
0.001966327 -0.004705758
0.001967927 -0.004705758
0.001969527 -0.004235183
0.001971127 -0.005176334
0.001972727 -0.003764607
0.001974327 -0.003294031
0.001975927 -0.003294031
0.001977527 -0.001882303
0.001979127 -0.001411728
0.001980727 -0.0004705758
0.001982327 -0.0009411517
0.001983927 -0.001411728
0.001985527 -0.0009411517
0.001987127 -0.0009411517
0.001988727 -0.002823455
0.001990327 -0.001882303
0.001991927 0
0.001993527 0.001411728
0.001995127 0.0009411517
0.001996727 -0.0004705758
0.001998327 0.0004705758
0.001999927 -0.0004705758
0.002001527 0.0004705758
0.002003127 0
0.002004727 -0.0009411517
0.002006327 0.001411728
0.002007927 0.0004705758
0.002009527 0.001882303
0.002011127 0.001882303
0.002012727 0.001882303
0.002014327 0.001411728
0.002015927 0.002352879
0.002017527 0.001411728
0.002019127 0.001882303
0.002020727 0.004235183
0.002022327 0.00564691
0.002023927 0.006117486
0.002025527 0.006588062
0.002027127 0.008470365
0.002028727 0.007058638
0.002030327 0.007529213
0.002031927 0.007999789
0.002033527 0.007999789
0.002035127 0.007529213
0.002036727 0.008940941
0.002038327 0.009411517
0.002039927 0.009882093
0.002041527 0.009411517
0.002043127 0.009882093
0.002044727 0.009411517
0.002046327 0.009882093
0.002047927 0.008940941
0.002049527 0.009411517
0.002051127 0.008470365
0.002052727 0.01082324
0.002054327 0.008940941
0.002055927 0.01129382
0.002057527 0.01035267
0.002059127 0.0117644
0.002060727 0.01129382
0.002062327 0.0117644
0.002063927 0.0136467
0.002065527 0.01411728
0.002067127 0.01505843
0.002068727 0.0136467
0.002070327 0.015529
0.002071927 0.01599958
0.002073527 0.01647015
0.002075127 0.01411728
0.002076727 0.01599958
0.002078327 0.01411728
0.002079927 0.01599958
0.002081527 0.01694073
0.002083127 0.015529
0.002084727 0.01599958
0.002086327 0.01647015
0.002087927 0.01741131
0.002089527 0.01647015
0.002091127 0.01599958
0.002092727 0.01647015
0.002094327 0.01599958
0.002095927 0.01647015
0.002097527 0.015529
0.002099127 0.015529
0.002100727 0.015529
0.002102327 0.01505843
0.002103927 0.01599958
0.002105527 0.01411728
0.002107127 0.015529
0.002108727 0.015529
0.002110327 0.01317612
0.002111927 0.01505843
0.002113527 0.01270555
0.002115127 0.01270555
0.002116727 0.01082324
0.002118327 0.01129382
0.002119927 0.009882093
0.002121527 0.009882093
0.002123127 0.01129382
0.002124727 0.009411517
0.002126327 0.009882093
0.002127927 0.0117644
0.002129527 0.009882093
0.002131127 0.01082324
0.002132727 0.01082324
0.002134327 0.0117644
0.002135927 0.01035267
0.002137527 0.01082324
0.002139127 0.01129382
0.002140727 0.01223497
0.002142327 0.01223497
0.002143927 0.01082324
0.002145527 0.0136467
0.002147127 0.01270555
0.002148727 0.01270555
0.002150327 0.01317612
0.002151927 0.01317612
0.002153527 0.01458785
0.002155127 0.01270555
0.002156727 0.01317612
0.002158327 0.01458785
0.002159927 0.0136467
0.002161527 0.01411728
0.002163127 0.0136467
0.002164727 0.01599958
0.002166327 0.01458785
0.002167927 0.01505843
0.002169527 0.01270555
0.002171127 0.01458785
0.002172727 0.0136467
0.002174327 0.01270555
0.002175927 0.0136467
0.002177527 0.01270555
0.002179127 0.01458785
0.002180727 0.01223497
0.002182327 0.01317612
0.002183927 0.01270555
0.002185527 0.01082324
0.002187127 0.01270555
0.002188727 0.01082324
0.002190327 0.01035267
0.002191927 0.0117644
0.002193527 0.01129382
0.002195127 0.01082324
0.002196727 0.0117644
0.002198327 0.009882093
0.002199927 0.008470365
0.002201527 0.01082324
0.002203127 0.008470365
0.002204727 0.009411517
0.002206327 0.008470365
0.002207927 0.00564691
0.002209527 0.007058638
0.002211127 0.007529213
0.002212727 0.005176334
0.002214327 0.006588062
0.002215927 0.004235183
0.002217527 0.003764607
0.002219127 0.003764607
0.002220727 0.002823455
0.002222327 0.001411728
0.002223927 0.001882303
0.002225527 0.0009411517
0.002227127 0.001882303
0.002228727 0.002352879
0.002230327 0.002352879
0.002231927 0
0.002233527 0
0.002235127 0.0004705758
0.002236727 0
0.002238327 0.0009411517
0.002239927 0
0.002241527 -0.0004705758
0.002243127 -0.0009411517
0.002244727 -0.001882303
0.002246327 -0.0004705758
0.002247927 -0.003294031
0.002249527 -0.002823455
0.002251127 -0.004705758
0.002252727 -0.006117486
0.002254327 -0.00564691
0.002255927 -0.00564691
0.002257527 -0.007999789
0.002259127 -0.007058638
0.002260727 -0.008940941
0.002262327 -0.009882093
0.002263927 -0.007999789
0.002265527 -0.01082324
0.002267127 -0.008940941
0.002268727 -0.007999789
0.002270327 -0.007999789
0.002271927 -0.01082324
0.002273527 -0.007999789
0.002275127 -0.007529213
0.002276727 -0.007529213
0.002278327 -0.007999789
0.002279927 -0.006588062
0.002281527 -0.006117486
0.002283127 -0.007058638
0.002284727 -0.004705758
0.002286327 -0.006117486
0.002287927 -0.006117486
0.002289527 -0.003764607
0.002291127 -0.004235183
0.002292727 -0.003764607
0.002294327 -0.003764607
0.002295927 -0.004705758
0.002297527 -0.004235183
0.002299127 -0.004705758
0.002300727 -0.003764607
0.002302327 -0.002352879
0.002303927 -0.003294031
0.002305527 -0.005176334
0.002307127 -0.003294031
0.002308727 -0.003294031
0.002310327 -0.004705758
0.002311927 -0.003294031
0.002313527 -0.002352879
0.002315127 -0.003294031
0.002316727 -0.001411728
0.002318327 -0.001882303
0.002319927 -0.002352879
0.002321527 -0.002352879
0.002323127 -0.002823455
0.002324727 -0.002352879
0.002326327 -0.0009411517
0.002327927 -0.001882303
0.002329527 -0.003294031
0.002331127 -0.002352879
0.002332727 -0.003294031
0.002334327 -0.002823455
0.002335927 -0.003294031
0.002337527 -0.004705758
0.002339127 -0.00564691
0.002340727 -0.005176334
0.002342327 -0.006588062
0.002343927 -0.007058638
0.002345527 -0.007529213
0.002347127 -0.007999789
0.002348727 -0.007999789
0.002350327 -0.007058638
0.002351927 -0.006588062
0.002353527 -0.00564691
0.002355127 -0.008940941
0.002356727 -0.005176334
0.002358327 -0.00564691
0.002359927 -0.006588062
0.002361527 -0.006588062
0.002363127 -0.00564691
0.002364727 -0.004705758
0.002366327 -0.006117486
0.002367927 -0.003764607
0.002369527 -0.005176334
0.002371127 -0.006117486
0.002372727 -0.005176334
0.002374327 -0.005176334
0.002375927 -0.006588062
0.002377527 -0.00564691
0.002379127 -0.004235183
0.002380727 -0.00564691
0.002382327 -0.005176334
0.002383927 -0.005176334
0.002385527 -0.005176334
0.002387127 -0.004235183
0.002388727 -0.004235183
0.002390327 -0.002823455
0.002391927 -0.004235183
0.002393527 -0.002352879
0.002395127 -0.003294031
0.002396727 -0.001882303
0.002398327 -0.0009411517
0.002399927 -0.003764607
0.002401527 -0.003764607
0.002403127 -0.002352879
0.002404727 -0.003764607
0.002406327 -0.003764607
0.002407927 -0.002352879
0.002409527 -0.003294031
0.002411127 -0.002823455
0.002412727 -0.004235183
0.002414327 -0.003294031
0.002415927 -0.003294031
0.002417527 -0.001882303
0.002419127 -0.002352879
0.002420727 -0.003764607
0.002422327 -0.002352879
0.002423927 -0.002823455
0.002425527 -0.0009411517
0.002427127 -0.001882303
0.002428727 -0.0009411517
0.002430327 0
0.002431927 0.001411728
0.002433527 0.0004705758
0.002435127 0.0004705758
0.002436727 0.0009411517
0.002438327 0.0004705758
0.002439927 0.001411728
0.002441527 0.001882303
0.002443127 0.001411728
0.002444727 0.002823455
0.002446327 0.003764607
0.002447927 0.003294031
0.002449527 0.002823455
0.002451127 0.002823455
0.002452727 0.001882303
0.002454327 0.002823455
0.002455927 0.001882303
0.002457527 0.001411728
0.002459127 0.002352879
0.002460727 0.002823455
0.002462327 0.001411728
0.002463927 0.0004705758
0.002465527 -0.001411728
0.002467127 0
0.002468727 0
0.002470327 -0.0004705758
0.002471927 -0.001411728
0.002473527 -0.001882303
0.002475127 -0.001411728
0.002476727 0.0009411517
0.002478327 -0.001882303
0.002479927 -0.001411728
0.002481527 -0.002352879
0.002483127 -0.002352879
0.002484727 -0.001882303
0.002486327 -0.002823455
0.002487927 -0.004705758
0.002489527 -0.004235183
0.002491127 -0.00564691
0.002492727 -0.002823455
0.002494327 -0.004705758
0.002495927 -0.00564691
0.002497527 -0.006588062
0.002499127 -0.004705758
0.002500727 -0.007058638
0.002502327 -0.004705758
0.002503927 -0.007529213
0.002505527 -0.006588062
0.002507127 -0.006117486
0.002508727 -0.007999789
0.002510327 -0.005176334
0.002511927 -0.003764607
0.002513527 -0.007058638
0.002515127 -0.005176334
0.002516727 -0.005176334
0.002518327 -0.002352879
0.002519927 -0.001411728
0.002521527 -0.001882303
0.002523127 0.0004705758
0.002524727 0.001882303
0.002526327 -0.0004705758
0.002527927 0.0009411517
0.002529527 0.003294031
0.002531127 0.003294031
0.002532727 0.003294031
0.002534327 0.004705758
0.002535927 0.00564691
0.002537527 0.006117486
0.002539127 0.004705758
0.002540727 0.00564691
0.002542327 0.005176334
0.002543927 0.004705758
0.002545527 0.006588062
0.002547127 0.00564691
0.002548727 0.006117486
0.002550327 0.00564691
0.002551927 0.006117486
0.002553527 0.007529213
0.002555127 0.00564691
0.002556727 0.007058638
0.002558327 0.006588062
0.002559927 0.006117486
0.002561527 0.004705758
0.002563127 0.005176334
0.002564727 0.004235183
0.002566327 0.004705758
0.002567927 0.005176334
0.002569527 0.002823455
0.002571127 0.005176334
0.002572727 0.003764607
0.002574327 0.001411728
0.002575927 0.002352879
0.002577527 0.002823455
0.002579127 0.001882303
0.002580727 -0.0009411517
0.002582327 0.002352879
0.002583927 0.0004705758
0.002585527 0.001411728
0.002587127 0
0.002588727 -0.0004705758
0.002590327 -0.0004705758
0.002591927 0.0004705758
0.002593527 0.001411728
0.002595127 0
0.002596727 0.0004705758
0.002598327 -0.0009411517
0.002599927 -0.0009411517
0.002601527 0.0009411517
0.002603127 0.0004705758
0.002604727 0.0009411517
0.002606327 0.0009411517
0.002607927 -0.0004705758
0.002609527 -0.0004705758
0.002611127 0.0004705758
0.002612727 -0.001882303
0.002614327 0.0009411517
0.002615927 -0.0004705758
0.002617527 0.0009411517
0.002619127 0.0004705758
0.002620727 0
0.002622327 -0.001411728
0.002623927 0.0004705758
0.002625527 -0.002823455
0.002627127 -0.0004705758
0.002628727 -0.002352879
0.002630327 -0.002352879
0.002631927 -0.001882303
0.002633527 -0.001882303
0.002635127 -0.003294031
0.002636727 -0.003764607
0.002638327 -0.005176334
0.002639927 -0.00564691
0.002641527 -0.007058638
0.002643127 -0.008470365
0.002644727 -0.008470365
0.002646327 -0.01129382
0.002647927 -0.01129382
0.002649527 -0.01223497
0.002651127 -0.0117644
0.002652727 -0.01411728
0.002654327 -0.01458785
0.002655927 -0.01458785
0.002657527 -0.01505843
0.002659127 -0.01694073
0.002660727 -0.01599958
0.002662327 -0.01788188
0.002663927 -0.01647015
0.002665527 -0.01694073
0.002667127 -0.01505843
0.002668727 -0.01694073
0.002670327 -0.01599958
0.002671927 -0.01599958
0.002673527 -0.01458785
0.002675127 -0.01647015
0.002676727 -0.01599958
0.002678327 -0.01694073
0.002679927 -0.01458785
0.002681527 -0.01458785
0.002683127 -0.01317612
0.002684727 -0.01505843
0.002686327 -0.01270555
0.002687927 -0.01411728
0.002689527 -0.0117644
0.002691127 -0.01270555
0.002692727 -0.01317612
0.002694327 -0.01317612
0.002695927 -0.01223497
0.002697527 -0.0136467
0.002699127 -0.0117644
0.002700727 -0.01317612
0.002702327 -0.009882093
0.002703927 -0.01129382
0.002705527 -0.01129382
0.002707127 -0.01082324
0.002708727 -0.008940941
0.002710327 -0.009882093
0.002711927 -0.007999789
0.002713527 -0.008470365
0.002715127 -0.006588062
0.002716727 -0.006588062
0.002718327 -0.007529213
0.002719927 -0.007529213
0.002721527 -0.00564691
0.002723127 -0.004235183
0.002724727 -0.00564691
0.002726327 -0.003294031
0.002727927 -0.004235183
0.002729527 -0.002823455
0.002731127 -0.004235183
0.002732727 -0.002823455
0.002734327 -0.002823455
0.002735927 -0.001882303
0.002737527 -0.0009411517
0.002739127 -0.003764607
0.002740727 -0.002823455
0.002742327 -0.001882303
0.002743927 -0.001411728
0.002745527 -0.002823455
0.002747127 -0.003294031
0.002748727 -0.004235183
0.002750327 -0.005176334
0.002751927 -0.003764607
0.002753527 -0.00564691
0.002755127 -0.006117486
0.002756727 -0.007529213
0.002758327 -0.007058638
0.002759927 -0.007999789
0.002761527 -0.008940941
0.002763127 -0.01035267
0.002764727 -0.009882093
0.002766327 -0.009882093
0.002767927 -0.008940941
0.002769527 -0.01082324
0.002771127 -0.009882093
0.002772727 -0.009882093
0.002774327 -0.008940941
0.002775927 -0.007058638
0.002777527 -0.008470365
0.002779127 -0.006117486
0.002780727 -0.006117486
0.002782327 -0.006117486
0.002783927 -0.00564691
0.002785527 -0.004705758
0.002787127 -0.005176334
0.002788727 -0.003764607
0.002790327 -0.003294031
0.002791927 -0.002823455
0.002793527 -0.002352879
0.002795127 -0.001882303
0.002796727 -0.001411728
0.002798327 -0.001411728
0.002799927 -0.001411728
0.002801527 -0.0009411517
0.002803127 -0.001882303
0.002804727 0.0004705758
0.002806327 0.0009411517
0.002807927 -0.0009411517
0.002809527 -0.001411728
0.002811127 -0.001882303
0.002812727 -0.0004705758
0.002814327 -0.0004705758
0.002815927 0
0.002817527 0.0004705758
0.002819127 0.001882303
0.002820727 -0.0004705758
0.002822327 0.001411728
0.002823927 0.002823455
0.002825527 0.003764607
0.002827127 0.004235183
0.002828727 0.003294031
0.002830327 0.002823455
0.002831927 0.006117486
0.002833527 0.00564691
0.002835127 0.00564691
0.002836727 0.006117486
0.002838327 0.007058638
0.002839927 0.007058638
0.002841527 0.007529213
0.002843127 0.008470365
0.002844727 0.007999789
0.002846327 0.008470365
0.002847927 0.009882093
0.002849527 0.008940941
0.002851127 0.008470365
0.002852727 0.008940941
0.002854327 0.009411517
0.002855927 0.009411517
0.002857527 0.009411517
0.002859127 0.008940941
0.002860727 0.009411517
0.002862327 0.006117486
0.002863927 0.007058638
0.002865527 0.006588062
0.002867127 0.009411517
0.002868727 0.007058638
0.002870327 0.008940941
0.002871927 0.007999789
0.002873527 0.009411517
0.002875127 0.008470365
0.002876727 0.007999789
0.002878327 0.008940941
0.002879927 0.007999789
0.002881527 0.007999789
0.002883127 0.007529213
0.002884727 0.009411517
0.002886327 0.007058638
0.002887927 0.007529213
0.002889527 0.004705758
0.002891127 0.007058638
0.002892727 0.006588062
0.002894327 0.006117486
0.002895927 0.005176334
0.002897527 0.003294031
0.002899127 0.004235183
0.002900727 0.002352879
0.002902327 0.002352879
0.002903927 0.0009411517
0.002905527 0.0004705758
0.002907127 -0.0004705758
0.002908727 -0.001882303
0.002910327 -0.001882303
0.002911927 -0.001411728
0.002913527 -0.001882303
0.002915127 -0.002352879
0.002916727 -0.003764607
0.002918327 -0.004235183
0.002919927 -0.003294031
0.002921527 -0.003294031
0.002923127 -0.002823455
0.002924727 -0.002352879
0.002926327 -0.001882303
0.002927927 -0.003764607
0.002929527 -0.002823455
0.002931127 -0.001882303
0.002932727 -0.002352879
0.002934327 -0.001882303
0.002935927 0.0009411517
0.002937527 0.001411728
0.002939127 0.002352879
0.002940727 0.002823455
0.002942327 0.002823455
0.002943927 0.005176334
0.002945527 0.004235183
0.002947127 0.006588062
0.002948727 0.004235183
0.002950327 0.005176334
0.002951927 0.006588062
0.002953527 0.007999789
0.002955127 0.007529213
0.002956727 0.006117486
0.002958327 0.007999789
0.002959927 0.008940941
0.002961527 0.007999789
0.002963127 0.006588062
0.002964727 0.008470365
0.002966327 0.008470365
0.002967927 0.007058638
0.002969527 0.007529213
0.002971127 0.005176334
0.002972727 0.007529213
0.002974327 0.006117486
0.002975927 0.005176334
0.002977527 0.005176334
0.002979127 0.003764607
0.002980727 0.003764607
0.002982327 0.003764607
0.002983927 0.0009411517
0.002985527 -0.0004705758
0.002987127 -0.0004705758
0.002988727 -0.0004705758
0.002990327 -0.001411728
0.002991927 -0.002352879
0.002993527 -0.002823455
0.002995127 -0.002352879
0.002996727 -0.003294031
0.002998327 -0.004705758
0.002999927 -0.001882303
0.003001527 -0.003764607
0.003003127 -0.003294031
0.003004727 -0.004235183
0.003006327 -0.003294031
0.003007927 -0.004705758
0.003009527 -0.004235183
0.003011127 -0.003294031
0.003012727 -0.003764607
0.003014327 -0.002823455
0.003015927 -0.003764607
0.003017527 -0.005176334
0.003019127 -0.004235183
0.003020727 -0.00564691
0.003022327 -0.005176334
0.003023927 -0.003764607
0.003025527 -0.005176334
0.003027127 -0.003294031
0.003028727 -0.006117486
0.003030327 -0.00564691
0.003031927 -0.00564691
0.003033527 -0.007058638
0.003035127 -0.00564691
0.003036727 -0.007529213
0.003038327 -0.007058638
0.003039927 -0.008940941
0.003041527 -0.008470365
0.003043127 -0.008940941
0.003044727 -0.01129382
0.003046327 -0.01035267
0.003047927 -0.0117644
0.003049527 -0.01317612
0.003051127 -0.0136467
0.003052727 -0.0136467
0.003054327 -0.01505843
0.003055927 -0.01599958
0.003057527 -0.0136467
0.003059127 -0.01458785
0.003060727 -0.01505843
0.003062327 -0.015529
0.003063927 -0.01317612
0.003065527 -0.01505843
0.003067127 -0.01458785
0.003068727 -0.01505843
0.003070327 -0.01223497
0.003071927 -0.01411728
0.003073527 -0.01411728
0.003075127 -0.01411728
0.003076727 -0.01317612
0.003078327 -0.01270555
0.003079927 -0.01129382
0.003081527 -0.01223497
0.003083127 -0.01082324
0.003084727 -0.0117644
0.003086327 -0.0117644
0.003087927 -0.01270555
0.003089527 -0.009882093
0.003091127 -0.01270555
0.003092727 -0.01035267
0.003094327 -0.01129382
0.003095927 -0.009411517
0.003097527 -0.01129382
0.003099127 -0.01082324
0.003100727 -0.01270555
0.003102327 -0.01082324
0.003103927 -0.01035267
0.003105527 -0.0117644
0.003107127 -0.0136467
0.003108727 -0.0117644
0.003110327 -0.01317612
0.003111927 -0.01129382
0.003113527 -0.01223497
0.003115127 -0.0136467
0.003116727 -0.01223497
0.003118327 -0.01270555
0.003119927 -0.0117644
0.003121527 -0.01129382
0.003123127 -0.01129382
0.003124727 -0.01223497
0.003126327 -0.01270555
0.003127927 -0.01223497
0.003129527 -0.009882093
0.003131127 -0.009411517
0.003132727 -0.008940941
0.003134327 -0.009411517
0.003135927 -0.01082324
0.003137527 -0.008940941
0.003139127 -0.007999789
0.003140727 -0.008940941
0.003142327 -0.007999789
0.003143927 -0.007058638
0.003145527 -0.006117486
0.003147127 -0.007999789
0.003148727 -0.007529213
0.003150327 -0.006117486
0.003151927 -0.007058638
0.003153527 -0.006117486
0.003155127 -0.006117486
0.003156727 -0.006117486
0.003158327 -0.00564691
0.003159927 -0.007058638
0.003161527 -0.007999789
0.003163127 -0.005176334
0.003164727 -0.005176334
0.003166327 -0.004705758
0.003167927 -0.003294031
0.003169527 -0.001882303
0.003171127 -0.001882303
0.003172727 -0.002823455
0.003174327 0
0.003175927 0
0.003177527 0.0004705758
0.003179127 0.0009411517
0.003180727 0.0009411517
0.003182327 0
0.003183927 -0.0009411517
0.003185527 0.0004705758
0.003187127 0.001882303
0.003188727 0.001411728
0.003190327 0.003294031
0.003191927 0.003294031
0.003193527 0.003294031
0.003195127 0.004235183
0.003196727 0.003764607
0.003198327 0.00564691
0.003199927 0.004235183
0.003201527 0.004235183
0.003203127 0.00564691
0.003204727 0.006117486
0.003206327 0.006588062
0.003207927 0.005176334
0.003209527 0.007529213
0.003211127 0.006588062
0.003212727 0.006588062
0.003214327 0.006588062
0.003215927 0.006117486
0.003217527 0.007999789
0.003219127 0.00564691
0.003220727 0.006117486
0.003222327 0.004705758
0.003223927 0.004705758
0.003225527 0.002823455
0.003227127 0.00564691
0.003228727 0.004235183
0.003230327 0.005176334
0.003231927 0.003764607
0.003233527 0.003764607
0.003235127 0.003764607
0.003236727 0.004705758
0.003238327 0.006117486
0.003239927 0.004235183
0.003241527 0.004235183
0.003243127 0.003294031
0.003244727 0.002352879
0.003246327 0.002352879
0.003247927 0.003294031
0.003249527 0.002823455
0.003251127 0.002352879
0.003252727 0.003294031
0.003254327 0.002823455
0.003255927 0.0009411517
0.003257527 0.002352879
0.003259127 0.001411728
0.003260727 0.001882303
0.003262327 0.002352879
0.003263927 0.002352879
0.003265527 0.002823455
0.003267127 0.002352879
0.003268727 0.002352879
0.003270327 0.001411728
0.003271927 0.0009411517
0.003273527 0.0009411517
0.003275127 0.001411728
0.003276727 0.001411728
0.003278327 0.0009411517
0.003279927 0.001882303
0.003281527 0.0009411517
0.003283127 0.0004705758
0.003284727 0.0009411517
0.003286327 0
0.003287927 0.0009411517
0.003289527 -0.0004705758
0.003291127 0.001411728
0.003292727 0.001411728
0.003294327 0.0004705758
0.003295927 0
0.003297527 -0.0009411517
0.003299127 0.0009411517
0.003300727 0
0.003302327 0.001411728
0.003303927 0.001411728
0.003305527 0.001411728
0.003307127 0.0004705758
0.003308727 0.0009411517
0.003310327 0.0004705758
0.003311927 0
0.003313527 -0.0009411517
0.003315127 0
0.003316727 0.002352879
0.003318327 0
0.003319927 -0.0004705758
0.003321527 0.002823455
0.003323127 0.0004705758
0.003324727 0.001411728
0.003326327 0.002823455
0.003327927 0.003764607
0.003329527 0.002823455
0.003331127 0.004705758
0.003332727 0.005176334
0.003334327 0.005176334
0.003335927 0.004235183
0.003337527 0.00564691
0.003339127 0.004235183
0.003340727 0.004705758
0.003342327 0.006117486
0.003343927 0.006588062
0.003345527 0.004235183
0.003347127 0.005176334
0.003348727 0.005176334
0.003350327 0.001882303
0.003351927 0.002823455
0.003353527 0.003764607
0.003355127 0.002352879
0.003356727 0.001411728
0.003358327 -0.0004705758
0.003359927 0.001882303
0.003361527 0.0004705758
0.003363127 0.001411728
0.003364727 -0.0004705758
0.003366327 -0.0009411517
0.003367927 -0.002823455
0.003369527 -0.002823455
0.003371127 -0.003294031
0.003372727 -0.001411728
0.003374327 -0.001882303
0.003375927 -0.001882303
0.003377527 -0.001882303
0.003379127 -0.001411728
0.003380727 -0.002352879
0.003382327 -0.001411728
0.003383927 -0.0009411517
0.003385527 -0.001882303
0.003387127 -0.0009411517
0.003388727 -0.0009411517
0.003390327 0.0004705758
0.003391927 -0.0009411517
0.003393527 0.0009411517
0.003395127 0.0009411517
0.003396727 -0.0004705758
0.003398327 -0.0004705758
0.003399927 0
0.003401527 0
0.003403127 -0.0009411517
0.003404727 -0.0004705758
0.003406327 -0.001882303
0.003407927 -0.0009411517
0.003409527 -0.001411728
0.003411127 -0.001411728
0.003412727 0
0.003414327 -0.001882303
0.003415927 -0.002823455
0.003417527 -0.004235183
0.003419127 -0.003294031
0.003420727 -0.004235183
0.003422327 -0.002352879
0.003423927 -0.003764607
0.003425527 -0.004235183
0.003427127 -0.005176334
0.003428727 -0.004705758
0.003430327 -0.00564691
0.003431927 -0.004705758
0.003433527 -0.00564691
0.003435127 -0.006117486
0.003436727 -0.005176334
0.003438327 -0.00564691
0.003439927 -0.00564691
0.003441527 -0.006588062
0.003443127 -0.007999789
0.003444727 -0.004705758
0.003446327 -0.007999789
0.003447927 -0.00564691
0.003449527 -0.006588062
0.003451127 -0.006588062
0.003452727 -0.007529213
0.003454327 -0.006117486
0.003455927 -0.00564691
0.003457527 -0.005176334
0.003459127 -0.006117486
0.003460727 -0.005176334
0.003462327 -0.004705758
0.003463927 -0.005176334
0.003465527 -0.004705758
0.003467127 -0.005176334
0.003468727 -0.005176334
0.003470327 -0.00564691
0.003471927 -0.00564691
0.003473527 -0.004705758
0.003475127 -0.002823455
0.003476727 -0.003764607
0.003478327 -0.002823455
0.003479927 -0.002352879
0.003481527 -0.002823455
0.003483127 -0.003764607
0.003484727 -0.002823455
0.003486327 -0.002823455
0.003487927 -0.003764607
0.003489527 -0.003294031
0.003491127 -0.002823455
0.003492727 -0.002352879
0.003494327 -0.004235183
0.003495927 -0.002823455
0.003497527 -0.004235183
0.003499127 -0.002352879
0.003500727 -0.002823455
0.003502327 -0.003294031
0.003503927 -0.004235183
0.003505527 -0.001882303
0.003507127 -0.004705758
0.003508727 -0.004705758
0.003510327 -0.001882303
0.003511927 -0.003764607
0.003513527 -0.004705758
0.003515127 -0.003764607
0.003516727 -0.003764607
0.003518327 -0.004705758
0.003519927 -0.00564691
0.003521527 -0.006588062
0.003523127 -0.003764607
0.003524727 -0.00564691
0.003526327 -0.005176334
0.003527927 -0.005176334
0.003529527 -0.005176334
0.003531127 -0.006117486
0.003532727 -0.006117486
0.003534327 -0.005176334
0.003535927 -0.006588062
0.003537527 -0.006117486
0.003539127 -0.004705758
0.003540727 -0.005176334
0.003542327 -0.006117486
0.003543927 -0.005176334
0.003545527 -0.005176334
0.003547127 -0.002823455
0.003548727 -0.001882303
0.003550327 -0.003294031
0.003551927 -0.002823455
0.003553527 -0.002823455
0.003555127 -0.003764607
0.003556727 -0.002823455
0.003558327 -0.002823455
0.003559927 -0.002823455
0.003561527 -0.001411728
0.003563127 -0.002352879
0.003564727 -0.001882303
0.003566327 -0.0004705758
0.003567927 -0.0004705758
0.003569527 -0.001882303
0.003571127 0
0.003572727 -0.001411728
0.003574327 0
0.003575927 -0.001411728
0.003577527 -0.0009411517
0.003579127 -0.001411728
0.003580727 -0.0004705758
0.003582327 -0.001411728
0.003583927 0.0004705758
0.003585527 -0.001882303
0.003587127 -0.0009411517
0.003588727 0.0009411517
0.003590327 -0.0009411517
0.003591927 -0.002823455
0.003593527 -0.0009411517
0.003595127 -0.001411728
0.003596727 -0.001882303
0.003598327 -0.0009411517
0.003599927 0.0004705758
0.003601527 -0.001411728
0.003603127 0
0.003604727 0.0004705758
0.003606327 0.0009411517
0.003607927 0.0004705758
0.003609527 0.002823455
0.003611127 0.0009411517
0.003612727 0.002823455
0.003614327 0.001411728
0.003615927 0.003294031
0.003617527 0.003294031
0.003619127 0.002352879
0.003620727 0.003764607
0.003622327 0.004705758
0.003623927 0.006117486
0.003625527 0.00564691
0.003627127 0.006588062
0.003628727 0.007999789
0.003630327 0.007058638
0.003631927 0.007529213
0.003633527 0.007999789
0.003635127 0.008940941
0.003636727 0.007999789
0.003638327 0.008940941
0.003639927 0.007058638
0.003641527 0.008940941
0.003643127 0.008940941
0.003644727 0.009411517
0.003646327 0.009411517
0.003647927 0.008470365
0.003649527 0.007529213
0.003651127 0.008470365
0.003652727 0.007529213
0.003654327 0.007529213
0.003655927 0.006588062
0.003657527 0.007529213
0.003659127 0.004705758
0.003660727 0.006117486
0.003662327 0.003764607
0.003663927 0.004705758
0.003665527 0.002823455
0.003667127 0.003294031
0.003668727 0.0009411517
0.003670327 0.002352879
0.003671927 0.0009411517
0.003673527 0.0009411517
0.003675127 0.0004705758
0.003676727 0.001882303
0.003678327 0
0.003679927 0.001882303
0.003681527 0.0009411517
0.003683127 0
0.003684727 0.0004705758
0.003686327 0.0004705758
0.003687927 0.001411728
0.003689527 0.002823455
0.003691127 0.0009411517
0.003692727 0.00564691
0.003694327 0.002823455
0.003695927 0.003294031
0.003697527 0.002823455
0.003699127 0.003764607
0.003700727 0.003294031
0.003702327 0.004705758
0.003703927 0.003764607
0.003705527 0.004705758
0.003707127 0.006588062
0.003708727 0.004705758
0.003710327 0.004235183
0.003711927 0.006588062
0.003713527 0.004705758
0.003715127 0.007058638
0.003716727 0.007058638
0.003718327 0.004705758
0.003719927 0.006588062
0.003721527 0.006588062
0.003723127 0.005176334
0.003724727 0.00564691
0.003726327 0.005176334
0.003727927 0.006117486
0.003729527 0.00564691
0.003731127 0.005176334
0.003732727 0.004705758
0.003734327 0.00564691
0.003735927 0.003294031
0.003737527 0.004235183
0.003739127 0.002352879
0.003740727 0.003764607
0.003742327 0.002823455
0.003743927 0.002823455
0.003745527 0.0009411517
0.003747127 0.002352879
0.003748727 0.0009411517
0.003750327 0.001411728
0.003751927 0.0004705758
0.003753527 0
0.003755127 -0.001411728
0.003756727 -0.0004705758
0.003758327 -0.003764607
0.003759927 -0.001882303
0.003761527 0.0004705758
0.003763127 -0.002352879
0.003764727 -0.002352879
0.003766327 -0.001411728
0.003767927 -0.001411728
0.003769527 -0.0009411517
0.003771127 -0.0009411517
0.003772727 -0.002352879
0.003774327 -0.002823455
0.003775927 -0.001882303
0.003777527 -0.001882303
0.003779127 -0.001411728
0.003780727 -0.003294031
0.003782327 0
0.003783927 -0.002352879
0.003785527 -0.0004705758
0.003787127 -0.001411728
0.003788727 -0.0009411517
0.003790327 0
0.003791927 -0.001411728
0.003793527 -0.0004705758
0.003795127 0.0004705758
0.003796727 -0.001882303
0.003798327 0.0004705758
0.003799927 -0.0004705758
0.003801527 -0.001411728
0.003803127 0
0.003804727 -0.0004705758
0.003806327 -0.0009411517
0.003807927 -0.001882303
0.003809527 -0.0009411517
0.003811127 -0.0009411517
0.003812727 -0.002352879
0.003814327 -0.001411728
0.003815927 -0.0009411517
0.003817527 -0.0004705758
0.003819127 -0.001411728
0.003820727 -0.001411728
0.003822327 -0.002823455
0.003823927 -0.001411728
0.003825527 -0.001411728
0.003827127 -0.002352879
0.003828727 -0.001882303
0.003830327 0.0004705758
0.003831927 -0.0009411517
0.003833527 0.0004705758
0.003835127 -0.0004705758
0.003836727 0.0004705758
0.003838327 0.0004705758
0.003839927 -0.0009411517
0.003841527 -0.0004705758
0.003843127 0
0.003844727 -0.0004705758
0.003846327 0.0009411517
0.003847927 0.0004705758
0.003849527 0.001882303
0.003851127 0.0004705758
0.003852727 0.002352879
0.003854327 0.0004705758
0.003855927 0.0009411517
0.003857527 0.001411728
0.003859127 0.002823455
0.003860727 0.002352879
0.003862327 0.001411728
0.003863927 0.002823455
0.003865527 0.004705758
0.003867127 0.003764607
0.003868727 0.004235183
0.003870327 0.003294031
0.003871927 0.002823455
0.003873527 0.004705758
0.003875127 0.005176334
0.003876727 0.004705758
0.003878327 0.005176334
0.003879927 0.006117486
0.003881527 0.00564691
0.003883127 0.006588062
0.003884727 0.006588062
0.003886327 0.00564691
0.003887927 0.006117486
0.003889527 0.006588062
0.003891127 0.007058638
0.003892727 0.008940941
0.003894327 0.007058638
0.003895927 0.006117486
0.003897527 0.007058638
0.003899127 0.007529213
0.003900727 0.005176334
0.003902327 0.006117486
0.003903927 0.00564691
0.003905527 0.007058638
0.003907127 0.007999789
0.003908727 0.00564691
0.003910327 0.007529213
0.003911927 0.005176334
0.003913527 0.006117486
0.003915127 0.006588062
0.003916727 0.006117486
0.003918327 0.005176334
0.003919927 0.006588062
0.003921527 0.006117486
0.003923127 0.00564691
0.003924727 0.00564691
0.003926327 0.006117486
0.003927927 0.00564691
0.003929527 0.003764607
0.003931127 0.00564691
0.003932727 0.004705758
0.003934327 0.003764607
0.003935927 0.004235183
0.003937527 0.005176334
0.003939127 0.004705758
0.003940727 0.005176334
0.003942327 0.005176334
0.003943927 0.007058638
0.003945527 0.005176334
0.003947127 0.00564691
0.003948727 0.006117486
0.003950327 0.007058638
0.003951927 0.007999789
0.003953527 0.008470365
0.003955127 0.007999789
0.003956727 0.007999789
0.003958327 0.007999789
0.003959927 0.009411517
0.003961527 0.007529213
0.003963127 0.01035267
0.003964727 0.008940941
0.003966327 0.01082324
0.003967927 0.01082324
0.003969527 0.009882093
0.003971127 0.009411517
0.003972727 0.009411517
0.003974327 0.009882093
0.003975927 0.009882093
0.003977527 0.009411517
0.003979127 0.009882093
0.003980727 0.009882093
0.003982327 0.008470365
0.003983927 0.008470365
0.003985527 0.01129382
0.003987127 0.009411517
0.003988727 0.008940941
0.003990327 0.009411517
0.003991927 0.009411517
0.003993527 0.008940941
0.003995127 0.008940941
0.003996727 0.009411517
0.003998327 0.008470365
0.003999927 0.008470365
0.004001527 0.007999789
0.004003127 0.008470365
0.004004727 0.008470365
0.004006327 0.008470365
0.004007927 0.008940941
0.004009527 0.007529213
0.004011127 0.007058638
0.004012727 0.007999789
0.004014327 0.008470365
0.004015927 0.008940941
0.004017527 0.007999789
0.004019127 0.008470365
0.004020727 0.007999789
0.004022327 0.007529213
0.004023927 0.008940941
0.004025527 0.01035267
0.004027127 0.01082324
0.004028727 0.01035267
0.004030327 0.01035267
0.004031927 0.009411517
0.004033527 0.01035267
0.004035127 0.01035267
0.004036727 0.01082324
0.004038327 0.01082324
0.004039927 0.01129382
0.004041527 0.0117644
0.004043127 0.01082324
0.004044727 0.01082324
0.004046327 0.01082324
0.004047927 0.009882093
0.004049527 0.01317612
0.004051127 0.0117644
0.004052727 0.01129382
0.004054327 0.01035267
0.004055927 0.01082324
0.004057527 0.009882093
0.004059127 0.01129382
0.004060727 0.009411517
0.004062327 0.01035267
0.004063927 0.01082324
0.004065527 0.009411517
0.004067127 0.009882093
0.004068727 0.009882093
0.004070327 0.008470365
0.004071927 0.007529213
0.004073527 0.006117486
0.004075127 0.006117486
0.004076727 0.006117486
0.004078327 0.004705758
0.004079927 0.00564691
0.004081527 0.004235183
0.004083127 0.006117486
0.004084727 0.004235183
0.004086327 0.004235183
0.004087927 0.004705758
0.004089527 0.001882303
0.004091127 0.003764607
0.004092727 0.002823455
0.004094327 0.001882303
0.004095927 0.001882303
0.004097527 0.0009411517
0.004099127 0.002352879
0.004100727 0.001882303
0.004102327 0.002352879
0.004103927 0.002352879
0.004105527 -0.0004705758
0.004107127 0.002352879
0.004108727 0.003294031
0.004110327 0.002823455
0.004111927 0.002823455
0.004113527 0.002352879
0.004115127 0.002823455
0.004116727 0.001411728
0.004118327 0.003764607
0.004119927 0.001411728
0.004121527 0.003764607
0.004123127 0.001882303
0.004124727 0.001882303
0.004126327 0.002352879
0.004127927 0.003294031
0.004129527 0.001882303
0.004131127 0.002823455
0.004132727 0
0.004134327 0.001411728
0.004135927 0
0.004137527 0.0004705758
0.004139127 0
0.004140727 0.0004705758
0.004142327 0.0004705758
0.004143927 -0.0009411517
0.004145527 -0.0004705758
0.004147127 -0.002352879
0.004148727 -0.001882303
0.004150327 -0.001882303
0.004151927 -0.003294031
0.004153527 -0.004705758
0.004155127 -0.005176334
0.004156727 -0.00564691
0.004158327 -0.005176334
0.004159927 -0.007529213
0.004161527 -0.006588062
0.004163127 -0.006117486
0.004164727 -0.00564691
0.004166327 -0.007058638
0.004167927 -0.008940941
0.004169527 -0.006117486
0.004171127 -0.008470365
0.004172727 -0.007058638
0.004174327 -0.007529213
0.004175927 -0.007529213
0.004177527 -0.007529213
0.004179127 -0.006117486
0.004180727 -0.007999789
0.004182327 -0.00564691
0.004183927 -0.007058638
0.004185527 -0.007999789
0.004187127 -0.006588062
0.004188727 -0.007999789
0.004190327 -0.008470365
0.004191927 -0.005176334
0.004193527 -0.006588062
0.004195127 -0.006588062
0.004196727 -0.006117486
0.004198327 -0.007058638
0.004199927 -0.00564691
0.004201527 -0.00564691
