LECROYWS4024HD 19320 Waveform
Segments 1 SegmentSize 3127
Segment TrigTime TimeSinceSegment1
#1 09-Jul-2024 01:24:11 0                 
Time Ampl
-0.0008010202 -0.002352879
-0.0007994202 -0.002352879
-0.0007978202 -0.0009411517
-0.0007962202 -0.002352879
-0.0007946202 -0.001882303
-0.0007930202 -0.001882303
-0.0007914202 -0.002823455
-0.0007898202 -0.002352879
-0.0007882202 -0.001411728
-0.0007866202 -0.001411728
-0.0007850202 -0.0009411517
-0.0007834202 -0.001882303
-0.0007818202 -0.002823455
-0.0007802202 -0.0004705758
-0.0007786202 -0.001411728
-0.0007770202 -0.001411728
-0.0007754202 -0.002823455
-0.0007738202 -0.002352879
-0.0007722202 -0.002352879
-0.0007706202 -0.001411728
-0.0007690202 -0.001882303
-0.0007674202 -0.002352879
-0.0007658202 -0.001411728
-0.0007642202 -0.001411728
-0.0007626202 -0.001411728
-0.0007610202 -0.001411728
-0.0007594202 -0.001882303
-0.0007578202 -0.001411728
-0.0007562202 -0.001411728
-0.0007546202 -0.001882303
-0.0007530202 -0.001411728
-0.0007514202 -0.0004705758
-0.0007498202 -0.001882303
-0.0007482202 -0.0004705758
-0.0007466202 -0.001882303
-0.0007450202 -0.0009411517
-0.0007434202 0
-0.0007418202 -0.001411728
-0.0007402202 -0.0004705758
-0.0007386202 -0.001411728
-0.0007370202 -0.001882303
-0.0007354202 -0.0004705758
-0.0007338202 -0.002823455
-0.0007322202 -0.0009411517
-0.0007306202 -0.002823455
-0.0007290202 -0.002823455
-0.0007274202 -0.001411728
-0.0007258202 -0.001882303
-0.0007242202 -0.001411728
-0.0007226202 -0.0009411517
-0.0007210202 -0.003294031
-0.0007194202 -0.002352879
-0.0007178202 -0.001882303
-0.0007162202 -0.002823455
-0.0007146202 -0.002352879
-0.0007130202 -0.001411728
-0.0007114202 -0.003294031
-0.0007098202 -0.003294031
-0.0007082202 -0.002352879
-0.0007066202 -0.001882303
-0.0007050202 -0.001882303
-0.0007034202 -0.001882303
-0.0007018202 -0.001411728
-0.0007002202 -0.002352879
-0.0006986202 -0.001411728
-0.0006970202 -0.002823455
-0.0006954202 -0.0009411517
-0.0006938202 -0.001882303
-0.0006922202 -0.002352879
-0.0006906202 -0.001411728
-0.0006890202 -0.0004705758
-0.0006874202 -0.0009411517
-0.0006858202 -0.003764607
-0.0006842202 -0.001882303
-0.0006826202 -0.002352879
-0.0006810202 -0.002352879
-0.0006794202 -0.002823455
-0.0006778202 -0.003294031
-0.0006762202 -0.003294031
-0.0006746202 -0.0009411517
-0.0006730202 -0.002352879
-0.0006714202 -0.0004705758
-0.0006698202 -0.0009411517
-0.0006682202 -0.001882303
-0.0006666202 -0.002823455
-0.0006650202 -0.002352879
-0.0006634202 -0.002823455
-0.0006618202 -0.002352879
-0.0006602202 -0.001882303
-0.0006586202 -0.0009411517
-0.0006570202 -0.002823455
-0.0006554202 -0.002823455
-0.0006538202 -0.002352879
-0.0006522202 -0.002352879
-0.0006506202 -0.002823455
-0.0006490202 -0.001411728
-0.0006474202 -0.002352879
-0.0006458202 -0.002823455
-0.0006442202 -0.001882303
-0.0006426202 -0.003294031
-0.0006410202 -0.002823455
-0.0006394202 -0.003294031
-0.0006378202 -0.002352879
-0.0006362202 -0.001882303
-0.0006346202 -0.003294031
-0.0006330202 -0.003294031
-0.0006314202 -0.001882303
-0.0006298202 -0.004235183
-0.0006282202 -0.001882303
-0.0006266202 -0.003764607
-0.0006250202 -0.003294031
-0.0006234202 -0.002823455
-0.0006218202 -0.004705758
-0.0006202202 -0.004235183
-0.0006186202 -0.003764607
-0.0006170202 -0.002352879
-0.0006154202 -0.003764607
-0.0006138202 -0.004235183
-0.0006122202 -0.003294031
-0.0006106202 -0.003764607
-0.0006090202 -0.002823455
-0.0006074202 -0.003294031
-0.0006058202 -0.003764607
-0.0006042202 -0.003294031
-0.0006026202 -0.003294031
-0.0006010202 -0.001411728
-0.0005994202 -0.003764607
-0.0005978202 -0.002352879
-0.0005962202 -0.00564691
-0.0005946202 -0.003764607
-0.0005930202 -0.004235183
-0.0005914202 -0.004235183
-0.0005898202 -0.002823455
-0.0005882202 -0.001882303
-0.0005866202 -0.003764607
-0.0005850202 -0.003764607
-0.0005834202 -0.002352879
-0.0005818202 -0.002823455
-0.0005802202 -0.003764607
-0.0005786202 -0.002352879
-0.0005770202 -0.002352879
-0.0005754202 -0.003294031
-0.0005738202 -0.002823455
-0.0005722202 -0.004705758
-0.0005706202 -0.001411728
-0.0005690202 -0.002823455
-0.0005674202 -0.004705758
-0.0005658202 -0.004705758
-0.0005642202 -0.003294031
-0.0005626202 -0.004235183
-0.0005610202 -0.004235183
-0.0005594202 -0.004705758
-0.0005578202 -0.003764607
-0.0005562202 -0.003294031
-0.0005546202 -0.003294031
-0.0005530202 -0.005176334
-0.0005514202 -0.001882303
-0.0005498202 -0.004235183
-0.0005482202 -0.002352879
-0.0005466202 -0.004705758
-0.0005450202 -0.003764607
-0.0005434202 -0.003294031
-0.0005418202 -0.003294031
-0.0005402202 -0.005176334
-0.0005386202 -0.002823455
-0.0005370202 -0.004235183
-0.0005354202 -0.004235183
-0.0005338202 -0.001882303
-0.0005322202 -0.004705758
-0.0005306202 -0.003294031
-0.0005290202 -0.003294031
-0.0005274202 -0.004235183
-0.0005258202 -0.003764607
-0.0005242202 -0.004705758
-0.0005226202 -0.003764607
-0.0005210202 -0.003764607
-0.0005194202 -0.003294031
-0.0005178202 -0.001411728
-0.0005162202 -0.002352879
-0.0005146202 -0.002823455
-0.0005130202 -0.002823455
-0.0005114202 -0.002352879
-0.0005098202 -0.003294031
-0.0005082202 -0.004235183
-0.0005066202 -0.003294031
-0.0005050202 -0.003294031
-0.0005034202 -0.002823455
-0.0005018202 -0.003764607
-0.0005002202 -0.003294031
-0.0004986202 -0.004235183
-0.0004970202 -0.004235183
-0.0004954202 -0.003764607
-0.0004938202 -0.003764607
-0.0004922202 -0.004705758
-0.0004906202 -0.002352879
-0.0004890202 -0.005176334
-0.0004874202 -0.003764607
-0.0004858202 -0.004235183
-0.0004842202 -0.003764607
-0.0004826202 -0.003294031
-0.0004810202 -0.003764607
-0.0004794202 -0.003294031
-0.0004778202 -0.002823455
-0.0004762202 -0.003294031
-0.0004746202 -0.003764607
-0.0004730202 -0.003294031
-0.0004714202 -0.001882303
-0.0004698202 -0.003764607
-0.0004682202 -0.002823455
-0.0004666202 -0.003764607
-0.0004650202 -0.003764607
-0.0004634202 -0.002823455
-0.0004618202 -0.003294031
-0.0004602202 -0.002352879
-0.0004586202 -0.003294031
-0.0004570202 -0.003764607
-0.0004554202 -0.004705758
-0.0004538202 -0.002352879
-0.0004522202 -0.003764607
-0.0004506202 -0.002823455
-0.0004490202 -0.003764607
-0.0004474202 -0.002823455
-0.0004458202 -0.003764607
-0.0004442202 -0.003764607
-0.0004426202 -0.004235183
-0.0004410202 -0.004235183
-0.0004394202 -0.003764607
-0.0004378202 -0.004235183
-0.0004362202 -0.002352879
-0.0004346202 -0.003294031
-0.0004330202 -0.002823455
-0.0004314202 -0.003764607
-0.0004298202 -0.004235183
-0.0004282202 -0.002352879
-0.0004266202 -0.003294031
-0.0004250202 -0.004705758
-0.0004234202 -0.003764607
-0.0004218202 -0.003294031
-0.0004202202 -0.002352879
-0.0004186202 -0.002352879
-0.0004170202 -0.003764607
-0.0004154202 -0.001411728
-0.0004138202 -0.001882303
-0.0004122202 -0.002823455
-0.0004106202 -0.002352879
-0.0004090202 -0.004235183
-0.0004074202 -0.004235183
-0.0004058202 -0.004235183
-0.0004042202 -0.005176334
-0.0004026202 -0.003294031
-0.0004010202 -0.004235183
-0.0003994202 -0.003294031
-0.0003978202 -0.002823455
-0.0003962202 -0.004705758
-0.0003946202 -0.003764607
-0.0003930202 -0.00564691
-0.0003914202 -0.003294031
-0.0003898202 -0.002823455
-0.0003882202 -0.003294031
-0.0003866202 -0.002823455
-0.0003850202 -0.004235183
-0.0003834202 -0.003764607
-0.0003818202 -0.003294031
-0.0003802202 -0.003764607
-0.0003786202 -0.003764607
-0.0003770202 -0.003294031
-0.0003754202 -0.001411728
-0.0003738202 -0.002823455
-0.0003722202 -0.002352879
-0.0003706202 -0.003294031
-0.0003690202 -0.001411728
-0.0003674202 -0.002823455
-0.0003658202 -0.001882303
-0.0003642202 -0.004235183
-0.0003626202 -0.005176334
-0.0003610202 -0.002352879
-0.0003594202 -0.002352879
-0.0003578202 -0.003764607
-0.0003562202 -0.003294031
-0.0003546202 -0.005176334
-0.0003530202 -0.003764607
-0.0003514202 -0.003764607
-0.0003498202 -0.003294031
-0.0003482202 -0.004705758
-0.0003466202 -0.004705758
-0.0003450202 -0.00564691
-0.0003434202 -0.004705758
-0.0003418202 -0.003764607
-0.0003402202 -0.003764607
-0.0003386202 -0.003764607
-0.0003370202 -0.003294031
-0.0003354202 -0.003294031
-0.0003338202 -0.003294031
-0.0003322202 -0.003764607
-0.0003306202 -0.003294031
-0.0003290202 -0.005176334
-0.0003274202 -0.003764607
-0.0003258202 -0.004705758
-0.0003242202 -0.003764607
-0.0003226202 -0.003764607
-0.0003210202 -0.002823455
-0.0003194202 -0.004235183
-0.0003178202 -0.004235183
-0.0003162202 -0.005176334
-0.0003146202 -0.005176334
-0.0003130202 -0.005176334
-0.0003114202 -0.002823455
-0.0003098202 -0.005176334
-0.0003082202 -0.005176334
-0.0003066202 -0.004235183
-0.0003050202 -0.004235183
-0.0003034202 -0.002823455
-0.0003018202 -0.003764607
-0.0003002202 -0.004705758
-0.0002986202 -0.005176334
-0.0002970202 -0.005176334
-0.0002954202 -0.00564691
-0.0002938202 -0.005176334
-0.0002922202 -0.006117486
-0.0002906202 -0.004705758
-0.0002890202 -0.00564691
-0.0002874202 -0.005176334
-0.0002858202 -0.00564691
-0.0002842202 -0.004705758
-0.0002826202 -0.003764607
-0.0002810202 -0.003294031
-0.0002794202 -0.004705758
-0.0002778202 -0.004235183
-0.0002762202 -0.002823455
-0.0002746202 -0.004235183
-0.0002730202 -0.004235183
-0.0002714202 -0.005176334
-0.0002698202 -0.004705758
-0.0002682202 -0.004705758
-0.0002666202 -0.004705758
-0.0002650202 -0.004705758
-0.0002634202 -0.00564691
-0.0002618202 -0.006117486
-0.0002602202 -0.005176334
-0.0002586202 -0.006117486
-0.0002570202 -0.004705758
-0.0002554202 -0.00564691
-0.0002538202 -0.005176334
-0.0002522202 -0.004705758
-0.0002506202 -0.005176334
-0.0002490202 -0.00564691
-0.0002474202 -0.004705758
-0.0002458202 -0.004705758
-0.0002442202 -0.005176334
-0.0002426202 -0.004705758
-0.0002410202 -0.005176334
-0.0002394202 -0.006117486
-0.0002378202 -0.006588062
-0.0002362202 -0.004235183
-0.0002346202 -0.004235183
-0.0002330202 -0.003764607
-0.0002314202 -0.004705758
-0.0002298202 -0.004235183
-0.0002282202 -0.003294031
-0.0002266202 -0.004235183
-0.0002250202 -0.006117486
-0.0002234202 -0.004235183
-0.0002218202 -0.006117486
-0.0002202202 -0.002823455
-0.0002186202 -0.004235183
-0.0002170202 -0.004235183
-0.0002154202 -0.005176334
-0.0002138202 -0.00564691
-0.0002122202 -0.004705758
-0.0002106202 -0.004235183
-0.0002090202 -0.005176334
-0.0002074202 -0.00564691
-0.0002058202 -0.004705758
-0.0002042202 -0.004705758
-0.0002026202 -0.004705758
-0.0002010202 -0.003294031
-0.0001994202 -0.004705758
-0.0001978202 -0.005176334
-0.0001962202 -0.00564691
-0.0001946202 -0.004705758
-0.0001930202 -0.006117486
-0.0001914202 -0.004705758
-0.0001898202 -0.004705758
-0.0001882202 -0.004705758
-0.0001866202 -0.007058638
-0.0001850202 -0.004705758
-0.0001834202 -0.003764607
-0.0001818202 -0.004705758
-0.0001802202 -0.004705758
-0.0001786202 -0.003294031
-0.0001770202 -0.003764607
-0.0001754202 -0.003294031
-0.0001738202 -0.003764607
-0.0001722202 -0.003294031
-0.0001706202 -0.003294031
-0.0001690202 -0.004705758
-0.0001674202 -0.002823455
-0.0001658202 -0.005176334
-0.0001642202 -0.004235183
-0.0001626202 -0.004705758
-0.0001610202 -0.005176334
-0.0001594202 -0.005176334
-0.0001578202 -0.005176334
-0.0001562202 -0.006117486
-0.0001546202 -0.003764607
-0.0001530202 -0.003764607
-0.0001514202 -0.004235183
-0.0001498202 -0.004705758
-0.0001482202 -0.004235183
-0.0001466202 -0.00564691
-0.0001450202 -0.005176334
-0.0001434202 -0.003764607
-0.0001418202 -0.004705758
-0.0001402202 -0.003294031
-0.0001386202 -0.004705758
-0.0001370202 -0.004235183
-0.0001354202 -0.004705758
-0.0001338202 -0.004705758
-0.0001322202 -0.003294031
-0.0001306202 -0.004235183
-0.0001290202 -0.004235183
-0.0001274202 -0.005176334
-0.0001258202 -0.004235183
-0.0001242202 -0.004705758
-0.0001226202 -0.003294031
-0.0001210202 -0.004235183
-0.0001194202 -0.003764607
-0.0001178202 -0.004235183
-0.0001162202 -0.00564691
-0.0001146202 -0.006117486
-0.0001130202 -0.004235183
-0.0001114202 -0.00564691
-0.0001098202 -0.005176334
-0.0001082202 -0.004235183
-0.0001066202 -0.004705758
-0.0001050202 -0.004705758
-0.0001034202 -0.004235183
-0.0001018202 -0.003294031
-0.0001002202 -0.004705758
-9.86202e-005 -0.004705758
-9.70202e-005 -0.003294031
-9.54202e-005 -0.006588062
-9.38202e-005 -0.005176334
-9.22202e-005 -0.004235183
-9.06202e-005 -0.004705758
-8.90202e-005 -0.004705758
-8.74202e-005 -0.003294031
-8.58202e-005 -0.003764607
-8.42202e-005 -0.004235183
-8.26202e-005 -0.004235183
-8.10202e-005 -0.004235183
-7.94202e-005 -0.003764607
-7.78202e-005 -0.004705758
-7.62202e-005 -0.002823455
-7.46202e-005 -0.006117486
-7.30202e-005 -0.004705758
-7.14202e-005 -0.004705758
-6.98202e-005 -0.005176334
-6.82202e-005 -0.005176334
-6.66202e-005 -0.003294031
-6.50202e-005 -0.003764607
-6.34202e-005 -0.005176334
-6.18202e-005 -0.004705758
-6.02202e-005 -0.005176334
-5.86202e-005 -0.003294031
-5.70202e-005 -0.004705758
-5.54202e-005 -0.004235183
-5.38202e-005 -0.005176334
-5.22202e-005 -0.003764607
-5.06202e-005 -0.002352879
-4.90202e-005 -0.003294031
-4.74202e-005 -0.004235183
-4.58202e-005 -0.01223497
-4.42202e-005 -0.02258764
-4.26202e-005 -0.03435204
-4.10202e-005 -0.05317507
-3.94202e-005 -0.07246868
-3.78202e-005 -0.0974092
-3.62202e-005 -0.1214086
-3.46202e-005 -0.1416433
-3.30202e-005 -0.1623487
-3.14202e-005 -0.1839952
-2.98202e-005 -0.2028182
-2.82202e-005 -0.2211706
-2.66202e-005 -0.2357585
-2.50202e-005 -0.2475229
-2.34202e-005 -0.257405
-2.18202e-005 -0.2654048
-2.02202e-005 -0.2686988
-1.86202e-005 -0.2649342
-1.70202e-005 -0.2517581
-1.54202e-005 -0.2352879
-1.38202e-005 -0.214112
-1.22202e-005 -0.1887009
-1.06202e-005 -0.1581135
-9.0202e-006 -0.1261143
-7.4202e-006 -0.09646805
-5.8202e-006 -0.0682335
-4.2202e-006 -0.04141067
-2.6202e-006 -0.02352879
-1.0202e-006 -0.009411517
5.798e-007 -0.002352879
2.1798e-006 0.005176334
3.7798e-006 0.01035267
5.3798e-006 0.0117644
6.9798e-006 0.01082324
8.5798e-006 0.007058638
1.01798e-005 0.002352879
1.17798e-005 -0.002352879
1.33798e-005 -0.006588062
1.49798e-005 -0.0117644
1.65798e-005 -0.02164649
1.81798e-005 -0.02588167
1.97798e-005 -0.02776397
2.13798e-005 -0.02870513
2.29798e-005 -0.02870513
2.45798e-005 -0.02446994
2.61798e-005 -0.02211706
2.77798e-005 -0.01647015
2.93798e-005 -0.01270555
3.09798e-005 -0.006588062
3.25798e-005 -0.001411728
3.41798e-005 0.0009411517
3.57798e-005 0.003764607
3.73798e-005 0.003764607
3.89798e-005 0.005176334
4.05798e-005 0.006588062
4.21798e-005 0.00564691
4.37798e-005 0.007999789
4.53798e-005 0.007058638
4.69798e-005 0.009882093
4.85798e-005 0.01035267
5.01798e-005 0.01270555
5.17798e-005 0.01270555
5.33798e-005 0.01411728
5.49798e-005 0.01505843
5.65798e-005 0.01505843
5.81798e-005 0.01647015
5.97798e-005 0.01505843
6.13798e-005 0.01599958
6.29798e-005 0.01223497
6.45798e-005 0.01082324
6.61798e-005 0.008940941
6.77798e-005 0.006588062
6.93798e-005 0.001411728
7.09798e-005 0.001882303
7.25798e-005 -0.001411728
7.41798e-005 -0.005176334
7.57798e-005 -0.008470365
7.73798e-005 -0.008470365
7.89798e-005 -0.009411517
8.05798e-005 -0.01082324
8.21798e-005 -0.008940941
8.37798e-005 -0.0117644
8.53798e-005 -0.01035267
8.69798e-005 -0.01270555
8.85798e-005 -0.01505843
9.01798e-005 -0.01835246
9.17798e-005 -0.02164649
9.33798e-005 -0.02823455
9.49798e-005 -0.03341088
9.65798e-005 -0.03952837
9.81798e-005 -0.04376355
9.97798e-005 -0.05082219
0.0001013798 -0.0545868
0.0001029798 -0.05788083
0.0001045798 -0.05882198
0.0001061798 -0.06023371
0.0001077798 -0.05929256
0.0001093798 -0.05976313
0.0001109798 -0.05599852
0.0001125798 -0.05364565
0.0001141798 -0.04941046
0.0001157798 -0.04846931
0.0001173798 -0.04235183
0.0001189798 -0.03576376
0.0001205798 -0.03152858
0.0001221798 -0.02635225
0.0001237798 -0.02117591
0.0001253798 -0.01788188
0.0001269798 -0.009882093
0.0001285798 -0.007529213
0.0001301798 -0.003764607
0.0001317798 0.0004705758
0.0001333798 0.005176334
0.0001349798 0.008940941
0.0001365798 0.0136467
0.0001381798 0.01788188
0.0001397798 0.02305822
0.0001413798 0.02776397
0.0001429798 0.03341088
0.0001445798 0.03811664
0.0001461798 0.04188125
0.0001477798 0.04658701
0.0001493798 0.04893989
0.0001509798 0.05129277
0.0001525798 0.05270449
0.0001541798 0.05505737
0.0001557798 0.05599852
0.0001573798 0.05411622
0.0001589798 0.05693968
0.0001605798 0.05411622
0.0001621798 0.05223392
0.0001637798 0.05317507
0.0001653798 0.05129277
0.0001669798 0.04846931
0.0001685798 0.04611643
0.0001701798 0.04329298
0.0001717798 0.0409401
0.0001733798 0.03717549
0.0001749798 0.03341088
0.0001765798 0.03058743
0.0001781798 0.02964628
0.0001797798 0.02682282
0.0001813798 0.0254111
0.0001829798 0.02494052
0.0001845798 0.02211706
0.0001861798 0.02117591
0.0001877798 0.02258764
0.0001893798 0.02164649
0.0001909798 0.01929361
0.0001925798 0.01835246
0.0001941798 0.01976419
0.0001957798 0.01694073
0.0001973798 0.01647015
0.0001989798 0.01647015
0.0002005798 0.015529
0.0002021798 0.01458785
0.0002037798 0.01270555
0.0002053798 0.01270555
0.0002069798 0.01458785
0.0002085798 0.01223497
0.0002101798 0.01270555
0.0002117798 0.01035267
0.0002133798 0.01223497
0.0002149798 0.01035267
0.0002165798 0.01035267
0.0002181798 0.0136467
0.0002197798 0.01082324
0.0002213798 0.01129382
0.0002229798 0.01035267
0.0002245798 0.009882093
0.0002261798 0.008470365
0.0002277798 0.008940941
0.0002293798 0.01082324
0.0002309798 0.009411517
0.0002325798 0.0117644
0.0002341798 0.015529
0.0002357798 0.01788188
0.0002373798 0.02070534
0.0002389798 0.0254111
0.0002405798 0.0291757
0.0002421798 0.03152858
0.0002437798 0.03294031
0.0002453798 0.03482261
0.0002469798 0.03246973
0.0002485798 0.03246973
0.0002501798 0.03482261
0.0002517798 0.03058743
0.0002533798 0.03199916
0.0002549798 0.03199916
0.0002565798 0.0291757
0.0002581798 0.02776397
0.0002597798 0.02776397
0.0002613798 0.02588167
0.0002629798 0.0254111
0.0002645798 0.02635225
0.0002661798 0.02305822
0.0002677798 0.02352879
0.0002693798 0.02446994
0.0002709798 0.02635225
0.0002725798 0.02870513
0.0002741798 0.02964628
0.0002757798 0.03246973
0.0002773798 0.03529319
0.0002789798 0.03764607
0.0002805798 0.03905779
0.0002821798 0.04235183
0.0002837798 0.04188125
0.0002853798 0.04423413
0.0002869798 0.04329298
0.0002885798 0.0447047
0.0002901798 0.04235183
0.0002917798 0.04046952
0.0002933798 0.03811664
0.0002949798 0.03246973
0.0002965798 0.03011685
0.0002981798 0.0254111
0.0002997798 0.02305822
0.0003013798 0.01976419
0.0003029798 0.01411728
0.0003045798 0.01223497
0.0003061798 0.008940941
0.0003077798 0.006117486
0.0003093798 0.00564691
0.0003109798 0.002823455
0.0003125798 0.003294031
0.0003141798 0.003294031
0.0003157798 0.003764607
0.0003173798 0.005176334
0.0003189798 0.007058638
0.0003205798 0.007058638
0.0003221798 0.007058638
0.0003237798 0.009411517
0.0003253798 0.01082324
0.0003269798 0.0117644
0.0003285798 0.01223497
0.0003301798 0.01223497
0.0003317798 0.01270555
0.0003333798 0.0117644
0.0003349798 0.01082324
0.0003365798 0.01035267
0.0003381798 0.009882093
0.0003397798 0.01129382
0.0003413798 0.01317612
0.0003429798 0.01082324
0.0003445798 0.01223497
0.0003461798 0.009882093
0.0003477798 0.01035267
0.0003493798 0.009411517
0.0003509798 0.009882093
0.0003525798 0.009882093
0.0003541798 0.007999789
0.0003557798 0.007999789
0.0003573798 0.006588062
0.0003589798 0.006117486
0.0003605798 0.005176334
0.0003621798 0.004235183
0.0003637798 0.004235183
0.0003653798 0.002823455
0.0003669798 0
0.0003685798 -0.003294031
0.0003701798 -0.001882303
0.0003717798 -0.005176334
0.0003733798 -0.003764607
0.0003749798 -0.00564691
0.0003765798 -0.004235183
0.0003781798 -0.006117486
0.0003797798 -0.003294031
0.0003813798 -0.004235183
0.0003829798 -0.001411728
0.0003845798 0
0.0003861798 0.001411728
0.0003877798 0.004235183
0.0003893798 0.005176334
0.0003909798 0.006588062
0.0003925798 0.006588062
0.0003941798 0.009411517
0.0003957798 0.01035267
0.0003973798 0.01035267
0.0003989798 0.009882093
0.0004005798 0.01082324
0.0004021798 0.009882093
0.0004037798 0.008470365
0.0004053798 0.008470365
0.0004069798 0.00564691
0.0004085798 0.003294031
0.0004101798 0.002352879
0.0004117798 0.001882303
0.0004133798 -0.002352879
0.0004149798 -0.003294031
0.0004165798 -0.003294031
0.0004181798 -0.004235183
0.0004197798 -0.002823455
0.0004213798 -0.003294031
0.0004229798 -0.00564691
0.0004245798 -0.004235183
0.0004261798 -0.001882303
0.0004277798 -0.001411728
0.0004293798 -0.0009411517
0.0004309798 0
0.0004325798 0.001411728
0.0004341798 0.002823455
0.0004357798 0.003764607
0.0004373798 0.002352879
0.0004389798 0.001882303
0.0004405798 0.004235183
0.0004421798 0.002352879
0.0004437798 0.003294031
0.0004453798 0.001882303
0.0004469798 0.001411728
0.0004485798 0.001411728
0.0004501798 0.001411728
0.0004517798 0.001882303
0.0004533798 0.001882303
0.0004549798 0.002823455
0.0004565798 0.002823455
0.0004581798 0.002352879
0.0004597798 0.002823455
0.0004613798 0.002823455
0.0004629798 0.004705758
0.0004645798 0.004235183
0.0004661798 0.006117486
0.0004677798 0.003764607
0.0004693798 0.004235183
0.0004709798 0.004235183
0.0004725798 0.002352879
0.0004741798 0.002352879
0.0004757798 0.0009411517
0.0004773798 -0.0004705758
0.0004789798 -0.003294031
0.0004805798 -0.004705758
0.0004821798 -0.009882093
0.0004837798 -0.009882093
0.0004853798 -0.015529
0.0004869798 -0.01647015
0.0004885798 -0.01929361
0.0004901798 -0.02164649
0.0004917798 -0.0254111
0.0004933798 -0.0291757
0.0004949798 -0.0291757
0.0004965798 -0.03199916
0.0004981798 -0.03246973
0.0004997798 -0.03341088
0.0005013798 -0.03435204
0.0005029798 -0.03341088
0.0005045798 -0.03246973
0.0005061798 -0.02964628
0.0005077798 -0.02776397
0.0005093798 -0.02494052
0.0005109798 -0.02352879
0.0005125798 -0.02070534
0.0005141798 -0.01741131
0.0005157798 -0.01505843
0.0005173798 -0.01129382
0.0005189798 -0.01035267
0.0005205798 -0.01082324
0.0005221798 -0.009411517
0.0005237798 -0.008470365
0.0005253798 -0.005176334
0.0005269798 -0.006588062
0.0005285798 -0.00564691
0.0005301798 -0.004705758
0.0005317798 -0.002823455
0.0005333798 -0.001882303
0.0005349798 -0.002352879
0.0005365798 -0.0004705758
0.0005381798 0.0004705758
0.0005397798 0.001882303
0.0005413798 0.001411728
0.0005429798 0.004235183
0.0005445798 0.004235183
0.0005461798 0.00564691
0.0005477798 0.00564691
0.0005493798 0.007529213
0.0005509798 0.006117486
0.0005525798 0.006588062
0.0005541798 0.007058638
0.0005557798 0.007058638
0.0005573798 0.006117486
0.0005589798 0.002823455
0.0005605798 0.003764607
0.0005621798 0.003294031
0.0005637798 0.001882303
0.0005653798 0.0004705758
0.0005669798 -0.0004705758
0.0005685798 -0.0009411517
0.0005701798 -0.004235183
0.0005717798 -0.00564691
0.0005733798 -0.007999789
0.0005749798 -0.007999789
0.0005765798 -0.009411517
0.0005781798 -0.01035267
0.0005797798 -0.01223497
0.0005813798 -0.0136467
0.0005829798 -0.01599958
0.0005845798 -0.015529
0.0005861798 -0.01835246
0.0005877798 -0.01835246
0.0005893798 -0.02117591
0.0005909798 -0.02446994
0.0005925798 -0.02399937
0.0005941798 -0.02446994
0.0005957798 -0.0291757
0.0005973798 -0.02823455
0.0005989798 -0.03294031
0.0006005798 -0.03388146
0.0006021798 -0.03529319
0.0006037798 -0.03670492
0.0006053798 -0.03858722
0.0006069798 -0.03764607
0.0006085798 -0.03999895
0.0006101798 -0.0409401
0.0006117798 -0.04046952
0.0006133798 -0.03999895
0.0006149798 -0.03999895
0.0006165798 -0.03811664
0.0006181798 -0.03670492
0.0006197798 -0.03435204
0.0006213798 -0.03294031
0.0006229798 -0.03152858
0.0006245798 -0.02823455
0.0006261798 -0.02588167
0.0006277798 -0.02399937
0.0006293798 -0.02164649
0.0006309798 -0.02164649
0.0006325798 -0.01694073
0.0006341798 -0.01694073
0.0006357798 -0.01411728
0.0006373798 -0.01270555
0.0006389798 -0.01129382
0.0006405798 -0.007999789
0.0006421798 -0.007999789
0.0006437798 -0.004705758
0.0006453798 -0.002352879
0.0006469798 -0.001882303
0.0006485798 0.001882303
0.0006501798 0.002823455
0.0006517798 0.004705758
0.0006533798 0.006117486
0.0006549798 0.008470365
0.0006565798 0.008940941
0.0006581798 0.009411517
0.0006597798 0.009882093
0.0006613798 0.0117644
0.0006629798 0.01129382
0.0006645798 0.01223497
0.0006661798 0.01129382
0.0006677798 0.0117644
0.0006693798 0.01082324
0.0006709798 0.01129382
0.0006725798 0.01035267
0.0006741798 0.009882093
0.0006757798 0.009882093
0.0006773798 0.007999789
0.0006789798 0.007999789
0.0006805798 0.007999789
0.0006821798 0.007529213
0.0006837798 0.007529213
0.0006853798 0.007529213
0.0006869798 0.008940941
0.0006885798 0.009411517
0.0006901798 0.009411517
0.0006917798 0.009411517
0.0006933798 0.008940941
0.0006949798 0.009882093
0.0006965798 0.01223497
0.0006981798 0.01223497
0.0006997798 0.01223497
0.0007013798 0.01129382
0.0007029798 0.01411728
0.0007045798 0.01599958
0.0007061798 0.01599958
0.0007077798 0.01505843
0.0007093798 0.01741131
0.0007109798 0.01505843
0.0007125798 0.015529
0.0007141798 0.01505843
0.0007157798 0.01458785
0.0007173798 0.0117644
0.0007189798 0.0117644
0.0007205798 0.01270555
0.0007221798 0.01129382
0.0007237798 0.01129382
0.0007253798 0.009882093
0.0007269798 0.01035267
0.0007285798 0.009882093
0.0007301798 0.008940941
0.0007317798 0.007529213
0.0007333798 0.007999789
0.0007349798 0.006588062
0.0007365798 0.004705758
0.0007381798 0.004705758
0.0007397798 0.004705758
0.0007413798 0.002823455
0.0007429798 0.003764607
0.0007445798 0.001411728
0.0007461798 0.002352879
0.0007477798 0.001411728
0.0007493798 0.0009411517
0.0007509798 0.0004705758
0.0007525798 -0.0004705758
0.0007541798 -0.0009411517
0.0007557798 -0.001411728
0.0007573798 -0.001882303
0.0007589798 -0.001882303
0.0007605798 -0.002352879
0.0007621798 0.0004705758
0.0007637798 0
0.0007653798 0
0.0007669798 0.002352879
0.0007685798 0.003764607
0.0007701798 0.006117486
0.0007717798 0.004235183
0.0007733798 0.006588062
0.0007749798 0.008470365
0.0007765798 0.008470365
0.0007781798 0.007999789
0.0007797798 0.008470365
0.0007813798 0.009411517
0.0007829798 0.009882093
0.0007845798 0.008940941
0.0007861798 0.007058638
0.0007877798 0.008940941
0.0007893798 0.009882093
0.0007909798 0.007999789
0.0007925798 0.007999789
0.0007941798 0.008940941
0.0007957798 0.007529213
0.0007973798 0.007529213
0.0007989798 0.00564691
0.0008005798 0.00564691
0.0008021798 0.00564691
0.0008037798 0.006117486
0.0008053798 0.00564691
0.0008069798 0.006117486
0.0008085798 0.002352879
0.0008101798 0.003764607
0.0008117798 0.004705758
0.0008133798 0.004235183
0.0008149798 0.002823455
0.0008165798 0.003294031
0.0008181798 0
0.0008197798 -0.001882303
0.0008213798 -0.003294031
0.0008229798 -0.003764607
0.0008245798 -0.00564691
0.0008261798 -0.006117486
0.0008277798 -0.01129382
0.0008293798 -0.01411728
0.0008309798 -0.01458785
0.0008325798 -0.01976419
0.0008341798 -0.02258764
0.0008357798 -0.02446994
0.0008373798 -0.02682282
0.0008389798 -0.0291757
0.0008405798 -0.03246973
0.0008421798 -0.03152858
0.0008437798 -0.03341088
0.0008453798 -0.03388146
0.0008469798 -0.03435204
0.0008485798 -0.03482261
0.0008501798 -0.03576376
0.0008517798 -0.03576376
0.0008533798 -0.03623434
0.0008549798 -0.03764607
0.0008565798 -0.03529319
0.0008581798 -0.03529319
0.0008597798 -0.03341088
0.0008613798 -0.03529319
0.0008629798 -0.03529319
0.0008645798 -0.03482261
0.0008661798 -0.03294031
0.0008677798 -0.03670492
0.0008693798 -0.03388146
0.0008709798 -0.03388146
0.0008725798 -0.03341088
0.0008741798 -0.03105801
0.0008757798 -0.03011685
0.0008773798 -0.03011685
0.0008789798 -0.02823455
0.0008805798 -0.0254111
0.0008821798 -0.02117591
0.0008837798 -0.02117591
0.0008853798 -0.01599958
0.0008869798 -0.01458785
0.0008885798 -0.01035267
0.0008901798 -0.007999789
0.0008917798 -0.007529213
0.0008933798 -0.003764607
0.0008949798 -0.003294031
0.0008965798 -0.0004705758
0.0008981798 0.0004705758
0.0008997798 -0.0004705758
0.0009013798 0
0.0009029798 0.001411728
0.0009045798 0.001882303
0.0009061798 0
0.0009077798 -0.002352879
0.0009093798 -0.004705758
0.0009109798 -0.004235183
0.0009125798 -0.006117486
0.0009141798 -0.006588062
0.0009157798 -0.009411517
0.0009173798 -0.009411517
0.0009189798 -0.01270555
0.0009205798 -0.01411728
0.0009221798 -0.01411728
0.0009237798 -0.01835246
0.0009253798 -0.01976419
0.0009269798 -0.02023476
0.0009285798 -0.02446994
0.0009301798 -0.02494052
0.0009317798 -0.02682282
0.0009333798 -0.02823455
0.0009349798 -0.0291757
0.0009365798 -0.03058743
0.0009381798 -0.03246973
0.0009397798 -0.03294031
0.0009413798 -0.03482261
0.0009429798 -0.03482261
0.0009445798 -0.03482261
0.0009461798 -0.03576376
0.0009477798 -0.03435204
0.0009493798 -0.03576376
0.0009509798 -0.03717549
0.0009525798 -0.03529319
0.0009541798 -0.03435204
0.0009557798 -0.03576376
0.0009573798 -0.03435204
0.0009589798 -0.03576376
0.0009605798 -0.03341088
0.0009621798 -0.03152858
0.0009637798 -0.03199916
0.0009653798 -0.03058743
0.0009669798 -0.02964628
0.0009685798 -0.02682282
0.0009701798 -0.02776397
0.0009717798 -0.0254111
0.0009733798 -0.02258764
0.0009749798 -0.01976419
0.0009765798 -0.01741131
0.0009781798 -0.01505843
0.0009797798 -0.01270555
0.0009813798 -0.008940941
0.0009829798 -0.007529213
0.0009845798 -0.005176334
0.0009861798 -0.002352879
0.0009877798 -0.0004705758
0.0009893798 0.0009411517
0.0009909798 0.004705758
0.0009925798 0.007058638
0.0009941798 0.007529213
0.0009957798 0.01129382
0.0009973798 0.01129382
0.0009989798 0.01129382
0.00100058 0.01223497
0.00100218 0.01317612
0.00100378 0.0136467
0.00100538 0.01317612
0.00100698 0.01317612
0.00100858 0.015529
0.00101018 0.01411728
0.00101178 0.01505843
0.00101338 0.01505843
0.00101498 0.01647015
0.00101658 0.01458785
0.00101818 0.01647015
0.00101978 0.015529
0.00102138 0.01599958
0.00102298 0.01599958
0.00102458 0.01458785
0.00102618 0.01458785
0.00102778 0.01411728
0.00102938 0.01270555
0.00103098 0.0136467
0.00103258 0.0136467
0.00103418 0.0136467
0.00103578 0.0136467
0.00103738 0.0136467
0.00103898 0.0117644
0.00104058 0.01317612
0.00104218 0.0117644
0.00104378 0.01129382
0.00104538 0.009882093
0.00104698 0.008940941
0.00104858 0.008940941
0.00105018 0.003764607
0.00105178 0.004705758
0.00105338 0.002823455
0.00105498 0.002823455
0.00105658 0
0.00105818 -0.001882303
0.00105978 -0.003294031
0.00106138 -0.005176334
0.00106298 -0.004705758
0.00106458 -0.009411517
0.00106618 -0.00564691
0.00106778 -0.009411517
0.00106938 -0.009411517
0.00107098 -0.007999789
0.00107258 -0.007058638
0.00107418 -0.007529213
0.00107578 -0.006588062
0.00107738 -0.005176334
0.00107898 -0.004235183
0.00108058 -0.003294031
0.00108218 -0.002352879
0.00108378 -0.0009411517
0.00108538 -0.0009411517
0.00108698 -0.0009411517
0.00108858 0.0004705758
0.00109018 0
0.00109178 0.0004705758
0.00109338 0.002352879
0.00109498 -0.001411728
0.00109658 0
0.00109818 0
0.00109978 -0.0004705758
0.00110138 0
0.00110298 0
0.00110458 0
0.00110618 0.001882303
0.00110778 0.002352879
0.00110938 0.003294031
0.00111098 0.005176334
0.00111258 0.007058638
0.00111418 0.007999789
0.00111578 0.008940941
0.00111738 0.01082324
0.00111898 0.01270555
0.00112058 0.01129382
0.00112218 0.01270555
0.00112378 0.01035267
0.00112538 0.01129382
0.00112698 0.009411517
0.00112858 0.01035267
0.00113018 0.008470365
0.00113178 0.005176334
0.00113338 0.004705758
0.00113498 0.001411728
0.00113658 -0.0004705758
0.00113818 -0.001411728
0.00113978 -0.003764607
0.00114138 -0.004705758
0.00114298 -0.00564691
0.00114458 -0.00564691
0.00114618 -0.006117486
0.00114778 -0.007058638
0.00114938 -0.008470365
0.00115098 -0.007529213
0.00115258 -0.009882093
0.00115418 -0.007058638
0.00115578 -0.008470365
0.00115738 -0.007529213
0.00115898 -0.007529213
0.00116058 -0.00564691
0.00116218 -0.007529213
0.00116378 -0.004235183
0.00116538 -0.004235183
0.00116698 -0.005176334
0.00116858 -0.003764607
0.00117018 -0.002352879
0.00117178 -0.002352879
0.00117338 -0.002352879
0.00117498 -0.002352879
0.00117658 -0.002352879
0.00117818 -0.0004705758
0.00117978 -0.0009411517
0.00118138 -0.001411728
0.00118298 -0.001882303
0.00118458 -0.003764607
0.00118618 -0.003294031
0.00118778 -0.004705758
0.00118938 -0.005176334
0.00119098 -0.007999789
0.00119258 -0.008470365
0.00119418 -0.01223497
0.00119578 -0.01411728
0.00119738 -0.01599958
0.00119898 -0.01788188
0.00120058 -0.02211706
0.00120218 -0.02305822
0.00120378 -0.02446994
0.00120538 -0.02399937
0.00120698 -0.02635225
0.00120858 -0.0272934
0.00121018 -0.03011685
0.00121178 -0.02964628
0.00121338 -0.0291757
0.00121498 -0.02776397
0.00121658 -0.03011685
0.00121818 -0.02823455
0.00121978 -0.02964628
0.00122138 -0.02682282
0.00122298 -0.03011685
0.00122458 -0.0291757
0.00122618 -0.02964628
0.00122778 -0.0291757
0.00122938 -0.02870513
0.00123098 -0.0272934
0.00123258 -0.0291757
0.00123418 -0.02635225
0.00123578 -0.0272934
0.00123738 -0.02588167
0.00123898 -0.02635225
0.00124058 -0.02635225
0.00124218 -0.02635225
0.00124378 -0.02635225
0.00124538 -0.02588167
0.00124698 -0.02588167
0.00124858 -0.02588167
0.00125018 -0.02635225
0.00125178 -0.02635225
0.00125338 -0.02682282
0.00125498 -0.02776397
0.00125658 -0.0272934
0.00125818 -0.02870513
0.00125978 -0.02635225
0.00126138 -0.02870513
0.00126298 -0.02823455
0.00126458 -0.02776397
0.00126618 -0.02870513
0.00126778 -0.0272934
0.00126938 -0.02682282
0.00127098 -0.02776397
0.00127258 -0.02682282
0.00127418 -0.0272934
0.00127578 -0.02635225
0.00127738 -0.02494052
0.00127898 -0.0254111
0.00128058 -0.02211706
0.00128218 -0.02494052
0.00128378 -0.02211706
0.00128538 -0.02258764
0.00128698 -0.02023476
0.00128858 -0.01882303
0.00129018 -0.01788188
0.00129178 -0.015529
0.00129338 -0.01599958
0.00129498 -0.01411728
0.00129658 -0.0136467
0.00129818 -0.01035267
0.00129978 -0.01035267
0.00130138 -0.007999789
0.00130298 -0.006588062
0.00130458 -0.008470365
0.00130618 -0.007058638
0.00130778 -0.006588062
0.00130938 -0.007999789
0.00131098 -0.008470365
0.00131258 -0.008470365
0.00131418 -0.007999789
0.00131578 -0.007529213
0.00131738 -0.007058638
0.00131898 -0.009411517
0.00132058 -0.008470365
0.00132218 -0.01035267
0.00132378 -0.0117644
0.00132538 -0.01223497
0.00132698 -0.01082324
0.00132858 -0.01082324
0.00133018 -0.01082324
0.00133178 -0.01082324
0.00133338 -0.01129382
0.00133498 -0.01223497
0.00133658 -0.0136467
0.00133818 -0.01411728
0.00133978 -0.01411728
0.00134138 -0.01317612
0.00134298 -0.01505843
0.00134458 -0.01647015
0.00134618 -0.01788188
0.00134778 -0.01882303
0.00134938 -0.01599958
0.00135098 -0.01976419
0.00135258 -0.02023476
0.00135418 -0.02023476
0.00135578 -0.01929361
0.00135738 -0.01929361
0.00135898 -0.01929361
0.00136058 -0.02164649
0.00136218 -0.02117591
0.00136378 -0.02399937
0.00136538 -0.02305822
0.00136698 -0.02446994
0.00136858 -0.02635225
0.00137018 -0.02776397
0.00137178 -0.02870513
0.00137338 -0.0291757
0.00137498 -0.03011685
0.00137658 -0.03105801
0.00137818 -0.03341088
0.00137978 -0.03435204
0.00138138 -0.03482261
0.00138298 -0.03623434
0.00138458 -0.03764607
0.00138618 -0.03576376
0.00138778 -0.03905779
0.00138938 -0.03764607
0.00139098 -0.03623434
0.00139258 -0.03670492
0.00139418 -0.03576376
0.00139578 -0.03529319
0.00139738 -0.03529319
0.00139898 -0.03623434
0.00140058 -0.03246973
0.00140218 -0.03199916
0.00140378 -0.03341088
0.00140538 -0.03152858
0.00140698 -0.03011685
0.00140858 -0.0272934
0.00141018 -0.02823455
0.00141178 -0.02494052
0.00141338 -0.02399937
0.00141498 -0.02164649
0.00141658 -0.01741131
0.00141818 -0.01599958
0.00141978 -0.01505843
0.00142138 -0.01411728
0.00142298 -0.01270555
0.00142458 -0.01082324
0.00142618 -0.01035267
0.00142778 -0.01082324
0.00142938 -0.008470365
0.00143098 -0.009882093
0.00143258 -0.009411517
0.00143418 -0.01223497
0.00143578 -0.01082324
0.00143738 -0.01458785
0.00143898 -0.01270555
0.00144058 -0.01694073
0.00144218 -0.01788188
0.00144378 -0.02070534
0.00144538 -0.02258764
0.00144698 -0.02446994
0.00144858 -0.02588167
0.00145018 -0.02823455
0.00145178 -0.03058743
0.00145338 -0.03152858
0.00145498 -0.03435204
0.00145658 -0.03576376
0.00145818 -0.03717549
0.00145978 -0.03905779
0.00146138 -0.03764607
0.00146298 -0.03811664
0.00146458 -0.03952837
0.00146618 -0.03717549
0.00146778 -0.03764607
0.00146938 -0.03717549
0.00147098 -0.03623434
0.00147258 -0.03388146
0.00147418 -0.03435204
0.00147578 -0.03152858
0.00147738 -0.02964628
0.00147898 -0.02964628
0.00148058 -0.02870513
0.00148218 -0.02823455
0.00148378 -0.02776397
0.00148538 -0.02682282
0.00148698 -0.0254111
0.00148858 -0.02305822
0.00149018 -0.02399937
0.00149178 -0.02352879
0.00149338 -0.02211706
0.00149498 -0.0254111
0.00149658 -0.02494052
0.00149818 -0.0272934
0.00149978 -0.02870513
0.00150138 -0.03058743
0.00150298 -0.02823455
0.00150458 -0.02964628
0.00150618 -0.03011685
0.00150778 -0.02964628
0.00150938 -0.02964628
0.00151098 -0.03058743
0.00151258 -0.02964628
0.00151418 -0.03058743
0.00151578 -0.0272934
0.00151738 -0.0272934
0.00151898 -0.0254111
0.00152058 -0.0272934
0.00152218 -0.02399937
0.00152378 -0.02446994
0.00152538 -0.02023476
0.00152698 -0.02117591
0.00152858 -0.01929361
0.00153018 -0.01788188
0.00153178 -0.01317612
0.00153338 -0.01505843
0.00153498 -0.01270555
0.00153658 -0.01270555
0.00153818 -0.009411517
0.00153978 -0.009882093
0.00154138 -0.007999789
0.00154298 -0.008940941
0.00154458 -0.008470365
0.00154618 -0.009411517
0.00154778 -0.008940941
0.00154938 -0.008470365
0.00155098 -0.009411517
0.00155258 -0.01035267
0.00155418 -0.009882093
0.00155578 -0.01129382
0.00155738 -0.01035267
0.00155898 -0.01082324
0.00156058 -0.01035267
0.00156218 -0.01035267
0.00156378 -0.01082324
0.00156538 -0.01082324
0.00156698 -0.01082324
0.00156858 -0.009882093
0.00157018 -0.008940941
0.00157178 -0.008940941
0.00157338 -0.01129382
0.00157498 -0.009882093
0.00157658 -0.01035267
0.00157818 -0.01129382
0.00157978 -0.009882093
0.00158138 -0.01223497
0.00158298 -0.01129382
0.00158458 -0.009411517
0.00158618 -0.009411517
0.00158778 -0.009411517
0.00158938 -0.008940941
0.00159098 -0.007999789
0.00159258 -0.007058638
0.00159418 -0.00564691
0.00159578 -0.002823455
0.00159738 -0.001882303
0.00159898 -0.001882303
0.00160058 0.003764607
0.00160218 0.005176334
0.00160378 0.007529213
0.00160538 0.01223497
0.00160698 0.0117644
0.00160858 0.015529
0.00161018 0.01647015
0.00161178 0.01929361
0.00161338 0.02117591
0.00161498 0.02164649
0.00161658 0.02352879
0.00161818 0.0254111
0.00161978 0.02588167
0.00162138 0.02870513
0.00162298 0.0291757
0.00162458 0.0291757
0.00162618 0.03011685
0.00162778 0.03105801
0.00162938 0.02964628
0.00163098 0.03105801
0.00163258 0.03058743
0.00163418 0.03341088
0.00163578 0.03199916
0.00163738 0.03341088
0.00163898 0.03199916
0.00164058 0.03105801
0.00164218 0.0291757
0.00164378 0.02964628
0.00164538 0.03011685
0.00164698 0.02682282
0.00164858 0.02494052
0.00165018 0.02164649
0.00165178 0.02164649
0.00165338 0.02070534
0.00165498 0.01882303
0.00165658 0.01835246
0.00165818 0.0136467
0.00165978 0.01694073
0.00166138 0.01317612
0.00166298 0.01411728
0.00166458 0.01223497
0.00166618 0.01082324
0.00166778 0.009882093
0.00166938 0.009411517
0.00167098 0.007999789
0.00167258 0.007529213
0.00167418 0.00564691
0.00167578 0.006117486
0.00167738 0.006117486
0.00167898 0.004235183
0.00168058 0.003764607
0.00168218 0.002352879
0.00168378 0.002823455
0.00168538 0.0009411517
0.00168698 0
0.00168858 -0.0004705758
0.00169018 -0.001411728
0.00169178 -0.0004705758
0.00169338 -0.0004705758
0.00169498 0.0004705758
0.00169658 -0.002823455
0.00169818 -0.001411728
0.00169978 -0.0004705758
0.00170138 0
0.00170298 0.0004705758
0.00170458 0.0009411517
0.00170618 0.002823455
0.00170778 0.004235183
0.00170938 0.004705758
0.00171098 0.005176334
0.00171258 0.00564691
0.00171418 0.006588062
0.00171578 0.006588062
0.00171738 0.009411517
0.00171898 0.01035267
0.00172058 0.01223497
0.00172218 0.0117644
0.00172378 0.01129382
0.00172538 0.01129382
0.00172698 0.01223497
0.00172858 0.0117644
0.00173018 0.0117644
0.00173178 0.01082324
0.00173338 0.01129382
0.00173498 0.01223497
0.00173658 0.009411517
0.00173818 0.009411517
0.00173978 0.008940941
0.00174138 0.006588062
0.00174298 0.007999789
0.00174458 0.007058638
0.00174618 0.005176334
0.00174778 0.007529213
0.00174938 0.003764607
0.00175098 0.006117486
0.00175258 0.006117486
0.00175418 0.005176334
0.00175578 0.005176334
0.00175738 0.00564691
0.00175898 0.00564691
0.00176058 0.00564691
0.00176218 0.007529213
0.00176378 0.007058638
0.00176538 0.007058638
0.00176698 0.007058638
0.00176858 0.00564691
0.00177018 0.006117486
0.00177178 0.006588062
0.00177338 0.005176334
0.00177498 0.003294031
0.00177658 0.002823455
0.00177818 0.002352879
0.00177978 -0.0009411517
0.00178138 -0.001411728
0.00178298 -0.003294031
0.00178458 -0.006117486
0.00178618 -0.006117486
0.00178778 -0.007529213
0.00178938 -0.008940941
0.00179098 -0.01035267
0.00179258 -0.01317612
0.00179418 -0.01270555
0.00179578 -0.01317612
0.00179738 -0.01317612
0.00179898 -0.01223497
0.00180058 -0.0136467
0.00180218 -0.01411728
0.00180378 -0.01223497
0.00180538 -0.01223497
0.00180698 -0.01082324
0.00180858 -0.009411517
0.00181018 -0.009882093
0.00181178 -0.009411517
0.00181338 -0.007999789
0.00181498 -0.008940941
0.00181658 -0.007999789
0.00181818 -0.008940941
0.00181978 -0.008940941
0.00182138 -0.009882093
0.00182298 -0.008940941
0.00182458 -0.007999789
0.00182618 -0.008470365
0.00182778 -0.006588062
0.00182938 -0.009882093
0.00183098 -0.008940941
0.00183258 -0.009882093
0.00183418 -0.007529213
0.00183578 -0.007999789
0.00183738 -0.007529213
0.00183898 -0.005176334
0.00184058 -0.00564691
0.00184218 -0.00564691
0.00184378 -0.003764607
0.00184538 -0.004235183
0.00184698 -0.003294031
0.00184858 -0.001411728
0.00185018 -0.0004705758
0.00185178 -0.0009411517
0.00185338 0.001411728
0.00185498 0.001411728
0.00185658 0.001882303
0.00185818 0.002823455
0.00185978 0.002352879
0.00186138 0.001411728
0.00186298 0.002823455
0.00186458 0.004235183
0.00186618 0.0009411517
0.00186778 0.003294031
0.00186938 0.003294031
0.00187098 0.002823455
0.00187258 0.001411728
0.00187418 0.001882303
0.00187578 0.001882303
0.00187738 0.0009411517
0.00187898 0.001411728
0.00188058 0.001411728
0.00188218 0.002352879
0.00188378 0.0009411517
0.00188538 0.0004705758
0.00188698 0
0.00188858 0
0.00189018 -0.0009411517
0.00189178 0.0009411517
0.00189338 0.0009411517
0.00189498 0.001882303
0.00189658 0.0004705758
0.00189818 0.001411728
0.00189978 -0.0009411517
0.00190138 0.0009411517
0.00190298 -0.0009411517
0.00190458 0
0.00190618 -0.002823455
0.00190778 -0.003764607
0.00190938 -0.003764607
0.00191098 -0.003294031
0.00191258 -0.005176334
0.00191418 -0.007058638
0.00191578 -0.008940941
0.00191738 -0.007999789
0.00191898 -0.008940941
0.00192058 -0.01270555
0.00192218 -0.009882093
0.00192378 -0.01035267
0.00192538 -0.01082324
0.00192698 -0.0117644
0.00192858 -0.008940941
0.00193018 -0.01035267
0.00193178 -0.007999789
0.00193338 -0.008470365
0.00193498 -0.006588062
0.00193658 -0.006588062
0.00193818 -0.005176334
0.00193978 -0.006117486
0.00194138 -0.003764607
0.00194298 -0.002352879
0.00194458 -0.003294031
0.00194618 -0.0009411517
0.00194778 -0.001411728
0.00194938 -0.0009411517
0.00195098 0.001882303
0.00195258 0.002823455
0.00195418 0.002352879
0.00195578 0.006588062
0.00195738 0.007058638
0.00195898 0.008940941
0.00196058 0.009882093
0.00196218 0.01129382
0.00196378 0.0117644
0.00196538 0.01505843
0.00196698 0.01411728
0.00196858 0.01458785
0.00197018 0.01694073
0.00197178 0.01599958
0.00197338 0.01741131
0.00197498 0.01694073
0.00197658 0.01788188
0.00197818 0.01741131
0.00197978 0.01647015
0.00198138 0.01317612
0.00198298 0.01411728
0.00198458 0.0117644
0.00198618 0.0117644
0.00198778 0.009882093
0.00198938 0.007529213
0.00199098 0.008940941
0.00199258 0.005176334
0.00199418 0.003294031
0.00199578 0.003294031
0.00199738 0.001411728
0.00199898 0.001411728
0.00200058 0.0004705758
0.00200218 0
0.00200378 -0.0004705758
0.00200538 -0.002352879
0.00200698 0
0.00200858 -0.001882303
0.00201018 -0.002823455
0.00201178 -0.002823455
0.00201338 -0.0009411517
0.00201498 -0.001411728
0.00201658 -0.002823455
0.00201818 -0.001882303
0.00201978 -0.001882303
0.00202138 -0.001411728
0.00202298 -0.0009411517
0.00202458 -0.002823455
0.00202618 -0.002823455
0.00202778 -0.0009411517
0.00202938 0
0.00203098 -0.0004705758
0.00203258 0.0004705758
0.00203418 -0.0004705758
0.00203578 0.0009411517
0.00203738 0.0009411517
0.00203898 0.001882303
0.00204058 0
0.00204218 0.001882303
0.00204378 -0.0009411517
0.00204538 0.0009411517
0.00204698 0.002352879
0.00204858 0.001882303
0.00205018 0.001882303
0.00205178 0.002352879
0.00205338 0.003294031
0.00205498 0.004705758
0.00205658 0.003294031
0.00205818 0.004705758
0.00205978 0.004705758
0.00206138 0.005176334
0.00206298 0.004235183
0.00206458 0.007058638
0.00206618 0.00564691
0.00206778 0.007529213
0.00206938 0.007529213
0.00207098 0.006588062
0.00207258 0.007058638
0.00207418 0.009411517
0.00207578 0.009411517
0.00207738 0.008470365
0.00207898 0.008940941
0.00208058 0.009882093
0.00208218 0.01082324
0.00208378 0.009411517
0.00208538 0.009882093
0.00208698 0.01270555
0.00208858 0.01082324
0.00209018 0.01223497
0.00209178 0.0117644
0.00209338 0.01411728
0.00209498 0.01317612
0.00209658 0.01458785
0.00209818 0.01270555
0.00209978 0.01317612
0.00210138 0.0136467
0.00210298 0.0117644
0.00210458 0.01223497
0.00210618 0.01317612
0.00210778 0.01223497
0.00210938 0.0136467
0.00211098 0.01129382
0.00211258 0.009882093
0.00211418 0.01035267
0.00211578 0.009882093
0.00211738 0.009411517
0.00211898 0.008470365
0.00212058 0.008940941
0.00212218 0.008470365
0.00212378 0.008470365
0.00212538 0.006588062
0.00212698 0.006117486
0.00212858 0.005176334
0.00213018 0.006117486
0.00213178 0.006117486
0.00213338 0.00564691
0.00213498 0.00564691
0.00213658 0.005176334
0.00213818 0.006588062
0.00213978 0.004705758
0.00214138 0.003294031
0.00214298 0.004705758
0.00214458 0.002823455
0.00214618 0.004705758
0.00214778 0.001882303
0.00214938 0.003764607
0.00215098 0.002352879
0.00215258 0.001882303
0.00215418 0.002823455
0.00215578 0.003294031
0.00215738 0.0009411517
0.00215898 0.0004705758
0.00216058 0.001411728
0.00216218 -0.0004705758
0.00216378 -0.0009411517
0.00216538 -0.0009411517
0.00216698 -0.003294031
0.00216858 -0.003764607
0.00217018 -0.005176334
0.00217178 -0.004235183
0.00217338 -0.005176334
0.00217498 -0.007058638
0.00217658 -0.007999789
0.00217818 -0.006117486
0.00217978 -0.008470365
0.00218138 -0.007529213
0.00218298 -0.009411517
0.00218458 -0.007058638
0.00218618 -0.007999789
0.00218778 -0.006588062
0.00218938 -0.008940941
0.00219098 -0.007529213
0.00219258 -0.008940941
0.00219418 -0.007529213
0.00219578 -0.007529213
0.00219738 -0.006117486
0.00219898 -0.007058638
0.00220058 -0.006117486
0.00220218 -0.004705758
0.00220378 -0.006588062
0.00220538 -0.00564691
0.00220698 -0.005176334
0.00220858 -0.005176334
0.00221018 -0.004705758
0.00221178 -0.007058638
0.00221338 -0.004235183
0.00221498 -0.00564691
0.00221658 -0.003764607
0.00221818 -0.004235183
0.00221978 -0.004235183
0.00222138 -0.002352879
0.00222298 -0.003294031
0.00222458 -0.003764607
0.00222618 -0.004235183
0.00222778 -0.005176334
0.00222938 -0.003764607
0.00223098 -0.003764607
0.00223258 -0.002823455
0.00223418 -0.002352879
0.00223578 -0.001411728
0.00223738 -0.002352879
0.00223898 -0.001882303
0.00224058 -0.001411728
0.00224218 -0.0009411517
0.00224378 -0.001882303
0.00224538 -0.002823455
0.00224698 -0.001882303
0.00224858 -0.0009411517
0.00225018 -0.002352879
0.00225178 -0.002352879
0.00225338 -0.005176334
0.00225498 -0.004705758
0.00225658 -0.003764607
0.00225818 -0.004705758
0.00225978 -0.006588062
0.00226138 -0.006588062
0.00226298 -0.009882093
0.00226458 -0.009411517
0.00226618 -0.01035267
0.00226778 -0.009882093
0.00226938 -0.01411728
0.00227098 -0.01129382
0.00227258 -0.01223497
0.00227418 -0.01223497
0.00227578 -0.01411728
0.00227738 -0.01223497
0.00227898 -0.01270555
0.00228058 -0.01270555
0.00228218 -0.01270555
0.00228378 -0.01223497
0.00228538 -0.01458785
0.00228698 -0.0136467
0.00228858 -0.01317612
0.00229018 -0.01317612
0.00229178 -0.0136467
0.00229338 -0.0136467
0.00229498 -0.01317612
0.00229658 -0.0136467
0.00229818 -0.01411728
0.00229978 -0.01458785
0.00230138 -0.01599958
0.00230298 -0.01458785
0.00230458 -0.01741131
0.00230618 -0.01741131
0.00230778 -0.01599958
0.00230938 -0.01835246
0.00231098 -0.01882303
0.00231258 -0.01882303
0.00231418 -0.02070534
0.00231578 -0.01929361
0.00231738 -0.02070534
0.00231898 -0.02023476
0.00232058 -0.02258764
0.00232218 -0.02070534
0.00232378 -0.02211706
0.00232538 -0.02258764
0.00232698 -0.02258764
0.00232858 -0.02117591
0.00233018 -0.02164649
0.00233178 -0.02211706
0.00233338 -0.02211706
0.00233498 -0.02258764
0.00233658 -0.02258764
0.00233818 -0.02211706
0.00233978 -0.02446994
0.00234138 -0.02164649
0.00234298 -0.02258764
0.00234458 -0.02164649
0.00234618 -0.02211706
0.00234778 -0.02258764
0.00234938 -0.02352879
0.00235098 -0.02117591
0.00235258 -0.02164649
0.00235418 -0.02070534
0.00235578 -0.02164649
0.00235738 -0.02023476
0.00235898 -0.02070534
0.00236058 -0.02070534
0.00236218 -0.02258764
0.00236378 -0.02023476
0.00236538 -0.02023476
0.00236698 -0.01976419
0.00236858 -0.01835246
0.00237018 -0.01741131
0.00237178 -0.01647015
0.00237338 -0.01505843
0.00237498 -0.01458785
0.00237658 -0.0136467
0.00237818 -0.01599958
0.00237978 -0.01270555
0.00238138 -0.01411728
0.00238298 -0.01082324
0.00238458 -0.01082324
0.00238618 -0.01035267
0.00238778 -0.01129382
0.00238938 -0.01035267
0.00239098 -0.01129382
0.00239258 -0.01129382
0.00239418 -0.01082324
0.00239578 -0.01129382
0.00239738 -0.01270555
0.00239898 -0.01223497
0.00240058 -0.0117644
0.00240218 -0.009882093
0.00240378 -0.01270555
0.00240538 -0.01129382
0.00240698 -0.01223497
0.00240858 -0.01082324
0.00241018 -0.01035267
0.00241178 -0.008940941
0.00241338 -0.008470365
0.00241498 -0.009411517
0.00241658 -0.007999789
0.00241818 -0.007058638
0.00241978 -0.007999789
0.00242138 -0.006588062
0.00242298 -0.005176334
0.00242458 -0.004235183
0.00242618 -0.002823455
0.00242778 -0.001882303
0.00242938 0.0004705758
0.00243098 -0.0004705758
0.00243258 0
0.00243418 0.0009411517
0.00243578 0.001882303
0.00243738 0.001882303
0.00243898 0.003294031
0.00244058 0.004235183
0.00244218 0.004705758
0.00244378 0.002823455
0.00244538 0.0009411517
0.00244698 0.001882303
0.00244858 0.001411728
0.00245018 0.0009411517
0.00245178 0.0009411517
0.00245338 0.0009411517
0.00245498 0.002352879
0.00245658 0.002823455
0.00245818 0.001882303
0.00245978 0.001411728
0.00246138 0.001882303
0.00246298 0.002823455
0.00246458 0.002823455
0.00246618 0.005176334
0.00246778 0.004705758
0.00246938 0.006117486
0.00247098 0.007529213
0.00247258 0.009882093
0.00247418 0.01082324
0.00247578 0.0117644
0.00247738 0.01223497
0.00247898 0.01270555
0.00248058 0.01317612
0.00248218 0.01270555
0.00248378 0.01270555
0.00248538 0.01317612
0.00248698 0.01082324
0.00248858 0.0117644
0.00249018 0.01223497
0.00249178 0.01223497
0.00249338 0.01082324
0.00249498 0.01035267
0.00249658 0.01035267
0.00249818 0.01035267
0.00249978 0.01035267
0.00250138 0.008470365
0.00250298 0.01035267
0.00250458 0.009882093
0.00250618 0.01082324
0.00250778 0.01035267
0.00250938 0.008470365
0.00251098 0.01082324
0.00251258 0.01129382
0.00251418 0.01129382
0.00251578 0.01270555
0.00251738 0.01411728
0.00251898 0.01270555
0.00252058 0.01317612
0.00252218 0.0136467
0.00252378 0.01505843
0.00252538 0.01458785
0.00252698 0.01599958
0.00252858 0.01599958
0.00253018 0.015529
0.00253178 0.01505843
0.00253338 0.01599958
0.00253498 0.01647015
0.00253658 0.01694073
0.00253818 0.01647015
0.00253978 0.01599958
0.00254138 0.01599958
0.00254298 0.01599958
0.00254458 0.01505843
0.00254618 0.01599958
0.00254778 0.01647015
0.00254938 0.01317612
0.00255098 0.01505843
0.00255258 0.01411728
0.00255418 0.01317612
0.00255578 0.01270555
0.00255738 0.01317612
0.00255898 0.01317612
0.00256058 0.01317612
0.00256218 0.01223497
0.00256378 0.01129382
0.00256538 0.01223497
0.00256698 0.009882093
0.00256858 0.01129382
0.00257018 0.01082324
0.00257178 0.009882093
0.00257338 0.009882093
0.00257498 0.009411517
0.00257658 0.008470365
0.00257818 0.007058638
0.00257978 0.006588062
0.00258138 0.004705758
0.00258298 0.003764607
0.00258458 0.002823455
0.00258618 0.003294031
0.00258778 0.001411728
0.00258938 0.002823455
0.00259098 -0.0004705758
0.00259258 -0.0009411517
0.00259418 -0.001882303
0.00259578 -0.0004705758
0.00259738 0
0.00259898 -0.002352879
0.00260058 -0.0004705758
0.00260218 0
0.00260378 -0.0009411517
0.00260538 -0.002823455
0.00260698 -0.005176334
0.00260858 -0.002352879
0.00261018 -0.002823455
0.00261178 -0.001882303
0.00261338 -0.004705758
0.00261498 -0.004705758
0.00261658 -0.00564691
0.00261818 -0.003764607
0.00261978 -0.006588062
0.00262138 -0.005176334
0.00262298 -0.007058638
0.00262458 -0.01035267
0.00262618 -0.008940941
0.00262778 -0.008940941
0.00262938 -0.01035267
0.00263098 -0.01317612
0.00263258 -0.0136467
0.00263418 -0.015529
0.00263578 -0.01505843
0.00263738 -0.01741131
0.00263898 -0.01694073
0.00264058 -0.01882303
0.00264218 -0.01882303
0.00264378 -0.02070534
0.00264538 -0.02023476
0.00264698 -0.01882303
0.00264858 -0.02164649
0.00265018 -0.02258764
0.00265178 -0.02117591
0.00265338 -0.02305822
0.00265498 -0.02070534
0.00265658 -0.02305822
0.00265818 -0.02352879
0.00265978 -0.02399937
0.00266138 -0.02446994
0.00266298 -0.0254111
0.00266458 -0.02494052
0.00266618 -0.02682282
0.00266778 -0.02588167
0.00266938 -0.02823455
0.00267098 -0.02682282
0.00267258 -0.02776397
0.00267418 -0.02823455
0.00267578 -0.03011685
0.00267738 -0.0291757
0.00267898 -0.0291757
0.00268058 -0.02964628
0.00268218 -0.03011685
0.00268378 -0.03058743
0.00268538 -0.03058743
0.00268698 -0.02964628
0.00268858 -0.03152858
0.00269018 -0.03058743
0.00269178 -0.03199916
0.00269338 -0.03058743
0.00269498 -0.03199916
0.00269658 -0.03058743
0.00269818 -0.02964628
0.00269978 -0.0291757
0.00270138 -0.03058743
0.00270298 -0.03152858
0.00270458 -0.03011685
0.00270618 -0.03105801
0.00270778 -0.03152858
0.00270938 -0.03105801
0.00271098 -0.03058743
0.00271258 -0.03011685
0.00271418 -0.03058743
0.00271578 -0.02964628
0.00271738 -0.0291757
0.00271898 -0.02776397
0.00272058 -0.02870513
0.00272218 -0.0272934
0.00272378 -0.0272934
0.00272538 -0.02588167
0.00272698 -0.0254111
0.00272858 -0.02494052
0.00273018 -0.02494052
0.00273178 -0.02258764
0.00273338 -0.02305822
0.00273498 -0.02446994
0.00273658 -0.02117591
0.00273818 -0.01929361
0.00273978 -0.02023476
0.00274138 -0.02023476
0.00274298 -0.02023476
0.00274458 -0.02070534
0.00274618 -0.01788188
0.00274778 -0.01882303
0.00274938 -0.02211706
0.00275098 -0.02117591
0.00275258 -0.02117591
0.00275418 -0.02117591
0.00275578 -0.02117591
0.00275738 -0.02164649
0.00275898 -0.02117591
0.00276058 -0.02070534
0.00276218 -0.02164649
0.00276378 -0.02023476
0.00276538 -0.02023476
0.00276698 -0.02023476
0.00276858 -0.02070534
0.00277018 -0.02070534
0.00277178 -0.02117591
0.00277338 -0.01976419
0.00277498 -0.01882303
0.00277658 -0.01599958
0.00277818 -0.01882303
0.00277978 -0.01741131
0.00278138 -0.01788188
0.00278298 -0.01599958
0.00278458 -0.01741131
0.00278618 -0.01647015
0.00278778 -0.01976419
0.00278938 -0.01647015
0.00279098 -0.01647015
0.00279258 -0.01599958
0.00279418 -0.01599958
0.00279578 -0.01458785
0.00279738 -0.0136467
0.00279898 -0.01411728
0.00280058 -0.01223497
0.00280218 -0.01411728
0.00280378 -0.01317612
0.00280538 -0.01082324
0.00280698 -0.01035267
0.00280858 -0.007529213
0.00281018 -0.007058638
0.00281178 -0.00564691
0.00281338 -0.006117486
0.00281498 -0.002823455
0.00281658 0.0009411517
0.00281818 0
0.00281978 0.001411728
0.00282138 0.002823455
0.00282298 0.004235183
0.00282458 0.004705758
0.00282618 0.006117486
0.00282778 0.006588062
0.00282938 0.006117486
0.00283098 0.007529213
0.00283258 0.007529213
0.00283418 0.009882093
0.00283578 0.008470365
0.00283738 0.008470365
0.00283898 0.009411517
0.00284058 0.008470365
0.00284218 0.009411517
0.00284378 0.009411517
0.00284538 0.006117486
0.00284698 0.007999789
0.00284858 0.008470365
0.00285018 0.007058638
0.00285178 0.007999789
0.00285338 0.006117486
0.00285498 0.007529213
0.00285658 0.007058638
0.00285818 0.00564691
0.00285978 0.005176334
0.00286138 0.005176334
0.00286298 0.006117486
0.00286458 0.007999789
0.00286618 0.007529213
0.00286778 0.007529213
0.00286938 0.007529213
0.00287098 0.008940941
0.00287258 0.008470365
0.00287418 0.009882093
0.00287578 0.01082324
0.00287738 0.01035267
0.00287898 0.01035267
0.00288058 0.01082324
0.00288218 0.009882093
0.00288378 0.01082324
0.00288538 0.01082324
0.00288698 0.01082324
0.00288858 0.008470365
0.00289018 0.01129382
0.00289178 0.007529213
0.00289338 0.007529213
0.00289498 0.007999789
0.00289658 0.007529213
0.00289818 0.007058638
0.00289978 0.007058638
0.00290138 0.006117486
0.00290298 0.004705758
0.00290458 0.003294031
0.00290618 0.003764607
0.00290778 0.001882303
0.00290938 0.002823455
0.00291098 0.0009411517
0.00291258 0.0009411517
0.00291418 -0.0004705758
0.00291578 0.0009411517
0.00291738 -0.002823455
0.00291898 -0.0009411517
0.00292058 -0.002352879
0.00292218 -0.002352879
0.00292378 -0.003294031
0.00292538 -0.003764607
0.00292698 -0.002823455
0.00292858 -0.002352879
0.00293018 -0.002823455
0.00293178 -0.003294031
0.00293338 -0.003294031
0.00293498 -0.003294031
0.00293658 -0.004705758
0.00293818 -0.003764607
0.00293978 -0.00564691
0.00294138 -0.003764607
0.00294298 -0.004235183
0.00294458 -0.006588062
0.00294618 -0.007529213
0.00294778 -0.006588062
0.00294938 -0.008470365
0.00295098 -0.007529213
0.00295258 -0.006588062
0.00295418 -0.007529213
0.00295578 -0.007999789
0.00295738 -0.007529213
0.00295898 -0.006117486
0.00296058 -0.00564691
0.00296218 -0.006117486
0.00296378 -0.005176334
0.00296538 -0.004705758
0.00296698 -0.001882303
0.00296858 -0.001411728
0.00297018 -0.002823455
0.00297178 -0.003764607
0.00297338 -0.0009411517
0.00297498 -0.002352879
0.00297658 0
0.00297818 -0.001882303
0.00297978 -0.0009411517
0.00298138 0
0.00298298 0
0.00298458 -0.001882303
0.00298618 -0.002823455
0.00298778 -0.001882303
0.00298938 -0.002823455
0.00299098 -0.005176334
0.00299258 -0.00564691
0.00299418 -0.005176334
0.00299578 -0.006117486
0.00299738 -0.006588062
0.00299898 -0.007529213
0.00300058 -0.008470365
0.00300218 -0.007529213
0.00300378 -0.008470365
0.00300538 -0.009411517
0.00300698 -0.009882093
0.00300858 -0.01035267
0.00301018 -0.01129382
0.00301178 -0.01035267
0.00301338 -0.008940941
0.00301498 -0.009411517
0.00301658 -0.009411517
0.00301818 -0.008940941
0.00301978 -0.009882093
0.00302138 -0.009411517
0.00302298 -0.007999789
0.00302458 -0.008940941
0.00302618 -0.008470365
0.00302778 -0.009882093
0.00302938 -0.007999789
0.00303098 -0.01035267
0.00303258 -0.009411517
0.00303418 -0.009882093
0.00303578 -0.01082324
0.00303738 -0.01035267
0.00303898 -0.009882093
0.00304058 -0.01317612
0.00304218 -0.0117644
0.00304378 -0.01458785
0.00304538 -0.01411728
0.00304698 -0.0117644
0.00304858 -0.01411728
0.00305018 -0.01788188
0.00305178 -0.01411728
0.00305338 -0.01694073
0.00305498 -0.01505843
0.00305658 -0.01976419
0.00305818 -0.01694073
0.00305978 -0.02117591
0.00306138 -0.02070534
0.00306298 -0.02446994
0.00306458 -0.02211706
0.00306618 -0.02399937
0.00306778 -0.02352879
0.00306938 -0.02635225
0.00307098 -0.0254111
0.00307258 -0.02588167
0.00307418 -0.0272934
0.00307578 -0.0272934
0.00307738 -0.0272934
0.00307898 -0.02870513
0.00308058 -0.02823455
0.00308218 -0.02870513
0.00308378 -0.0291757
0.00308538 -0.02823455
0.00308698 -0.0272934
0.00308858 -0.02964628
0.00309018 -0.02776397
0.00309178 -0.0291757
0.00309338 -0.02776397
0.00309498 -0.02870513
0.00309658 -0.02870513
0.00309818 -0.02823455
0.00309978 -0.02776397
0.00310138 -0.0272934
0.00310298 -0.02682282
0.00310458 -0.0272934
0.00310618 -0.02635225
0.00310778 -0.02682282
0.00310938 -0.02588167
0.00311098 -0.02823455
0.00311258 -0.02823455
0.00311418 -0.02776397
0.00311578 -0.02776397
0.00311738 -0.02823455
0.00311898 -0.0272934
0.00312058 -0.0272934
0.00312218 -0.0272934
0.00312378 -0.0272934
0.00312538 -0.02399937
0.00312698 -0.02588167
0.00312858 -0.0254111
0.00313018 -0.02352879
0.00313178 -0.02258764
0.00313338 -0.02305822
0.00313498 -0.02070534
0.00313658 -0.02070534
0.00313818 -0.02211706
0.00313978 -0.02070534
0.00314138 -0.01882303
0.00314298 -0.01976419
0.00314458 -0.02023476
0.00314618 -0.01976419
0.00314778 -0.01694073
0.00314938 -0.01835246
0.00315098 -0.01835246
0.00315258 -0.01976419
0.00315418 -0.01976419
0.00315578 -0.02211706
0.00315738 -0.02211706
0.00315898 -0.02211706
0.00316058 -0.02258764
0.00316218 -0.02446994
0.00316378 -0.0254111
0.00316538 -0.02635225
0.00316698 -0.02446994
0.00316858 -0.02776397
0.00317018 -0.0272934
0.00317178 -0.02682282
0.00317338 -0.02823455
0.00317498 -0.02823455
0.00317658 -0.02776397
0.00317818 -0.02682282
0.00317978 -0.02682282
0.00318138 -0.02494052
0.00318298 -0.02446994
0.00318458 -0.02682282
0.00318618 -0.0254111
0.00318778 -0.02352879
0.00318938 -0.02352879
0.00319098 -0.02399937
0.00319258 -0.02446994
0.00319418 -0.02446994
0.00319578 -0.02446994
0.00319738 -0.02399937
0.00319898 -0.02399937
0.00320058 -0.02446994
0.00320218 -0.02635225
0.00320378 -0.02588167
0.00320538 -0.02446994
0.00320698 -0.02446994
0.00320858 -0.02399937
0.00321018 -0.02494052
0.00321178 -0.02352879
0.00321338 -0.0254111
0.00321498 -0.02399937
0.00321658 -0.02446994
0.00321818 -0.02446994
0.00321978 -0.02446994
0.00322138 -0.02070534
0.00322298 -0.02352879
0.00322458 -0.02211706
0.00322618 -0.02305822
0.00322778 -0.02164649
0.00322938 -0.02117591
0.00323098 -0.02070534
0.00323258 -0.02305822
0.00323418 -0.02258764
0.00323578 -0.02164649
0.00323738 -0.01976419
0.00323898 -0.02117591
0.00324058 -0.02070534
0.00324218 -0.02164649
0.00324378 -0.01882303
0.00324538 -0.01976419
0.00324698 -0.01882303
0.00324858 -0.02117591
0.00325018 -0.01835246
0.00325178 -0.01929361
0.00325338 -0.01835246
0.00325498 -0.02070534
0.00325658 -0.01694073
0.00325818 -0.01835246
0.00325978 -0.01694073
0.00326138 -0.01976419
0.00326298 -0.01694073
0.00326458 -0.01929361
0.00326618 -0.01835246
0.00326778 -0.02070534
0.00326938 -0.01882303
0.00327098 -0.02023476
0.00327258 -0.01835246
0.00327418 -0.02117591
0.00327578 -0.02117591
0.00327738 -0.02211706
0.00327898 -0.02164649
0.00328058 -0.02258764
0.00328218 -0.02164649
0.00328378 -0.02305822
0.00328538 -0.02211706
0.00328698 -0.02258764
0.00328858 -0.02117591
0.00329018 -0.02258764
0.00329178 -0.02117591
0.00329338 -0.02164649
0.00329498 -0.02023476
0.00329658 -0.01929361
0.00329818 -0.02023476
0.00329978 -0.02164649
0.00330138 -0.01741131
0.00330298 -0.01882303
0.00330458 -0.01505843
0.00330618 -0.01599958
0.00330778 -0.015529
0.00330938 -0.01505843
0.00331098 -0.015529
0.00331258 -0.01411728
0.00331418 -0.01270555
0.00331578 -0.01317612
0.00331738 -0.01082324
0.00331898 -0.01082324
0.00332058 -0.01082324
0.00332218 -0.01035267
0.00332378 -0.009411517
0.00332538 -0.007529213
0.00332698 -0.006117486
0.00332858 -0.004705758
0.00333018 -0.005176334
0.00333178 -0.005176334
0.00333338 -0.004235183
0.00333498 -0.003294031
0.00333658 -0.003294031
0.00333818 -0.002352879
0.00333978 -0.001882303
0.00334138 -0.0009411517
0.00334298 0
0.00334458 0.002352879
0.00334618 0.001411728
0.00334778 0.0009411517
0.00334938 0.001882303
0.00335098 0.001882303
0.00335258 0.003764607
0.00335418 0.002352879
0.00335578 0.004235183
0.00335738 0.005176334
0.00335898 0.004705758
0.00336058 0.00564691
0.00336218 0.004235183
0.00336378 0.005176334
0.00336538 0.004235183
0.00336698 0.004705758
0.00336858 0.00564691
0.00337018 0.00564691
0.00337178 0.00564691
0.00337338 0.004705758
0.00337498 0.004705758
0.00337658 0.004235183
0.00337818 0.003294031
0.00337978 0.003764607
0.00338138 0.002352879
0.00338298 0.003764607
0.00338458 0.002352879
0.00338618 0.001882303
0.00338778 0.0009411517
0.00338938 0.001882303
0.00339098 0.0009411517
0.00339258 0.001411728
0.00339418 -0.0004705758
0.00339578 0
0.00339738 0.0004705758
0.00339898 0
0.00340058 -0.001411728
0.00340218 -0.0004705758
0.00340378 -0.003294031
0.00340538 -0.003294031
0.00340698 -0.003294031
0.00340858 -0.005176334
0.00341018 -0.004235183
0.00341178 -0.006117486
0.00341338 -0.004705758
0.00341498 -0.004705758
0.00341658 -0.004705758
0.00341818 -0.006588062
0.00341978 -0.006117486
0.00342138 -0.006588062
0.00342298 -0.007058638
0.00342458 -0.005176334
0.00342618 -0.00564691
0.00342778 -0.005176334
0.00342938 -0.005176334
0.00343098 -0.006117486
0.00343258 -0.005176334
0.00343418 -0.003294031
0.00343578 -0.004705758
0.00343738 -0.005176334
0.00343898 -0.004235183
0.00344058 -0.006117486
0.00344218 -0.004705758
0.00344378 -0.002823455
0.00344538 -0.007058638
0.00344698 -0.004705758
0.00344858 -0.005176334
0.00345018 -0.00564691
0.00345178 -0.006588062
0.00345338 -0.006117486
0.00345498 -0.005176334
0.00345658 -0.006117486
0.00345818 -0.008470365
0.00345978 -0.007999789
0.00346138 -0.007058638
0.00346298 -0.008470365
0.00346458 -0.009882093
0.00346618 -0.01035267
0.00346778 -0.007999789
0.00346938 -0.006588062
0.00347098 -0.007999789
0.00347258 -0.007529213
0.00347418 -0.006588062
0.00347578 -0.00564691
0.00347738 -0.007058638
0.00347898 -0.006117486
0.00348058 -0.00564691
0.00348218 -0.006588062
0.00348378 -0.004705758
0.00348538 -0.007999789
0.00348698 -0.007058638
0.00348858 -0.00564691
0.00349018 -0.006117486
0.00349178 -0.006588062
0.00349338 -0.005176334
0.00349498 -0.006588062
0.00349658 -0.006117486
0.00349818 -0.006117486
0.00349978 -0.005176334
0.00350138 -0.007058638
0.00350298 -0.006588062
0.00350458 -0.006588062
0.00350618 -0.005176334
0.00350778 -0.005176334
0.00350938 -0.006117486
0.00351098 -0.00564691
0.00351258 -0.006588062
0.00351418 -0.007058638
0.00351578 -0.00564691
0.00351738 -0.007058638
0.00351898 -0.007529213
0.00352058 -0.008470365
0.00352218 -0.009411517
0.00352378 -0.01035267
0.00352538 -0.009882093
0.00352698 -0.01035267
0.00352858 -0.01129382
0.00353018 -0.01505843
0.00353178 -0.01317612
0.00353338 -0.01505843
0.00353498 -0.01647015
0.00353658 -0.01882303
0.00353818 -0.01835246
0.00353978 -0.02164649
0.00354138 -0.01976419
0.00354298 -0.02164649
0.00354458 -0.02117591
0.00354618 -0.02399937
0.00354778 -0.02305822
0.00354938 -0.02305822
0.00355098 -0.02164649
0.00355258 -0.02258764
0.00355418 -0.02117591
0.00355578 -0.02211706
0.00355738 -0.02117591
0.00355898 -0.01976419
0.00356058 -0.01835246
0.00356218 -0.01929361
0.00356378 -0.01882303
0.00356538 -0.02023476
0.00356698 -0.02023476
0.00356858 -0.02070534
0.00357018 -0.01882303
0.00357178 -0.01882303
0.00357338 -0.01929361
0.00357498 -0.01929361
0.00357658 -0.01835246
0.00357818 -0.02070534
0.00357978 -0.01929361
0.00358138 -0.02164649
0.00358298 -0.01929361
0.00358458 -0.01976419
0.00358618 -0.02117591
0.00358778 -0.02070534
0.00358938 -0.02211706
0.00359098 -0.02211706
0.00359258 -0.02164649
0.00359418 -0.02117591
0.00359578 -0.01929361
0.00359738 -0.01835246
0.00359898 -0.01835246
0.00360058 -0.01788188
0.00360218 -0.01929361
0.00360378 -0.01599958
0.00360538 -0.01411728
0.00360698 -0.01270555
0.00360858 -0.01317612
0.00361018 -0.01082324
0.00361178 -0.009411517
0.00361338 -0.008470365
0.00361498 -0.007999789
0.00361658 -0.006588062
0.00361818 -0.005176334
0.00361978 -0.005176334
0.00362138 -0.002823455
0.00362298 -0.002352879
0.00362458 -0.0009411517
0.00362618 -0.0009411517
0.00362778 0.0009411517
0.00362938 0.0009411517
0.00363098 0.001411728
0.00363258 0.003764607
0.00363418 0.002352879
0.00363578 0.004235183
0.00363738 0.003294031
0.00363898 0.002352879
0.00364058 0.004235183
0.00364218 0.00564691
0.00364378 0.00564691
0.00364538 0.005176334
0.00364698 0.006588062
0.00364858 0.006117486
0.00365018 0.005176334
0.00365178 0.005176334
0.00365338 0.006588062
0.00365498 0.006588062
0.00365658 0.006117486
0.00365818 0.006588062
0.00365978 0.008470365
0.00366138 0.004705758
0.00366298 0.006588062
0.00366458 0.00564691
0.00366618 0.006117486
0.00366778 0.00564691
0.00366938 0.006588062
0.00367098 0.00564691
0.00367258 0.007058638
0.00367418 0.006117486
0.00367578 0.004235183
0.00367738 0.006588062
0.00367898 0.005176334
0.00368058 0.003764607
0.00368218 0.006588062
0.00368378 0.006588062
0.00368538 0.004705758
0.00368698 0.005176334
0.00368858 0.005176334
0.00369018 0.004705758
0.00369178 0.003764607
0.00369338 0.003764607
0.00369498 0.004705758
0.00369658 0.004705758
0.00369818 0.003764607
0.00369978 0.001882303
0.00370138 0.003764607
0.00370298 0.005176334
0.00370458 0.003294031
0.00370618 0.003764607
0.00370778 0.002823455
0.00370938 0.004705758
0.00371098 0.004705758
0.00371258 0.004705758
0.00371418 0.003764607
0.00371578 0.005176334
0.00371738 0.003764607
0.00371898 0.004235183
0.00372058 0.00564691
0.00372218 0.00564691
0.00372378 0.00564691
0.00372538 0.005176334
0.00372698 0.007529213
0.00372858 0.007999789
0.00373018 0.007058638
0.00373178 0.007999789
0.00373338 0.007058638
0.00373498 0.009411517
0.00373658 0.009411517
0.00373818 0.01129382
0.00373978 0.01082324
0.00374138 0.01035267
0.00374298 0.009411517
0.00374458 0.01129382
0.00374618 0.0117644
0.00374778 0.01129382
0.00374938 0.01317612
0.00375098 0.01270555
0.00375258 0.01270555
0.00375418 0.0136467
0.00375578 0.01411728
0.00375738 0.01458785
0.00375898 0.01647015
0.00376058 0.01458785
0.00376218 0.01599958
0.00376378 0.01788188
0.00376538 0.01835246
0.00376698 0.01788188
0.00376858 0.01835246
0.00377018 0.01788188
0.00377178 0.01976419
0.00377338 0.01741131
0.00377498 0.01835246
0.00377658 0.01788188
0.00377818 0.01929361
0.00377978 0.01882303
0.00378138 0.01835246
0.00378298 0.01976419
0.00378458 0.01788188
0.00378618 0.01647015
0.00378778 0.015529
0.00378938 0.01505843
0.00379098 0.01411728
0.00379258 0.01317612
0.00379418 0.0136467
0.00379578 0.0117644
0.00379738 0.009882093
0.00379898 0.008940941
0.00380058 0.008940941
0.00380218 0.00564691
0.00380378 0.006588062
0.00380538 0.006117486
0.00380698 0.002823455
0.00380858 0.003764607
0.00381018 0.002823455
0.00381178 0.002823455
0.00381338 0.002823455
0.00381498 0.002823455
0.00381658 0.003764607
0.00381818 0.001411728
0.00381978 0.001882303
0.00382138 0.002823455
0.00382298 0.002352879
0.00382458 0.002352879
0.00382618 0.002823455
0.00382778 0.003294031
0.00382938 0.003294031
0.00383098 0.003294031
0.00383258 0.007058638
0.00383418 0.005176334
0.00383578 0.006117486
0.00383738 0.00564691
0.00383898 0.00564691
0.00384058 0.004235183
0.00384218 0.004235183
0.00384378 0.006117486
0.00384538 0.00564691
0.00384698 0.007529213
0.00384858 0.007529213
0.00385018 0.007529213
0.00385178 0.006588062
0.00385338 0.005176334
0.00385498 0.008470365
0.00385658 0.009882093
0.00385818 0.007058638
0.00385978 0.007058638
0.00386138 0.008470365
0.00386298 0.007529213
0.00386458 0.008940941
0.00386618 0.008470365
0.00386778 0.007529213
0.00386938 0.006117486
0.00387098 0.006588062
0.00387258 0.00564691
0.00387418 0.006117486
0.00387578 0.005176334
0.00387738 0.004235183
0.00387898 0.002823455
0.00388058 0.003764607
0.00388218 0.004235183
0.00388378 0.002352879
0.00388538 0.002352879
0.00388698 0.0004705758
0.00388858 0.0009411517
0.00389018 -0.0009411517
0.00389178 0
0.00389338 -0.002823455
0.00389498 -0.0009411517
0.00389658 -0.001882303
0.00389818 -0.001411728
0.00389978 -0.001882303
0.00390138 -0.002823455
0.00390298 -0.001411728
0.00390458 -0.001882303
0.00390618 -0.002352879
0.00390778 -0.002352879
0.00390938 -0.003294031
0.00391098 -0.003764607
0.00391258 -0.002352879
0.00391418 -0.003764607
0.00391578 -0.003294031
0.00391738 -0.002352879
0.00391898 -0.002823455
0.00392058 -0.0004705758
0.00392218 -0.003764607
0.00392378 -0.001411728
0.00392538 -0.004235183
0.00392698 0
0.00392858 -0.0009411517
0.00393018 -0.0009411517
0.00393178 -0.0004705758
0.00393338 -0.0004705758
0.00393498 0.0004705758
0.00393658 0.0009411517
0.00393818 0
0.00393978 0.001882303
0.00394138 0.0009411517
0.00394298 0.001882303
0.00394458 0.002352879
0.00394618 0.002352879
0.00394778 0.002823455
0.00394938 0.002823455
0.00395098 0.003764607
0.00395258 0.002352879
0.00395418 0.002823455
0.00395578 0.002352879
0.00395738 0.002352879
0.00395898 0.003294031
0.00396058 0
0.00396218 0.002823455
0.00396378 0.0009411517
0.00396538 0.0009411517
0.00396698 0.002352879
0.00396858 0.002352879
0.00397018 0.001411728
0.00397178 0.001411728
0.00397338 0
0.00397498 0.001411728
0.00397658 0.001411728
0.00397818 0
0.00397978 0.001882303
0.00398138 0.0009411517
0.00398298 0.0009411517
0.00398458 0.0004705758
0.00398618 0.002823455
0.00398778 0.001882303
0.00398938 0.004235183
0.00399098 0.001882303
0.00399258 0.002823455
0.00399418 0.003294031
0.00399578 0.004235183
0.00399738 0.004235183
0.00399898 0.003294031
0.00400058 0.005176334
0.00400218 0.007058638
0.00400378 0.004705758
0.00400538 0.004235183
0.00400698 0.005176334
0.00400858 0.007058638
0.00401018 0.006588062
0.00401178 0.007529213
0.00401338 0.007058638
0.00401498 0.00564691
0.00401658 0.007999789
0.00401818 0.007529213
0.00401978 0.007058638
0.00402138 0.007058638
0.00402298 0.007529213
0.00402458 0.004705758
0.00402618 0.007058638
0.00402778 0.00564691
0.00402938 0.005176334
0.00403098 0.005176334
0.00403258 0.004235183
0.00403418 0.003764607
0.00403578 0.002823455
0.00403738 0.002823455
0.00403898 0.0009411517
0.00404058 0.001411728
0.00404218 0.0009411517
0.00404378 -0.001411728
0.00404538 0
0.00404698 0.0009411517
0.00404858 -0.002352879
0.00405018 -0.002352879
0.00405178 -0.001882303
0.00405338 -0.002352879
0.00405498 -0.003294031
0.00405658 -0.003764607
0.00405818 -0.003764607
0.00405978 -0.003294031
0.00406138 -0.004235183
0.00406298 -0.003764607
0.00406458 -0.003294031
0.00406618 -0.00564691
0.00406778 -0.004705758
0.00406938 -0.004705758
0.00407098 -0.005176334
0.00407258 -0.006117486
0.00407418 -0.008470365
0.00407578 -0.007058638
0.00407738 -0.007058638
0.00407898 -0.006588062
0.00408058 -0.00564691
0.00408218 -0.006117486
0.00408378 -0.00564691
0.00408538 -0.008470365
0.00408698 -0.007999789
0.00408858 -0.007058638
0.00409018 -0.006588062
0.00409178 -0.00564691
0.00409338 -0.00564691
0.00409498 -0.006117486
0.00409658 -0.005176334
0.00409818 -0.006117486
0.00409978 -0.004705758
0.00410138 -0.006588062
0.00410298 -0.003764607
0.00410458 -0.004705758
0.00410618 -0.003764607
0.00410778 -0.005176334
0.00410938 -0.002823455
0.00411098 -0.003764607
0.00411258 -0.003294031
0.00411418 -0.002352879
0.00411578 -0.002352879
0.00411738 -0.002823455
0.00411898 -0.001411728
0.00412058 -0.002352879
0.00412218 -0.003294031
0.00412378 -0.002352879
0.00412538 -0.003294031
0.00412698 -0.004235183
0.00412858 -0.004705758
0.00413018 -0.004705758
0.00413178 -0.005176334
0.00413338 -0.006117486
0.00413498 -0.00564691
0.00413658 -0.007529213
0.00413818 -0.007529213
0.00413978 -0.007529213
0.00414138 -0.007529213
0.00414298 -0.009882093
0.00414458 -0.008940941
0.00414618 -0.01129382
0.00414778 -0.01082324
0.00414938 -0.01129382
0.00415098 -0.01035267
0.00415258 -0.01129382
0.00415418 -0.01223497
0.00415578 -0.0117644
0.00415738 -0.01035267
0.00415898 -0.01223497
0.00416058 -0.01223497
0.00416218 -0.01082324
0.00416378 -0.01270555
0.00416538 -0.0117644
0.00416698 -0.009411517
0.00416858 -0.01082324
0.00417018 -0.009882093
0.00417178 -0.007999789
0.00417338 -0.007999789
0.00417498 -0.008470365
0.00417658 -0.007529213
0.00417818 -0.00564691
0.00417978 -0.007529213
0.00418138 -0.006588062
0.00418298 -0.00564691
0.00418458 -0.006588062
0.00418618 -0.006117486
0.00418778 -0.004705758
0.00418938 -0.004705758
0.00419098 -0.007529213
0.00419258 -0.005176334
0.00419418 -0.003294031
0.00419578 -0.003764607
0.00419738 -0.0009411517
0.00419898 -0.001411728
0.00420058 -0.001411728
