LECROYWS4024HD 19320 Waveform
Segments 1 SegmentSize 3127
Segment TrigTime TimeSinceSegment1
#1 09-Jul-2024 01:10:00 0                 
Time Ampl
-0.0008005966 -0.001882303
-0.0007989966 -0.002352879
-0.0007973966 -0.001411728
-0.0007957966 -0.001882303
-0.0007941966 -0.003764607
-0.0007925966 -0.002352879
-0.0007909966 -0.003294031
-0.0007893966 -0.001411728
-0.0007877966 -0.001411728
-0.0007861966 -0.0004705758
-0.0007845966 -0.002823455
-0.0007829966 -0.002352879
-0.0007813966 -0.003294031
-0.0007797966 -0.003294031
-0.0007781966 -0.002352879
-0.0007765966 -0.003294031
-0.0007749966 -0.001882303
-0.0007733966 -0.001882303
-0.0007717966 -0.001882303
-0.0007701966 -0.003764607
-0.0007685966 -0.002823455
-0.0007669966 -0.002823455
-0.0007653966 -0.001882303
-0.0007637966 -0.002823455
-0.0007621966 -0.001411728
-0.0007605966 -0.002823455
-0.0007589966 -0.003764607
-0.0007573966 -0.001882303
-0.0007557966 -0.0009411517
-0.0007541966 -0.002823455
-0.0007525966 -0.001882303
-0.0007509966 -0.002823455
-0.0007493966 -0.003764607
-0.0007477966 -0.004235183
-0.0007461966 -0.004705758
-0.0007445966 -0.001882303
-0.0007429966 -0.001882303
-0.0007413966 -0.002352879
-0.0007397966 -0.002823455
-0.0007381966 -0.002352879
-0.0007365966 -0.002823455
-0.0007349966 -0.003294031
-0.0007333966 -0.003294031
-0.0007317966 -0.003764607
-0.0007301966 -0.002352879
-0.0007285966 -0.004235183
-0.0007269966 -0.003294031
-0.0007253966 -0.002352879
-0.0007237966 -0.002352879
-0.0007221966 -0.003294031
-0.0007205966 -0.001882303
-0.0007189966 -0.002823455
-0.0007173966 -0.001882303
-0.0007157966 -0.001882303
-0.0007141966 -0.004235183
-0.0007125966 -0.004235183
-0.0007109966 -0.002823455
-0.0007093966 -0.003294031
-0.0007077966 -0.004705758
-0.0007061966 -0.002352879
-0.0007045966 -0.002352879
-0.0007029966 -0.003764607
-0.0007013966 -0.004235183
-0.0006997966 -0.002352879
-0.0006981966 -0.002823455
-0.0006965966 -0.002823455
-0.0006949966 -0.003294031
-0.0006933966 -0.002352879
-0.0006917966 -0.003294031
-0.0006901966 -0.003294031
-0.0006885966 -0.003764607
-0.0006869966 -0.003294031
-0.0006853966 -0.004235183
-0.0006837966 -0.003764607
-0.0006821966 -0.003294031
-0.0006805966 -0.003294031
-0.0006789966 -0.002823455
-0.0006773966 -0.003764607
-0.0006757966 -0.002352879
-0.0006741966 -0.003764607
-0.0006725966 -0.002352879
-0.0006709966 -0.003294031
-0.0006693966 -0.003294031
-0.0006677966 -0.002823455
-0.0006661966 -0.001882303
-0.0006645966 -0.001882303
-0.0006629966 -0.001882303
-0.0006613966 -0.003294031
-0.0006597966 -0.0004705758
-0.0006581966 -0.003294031
-0.0006565966 -0.004705758
-0.0006549966 -0.002352879
-0.0006533966 -0.002352879
-0.0006517966 -0.004235183
-0.0006501966 -0.003294031
-0.0006485966 -0.003294031
-0.0006469966 -0.002352879
-0.0006453966 -0.002352879
-0.0006437966 -0.0009411517
-0.0006421966 -0.003764607
-0.0006405966 -0.001411728
-0.0006389966 -0.001882303
-0.0006373966 -0.003764607
-0.0006357966 -0.002352879
-0.0006341966 -0.003294031
-0.0006325966 -0.001411728
-0.0006309966 -0.003294031
-0.0006293966 -0.002352879
-0.0006277966 -0.002823455
-0.0006261966 -0.003764607
-0.0006245966 -0.002823455
-0.0006229966 -0.002352879
-0.0006213966 -0.003294031
-0.0006197966 -0.002352879
-0.0006181966 -0.001882303
-0.0006165966 -0.002823455
-0.0006149966 -0.001882303
-0.0006133966 -0.003294031
-0.0006117966 -0.003294031
-0.0006101966 -0.003764607
-0.0006085966 -0.003294031
-0.0006069966 -0.002352879
-0.0006053966 -0.002823455
-0.0006037966 -0.002823455
-0.0006021966 -0.002352879
-0.0006005966 -0.001411728
-0.0005989966 -0.0009411517
-0.0005973966 -0.002352879
-0.0005957966 -0.003764607
-0.0005941966 -0.0009411517
-0.0005925966 -0.003764607
-0.0005909966 -0.002352879
-0.0005893966 -0.002823455
-0.0005877966 -0.002823455
-0.0005861966 -0.002823455
-0.0005845966 -0.002352879
-0.0005829966 -0.003764607
-0.0005813966 -0.002352879
-0.0005797966 -0.001411728
-0.0005781966 -0.001411728
-0.0005765966 -0.003294031
-0.0005749966 -0.001882303
-0.0005733966 -0.001411728
-0.0005717966 -0.002823455
-0.0005701966 -0.003294031
-0.0005685966 -0.003294031
-0.0005669966 -0.001882303
-0.0005653966 -0.001411728
-0.0005637966 -0.001411728
-0.0005621966 -0.0004705758
-0.0005605966 -0.004705758
-0.0005589966 -0.002352879
-0.0005573966 -0.002823455
-0.0005557966 -0.001882303
-0.0005541966 -0.002823455
-0.0005525966 -0.001882303
-0.0005509966 -0.002823455
-0.0005493966 0
-0.0005477966 -0.002352879
-0.0005461966 -0.0009411517
-0.0005445966 -0.002823455
-0.0005429966 -0.002352879
-0.0005413966 -0.002823455
-0.0005397966 -0.002823455
-0.0005381966 -0.0004705758
-0.0005365966 -0.003294031
-0.0005349966 -0.002352879
-0.0005333966 -0.002352879
-0.0005317966 -0.001882303
-0.0005301966 -0.001411728
-0.0005285966 -0.001411728
-0.0005269966 -0.001411728
-0.0005253966 -0.001882303
-0.0005237966 -0.001411728
-0.0005221966 -0.0009411517
-0.0005205966 -0.001882303
-0.0005189966 0.0004705758
-0.0005173966 -0.0009411517
-0.0005157966 -0.001411728
-0.0005141966 -0.002823455
-0.0005125966 -0.001882303
-0.0005109966 -0.003294031
-0.0005093966 -0.0009411517
-0.0005077966 -0.001411728
-0.0005061966 -0.0009411517
-0.0005045966 -0.001882303
-0.0005029966 -0.002352879
-0.0005013966 -0.001882303
-0.0004997966 -0.002352879
-0.0004981966 -0.002823455
-0.0004965966 -0.002352879
-0.0004949966 -0.003294031
-0.0004933966 -0.002352879
-0.0004917966 -0.0004705758
-0.0004901966 -0.002823455
-0.0004885966 -0.0004705758
-0.0004869966 -0.003764607
-0.0004853966 -0.001882303
-0.0004837966 -0.002352879
-0.0004821966 -0.003294031
-0.0004805966 -0.001882303
-0.0004789966 -0.001411728
-0.0004773966 -0.001882303
-0.0004757966 -0.002352879
-0.0004741966 -0.002352879
-0.0004725966 -0.001411728
-0.0004709966 -0.001411728
-0.0004693966 -0.001411728
-0.0004677966 -0.001882303
-0.0004661966 -0.001411728
-0.0004645966 -0.003764607
-0.0004629966 -0.001882303
-0.0004613966 0
-0.0004597966 -0.001882303
-0.0004581966 -0.003294031
-0.0004565966 -0.002352879
-0.0004549966 -0.001882303
-0.0004533966 -0.001411728
-0.0004517966 -0.002352879
-0.0004501966 0
-0.0004485966 -0.0009411517
-0.0004469966 -0.003294031
-0.0004453966 -0.0009411517
-0.0004437966 -0.002823455
-0.0004421966 -0.001882303
-0.0004405966 -0.002823455
-0.0004389966 -0.004235183
-0.0004373966 -0.003764607
-0.0004357966 -0.002823455
-0.0004341966 -0.003294031
-0.0004325966 -0.002352879
-0.0004309966 -0.0004705758
-0.0004293966 -0.001411728
-0.0004277966 -0.0009411517
-0.0004261966 -0.0009411517
-0.0004245966 -0.002352879
-0.0004229966 -0.001411728
-0.0004213966 -0.0009411517
-0.0004197966 -0.002823455
-0.0004181966 -0.001882303
-0.0004165966 -0.002823455
-0.0004149966 -0.002823455
-0.0004133966 -0.003294031
-0.0004117966 -0.002352879
-0.0004101966 -0.002352879
-0.0004085966 -0.0004705758
-0.0004069966 -0.002823455
-0.0004053966 -0.003764607
-0.0004037966 -0.002823455
-0.0004021966 -0.002352879
-0.0004005966 -0.003294031
-0.0003989966 -0.002823455
-0.0003973966 -0.002352879
-0.0003957966 -0.002823455
-0.0003941966 -0.001411728
-0.0003925966 -0.003294031
-0.0003909966 -0.002823455
-0.0003893966 -0.001882303
-0.0003877966 -0.002823455
-0.0003861966 -0.002823455
-0.0003845966 -0.002352879
-0.0003829966 -0.002352879
-0.0003813966 -0.001882303
-0.0003797966 -0.0009411517
-0.0003781966 -0.003294031
-0.0003765966 -0.004235183
-0.0003749966 -0.002352879
-0.0003733966 -0.002823455
-0.0003717966 -0.001882303
-0.0003701966 -0.001411728
-0.0003685966 -0.002352879
-0.0003669966 -0.002352879
-0.0003653966 -0.0009411517
-0.0003637966 -0.002352879
-0.0003621966 -0.002352879
-0.0003605966 -0.002352879
-0.0003589966 -0.002352879
-0.0003573966 -0.002352879
-0.0003557966 -0.003294031
-0.0003541966 -0.004235183
-0.0003525966 -0.002823455
-0.0003509966 -0.001411728
-0.0003493966 -0.0009411517
-0.0003477966 -0.001411728
-0.0003461966 -0.002352879
-0.0003445966 -0.002823455
-0.0003429966 -0.002352879
-0.0003413966 -0.002823455
-0.0003397966 -0.0009411517
-0.0003381966 -0.001411728
-0.0003365966 -0.003764607
-0.0003349966 -0.003764607
-0.0003333966 -0.003764607
-0.0003317966 -0.001882303
-0.0003301966 -0.004235183
-0.0003285966 -0.001882303
-0.0003269966 -0.002352879
-0.0003253966 -0.0009411517
-0.0003237966 -0.002352879
-0.0003221966 -0.002352879
-0.0003205966 -0.002352879
-0.0003189966 -0.002352879
-0.0003173966 -0.003294031
-0.0003157966 -0.001882303
-0.0003141966 -0.002352879
-0.0003125966 -0.002823455
-0.0003109966 -0.001882303
-0.0003093966 -0.002352879
-0.0003077966 -0.003294031
-0.0003061966 -0.001411728
-0.0003045966 -0.002823455
-0.0003029966 -0.002352879
-0.0003013966 -0.0009411517
-0.0002997966 -0.003764607
-0.0002981966 -0.002823455
-0.0002965966 -0.001882303
-0.0002949966 -0.002823455
-0.0002933966 -0.004235183
-0.0002917966 -0.002352879
-0.0002901966 -0.001411728
-0.0002885966 -0.002823455
-0.0002869966 -0.002823455
-0.0002853966 -0.003764607
-0.0002837966 -0.001882303
-0.0002821966 -0.002823455
-0.0002805966 -0.002823455
-0.0002789966 -0.001882303
-0.0002773966 -0.002823455
-0.0002757966 -0.002823455
-0.0002741966 -0.001882303
-0.0002725966 -0.003294031
-0.0002709966 -0.002823455
-0.0002693966 -0.001882303
-0.0002677966 -0.002352879
-0.0002661966 -0.001882303
-0.0002645966 -0.001882303
-0.0002629966 -0.002352879
-0.0002613966 -0.004235183
-0.0002597966 -0.003764607
-0.0002581966 -0.002352879
-0.0002565966 -0.003294031
-0.0002549966 -0.003764607
-0.0002533966 -0.002352879
-0.0002517966 -0.001411728
-0.0002501966 -0.003764607
-0.0002485966 -0.002352879
-0.0002469966 -0.003294031
-0.0002453966 -0.002352879
-0.0002437966 -0.002823455
-0.0002421966 -0.002823455
-0.0002405966 -0.0009411517
-0.0002389966 -0.002352879
-0.0002373966 -0.002352879
-0.0002357966 -0.001411728
-0.0002341966 -0.002352879
-0.0002325966 -0.002352879
-0.0002309966 -0.002823455
-0.0002293966 -0.001882303
-0.0002277966 -0.001411728
-0.0002261966 -0.004235183
-0.0002245966 -0.001411728
-0.0002229966 -0.002352879
-0.0002213966 -0.001411728
-0.0002197966 -0.003294031
-0.0002181966 -0.0009411517
-0.0002165966 -0.002823455
-0.0002149966 -0.004235183
-0.0002133966 -0.001882303
-0.0002117966 -0.0009411517
-0.0002101966 -0.001882303
-0.0002085966 0
-0.0002069966 -0.001411728
-0.0002053966 -0.002352879
-0.0002037966 -0.0009411517
-0.0002021966 -0.0009411517
-0.0002005966 -0.002352879
-0.0001989966 -0.001882303
-0.0001973966 -0.001882303
-0.0001957966 -0.0009411517
-0.0001941966 -0.001411728
-0.0001925966 -0.002823455
-0.0001909966 -0.002823455
-0.0001893966 -0.0009411517
-0.0001877966 -0.003764607
-0.0001861966 -0.002823455
-0.0001845966 -0.003764607
-0.0001829966 -0.003294031
-0.0001813966 -0.004235183
-0.0001797966 -0.002823455
-0.0001781966 -0.001882303
-0.0001765966 -0.003294031
-0.0001749966 -0.002352879
-0.0001733966 -0.001411728
-0.0001717966 -0.001882303
-0.0001701966 -0.004235183
-0.0001685966 -0.001882303
-0.0001669966 -0.002352879
-0.0001653966 -0.003294031
-0.0001637966 -0.002823455
-0.0001621966 -0.005176334
-0.0001605966 -0.003294031
-0.0001589966 -0.003764607
-0.0001573966 -0.003764607
-0.0001557966 -0.003764607
-0.0001541966 -0.003294031
-0.0001525966 -0.004235183
-0.0001509966 -0.002823455
-0.0001493966 -0.003294031
-0.0001477966 -0.002823455
-0.0001461966 -0.003764607
-0.0001445966 -0.003294031
-0.0001429966 -0.002823455
-0.0001413966 -0.001411728
-0.0001397966 -0.004235183
-0.0001381966 -0.001882303
-0.0001365966 -0.001882303
-0.0001349966 -0.002823455
-0.0001333966 -0.002352879
-0.0001317966 -0.0004705758
-0.0001301966 -0.002823455
-0.0001285966 -0.003294031
-0.0001269966 -0.002823455
-0.0001253966 -0.004235183
-0.0001237966 -0.003294031
-0.0001221966 -0.001411728
-0.0001205966 -0.002352879
-0.0001189966 -0.003294031
-0.0001173966 -0.002352879
-0.0001157966 -0.003294031
-0.0001141966 -0.002823455
-0.0001125966 -0.003294031
-0.0001109966 -0.001411728
-0.0001093966 -0.002823455
-0.0001077966 -0.003764607
-0.0001061966 -0.004705758
-0.0001045966 -0.004705758
-0.0001029966 -0.002823455
-0.0001013966 -0.002823455
-9.97966e-005 -0.003294031
-9.81966e-005 -0.003764607
-9.65966e-005 -0.003294031
-9.49966e-005 -0.004705758
-9.33966e-005 -0.004705758
-9.17966e-005 -0.003764607
-9.01966e-005 -0.002823455
-8.85966e-005 -0.003764607
-8.69966e-005 -0.003294031
-8.53966e-005 -0.003294031
-8.37966e-005 -0.004705758
-8.21966e-005 -0.004235183
-8.05966e-005 -0.002823455
-7.89966e-005 -0.003764607
-7.73966e-005 -0.004235183
-7.57966e-005 -0.004235183
-7.41966e-005 -0.003764607
-7.25966e-005 -0.003764607
-7.09966e-005 -0.003764607
-6.93966e-005 -0.002352879
-6.77966e-005 -0.004235183
-6.61966e-005 -0.003764607
-6.45966e-005 -0.003294031
-6.29966e-005 -0.002823455
-6.13966e-005 -0.005176334
-5.97966e-005 -0.004235183
-5.81966e-005 -0.003294031
-5.65966e-005 -0.003294031
-5.49966e-005 -0.003764607
-5.33966e-005 -0.003294031
-5.17966e-005 -0.003294031
-5.01966e-005 -0.002823455
-4.85966e-005 -0.004235183
-4.69966e-005 0
-4.53966e-005 0
-4.37966e-005 -0.001411728
-4.21966e-005 -0.006588062
-4.05966e-005 -0.01317612
-3.89966e-005 -0.02635225
-3.73966e-005 -0.03623434
-3.57966e-005 -0.04988104
-3.41966e-005 -0.06164543
-3.25966e-005 -0.07435098
-3.09966e-005 -0.08752711
-2.93966e-005 -0.102115
-2.77966e-005 -0.1143499
-2.61966e-005 -0.1294084
-2.45966e-005 -0.1402316
-2.29966e-005 -0.1501137
-2.13966e-005 -0.1548194
-1.97966e-005 -0.1599958
-1.81966e-005 -0.1632898
-1.65966e-005 -0.1623487
-1.49966e-005 -0.1618781
-1.33966e-005 -0.1576429
-1.17966e-005 -0.1463491
-1.01966e-005 -0.1308201
-8.5966e-006 -0.1129382
-6.9966e-006 -0.09176229
-5.3966e-006 -0.06870407
-3.7966e-006 -0.04752816
-2.1966e-006 -0.02823455
-5.966e-007 -0.008940941
1.0034e-006 0.003294031
2.6034e-006 0.01270555
4.2034e-006 0.01835246
5.8034e-006 0.01882303
7.4034e-006 0.01505843
9.0034e-006 0.009411517
1.06034e-005 0.006588062
1.22034e-005 0.004705758
1.38034e-005 0.00564691
1.54034e-005 0.005176334
1.70034e-005 0.005176334
1.86034e-005 0.004705758
2.02034e-005 0.0009411517
2.18034e-005 0.002352879
2.34034e-005 0.001411728
2.50034e-005 0.002352879
2.66034e-005 0.002352879
2.82034e-005 0.001882303
2.98034e-005 0.002823455
3.14034e-005 0.003294031
3.30034e-005 0.001411728
3.46034e-005 0.002352879
3.62034e-005 0.004235183
3.78034e-005 0.004705758
3.94034e-005 0.005176334
4.10034e-005 0.007058638
4.26034e-005 0.005176334
4.42034e-005 0.007999789
4.58034e-005 0.01129382
4.74034e-005 0.01223497
4.90034e-005 0.0136467
5.06034e-005 0.01223497
5.22034e-005 0.0136467
5.38034e-005 0.0117644
5.54034e-005 0.009882093
5.70034e-005 0.008470365
5.86034e-005 0.006588062
6.02034e-005 0.006117486
6.18034e-005 0.004705758
6.34034e-005 0.001882303
6.50034e-005 0.001411728
6.66034e-005 0
6.82034e-005 -0.0004705758
6.98034e-005 -0.002352879
7.14034e-005 -0.006117486
7.30034e-005 -0.007058638
7.46034e-005 -0.009411517
7.62034e-005 -0.009882093
7.78034e-005 -0.0136467
7.94034e-005 -0.0136467
8.10034e-005 -0.01505843
8.26034e-005 -0.01599958
8.42034e-005 -0.01694073
8.58034e-005 -0.02211706
8.74034e-005 -0.01741131
8.90034e-005 -0.01741131
9.06034e-005 -0.01929361
9.22034e-005 -0.02117591
9.38034e-005 -0.01882303
9.54034e-005 -0.02117591
9.70034e-005 -0.02023476
9.86034e-005 -0.02070534
0.0001002034 -0.01929361
0.0001018034 -0.02023476
0.0001034034 -0.01882303
0.0001050034 -0.01882303
0.0001066034 -0.015529
0.0001082034 -0.0136467
0.0001098034 -0.009882093
0.0001114034 -0.01035267
0.0001130034 -0.008470365
0.0001146034 -0.006117486
0.0001162034 -0.006588062
0.0001178034 -0.002823455
0.0001194034 -0.0009411517
0.0001210034 0.0009411517
0.0001226034 0.001411728
0.0001242034 0.002823455
0.0001258034 0.002823455
0.0001274034 0.00564691
0.0001290034 0.007999789
0.0001306034 0.007529213
0.0001322034 0.0117644
0.0001338034 0.0117644
0.0001354034 0.01458785
0.0001370034 0.0136467
0.0001386034 0.015529
0.0001402034 0.01599958
0.0001418034 0.01694073
0.0001434034 0.01788188
0.0001450034 0.02023476
0.0001466034 0.02211706
0.0001482034 0.02305822
0.0001498034 0.02070534
0.0001514034 0.0254111
0.0001530034 0.0254111
0.0001546034 0.02682282
0.0001562034 0.02964628
0.0001578034 0.03058743
0.0001594034 0.03199916
0.0001610034 0.03246973
0.0001626034 0.03199916
0.0001642034 0.03341088
0.0001658034 0.03246973
0.0001674034 0.03294031
0.0001690034 0.03294031
0.0001706034 0.03294031
0.0001722034 0.03152858
0.0001738034 0.03246973
0.0001754034 0.03294031
0.0001770034 0.03152858
0.0001786034 0.0291757
0.0001802034 0.03058743
0.0001818034 0.02870513
0.0001834034 0.02635225
0.0001850034 0.02164649
0.0001866034 0.01976419
0.0001882034 0.01929361
0.0001898034 0.015529
0.0001914034 0.01223497
0.0001930034 0.01270555
0.0001946034 0.0117644
0.0001962034 0.009411517
0.0001978034 0.008940941
0.0001994034 0.009882093
0.0002010034 0.009411517
0.0002026034 0.006588062
0.0002042034 0.00564691
0.0002058034 0.006588062
0.0002074034 0.00564691
0.0002090034 0.004235183
0.0002106034 0.002352879
0.0002122034 0.002823455
0.0002138034 0
0.0002154034 0.0009411517
0.0002170034 0.0009411517
0.0002186034 0.003294031
0.0002202034 0.005176334
0.0002218034 0.004235183
0.0002234034 0.006117486
0.0002250034 0.009411517
0.0002266034 0.01035267
0.0002282034 0.01270555
0.0002298034 0.015529
0.0002314034 0.01741131
0.0002330034 0.01835246
0.0002346034 0.02023476
0.0002362034 0.02023476
0.0002378034 0.02023476
0.0002394034 0.02070534
0.0002410034 0.02117591
0.0002426034 0.02117591
0.0002442034 0.02305822
0.0002458034 0.02258764
0.0002474034 0.02258764
0.0002490034 0.02399937
0.0002506034 0.02446994
0.0002522034 0.0254111
0.0002538034 0.02635225
0.0002554034 0.02588167
0.0002570034 0.02682282
0.0002586034 0.02870513
0.0002602034 0.02870513
0.0002618034 0.02823455
0.0002634034 0.02823455
0.0002650034 0.0291757
0.0002666034 0.03105801
0.0002682034 0.0291757
0.0002698034 0.03152858
0.0002714034 0.02964628
0.0002730034 0.02823455
0.0002746034 0.03011685
0.0002762034 0.02823455
0.0002778034 0.0291757
0.0002794034 0.02682282
0.0002810034 0.02635225
0.0002826034 0.0254111
0.0002842034 0.02399937
0.0002858034 0.02305822
0.0002874034 0.02164649
0.0002890034 0.01647015
0.0002906034 0.01882303
0.0002922034 0.01929361
0.0002938034 0.01835246
0.0002954034 0.01599958
0.0002970034 0.01599958
0.0002986034 0.015529
0.0003002034 0.015529
0.0003018034 0.01694073
0.0003034034 0.01458785
0.0003050034 0.01458785
0.0003066034 0.0136467
0.0003082034 0.0117644
0.0003098034 0.01082324
0.0003114034 0.009882093
0.0003130034 0.007999789
0.0003146034 0.008940941
0.0003162034 0.006117486
0.0003178034 0.005176334
0.0003194034 0.003294031
0.0003210034 0.002823455
0.0003226034 0.002352879
0.0003242034 0.002823455
0.0003258034 0.0004705758
0.0003274034 -0.0009411517
0.0003290034 0.0004705758
0.0003306034 0.001882303
0.0003322034 0.0009411517
0.0003338034 0.0004705758
0.0003354034 0.002823455
0.0003370034 0.001882303
0.0003386034 0.002823455
0.0003402034 0.004235183
0.0003418034 0.004235183
0.0003434034 0.003764607
0.0003450034 0.006117486
0.0003466034 0.006117486
0.0003482034 0.006117486
0.0003498034 0.005176334
0.0003514034 0.004705758
0.0003530034 0.004235183
0.0003546034 0.004705758
0.0003562034 0.004705758
0.0003578034 0.004705758
0.0003594034 0.003294031
0.0003610034 0.004235183
0.0003626034 0.003294031
0.0003642034 0.003294031
0.0003658034 0.003764607
0.0003674034 0.001882303
0.0003690034 0.003294031
0.0003706034 0.005176334
0.0003722034 0.004705758
0.0003738034 0.00564691
0.0003754034 0.006588062
0.0003770034 0.005176334
0.0003786034 0.007058638
0.0003802034 0.008470365
0.0003818034 0.007529213
0.0003834034 0.007058638
0.0003850034 0.006588062
0.0003866034 0.004705758
0.0003882034 0.003764607
0.0003898034 0.003764607
0.0003914034 0.002823455
0.0003930034 0.0009411517
0.0003946034 -0.002823455
0.0003962034 -0.00564691
0.0003978034 -0.007529213
0.0003994034 -0.008940941
0.0004010034 -0.009882093
0.0004026034 -0.01270555
0.0004042034 -0.01317612
0.0004058034 -0.01411728
0.0004074034 -0.01270555
0.0004090034 -0.0136467
0.0004106034 -0.01223497
0.0004122034 -0.01411728
0.0004138034 -0.01270555
0.0004154034 -0.01035267
0.0004170034 -0.009411517
0.0004186034 -0.008470365
0.0004202034 -0.008940941
0.0004218034 -0.004705758
0.0004234034 -0.004705758
0.0004250034 -0.002352879
0.0004266034 -0.0009411517
0.0004282034 -0.0009411517
0.0004298034 0
0.0004314034 0
0.0004330034 0.001411728
0.0004346034 0.0009411517
0.0004362034 0.0009411517
0.0004378034 0.001411728
0.0004394034 0.001411728
0.0004410034 0.0009411517
0.0004426034 0.001882303
0.0004442034 0.0009411517
0.0004458034 -0.001411728
0.0004474034 -0.0009411517
0.0004490034 -0.004235183
0.0004506034 -0.006117486
0.0004522034 -0.00564691
0.0004538034 -0.006588062
0.0004554034 -0.01035267
0.0004570034 -0.007529213
0.0004586034 -0.009882093
0.0004602034 -0.01129382
0.0004618034 -0.01129382
0.0004634034 -0.009882093
0.0004650034 -0.01035267
0.0004666034 -0.01129382
0.0004682034 -0.01035267
0.0004698034 -0.0117644
0.0004714034 -0.01082324
0.0004730034 -0.009882093
0.0004746034 -0.008470365
0.0004762034 -0.007999789
0.0004778034 -0.007529213
0.0004794034 -0.005176334
0.0004810034 -0.006117486
0.0004826034 -0.007058638
0.0004842034 -0.004235183
0.0004858034 -0.006117486
0.0004874034 -0.005176334
0.0004890034 -0.007058638
0.0004906034 -0.007999789
0.0004922034 -0.008940941
0.0004938034 -0.009882093
0.0004954034 -0.01082324
0.0004970034 -0.009882093
0.0004986034 -0.01317612
0.0005002034 -0.01270555
0.0005018034 -0.01411728
0.0005034034 -0.01458785
0.0005050034 -0.01505843
0.0005066034 -0.01411728
0.0005082034 -0.01505843
0.0005098034 -0.01317612
0.0005114034 -0.01411728
0.0005130034 -0.01223497
0.0005146034 -0.008940941
0.0005162034 -0.008940941
0.0005178034 -0.008940941
0.0005194034 -0.008470365
0.0005210034 -0.004705758
0.0005226034 -0.00564691
0.0005242034 -0.006117486
0.0005258034 -0.004705758
0.0005274034 -0.001882303
0.0005290034 -0.003294031
0.0005306034 -0.003294031
0.0005322034 -0.002352879
0.0005338034 -0.001411728
0.0005354034 0.0004705758
0.0005370034 0.0009411517
0.0005386034 0.002352879
0.0005402034 0.003294031
0.0005418034 0.007058638
0.0005434034 0.007999789
0.0005450034 0.008470365
0.0005466034 0.01129382
0.0005482034 0.01223497
0.0005498034 0.01270555
0.0005514034 0.01411728
0.0005530034 0.01505843
0.0005546034 0.01411728
0.0005562034 0.01270555
0.0005578034 0.0136467
0.0005594034 0.01270555
0.0005610034 0.009882093
0.0005626034 0.008940941
0.0005642034 0.006588062
0.0005658034 0.003764607
0.0005674034 0.002352879
0.0005690034 0.0004705758
0.0005706034 -0.003294031
0.0005722034 -0.004235183
0.0005738034 -0.007999789
0.0005754034 -0.009411517
0.0005770034 -0.01082324
0.0005786034 -0.01129382
0.0005802034 -0.01223497
0.0005818034 -0.0136467
0.0005834034 -0.0136467
0.0005850034 -0.01647015
0.0005866034 -0.01694073
0.0005882034 -0.01788188
0.0005898034 -0.01835246
0.0005914034 -0.01647015
0.0005930034 -0.01599958
0.0005946034 -0.01741131
0.0005962034 -0.01458785
0.0005978034 -0.01647015
0.0005994034 -0.01223497
0.0006010034 -0.01129382
0.0006026034 -0.01129382
0.0006042034 -0.008940941
0.0006058034 -0.008470365
0.0006074034 -0.007058638
0.0006090034 -0.006117486
0.0006106034 -0.003764607
0.0006122034 -0.002352879
0.0006138034 -0.0009411517
0.0006154034 -0.0004705758
0.0006170034 0.001882303
0.0006186034 0.001411728
0.0006202034 0.002352879
0.0006218034 0.001411728
0.0006234034 0.004705758
0.0006250034 0.004705758
0.0006266034 0.004705758
0.0006282034 0.005176334
0.0006298034 0.005176334
0.0006314034 0.004235183
0.0006330034 0.004705758
0.0006346034 0.006117486
0.0006362034 0.003764607
0.0006378034 0.003764607
0.0006394034 0.002823455
0.0006410034 0.003294031
0.0006426034 0.001411728
0.0006442034 0
0.0006458034 -0.0004705758
0.0006474034 -0.003764607
0.0006490034 -0.003764607
0.0006506034 -0.00564691
0.0006522034 -0.007058638
0.0006538034 -0.007529213
0.0006554034 -0.01082324
0.0006570034 -0.009882093
0.0006586034 -0.0117644
0.0006602034 -0.0117644
0.0006618034 -0.0136467
0.0006634034 -0.01129382
0.0006650034 -0.009882093
0.0006666034 -0.01035267
0.0006682034 -0.008470365
0.0006698034 -0.007999789
0.0006714034 -0.007529213
0.0006730034 -0.006117486
0.0006746034 -0.007058638
0.0006762034 -0.004705758
0.0006778034 -0.006588062
0.0006794034 -0.006588062
0.0006810034 -0.006117486
0.0006826034 -0.006588062
0.0006842034 -0.006588062
0.0006858034 -0.006117486
0.0006874034 -0.007058638
0.0006890034 -0.007058638
0.0006906034 -0.00564691
0.0006922034 -0.006588062
0.0006938034 -0.006117486
0.0006954034 -0.006588062
0.0006970034 -0.00564691
0.0006986034 -0.005176334
0.0007002034 -0.00564691
0.0007018034 -0.006588062
0.0007034034 -0.006117486
0.0007050034 -0.008470365
0.0007066034 -0.007058638
0.0007082034 -0.007999789
0.0007098034 -0.009411517
0.0007114034 -0.01035267
0.0007130034 -0.009411517
0.0007146034 -0.01082324
0.0007162034 -0.01458785
0.0007178034 -0.01411728
0.0007194034 -0.01458785
0.0007210034 -0.01411728
0.0007226034 -0.01411728
0.0007242034 -0.01317612
0.0007258034 -0.01270555
0.0007274034 -0.01082324
0.0007290034 -0.01223497
0.0007306034 -0.009882093
0.0007322034 -0.009882093
0.0007338034 -0.006117486
0.0007354034 -0.00564691
0.0007370034 -0.004705758
0.0007386034 -0.003294031
0.0007402034 0
0.0007418034 -0.001411728
0.0007434034 0.0009411517
0.0007450034 0.003294031
0.0007466034 0.0004705758
0.0007482034 0.001411728
0.0007498034 -0.001882303
0.0007514034 -0.001411728
0.0007530034 -0.003294031
0.0007546034 -0.002823455
0.0007562034 -0.004705758
0.0007578034 -0.007058638
0.0007594034 -0.009411517
0.0007610034 -0.01035267
0.0007626034 -0.009882093
0.0007642034 -0.01082324
0.0007658034 -0.01082324
0.0007674034 -0.01223497
0.0007690034 -0.0117644
0.0007706034 -0.0117644
0.0007722034 -0.01035267
0.0007738034 -0.008470365
0.0007754034 -0.009411517
0.0007770034 -0.007058638
0.0007786034 -0.007529213
0.0007802034 -0.00564691
0.0007818034 -0.006117486
0.0007834034 -0.004705758
0.0007850034 -0.003764607
0.0007866034 -0.00564691
0.0007882034 -0.004705758
0.0007898034 -0.00564691
0.0007914034 -0.006588062
0.0007930034 -0.006117486
0.0007946034 -0.007058638
0.0007962034 -0.008940941
0.0007978034 -0.008470365
0.0007994034 -0.01082324
0.0008010034 -0.01223497
0.0008026034 -0.01411728
0.0008042034 -0.01505843
0.0008058034 -0.01599958
0.0008074034 -0.01882303
0.0008090034 -0.02023476
0.0008106034 -0.01976419
0.0008122034 -0.02399937
0.0008138034 -0.02446994
0.0008154034 -0.0254111
0.0008170034 -0.02635225
0.0008186034 -0.02682282
0.0008202034 -0.02776397
0.0008218034 -0.02823455
0.0008234034 -0.02823455
0.0008250034 -0.02776397
0.0008266034 -0.0272934
0.0008282034 -0.02635225
0.0008298034 -0.0254111
0.0008314034 -0.02494052
0.0008330034 -0.02446994
0.0008346034 -0.02399937
0.0008362034 -0.02258764
0.0008378034 -0.02164649
0.0008394034 -0.02305822
0.0008410034 -0.02211706
0.0008426034 -0.02258764
0.0008442034 -0.01835246
0.0008458034 -0.02070534
0.0008474034 -0.02164649
0.0008490034 -0.02164649
0.0008506034 -0.02164649
0.0008522034 -0.02211706
0.0008538034 -0.02258764
0.0008554034 -0.02352879
0.0008570034 -0.02164649
0.0008586034 -0.02399937
0.0008602034 -0.02494052
0.0008618034 -0.02352879
0.0008634034 -0.02588167
0.0008650034 -0.02494052
0.0008666034 -0.02682282
0.0008682034 -0.02588167
0.0008698034 -0.02588167
0.0008714034 -0.02494052
0.0008730034 -0.02494052
0.0008746034 -0.02446994
0.0008762034 -0.02494052
0.0008778034 -0.02494052
0.0008794034 -0.02446994
0.0008810034 -0.02258764
0.0008826034 -0.02305822
0.0008842034 -0.02070534
0.0008858034 -0.02070534
0.0008874034 -0.01741131
0.0008890034 -0.02164649
0.0008906034 -0.01835246
0.0008922034 -0.01835246
0.0008938034 -0.01694073
0.0008954034 -0.01835246
0.0008970034 -0.01694073
0.0008986034 -0.01741131
0.0009002034 -0.01835246
0.0009018034 -0.01929361
0.0009034034 -0.01929361
0.0009050034 -0.02117591
0.0009066034 -0.02117591
0.0009082034 -0.01976419
0.0009098034 -0.02023476
0.0009114034 -0.02023476
0.0009130034 -0.02164649
0.0009146034 -0.02117591
0.0009162034 -0.02164649
0.0009178034 -0.02070534
0.0009194034 -0.01976419
0.0009210034 -0.01976419
0.0009226034 -0.01741131
0.0009242034 -0.01599958
0.0009258034 -0.01411728
0.0009274034 -0.0136467
0.0009290034 -0.01223497
0.0009306034 -0.01317612
0.0009322034 -0.009882093
0.0009338034 -0.007999789
0.0009354034 -0.008470365
0.0009370034 -0.007529213
0.0009386034 -0.007058638
0.0009402034 -0.006117486
0.0009418034 -0.006117486
0.0009434034 -0.007529213
0.0009450034 -0.006117486
0.0009466034 -0.00564691
0.0009482034 -0.004235183
0.0009498034 -0.003294031
0.0009514034 -0.0004705758
0.0009530034 -0.0004705758
0.0009546034 -0.001882303
0.0009562034 0
0.0009578034 0
0.0009594034 0.001411728
0.0009610034 0.004235183
0.0009626034 0.004235183
0.0009642034 0.00564691
0.0009658034 0.007999789
0.0009674034 0.007058638
0.0009690034 0.006117486
0.0009706034 0.008470365
0.0009722034 0.007058638
0.0009738034 0.007529213
0.0009754034 0.006588062
0.0009770034 0.007529213
0.0009786034 0.004705758
0.0009802034 0.004235183
0.0009818034 0.003294031
0.0009834034 0.001882303
0.0009850034 0.002823455
0.0009866034 0.002352879
0.0009882034 0.001411728
0.0009898034 0.003294031
0.0009914034 0.002823455
0.0009930034 0.002352879
0.0009946034 0.003764607
0.0009962034 0.002823455
0.0009978034 0.003294031
0.0009994034 0.004705758
0.001001003 0.004705758
0.001002603 0.007058638
0.001004203 0.007999789
0.001005803 0.007999789
0.001007403 0.007999789
0.001009003 0.008940941
0.001010603 0.008470365
0.001012203 0.009882093
0.001013803 0.01035267
0.001015403 0.01035267
0.001017003 0.007058638
0.001018603 0.007999789
0.001020203 0.007058638
0.001021803 0.005176334
0.001023403 0.005176334
0.001025003 0.00564691
0.001026603 0.004235183
0.001028203 0.003294031
0.001029803 0.004235183
0.001031403 0.003764607
0.001033003 0.002352879
0.001034603 0.002352879
0.001036203 0.002352879
0.001037803 0.001882303
0.001039403 0.001411728
0.001041003 -0.002823455
0.001042603 -0.002823455
0.001044203 -0.004705758
0.001045803 -0.004705758
0.001047403 -0.004705758
0.001049003 -0.006588062
0.001050603 -0.007529213
0.001052203 -0.008470365
0.001053803 -0.01035267
0.001055403 -0.01317612
0.001057003 -0.01035267
0.001058603 -0.01129382
0.001060203 -0.008940941
0.001061803 -0.009411517
0.001063403 -0.008940941
0.001065003 -0.007058638
0.001066603 -0.007058638
0.001068203 -0.006117486
0.001069803 -0.007529213
0.001071403 -0.007529213
0.001073003 -0.004235183
0.001074603 -0.004705758
0.001076203 -0.00564691
0.001077803 -0.005176334
0.001079403 -0.00564691
0.001081003 -0.007058638
0.001082603 -0.00564691
0.001084203 -0.006117486
0.001085803 -0.006588062
0.001087403 -0.006117486
0.001089003 -0.006117486
0.001090603 -0.007058638
0.001092203 -0.008470365
0.001093803 -0.006588062
0.001095403 -0.006588062
0.001097003 -0.008470365
0.001098603 -0.006588062
0.001100203 -0.007999789
0.001101803 -0.007058638
0.001103403 -0.008470365
0.001105003 -0.007058638
0.001106603 -0.006117486
0.001108203 -0.007058638
0.001109803 -0.006588062
0.001111403 -0.006117486
0.001113003 -0.00564691
0.001114603 -0.005176334
0.001116203 -0.003764607
0.001117803 -0.003764607
0.001119403 -0.005176334
0.001121003 -0.003294031
0.001122603 -0.001411728
0.001124203 -0.003764607
0.001125803 -0.004705758
0.001127403 -0.005176334
0.001129003 -0.003764607
0.001130603 -0.003764607
0.001132203 -0.005176334
0.001133803 -0.002352879
0.001135403 -0.006117486
0.001137003 -0.007058638
0.001138603 -0.00564691
0.001140203 -0.005176334
0.001141803 -0.007529213
0.001143403 -0.008470365
0.001145003 -0.007999789
0.001146603 -0.008470365
0.001148203 -0.007999789
0.001149803 -0.009411517
0.001151403 -0.0117644
0.001153003 -0.0117644
0.001154603 -0.01035267
0.001156203 -0.0136467
0.001157803 -0.01270555
0.001159403 -0.0136467
0.001161003 -0.01505843
0.001162603 -0.01647015
0.001164203 -0.01599958
0.001165803 -0.015529
0.001167403 -0.01694073
0.001169003 -0.01694073
0.001170603 -0.01835246
0.001172203 -0.01882303
0.001173803 -0.02023476
0.001175403 -0.01788188
0.001177003 -0.02164649
0.001178603 -0.01882303
0.001180203 -0.01835246
0.001181803 -0.01694073
0.001183403 -0.01976419
0.001185003 -0.01835246
0.001186603 -0.01741131
0.001188203 -0.01835246
0.001189803 -0.01647015
0.001191403 -0.01599958
0.001193003 -0.01505843
0.001194603 -0.01411728
0.001196203 -0.01129382
0.001197803 -0.01223497
0.001199403 -0.01035267
0.001201003 -0.01082324
0.001202603 -0.009882093
0.001204203 -0.008940941
0.001205803 -0.007529213
0.001207403 -0.007999789
0.001209003 -0.008470365
0.001210603 -0.008470365
0.001212203 -0.007999789
0.001213803 -0.009882093
0.001215403 -0.01082324
0.001217003 -0.009411517
0.001218603 -0.01035267
0.001220203 -0.009882093
0.001221803 -0.01129382
0.001223403 -0.0117644
0.001225003 -0.008940941
0.001226603 -0.009411517
0.001228203 -0.01082324
0.001229803 -0.009882093
0.001231403 -0.009882093
0.001233003 -0.007529213
0.001234603 -0.008940941
0.001236203 -0.008470365
0.001237803 -0.007529213
0.001239403 -0.008940941
0.001241003 -0.008940941
0.001242603 -0.009411517
0.001244203 -0.01035267
0.001245803 -0.01035267
0.001247403 -0.009882093
0.001249003 -0.009411517
0.001250603 -0.009411517
0.001252203 -0.008470365
0.001253803 -0.008940941
0.001255403 -0.009411517
0.001257003 -0.0117644
0.001258603 -0.009411517
0.001260203 -0.008940941
0.001261803 -0.006117486
0.001263403 -0.008470365
0.001265003 -0.005176334
0.001266603 -0.007529213
0.001268203 -0.006117486
0.001269803 -0.006117486
0.001271403 -0.006117486
0.001273003 -0.006588062
0.001274603 -0.006588062
0.001276203 -0.006117486
0.001277803 -0.008940941
0.001279403 -0.008940941
0.001281003 -0.01035267
0.001282603 -0.01082324
0.001284203 -0.01129382
0.001285803 -0.01270555
0.001287403 -0.01317612
0.001289003 -0.01411728
0.001290603 -0.01223497
0.001292203 -0.01317612
0.001293803 -0.0136467
0.001295403 -0.01317612
0.001297003 -0.01270555
0.001298603 -0.0136467
0.001300203 -0.01223497
0.001301803 -0.009882093
0.001303403 -0.01129382
0.001305003 -0.009882093
0.001306603 -0.009411517
0.001308203 -0.008470365
0.001309803 -0.008470365
0.001311403 -0.007999789
0.001313003 -0.007529213
0.001314603 -0.008470365
0.001316203 -0.007058638
0.001317803 -0.007529213
0.001319403 -0.00564691
0.001321003 -0.005176334
0.001322603 -0.003764607
0.001324203 -0.005176334
0.001325803 -0.003764607
0.001327403 -0.003294031
0.001329003 -0.002352879
0.001330603 -0.002352879
0.001332203 -0.002352879
0.001333803 -0.0004705758
0.001335403 0.0009411517
0.001337003 0.002823455
0.001338603 0
0.001340203 0.001882303
0.001341803 0.002352879
0.001343403 0.003294031
0.001345003 0.003764607
0.001346603 0.004235183
0.001348203 0.003294031
0.001349803 0.00564691
0.001351403 0.006588062
0.001353003 0.004235183
0.001354603 0.00564691
0.001356203 0.006588062
0.001357803 0.004235183
0.001359403 0.006117486
0.001361003 0.006117486
0.001362603 0.006117486
0.001364203 0.00564691
0.001365803 0.006588062
0.001367403 0.004705758
0.001369003 0.007058638
0.001370603 0.004705758
0.001372203 0.007529213
0.001373803 0.00564691
0.001375403 0.004235183
0.001377003 0.006117486
0.001378603 0.003764607
0.001380203 0.005176334
0.001381803 0.004235183
0.001383403 0.003294031
0.001385003 0.004235183
0.001386603 0.004235183
0.001388203 0.004235183
0.001389803 0.002352879
0.001391403 0.003764607
0.001393003 0.003764607
0.001394603 0.004705758
0.001396203 0.003764607
0.001397803 0.003764607
0.001399403 0.001411728
0.001401003 0.004235183
0.001402603 0.004235183
0.001404203 0.003764607
0.001405803 0.003294031
0.001407403 0.004235183
0.001409003 0.004235183
0.001410603 0.003294031
0.001412203 0.004235183
0.001413803 0.002823455
0.001415403 0.002823455
0.001417003 0.001411728
0.001418603 0.001882303
0.001420203 -0.0004705758
0.001421803 -0.0004705758
0.001423403 -0.001411728
0.001425003 -0.001411728
0.001426603 -0.001882303
0.001428203 -0.0004705758
0.001429803 -0.0009411517
0.001431403 -0.001411728
0.001433003 -0.002823455
0.001434603 -0.002823455
0.001436203 -0.003764607
0.001437803 -0.002352879
0.001439403 -0.003294031
0.001441003 -0.002823455
0.001442603 -0.00564691
0.001444203 -0.006117486
0.001445803 -0.00564691
0.001447403 -0.006588062
0.001449003 -0.006588062
0.001450603 -0.007058638
0.001452203 -0.007529213
0.001453803 -0.006588062
0.001455403 -0.007529213
0.001457003 -0.006588062
0.001458603 -0.008940941
0.001460203 -0.007999789
0.001461803 -0.006588062
0.001463403 -0.007058638
0.001465003 -0.007058638
0.001466603 -0.00564691
0.001468203 -0.00564691
0.001469803 -0.006588062
0.001471403 -0.00564691
0.001473003 -0.002823455
0.001474603 -0.003294031
0.001476203 -0.003294031
0.001477803 -0.001882303
0.001479403 -0.0004705758
0.001481003 -0.0009411517
0.001482603 -0.001882303
0.001484203 0
0.001485803 -0.001411728
0.001487403 0
0.001489003 -0.002352879
0.001490603 -0.0009411517
0.001492203 -0.002352879
0.001493803 -0.002823455
0.001495403 -0.004235183
0.001497003 -0.003764607
0.001498603 -0.004705758
0.001500203 -0.006117486
0.001501803 -0.006588062
0.001503403 -0.007058638
0.001505003 -0.008470365
0.001506603 -0.008940941
0.001508203 -0.006588062
0.001509803 -0.007999789
0.001511403 -0.007058638
0.001513003 -0.008940941
0.001514603 -0.006588062
0.001516203 -0.007058638
0.001517803 -0.007058638
0.001519403 -0.006588062
0.001521003 -0.007999789
0.001522603 -0.007999789
0.001524203 -0.009411517
0.001525803 -0.01035267
0.001527403 -0.01129382
0.001529003 -0.009882093
0.001530603 -0.009411517
0.001532203 -0.008940941
0.001533803 -0.01035267
0.001535403 -0.01129382
0.001537003 -0.01082324
0.001538603 -0.009882093
0.001540203 -0.009882093
0.001541803 -0.01035267
0.001543403 -0.008940941
0.001545003 -0.007529213
0.001546603 -0.006588062
0.001548203 -0.006588062
0.001549803 -0.00564691
0.001551403 -0.003764607
0.001553003 -0.003294031
0.001554603 -0.002352879
0.001556203 -0.002823455
0.001557803 -0.001882303
0.001559403 -0.003294031
0.001561003 -0.001882303
0.001562603 -0.003294031
0.001564203 -0.0004705758
0.001565803 -0.0004705758
0.001567403 -0.001411728
0.001569003 -0.0009411517
0.001570603 -0.0009411517
0.001572203 -0.0004705758
0.001573803 -0.0004705758
0.001575403 -0.0004705758
0.001577003 0.0004705758
0.001578603 0.002823455
0.001580203 0.002823455
0.001581803 0.003294031
0.001583403 0.005176334
0.001585003 0.005176334
0.001586603 0.007529213
0.001588203 0.007058638
0.001589803 0.009882093
0.001591403 0.009882093
0.001593003 0.01035267
0.001594603 0.01035267
0.001596203 0.01082324
0.001597803 0.01129382
0.001599403 0.01082324
0.001601003 0.01082324
0.001602603 0.01082324
0.001604203 0.008940941
0.001605803 0.01035267
0.001607403 0.01035267
0.001609003 0.01035267
0.001610603 0.008940941
0.001612203 0.01035267
0.001613803 0.008470365
0.001615403 0.007999789
0.001617003 0.007058638
0.001618603 0.007529213
0.001620203 0.005176334
0.001621803 0.006588062
0.001623403 0.005176334
0.001625003 0.005176334
0.001626603 0.006117486
0.001628203 0.003764607
0.001629803 0.003764607
0.001631403 0.002823455
0.001633003 0.002823455
0.001634603 0.003294031
0.001636203 0.002352879
0.001637803 0.003294031
0.001639403 0.001882303
0.001641003 0.001882303
0.001642603 0.0004705758
0.001644203 0.0004705758
0.001645803 0
0.001647403 0.0004705758
0.001649003 0.002823455
0.001650603 0.003764607
0.001652203 0.003294031
0.001653803 0.001882303
0.001655403 0.002823455
0.001657003 0.003764607
0.001658603 0.001882303
0.001660203 0.004235183
0.001661803 0.004705758
0.001663403 0.003764607
0.001665003 0.003764607
0.001666603 0.00564691
0.001668203 0.005176334
0.001669803 0.004705758
0.001671403 0.004235183
0.001673003 0.003294031
0.001674603 0.002352879
0.001676203 0.002823455
0.001677803 0.004235183
0.001679403 0.002352879
0.001681003 0.003294031
0.001682603 0.002823455
0.001684203 0.0009411517
0.001685803 0.001411728
0.001687403 0
0.001689003 -0.0004705758
0.001690603 -0.0004705758
0.001692203 -0.0009411517
0.001693803 0.0004705758
0.001695403 -0.0004705758
0.001697003 -0.001411728
0.001698603 -0.001882303
0.001700203 -0.0004705758
0.001701803 -0.003294031
0.001703403 -0.001882303
0.001705003 -0.001882303
0.001706603 -0.0009411517
0.001708203 -0.0009411517
0.001709803 0
0.001711403 0.0009411517
0.001713003 0
0.001714603 0.001411728
0.001716203 0.002352879
0.001717803 0.002823455
0.001719403 0.003294031
0.001721003 0.001411728
0.001722603 0.002352879
0.001724203 0.005176334
0.001725803 0.002823455
0.001727403 0.002823455
0.001729003 0.001882303
0.001730603 0.003764607
0.001732203 0.0009411517
0.001733803 0.002823455
0.001735403 0.002352879
0.001737003 0.0009411517
0.001738603 0.002352879
0.001740203 0.0004705758
0.001741803 0.0009411517
0.001743403 0.0004705758
0.001745003 0.001411728
0.001746603 0.0009411517
0.001748203 0.0009411517
0.001749803 0.0004705758
0.001751403 0.001882303
0.001753003 0.003294031
0.001754603 0.004235183
0.001756203 0.005176334
0.001757803 0.004705758
0.001759403 0.005176334
0.001761003 0.007999789
0.001762603 0.008470365
0.001764203 0.007999789
0.001765803 0.008470365
0.001767403 0.008470365
0.001769003 0.008470365
0.001770603 0.009882093
0.001772203 0.009411517
0.001773803 0.009411517
0.001775403 0.008470365
0.001777003 0.009411517
0.001778603 0.008470365
0.001780203 0.007999789
0.001781803 0.007529213
0.001783403 0.006117486
0.001785003 0.004705758
0.001786603 0.002352879
0.001788203 0.002352879
0.001789803 0.0004705758
0.001791403 -0.001882303
0.001793003 -0.002352879
0.001794603 -0.004235183
0.001796203 -0.004235183
0.001797803 -0.006117486
0.001799403 -0.007999789
0.001801003 -0.007999789
0.001802603 -0.009411517
0.001804203 -0.008470365
0.001805803 -0.009882093
0.001807403 -0.01082324
0.001809003 -0.01129382
0.001810603 -0.01082324
0.001812203 -0.01082324
0.001813803 -0.01223497
0.001815403 -0.01223497
0.001817003 -0.01317612
0.001818603 -0.0117644
0.001820203 -0.01317612
0.001821803 -0.01223497
0.001823403 -0.01082324
0.001825003 -0.009882093
0.001826603 -0.01082324
0.001828203 -0.01035267
0.001829803 -0.01035267
0.001831403 -0.008470365
0.001833003 -0.008470365
0.001834603 -0.007058638
0.001836203 -0.006588062
0.001837803 -0.006117486
0.001839403 -0.006588062
0.001841003 -0.002823455
0.001842603 -0.004705758
0.001844203 -0.001411728
0.001845803 -0.0004705758
0.001847403 0
0.001849003 0
0.001850603 0.002823455
0.001852203 0.001411728
0.001853803 0.002352879
0.001855403 0.004235183
0.001857003 0.002823455
0.001858603 0.003764607
0.001860203 0.003294031
0.001861803 0.002352879
0.001863403 0.001882303
0.001865003 0.002352879
0.001866603 0.001882303
0.001868203 0.0004705758
0.001869803 0
0.001871403 -0.002352879
0.001873003 -0.002352879
0.001874603 -0.002823455
0.001876203 -0.004235183
0.001877803 -0.005176334
0.001879403 -0.006117486
0.001881003 -0.008940941
0.001882603 -0.007999789
0.001884203 -0.01035267
0.001885803 -0.009882093
0.001887403 -0.01082324
0.001889003 -0.01270555
0.001890603 -0.0136467
0.001892203 -0.0136467
0.001893803 -0.01505843
0.001895403 -0.01694073
0.001897003 -0.01741131
0.001898603 -0.01976419
0.001900203 -0.01929361
0.001901803 -0.01835246
0.001903403 -0.02070534
0.001905003 -0.01976419
0.001906603 -0.02117591
0.001908203 -0.02023476
0.001909803 -0.02070534
0.001911403 -0.02023476
0.001913003 -0.01976419
0.001914603 -0.01835246
0.001916203 -0.01882303
0.001917803 -0.01882303
0.001919403 -0.01929361
0.001921003 -0.01694073
0.001922603 -0.01835246
0.001924203 -0.01647015
0.001925803 -0.01976419
0.001927403 -0.01694073
0.001929003 -0.02070534
0.001930603 -0.01694073
0.001932203 -0.01694073
0.001933803 -0.01694073
0.001935403 -0.01788188
0.001937003 -0.01741131
0.001938603 -0.01599958
0.001940203 -0.015529
0.001941803 -0.01741131
0.001943403 -0.01647015
0.001945003 -0.01835246
0.001946603 -0.01458785
0.001948203 -0.01458785
0.001949803 -0.01458785
0.001951403 -0.01129382
0.001953003 -0.01035267
0.001954603 -0.01223497
0.001956203 -0.01082324
0.001957803 -0.01082324
0.001959403 -0.007529213
0.001961003 -0.007529213
0.001962603 -0.007529213
0.001964203 -0.007058638
0.001965803 -0.008470365
0.001967403 -0.003764607
0.001969003 -0.006588062
0.001970603 -0.007999789
0.001972203 -0.00564691
0.001973803 -0.004705758
0.001975403 -0.006117486
0.001977003 -0.00564691
0.001978603 -0.006588062
0.001980203 -0.004235183
0.001981803 -0.004705758
0.001983403 -0.003294031
0.001985003 -0.005176334
0.001986603 -0.00564691
0.001988203 -0.004705758
0.001989803 -0.006117486
0.001991403 -0.004705758
0.001993003 -0.005176334
0.001994603 -0.007999789
0.001996203 -0.007999789
0.001997803 -0.007058638
0.001999403 -0.009411517
0.002001003 -0.009411517
0.002002603 -0.009411517
0.002004203 -0.008940941
0.002005803 -0.01082324
0.002007403 -0.01270555
0.002009003 -0.01223497
0.002010603 -0.01411728
0.002012203 -0.0136467
0.002013803 -0.01317612
0.002015403 -0.015529
0.002017003 -0.01599958
0.002018603 -0.01788188
0.002020203 -0.01647015
0.002021803 -0.01835246
0.002023403 -0.01647015
0.002025003 -0.01741131
0.002026603 -0.01741131
0.002028203 -0.01835246
0.002029803 -0.01647015
0.002031403 -0.01411728
0.002033003 -0.01411728
0.002034603 -0.01317612
0.002036203 -0.01317612
0.002037803 -0.01129382
0.002039403 -0.009882093
0.002041003 -0.007999789
0.002042603 -0.01035267
0.002044203 -0.007999789
0.002045803 -0.006117486
0.002047403 -0.004235183
0.002049003 -0.005176334
0.002050603 -0.004705758
0.002052203 -0.005176334
0.002053803 -0.004235183
0.002055403 -0.003294031
0.002057003 -0.002352879
0.002058603 -0.002823455
0.002060203 -0.003294031
0.002061803 -0.002352879
0.002063403 -0.001411728
0.002065003 -0.0009411517
0.002066603 0
0.002068203 0.002352879
0.002069803 0.0009411517
0.002071403 0.001882303
0.002073003 0.002352879
0.002074603 0.002823455
0.002076203 0.003294031
0.002077803 0.001882303
0.002079403 0.003294031
0.002081003 0.004235183
0.002082603 0.002823455
0.002084203 0.003764607
0.002085803 0.003764607
0.002087403 0.003294031
0.002089003 0.002352879
0.002090603 0.001411728
0.002092203 0.0009411517
0.002093803 0.001411728
0.002095403 0.0009411517
0.002097003 0
0.002098603 -0.0009411517
0.002100203 -0.0009411517
0.002101803 0
0.002103403 -0.0009411517
0.002105003 -0.0009411517
0.002106603 -0.002352879
0.002108203 -0.001411728
0.002109803 -0.0009411517
0.002111403 0.001411728
0.002113003 0.0009411517
0.002114603 0.003294031
0.002116203 0.001882303
0.002117803 0.003294031
0.002119403 0.003764607
0.002121003 0.004235183
0.002122603 0.005176334
0.002124203 0.00564691
0.002125803 0.004235183
0.002127403 0.00564691
0.002129003 0.006588062
0.002130603 0.004705758
0.002132203 0.007058638
0.002133803 0.007529213
0.002135403 0.006588062
0.002137003 0.004705758
0.002138603 0.004705758
0.002140203 0.004235183
0.002141803 0.006117486
0.002143403 0.004705758
0.002145003 0.004235183
0.002146603 0.004705758
0.002148203 0.003294031
0.002149803 0.0009411517
0.002151403 0.003294031
0.002153003 0.001882303
0.002154603 0.0004705758
0.002156203 0.001411728
0.002157803 0.0009411517
0.002159403 -0.0004705758
0.002161003 -0.001411728
0.002162603 -0.003294031
0.002164203 -0.001882303
0.002165803 -0.002352879
0.002167403 -0.003764607
0.002169003 -0.005176334
0.002170603 -0.003764607
0.002172203 -0.004705758
0.002173803 -0.004705758
0.002175403 -0.005176334
0.002177003 -0.004705758
0.002178603 -0.006588062
0.002180203 -0.00564691
0.002181803 -0.006117486
0.002183403 -0.007058638
0.002185003 -0.007058638
0.002186603 -0.007529213
0.002188203 -0.007999789
0.002189803 -0.008940941
0.002191403 -0.009411517
0.002193003 -0.007999789
0.002194603 -0.009882093
0.002196203 -0.009882093
0.002197803 -0.007529213
0.002199403 -0.008940941
0.002201003 -0.009882093
0.002202603 -0.007999789
0.002204203 -0.008940941
0.002205803 -0.008470365
0.002207403 -0.007058638
0.002209003 -0.006117486
0.002210603 -0.00564691
0.002212203 -0.004705758
0.002213803 -0.003764607
0.002215403 -0.004705758
0.002217003 -0.002352879
0.002218603 -0.003294031
0.002220203 -0.001882303
0.002221803 -0.0009411517
0.002223403 -0.0004705758
0.002225003 -0.0004705758
0.002226603 -0.0004705758
0.002228203 -0.0004705758
0.002229803 0.001411728
0.002231403 -0.0004705758
0.002233003 -0.0009411517
0.002234603 -0.0009411517
0.002236203 0
0.002237803 -0.003294031
0.002239403 -0.005176334
0.002241003 -0.004705758
0.002242603 -0.00564691
0.002244203 -0.00564691
0.002245803 -0.006588062
0.002247403 -0.008940941
0.002249003 -0.007999789
0.002250603 -0.008470365
0.002252203 -0.009411517
0.002253803 -0.009411517
0.002255403 -0.01035267
0.002257003 -0.0117644
0.002258603 -0.01129382
0.002260203 -0.01129382
0.002261803 -0.009882093
0.002263403 -0.01082324
0.002265003 -0.01129382
0.002266603 -0.009882093
0.002268203 -0.01223497
0.002269803 -0.01223497
0.002271403 -0.01270555
0.002273003 -0.01129382
0.002274603 -0.01317612
0.002276203 -0.01270555
0.002277803 -0.01223497
0.002279403 -0.0136467
0.002281003 -0.01223497
0.002282603 -0.01082324
0.002284203 -0.0136467
0.002285803 -0.0136467
0.002287403 -0.01270555
0.002289003 -0.01270555
0.002290603 -0.0117644
0.002292203 -0.01082324
0.002293803 -0.0117644
0.002295403 -0.01035267
0.002297003 -0.01270555
0.002298603 -0.01082324
0.002300203 -0.01270555
0.002301803 -0.01082324
0.002303403 -0.01270555
0.002305003 -0.01035267
0.002306603 -0.01129382
0.002308203 -0.01223497
0.002309803 -0.01270555
0.002311403 -0.01129382
0.002313003 -0.01223497
0.002314603 -0.01082324
0.002316203 -0.01223497
0.002317803 -0.01223497
0.002319403 -0.01035267
0.002321003 -0.01129382
0.002322603 -0.01082324
0.002324203 -0.0117644
0.002325803 -0.0136467
0.002327403 -0.0117644
0.002329003 -0.01505843
0.002330603 -0.01317612
0.002332203 -0.0136467
0.002333803 -0.01458785
0.002335403 -0.01882303
0.002337003 -0.01694073
0.002338603 -0.01976419
0.002340203 -0.01835246
0.002341803 -0.01788188
0.002343403 -0.01788188
0.002345003 -0.02117591
0.002346603 -0.01882303
0.002348203 -0.02070534
0.002349803 -0.01882303
0.002351403 -0.01882303
0.002353003 -0.01882303
0.002354603 -0.01835246
0.002356203 -0.01599958
0.002357803 -0.015529
0.002359403 -0.01411728
0.002361003 -0.01270555
0.002362603 -0.01317612
0.002364203 -0.01270555
0.002365803 -0.01035267
0.002367403 -0.01129382
0.002369003 -0.009882093
0.002370603 -0.009882093
0.002372203 -0.008470365
0.002373803 -0.007999789
0.002375403 -0.009411517
0.002377003 -0.008470365
0.002378603 -0.007529213
0.002380203 -0.007999789
0.002381803 -0.007529213
0.002383403 -0.006117486
0.002385003 -0.006588062
0.002386603 -0.005176334
0.002388203 -0.006588062
0.002389803 -0.005176334
0.002391403 -0.004705758
0.002393003 -0.005176334
0.002394603 -0.003764607
0.002396203 -0.003764607
0.002397803 -0.004705758
0.002399403 -0.003294031
0.002401003 -0.003764607
0.002402603 -0.001411728
0.002404203 -0.0009411517
0.002405803 0
0.002407403 -0.0009411517
0.002409003 0.0004705758
0.002410603 0.0004705758
0.002412203 0.002352879
0.002413803 0.003764607
0.002415403 0.003764607
0.002417003 0.003294031
0.002418603 0.001882303
0.002420203 0.002823455
0.002421803 0.004235183
0.002423403 0.002823455
0.002425003 0.003294031
0.002426603 0.002352879
0.002428203 0.001411728
0.002429803 0.002352879
0.002431403 0.0009411517
0.002433003 0.0009411517
0.002434603 0.0004705758
0.002436203 0.0009411517
0.002437803 0.0009411517
0.002439403 0.001411728
0.002441003 0
0.002442603 0
0.002444203 0.001882303
0.002445803 0.0009411517
0.002447403 0.001882303
0.002449003 0.001882303
0.002450603 0.002823455
0.002452203 0.002352879
0.002453803 0.005176334
0.002455403 0.006117486
0.002457003 0.007058638
0.002458603 0.007529213
0.002460203 0.007058638
0.002461803 0.007999789
0.002463403 0.009882093
0.002465003 0.01129382
0.002466603 0.0117644
0.002468203 0.01129382
0.002469803 0.01317612
0.002471403 0.0136467
0.002473003 0.01317612
0.002474603 0.01458785
0.002476203 0.01458785
0.002477803 0.01788188
0.002479403 0.015529
0.002481003 0.01599958
0.002482603 0.01458785
0.002484203 0.01411728
0.002485803 0.01505843
0.002487403 0.01223497
0.002489003 0.0117644
0.002490603 0.01270555
0.002492203 0.009882093
0.002493803 0.008940941
0.002495403 0.008470365
0.002497003 0.008940941
0.002498603 0.007529213
0.002500203 0.006588062
0.002501803 0.006588062
0.002503403 0.006588062
0.002505003 0.006117486
0.002506603 0.006588062
0.002508203 0.006117486
0.002509803 0.004705758
0.002511403 0.005176334
0.002513003 0.006117486
0.002514603 0.00564691
0.002516203 0.006117486
0.002517803 0.007058638
0.002519403 0.007058638
0.002521003 0.008940941
0.002522603 0.007529213
0.002524203 0.007999789
0.002525803 0.007999789
0.002527403 0.007058638
0.002529003 0.007529213
0.002530603 0.007058638
0.002532203 0.006588062
0.002533803 0.00564691
0.002535403 0.007058638
0.002537003 0.005176334
0.002538603 0.006588062
0.002540203 0.004705758
0.002541803 0.003764607
0.002543403 0.003764607
0.002545003 0.002823455
0.002546603 0.0004705758
0.002548203 0.001882303
0.002549803 0.0009411517
0.002551403 -0.0009411517
0.002553003 0
0.002554603 0
0.002556203 -0.001882303
0.002557803 -0.0009411517
0.002559403 -0.002352879
0.002561003 -0.0004705758
0.002562603 -0.001882303
0.002564203 -0.001411728
0.002565803 -0.0009411517
0.002567403 -0.001411728
0.002569003 -0.0004705758
0.002570603 -0.002823455
0.002572203 -0.001882303
0.002573803 -0.0009411517
0.002575403 -0.002823455
0.002577003 -0.0009411517
0.002578603 -0.0009411517
0.002580203 0.0009411517
0.002581803 0.001411728
0.002583403 -0.001411728
0.002585003 0.0009411517
0.002586603 0.001882303
0.002588203 0.002823455
0.002589803 0.002823455
0.002591403 0.003764607
0.002593003 0.003764607
0.002594603 0.003764607
0.002596203 0.004705758
0.002597803 0.003294031
0.002599403 0.00564691
0.002601003 0.002823455
0.002602603 0.005176334
0.002604203 0.004235183
0.002605803 0.006588062
0.002607403 0.004705758
0.002609003 0.004235183
0.002610603 0.003764607
0.002612203 0.005176334
0.002613803 0.005176334
0.002615403 0.005176334
0.002617003 0.004705758
0.002618603 0.006588062
0.002620203 0.006117486
0.002621803 0.005176334
0.002623403 0.00564691
0.002625003 0.003294031
0.002626603 0.005176334
0.002628203 0.003764607
0.002629803 0.003294031
0.002631403 0.001882303
0.002633003 0.003294031
0.002634603 0.0009411517
0.002636203 0
0.002637803 -0.003294031
0.002639403 -0.002823455
0.002641003 -0.002823455
0.002642603 -0.004235183
0.002644203 -0.005176334
0.002645803 -0.007529213
0.002647403 -0.009411517
0.002649003 -0.008940941
0.002650603 -0.01035267
0.002652203 -0.0117644
0.002653803 -0.01270555
0.002655403 -0.01223497
0.002657003 -0.0136467
0.002658603 -0.01599958
0.002660203 -0.0136467
0.002661803 -0.015529
0.002663403 -0.01411728
0.002665003 -0.01694073
0.002666603 -0.0136467
0.002668203 -0.01647015
0.002669803 -0.01458785
0.002671403 -0.01505843
0.002673003 -0.01599958
0.002674603 -0.01411728
0.002676203 -0.01458785
0.002677803 -0.01411728
0.002679403 -0.01458785
0.002681003 -0.0136467
0.002682603 -0.0136467
0.002684203 -0.01317612
0.002685803 -0.01223497
0.002687403 -0.01270555
0.002689003 -0.01129382
0.002690603 -0.01317612
0.002692203 -0.01035267
0.002693803 -0.01035267
0.002695403 -0.01082324
0.002697003 -0.0117644
0.002698603 -0.01223497
0.002700203 -0.01270555
0.002701803 -0.008940941
0.002703403 -0.01317612
0.002705003 -0.01082324
0.002706603 -0.01082324
0.002708203 -0.01129382
0.002709803 -0.01223497
0.002711403 -0.0117644
0.002713003 -0.0117644
0.002714603 -0.01223497
0.002716203 -0.01411728
0.002717803 -0.01223497
0.002719403 -0.01317612
0.002721003 -0.01317612
0.002722603 -0.01505843
0.002724203 -0.0136467
0.002725803 -0.01505843
0.002727403 -0.01317612
0.002729003 -0.0136467
0.002730603 -0.01505843
0.002732203 -0.01505843
0.002733803 -0.01411728
0.002735403 -0.01505843
0.002737003 -0.01411728
0.002738603 -0.01505843
0.002740203 -0.0136467
0.002741803 -0.01458785
0.002743403 -0.01599958
0.002745003 -0.015529
0.002746603 -0.01317612
0.002748203 -0.01411728
0.002749803 -0.01411728
0.002751403 -0.0136467
0.002753003 -0.01129382
0.002754603 -0.0136467
0.002756203 -0.0117644
0.002757803 -0.01223497
0.002759403 -0.0117644
0.002761003 -0.01270555
0.002762603 -0.01035267
0.002764203 -0.01129382
0.002765803 -0.01035267
0.002767403 -0.009882093
0.002769003 -0.009411517
0.002770603 -0.0117644
0.002772203 -0.007999789
0.002773803 -0.008470365
0.002775403 -0.007058638
0.002777003 -0.007999789
0.002778603 -0.006117486
0.002780203 -0.006588062
0.002781803 -0.007058638
0.002783403 -0.006117486
0.002785003 -0.004705758
0.002786603 -0.00564691
0.002788203 -0.00564691
0.002789803 -0.003764607
0.002791403 -0.002352879
0.002793003 -0.002352879
0.002794603 -0.002823455
0.002796203 -0.002352879
0.002797803 -0.001882303
0.002799403 -0.0009411517
0.002801003 -0.0004705758
0.002802603 -0.0009411517
0.002804203 0.001882303
0.002805803 0.001411728
0.002807403 0.001411728
0.002809003 0.001882303
0.002810603 0.002352879
0.002812203 0.004235183
0.002813803 0.003764607
0.002815403 0.004235183
0.002817003 0.004235183
0.002818603 0.004235183
0.002820203 0.004705758
0.002821803 0.00564691
0.002823403 0.006117486
0.002825003 0.00564691
0.002826603 0.006117486
0.002828203 0.005176334
0.002829803 0.003764607
0.002831403 0.006117486
0.002833003 0.006588062
0.002834603 0.004705758
0.002836203 0.004705758
0.002837803 0.00564691
0.002839403 0.001882303
0.002841003 0.004235183
0.002842603 0.002823455
0.002844203 0.004235183
0.002845803 0.003294031
0.002847403 0.002352879
0.002849003 0.001882303
0.002850603 0.003294031
0.002852203 0.002823455
0.002853803 0.001882303
0.002855403 0.001882303
0.002857003 0.002352879
0.002858603 0.003764607
0.002860203 0.003764607
0.002861803 0.002823455
0.002863403 0.003294031
0.002865003 0.002352879
0.002866603 0.002352879
0.002868203 0.002823455
0.002869803 0.004705758
0.002871403 0.002823455
0.002873003 0.004705758
0.002874603 0.003294031
0.002876203 0.003294031
0.002877803 0.002823455
0.002879403 0.002823455
0.002881003 0.002823455
0.002882603 0.002823455
0.002884203 0.002352879
0.002885803 0.001411728
0.002887403 0.002352879
0.002889003 0.001411728
0.002890603 0.001882303
0.002892203 0.002823455
0.002893803 0.001882303
0.002895403 0.001411728
0.002897003 0.002352879
0.002898603 0.003294031
0.002900203 0.003294031
0.002901803 0.003764607
0.002903403 0.003764607
0.002905003 0.005176334
0.002906603 0.005176334
0.002908203 0.005176334
0.002909803 0.003294031
0.002911403 0.005176334
0.002913003 0.00564691
0.002914603 0.006117486
0.002916203 0.006588062
0.002917803 0.00564691
0.002919403 0.004705758
0.002921003 0.005176334
0.002922603 0.007058638
0.002924203 0.006588062
0.002925803 0.00564691
0.002927403 0.00564691
0.002929003 0.004235183
0.002930603 0.002823455
0.002932203 0.002352879
0.002933803 0.002352879
0.002935403 0.002823455
0.002937003 0.0009411517
0.002938603 0.002352879
0.002940203 0.001411728
0.002941803 0.001882303
0.002943403 0.0009411517
0.002945003 0.001411728
0.002946603 0.0009411517
0.002948203 0.002352879
0.002949803 0.001882303
0.002951403 0.0004705758
0.002953003 0.001882303
0.002954603 0.0009411517
0.002956203 0
0.002957803 0.0009411517
0.002959403 0.0009411517
0.002961003 0.002823455
0.002962603 0.0009411517
0.002964203 0.0009411517
0.002965803 0.0009411517
0.002967403 0.0004705758
0.002969003 0
0.002970603 -0.001411728
0.002972203 -0.001411728
0.002973803 -0.004235183
0.002975403 -0.004235183
0.002977003 -0.004705758
0.002978603 -0.006117486
0.002980203 -0.007058638
0.002981803 -0.008470365
0.002983403 -0.009411517
0.002985003 -0.009882093
0.002986603 -0.01082324
0.002988203 -0.01223497
0.002989803 -0.01270555
0.002991403 -0.01411728
0.002993003 -0.01223497
0.002994603 -0.01505843
0.002996203 -0.01411728
0.002997803 -0.015529
0.002999403 -0.0136467
0.003001003 -0.015529
0.003002603 -0.015529
0.003004203 -0.01694073
0.003005803 -0.01599958
0.003007403 -0.01599958
0.003009003 -0.015529
0.003010603 -0.01741131
0.003012203 -0.01647015
0.003013803 -0.01788188
0.003015403 -0.01647015
0.003017003 -0.01647015
0.003018603 -0.01882303
0.003020203 -0.01882303
0.003021803 -0.01788188
0.003023403 -0.02070534
0.003025003 -0.01882303
0.003026603 -0.01976419
0.003028203 -0.02023476
0.003029803 -0.01929361
0.003031403 -0.01929361
0.003033003 -0.02211706
0.003034603 -0.01976419
0.003036203 -0.02117591
0.003037803 -0.02023476
0.003039403 -0.02211706
0.003041003 -0.02164649
0.003042603 -0.02211706
0.003044203 -0.02117591
0.003045803 -0.02070534
0.003047403 -0.02164649
0.003049003 -0.02258764
0.003050603 -0.02211706
0.003052203 -0.02164649
0.003053803 -0.02211706
0.003055403 -0.02117591
0.003057003 -0.02117591
0.003058603 -0.02211706
0.003060203 -0.02258764
0.003061803 -0.02258764
0.003063403 -0.02305822
0.003065003 -0.02305822
0.003066603 -0.02305822
0.003068203 -0.02446994
0.003069803 -0.02446994
0.003071403 -0.02588167
0.003073003 -0.02446994
0.003074603 -0.02635225
0.003076203 -0.0254111
0.003077803 -0.02446994
0.003079403 -0.02258764
0.003081003 -0.02494052
0.003082603 -0.0254111
0.003084203 -0.02494052
0.003085803 -0.02446994
0.003087403 -0.02399937
0.003089003 -0.02305822
0.003090603 -0.02399937
0.003092203 -0.02446994
0.003093803 -0.02305822
0.003095403 -0.02211706
0.003097003 -0.02399937
0.003098603 -0.02164649
0.003100203 -0.02164649
0.003101803 -0.02305822
0.003103403 -0.02164649
0.003105003 -0.02211706
0.003106603 -0.02070534
0.003108203 -0.02164649
0.003109803 -0.02399937
0.003111403 -0.02258764
0.003113003 -0.02352879
0.003114603 -0.02399937
0.003116203 -0.02305822
0.003117803 -0.02352879
0.003119403 -0.02258764
0.003121003 -0.02164649
0.003122603 -0.02446994
0.003124203 -0.02305822
0.003125803 -0.02399937
0.003127403 -0.02117591
0.003129003 -0.02352879
0.003130603 -0.02023476
0.003132203 -0.02211706
0.003133803 -0.02164649
0.003135403 -0.02117591
0.003137003 -0.01788188
0.003138603 -0.01976419
0.003140203 -0.01882303
0.003141803 -0.02023476
0.003143403 -0.01741131
0.003145003 -0.01694073
0.003146603 -0.01647015
0.003148203 -0.015529
0.003149803 -0.015529
0.003151403 -0.01694073
0.003153003 -0.01599958
0.003154603 -0.01599958
0.003156203 -0.01411728
0.003157803 -0.01458785
0.003159403 -0.01270555
0.003161003 -0.01458785
0.003162603 -0.0136467
0.003164203 -0.01317612
0.003165803 -0.01082324
0.003167403 -0.01458785
0.003169003 -0.01270555
0.003170603 -0.01223497
0.003172203 -0.008940941
0.003173803 -0.01317612
0.003175403 -0.009882093
0.003177003 -0.01223497
0.003178603 -0.009882093
0.003180203 -0.01035267
0.003181803 -0.009882093
0.003183403 -0.01129382
0.003185003 -0.009411517
0.003186603 -0.009411517
0.003188203 -0.008940941
0.003189803 -0.009411517
0.003191403 -0.007529213
0.003193003 -0.008470365
0.003194603 -0.009411517
0.003196203 -0.008470365
0.003197803 -0.006117486
0.003199403 -0.008940941
0.003201003 -0.007529213
0.003202603 -0.008470365
0.003204203 -0.006117486
0.003205803 -0.00564691
0.003207403 -0.006117486
0.003209003 -0.007529213
0.003210603 -0.005176334
0.003212203 -0.004705758
0.003213803 -0.003294031
0.003215403 -0.003294031
0.003217003 -0.004235183
0.003218603 -0.003764607
0.003220203 -0.001882303
0.003221803 -0.004235183
0.003223403 -0.001882303
0.003225003 -0.002823455
0.003226603 -0.003294031
0.003228203 -0.003294031
0.003229803 -0.005176334
0.003231403 -0.004705758
0.003233003 -0.004235183
0.003234603 -0.006117486
0.003236203 -0.00564691
0.003237803 -0.003764607
0.003239403 -0.00564691
0.003241003 -0.00564691
0.003242603 -0.004705758
0.003244203 -0.004235183
0.003245803 -0.004235183
0.003247403 -0.004705758
0.003249003 -0.00564691
0.003250603 -0.004705758
0.003252203 -0.003764607
0.003253803 -0.003764607
0.003255403 -0.004235183
0.003257003 -0.00564691
0.003258603 -0.005176334
0.003260203 -0.004235183
0.003261803 -0.004235183
0.003263403 -0.005176334
0.003265003 -0.004705758
0.003266603 -0.00564691
0.003268203 -0.00564691
0.003269803 -0.004235183
0.003271403 -0.00564691
0.003273003 -0.00564691
0.003274603 -0.004705758
0.003276203 -0.003764607
0.003277803 -0.002823455
0.003279403 -0.005176334
0.003281003 -0.002823455
0.003282603 -0.003764607
0.003284203 -0.002352879
0.003285803 -0.003764607
0.003287403 -0.002352879
0.003289003 -0.001882303
0.003290603 -0.002823455
0.003292203 -0.001411728
0.003293803 -0.001882303
0.003295403 -0.0009411517
0.003297003 0
0.003298603 -0.0009411517
0.003300203 0.0004705758
0.003301803 -0.0004705758
0.003303403 -0.001411728
0.003305003 0.0004705758
0.003306603 -0.001411728
0.003308203 0
0.003309803 -0.002823455
0.003311403 -0.001411728
0.003313003 0.0009411517
0.003314603 -0.001411728
0.003316203 0
0.003317803 0.0004705758
0.003319403 0
0.003321003 0.001882303
0.003322603 -0.0009411517
0.003324203 0.0009411517
0.003325803 -0.0009411517
0.003327403 0.0004705758
0.003329003 -0.0004705758
0.003330603 0
0.003332203 -0.0009411517
0.003333803 0.0004705758
0.003335403 0.0004705758
0.003337003 0.0004705758
0.003338603 -0.001882303
0.003340203 0
0.003341803 -0.001882303
0.003343403 -0.001882303
0.003345003 -0.002352879
0.003346603 -0.003294031
0.003348203 -0.001882303
0.003349803 -0.001411728
0.003351403 -0.002823455
0.003353003 -0.0009411517
0.003354603 -0.002823455
0.003356203 -0.002823455
0.003357803 -0.003764607
0.003359403 -0.002823455
0.003361003 -0.003764607
0.003362603 -0.001882303
0.003364203 -0.002823455
0.003365803 -0.004235183
0.003367403 -0.004235183
0.003369003 -0.006117486
0.003370603 -0.003294031
0.003372203 -0.006117486
0.003373803 -0.005176334
0.003375403 -0.00564691
0.003377003 -0.007529213
0.003378603 -0.007999789
0.003380203 -0.006117486
0.003381803 -0.007058638
0.003383403 -0.007058638
0.003385003 -0.007999789
0.003386603 -0.007999789
0.003388203 -0.008940941
0.003389803 -0.007529213
0.003391403 -0.007999789
0.003393003 -0.007529213
0.003394603 -0.00564691
0.003396203 -0.00564691
0.003397803 -0.007058638
0.003399403 -0.004705758
0.003401003 -0.007529213
0.003402603 -0.004235183
0.003404203 -0.00564691
0.003405803 -0.002823455
0.003407403 -0.005176334
0.003409003 -0.00564691
0.003410603 -0.004235183
0.003412203 -0.00564691
0.003413803 -0.00564691
0.003415403 -0.005176334
0.003417003 -0.004235183
0.003418603 -0.004235183
0.003420203 -0.004235183
0.003421803 -0.004235183
0.003423403 -0.003764607
0.003425003 -0.00564691
0.003426603 -0.006117486
0.003428203 -0.00564691
0.003429803 -0.005176334
0.003431403 -0.004705758
0.003433003 -0.006588062
0.003434603 -0.004235183
0.003436203 -0.006117486
0.003437803 -0.00564691
0.003439403 -0.004705758
0.003441003 -0.00564691
0.003442603 -0.005176334
0.003444203 -0.00564691
0.003445803 -0.006117486
0.003447403 -0.006117486
0.003449003 -0.006588062
0.003450603 -0.004235183
0.003452203 -0.006117486
0.003453803 -0.004235183
0.003455403 -0.001882303
0.003457003 -0.002823455
0.003458603 -0.002823455
0.003460203 -0.002352879
0.003461803 -0.003764607
0.003463403 -0.002352879
0.003465003 -0.002823455
0.003466603 -0.003764607
0.003468203 -0.002823455
0.003469803 -0.002352879
0.003471403 -0.005176334
0.003473003 -0.003764607
0.003474603 -0.004705758
0.003476203 -0.00564691
0.003477803 -0.006117486
0.003479403 -0.005176334
0.003481003 -0.006588062
0.003482603 -0.007529213
0.003484203 -0.008470365
0.003485803 -0.007529213
0.003487403 -0.006117486
0.003489003 -0.007058638
0.003490603 -0.007529213
0.003492203 -0.007999789
0.003493803 -0.007529213
0.003495403 -0.004705758
0.003497003 -0.006117486
0.003498603 -0.006588062
0.003500203 -0.005176334
0.003501803 -0.003764607
0.003503403 -0.00564691
0.003505003 -0.003764607
0.003506603 -0.002352879
0.003508203 -0.001411728
0.003509803 -0.003294031
0.003511403 -0.002352879
0.003513003 -0.001882303
0.003514603 -0.0004705758
0.003516203 -0.0009411517
0.003517803 -0.0004705758
0.003519403 -0.0009411517
0.003521003 0.0004705758
0.003522603 -0.0004705758
0.003524203 -0.0004705758
0.003525803 -0.002352879
0.003527403 0.001882303
0.003529003 -0.0004705758
0.003530603 -0.001882303
0.003532203 0
0.003533803 0
0.003535403 0.0009411517
0.003537003 0.0009411517
0.003538603 0.001411728
0.003540203 0.001882303
0.003541803 0.0009411517
0.003543403 0.002823455
0.003545003 0.001882303
0.003546603 0.001411728
0.003548203 0.0009411517
0.003549803 0.0009411517
0.003551403 0.0009411517
0.003553003 0.001882303
0.003554603 0.0004705758
0.003556203 0.0004705758
0.003557803 0.0009411517
0.003559403 0
0.003561003 0.0004705758
0.003562603 -0.0009411517
0.003564203 -0.001882303
0.003565803 -0.0004705758
0.003567403 -0.001411728
0.003569003 0
0.003570603 -0.002352879
0.003572203 -0.001882303
0.003573803 -0.003294031
0.003575403 -0.002823455
0.003577003 -0.004235183
0.003578603 -0.004235183
0.003580203 -0.00564691
0.003581803 -0.005176334
0.003583403 -0.00564691
0.003585003 -0.003764607
0.003586603 -0.00564691
0.003588203 -0.005176334
0.003589803 -0.004705758
0.003591403 -0.003764607
0.003593003 -0.004705758
0.003594603 -0.002352879
0.003596203 -0.003294031
0.003597803 -0.003764607
0.003599403 -0.002823455
0.003601003 -0.002823455
0.003602603 -0.0004705758
0.003604203 -0.0004705758
0.003605803 0.0004705758
0.003607403 -0.0004705758
0.003609003 0.001882303
0.003610603 0.001882303
0.003612203 0.003294031
0.003613803 0.002352879
0.003615403 0.004235183
0.003617003 0.00564691
0.003618603 0.004235183
0.003620203 0.006588062
0.003621803 0.006588062
0.003623403 0.006117486
0.003625003 0.007058638
0.003626603 0.008470365
0.003628203 0.007999789
0.003629803 0.007529213
0.003631403 0.007529213
0.003633003 0.009411517
0.003634603 0.007529213
0.003636203 0.007999789
0.003637803 0.009411517
0.003639403 0.009882093
0.003641003 0.01035267
0.003642603 0.01082324
0.003644203 0.01129382
0.003645803 0.01129382
0.003647403 0.01129382
0.003649003 0.01082324
0.003650603 0.01505843
0.003652203 0.0136467
0.003653803 0.01411728
0.003655403 0.01223497
0.003657003 0.01505843
0.003658603 0.0136467
0.003660203 0.01505843
0.003661803 0.01741131
0.003663403 0.01647015
0.003665003 0.01599958
0.003666603 0.015529
0.003668203 0.01694073
0.003669803 0.01599958
0.003671403 0.01647015
0.003673003 0.01741131
0.003674603 0.01599958
0.003676203 0.015529
0.003677803 0.01694073
0.003679403 0.01599958
0.003681003 0.01317612
0.003682603 0.01317612
0.003684203 0.01411728
0.003685803 0.01223497
0.003687403 0.01270555
0.003689003 0.01129382
0.003690603 0.008940941
0.003692203 0.008940941
0.003693803 0.009411517
0.003695403 0.008940941
0.003697003 0.008470365
0.003698603 0.00564691
0.003700203 0.006117486
0.003701803 0.007058638
0.003703403 0.007999789
0.003705003 0.006117486
0.003706603 0.007058638
0.003708203 0.006588062
0.003709803 0.006588062
0.003711403 0.005176334
0.003713003 0.004705758
0.003714603 0.004705758
0.003716203 0.005176334
0.003717803 0.00564691
0.003719403 0.006117486
0.003721003 0.004235183
0.003722603 0.003764607
0.003724203 0.004705758
0.003725803 0.003294031
0.003727403 0.00564691
0.003729003 0.006588062
0.003730603 0.00564691
0.003732203 0.007058638
0.003733803 0.004705758
0.003735403 0.00564691
0.003737003 0.007058638
0.003738603 0.006117486
0.003740203 0.007058638
0.003741803 0.006588062
0.003743403 0.006117486
0.003745003 0.007058638
0.003746603 0.007058638
0.003748203 0.006588062
0.003749803 0.007529213
0.003751403 0.006588062
0.003753003 0.007058638
0.003754603 0.006117486
0.003756203 0.007058638
0.003757803 0.006117486
0.003759403 0.005176334
0.003761003 0.006117486
0.003762603 0.00564691
0.003764203 0.006588062
0.003765803 0.006588062
0.003767403 0.005176334
0.003769003 0.006117486
0.003770603 0.004235183
0.003772203 0.004235183
0.003773803 0.004705758
0.003775403 0.004705758
0.003777003 0.005176334
0.003778603 0.002823455
0.003780203 0.005176334
0.003781803 0.005176334
0.003783403 0.004705758
0.003785003 0.004235183
0.003786603 0.005176334
0.003788203 0.004235183
0.003789803 0.004705758
0.003791403 0.004705758
0.003793003 0.002352879
0.003794603 0.003294031
0.003796203 0.004705758
0.003797803 0.004705758
0.003799403 0.004705758
0.003801003 0.004705758
0.003802603 0.003764607
0.003804203 0.005176334
0.003805803 0.002823455
0.003807403 0.006117486
0.003809003 0.003294031
0.003810603 0.003764607
0.003812203 0.002352879
0.003813803 0.003294031
0.003815403 0.002352879
0.003817003 0.001411728
0.003818603 0.001882303
0.003820203 0
0.003821803 -0.001882303
0.003823403 -0.001882303
0.003825003 -0.0009411517
0.003826603 -0.0004705758
0.003828203 -0.002352879
0.003829803 -0.002352879
0.003831403 -0.003294031
0.003833003 -0.003764607
0.003834603 -0.004705758
0.003836203 -0.003764607
0.003837803 -0.005176334
0.003839403 -0.00564691
0.003841003 -0.006117486
0.003842603 -0.007529213
0.003844203 -0.004235183
0.003845803 -0.006117486
0.003847403 -0.004705758
0.003849003 -0.004235183
0.003850603 -0.003294031
0.003852203 -0.003294031
0.003853803 -0.003764607
0.003855403 -0.0009411517
0.003857003 -0.003294031
0.003858603 -0.001882303
0.003860203 -0.0009411517
0.003861803 -0.001882303
0.003863403 -0.0009411517
0.003865003 -0.0009411517
0.003866603 0.0009411517
0.003868203 0.0009411517
0.003869803 0.002352879
0.003871403 0.002352879
0.003873003 0.002352879
0.003874603 0.001882303
0.003876203 0.003294031
0.003877803 0.004235183
0.003879403 0.004235183
0.003881003 0.004235183
0.003882603 0.004235183
0.003884203 0.002823455
0.003885803 0.005176334
0.003887403 0.004235183
0.003889003 0.003294031
0.003890603 0.005176334
0.003892203 0.003764607
0.003893803 0.004235183
0.003895403 0.003764607
0.003897003 0.002823455
0.003898603 0.002823455
0.003900203 0.002823455
0.003901803 0.003294031
0.003903403 0.002823455
0.003905003 0.002823455
0.003906603 0.002823455
0.003908203 0.001411728
0.003909803 0.002352879
0.003911403 0.002823455
0.003913003 0.002352879
0.003914603 0.0009411517
0.003916203 0.0004705758
0.003917803 0.0004705758
0.003919403 0.0004705758
0.003921003 0
0.003922603 0.001882303
0.003924203 0.0009411517
0.003925803 0.0004705758
0.003927403 0.002352879
0.003929003 0.001411728
0.003930603 0
0.003932203 0.0009411517
0.003933803 0.001411728
0.003935403 0.0004705758
0.003937003 0.0004705758
0.003938603 -0.0009411517
0.003940203 0
0.003941803 0.0009411517
0.003943403 0
0.003945003 -0.001411728
0.003946603 0.0004705758
0.003948203 -0.001882303
0.003949803 0.0004705758
0.003951403 -0.001411728
0.003953003 -0.0004705758
0.003954603 0.0004705758
0.003956203 -0.0004705758
0.003957803 0
0.003959403 -0.0009411517
0.003961003 0.0004705758
0.003962603 -0.0004705758
0.003964203 0
0.003965803 0.0004705758
0.003967403 0
0.003969003 0.001411728
0.003970603 0.001411728
0.003972203 0.002823455
0.003973803 0.002823455
0.003975403 0.001882303
0.003977003 0.003764607
0.003978603 0.003294031
0.003980203 0.004705758
0.003981803 0.005176334
0.003983403 0.005176334
0.003985003 0.004235183
0.003986603 0.006117486
0.003988203 0.006117486
0.003989803 0.007058638
0.003991403 0.006588062
0.003993003 0.004235183
0.003994603 0.004235183
0.003996203 0.004705758
0.003997803 0.004705758
0.003999403 0.003764607
0.004001003 0.004705758
0.004002603 0.004705758
0.004004203 0.004235183
0.004005803 0.004705758
0.004007403 0.006117486
0.004009003 0.003294031
0.004010603 0.004705758
0.004012203 0.00564691
0.004013803 0.004705758
0.004015403 0.004705758
0.004017003 0.005176334
0.004018603 0.004235183
0.004020203 0.004705758
0.004021803 0.00564691
0.004023403 0.005176334
0.004025003 0.005176334
0.004026603 0.007058638
0.004028203 0.004705758
0.004029803 0.006117486
0.004031403 0.004705758
0.004033003 0.00564691
0.004034603 0.00564691
0.004036203 0.00564691
0.004037803 0.006117486
0.004039403 0.004235183
0.004041003 0.004235183
0.004042603 0.00564691
0.004044203 0.004235183
0.004045803 0.003764607
0.004047403 0.003764607
0.004049003 0.005176334
0.004050603 0.00564691
0.004052203 0.004235183
0.004053803 0.003764607
0.004055403 0.004705758
0.004057003 0.003294031
0.004058603 0.004235183
0.004060203 0.002823455
0.004061803 0.002823455
0.004063403 0.002352879
0.004065003 0.003294031
0.004066603 0.003294031
0.004068203 0.0009411517
0.004069803 0.001882303
0.004071403 0.0004705758
0.004073003 0.002352879
0.004074603 -0.0004705758
0.004076203 -0.0009411517
0.004077803 -0.0004705758
0.004079403 -0.001411728
0.004081003 -0.002352879
0.004082603 -0.003294031
0.004084203 -0.003294031
0.004085803 -0.002352879
0.004087403 -0.004705758
0.004089003 -0.004705758
0.004090603 -0.004705758
0.004092203 -0.004705758
0.004093803 -0.004235183
0.004095403 -0.006117486
0.004097003 -0.007058638
0.004098603 -0.006588062
0.004100203 -0.00564691
0.004101803 -0.006117486
0.004103403 -0.007999789
0.004105003 -0.008470365
0.004106603 -0.007999789
0.004108203 -0.008470365
0.004109803 -0.007999789
0.004111403 -0.007529213
0.004113003 -0.009411517
0.004114603 -0.01082324
0.004116203 -0.008940941
0.004117803 -0.007529213
0.004119403 -0.008470365
0.004121003 -0.01035267
0.004122603 -0.008940941
0.004124203 -0.008940941
0.004125803 -0.009882093
0.004127403 -0.009882093
0.004129003 -0.007999789
0.004130603 -0.01082324
0.004132203 -0.008940941
0.004133803 -0.009411517
0.004135403 -0.009882093
0.004137003 -0.009411517
0.004138603 -0.007529213
0.004140203 -0.009411517
0.004141803 -0.01035267
0.004143403 -0.008470365
0.004145003 -0.009411517
0.004146603 -0.009411517
0.004148203 -0.007529213
0.004149803 -0.009411517
0.004151403 -0.01035267
0.004153003 -0.01082324
0.004154603 -0.01035267
0.004156203 -0.0117644
0.004157803 -0.0117644
0.004159403 -0.01129382
0.004161003 -0.01082324
0.004162603 -0.01411728
0.004164203 -0.0136467
0.004165803 -0.01458785
0.004167403 -0.01411728
0.004169003 -0.01505843
0.004170603 -0.01411728
0.004172203 -0.01599958
0.004173803 -0.0136467
0.004175403 -0.0136467
0.004177003 -0.0117644
0.004178603 -0.01458785
0.004180203 -0.015529
0.004181803 -0.01647015
0.004183403 -0.01411728
0.004185003 -0.015529
0.004186603 -0.01599958
0.004188203 -0.01599958
0.004189803 -0.01788188
0.004191403 -0.01788188
0.004193003 -0.01505843
0.004194603 -0.01599958
0.004196203 -0.015529
0.004197803 -0.01694073
0.004199403 -0.01505843
0.004201003 -0.01882303
