LECROYWS4024HD 19320 Waveform
Segments 1 SegmentSize 3127
Segment TrigTime TimeSinceSegment1
#1 09-Jul-2024 01:23:53 0                 
Time Ampl
-0.0008010642 -0.006117486
-0.0007994642 -0.004235183
-0.0007978642 -0.004705758
-0.0007962642 -0.003764607
-0.0007946642 -0.003294031
-0.0007930642 -0.004705758
-0.0007914642 -0.003294031
-0.0007898642 -0.002823455
-0.0007882642 -0.003294031
-0.0007866642 -0.003294031
-0.0007850642 -0.004705758
-0.0007834642 -0.003294031
-0.0007818642 -0.003294031
-0.0007802642 -0.004705758
-0.0007786642 -0.002823455
-0.0007770642 -0.002823455
-0.0007754642 -0.003764607
-0.0007738642 -0.003764607
-0.0007722642 -0.004235183
-0.0007706642 -0.002823455
-0.0007690642 -0.003764607
-0.0007674642 -0.002823455
-0.0007658642 -0.003294031
-0.0007642642 -0.004705758
-0.0007626642 -0.003764607
-0.0007610642 -0.004235183
-0.0007594642 -0.004705758
-0.0007578642 -0.003294031
-0.0007562642 -0.004705758
-0.0007546642 -0.002352879
-0.0007530642 -0.00564691
-0.0007514642 -0.003294031
-0.0007498642 -0.00564691
-0.0007482642 -0.004235183
-0.0007466642 -0.002823455
-0.0007450642 -0.004235183
-0.0007434642 -0.003294031
-0.0007418642 -0.003764607
-0.0007402642 -0.002352879
-0.0007386642 -0.004235183
-0.0007370642 -0.004235183
-0.0007354642 -0.002823455
-0.0007338642 -0.004705758
-0.0007322642 -0.005176334
-0.0007306642 -0.003294031
-0.0007290642 -0.004705758
-0.0007274642 -0.004235183
-0.0007258642 -0.002823455
-0.0007242642 -0.003294031
-0.0007226642 -0.004235183
-0.0007210642 -0.004705758
-0.0007194642 -0.004235183
-0.0007178642 -0.004235183
-0.0007162642 -0.003294031
-0.0007146642 -0.004705758
-0.0007130642 -0.003764607
-0.0007114642 -0.003764607
-0.0007098642 -0.003294031
-0.0007082642 -0.004705758
-0.0007066642 -0.004235183
-0.0007050642 -0.005176334
-0.0007034642 -0.004235183
-0.0007018642 -0.005176334
-0.0007002642 -0.002823455
-0.0006986642 -0.005176334
-0.0006970642 -0.00564691
-0.0006954642 -0.005176334
-0.0006938642 -0.001882303
-0.0006922642 -0.005176334
-0.0006906642 -0.004705758
-0.0006890642 -0.002823455
-0.0006874642 -0.005176334
-0.0006858642 -0.004235183
-0.0006842642 -0.004235183
-0.0006826642 -0.002823455
-0.0006810642 -0.004705758
-0.0006794642 -0.006588062
-0.0006778642 -0.004235183
-0.0006762642 -0.004705758
-0.0006746642 -0.003764607
-0.0006730642 -0.003294031
-0.0006714642 -0.004705758
-0.0006698642 -0.002823455
-0.0006682642 -0.002823455
-0.0006666642 -0.003764607
-0.0006650642 -0.004705758
-0.0006634642 -0.00564691
-0.0006618642 -0.003294031
-0.0006602642 -0.003764607
-0.0006586642 -0.004705758
-0.0006570642 -0.003294031
-0.0006554642 -0.002352879
-0.0006538642 -0.004235183
-0.0006522642 -0.005176334
-0.0006506642 -0.003764607
-0.0006490642 -0.004705758
-0.0006474642 -0.004705758
-0.0006458642 -0.005176334
-0.0006442642 -0.003764607
-0.0006426642 -0.004705758
-0.0006410642 -0.004235183
-0.0006394642 -0.004235183
-0.0006378642 -0.004235183
-0.0006362642 -0.005176334
-0.0006346642 -0.00564691
-0.0006330642 -0.002352879
-0.0006314642 -0.005176334
-0.0006298642 -0.002823455
-0.0006282642 -0.002823455
-0.0006266642 -0.004705758
-0.0006250642 -0.003294031
-0.0006234642 -0.002823455
-0.0006218642 -0.001411728
-0.0006202642 -0.003764607
-0.0006186642 -0.002823455
-0.0006170642 -0.004705758
-0.0006154642 -0.002823455
-0.0006138642 -0.003294031
-0.0006122642 -0.004235183
-0.0006106642 -0.003294031
-0.0006090642 -0.003764607
-0.0006074642 -0.004235183
-0.0006058642 -0.003764607
-0.0006042642 -0.001411728
-0.0006026642 -0.00564691
-0.0006010642 -0.003294031
-0.0005994642 -0.004705758
-0.0005978642 -0.003764607
-0.0005962642 -0.005176334
-0.0005946642 -0.003294031
-0.0005930642 -0.004235183
-0.0005914642 -0.004705758
-0.0005898642 -0.004235183
-0.0005882642 -0.003764607
-0.0005866642 -0.003764607
-0.0005850642 -0.002352879
-0.0005834642 -0.003294031
-0.0005818642 -0.003294031
-0.0005802642 -0.003294031
-0.0005786642 -0.003764607
-0.0005770642 -0.002352879
-0.0005754642 -0.002823455
-0.0005738642 -0.003764607
-0.0005722642 -0.002823455
-0.0005706642 -0.002823455
-0.0005690642 -0.004235183
-0.0005674642 -0.002823455
-0.0005658642 -0.002823455
-0.0005642642 -0.002352879
-0.0005626642 -0.003764607
-0.0005610642 -0.001882303
-0.0005594642 -0.003294031
-0.0005578642 -0.003764607
-0.0005562642 -0.003294031
-0.0005546642 -0.002823455
-0.0005530642 -0.003294031
-0.0005514642 -0.003294031
-0.0005498642 -0.003294031
-0.0005482642 -0.002352879
-0.0005466642 -0.004235183
-0.0005450642 -0.002823455
-0.0005434642 -0.003764607
-0.0005418642 -0.003294031
-0.0005402642 -0.003294031
-0.0005386642 -0.002823455
-0.0005370642 -0.005176334
-0.0005354642 -0.003294031
-0.0005338642 -0.003294031
-0.0005322642 -0.002352879
-0.0005306642 -0.003764607
-0.0005290642 -0.003294031
-0.0005274642 -0.002823455
-0.0005258642 -0.003294031
-0.0005242642 -0.002823455
-0.0005226642 -0.003764607
-0.0005210642 -0.003764607
-0.0005194642 -0.002352879
-0.0005178642 -0.004235183
-0.0005162642 -0.002352879
-0.0005146642 -0.00564691
-0.0005130642 -0.002823455
-0.0005114642 -0.002823455
-0.0005098642 -0.002352879
-0.0005082642 -0.001882303
-0.0005066642 -0.001882303
-0.0005050642 -0.002352879
-0.0005034642 -0.002823455
-0.0005018642 -0.0009411517
-0.0005002642 -0.002352879
-0.0004986642 -0.002823455
-0.0004970642 -0.0009411517
-0.0004954642 -0.003764607
-0.0004938642 -0.001882303
-0.0004922642 -0.003294031
-0.0004906642 -0.003294031
-0.0004890642 -0.003764607
-0.0004874642 -0.002823455
-0.0004858642 -0.002823455
-0.0004842642 -0.002352879
-0.0004826642 -0.001882303
-0.0004810642 -0.004235183
-0.0004794642 -0.005176334
-0.0004778642 -0.003294031
-0.0004762642 -0.002352879
-0.0004746642 -0.003294031
-0.0004730642 -0.004705758
-0.0004714642 -0.003294031
-0.0004698642 -0.003294031
-0.0004682642 -0.002823455
-0.0004666642 -0.001882303
-0.0004650642 -0.002352879
-0.0004634642 -0.002823455
-0.0004618642 -0.003764607
-0.0004602642 -0.001882303
-0.0004586642 -0.002352879
-0.0004570642 -0.001882303
-0.0004554642 -0.0004705758
-0.0004538642 -0.002352879
-0.0004522642 -0.002352879
-0.0004506642 -0.004235183
-0.0004490642 -0.002352879
-0.0004474642 -0.001882303
-0.0004458642 -0.002823455
-0.0004442642 -0.001411728
-0.0004426642 -0.0009411517
-0.0004410642 -0.002352879
-0.0004394642 -0.002352879
-0.0004378642 -0.0009411517
-0.0004362642 -0.001882303
-0.0004346642 -0.001882303
-0.0004330642 -0.001411728
-0.0004314642 -0.002352879
-0.0004298642 -0.001882303
-0.0004282642 -0.001411728
-0.0004266642 -0.002352879
-0.0004250642 -0.002352879
-0.0004234642 -0.003294031
-0.0004218642 -0.002352879
-0.0004202642 -0.001882303
-0.0004186642 -0.002823455
-0.0004170642 -0.002823455
-0.0004154642 -0.002823455
-0.0004138642 -0.003294031
-0.0004122642 -0.002352879
-0.0004106642 -0.002352879
-0.0004090642 -0.002823455
-0.0004074642 -0.002352879
-0.0004058642 -0.001411728
-0.0004042642 -0.002352879
-0.0004026642 -0.0009411517
-0.0004010642 -0.003764607
-0.0003994642 -0.001882303
-0.0003978642 -0.002352879
-0.0003962642 -0.002352879
-0.0003946642 -0.001882303
-0.0003930642 -0.001411728
-0.0003914642 -0.003294031
-0.0003898642 -0.002823455
-0.0003882642 -0.002823455
-0.0003866642 -0.002352879
-0.0003850642 -0.002352879
-0.0003834642 -0.002823455
-0.0003818642 -0.001882303
-0.0003802642 -0.002352879
-0.0003786642 -0.002352879
-0.0003770642 -0.002352879
-0.0003754642 -0.001411728
-0.0003738642 -0.003764607
-0.0003722642 -0.002352879
-0.0003706642 -0.002352879
-0.0003690642 -0.003764607
-0.0003674642 -0.004235183
-0.0003658642 -0.004235183
-0.0003642642 -0.002823455
-0.0003626642 -0.003294031
-0.0003610642 -0.001882303
-0.0003594642 -0.002823455
-0.0003578642 -0.003764607
-0.0003562642 -0.001882303
-0.0003546642 -0.002352879
-0.0003530642 -0.001882303
-0.0003514642 -0.003764607
-0.0003498642 -0.003764607
-0.0003482642 -0.003294031
-0.0003466642 -0.003294031
-0.0003450642 -0.004705758
-0.0003434642 -0.003764607
-0.0003418642 -0.004235183
-0.0003402642 -0.003764607
-0.0003386642 -0.003764607
-0.0003370642 -0.003764607
-0.0003354642 -0.0009411517
-0.0003338642 -0.003764607
-0.0003322642 -0.003764607
-0.0003306642 -0.003764607
-0.0003290642 -0.004705758
-0.0003274642 -0.004235183
-0.0003258642 -0.003294031
-0.0003242642 -0.002352879
-0.0003226642 -0.003294031
-0.0003210642 -0.004235183
-0.0003194642 -0.002823455
-0.0003178642 -0.004235183
-0.0003162642 -0.002352879
-0.0003146642 -0.004705758
-0.0003130642 -0.004705758
-0.0003114642 -0.004705758
-0.0003098642 -0.001882303
-0.0003082642 -0.003764607
-0.0003066642 -0.002823455
-0.0003050642 -0.003294031
-0.0003034642 -0.002352879
-0.0003018642 -0.002823455
-0.0003002642 -0.002823455
-0.0002986642 -0.004705758
-0.0002970642 -0.004705758
-0.0002954642 -0.002823455
-0.0002938642 -0.004235183
-0.0002922642 -0.004235183
-0.0002906642 -0.003764607
-0.0002890642 -0.001882303
-0.0002874642 -0.003764607
-0.0002858642 -0.003294031
-0.0002842642 -0.001882303
-0.0002826642 -0.002823455
-0.0002810642 -0.003294031
-0.0002794642 -0.002352879
-0.0002778642 -0.002823455
-0.0002762642 -0.001411728
-0.0002746642 -0.004235183
-0.0002730642 -0.004235183
-0.0002714642 -0.001411728
-0.0002698642 -0.003294031
-0.0002682642 -0.002352879
-0.0002666642 -0.003294031
-0.0002650642 -0.003764607
-0.0002634642 -0.00564691
-0.0002618642 -0.004705758
-0.0002602642 -0.004705758
-0.0002586642 -0.00564691
-0.0002570642 -0.003764607
-0.0002554642 -0.002352879
-0.0002538642 -0.002352879
-0.0002522642 -0.002352879
-0.0002506642 -0.004235183
-0.0002490642 -0.004705758
-0.0002474642 -0.004705758
-0.0002458642 -0.002823455
-0.0002442642 -0.004235183
-0.0002426642 -0.003764607
-0.0002410642 -0.004705758
-0.0002394642 -0.002823455
-0.0002378642 -0.003764607
-0.0002362642 -0.003764607
-0.0002346642 -0.003764607
-0.0002330642 -0.00564691
-0.0002314642 -0.003294031
-0.0002298642 -0.004235183
-0.0002282642 -0.004235183
-0.0002266642 -0.004235183
-0.0002250642 -0.005176334
-0.0002234642 -0.003294031
-0.0002218642 -0.006117486
-0.0002202642 -0.002823455
-0.0002186642 -0.006117486
-0.0002170642 -0.004235183
-0.0002154642 -0.002823455
-0.0002138642 -0.004705758
-0.0002122642 -0.003764607
-0.0002106642 -0.006117486
-0.0002090642 -0.00564691
-0.0002074642 -0.004235183
-0.0002058642 -0.006117486
-0.0002042642 -0.003764607
-0.0002026642 -0.004235183
-0.0002010642 -0.003294031
-0.0001994642 -0.004235183
-0.0001978642 -0.005176334
-0.0001962642 -0.005176334
-0.0001946642 -0.004235183
-0.0001930642 -0.002823455
-0.0001914642 -0.004705758
-0.0001898642 -0.003764607
-0.0001882642 -0.005176334
-0.0001866642 -0.003764607
-0.0001850642 -0.004235183
-0.0001834642 -0.004235183
-0.0001818642 -0.004235183
-0.0001802642 -0.004705758
-0.0001786642 -0.004235183
-0.0001770642 -0.002823455
-0.0001754642 -0.005176334
-0.0001738642 -0.005176334
-0.0001722642 -0.002823455
-0.0001706642 -0.002823455
-0.0001690642 -0.002823455
-0.0001674642 -0.004235183
-0.0001658642 -0.003764607
-0.0001642642 -0.001882303
-0.0001626642 -0.002352879
-0.0001610642 -0.003294031
-0.0001594642 -0.001882303
-0.0001578642 -0.002823455
-0.0001562642 -0.003294031
-0.0001546642 -0.004705758
-0.0001530642 -0.002823455
-0.0001514642 -0.002823455
-0.0001498642 -0.002352879
-0.0001482642 -0.004235183
-0.0001466642 -0.004235183
-0.0001450642 -0.00564691
-0.0001434642 -0.004705758
-0.0001418642 -0.003764607
-0.0001402642 -0.002823455
-0.0001386642 -0.003764607
-0.0001370642 -0.003764607
-0.0001354642 -0.004235183
-0.0001338642 -0.003764607
-0.0001322642 -0.003764607
-0.0001306642 -0.002823455
-0.0001290642 -0.004235183
-0.0001274642 -0.002823455
-0.0001258642 -0.004235183
-0.0001242642 -0.002352879
-0.0001226642 -0.002823455
-0.0001210642 -0.004235183
-0.0001194642 -0.003294031
-0.0001178642 -0.004705758
-0.0001162642 -0.003294031
-0.0001146642 -0.002823455
-0.0001130642 -0.003764607
-0.0001114642 -0.004235183
-0.0001098642 -0.003294031
-0.0001082642 -0.002823455
-0.0001066642 -0.003294031
-0.0001050642 -0.003764607
-0.0001034642 -0.004235183
-0.0001018642 -0.003294031
-0.0001002642 -0.003764607
-9.86642e-005 -0.004235183
-9.70642e-005 -0.004235183
-9.54642e-005 -0.002352879
-9.38642e-005 -0.004235183
-9.22642e-005 -0.003764607
-9.06642e-005 -0.004235183
-8.90642e-005 -0.002823455
-8.74642e-005 -0.003294031
-8.58642e-005 -0.003764607
-8.42642e-005 -0.002823455
-8.26642e-005 -0.004705758
-8.10642e-005 -0.004705758
-7.94642e-005 -0.004235183
-7.78642e-005 -0.002823455
-7.62642e-005 -0.002352879
-7.46642e-005 -0.003764607
-7.30642e-005 -0.004235183
-7.14642e-005 -0.003294031
-6.98642e-005 -0.004235183
-6.82642e-005 -0.0004705758
-6.66642e-005 -0.002352879
-6.50642e-005 -0.004235183
-6.34642e-005 -0.002823455
-6.18642e-005 -0.003294031
-6.02642e-005 -0.001411728
-5.86642e-005 -0.002352879
-5.70642e-005 -0.0009411517
-5.54642e-005 -0.0004705758
-5.38642e-005 -0.002823455
-5.22642e-005 -0.004235183
-5.06642e-005 -0.01082324
-4.90642e-005 -0.01317612
-4.74642e-005 -0.02352879
-4.58642e-005 -0.03294031
-4.42642e-005 -0.04423413
-4.26642e-005 -0.06117486
-4.10642e-005 -0.07717444
-3.94642e-005 -0.102115
-3.78642e-005 -0.1237614
-3.62642e-005 -0.1468197
-3.46642e-005 -0.1722308
-3.30642e-005 -0.1934067
-3.14642e-005 -0.2127003
-2.98642e-005 -0.2286999
-2.82642e-005 -0.2446994
-2.66642e-005 -0.2536404
-2.50642e-005 -0.2644636
-2.34642e-005 -0.2691694
-2.18642e-005 -0.26964
-2.02642e-005 -0.257405
-1.86642e-005 -0.241876
-1.70642e-005 -0.2164649
-1.54642e-005 -0.1919949
-1.38642e-005 -0.1632898
-1.22642e-005 -0.1341141
-1.06642e-005 -0.1096442
-9.0642e-006 -0.08282135
-7.4642e-006 -0.05788083
-5.8642e-006 -0.03858722
-4.2642e-006 -0.02258764
-2.6642e-006 -0.01082324
-1.0642e-006 -0.006588062
5.358e-007 -0.002352879
2.1358e-006 -0.001882303
3.7358e-006 -0.001411728
5.3358e-006 -0.001882303
6.9358e-006 -0.003764607
8.5358e-006 -0.006588062
1.01358e-005 -0.008940941
1.17358e-005 -0.01270555
1.33358e-005 -0.01647015
1.49358e-005 -0.01788188
1.65358e-005 -0.02164649
1.81358e-005 -0.02023476
1.97358e-005 -0.02446994
2.13358e-005 -0.02211706
2.29358e-005 -0.02164649
2.45358e-005 -0.01505843
2.61358e-005 -0.01035267
2.77358e-005 -0.008470365
2.93358e-005 -0.003764607
3.09358e-005 -0.0009411517
3.25358e-005 0.002823455
3.41358e-005 0.004705758
3.57358e-005 0.007529213
3.73358e-005 0.007529213
3.89358e-005 0.009882093
4.05358e-005 0.0117644
4.21358e-005 0.01458785
4.37358e-005 0.01835246
4.53358e-005 0.02117591
4.69358e-005 0.02164649
4.85358e-005 0.02352879
5.01358e-005 0.02494052
5.17358e-005 0.02258764
5.33358e-005 0.02399937
5.49358e-005 0.02305822
5.65358e-005 0.01882303
5.81358e-005 0.01788188
5.97358e-005 0.01411728
6.13358e-005 0.008940941
6.29358e-005 0.004235183
6.45358e-005 -0.0004705758
6.61358e-005 -0.004705758
6.77358e-005 -0.006588062
6.93358e-005 -0.008470365
7.09358e-005 -0.008940941
7.25358e-005 -0.009411517
7.41358e-005 -0.008470365
7.57358e-005 -0.009411517
7.73358e-005 -0.008940941
7.89358e-005 -0.008470365
8.05358e-005 -0.01129382
8.21358e-005 -0.01035267
8.37358e-005 -0.0117644
8.53358e-005 -0.01270555
8.69358e-005 -0.01929361
8.85358e-005 -0.02023476
9.01358e-005 -0.0254111
9.17358e-005 -0.02870513
9.33358e-005 -0.03341088
9.49358e-005 -0.03858722
9.65358e-005 -0.04423413
9.81358e-005 -0.04846931
9.97358e-005 -0.05176334
0.0001013358 -0.05270449
0.0001029358 -0.0545868
0.0001045358 -0.05599852
0.0001061358 -0.0545868
0.0001077358 -0.0545868
0.0001093358 -0.05317507
0.0001109358 -0.04799874
0.0001125358 -0.04517528
0.0001141358 -0.04141067
0.0001157358 -0.03764607
0.0001173358 -0.03294031
0.0001189358 -0.03011685
0.0001205358 -0.02588167
0.0001221358 -0.02305822
0.0001237358 -0.02070534
0.0001253358 -0.01505843
0.0001269358 -0.009882093
0.0001285358 -0.007058638
0.0001301358 -0.001882303
0.0001317358 0.003294031
0.0001333358 0.006588062
0.0001349358 0.0136467
0.0001365358 0.01929361
0.0001381358 0.02588167
0.0001397358 0.03058743
0.0001413358 0.03388146
0.0001429358 0.04046952
0.0001445358 0.04423413
0.0001461358 0.04893989
0.0001477358 0.05176334
0.0001493358 0.05505737
0.0001509358 0.05693968
0.0001525358 0.0583514
0.0001541358 0.06070428
0.0001557358 0.06070428
0.0001573358 0.06070428
0.0001589358 0.06023371
0.0001605358 0.05693968
0.0001621358 0.0564691
0.0001637358 0.05317507
0.0001653358 0.05035161
0.0001669358 0.04658701
0.0001685358 0.04423413
0.0001701358 0.0409401
0.0001717358 0.03811664
0.0001733358 0.03576376
0.0001749358 0.03294031
0.0001765358 0.03199916
0.0001781358 0.02776397
0.0001797358 0.0254111
0.0001813358 0.02258764
0.0001829358 0.02352879
0.0001845358 0.02258764
0.0001861358 0.02211706
0.0001877358 0.02258764
0.0001893358 0.02023476
0.0001909358 0.01976419
0.0001925358 0.01882303
0.0001941358 0.01788188
0.0001957358 0.01835246
0.0001973358 0.01647015
0.0001989358 0.01741131
0.0002005358 0.01599958
0.0002021358 0.01599958
0.0002037358 0.01599958
0.0002053358 0.01505843
0.0002069358 0.01505843
0.0002085358 0.01505843
0.0002101358 0.01411728
0.0002117358 0.01411728
0.0002133358 0.01317612
0.0002149358 0.01411728
0.0002165358 0.01223497
0.0002181358 0.01082324
0.0002197358 0.01270555
0.0002213358 0.0117644
0.0002229358 0.01129382
0.0002245358 0.0117644
0.0002261358 0.01082324
0.0002277358 0.01223497
0.0002293358 0.0117644
0.0002309358 0.01317612
0.0002325358 0.0136467
0.0002341358 0.01694073
0.0002357358 0.01976419
0.0002373358 0.02305822
0.0002389358 0.02588167
0.0002405358 0.02776397
0.0002421358 0.02964628
0.0002437358 0.03011685
0.0002453358 0.03246973
0.0002469358 0.03482261
0.0002485358 0.03294031
0.0002501358 0.03388146
0.0002517358 0.03482261
0.0002533358 0.03482261
0.0002549358 0.03388146
0.0002565358 0.03294031
0.0002581358 0.03058743
0.0002597358 0.03105801
0.0002613358 0.03199916
0.0002629358 0.03199916
0.0002645358 0.03294031
0.0002661358 0.03105801
0.0002677358 0.03388146
0.0002693358 0.03529319
0.0002709358 0.03623434
0.0002725358 0.03764607
0.0002741358 0.04046952
0.0002757358 0.0428224
0.0002773358 0.0447047
0.0002789358 0.04517528
0.0002805358 0.04705758
0.0002821358 0.04611643
0.0002837358 0.04705758
0.0002853358 0.04423413
0.0002869358 0.04423413
0.0002885358 0.04141067
0.0002901358 0.03764607
0.0002917358 0.03482261
0.0002933358 0.02964628
0.0002949358 0.02823455
0.0002965358 0.02258764
0.0002981358 0.01976419
0.0002997358 0.01411728
0.0003013358 0.0136467
0.0003029358 0.007058638
0.0003045358 0.007058638
0.0003061358 0.002823455
0.0003077358 0.003764607
0.0003093358 0.002352879
0.0003109358 0.004235183
0.0003125358 0.003764607
0.0003141358 0.005176334
0.0003157358 0.007529213
0.0003173358 0.008470365
0.0003189358 0.009882093
0.0003205358 0.0117644
0.0003221358 0.01223497
0.0003237358 0.01223497
0.0003253358 0.01458785
0.0003269358 0.01270555
0.0003285358 0.01223497
0.0003301358 0.01458785
0.0003317358 0.01411728
0.0003333358 0.01317612
0.0003349358 0.01223497
0.0003365358 0.01035267
0.0003381358 0.009882093
0.0003397358 0.009882093
0.0003413358 0.01082324
0.0003429358 0.009411517
0.0003445358 0.008940941
0.0003461358 0.007999789
0.0003477358 0.007529213
0.0003493358 0.009411517
0.0003509358 0.01035267
0.0003525358 0.01035267
0.0003541358 0.009882093
0.0003557358 0.009411517
0.0003573358 0.007058638
0.0003589358 0.00564691
0.0003605358 0.00564691
0.0003621358 0.005176334
0.0003637358 0.002823455
0.0003653358 0.002823455
0.0003669358 -0.001411728
0.0003685358 0
0.0003701358 -0.001882303
0.0003717358 -0.002352879
0.0003733358 -0.003764607
0.0003749358 -0.002823455
0.0003765358 -0.004705758
0.0003781358 -0.002352879
0.0003797358 -0.002352879
0.0003813358 -0.003764607
0.0003829358 -0.001882303
0.0003845358 -0.001882303
0.0003861358 0.001882303
0.0003877358 0.003294031
0.0003893358 0.004235183
0.0003909358 0.005176334
0.0003925358 0.006588062
0.0003941358 0.008940941
0.0003957358 0.01082324
0.0003973358 0.009411517
0.0003989358 0.01270555
0.0004005358 0.009411517
0.0004021358 0.01082324
0.0004037358 0.008470365
0.0004053358 0.007999789
0.0004069358 0.007058638
0.0004085358 0.002352879
0.0004101358 0.002352879
0.0004117358 0.0009411517
0.0004133358 0.0004705758
0.0004149358 0
0.0004165358 -0.002352879
0.0004181358 -0.002352879
0.0004197358 -0.002352879
0.0004213358 -0.002352879
0.0004229358 -0.0009411517
0.0004245358 -0.001411728
0.0004261358 -0.0009411517
0.0004277358 -0.002352879
0.0004293358 0.0004705758
0.0004309358 0
0.0004325358 0.001882303
0.0004341358 0
0.0004357358 0.001882303
0.0004373358 -0.0004705758
0.0004389358 0.0009411517
0.0004405358 0.001882303
0.0004421358 0.002352879
0.0004437358 0.001411728
0.0004453358 0.003294031
0.0004469358 0.001882303
0.0004485358 0.003294031
0.0004501358 0.003764607
0.0004517358 0.004705758
0.0004533358 0.00564691
0.0004549358 0.006588062
0.0004565358 0.007058638
0.0004581358 0.007058638
0.0004597358 0.007529213
0.0004613358 0.008470365
0.0004629358 0.008940941
0.0004645358 0.008470365
0.0004661358 0.009411517
0.0004677358 0.007529213
0.0004693358 0.004705758
0.0004709358 0.004705758
0.0004725358 0.003764607
0.0004741358 0
0.0004757358 -0.001882303
0.0004773358 -0.003294031
0.0004789358 -0.007058638
0.0004805358 -0.01082324
0.0004821358 -0.01411728
0.0004837358 -0.01741131
0.0004853358 -0.01929361
0.0004869358 -0.02352879
0.0004885358 -0.0272934
0.0004901358 -0.02823455
0.0004917358 -0.02964628
0.0004933358 -0.03058743
0.0004949358 -0.02870513
0.0004965358 -0.03011685
0.0004981358 -0.0291757
0.0004997358 -0.02776397
0.0005013358 -0.02588167
0.0005029358 -0.02352879
0.0005045358 -0.02164649
0.0005061358 -0.01976419
0.0005077358 -0.01505843
0.0005093358 -0.01270555
0.0005109358 -0.01270555
0.0005125358 -0.01082324
0.0005141358 -0.008940941
0.0005157358 -0.006588062
0.0005173358 -0.007058638
0.0005189358 -0.006588062
0.0005205358 -0.007529213
0.0005221358 -0.006117486
0.0005237358 -0.007999789
0.0005253358 -0.006588062
0.0005269358 -0.005176334
0.0005285358 -0.003764607
0.0005301358 -0.004705758
0.0005317358 -0.002352879
0.0005333358 -0.002823455
0.0005349358 -0.001411728
0.0005365358 -0.0004705758
0.0005381358 0.001882303
0.0005397358 0.002352879
0.0005413358 0.002352879
0.0005429358 0.005176334
0.0005445358 0.00564691
0.0005461358 0.007999789
0.0005477358 0.007999789
0.0005493358 0.008940941
0.0005509358 0.01035267
0.0005525358 0.007529213
0.0005541358 0.008470365
0.0005557358 0.007529213
0.0005573358 0.007058638
0.0005589358 0.007058638
0.0005605358 0.004705758
0.0005621358 0.002352879
0.0005637358 0.003294031
0.0005653358 0.0009411517
0.0005669358 -0.001411728
0.0005685358 -0.001411728
0.0005701358 -0.003764607
0.0005717358 -0.004705758
0.0005733358 -0.007999789
0.0005749358 -0.009411517
0.0005765358 -0.01082324
0.0005781358 -0.01317612
0.0005797358 -0.015529
0.0005813358 -0.01647015
0.0005829358 -0.01976419
0.0005845358 -0.02023476
0.0005861358 -0.02117591
0.0005877358 -0.02211706
0.0005893358 -0.02682282
0.0005909358 -0.02494052
0.0005925358 -0.0272934
0.0005941358 -0.03011685
0.0005957358 -0.03105801
0.0005973358 -0.03246973
0.0005989358 -0.03576376
0.0006005358 -0.03623434
0.0006021358 -0.03764607
0.0006037358 -0.03952837
0.0006053358 -0.03905779
0.0006069358 -0.03999895
0.0006085358 -0.03999895
0.0006101358 -0.03905779
0.0006117358 -0.04046952
0.0006133358 -0.03858722
0.0006149358 -0.03905779
0.0006165358 -0.03623434
0.0006181358 -0.03529319
0.0006197358 -0.03199916
0.0006213358 -0.03058743
0.0006229358 -0.02870513
0.0006245358 -0.02682282
0.0006261358 -0.02399937
0.0006277358 -0.02352879
0.0006293358 -0.02070534
0.0006309358 -0.01835246
0.0006325358 -0.01458785
0.0006341358 -0.01317612
0.0006357358 -0.01035267
0.0006373358 -0.007999789
0.0006389358 -0.004705758
0.0006405358 -0.002352879
0.0006421358 -0.0004705758
0.0006437358 0.004235183
0.0006453358 0.004705758
0.0006469358 0.006588062
0.0006485358 0.008940941
0.0006501358 0.008940941
0.0006517358 0.01082324
0.0006533358 0.01082324
0.0006549358 0.01317612
0.0006565358 0.0136467
0.0006581358 0.01270555
0.0006597358 0.01223497
0.0006613358 0.0117644
0.0006629358 0.01270555
0.0006645358 0.0117644
0.0006661358 0.01129382
0.0006677358 0.01129382
0.0006693358 0.009411517
0.0006709358 0.008940941
0.0006725358 0.007999789
0.0006741358 0.007529213
0.0006757358 0.007058638
0.0006773358 0.006117486
0.0006789358 0.006117486
0.0006805358 0.004235183
0.0006821358 0.005176334
0.0006837358 0.004705758
0.0006853358 0.006588062
0.0006869358 0.006117486
0.0006885358 0.007529213
0.0006901358 0.007999789
0.0006917358 0.008470365
0.0006933358 0.0117644
0.0006949358 0.0117644
0.0006965358 0.01270555
0.0006981358 0.015529
0.0006997358 0.01599958
0.0007013358 0.01788188
0.0007029358 0.02070534
0.0007045358 0.01929361
0.0007061358 0.01976419
0.0007077358 0.02070534
0.0007093358 0.02211706
0.0007109358 0.02117591
0.0007125358 0.02023476
0.0007141358 0.02023476
0.0007157358 0.01882303
0.0007173358 0.01788188
0.0007189358 0.01788188
0.0007205358 0.015529
0.0007221358 0.01411728
0.0007237358 0.01458785
0.0007253358 0.01317612
0.0007269358 0.0117644
0.0007285358 0.009882093
0.0007301358 0.009411517
0.0007317358 0.007999789
0.0007333358 0.007999789
0.0007349358 0.00564691
0.0007365358 0.00564691
0.0007381358 0.006117486
0.0007397358 0.004235183
0.0007413358 0.004235183
0.0007429358 0.002352879
0.0007445358 0.0009411517
0.0007461358 0.001882303
0.0007477358 -0.0009411517
0.0007493358 -0.002352879
0.0007509358 -0.004235183
0.0007525358 -0.004235183
0.0007541358 -0.004235183
0.0007557358 -0.003764607
0.0007573358 -0.003764607
0.0007589358 -0.004235183
0.0007605358 -0.003764607
0.0007621358 -0.003764607
0.0007637358 -0.0009411517
0.0007653358 0.0004705758
0.0007669358 0.0009411517
0.0007685358 0.002823455
0.0007701358 0.003294031
0.0007717358 0.006588062
0.0007733358 0.006588062
0.0007749358 0.008470365
0.0007765358 0.007529213
0.0007781358 0.007529213
0.0007797358 0.009411517
0.0007813358 0.009882093
0.0007829358 0.007529213
0.0007845358 0.006588062
0.0007861358 0.006117486
0.0007877358 0.007529213
0.0007893358 0.006588062
0.0007909358 0.007058638
0.0007925358 0.00564691
0.0007941358 0.00564691
0.0007957358 0.006117486
0.0007973358 0.00564691
0.0007989358 0.003764607
0.0008005358 0.005176334
0.0008021358 0.004235183
0.0008037358 0.00564691
0.0008053358 0.004705758
0.0008069358 0.007058638
0.0008085358 0.004705758
0.0008101358 0.006117486
0.0008117358 0.003764607
0.0008133358 0.004705758
0.0008149358 0.003764607
0.0008165358 0.001411728
0.0008181358 0.001882303
0.0008197358 0.0009411517
0.0008213358 -0.001882303
0.0008229358 -0.003294031
0.0008245358 -0.005176334
0.0008261358 -0.008940941
0.0008277358 -0.009411517
0.0008293358 -0.01317612
0.0008309358 -0.01411728
0.0008325358 -0.01835246
0.0008341358 -0.02070534
0.0008357358 -0.02399937
0.0008373358 -0.02588167
0.0008389358 -0.02776397
0.0008405358 -0.03011685
0.0008421358 -0.03058743
0.0008437358 -0.03246973
0.0008453358 -0.03623434
0.0008469358 -0.03388146
0.0008485358 -0.03482261
0.0008501358 -0.03717549
0.0008517358 -0.03529319
0.0008533358 -0.03482261
0.0008549358 -0.03435204
0.0008565358 -0.03482261
0.0008581358 -0.03623434
0.0008597358 -0.03529319
0.0008613358 -0.03623434
0.0008629358 -0.03576376
0.0008645358 -0.03529319
0.0008661358 -0.03388146
0.0008677358 -0.03199916
0.0008693358 -0.03341088
0.0008709358 -0.03058743
0.0008725358 -0.03152858
0.0008741358 -0.03011685
0.0008757358 -0.0272934
0.0008773358 -0.0272934
0.0008789358 -0.02446994
0.0008805358 -0.02258764
0.0008821358 -0.02023476
0.0008837358 -0.01882303
0.0008853358 -0.01458785
0.0008869358 -0.01223497
0.0008885358 -0.01129382
0.0008901358 -0.007529213
0.0008917358 -0.006588062
0.0008933358 -0.005176334
0.0008949358 -0.003294031
0.0008965358 -0.002823455
0.0008981358 -0.0004705758
0.0008997358 0
0.0009013358 0
0.0009029358 0.0009411517
0.0009045358 -0.001411728
0.0009061358 -0.001411728
0.0009077358 -0.002352879
0.0009093358 -0.002823455
0.0009109358 -0.005176334
0.0009125358 -0.00564691
0.0009141358 -0.007999789
0.0009157358 -0.0117644
0.0009173358 -0.01082324
0.0009189358 -0.01317612
0.0009205358 -0.01505843
0.0009221358 -0.01835246
0.0009237358 -0.01882303
0.0009253358 -0.02211706
0.0009269358 -0.02399937
0.0009285358 -0.02494052
0.0009301358 -0.0254111
0.0009317358 -0.02682282
0.0009333358 -0.02682282
0.0009349358 -0.03199916
0.0009365358 -0.03246973
0.0009381358 -0.03341088
0.0009397358 -0.03435204
0.0009413358 -0.03529319
0.0009429358 -0.03623434
0.0009445358 -0.03811664
0.0009461358 -0.03858722
0.0009477358 -0.03670492
0.0009493358 -0.04046952
0.0009509358 -0.03952837
0.0009525358 -0.03764607
0.0009541358 -0.03858722
0.0009557358 -0.03764607
0.0009573358 -0.03576376
0.0009589358 -0.03576376
0.0009605358 -0.03435204
0.0009621358 -0.03246973
0.0009637358 -0.03152858
0.0009653358 -0.03011685
0.0009669358 -0.0291757
0.0009685358 -0.02635225
0.0009701358 -0.02352879
0.0009717358 -0.02258764
0.0009733358 -0.02117591
0.0009749358 -0.01788188
0.0009765358 -0.01741131
0.0009781358 -0.01270555
0.0009797358 -0.01223497
0.0009813358 -0.008940941
0.0009829358 -0.004705758
0.0009845358 -0.002352879
0.0009861358 -0.001411728
0.0009877358 0.001882303
0.0009893358 0.003294031
0.0009909358 0.004235183
0.0009925358 0.007529213
0.0009941358 0.007058638
0.0009957358 0.008940941
0.0009973358 0.009882093
0.0009989358 0.01270555
0.001000536 0.01082324
0.001002136 0.01223497
0.001003736 0.01411728
0.001005336 0.01270555
0.001006936 0.01599958
0.001008536 0.0136467
0.001010136 0.01458785
0.001011736 0.01599958
0.001013336 0.015529
0.001014936 0.0136467
0.001016536 0.01458785
0.001018136 0.015529
0.001019736 0.01411728
0.001021336 0.01411728
0.001022936 0.01411728
0.001024536 0.01270555
0.001026136 0.0117644
0.001027736 0.01223497
0.001029336 0.0117644
0.001030936 0.0117644
0.001032536 0.01129382
0.001034136 0.0117644
0.001035736 0.01082324
0.001037336 0.01129382
0.001038936 0.009411517
0.001040536 0.009411517
0.001042136 0.007529213
0.001043736 0.006588062
0.001045336 0.004235183
0.001046936 0.003764607
0.001048536 0.002352879
0.001050136 0.0004705758
0.001051736 0.0004705758
0.001053336 -0.001882303
0.001054936 -0.003294031
0.001056536 -0.00564691
0.001058136 -0.007999789
0.001059736 -0.008470365
0.001061336 -0.0117644
0.001062936 -0.01129382
0.001064536 -0.01270555
0.001066136 -0.01317612
0.001067736 -0.0136467
0.001069336 -0.0136467
0.001070936 -0.009882093
0.001072536 -0.0117644
0.001074136 -0.009411517
0.001075736 -0.009882093
0.001077336 -0.007529213
0.001078936 -0.005176334
0.001080536 -0.00564691
0.001082136 -0.003764607
0.001083736 -0.002352879
0.001085336 -0.001411728
0.001086936 -0.002823455
0.001088536 -0.0009411517
0.001090136 0.0009411517
0.001091736 0.002352879
0.001093336 0.001411728
0.001094936 0.0004705758
0.001096536 0.002352879
0.001098136 0.001882303
0.001099736 0.001882303
0.001101336 -0.0004705758
0.001102936 0.001882303
0.001104536 0.0009411517
0.001106136 0.002823455
0.001107736 0.001882303
0.001109336 0.002823455
0.001110936 0.003294031
0.001112536 0.002352879
0.001114136 0.003294031
0.001115736 0.004705758
0.001117336 0.007529213
0.001118936 0.00564691
0.001120536 0.00564691
0.001122136 0.006588062
0.001123736 0.006588062
0.001125336 0.004705758
0.001126936 0.00564691
0.001128536 0.004705758
0.001130136 0.002352879
0.001131736 0.0009411517
0.001133336 -0.0009411517
0.001134936 -0.001411728
0.001136536 -0.002352879
0.001138136 -0.00564691
0.001139736 -0.005176334
0.001141336 -0.005176334
0.001142936 -0.007529213
0.001144536 -0.006588062
0.001146136 -0.009411517
0.001147736 -0.007999789
0.001149336 -0.007999789
0.001150936 -0.006117486
0.001152536 -0.007058638
0.001154136 -0.007058638
0.001155736 -0.005176334
0.001157336 -0.006588062
0.001158936 -0.006588062
0.001160536 -0.006588062
0.001162136 -0.00564691
0.001163736 -0.00564691
0.001165336 -0.004705758
0.001166936 -0.005176334
0.001168536 -0.00564691
0.001170136 -0.005176334
0.001171736 -0.00564691
0.001173336 -0.00564691
0.001174936 -0.006117486
0.001176536 -0.004705758
0.001178136 -0.00564691
0.001179736 -0.006117486
0.001181336 -0.007999789
0.001182936 -0.007529213
0.001184536 -0.009411517
0.001186136 -0.009411517
0.001187736 -0.01223497
0.001189336 -0.01223497
0.001190936 -0.01458785
0.001192536 -0.01505843
0.001194136 -0.01882303
0.001195736 -0.01882303
0.001197336 -0.01882303
0.001198936 -0.02117591
0.001200536 -0.02399937
0.001202136 -0.02635225
0.001203736 -0.02776397
0.001205336 -0.0291757
0.001206936 -0.02964628
0.001208536 -0.0291757
0.001210136 -0.03058743
0.001211736 -0.03058743
0.001213336 -0.03105801
0.001214936 -0.03058743
0.001216536 -0.03058743
0.001218136 -0.03105801
0.001219736 -0.03294031
0.001221336 -0.03058743
0.001222936 -0.03058743
0.001224536 -0.03105801
0.001226136 -0.03105801
0.001227736 -0.03058743
0.001229336 -0.02823455
0.001230936 -0.02964628
0.001232536 -0.02776397
0.001234136 -0.0291757
0.001235736 -0.02776397
0.001237336 -0.0272934
0.001238936 -0.0272934
0.001240536 -0.02823455
0.001242136 -0.0272934
0.001243736 -0.02823455
0.001245336 -0.02870513
0.001246936 -0.0272934
0.001248536 -0.0272934
0.001250136 -0.0291757
0.001251736 -0.02635225
0.001253336 -0.02823455
0.001254936 -0.02823455
0.001256536 -0.02870513
0.001258136 -0.02823455
0.001259736 -0.02823455
0.001261336 -0.0272934
0.001262936 -0.0272934
0.001264536 -0.0272934
0.001266136 -0.02494052
0.001267736 -0.02682282
0.001269336 -0.02446994
0.001270936 -0.02446994
0.001272536 -0.02399937
0.001274136 -0.02164649
0.001275736 -0.01976419
0.001277336 -0.02023476
0.001278936 -0.02023476
0.001280536 -0.01929361
0.001282136 -0.01929361
0.001283736 -0.01741131
0.001285336 -0.01694073
0.001286936 -0.01741131
0.001288536 -0.01411728
0.001290136 -0.01599958
0.001291736 -0.01411728
0.001293336 -0.0117644
0.001294936 -0.009882093
0.001296536 -0.009411517
0.001298136 -0.01082324
0.001299736 -0.007999789
0.001301336 -0.007999789
0.001302936 -0.007999789
0.001304536 -0.006588062
0.001306136 -0.005176334
0.001307736 -0.006588062
0.001309336 -0.007058638
0.001310936 -0.007058638
0.001312536 -0.006117486
0.001314136 -0.007058638
0.001315736 -0.009882093
0.001317336 -0.008940941
0.001318936 -0.01082324
0.001320536 -0.01082324
0.001322136 -0.01082324
0.001323736 -0.009411517
0.001325336 -0.01129382
0.001326936 -0.01129382
0.001328536 -0.0117644
0.001330136 -0.01082324
0.001331736 -0.01129382
0.001333336 -0.01129382
0.001334936 -0.01129382
0.001336536 -0.01035267
0.001338136 -0.0117644
0.001339736 -0.0117644
0.001341336 -0.01223497
0.001342936 -0.0117644
0.001344536 -0.01223497
0.001346136 -0.01223497
0.001347736 -0.01458785
0.001349336 -0.01270555
0.001350936 -0.01505843
0.001352536 -0.015529
0.001354136 -0.01599958
0.001355736 -0.01741131
0.001357336 -0.01694073
0.001358936 -0.01882303
0.001360536 -0.02164649
0.001362136 -0.02399937
0.001363736 -0.02305822
0.001365336 -0.0254111
0.001366936 -0.02635225
0.001368536 -0.02870513
0.001370136 -0.03105801
0.001371736 -0.03058743
0.001373336 -0.03294031
0.001374936 -0.03152858
0.001376536 -0.03341088
0.001378136 -0.03294031
0.001379736 -0.03576376
0.001381336 -0.03482261
0.001382936 -0.03341088
0.001384536 -0.03529319
0.001386136 -0.03388146
0.001387736 -0.03435204
0.001389336 -0.03435204
0.001390936 -0.03341088
0.001392536 -0.03341088
0.001394136 -0.03341088
0.001395736 -0.03152858
0.001397336 -0.03246973
0.001398936 -0.03199916
0.001400536 -0.03152858
0.001402136 -0.03199916
0.001403736 -0.0291757
0.001405336 -0.03011685
0.001406936 -0.0272934
0.001408536 -0.0254111
0.001410136 -0.02211706
0.001411736 -0.02164649
0.001413336 -0.01929361
0.001414936 -0.01647015
0.001416536 -0.01458785
0.001418136 -0.01458785
0.001419736 -0.01223497
0.001421336 -0.009411517
0.001422936 -0.008940941
0.001424536 -0.008470365
0.001426136 -0.008940941
0.001427736 -0.007999789
0.001429336 -0.009882093
0.001430936 -0.008940941
0.001432536 -0.0117644
0.001434136 -0.01223497
0.001435736 -0.01505843
0.001437336 -0.01599958
0.001438936 -0.01647015
0.001440536 -0.02023476
0.001442136 -0.02258764
0.001443736 -0.02399937
0.001445336 -0.02588167
0.001446936 -0.02870513
0.001448536 -0.02964628
0.001450136 -0.03105801
0.001451736 -0.03341088
0.001453336 -0.03199916
0.001454936 -0.03294031
0.001456536 -0.03529319
0.001458136 -0.03435204
0.001459736 -0.03529319
0.001461336 -0.03623434
0.001462936 -0.03623434
0.001464536 -0.03576376
0.001466136 -0.03482261
0.001467736 -0.03529319
0.001469336 -0.03246973
0.001470936 -0.03199916
0.001472536 -0.03199916
0.001474136 -0.03011685
0.001475736 -0.03011685
0.001477336 -0.0272934
0.001478936 -0.02682282
0.001480536 -0.0254111
0.001482136 -0.0254111
0.001483736 -0.02399937
0.001485336 -0.02352879
0.001486936 -0.02399937
0.001488536 -0.02352879
0.001490136 -0.02305822
0.001491736 -0.02399937
0.001493336 -0.02494052
0.001494936 -0.0254111
0.001496536 -0.02446994
0.001498136 -0.02588167
0.001499736 -0.02635225
0.001501336 -0.02823455
0.001502936 -0.02682282
0.001504536 -0.02823455
0.001506136 -0.02682282
0.001507736 -0.0291757
0.001509336 -0.02823455
0.001510936 -0.02776397
0.001512536 -0.02682282
0.001514136 -0.02682282
0.001515736 -0.02494052
0.001517336 -0.02399937
0.001518936 -0.02211706
0.001520536 -0.02352879
0.001522136 -0.02117591
0.001523736 -0.02164649
0.001525336 -0.01741131
0.001526936 -0.01599958
0.001528536 -0.01599958
0.001530136 -0.0136467
0.001531736 -0.01317612
0.001533336 -0.0117644
0.001534936 -0.01129382
0.001536536 -0.01082324
0.001538136 -0.009411517
0.001539736 -0.01129382
0.001541336 -0.01035267
0.001542936 -0.008470365
0.001544536 -0.008940941
0.001546136 -0.01129382
0.001547736 -0.009411517
0.001549336 -0.01035267
0.001550936 -0.009411517
0.001552536 -0.01035267
0.001554136 -0.01082324
0.001555736 -0.008470365
0.001557336 -0.008940941
0.001558936 -0.009882093
0.001560536 -0.009882093
0.001562136 -0.01082324
0.001563736 -0.01035267
0.001565336 -0.01129382
0.001566936 -0.008940941
0.001568536 -0.01035267
0.001570136 -0.009882093
0.001571736 -0.008940941
0.001573336 -0.009411517
0.001574936 -0.008940941
0.001576536 -0.01082324
0.001578136 -0.008940941
0.001579736 -0.007529213
0.001581336 -0.009411517
0.001582936 -0.006588062
0.001584536 -0.007999789
0.001586136 -0.006588062
0.001587736 -0.004705758
0.001589336 -0.004705758
0.001590936 -0.002352879
0.001592536 -0.001411728
0.001594136 0
0.001595736 -0.0004705758
0.001597336 0.004705758
0.001598936 0.006588062
0.001600536 0.007999789
0.001602136 0.009411517
0.001603736 0.01223497
0.001605336 0.01647015
0.001606936 0.01788188
0.001608536 0.01929361
0.001610136 0.02117591
0.001611736 0.0254111
0.001613336 0.02588167
0.001614936 0.02588167
0.001616536 0.02823455
0.001618136 0.02823455
0.001619736 0.03058743
0.001621336 0.03011685
0.001622936 0.03152858
0.001624536 0.03058743
0.001626136 0.03294031
0.001627736 0.03294031
0.001629336 0.03199916
0.001630936 0.03152858
0.001632536 0.03058743
0.001634136 0.03199916
0.001635736 0.03058743
0.001637336 0.03058743
0.001638936 0.03011685
0.001640536 0.02964628
0.001642136 0.0291757
0.001643736 0.02823455
0.001645336 0.02635225
0.001646936 0.0254111
0.001648536 0.02258764
0.001650136 0.02211706
0.001651736 0.02164649
0.001653336 0.02070534
0.001654936 0.01929361
0.001656536 0.01835246
0.001658136 0.01599958
0.001659736 0.01741131
0.001661336 0.01835246
0.001662936 0.01458785
0.001664536 0.0136467
0.001666136 0.01411728
0.001667736 0.01458785
0.001669336 0.01082324
0.001670936 0.01270555
0.001672536 0.01270555
0.001674136 0.01035267
0.001675736 0.009411517
0.001677336 0.009411517
0.001678936 0.008470365
0.001680536 0.007058638
0.001682136 0.00564691
0.001683736 0.005176334
0.001685336 0.00564691
0.001686936 0.003764607
0.001688536 0.002823455
0.001690136 0.0009411517
0.001691736 0.001411728
0.001693336 0.0009411517
0.001694936 0.002823455
0.001696536 0.002352879
0.001698136 0.002823455
0.001699736 0.002352879
0.001701336 0.004705758
0.001702936 0.00564691
0.001704536 0.006588062
0.001706136 0.009411517
0.001707736 0.009882093
0.001709336 0.009882093
0.001710936 0.01082324
0.001712536 0.01317612
0.001714136 0.0136467
0.001715736 0.01599958
0.001717336 0.01599958
0.001718936 0.01599958
0.001720536 0.01647015
0.001722136 0.015529
0.001723736 0.015529
0.001725336 0.01599958
0.001726936 0.015529
0.001728536 0.015529
0.001730136 0.01505843
0.001731736 0.01270555
0.001733336 0.01129382
0.001734936 0.01129382
0.001736536 0.0117644
0.001738136 0.01270555
0.001739736 0.0117644
0.001741336 0.009882093
0.001742936 0.009882093
0.001744536 0.009411517
0.001746136 0.009882093
0.001747736 0.008470365
0.001749336 0.009411517
0.001750936 0.008940941
0.001752536 0.007999789
0.001754136 0.007999789
0.001755736 0.01035267
0.001757336 0.007999789
0.001758936 0.007529213
0.001760536 0.008470365
0.001762136 0.009411517
0.001763736 0.009882093
0.001765336 0.01082324
0.001766936 0.01035267
0.001768536 0.009882093
0.001770136 0.009411517
0.001771736 0.008470365
0.001773336 0.007529213
0.001774936 0.008470365
0.001776536 0.00564691
0.001778136 0.00564691
0.001779736 0.003764607
0.001781336 0.002352879
0.001782936 -0.001882303
0.001784536 -0.002352879
0.001786136 -0.002823455
0.001787736 -0.003764607
0.001789336 -0.006588062
0.001790936 -0.007058638
0.001792536 -0.008470365
0.001794136 -0.006588062
0.001795736 -0.008470365
0.001797336 -0.008940941
0.001798936 -0.006117486
0.001800536 -0.007999789
0.001802136 -0.007999789
0.001803736 -0.006117486
0.001805336 -0.00564691
0.001806936 -0.006117486
0.001808536 -0.00564691
0.001810136 -0.005176334
0.001811736 -0.004235183
0.001813336 -0.004705758
0.001814936 -0.004235183
0.001816536 -0.00564691
0.001818136 -0.00564691
0.001819736 -0.004235183
0.001821336 -0.006117486
0.001822936 -0.00564691
0.001824536 -0.00564691
0.001826136 -0.006117486
0.001827736 -0.006588062
0.001829336 -0.007058638
0.001830936 -0.006588062
0.001832536 -0.006588062
0.001834136 -0.008940941
0.001835736 -0.007529213
0.001837336 -0.005176334
0.001838936 -0.005176334
0.001840536 -0.006588062
0.001842136 -0.004705758
0.001843736 -0.003764607
0.001845336 -0.001882303
0.001846936 0.0004705758
0.001848536 0.0004705758
0.001850136 0.0009411517
0.001851736 0.002352879
0.001853336 0.005176334
0.001854936 0.003764607
0.001856536 0.00564691
0.001858136 0.006588062
0.001859736 0.00564691
0.001861336 0.007999789
0.001862936 0.007999789
0.001864536 0.007529213
0.001866136 0.008470365
0.001867736 0.007529213
0.001869336 0.007999789
0.001870936 0.008470365
0.001872536 0.006588062
0.001874136 0.007058638
0.001875736 0.007529213
0.001877336 0.005176334
0.001878936 0.004705758
0.001880536 0.006588062
0.001882136 0.004235183
0.001883736 0.005176334
0.001885336 0.005176334
0.001886936 0.003764607
0.001888536 0.002823455
0.001890136 0.003294031
0.001891736 0.003294031
0.001893336 0.002352879
0.001894936 0.003764607
0.001896536 0.001411728
0.001898136 0.002352879
0.001899736 0.0009411517
0.001901336 0
0.001902936 -0.0004705758
0.001904536 -0.0009411517
0.001906136 -0.001411728
0.001907736 -0.0009411517
0.001909336 -0.004705758
0.001910936 -0.004235183
0.001912536 -0.00564691
0.001914136 -0.005176334
0.001915736 -0.00564691
0.001917336 -0.006588062
0.001918936 -0.007058638
0.001920536 -0.006588062
0.001922136 -0.007058638
0.001923736 -0.007058638
0.001925336 -0.00564691
0.001926936 -0.006588062
0.001928536 -0.00564691
0.001930136 -0.005176334
0.001931736 -0.005176334
0.001933336 -0.004705758
0.001934936 -0.002352879
0.001936536 -0.002352879
0.001938136 -0.002823455
0.001939736 -0.0004705758
0.001941336 0.0009411517
0.001942936 0.002352879
0.001944536 0.003294031
0.001946136 0.005176334
0.001947736 0.004235183
0.001949336 0.008940941
0.001950936 0.006588062
0.001952536 0.007058638
0.001954136 0.008940941
0.001955736 0.01129382
0.001957336 0.0117644
0.001958936 0.01458785
0.001960536 0.015529
0.001962136 0.01647015
0.001963736 0.01835246
0.001965336 0.01976419
0.001966936 0.01976419
0.001968536 0.02023476
0.001970136 0.02023476
0.001971736 0.02023476
0.001973336 0.02164649
0.001974936 0.01929361
0.001976536 0.01976419
0.001978136 0.01741131
0.001979736 0.01741131
0.001981336 0.015529
0.001982936 0.01505843
0.001984536 0.0136467
0.001986136 0.01082324
0.001987736 0.009882093
0.001989336 0.008470365
0.001990936 0.007058638
0.001992536 0.00564691
0.001994136 0.00564691
0.001995736 0.001882303
0.001997336 0.002352879
0.001998936 0.0009411517
0.002000536 -0.001411728
0.002002136 0.002352879
0.002003736 0
0.002005336 -0.0004705758
0.002006936 -0.0004705758
0.002008536 -0.001882303
0.002010136 0
0.002011736 -0.002352879
0.002013336 -0.001411728
0.002014936 -0.001411728
0.002016536 0
0.002018136 -0.0009411517
0.002019736 0
0.002021336 -0.0009411517
0.002022936 0.0004705758
0.002024536 0.0009411517
0.002026136 0
0.002027736 0.001411728
0.002029336 0.002823455
0.002030936 0.001882303
0.002032536 0.003294031
0.002034136 0.002823455
0.002035736 0.003294031
0.002037336 0.003764607
0.002038936 0.003764607
0.002040536 0.002823455
0.002042136 0.003294031
0.002043736 0.002823455
0.002045336 0.005176334
0.002046936 0.003294031
0.002048536 0.004235183
0.002050136 0.005176334
0.002051736 0.00564691
0.002053336 0.006588062
0.002054936 0.007058638
0.002056536 0.007529213
0.002058136 0.007529213
0.002059736 0.007529213
0.002061336 0.008470365
0.002062936 0.01035267
0.002064536 0.01129382
0.002066136 0.0117644
0.002067736 0.0117644
0.002069336 0.01129382
0.002070936 0.01082324
0.002072536 0.01411728
0.002074136 0.01223497
0.002075736 0.01270555
0.002077336 0.0136467
0.002078936 0.015529
0.002080536 0.01270555
0.002082136 0.01317612
0.002083736 0.01270555
0.002085336 0.0136467
0.002086936 0.01317612
0.002088536 0.01458785
0.002090136 0.01411728
0.002091736 0.01270555
0.002093336 0.01458785
0.002094936 0.01458785
0.002096536 0.01317612
0.002098136 0.01458785
0.002099736 0.01505843
0.002101336 0.01317612
0.002102936 0.0136467
0.002104536 0.01317612
0.002106136 0.01458785
0.002107736 0.01223497
0.002109336 0.0136467
0.002110936 0.01270555
0.002112536 0.0136467
0.002114136 0.0117644
0.002115736 0.01223497
0.002117336 0.01129382
0.002118936 0.01082324
0.002120536 0.01035267
0.002122136 0.01082324
0.002123736 0.01035267
0.002125336 0.009411517
0.002126936 0.008470365
0.002128536 0.008940941
0.002130136 0.007529213
0.002131736 0.007999789
0.002133336 0.007058638
0.002134936 0.007058638
0.002136536 0.007529213
0.002138136 0.005176334
0.002139736 0.004705758
0.002141336 0.004235183
0.002142936 0.003764607
0.002144536 0.004235183
0.002146136 0.001411728
0.002147736 0.003764607
0.002149336 0.001882303
0.002150936 0.0004705758
0.002152536 0.002823455
0.002154136 0
0.002155736 0.001882303
0.002157336 0.0004705758
0.002158936 -0.0004705758
0.002160536 -0.0004705758
0.002162136 -0.001411728
0.002163736 -0.0009411517
0.002165336 -0.003294031
0.002166936 -0.001411728
0.002168536 -0.003764607
0.002170136 -0.002352879
0.002171736 -0.002823455
0.002173336 -0.004235183
0.002174936 -0.003764607
0.002176536 -0.005176334
0.002178136 -0.006588062
0.002179736 -0.006588062
0.002181336 -0.007999789
0.002182936 -0.00564691
0.002184536 -0.006117486
0.002186136 -0.007058638
0.002187736 -0.00564691
0.002189336 -0.006588062
0.002190936 -0.007058638
0.002192536 -0.006117486
0.002194136 -0.004705758
0.002195736 -0.004705758
0.002197336 -0.004705758
0.002198936 -0.003764607
0.002200536 -0.004705758
0.002202136 -0.003294031
0.002203736 -0.002823455
0.002205336 -0.004235183
0.002206936 -0.002823455
0.002208536 -0.003764607
0.002210136 -0.004235183
0.002211736 -0.004235183
0.002213336 -0.001882303
0.002214936 -0.004705758
0.002216536 -0.001882303
0.002218136 -0.002352879
0.002219736 -0.001411728
0.002221336 -0.002352879
0.002222936 -0.001411728
0.002224536 -0.001411728
0.002226136 -0.002352879
0.002227736 -0.0009411517
0.002229336 0
0.002230936 -0.001411728
0.002232536 0
0.002234136 -0.0004705758
0.002235736 -0.0009411517
0.002237336 -0.002823455
0.002238936 0
0.002240536 0
0.002242136 0
0.002243736 -0.001882303
0.002245336 -0.0009411517
0.002246936 -0.001882303
0.002248536 -0.002352879
0.002250136 -0.002352879
0.002251736 -0.003294031
0.002253336 -0.00564691
0.002254936 -0.006117486
0.002256536 -0.007058638
0.002258136 -0.007058638
0.002259736 -0.007999789
0.002261336 -0.008940941
0.002262936 -0.008940941
0.002264536 -0.01035267
0.002266136 -0.0117644
0.002267736 -0.01223497
0.002269336 -0.01223497
0.002270936 -0.01270555
0.002272536 -0.01411728
0.002274136 -0.01411728
0.002275736 -0.01458785
0.002277336 -0.01270555
0.002278936 -0.01411728
0.002280536 -0.0136467
0.002282136 -0.01505843
0.002283736 -0.01317612
0.002285336 -0.0136467
0.002286936 -0.01223497
0.002288536 -0.0136467
0.002290136 -0.015529
0.002291736 -0.01458785
0.002293336 -0.01411728
0.002294936 -0.015529
0.002296536 -0.01599958
0.002298136 -0.01694073
0.002299736 -0.01599958
0.002301336 -0.01929361
0.002302936 -0.01882303
0.002304536 -0.01976419
0.002306136 -0.02070534
0.002307736 -0.02117591
0.002309336 -0.02211706
0.002310936 -0.01976419
0.002312536 -0.02211706
0.002314136 -0.02211706
0.002315736 -0.02305822
0.002317336 -0.02211706
0.002318936 -0.02305822
0.002320536 -0.02446994
0.002322136 -0.02305822
0.002323736 -0.02399937
0.002325336 -0.02446994
0.002326936 -0.02352879
0.002328536 -0.02446994
0.002330136 -0.02446994
0.002331736 -0.02588167
0.002333336 -0.02588167
0.002334936 -0.02588167
0.002336536 -0.02588167
0.002338136 -0.02588167
0.002339736 -0.02823455
0.002341336 -0.0254111
0.002342936 -0.02823455
0.002344536 -0.02635225
0.002346136 -0.0254111
0.002347736 -0.02588167
0.002349336 -0.02588167
0.002350936 -0.02494052
0.002352536 -0.02399937
0.002354136 -0.02258764
0.002355736 -0.0254111
0.002357336 -0.02399937
0.002358936 -0.02258764
0.002360536 -0.02117591
0.002362136 -0.01882303
0.002363736 -0.01788188
0.002365336 -0.02164649
0.002366936 -0.01835246
0.002368536 -0.01882303
0.002370136 -0.01599958
0.002371736 -0.01741131
0.002373336 -0.01647015
0.002374936 -0.01458785
0.002376536 -0.0136467
0.002378136 -0.01458785
0.002379736 -0.01270555
0.002381336 -0.01270555
0.002382936 -0.01129382
0.002384536 -0.0136467
0.002386136 -0.01129382
0.002387736 -0.01129382
0.002389336 -0.01035267
0.002390936 -0.01223497
0.002392536 -0.01129382
0.002394136 -0.01317612
0.002395736 -0.0117644
0.002397336 -0.01317612
0.002398936 -0.01270555
0.002400536 -0.0136467
0.002402136 -0.01317612
0.002403736 -0.01458785
0.002405336 -0.0136467
0.002406936 -0.01317612
0.002408536 -0.0117644
0.002410136 -0.01082324
0.002411736 -0.0117644
0.002413336 -0.01035267
0.002414936 -0.01082324
0.002416536 -0.009411517
0.002418136 -0.008470365
0.002419736 -0.006588062
0.002421336 -0.007529213
0.002422936 -0.00564691
0.002424536 -0.003764607
0.002426136 -0.003294031
0.002427736 -0.001411728
0.002429336 -0.001411728
0.002430936 -0.002823455
0.002432536 -0.002352879
0.002434136 0.001882303
0.002435736 0
0.002437336 0
0.002438936 -0.0004705758
0.002440536 0.0004705758
0.002442136 0.0009411517
0.002443736 -0.0004705758
0.002445336 0.0004705758
0.002446936 0.0004705758
0.002448536 0.0009411517
0.002450136 -0.0009411517
0.002451736 -0.0009411517
0.002453336 0.0004705758
0.002454936 -0.0009411517
0.002456536 0.0004705758
0.002458136 0.0004705758
0.002459736 0.002352879
0.002461336 0.002823455
0.002462936 0.001411728
0.002464536 0.006117486
0.002466136 0.005176334
0.002467736 0.009411517
0.002469336 0.009411517
0.002470936 0.009882093
0.002472536 0.008940941
0.002474136 0.01035267
0.002475736 0.01411728
0.002477336 0.01270555
0.002478936 0.01129382
0.002480536 0.01223497
0.002482136 0.01317612
0.002483736 0.01317612
0.002485336 0.01270555
0.002486936 0.01082324
0.002488536 0.0117644
0.002490136 0.01035267
0.002491736 0.01035267
0.002493336 0.009882093
0.002494936 0.008940941
0.002496536 0.009882093
0.002498136 0.009411517
0.002499736 0.007999789
0.002501336 0.008940941
0.002502936 0.008940941
0.002504536 0.009882093
0.002506136 0.009411517
0.002507736 0.009411517
0.002509336 0.01082324
0.002510936 0.01129382
0.002512536 0.01223497
0.002514136 0.01035267
0.002515736 0.0117644
0.002517336 0.01270555
0.002518936 0.01270555
0.002520536 0.01223497
0.002522136 0.01458785
0.002523736 0.01270555
0.002525336 0.01411728
0.002526936 0.01458785
0.002528536 0.01411728
0.002530136 0.01599958
0.002531736 0.015529
0.002533336 0.01599958
0.002534936 0.01647015
0.002536536 0.015529
0.002538136 0.01647015
0.002539736 0.0136467
0.002541336 0.015529
0.002542936 0.01411728
0.002544536 0.01458785
0.002546136 0.01458785
0.002547736 0.01317612
0.002549336 0.0136467
0.002550936 0.0136467
0.002552536 0.01317612
0.002554136 0.0117644
0.002555736 0.0117644
0.002557336 0.01129382
0.002558936 0.0117644
0.002560536 0.0117644
0.002562136 0.01035267
0.002563736 0.01082324
0.002565336 0.01082324
0.002566936 0.01035267
0.002568536 0.01270555
0.002570136 0.01035267
0.002571736 0.01082324
0.002573336 0.009411517
0.002574936 0.009882093
0.002576536 0.007058638
0.002578136 0.007529213
0.002579736 0.006117486
0.002581336 0.005176334
0.002582936 0.003294031
0.002584536 0.001411728
0.002586136 0.002823455
0.002587736 0.001411728
0.002589336 0.0004705758
0.002590936 0.0009411517
0.002592536 -0.0009411517
0.002594136 -0.001882303
0.002595736 -0.001411728
0.002597336 -0.0004705758
0.002598936 -0.002352879
0.002600536 -0.004235183
0.002602136 -0.002823455
0.002603736 -0.004235183
0.002605336 -0.003764607
0.002606936 -0.002352879
0.002608536 -0.006117486
0.002610136 -0.002823455
0.002611736 -0.00564691
0.002613336 -0.004235183
0.002614936 -0.00564691
0.002616536 -0.00564691
0.002618136 -0.006117486
0.002619736 -0.00564691
0.002621336 -0.007999789
0.002622936 -0.007058638
0.002624536 -0.007058638
0.002626136 -0.009882093
0.002627736 -0.009882093
0.002629336 -0.0117644
0.002630936 -0.01270555
0.002632536 -0.0136467
0.002634136 -0.01647015
0.002635736 -0.01599958
0.002637336 -0.01694073
0.002638936 -0.01835246
0.002640536 -0.01835246
0.002642136 -0.01835246
0.002643736 -0.02117591
0.002645336 -0.02117591
0.002646936 -0.02258764
0.002648536 -0.02399937
0.002650136 -0.02352879
0.002651736 -0.02399937
0.002653336 -0.02588167
0.002654936 -0.02635225
0.002656536 -0.0272934
0.002658136 -0.0272934
0.002659736 -0.02776397
0.002661336 -0.02823455
0.002662936 -0.03058743
0.002664536 -0.02682282
0.002666136 -0.03011685
0.002667736 -0.02776397
0.002669336 -0.03011685
0.002670936 -0.02823455
0.002672536 -0.03011685
0.002674136 -0.03105801
0.002675736 -0.02964628
0.002677336 -0.02776397
0.002678936 -0.0291757
0.002680536 -0.03058743
0.002682136 -0.03058743
0.002683736 -0.02823455
0.002685336 -0.03105801
0.002686936 -0.0291757
0.002688536 -0.03105801
0.002690136 -0.02964628
0.002691736 -0.03058743
0.002693336 -0.03011685
0.002694936 -0.03011685
0.002696536 -0.03011685
0.002698136 -0.03294031
0.002699736 -0.03058743
0.002701336 -0.03246973
0.002702936 -0.03058743
0.002704536 -0.03058743
0.002706136 -0.03246973
0.002707736 -0.03152858
0.002709336 -0.03152858
0.002710936 -0.03105801
0.002712536 -0.03011685
0.002714136 -0.03058743
0.002715736 -0.03011685
0.002717336 -0.0291757
0.002718936 -0.0272934
0.002720536 -0.02823455
0.002722136 -0.02870513
0.002723736 -0.0272934
0.002725336 -0.02588167
0.002726936 -0.02682282
0.002728536 -0.02635225
0.002730136 -0.02446994
0.002731736 -0.02305822
0.002733336 -0.02494052
0.002734936 -0.02117591
0.002736536 -0.02258764
0.002738136 -0.02258764
0.002739736 -0.02211706
0.002741336 -0.02211706
0.002742936 -0.02352879
0.002744536 -0.02117591
0.002746136 -0.02305822
0.002747736 -0.02117591
0.002749336 -0.02258764
0.002750936 -0.02305822
0.002752536 -0.02164649
0.002754136 -0.02164649
0.002755736 -0.02258764
0.002757336 -0.02258764
0.002758936 -0.02399937
0.002760536 -0.02258764
0.002762136 -0.02352879
0.002763736 -0.02211706
0.002765336 -0.02211706
0.002766936 -0.02211706
0.002768536 -0.02211706
0.002770136 -0.02117591
0.002771736 -0.02305822
0.002773336 -0.02023476
0.002774936 -0.02117591
0.002776536 -0.01976419
0.002778136 -0.01929361
0.002779736 -0.01835246
0.002781336 -0.01741131
0.002782936 -0.01741131
0.002784536 -0.01741131
0.002786136 -0.01599958
0.002787736 -0.015529
0.002789336 -0.015529
0.002790936 -0.01458785
0.002792536 -0.015529
0.002794136 -0.01458785
0.002795736 -0.01223497
0.002797336 -0.01411728
0.002798936 -0.01223497
0.002800536 -0.01082324
0.002802136 -0.01035267
0.002803736 -0.0117644
0.002805336 -0.007999789
0.002806936 -0.007999789
0.002808536 -0.007529213
0.002810136 -0.004705758
0.002811736 -0.006588062
0.002813336 -0.002823455
0.002814936 -0.002352879
0.002816536 -0.0004705758
0.002818136 0.001411728
0.002819736 0.002352879
0.002821336 0.002823455
0.002822936 0.003764607
0.002824536 0.004705758
0.002826136 0.007529213
0.002827736 0.006117486
0.002829336 0.007529213
0.002830936 0.009411517
0.002832536 0.009411517
0.002834136 0.01129382
0.002835736 0.01129382
0.002837336 0.0117644
0.002838936 0.01223497
0.002840536 0.015529
0.002842136 0.01317612
0.002843736 0.01270555
0.002845336 0.0117644
0.002846936 0.01270555
0.002848536 0.01270555
0.002850136 0.01223497
0.002851736 0.01035267
0.002853336 0.009882093
0.002854936 0.009411517
0.002856536 0.008470365
0.002858136 0.006588062
0.002859736 0.007529213
0.002861336 0.007999789
0.002862936 0.00564691
0.002864536 0.009882093
0.002866136 0.008470365
0.002867736 0.009411517
0.002869336 0.008940941
0.002870936 0.01082324
0.002872536 0.01035267
0.002874136 0.01082324
0.002875736 0.009882093
0.002877336 0.0117644
0.002878936 0.009882093
0.002880536 0.01223497
0.002882136 0.01082324
0.002883736 0.01129382
0.002885336 0.01035267
0.002886936 0.01082324
0.002888536 0.009882093
0.002890136 0.007529213
0.002891736 0.007999789
0.002893336 0.008470365
0.002894936 0.006588062
0.002896536 0.006117486
0.002898136 0.006117486
0.002899736 0.004705758
0.002901336 0.004705758
0.002902936 0.004235183
0.002904536 0.003294031
0.002906136 0.002352879
0.002907736 0.002823455
0.002909336 0.001411728
0.002910936 0.0009411517
0.002912536 0.001882303
0.002914136 0
0.002915736 0
0.002917336 -0.001882303
0.002918936 -0.0009411517
0.002920536 -0.001411728
0.002922136 -0.001882303
0.002923736 -0.002352879
0.002925336 -0.001411728
0.002926936 -0.003294031
0.002928536 -0.002823455
0.002930136 -0.001882303
0.002931736 -0.004235183
0.002933336 -0.004235183
0.002934936 -0.004705758
0.002936536 -0.003294031
0.002938136 -0.00564691
0.002939736 -0.004705758
0.002941336 -0.005176334
0.002942936 -0.00564691
0.002944536 -0.005176334
0.002946136 -0.00564691
0.002947736 -0.006117486
0.002949336 -0.007058638
0.002950936 -0.007529213
0.002952536 -0.007058638
0.002954136 -0.007529213
0.002955736 -0.007529213
0.002957336 -0.00564691
0.002958936 -0.007058638
0.002960536 -0.006117486
0.002962136 -0.005176334
0.002963736 -0.005176334
0.002965336 -0.004235183
0.002966936 -0.002823455
0.002968536 -0.003294031
0.002970136 -0.0009411517
0.002971736 0.0004705758
0.002973336 0
0.002974936 -0.0004705758
0.002976536 -0.0004705758
0.002978136 0.0009411517
0.002979736 0.0009411517
0.002981336 0.0004705758
0.002982936 0.0004705758
0.002984536 0
0.002986136 -0.001411728
0.002987736 -0.001411728
0.002989336 -0.002823455
0.002990936 -0.003294031
0.002992536 -0.003764607
0.002994136 -0.00564691
0.002995736 -0.00564691
0.002997336 -0.007529213
0.002998936 -0.007058638
0.003000536 -0.007999789
0.003002136 -0.007529213
0.003003736 -0.007999789
0.003005336 -0.008940941
0.003006936 -0.01035267
0.003008536 -0.008470365
0.003010136 -0.008470365
0.003011736 -0.009411517
0.003013336 -0.008470365
0.003014936 -0.008940941
0.003016536 -0.008470365
0.003018136 -0.007529213
0.003019736 -0.006588062
0.003021336 -0.007999789
0.003022936 -0.007058638
0.003024536 -0.008470365
0.003026136 -0.007058638
0.003027736 -0.007058638
0.003029336 -0.009411517
0.003030936 -0.008940941
0.003032536 -0.007999789
0.003034136 -0.007999789
0.003035736 -0.009411517
0.003037336 -0.008470365
0.003038936 -0.01035267
0.003040536 -0.01129382
0.003042136 -0.009882093
0.003043736 -0.01223497
0.003045336 -0.01223497
0.003046936 -0.01223497
0.003048536 -0.01317612
0.003050136 -0.01505843
0.003051736 -0.01458785
0.003053336 -0.01599958
0.003054936 -0.01788188
0.003056536 -0.02070534
0.003058136 -0.01647015
0.003059736 -0.02164649
0.003061336 -0.02023476
0.003062936 -0.02117591
0.003064536 -0.02211706
0.003066136 -0.02399937
0.003067736 -0.02211706
0.003069336 -0.0254111
0.003070936 -0.02446994
0.003072536 -0.02494052
0.003074136 -0.02494052
0.003075736 -0.02682282
0.003077336 -0.0254111
0.003078936 -0.02776397
0.003080536 -0.02776397
0.003082136 -0.0272934
0.003083736 -0.02776397
0.003085336 -0.02682282
0.003086936 -0.02964628
0.003088536 -0.02823455
0.003090136 -0.0272934
0.003091736 -0.02776397
0.003093336 -0.0291757
0.003094936 -0.0272934
0.003096536 -0.02682282
0.003098136 -0.02682282
0.003099736 -0.0254111
0.003101336 -0.02682282
0.003102936 -0.0254111
0.003104536 -0.02635225
0.003106136 -0.0254111
0.003107736 -0.02588167
0.003109336 -0.02446994
0.003110936 -0.0272934
0.003112536 -0.02588167
0.003114136 -0.0254111
0.003115736 -0.0254111
0.003117336 -0.0254111
0.003118936 -0.02635225
0.003120536 -0.02446994
0.003122136 -0.02494052
0.003123736 -0.02446994
0.003125336 -0.02305822
0.003126936 -0.02352879
0.003128536 -0.02399937
0.003130136 -0.02399937
0.003131736 -0.02305822
0.003133336 -0.02352879
0.003134936 -0.02070534
0.003136536 -0.02070534
0.003138136 -0.01929361
0.003139736 -0.01976419
0.003141336 -0.01929361
0.003142936 -0.01929361
0.003144536 -0.01882303
0.003146136 -0.01741131
0.003147736 -0.01741131
0.003149336 -0.01788188
0.003150936 -0.01458785
0.003152536 -0.01694073
0.003154136 -0.01741131
0.003155736 -0.01882303
0.003157336 -0.01929361
0.003158936 -0.02070534
0.003160536 -0.02023476
0.003162136 -0.02258764
0.003163736 -0.02164649
0.003165336 -0.02588167
0.003166936 -0.02399937
0.003168536 -0.02446994
0.003170136 -0.02446994
0.003171736 -0.02399937
0.003173336 -0.0254111
0.003174936 -0.02588167
0.003176536 -0.02446994
0.003178136 -0.0254111
0.003179736 -0.0254111
0.003181336 -0.02446994
0.003182936 -0.02399937
0.003184536 -0.02258764
0.003186136 -0.02305822
0.003187736 -0.02258764
0.003189336 -0.02399937
0.003190936 -0.02494052
0.003192536 -0.02070534
0.003194136 -0.02258764
0.003195736 -0.02117591
0.003197336 -0.02117591
0.003198936 -0.02117591
0.003200536 -0.02399937
0.003202136 -0.02164649
0.003203736 -0.02399937
0.003205336 -0.02305822
0.003206936 -0.0254111
0.003208536 -0.02352879
0.003210136 -0.02305822
0.003211736 -0.02164649
0.003213336 -0.02117591
0.003214936 -0.02164649
0.003216536 -0.02305822
0.003218136 -0.02164649
0.003219736 -0.02070534
0.003221336 -0.02117591
0.003222936 -0.02023476
0.003224536 -0.01976419
0.003226136 -0.02070534
0.003227736 -0.01976419
0.003229336 -0.01741131
0.003230936 -0.01976419
0.003232536 -0.01929361
0.003234136 -0.02070534
0.003235736 -0.02117591
0.003237336 -0.01882303
0.003238936 -0.01976419
0.003240536 -0.01694073
0.003242136 -0.01929361
0.003243736 -0.01788188
0.003245336 -0.01788188
0.003246936 -0.01599958
0.003248536 -0.01694073
0.003250136 -0.01741131
0.003251736 -0.01599958
0.003253336 -0.01599958
0.003254936 -0.01788188
0.003256536 -0.01741131
0.003258136 -0.01741131
0.003259736 -0.01458785
0.003261336 -0.01694073
0.003262936 -0.01647015
0.003264536 -0.01929361
0.003266136 -0.01788188
0.003267736 -0.02117591
0.003269336 -0.01788188
0.003270936 -0.02070534
0.003272536 -0.02023476
0.003274136 -0.02070534
0.003275736 -0.02070534
0.003277336 -0.02117591
0.003278936 -0.02117591
0.003280536 -0.02023476
0.003282136 -0.02023476
0.003283736 -0.02211706
0.003285336 -0.02117591
0.003286936 -0.02070534
0.003288536 -0.02023476
0.003290136 -0.02117591
0.003291736 -0.01788188
0.003293336 -0.01976419
0.003294936 -0.01741131
0.003296536 -0.01929361
0.003298136 -0.01741131
0.003299736 -0.01929361
0.003301336 -0.01788188
0.003302936 -0.015529
0.003304536 -0.01741131
0.003306136 -0.01505843
0.003307736 -0.01411728
0.003309336 -0.01505843
0.003310936 -0.0136467
0.003312536 -0.01223497
0.003314136 -0.01223497
0.003315736 -0.01082324
0.003317336 -0.009882093
0.003318936 -0.008470365
0.003320536 -0.008470365
0.003322136 -0.007529213
0.003323736 -0.008940941
0.003325336 -0.006117486
0.003326936 -0.005176334
0.003328536 -0.005176334
0.003330136 -0.003764607
0.003331736 -0.004235183
0.003333336 -0.001882303
0.003334936 -0.001411728
0.003336536 -0.001882303
0.003338136 -0.001411728
0.003339736 0
0.003341336 0.0009411517
0.003342936 0.002352879
0.003344536 0.003764607
0.003346136 0.002823455
0.003347736 0.002823455
0.003349336 0.004705758
0.003350936 0.005176334
0.003352536 0.00564691
0.003354136 0.006117486
0.003355736 0.006117486
0.003357336 0.007058638
0.003358936 0.00564691
0.003360536 0.00564691
0.003362136 0.005176334
0.003363736 0.00564691
0.003365336 0.006588062
0.003366936 0.007999789
0.003368536 0.00564691
0.003370136 0.00564691
0.003371736 0.00564691
0.003373336 0.004235183
0.003374936 0.005176334
0.003376536 0.006117486
0.003378136 0.005176334
0.003379736 0.003294031
0.003381336 0.003294031
0.003382936 0.003764607
0.003384536 0.004705758
0.003386136 0.003764607
0.003387736 0.002823455
0.003389336 0.002823455
0.003390936 0.004235183
0.003392536 0.003764607
0.003394136 0
0.003395736 0.001882303
0.003397336 0.0004705758
0.003398936 0.0009411517
0.003400536 0.0004705758
0.003402136 -0.001411728
0.003403736 -0.003294031
0.003405336 -0.0009411517
0.003406936 -0.003294031
0.003408536 -0.002823455
0.003410136 -0.001882303
0.003411736 -0.002823455
0.003413336 -0.003294031
0.003414936 -0.002823455
0.003416536 -0.003294031
0.003418136 -0.003764607
0.003419736 -0.004705758
0.003421336 -0.005176334
0.003422936 -0.004235183
0.003424536 -0.002823455
0.003426136 -0.004235183
0.003427736 -0.003294031
0.003429336 -0.002352879
0.003430936 -0.003294031
0.003432536 -0.002352879
0.003434136 -0.002352879
0.003435736 -0.001411728
0.003437336 -0.001882303
0.003438936 -0.002823455
0.003440536 -0.002352879
0.003442136 -0.002352879
0.003443736 -0.003764607
0.003445336 -0.001882303
0.003446936 -0.002823455
0.003448536 -0.003764607
0.003450136 -0.004705758
0.003451736 -0.004705758
0.003453336 -0.005176334
0.003454936 -0.007529213
0.003456536 -0.007999789
0.003458136 -0.007999789
0.003459736 -0.007999789
0.003461336 -0.009411517
0.003462936 -0.01129382
0.003464536 -0.009411517
0.003466136 -0.008470365
0.003467736 -0.007999789
0.003469336 -0.009882093
0.003470936 -0.008470365
0.003472536 -0.008940941
0.003474136 -0.007999789
0.003475736 -0.007999789
0.003477336 -0.006117486
0.003478936 -0.006117486
0.003480536 -0.007058638
0.003482136 -0.006117486
0.003483736 -0.004705758
0.003485336 -0.00564691
0.003486936 -0.004705758
0.003488536 -0.004705758
0.003490136 -0.006117486
0.003491736 -0.007058638
0.003493336 -0.006588062
0.003494936 -0.004705758
0.003496536 -0.003294031
0.003498136 -0.004235183
0.003499736 -0.006117486
0.003501336 -0.006588062
0.003502936 -0.006588062
0.003504536 -0.00564691
0.003506136 -0.004235183
0.003507736 -0.00564691
0.003509336 -0.006117486
0.003510936 -0.004705758
0.003512536 -0.005176334
0.003514136 -0.006117486
0.003515736 -0.00564691
0.003517336 -0.007529213
0.003518936 -0.007999789
0.003520536 -0.008940941
0.003522136 -0.009411517
0.003523736 -0.01082324
0.003525336 -0.0117644
0.003526936 -0.01317612
0.003528536 -0.01317612
0.003530136 -0.01505843
0.003531736 -0.01647015
0.003533336 -0.01647015
0.003534936 -0.01929361
0.003536536 -0.01694073
0.003538136 -0.01929361
0.003539736 -0.01976419
0.003541336 -0.02023476
0.003542936 -0.02258764
0.003544536 -0.02117591
0.003546136 -0.02399937
0.003547736 -0.02258764
0.003549336 -0.02164649
0.003550936 -0.02164649
0.003552536 -0.02211706
0.003554136 -0.02211706
0.003555736 -0.02211706
0.003557336 -0.01929361
0.003558936 -0.02164649
0.003560536 -0.02164649
0.003562136 -0.02023476
0.003563736 -0.02070534
0.003565336 -0.01929361
0.003566936 -0.02117591
0.003568536 -0.02070534
0.003570136 -0.01929361
0.003571736 -0.02164649
0.003573336 -0.02023476
0.003574936 -0.02117591
0.003576536 -0.02164649
0.003578136 -0.02164649
0.003579736 -0.02211706
0.003581336 -0.02305822
0.003582936 -0.02070534
0.003584536 -0.02305822
0.003586136 -0.02023476
0.003587736 -0.02211706
0.003589336 -0.01976419
0.003590936 -0.02211706
0.003592536 -0.01976419
0.003594136 -0.02070534
0.003595736 -0.01694073
0.003597336 -0.01647015
0.003598936 -0.01411728
0.003600536 -0.01647015
0.003602136 -0.01411728
0.003603736 -0.01411728
0.003605336 -0.0117644
0.003606936 -0.0117644
0.003608536 -0.009882093
0.003610136 -0.01035267
0.003611736 -0.007999789
0.003613336 -0.008470365
0.003614936 -0.007058638
0.003616536 -0.003764607
0.003618136 -0.005176334
0.003619736 -0.004235183
0.003621336 -0.002352879
0.003622936 -0.001411728
0.003624536 -0.001411728
0.003626136 0.0004705758
0.003627736 0.001411728
0.003629336 0.0004705758
0.003630936 0.002823455
0.003632536 0.001882303
0.003634136 0.001411728
0.003635736 0.004235183
0.003637336 0.004235183
0.003638936 0.004235183
0.003640536 0.004235183
0.003642136 0.004705758
0.003643736 0.004705758
0.003645336 0.004235183
0.003646936 0.004235183
0.003648536 0.005176334
0.003650136 0.006117486
0.003651736 0.005176334
0.003653336 0.00564691
0.003654936 0.005176334
0.003656536 0.005176334
0.003658136 0.006588062
0.003659736 0.005176334
0.003661336 0.007058638
0.003662936 0.003764607
0.003664536 0.005176334
0.003666136 0.003764607
0.003667736 0.00564691
0.003669336 0.005176334
0.003670936 0.004235183
0.003672536 0.00564691
0.003674136 0.004705758
0.003675736 0.003294031
0.003677336 0.003294031
0.003678936 0.003764607
0.003680536 0.003294031
0.003682136 0.004705758
0.003683736 0.00564691
0.003685336 0.003294031
0.003686936 0.005176334
0.003688536 0.001411728
0.003690136 0.001882303
0.003691736 0.002352879
0.003693336 0.001411728
0.003694936 0.001411728
0.003696536 -0.001411728
0.003698136 0.001411728
0.003699736 -0.0004705758
0.003701336 0.0004705758
0.003702936 -0.0004705758
0.003704536 -0.0004705758
0.003706136 0.0009411517
0.003707736 -0.0009411517
0.003709336 0.0009411517
0.003710936 0.0004705758
0.003712536 0
0.003714136 0
0.003715736 0
0.003717336 0.0004705758
0.003718936 0.001882303
0.003720536 0.002823455
0.003722136 0.002823455
0.003723736 0.001411728
0.003725336 0.003294031
0.003726936 0.003764607
0.003728536 0.003764607
0.003730136 0.005176334
0.003731736 0.006117486
0.003733336 0.006588062
0.003734936 0.007058638
0.003736536 0.007529213
0.003738136 0.008470365
0.003739736 0.009411517
0.003741336 0.007058638
0.003742936 0.009882093
0.003744536 0.009411517
0.003746136 0.01035267
0.003747736 0.01035267
0.003749336 0.01082324
0.003750936 0.01129382
0.003752536 0.01129382
0.003754136 0.0117644
0.003755736 0.01270555
0.003757336 0.01223497
0.003758936 0.01223497
0.003760536 0.01223497
0.003762136 0.01270555
0.003763736 0.01411728
0.003765336 0.015529
0.003766936 0.01270555
0.003768536 0.01411728
0.003770136 0.0136467
0.003771736 0.01505843
0.003773336 0.01788188
0.003774936 0.01411728
0.003776536 0.015529
0.003778136 0.01458785
0.003779736 0.01505843
0.003781336 0.01599958
0.003782936 0.01458785
0.003784536 0.0136467
0.003786136 0.01458785
0.003787736 0.01317612
0.003789336 0.01129382
0.003790936 0.01270555
0.003792536 0.01270555
0.003794136 0.009411517
0.003795736 0.007999789
0.003797336 0.007058638
0.003798936 0.006117486
0.003800536 0.004235183
0.003802136 0.00564691
0.003803736 0.001882303
0.003805336 0.002823455
0.003806936 0.001882303
0.003808536 0.001411728
0.003810136 0.0004705758
0.003811736 0.0004705758
0.003813336 0.0009411517
0.003814936 -0.0009411517
0.003816536 -0.0009411517
0.003818136 -0.0004705758
0.003819736 0
0.003821336 0
0.003822936 0.0004705758
0.003824536 0.001411728
0.003826136 0.001882303
0.003827736 0.001882303
0.003829336 0.002352879
0.003830936 0.002352879
0.003832536 0.003764607
0.003834136 0.002823455
0.003835736 0.003764607
0.003837336 0.005176334
0.003838936 0.004705758
0.003840536 0.00564691
0.003842136 0.005176334
0.003843736 0.004235183
0.003845336 0.006117486
0.003846936 0.005176334
0.003848536 0.005176334
0.003850136 0.007058638
0.003851736 0.006588062
0.003853336 0.006117486
0.003854936 0.006588062
0.003856536 0.007529213
0.003858136 0.00564691
0.003859736 0.008470365
0.003861336 0.007999789
0.003862936 0.007058638
0.003864536 0.00564691
0.003866136 0.005176334
0.003867736 0.00564691
0.003869336 0.005176334
0.003870936 0.004705758
0.003872536 0.002352879
0.003874136 0.002352879
0.003875736 0.002823455
0.003877336 -0.0004705758
0.003878936 0.0009411517
0.003880536 0.0004705758
0.003882136 0
0.003883736 0
0.003885336 -0.001882303
0.003886936 -0.0009411517
0.003888536 -0.001882303
0.003890136 -0.001882303
0.003891736 -0.002823455
0.003893336 -0.001882303
0.003894936 -0.003294031
0.003896536 -0.003764607
0.003898136 -0.002352879
0.003899736 -0.003764607
0.003901336 -0.002352879
0.003902936 -0.002823455
0.003904536 -0.003764607
0.003906136 -0.002823455
0.003907736 -0.004705758
0.003909336 -0.003294031
0.003910936 -0.002352879
0.003912536 -0.001882303
0.003914136 -0.003764607
0.003915736 -0.002823455
0.003917336 -0.0004705758
0.003918936 -0.001411728
0.003920536 -0.002352879
0.003922136 -0.002352879
0.003923736 -0.0009411517
0.003925336 -0.0009411517
0.003926936 -0.001882303
0.003928536 -0.0009411517
0.003930136 -0.001411728
0.003931736 0.0004705758
0.003933336 0
0.003934936 0.001882303
0.003936536 -0.0009411517
0.003938136 0.001411728
0.003939736 0.001411728
0.003941336 0
0.003942936 0.0009411517
0.003944536 0.001411728
0.003946136 0.002823455
0.003947736 0.001411728
0.003949336 0.001411728
0.003950936 0.001411728
0.003952536 0.004705758
0.003954136 0
0.003955736 0.001882303
0.003957336 0.001882303
0.003958936 0.002352879
0.003960536 0.002352879
0.003962136 0.0009411517
0.003963736 0.0009411517
0.003965336 0.0004705758
0.003966936 0.0004705758
0.003968536 0.001882303
0.003970136 0.0004705758
0.003971736 0.002352879
0.003973336 0
0.003974936 0.0009411517
0.003976536 0.0009411517
0.003978136 0.0004705758
0.003979736 0.001411728
0.003981336 0.002352879
0.003982936 0.001882303
0.003984536 0.0009411517
0.003986136 0.002352879
0.003987736 0.002823455
0.003989336 0.001411728
0.003990936 0.002352879
0.003992536 0.002823455
0.003994136 0.002823455
0.003995736 0.002823455
0.003997336 0.004705758
0.003998936 0.005176334
0.004000536 0.003764607
0.004002136 0.006588062
0.004003736 0.006117486
0.004005336 0.008940941
0.004006936 0.007058638
0.004008536 0.007999789
0.004010136 0.007999789
0.004011736 0.007058638
0.004013336 0.007999789
0.004014936 0.008470365
0.004016536 0.008940941
0.004018136 0.007058638
0.004019736 0.007529213
0.004021336 0.007058638
0.004022936 0.006117486
0.004024536 0.007529213
0.004026136 0.00564691
0.004027736 0.006588062
0.004029336 0.00564691
0.004030936 0.004235183
0.004032536 0.004235183
0.004034136 0.002823455
0.004035736 0.002352879
0.004037336 0.002352879
0.004038936 0.002352879
0.004040536 0.002352879
0.004042136 0.001411728
0.004043736 0.002352879
0.004045336 0.0009411517
0.004046936 -0.0009411517
0.004048536 0
0.004050136 0
0.004051736 0.0009411517
0.004053336 0.0009411517
0.004054936 -0.0009411517
0.004056536 0.0004705758
0.004058136 0.0004705758
0.004059736 -0.0009411517
0.004061336 -0.001882303
0.004062936 -0.003764607
0.004064536 -0.002823455
0.004066136 -0.002823455
0.004067736 -0.002352879
0.004069336 -0.004235183
0.004070936 -0.003294031
0.004072536 -0.003764607
0.004074136 -0.004705758
0.004075736 -0.004705758
0.004077336 -0.004705758
0.004078936 -0.005176334
0.004080536 -0.00564691
0.004082136 -0.004235183
0.004083736 -0.003294031
0.004085336 -0.004705758
0.004086936 -0.004705758
0.004088536 -0.007058638
0.004090136 -0.006588062
0.004091736 -0.005176334
0.004093336 -0.006117486
0.004094936 -0.00564691
0.004096536 -0.005176334
0.004098136 -0.004705758
0.004099736 -0.004235183
0.004101336 -0.003764607
0.004102936 -0.003764607
0.004104536 -0.002823455
0.004106136 -0.003294031
0.004107736 -0.004705758
0.004109336 -0.001411728
0.004110936 -0.001411728
0.004112536 0
0.004114136 -0.001411728
0.004115736 0
0.004117336 0
0.004118936 -0.002352879
0.004120536 -0.002823455
0.004122136 -0.001882303
0.004123736 -0.002352879
0.004125336 -0.002823455
0.004126936 -0.002823455
0.004128536 -0.003294031
0.004130136 -0.002823455
0.004131736 -0.00564691
0.004133336 -0.005176334
0.004134936 -0.004235183
0.004136536 -0.004705758
0.004138136 -0.00564691
0.004139736 -0.006588062
0.004141336 -0.007529213
0.004142936 -0.007999789
0.004144536 -0.006588062
0.004146136 -0.008940941
0.004147736 -0.007999789
0.004149336 -0.007999789
0.004150936 -0.007999789
0.004152536 -0.008940941
0.004154136 -0.008470365
0.004155736 -0.009882093
0.004157336 -0.008940941
0.004158936 -0.008940941
0.004160536 -0.008940941
0.004162136 -0.009882093
0.004163736 -0.008470365
0.004165336 -0.007999789
0.004166936 -0.007999789
0.004168536 -0.007999789
0.004170136 -0.009411517
0.004171736 -0.007999789
0.004173336 -0.006588062
0.004174936 -0.007058638
0.004176536 -0.007529213
0.004178136 -0.007529213
0.004179736 -0.007529213
0.004181336 -0.006117486
0.004182936 -0.006117486
0.004184536 -0.005176334
0.004186136 -0.003294031
0.004187736 -0.004235183
0.004189336 -0.003764607
0.004190936 -0.002352879
0.004192536 -0.0009411517
0.004194136 -0.001411728
0.004195736 -0.0009411517
0.004197336 -0.0004705758
0.004198936 0.001411728
0.004200536 0.001411728
