6.780890e-03
6.229087e-03
4.500735e-03
1.245425e-03
5.733778e-03
5.071183e-03
7.402426e-03
1.323435e-02
5.916099e-03
-3.488133e-02
-1.099096e-01
-1.917454e-01
-2.660621e-01
-3.905303e-01
-5.572591e-01
-7.191764e-01
-8.843107e-01
-9.856198e-01
-9.177236e-01
-6.144956e-01
-1.821155e-01
1.573451e-01
2.413561e-01
1.284577e-01
-5.692850e-03
-8.503918e-02
-1.541272e-01
-2.425902e-01
-2.792687e-01
-3.202353e-01
-4.021904e-01
-4.788911e-01
-5.274436e-01
-5.451103e-01
-5.366390e-01
-4.944151e-01
-4.479754e-01
-3.799828e-01
-2.957378e-01
-2.248201e-01
-1.539907e-01
-1.116118e-01
-8.510638e-02
-8.790368e-02
-8.600688e-02
-7.358808e-02
-4.121521e-02
-2.929202e-02
-3.037026e-02
-4.101242e-02
-6.321359e-02
-9.697559e-02
-1.141271e-01
-1.515217e-01
-2.120224e-01
-2.530580e-01
-2.848531e-01
-3.162703e-01
-3.160913e-01
-2.850455e-01
-2.432529e-01
-2.034415e-01
-1.429615e-01
-8.204539e-02
-2.772520e-02
3.258955e-02
6.849256e-02
1.108272e-01
1.247565e-01
1.284505e-01
1.217485e-01
1.244978e-01
1.285191e-01
1.221747e-01
1.214852e-01
1.131098e-01
9.821642e-02
6.490405e-02
1.204918e-02
-7.807264e-03
-7.402928e-03
1.307104e-02
3.820820e-02
7.818646e-02
1.171857e-01
1.626104e-01
1.988695e-01
2.517579e-01
2.858929e-01
3.167295e-01
3.304986e-01
3.360030e-01
3.434964e-01
3.595337e-01
3.459890e-01
3.320129e-01
3.168764e-01
2.840243e-01
2.484150e-01
2.203269e-01
1.817370e-01
1.436622e-01
1.051444e-01
8.408061e-02
7.506060e-02
7.809011e-02
9.895595e-02
1.234459e-01
1.457122e-01
1.454319e-01
1.388569e-01
1.249166e-01
1.299757e-01
1.230402e-01
1.218090e-01
1.106659e-01
1.080239e-01
9.605373e-02
7.811162e-02
5.738401e-02
1.714937e-02
-2.706361e-02
-6.851435e-02
-1.046595e-01
-1.353514e-01
-1.552103e-01
-1.450242e-01
-1.368853e-01
-1.227764e-01
-1.181582e-01
-1.160696e-01
-1.073052e-01
-1.067094e-01
-1.058122e-01
-7.963724e-02
-4.524193e-02
-1.851328e-02
2.049869e-04
7.840774e-03
8.913782e-04
-4.070674e-04
-8.254171e-03
-1.473160e-02
-9.520242e-03
-2.447706e-02
-2.175296e-02
-3.687975e-02
-6.552341e-02
-7.519706e-02
-8.605049e-02
-7.385601e-02
-6.079723e-02
-5.104146e-02
-2.678440e-02
-1.134038e-03
2.327299e-02
4.442698e-02
6.744447e-02
8.210712e-02
8.634406e-02
8.140220e-02
6.064851e-02
5.206165e-02
5.579859e-02
7.106832e-02
9.158982e-02
1.002752e-01
7.774957e-02
5.017432e-02
-1.380738e-02
-5.469224e-02
-8.912514e-02
-7.712630e-02
-4.106814e-02
-4.060745e-03
5.064160e-02
8.917958e-02
1.056010e-01
1.057173e-01
8.620125e-02
5.227095e-02
1.321571e-02
-2.955024e-02
-5.502874e-02
-7.305066e-02
-7.381414e-02
-7.168448e-02
-7.923521e-02
-7.969707e-02
-7.658263e-02
-7.051566e-02
-5.423954e-02
-4.889747e-02
-5.089328e-02
-4.571989e-02
-2.462294e-02
2.392110e-03
3.570426e-02
5.947461e-02
8.659557e-02
1.161054e-01
1.342161e-01
1.537778e-01
1.541872e-01
1.616932e-01
1.719273e-01
1.783992e-01
1.727495e-01
1.460526e-01
1.247961e-01
8.721503e-02
6.651074e-02
5.387452e-02
6.248458e-02
7.318487e-02
9.407888e-02
1.118156e-01
1.414825e-01
1.569593e-01
1.642409e-01
1.608566e-01
1.373889e-01
1.050660e-01
7.841598e-02
5.823791e-02
4.645951e-02
3.776914e-02
3.507365e-02
3.212521e-02
2.986838e-02
1.963053e-02
-5.359854e-03
-1.836794e-02
-3.053465e-02
-2.266375e-02
-2.439325e-02
-7.586914e-03
1.061367e-02
4.018121e-02
6.462945e-02
8.933547e-02
9.971700e-02
1.142257e-01
1.283229e-01
1.374197e-01
1.430065e-01
1.523419e-01
1.450123e-01
1.369255e-01
1.304596e-01
1.171852e-01
1.107037e-01
9.782680e-02
1.125368e-01
1.311724e-01
1.642860e-01
1.812507e-01
1.994305e-01
2.135847e-01
2.270600e-01
2.404422e-01
2.729644e-01
2.880303e-01
3.171759e-01
3.288931e-01
3.326884e-01
3.173249e-01
3.070677e-01
2.966426e-01
2.798247e-01
2.563553e-01
2.348355e-01
2.004649e-01
1.917686e-01
1.868467e-01
1.973563e-01
2.086940e-01
2.075577e-01
2.215226e-01
2.347282e-01
2.447074e-01
2.417698e-01
2.417364e-01
2.209933e-01
2.115254e-01
2.071291e-01
2.104423e-01
2.200085e-01
2.338352e-01
2.551823e-01
2.554084e-01
2.489936e-01
2.427752e-01
2.162676e-01
1.968181e-01
1.951540e-01
2.058442e-01
2.079076e-01
2.123366e-01
2.093234e-01
2.087487e-01
1.981133e-01
1.894641e-01
1.814669e-01
1.823647e-01
1.831380e-01
2.134543e-01
2.357082e-01
2.646792e-01
2.955041e-01
2.991730e-01
2.935977e-01
2.644534e-01
2.276036e-01
1.807212e-01
1.608064e-01
1.254842e-01
1.101245e-01
1.125005e-01
1.268727e-01
1.281920e-01
1.441704e-01
1.454808e-01
1.498335e-01
1.328281e-01
1.072176e-01
7.863512e-02
4.264821e-02
2.548574e-02
-5.063909e-03
-2.772106e-02
-4.755845e-02
-8.398340e-02
-1.091187e-01
-1.332106e-01
-1.429154e-01
-1.616963e-01
-1.824526e-01
-1.901215e-01
-2.012315e-01
-1.986836e-01
-2.022889e-01
-2.046738e-01
-2.260371e-01
-2.301863e-01
-2.520746e-01
-2.657364e-01
-2.765666e-01
-2.976392e-01
-3.060025e-01
-3.148264e-01
-3.070682e-01
-3.014923e-01
-2.873286e-01
-2.652504e-01
-2.503703e-01
-2.344044e-01
-2.313577e-01
-2.403646e-01
-2.464673e-01
-2.775946e-01
-2.975162e-01
-3.112457e-01
-3.166763e-01
-3.099748e-01
-2.823884e-01
-2.579943e-01
-2.547670e-01
-2.365207e-01
-2.302597e-01
-2.321928e-01
-2.214926e-01
-2.001602e-01
-1.799547e-01
-1.619774e-01
-1.586853e-01
-1.668485e-01
-1.611461e-01
-1.443013e-01
-1.352546e-01
-1.192371e-01
-1.090370e-01
-1.034866e-01
-7.644393e-02
-6.337432e-02
-5.410068e-02
-3.630754e-02
-3.056689e-02
-2.409322e-02
-2.056162e-02
-2.556163e-02
-3.457302e-02
-3.586945e-02
-2.231204e-02
-1.606056e-02
-1.739970e-03
1.900950e-02
4.319738e-02
6.638361e-02
9.236065e-02
1.072637e-01
1.254044e-01
1.395579e-01
1.443258e-01
1.307829e-01
1.202222e-01
1.132551e-01
1.040461e-01
1.069509e-01
1.067302e-01
1.129468e-01
1.073450e-01
1.122194e-01
1.191738e-01
1.264384e-01
1.294558e-01
1.500903e-01
1.706639e-01
1.839287e-01
2.025385e-01
2.128561e-01
2.244132e-01
2.357273e-01
2.484028e-01
2.515382e-01
2.605620e-01
2.617464e-01
2.530419e-01
2.337335e-01
2.040245e-01
1.792733e-01
1.631134e-01
1.496864e-01
1.371944e-01
1.186476e-01
1.003065e-01
8.295331e-02
5.653737e-02
3.639041e-02
7.315858e-03
-1.334871e-03
-2.843274e-02
-5.132458e-02
-5.909211e-02
-8.867845e-02
-9.183373e-02
-1.060352e-01
-1.207243e-01
-1.285914e-01
-1.547135e-01
-1.695235e-01
-1.744116e-01
-1.980887e-01
-2.086544e-01
-2.207825e-01
-2.268727e-01
-2.246331e-01
-2.346046e-01
-2.403988e-01
-2.524083e-01
-2.632350e-01
-2.602562e-01
-2.593525e-01
-2.617455e-01
-2.672021e-01
-2.773276e-01
-2.944359e-01
-3.018253e-01
-3.072452e-01
-3.016821e-01
-2.963020e-01
-3.014648e-01
-3.139223e-01
-3.181625e-01
-3.232473e-01
-3.256539e-01
-3.109987e-01
-3.069346e-01
-2.942063e-01
-2.718924e-01
-2.527306e-01
-2.275887e-01
-2.157133e-01
-2.170208e-01
-2.195177e-01
-2.247966e-01
-2.205097e-01
-2.129566e-01
-2.049846e-01
-2.144920e-01
-2.207032e-01
-2.291835e-01
-2.340791e-01
-2.237546e-01
-2.096358e-01
-1.850304e-01
-1.791575e-01
-1.726637e-01
-1.765655e-01
-1.698867e-01
-1.733651e-01
-1.586442e-01
-1.427742e-01
-1.321999e-01
-1.339709e-01
-1.155844e-01
-1.236590e-01
-1.189305e-01
-1.238216e-01
-1.249259e-01
-1.131499e-01
-1.022411e-01
-8.474089e-02
-6.864483e-02
-5.899010e-02
-4.513023e-02
-4.220029e-02
-4.902704e-02
-4.698329e-02
-4.215829e-02
-4.089513e-02
-4.104565e-02
-1.859326e-02
-8.670135e-03
2.566394e-02
4.441744e-02
5.490469e-02
6.124436e-02
5.427564e-02
5.829072e-02
5.180714e-02
5.502811e-02
6.948722e-02
6.841703e-02
8.582576e-02
1.026570e-01
1.138719e-01
1.182767e-01
1.172536e-01
1.070199e-01
8.301106e-02
7.087996e-02
5.485936e-02
3.372302e-02
3.189602e-02
3.359879e-02
4.577302e-02
4.506724e-02
4.565559e-02
5.868560e-02
6.550063e-02
6.139679e-02
4.867996e-02
3.672371e-02
9.683389e-03
-4.199707e-03
-1.705640e-02
-2.966836e-02
-2.782583e-02
-2.158602e-02
-6.688744e-03
-2.986461e-03
4.773520e-03
1.805077e-02
2.606442e-02
3.780169e-02
3.752819e-02
5.575994e-02
5.710087e-02
6.344480e-02
6.862659e-02
6.282400e-02
7.084812e-02
7.588777e-02
8.411739e-02
7.617610e-02
8.272720e-02
7.877550e-02
5.936922e-02
5.857845e-02
5.333514e-02
3.310641e-02
4.536173e-02
4.756382e-02
6.504134e-02
9.491164e-02
1.150732e-01
1.339895e-01
1.511201e-01
1.645329e-01
1.673231e-01
1.612256e-01
1.617971e-01
1.540552e-01
1.580346e-01
1.510118e-01
1.607304e-01
1.609653e-01
1.576449e-01
1.518398e-01
1.506217e-01
1.357490e-01
1.268634e-01
1.142174e-01
1.005554e-01
1.143342e-01
1.128583e-01
1.264707e-01
1.275014e-01
1.280369e-01
1.184373e-01
1.072956e-01
8.530723e-02
7.811302e-02
6.840863e-02
5.257163e-02
6.015858e-02
5.961013e-02
5.731762e-02
5.513635e-02
5.875890e-02
5.584733e-02
4.660632e-02
6.017524e-02
6.331851e-02
8.246692e-02
8.280661e-02
9.901153e-02
1.082082e-01
1.038255e-01
1.025188e-01
1.009416e-01
9.011752e-02
9.145624e-02
9.153676e-02
9.765577e-02
1.050666e-01
9.647662e-02
9.287829e-02
8.854332e-02
8.446274e-02
8.213670e-02
7.849098e-02
7.942388e-02
8.623048e-02
7.249346e-02
7.021624e-02
7.099509e-02
5.730145e-02
4.565639e-02
3.447767e-02
2.005074e-02
7.557562e-03
2.237490e-03
6.934662e-03
6.003426e-03
1.494161e-02
1.979702e-02
2.950432e-02
2.590564e-02
2.086218e-02
9.801027e-03
-1.133804e-02
-3.235160e-02
-4.677603e-02
-6.981764e-02
-8.276986e-02
-8.621349e-02
-9.835027e-02
-1.008677e-01
-1.063961e-01
-1.022207e-01
-1.006895e-01
-1.004340e-01
-1.132034e-01
-1.092044e-01
-1.169750e-01
-1.273005e-01
-1.257673e-01
-1.267055e-01
-1.182090e-01
-1.061482e-01
-1.134080e-01
-1.107772e-01
-1.087028e-01
-1.041850e-01
-1.084038e-01
-1.005923e-01
-9.302083e-02
-7.700632e-02
-5.585146e-02
-5.032530e-02
-4.774747e-02
-2.913178e-02
-3.230519e-02
-3.663740e-02
-2.518669e-02
-2.598276e-02
-1.494679e-02
-1.110517e-03
-1.411740e-03
1.357682e-02
1.822710e-02
2.109236e-02
2.188971e-02
2.265574e-02
2.937313e-02
2.097736e-02
2.997290e-02
4.080090e-02
6.392882e-02
8.839987e-02
9.881260e-02
1.165565e-01
1.161556e-01
9.869690e-02
9.595861e-02
8.744777e-02
7.314975e-02
7.555013e-02
7.785958e-02
7.488261e-02
8.433972e-02
9.851783e-02
1.083728e-01
1.089145e-01
1.216592e-01
1.110408e-01
1.162408e-01
1.279396e-01
1.251191e-01
1.277847e-01
1.168019e-01
1.201802e-01
1.233648e-01
1.330386e-01
1.419331e-01
1.521447e-01
1.691072e-01
1.759922e-01
1.801441e-01
1.906699e-01
1.941707e-01
2.008238e-01
2.178508e-01
2.136835e-01
2.134153e-01
2.054637e-01
1.996273e-01
1.920814e-01
1.937496e-01
1.970814e-01
1.879442e-01
2.030177e-01
2.047774e-01
2.042417e-01
2.114475e-01
1.940771e-01
1.861504e-01
1.768916e-01
1.605061e-01
1.330884e-01
1.151132e-01
9.835554e-02
8.225945e-02
7.134027e-02
5.423213e-02
3.514537e-02
2.138056e-02
1.048102e-02
-1.005717e-02
-2.895403e-02
-3.366478e-02
-4.091512e-02
-4.979455e-02
-5.991550e-02
-7.249686e-02
-9.026134e-02
-1.059986e-01
-1.209834e-01
-1.460336e-01
-1.598034e-01
-1.770276e-01
-2.010404e-01
-2.134840e-01
-2.186383e-01
-2.160879e-01
-2.230243e-01
-2.091827e-01
-2.061334e-01
-2.147201e-01
-2.206395e-01
-2.283128e-01
-2.467402e-01
-2.521994e-01
-2.508679e-01
-2.485317e-01
-2.458148e-01
-2.553469e-01
-2.437244e-01
-2.533688e-01
-2.538467e-01
-2.641121e-01
-2.714463e-01
-2.674115e-01
-2.771853e-01
-2.740149e-01
-2.681015e-01
-2.629469e-01
-2.522264e-01
-2.417054e-01
-2.411331e-01
-2.180402e-01
-2.079618e-01
-1.932305e-01
-1.883487e-01
-1.824846e-01
-1.750461e-01
-1.701359e-01
-1.660112e-01
-1.564912e-01
-1.639388e-01
-1.626014e-01
-1.539215e-01
-1.455212e-01
-1.390810e-01
-1.328523e-01
-1.327030e-01
-1.291762e-01
-1.262265e-01
-1.146459e-01
-1.059283e-01
-9.529753e-02
-1.000943e-01
-8.806534e-02
-8.382614e-02
-7.770168e-02
-8.010973e-02
-6.819583e-02
-4.863804e-02
-4.025017e-02
-2.389289e-02
-1.551907e-02
2.589104e-02
3.242533e-02
5.251166e-02
6.835347e-02
7.422255e-02
8.616606e-02
9.207761e-02
1.058944e-01
1.161858e-01
1.340286e-01
1.565233e-01
1.546904e-01
1.588496e-01
1.642121e-01
1.628570e-01
1.710411e-01
1.763633e-01
1.839435e-01
2.011576e-01
2.037970e-01
2.078065e-01
2.065455e-01
2.045356e-01
2.046803e-01
1.923151e-01
1.883283e-01
1.811122e-01
1.705708e-01
1.751253e-01
1.618621e-01
1.715774e-01
1.673522e-01
1.557873e-01
1.514945e-01
1.465326e-01
1.326107e-01
1.163828e-01
1.016191e-01
7.727771e-02
6.704478e-02
3.846990e-02
2.260768e-02
1.498620e-02
-8.927738e-03
-9.990524e-03
-9.435460e-03
-1.270453e-02
-6.740179e-03
-7.390309e-03
-1.597530e-02
-9.360365e-03
-7.044012e-03
-2.226789e-02
-2.225170e-02
-2.407656e-02
-3.548082e-02
-3.227454e-02
-3.823966e-02
-5.124637e-02
-5.574245e-02
-6.285731e-02
-6.457319e-02
-6.823823e-02
-7.441497e-02
-7.300750e-02
-7.428992e-02
-7.153078e-02
-6.323955e-02
-5.640664e-02
-5.645270e-02
-4.163699e-02
-2.980978e-02
-1.930263e-02
-8.086234e-03
1.838944e-02
1.636604e-02
3.499984e-02
4.920088e-02
4.179116e-02
4.728112e-02
4.871402e-02
3.048947e-02
3.398512e-02
3.215532e-02
1.467277e-02
2.229084e-02
2.989279e-02
2.674346e-02
2.118479e-02
2.490416e-02
2.309911e-02
1.863976e-02
2.573978e-02
3.059288e-02
2.647576e-02
3.700812e-02
3.955198e-02
5.268953e-02
6.081076e-02
5.746434e-02
5.639440e-02
5.506121e-02
5.086163e-02
4.333967e-02
3.686507e-02
2.296270e-02
8.128309e-03
5.451554e-03
5.218745e-03
1.061731e-02
1.319931e-02
2.157061e-02
3.043363e-02
3.382942e-02
4.002684e-02
4.258414e-02
5.243491e-02
6.200214e-02
7.656580e-02
8.324571e-02
1.014375e-01
1.237158e-01
1.255967e-01
1.328539e-01
1.373557e-01
1.307868e-01
1.312622e-01
1.334261e-01
1.237813e-01
1.131668e-01
1.009370e-01
8.987873e-02
7.949045e-02
6.554282e-02
6.599083e-02
4.665102e-02
4.838539e-02
5.424510e-02
5.146841e-02
5.326269e-02
5.739863e-02
5.367412e-02
5.897865e-02
3.862768e-02
4.194616e-02
3.633022e-02
3.560110e-02
3.951275e-02
4.682486e-02
4.427084e-02
4.107063e-02
4.787080e-02
3.867837e-02
4.200687e-02
3.903942e-02
2.309611e-02
1.052916e-02
4.876271e-03
-1.408294e-02
-1.814972e-02
-2.219691e-02
-2.977565e-02
-2.698626e-02
-8.084221e-04
1.372085e-05
1.952166e-02
3.976347e-02
5.774914e-02
5.823740e-02
6.043499e-02
5.736682e-02
5.386226e-02
4.851769e-02
4.505135e-02
3.505459e-02
2.210651e-02
1.691851e-02
3.125979e-02
2.751869e-02
5.545218e-02
3.186001e-02
