9.481462e-03
1.405714e-02
2.869413e-03
2.288728e-02
1.540460e-02
1.921030e-02
-7.398883e-04
-4.550530e-02
-1.210852e-01
-1.829370e-01
-2.456418e-01
-3.368962e-01
-4.676812e-01
-5.933601e-01
-7.368845e-01
-8.448254e-01
-9.373960e-01
-9.526976e-01
-8.133730e-01
-4.913255e-01
-1.001815e-01
1.301130e-01
1.391628e-01
3.716376e-02
-8.027758e-02
-2.125356e-01
-3.112817e-01
-3.584991e-01
-4.269603e-01
-4.866833e-01
-5.413176e-01
-5.949722e-01
-6.259080e-01
-6.151237e-01
-5.911300e-01
-5.092731e-01
-4.351934e-01
-3.534785e-01
-2.851257e-01
-2.135554e-01
-1.619237e-01
-1.251063e-01
-1.181870e-01
-1.037802e-01
-7.997687e-02
-7.711307e-02
-6.290035e-02
-5.883698e-02
-7.710766e-02
-1.004907e-01
-1.388856e-01
-1.752766e-01
-2.169949e-01
-2.802929e-01
-3.046428e-01
-3.291616e-01
-3.338574e-01
-3.422008e-01
-3.088189e-01
-2.596239e-01
-1.972733e-01
-1.449987e-01
-9.682302e-02
-3.116598e-02
2.724373e-02
7.464085e-02
1.196668e-01
1.465775e-01
1.549932e-01
1.538263e-01
1.553274e-01
1.513887e-01
1.361583e-01
1.247471e-01
1.154868e-01
1.048389e-01
8.523549e-02
4.811724e-02
2.800238e-02
2.084423e-02
5.021775e-02
7.984510e-02
1.275111e-01
1.753141e-01
2.234140e-01
2.622177e-01
3.062609e-01
3.596998e-01
3.948119e-01
4.214807e-01
4.226662e-01
4.485078e-01
4.344613e-01
4.125714e-01
4.026677e-01
3.654978e-01
3.435083e-01
3.019464e-01
2.496164e-01
2.033023e-01
1.852540e-01
1.565120e-01
1.265612e-01
1.088965e-01
1.171480e-01
1.268755e-01
1.445411e-01
1.637628e-01
1.627579e-01
1.633630e-01
1.554054e-01
1.512786e-01
1.404847e-01
1.387149e-01
1.266229e-01
1.123700e-01
9.338466e-02
5.046003e-02
2.219955e-02
-1.154489e-02
-5.648350e-02
-9.032273e-02
-1.291721e-01
-1.551256e-01
-1.763312e-01
-1.674151e-01
-1.758670e-01
-1.514764e-01
-1.479292e-01
-1.471668e-01
-1.441690e-01
-1.342792e-01
-1.181484e-01
-9.287955e-02
-5.216234e-02
-3.762934e-02
-2.070863e-02
-1.657120e-03
-1.072866e-02
-1.286578e-02
-1.859327e-02
-3.356158e-02
-4.737605e-02
-4.036350e-02
-5.157279e-02
-6.327388e-02
-6.988678e-02
-8.325584e-02
-8.614140e-02
-8.427899e-02
-6.544916e-02
-3.491184e-02
-3.302858e-02
1.358811e-03
2.280069e-02
3.434897e-02
5.031296e-02
8.650038e-02
9.695601e-02
8.575127e-02
9.336990e-02
7.948600e-02
6.130140e-02
7.489467e-02
7.203849e-02
7.214235e-02
5.516100e-02
3.813850e-02
-2.706049e-03
-3.960589e-02
-5.354586e-02
-5.549093e-02
-6.504982e-03
3.562139e-02
8.908591e-02
1.086118e-01
1.072047e-01
9.129939e-02
6.906310e-02
2.945042e-02
-1.426054e-02
-5.174519e-02
-8.955149e-02
-1.076733e-01
-1.023759e-01
-1.141724e-01
-1.080063e-01
-9.554458e-02
-9.441895e-02
-8.762807e-02
-7.026105e-02
-6.003419e-02
-3.621754e-02
-3.870273e-02
3.071216e-03
4.096553e-02
7.439543e-02
1.195302e-01
1.330782e-01
1.451621e-01
1.526732e-01
1.793497e-01
1.810249e-01
1.803444e-01
1.816304e-01
1.748050e-01
1.707156e-01
1.530527e-01
1.265264e-01
1.047004e-01
9.967613e-02
9.825901e-02
9.928000e-02
1.214152e-01
1.441037e-01
1.603540e-01
1.813748e-01
1.930922e-01
1.841871e-01
1.574066e-01
1.366960e-01
9.915432e-02
7.479045e-02
6.301013e-02
5.176830e-02
3.581185e-02
1.664195e-02
1.806199e-02
1.137228e-02
-1.677863e-02
-2.446027e-02
-2.415487e-02
-1.646039e-02
-3.789794e-03
2.024494e-02
4.206429e-02
7.235720e-02
8.031306e-02
1.070059e-01
1.179871e-01
1.271094e-01
1.498020e-01
1.631997e-01
1.712885e-01
1.686999e-01
1.706126e-01
1.708306e-01
1.676992e-01
1.707877e-01
1.507001e-01
1.608250e-01
1.515163e-01
1.711983e-01
1.961627e-01
2.301691e-01
2.542950e-01
2.737816e-01
2.952322e-01
3.096906e-01
3.300709e-01
3.450819e-01
3.662755e-01
3.821417e-01
3.900783e-01
3.945265e-01
3.811346e-01
3.568242e-01
3.523543e-01
3.260244e-01
3.011899e-01
2.725036e-01
2.613337e-01
2.471235e-01
2.414445e-01
2.407997e-01
2.495775e-01
2.668297e-01
2.783622e-01
2.863782e-01
2.880812e-01
2.932678e-01
2.855598e-01
2.848899e-01
2.744460e-01
2.754514e-01
2.734000e-01
2.797304e-01
3.028917e-01
3.213640e-01
3.096296e-01
2.941140e-01
2.926473e-01
2.689236e-01
2.471607e-01
2.494868e-01
2.455032e-01
2.484230e-01
2.611516e-01
2.609145e-01
2.675310e-01
2.653796e-01
2.563839e-01
2.430866e-01
2.532533e-01
2.803651e-01
2.929288e-01
3.051037e-01
3.225495e-01
3.340120e-01
3.337250e-01
3.178427e-01
2.907028e-01
2.532283e-01
2.204879e-01
1.904669e-01
1.651011e-01
1.633101e-01
1.681142e-01
1.618904e-01
1.740784e-01
1.801539e-01
1.803842e-01
1.632520e-01
1.356307e-01
1.085527e-01
6.590221e-02
3.623889e-02
-1.530963e-02
-5.068019e-02
-6.068058e-02
-8.874171e-02
-1.225452e-01
-1.483072e-01
-1.858942e-01
-2.059991e-01
-2.100700e-01
-2.181758e-01
-2.354881e-01
-2.362009e-01
-2.404759e-01
-2.480158e-01
-2.584530e-01
-2.779987e-01
-2.987663e-01
-3.087511e-01
-3.348349e-01
-3.505284e-01
-3.635778e-01
-3.763912e-01
-3.816016e-01
-3.787915e-01
-3.718246e-01
-3.536561e-01
-3.395826e-01
-3.105596e-01
-3.141582e-01
-3.001414e-01
-3.041265e-01
-3.282039e-01
-3.431994e-01
-3.589759e-01
-3.763459e-01
-3.708044e-01
-3.714743e-01
-3.448895e-01
-3.216289e-01
-3.011232e-01
-2.795851e-01
-2.658594e-01
-2.522649e-01
-2.464184e-01
-2.210456e-01
-2.080061e-01
-2.016332e-01
-1.830557e-01
-1.781990e-01
-1.773993e-01
-1.639812e-01
-1.464117e-01
-1.302431e-01
-1.069051e-01
-7.828073e-02
-7.211955e-02
-5.914993e-02
-4.736631e-02
-3.196542e-02
-2.864325e-02
-2.285289e-02
-1.012513e-02
-2.411168e-02
-3.190020e-02
-1.617697e-02
-8.091016e-03
1.757995e-02
3.963570e-02
6.209304e-02
7.946349e-02
1.103564e-01
1.312486e-01
1.501536e-01
1.707826e-01
1.803544e-01
1.794045e-01
1.810475e-01
1.769073e-01
1.571027e-01
1.409963e-01
1.463274e-01
1.635213e-01
1.688385e-01
1.687583e-01
1.781768e-01
1.886630e-01
1.954121e-01
2.173883e-01
2.245876e-01
2.476212e-01
2.642909e-01
2.806242e-01
2.956516e-01
3.058300e-01
3.234939e-01
3.239980e-01
3.226549e-01
3.293898e-01
3.129230e-01
2.937056e-01
2.762784e-01
2.476487e-01
2.213419e-01
1.970118e-01
1.783709e-01
1.589244e-01
1.473465e-01
1.305382e-01
9.340685e-02
7.275072e-02
4.256413e-02
1.070267e-02
-1.702831e-02
-4.001393e-02
-5.623311e-02
-7.946192e-02
-9.705095e-02
-1.163455e-01
-1.345603e-01
-1.475568e-01
-1.613124e-01
-1.764057e-01
-1.894605e-01
-2.242068e-01
-2.459741e-01
-2.577727e-01
-2.630291e-01
-2.751043e-01
-2.855850e-01
-2.943983e-01
-3.031628e-01
-3.090286e-01
-3.146717e-01
-3.061287e-01
-3.294960e-01
-3.310582e-01
-3.289491e-01
-3.449443e-01
-3.494059e-01
-3.719862e-01
-3.780525e-01
-3.792961e-01
-3.726355e-01
-3.706493e-01
-3.654137e-01
-3.687545e-01
-3.746922e-01
-3.781348e-01
-3.745403e-01
-3.625069e-01
-3.338592e-01
-3.086364e-01
-2.913883e-01
-2.671418e-01
-2.552100e-01
-2.477889e-01
-2.545853e-01
-2.461266e-01
-2.434838e-01
-2.304756e-01
-2.302459e-01
-2.386825e-01
-2.563795e-01
-2.574655e-01
-2.643666e-01
-2.473912e-01
-2.340210e-01
-2.286450e-01
-2.078578e-01
-1.951380e-01
-1.878408e-01
-1.821943e-01
-1.708922e-01
-1.612855e-01
-1.498686e-01
-1.394381e-01
-1.320625e-01
-1.258644e-01
-1.282024e-01
-1.395282e-01
-1.331923e-01
-1.163141e-01
-1.110575e-01
-1.021828e-01
-8.680264e-02
-8.092675e-02
-5.740774e-02
-4.922343e-02
-5.230404e-02
-2.687280e-02
-3.643133e-02
-3.520130e-02
-2.983510e-02
-1.914103e-02
-8.321205e-05
1.758361e-02
5.527697e-02
6.847167e-02
8.129000e-02
8.445275e-02
8.027307e-02
9.686133e-02
9.602250e-02
9.004397e-02
1.047290e-01
1.060299e-01
1.208121e-01
1.242753e-01
1.344512e-01
1.256454e-01
1.287365e-01
1.336826e-01
1.060100e-01
9.598906e-02
9.319562e-02
6.748473e-02
6.246256e-02
5.453451e-02
5.971594e-02
6.176024e-02
6.047433e-02
7.722286e-02
8.657755e-02
7.757709e-02
5.758958e-02
5.902440e-02
2.253258e-02
2.325970e-03
-1.154723e-02
-1.889349e-02
-2.066849e-02
-3.372896e-03
3.869324e-03
1.073513e-02
1.923104e-02
3.889883e-02
4.402814e-02
5.508003e-02
6.613697e-02
7.709708e-02
9.458720e-02
9.905445e-02
1.069397e-01
1.014792e-01
1.056897e-01
1.074262e-01
1.031903e-01
1.019548e-01
9.742747e-02
7.683910e-02
8.118489e-02
6.348759e-02
6.688767e-02
7.309346e-02
8.533638e-02
9.585855e-02
1.067298e-01
1.449577e-01
1.653164e-01
1.839955e-01
1.998883e-01
1.965062e-01
1.992004e-01
1.931942e-01
2.056574e-01
2.103879e-01
1.993151e-01
1.926386e-01
1.954661e-01
1.914723e-01
1.773141e-01
1.819350e-01
1.696198e-01
1.562373e-01
1.497621e-01
1.456161e-01
1.425386e-01
1.358325e-01
1.359816e-01
1.396830e-01
1.399867e-01
1.396294e-01
1.272555e-01
1.138580e-01
1.023893e-01
8.498718e-02
6.993225e-02
6.896186e-02
6.424452e-02
6.655382e-02
7.414030e-02
6.816177e-02
6.828816e-02
7.230146e-02
7.179809e-02
7.861591e-02
8.835305e-02
9.959864e-02
1.103053e-01
1.101837e-01
1.361519e-01
1.343908e-01
1.133866e-01
1.229524e-01
1.186307e-01
1.084111e-01
1.117321e-01
1.174275e-01
1.171606e-01
1.164928e-01
1.065950e-01
1.042797e-01
9.630532e-02
9.777186e-02
9.438115e-02
8.644176e-02
9.078536e-02
8.284124e-02
6.642851e-02
6.510402e-02
6.440217e-02
4.585071e-02
3.694535e-02
3.201906e-02
1.122630e-02
9.423315e-03
3.877825e-03
1.356414e-02
1.386497e-02
6.825043e-03
1.868558e-02
1.812341e-02
-2.309194e-04
-1.724184e-02
-3.737725e-02
-5.823663e-02
-8.882611e-02
-1.067879e-01
-1.219991e-01
-1.280182e-01
-1.374368e-01
-1.319050e-01
-1.286762e-01
-1.414581e-01
-1.300645e-01
-1.356134e-01
-1.470759e-01
-1.357487e-01
-1.451409e-01
-1.435027e-01
-1.451995e-01
-1.537812e-01
-1.332035e-01
-1.345331e-01
-1.281321e-01
-1.169354e-01
-1.171449e-01
-1.183237e-01
-1.109836e-01
-1.023169e-01
-8.096661e-02
-5.791814e-02
-4.541066e-02
-3.305106e-02
-3.328826e-03
6.871315e-03
5.931856e-03
-7.145805e-03
5.139887e-03
1.269260e-02
1.668146e-02
2.974980e-02
4.036678e-02
6.077846e-02
6.029189e-02
6.478267e-02
6.583108e-02
7.131963e-02
6.796963e-02
8.712241e-02
1.050201e-01
1.179308e-01
1.303021e-01
1.457857e-01
1.587154e-01
1.599300e-01
1.606547e-01
1.602031e-01
1.349816e-01
1.396334e-01
1.304573e-01
1.227078e-01
1.259625e-01
1.314319e-01
1.427724e-01
1.500845e-01
1.538986e-01
1.700108e-01
1.735682e-01
1.666898e-01
1.726452e-01
1.850188e-01
1.773301e-01
1.761140e-01
1.775625e-01
1.734864e-01
1.846531e-01
1.818552e-01
1.885120e-01
2.157902e-01
2.217791e-01
2.228633e-01
2.360901e-01
2.437144e-01
2.500428e-01
2.577458e-01
2.677675e-01
2.589600e-01
2.607589e-01
2.417152e-01
2.332521e-01
2.349522e-01
2.292035e-01
2.231904e-01
2.299949e-01
2.418915e-01
2.467300e-01
2.311479e-01
2.298175e-01
2.206925e-01
2.112581e-01
1.761418e-01
1.625510e-01
1.354604e-01
1.248801e-01
1.068398e-01
8.327293e-02
5.237197e-02
3.343040e-02
1.232648e-02
-2.013396e-02
-2.704278e-02
-3.953610e-02
-5.250473e-02
-6.747625e-02
-6.471960e-02
-8.359837e-02
-9.624137e-02
-1.228206e-01
-1.384981e-01
-1.447417e-01
-1.713413e-01
-2.034604e-01
-2.132130e-01
-2.380167e-01
-2.618041e-01
-2.625744e-01
-2.740001e-01
-2.845672e-01
-2.941879e-01
-2.737927e-01
-2.923149e-01
-2.733278e-01
-2.743667e-01
-2.914918e-01
-2.983667e-01
-2.985531e-01
-3.071346e-01
-3.060869e-01
-3.129420e-01
-3.190855e-01
-3.127007e-01
-3.216334e-01
-3.170109e-01
-3.187382e-01
-3.266392e-01
-3.269803e-01
-3.218425e-01
-3.195871e-01
-3.071423e-01
-2.970885e-01
-2.843719e-01
-2.773020e-01
-2.669927e-01
-2.437663e-01
-2.333157e-01
-2.232340e-01
-2.185136e-01
-2.123828e-01
-1.983757e-01
-2.044302e-01
-1.870549e-01
-1.854985e-01
-1.835898e-01
-1.786435e-01
-1.740601e-01
-1.712436e-01
-1.562495e-01
-1.485512e-01
-1.568394e-01
-1.494737e-01
-1.495026e-01
-1.296045e-01
-1.253229e-01
-1.223367e-01
-1.210206e-01
-1.128259e-01
-1.018558e-01
-9.299068e-02
-8.304103e-02
-8.122645e-02
-7.563519e-02
-5.405881e-02
-2.994810e-02
-1.210027e-02
5.279577e-03
1.801370e-02
3.480729e-02
4.259818e-02
5.586248e-02
7.244998e-02
7.608400e-02
8.528331e-02
1.011653e-01
1.223583e-01
1.298035e-01
1.540033e-01
1.581404e-01
1.702789e-01
1.712693e-01
1.841594e-01
1.927394e-01
1.996008e-01
2.058228e-01
2.078990e-01
2.087306e-01
2.002467e-01
2.024548e-01
1.951623e-01
1.743722e-01
1.643625e-01
1.614863e-01
1.659266e-01
1.551524e-01
1.605970e-01
1.619874e-01
1.399011e-01
1.464424e-01
1.234154e-01
1.236080e-01
1.028568e-01
9.829049e-02
8.632860e-02
5.987140e-02
2.885857e-02
-1.907937e-03
-2.533581e-02
-3.863398e-02
-4.767475e-02
-5.139515e-02
-6.322574e-02
-4.726539e-02
-5.469708e-02
-5.218034e-02
-5.878808e-02
-6.120622e-02
-6.827640e-02
-6.093586e-02
-7.350692e-02
-7.050756e-02
-8.292869e-02
-7.226599e-02
-8.635526e-02
-8.641261e-02
-8.408094e-02
-8.621851e-02
-9.301387e-02
-8.957764e-02
-8.989505e-02
-9.158398e-02
-8.429759e-02
-8.060705e-02
-7.848257e-02
-6.997559e-02
-5.940491e-02
-3.676697e-02
-2.328324e-02
-9.712541e-04
1.229099e-02
2.800627e-02
4.276158e-02
6.818569e-02
6.404724e-02
6.806812e-02
6.897776e-02
7.544635e-02
7.025663e-02
5.146081e-02
5.481353e-02
5.559093e-02
4.669162e-02
5.571344e-02
4.265291e-02
3.839614e-02
4.020088e-02
3.826013e-02
3.797742e-02
4.545963e-02
3.158654e-02
3.320475e-02
3.286291e-02
2.997171e-02
3.416404e-02
3.625936e-02
4.205713e-02
3.979576e-02
3.876728e-02
2.979829e-02
1.765772e-02
7.429111e-03
-1.205429e-02
-2.965913e-02
-2.039010e-02
-1.716404e-02
-3.282288e-02
-2.485517e-02
-1.950789e-02
-1.519520e-02
-6.132365e-03
4.099806e-03
1.096362e-02
2.377751e-02
2.949467e-02
4.735923e-02
7.160889e-02
8.812704e-02
9.717693e-02
1.085990e-01
1.017753e-01
1.032277e-01
1.109260e-01
1.065764e-01
1.016188e-01
1.017316e-01
8.447080e-02
6.990329e-02
6.321273e-02
5.350894e-02
4.283828e-02
3.623924e-02
3.058528e-02
2.890269e-02
3.198858e-02
2.657567e-02
3.415555e-02
2.454810e-02
1.837254e-02
2.575030e-02
1.804690e-02
1.119729e-02
1.476832e-02
1.424326e-02
1.768151e-02
1.913339e-02
3.514180e-02
3.196959e-02
2.769859e-02
3.167131e-02
2.064095e-02
7.182018e-03
-6.948288e-03
-3.961712e-03
-2.279178e-02
-2.985198e-02
-3.116821e-02
-3.593513e-02
-3.671213e-02
-2.938254e-02
-1.473248e-02
-7.304021e-03
1.554662e-02
3.945924e-02
4.828059e-02
5.923151e-02
7.189537e-02
7.746196e-02
5.701932e-02
5.405569e-02
4.743333e-02
3.598887e-02
3.738487e-02
4.423945e-02
3.756523e-02
5.981317e-02
6.823845e-02
9.308060e-02
5.265411e-02
