-4.488304e-04
6.634841e-03
1.345073e-02
7.555207e-03
4.629436e-03
1.548009e-02
9.189274e-03
1.290452e-02
1.579708e-02
5.587245e-03
1.683767e-02
1.800775e-02
1.823416e-02
1.843210e-02
2.974284e-03
-2.817968e-02
-3.968926e-02
-4.174349e-02
-9.563056e-02
-1.143336e-01
-3.874784e-02
7.709604e-02
2.229704e-02
-1.124306e-01
-1.149973e-01
-8.453338e-02
-1.258908e-01
-1.914535e-01
-2.212161e-01
-4.188262e-01
-5.654123e-01
-8.370711e-01
-1.001063e+00
-8.663597e-01
-5.825195e-01
-2.260059e-01
8.166295e-02
2.173269e-01
2.760257e-01
1.680992e-01
-2.388503e-02
-7.903173e-02
-6.664120e-02
-1.524080e-01
-3.528682e-01
-4.069959e-01
-3.522105e-01
-2.990920e-01
-3.370173e-01
-3.758345e-01
-3.533921e-01
-2.658173e-01
-1.772322e-01
-2.061198e-01
-1.748901e-01
-1.091682e-01
-8.218786e-02
-4.639649e-02
-1.129570e-02
1.885570e-02
5.066337e-02
4.390850e-02
4.355977e-02
2.297580e-02
-6.370790e-03
1.681684e-02
2.715379e-02
3.615066e-02
3.552329e-02
-6.972236e-04
-5.128522e-02
-9.979397e-02
-1.246457e-01
-9.598584e-02
-7.104274e-02
-4.353279e-02
1.364553e-02
3.731912e-02
4.034944e-02
6.098967e-02
8.704963e-02
1.145560e-01
1.481091e-01
1.656727e-01
1.945098e-01
1.815782e-01
1.525857e-01
1.345578e-01
8.555165e-02
4.748154e-02
5.370883e-02
6.240097e-02
5.533651e-02
6.451608e-02
4.337452e-02
1.049781e-02
-2.832162e-02
-3.991764e-02
-3.158645e-02
-4.278901e-02
-4.679313e-02
5.609346e-03
2.711861e-02
4.759555e-02
8.425718e-02
9.196465e-02
1.010133e-01
1.220575e-01
1.210826e-01
1.207707e-01
1.170524e-01
9.858805e-02
7.780081e-02
9.995853e-02
7.041832e-02
3.551306e-02
2.757096e-02
1.210995e-02
-1.874027e-02
-2.236657e-02
-3.993997e-02
-3.120028e-02
-1.003778e-02
1.656177e-02
3.700178e-02
7.887143e-02
8.453691e-02
9.799749e-02
1.028636e-01
1.235097e-01
1.429899e-01
1.724001e-01
1.731256e-01
1.646374e-01
1.509458e-01
1.299746e-01
1.122694e-01
7.188306e-02
5.517292e-02
4.320116e-02
2.231420e-02
3.713987e-02
4.212102e-02
3.327603e-02
3.509379e-02
4.124645e-02
4.491200e-02
4.714652e-02
8.307461e-02
1.169942e-01
1.174457e-01
1.152673e-01
1.057261e-01
7.807877e-02
7.588829e-02
1.052382e-01
1.004560e-01
9.389782e-02
8.308185e-02
6.591117e-02
4.746579e-02
4.218278e-02
4.654583e-02
4.040943e-02
2.937448e-02
1.488213e-02
5.264153e-03
-2.072059e-02
-4.190117e-02
-4.837084e-02
-7.045860e-02
-6.196283e-02
-4.608712e-02
-1.500736e-02
2.573628e-02
4.692407e-02
6.278192e-02
4.921363e-02
7.912733e-03
-1.699909e-02
-3.565023e-02
-4.381715e-02
-5.003024e-02
-4.834716e-02
-7.000174e-02
-7.403690e-02
-8.305464e-02
-9.143729e-02
-9.713963e-02
-1.174786e-01
-1.233352e-01
-1.225370e-01
-1.040677e-01
-7.460450e-02
-6.401698e-02
-4.705911e-02
-5.068284e-02
-4.869081e-02
-1.752271e-02
1.390418e-02
3.493440e-02
5.087403e-02
4.562518e-02
2.880765e-02
3.336477e-02
2.808734e-02
3.138943e-02
5.132084e-02
7.356352e-02
6.607333e-02
4.605235e-02
1.280267e-02
-2.023376e-02
-1.271136e-02
1.741245e-02
3.420756e-02
5.968023e-02
1.029978e-01
1.395348e-01
1.448027e-01
1.331193e-01
1.015470e-01
5.775259e-02
3.364649e-02
1.609675e-02
2.271503e-02
4.302233e-02
8.899472e-02
1.047471e-01
1.035361e-01
7.396345e-02
3.495170e-02
1.890249e-02
2.860558e-02
3.410782e-02
3.413188e-02
2.947407e-02
7.929527e-03
-9.064841e-03
-5.203905e-04
5.247386e-03
2.375212e-02
3.588795e-02
4.175474e-02
3.637971e-02
2.687632e-02
2.241697e-02
1.385077e-02
5.312626e-03
-1.397096e-02
-2.080151e-02
-3.752358e-02
-3.614631e-02
-3.910117e-02
-2.647144e-02
-9.625988e-03
1.373830e-02
2.505499e-02
4.641679e-02
6.342381e-02
8.919928e-02
1.078218e-01
1.254818e-01
1.314775e-01
1.223174e-01
8.884970e-02
5.477230e-02
1.524197e-02
-2.581141e-03
2.280779e-03
2.664543e-02
6.164372e-02
9.326502e-02
1.205726e-01
1.498097e-01
1.628921e-01
1.632847e-01
1.615056e-01
1.522699e-01
1.535755e-01
1.624783e-01
1.604635e-01
1.712454e-01
1.746940e-01
1.931097e-01
2.191607e-01
2.275485e-01
2.114675e-01
2.033594e-01
1.963385e-01
2.192605e-01
2.378930e-01
2.558873e-01
2.831613e-01
2.461692e-01
2.172606e-01
1.986037e-01
1.881947e-01
2.112533e-01
2.460178e-01
2.462210e-01
2.365665e-01
1.973150e-01
1.676606e-01
1.447490e-01
1.310583e-01
1.301514e-01
1.357277e-01
1.422116e-01
1.514358e-01
1.694833e-01
1.850369e-01
1.815148e-01
1.716048e-01
1.474409e-01
1.149433e-01
8.936354e-02
6.216018e-02
2.227219e-02
8.443449e-03
-1.199209e-02
-1.660985e-02
-6.758997e-03
1.833405e-02
3.529594e-02
4.132362e-02
4.468974e-02
3.277315e-02
9.357639e-03
1.411779e-02
2.531763e-02
3.599094e-02
3.871957e-02
4.373757e-02
4.644920e-02
4.075528e-02
4.279814e-02
4.938478e-02
4.955609e-02
2.684227e-02
2.004195e-02
9.686935e-04
-2.157399e-02
-2.969720e-02
-3.782988e-02
-2.997103e-02
-3.520592e-02
-3.516394e-02
-2.578315e-02
-1.368701e-02
-5.481594e-03
-1.711244e-03
-1.361811e-02
-2.576914e-02
-5.285283e-02
-5.647773e-02
-5.517783e-02
-5.744650e-02
-5.484639e-02
-6.167790e-02
-6.673154e-02
-6.927525e-02
-7.725635e-02
-8.702774e-02
-8.917266e-02
-9.566836e-02
-9.119942e-02
-9.392176e-02
-1.100708e-01
-1.175845e-01
-1.258691e-01
-1.234495e-01
-1.387220e-01
-1.372313e-01
-1.193687e-01
-9.058132e-02
-8.302180e-02
-7.632908e-02
-8.862515e-02
-9.539776e-02
-1.024030e-01
-1.018447e-01
-9.927632e-02
-9.109317e-02
-9.205512e-02
-1.083314e-01
-1.147512e-01
-1.330350e-01
-1.386909e-01
-1.333914e-01
-1.224411e-01
-1.268323e-01
-1.140852e-01
-1.134270e-01
-9.042110e-02
-6.698791e-02
-5.374789e-02
-2.932670e-02
-2.348075e-02
-2.408489e-02
-3.316270e-02
-4.791825e-02
-4.483255e-02
-5.512620e-02
-6.048916e-02
-6.421131e-02
-4.164321e-02
-2.599406e-02
-1.844068e-02
5.389292e-03
1.388083e-02
-9.197464e-04
-1.059768e-02
-7.577168e-03
-1.581501e-02
-1.527738e-02
-5.391818e-03
-5.095853e-03
1.200041e-02
7.501954e-03
-9.649055e-03
-1.649622e-02
-2.424281e-02
-1.448320e-02
8.892045e-03
1.958758e-02
3.231254e-02
3.926542e-02
2.463025e-02
1.469280e-02
8.401221e-03
3.828158e-03
7.209975e-03
1.951381e-02
5.032758e-02
5.986113e-02
6.396921e-02
6.924742e-02
6.739639e-02
7.539945e-02
8.420341e-02
9.269089e-02
9.813967e-02
1.015631e-01
9.767544e-02
8.926478e-02
7.995240e-02
7.659269e-02
8.073710e-02
8.886821e-02
1.004654e-01
1.045950e-01
1.047936e-01
9.647641e-02
9.255583e-02
9.941841e-02
9.181712e-02
8.841404e-02
8.819403e-02
8.563998e-02
7.551976e-02
6.119233e-02
5.733055e-02
4.138916e-02
4.766360e-02
3.920005e-02
1.634612e-02
5.026629e-05
-1.827587e-02
-2.552339e-02
-2.207996e-02
-3.641298e-02
-3.325611e-02
-3.683404e-02
-3.080831e-02
-3.441513e-02
-2.679237e-02
-2.599776e-03
1.146474e-03
-1.274236e-02
-3.092798e-02
-5.304332e-02
-8.222698e-02
-1.037670e-01
-1.308057e-01
-1.423707e-01
-1.370880e-01
-1.274337e-01
-1.395824e-01
-1.533918e-01
-1.654953e-01
-1.855911e-01
-2.067169e-01
-2.088944e-01
-2.055996e-01
-1.914024e-01
-1.760289e-01
-1.615348e-01
-1.598891e-01
-1.461323e-01
-1.434296e-01
-1.310435e-01
-1.263598e-01
-1.370410e-01
-1.419189e-01
-1.604695e-01
-1.802605e-01
-1.952427e-01
-1.916674e-01
-1.690973e-01
-1.546464e-01
-1.273559e-01
-1.143316e-01
-1.053987e-01
-1.020721e-01
-8.344581e-02
-8.584318e-02
-8.690403e-02
-8.861732e-02
-9.618662e-02
-8.612140e-02
-8.528080e-02
-7.376551e-02
-5.488106e-02
-3.726419e-02
-4.265083e-02
-4.575003e-02
-3.574652e-02
-2.345736e-02
-1.080270e-02
-6.721084e-03
-1.833022e-02
-1.418373e-02
-1.177253e-02
-1.464223e-02
4.540890e-04
1.042791e-02
1.198815e-02
1.963153e-02
1.450031e-02
2.522315e-02
3.820326e-02
4.656882e-02
6.647469e-02
6.679353e-02
7.175167e-02
6.980611e-02
4.603411e-02
3.380215e-02
2.056994e-02
1.788089e-02
2.797921e-02
3.450627e-02
4.341369e-02
5.236069e-02
6.455031e-02
7.292756e-02
6.949056e-02
5.816424e-02
5.109881e-02
3.251279e-02
1.667843e-02
-6.748224e-04
5.643498e-03
1.195639e-02
1.899744e-02
3.061856e-02
4.470353e-02
5.981530e-02
5.598870e-02
6.125545e-02
5.571541e-02
4.167706e-02
3.866471e-02
3.087138e-02
2.178313e-02
1.554960e-02
1.069577e-02
1.144578e-02
5.980074e-03
1.571860e-02
2.038316e-02
2.849725e-02
3.911354e-02
4.914398e-02
5.085801e-02
6.078060e-02
6.281735e-02
5.747351e-02
6.362405e-02
6.325613e-02
6.119692e-02
7.211881e-02
8.065002e-02
8.254703e-02
7.601332e-02
8.179470e-02
9.108187e-02
8.763862e-02
8.938708e-02
8.561789e-02
7.459667e-02
7.179744e-02
7.097319e-02
6.529025e-02
5.819537e-02
7.159801e-02
8.054854e-02
9.303679e-02
1.007318e-01
1.224627e-01
1.349192e-01
1.361145e-01
1.439589e-01
1.442467e-01
1.410214e-01
1.225960e-01
1.168644e-01
1.021251e-01
8.114280e-02
7.229963e-02
6.556728e-02
7.611431e-02
7.719556e-02
8.529359e-02
9.830818e-02
9.727895e-02
8.895414e-02
9.500243e-02
1.033475e-01
9.869213e-02
1.021315e-01
9.667300e-02
9.267940e-02
7.558171e-02
6.244183e-02
5.471520e-02
4.462518e-02
4.825546e-02
3.693904e-02
2.744284e-02
2.203434e-02
2.112499e-02
2.142829e-02
2.896043e-02
3.879801e-02
4.486906e-02
4.156933e-02
3.500513e-02
1.358057e-02
-6.768094e-03
-1.641719e-02
-2.361988e-02
-3.329807e-02
-3.346749e-02
-4.667405e-02
-3.986482e-02
-3.572681e-02
-3.195426e-02
-1.183340e-02
8.906632e-03
2.687815e-03
2.009748e-03
-1.919119e-03
-1.059682e-02
-8.733449e-03
-2.098423e-02
-1.159267e-02
-6.153914e-03
1.242503e-02
1.823288e-02
2.668493e-02
3.796227e-02
3.920582e-02
3.757229e-02
3.905476e-02
3.493648e-02
4.487263e-02
4.704943e-02
6.550407e-02
6.355721e-02
7.378747e-02
7.545868e-02
7.726458e-02
5.961788e-02
4.606336e-02
3.932903e-02
3.473323e-02
2.863973e-02
4.192055e-02
4.619385e-02
5.156282e-02
4.388675e-02
3.841598e-02
3.310383e-02
2.075309e-02
2.047167e-02
1.550638e-02
9.636594e-03
-1.387544e-04
3.370283e-03
-4.964976e-03
-6.135605e-03
-9.018500e-03
-1.916909e-02
-1.649956e-02
-2.293743e-02
-2.779807e-02
-2.746832e-02
-3.233191e-02
-2.033599e-02
-1.602968e-02
-8.829743e-03
-6.964441e-03
7.823859e-03
5.617438e-03
5.013832e-03
1.410241e-02
1.513668e-02
1.490662e-02
1.085493e-02
1.076158e-02
1.171934e-02
1.270112e-02
2.855120e-02
3.711291e-02
3.890291e-02
4.084186e-02
5.749719e-02
6.719488e-02
7.670927e-02
8.742474e-02
8.838909e-02
9.982884e-02
1.045337e-01
1.073886e-01
1.162745e-01
1.187503e-01
1.106723e-01
1.076024e-01
1.094903e-01
1.078697e-01
1.115892e-01
1.212494e-01
1.416502e-01
1.523679e-01
1.694139e-01
1.782871e-01
1.813660e-01
1.823799e-01
1.840277e-01
1.724537e-01
1.708975e-01
1.678226e-01
1.593645e-01
1.638177e-01
1.485992e-01
1.525091e-01
1.427390e-01
1.479749e-01
1.379586e-01
1.393916e-01
1.357138e-01
1.337349e-01
1.340173e-01
1.381753e-01
1.407614e-01
1.344033e-01
1.283243e-01
1.134542e-01
8.627301e-02
6.940195e-02
5.888387e-02
4.374743e-02
3.171874e-02
1.904027e-02
9.739594e-03
1.478256e-02
1.921408e-02
4.686008e-03
3.064405e-03
3.172974e-03
-8.762855e-03
-1.250494e-02
-1.864019e-02
-3.798914e-02
-4.529345e-02
-5.070465e-02
-5.715007e-02
-7.273986e-02
-8.636230e-02
-8.544362e-02
-9.276772e-02
-9.511488e-02
-9.747347e-02
-9.914635e-02
-1.083061e-01
-1.179163e-01
-1.268799e-01
-1.217583e-01
-1.268028e-01
-1.221046e-01
-1.134674e-01
-1.162294e-01
-1.106846e-01
-1.040973e-01
-1.081456e-01
-1.075213e-01
-1.000862e-01
-1.055326e-01
-9.984267e-02
-9.672809e-02
-9.203298e-02
-1.018940e-01
-1.074684e-01
-1.053879e-01
-1.088559e-01
-1.077605e-01
-1.052212e-01
-1.052533e-01
-1.005788e-01
-1.013711e-01
-8.620193e-02
-7.661784e-02
-8.252179e-02
-6.993174e-02
-7.221166e-02
-6.304032e-02
-6.568339e-02
-6.971509e-02
-7.109603e-02
-6.878571e-02
-7.317177e-02
-7.862402e-02
-7.075298e-02
-6.414839e-02
-5.114973e-02
-4.555414e-02
-3.044760e-02
-2.860884e-02
-3.745941e-02
-3.299902e-02
-3.582161e-02
-4.386426e-02
-5.015301e-02
-5.389334e-02
-5.649054e-02
-4.968394e-02
-3.592289e-02
-4.123027e-02
-2.363076e-02
-6.712336e-03
-3.577267e-03
-1.013925e-03
4.799015e-03
1.536762e-02
1.177342e-02
5.850583e-03
6.016397e-03
-1.515292e-03
-3.926613e-03
-9.532929e-03
-5.409106e-03
1.047839e-03
-3.813032e-03
-9.223813e-03
-1.415900e-02
-2.097876e-02
-1.734112e-02
2.484846e-04
7.147324e-03
3.250216e-02
3.607021e-02
4.201966e-02
3.733903e-02
3.375313e-02
2.743573e-02
2.348279e-02
2.858451e-02
2.979383e-02
3.570203e-02
4.584577e-02
5.329923e-02
5.763209e-02
6.890147e-02
7.333840e-02
7.353663e-02
7.380167e-02
7.051631e-02
6.895125e-02
6.553370e-02
6.314710e-02
7.088925e-02
7.542156e-02
7.547242e-02
7.629838e-02
7.591544e-02
8.424045e-02
9.655206e-02
9.483611e-02
1.073249e-01
1.034239e-01
1.084740e-01
1.070974e-01
9.653677e-02
9.965026e-02
8.833426e-02
8.784581e-02
7.932939e-02
6.694317e-02
6.614016e-02
5.542392e-02
5.437869e-02
5.348652e-02
5.027572e-02
5.430261e-02
5.563794e-02
6.182326e-02
6.429146e-02
6.277228e-02
5.780247e-02
6.149666e-02
6.917513e-02
5.731751e-02
4.997950e-02
4.847922e-02
3.962357e-02
3.912173e-02
3.541747e-02
1.955945e-02
1.190681e-02
4.241206e-03
-7.247010e-03
-1.133861e-02
-1.613639e-02
-2.513644e-02
-3.265688e-02
-4.040622e-02
-5.385778e-02
-5.276998e-02
-5.386535e-02
-6.270009e-02
-5.419878e-02
-4.334072e-02
-4.137229e-02
-3.461251e-02
-2.680935e-02
-1.419109e-02
-1.512706e-02
-1.061705e-02
-1.798338e-02
-3.391559e-02
-3.288060e-02
-3.417815e-02
-3.831211e-02
-4.657152e-02
-4.318474e-02
-3.141665e-02
-2.577776e-02
-2.612847e-02
-2.284549e-02
-1.374159e-02
-1.112363e-02
-2.148887e-03
1.301961e-02
2.324654e-02
3.788933e-02
4.709175e-02
5.858612e-02
6.529067e-02
6.252631e-02
6.923711e-02
5.644297e-02
5.528165e-02
5.951839e-02
5.131189e-02
4.448343e-02
3.843603e-02
2.462065e-02
1.815383e-02
1.758971e-02
8.214529e-03
8.949792e-04
-3.965453e-03
-1.735271e-02
-1.027093e-02
-4.302848e-03
-6.554870e-03
-1.854544e-02
-1.430940e-02
-5.835387e-03
-1.294916e-02
-9.368730e-03
-1.154441e-03
-3.834092e-03
8.223628e-03
3.579591e-03
5.168734e-03
-1.598075e-03
-9.779744e-04
-6.969936e-03
-1.223357e-02
-1.611238e-02
-2.725568e-02
-2.260541e-02
-2.695509e-02
-3.554709e-02
-3.237338e-02
-4.761677e-02
-4.217771e-02
-3.378506e-02
-4.243011e-02
-3.506967e-02
-2.469648e-02
-2.147767e-02
-8.565148e-03
-2.235610e-03
1.532693e-02
2.935888e-02
2.395209e-02
1.514969e-02
1.418542e-02
-5.440849e-03
-8.510102e-03
