LECROYWS4024HD 19320 Waveform
Segments 1 SegmentSize 3127
Segment TrigTime TimeSinceSegment1
#1 09-Jul-2024 00:11:57 0                 
Time Ampl
-0.000801553 -0.002470523
-0.000799953 -0.002352879
-0.000798353 -0.002235235
-0.000796753 -0.002352879
-0.000795153 -0.002588167
-0.000793553 -0.001882303
-0.000791953 -0.001999947
-0.000790353 -0.002352879
-0.000788753 -0.002470523
-0.000787153 -0.002117591
-0.000785553 -0.002352879
-0.000783953 -0.002352879
-0.000782353 -0.001999947
-0.000780753 -0.002352879
-0.000779153 -0.001999947
-0.000777553 -0.002235235
-0.000775953 -0.002235235
-0.000774353 -0.002235235
-0.000772753 -0.002470523
-0.000771153 -0.001882303
-0.000769553 -0.002117591
-0.000767953 -0.002117591
-0.000766353 -0.002588167
-0.000764753 -0.002352879
-0.000763153 -0.002352879
-0.000761553 -0.002235235
-0.000759953 -0.002352879
-0.000758353 -0.002352879
-0.000756753 -0.002117591
-0.000755153 -0.002117591
-0.000753553 -0.002117591
-0.000751953 -0.002352879
-0.000750353 -0.002470523
-0.000748753 -0.001882303
-0.000747153 -0.002352879
-0.000745553 -0.002470523
-0.000743953 -0.002235235
-0.000742353 -0.001999947
-0.000740753 -0.002235235
-0.000739153 -0.002117591
-0.000737553 -0.002470523
-0.000735953 -0.002117591
-0.000734353 -0.002352879
-0.000732753 -0.002352879
-0.000731153 -0.002235235
-0.000729553 -0.002470523
-0.000727953 -0.002470523
-0.000726353 -0.002588167
-0.000724753 -0.002823455
-0.000723153 -0.002117591
-0.000721553 -0.002352879
-0.000719953 -0.002352879
-0.000718353 -0.002235235
-0.000716753 -0.002470523
-0.000715153 -0.002117591
-0.000713553 -0.002117591
-0.000711953 -0.002352879
-0.000710353 -0.002352879
-0.000708753 -0.002352879
-0.000707153 -0.002235235
-0.000705553 -0.002470523
-0.000703953 -0.002352879
-0.000702353 -0.002588167
-0.000700753 -0.002352879
-0.000699153 -0.002588167
-0.000697553 -0.002235235
-0.000695953 -0.002117591
-0.000694353 -0.002235235
-0.000692753 -0.002588167
-0.000691153 -0.002588167
-0.000689553 -0.002352879
-0.000687953 -0.002470523
-0.000686353 -0.002352879
-0.000684753 -0.002705811
-0.000683153 -0.002588167
-0.000681553 -0.002352879
-0.000679953 -0.002352879
-0.000678353 -0.002470523
-0.000676753 -0.002235235
-0.000675153 -0.002705811
-0.000673553 -0.002470523
-0.000671953 -0.002235235
-0.000670353 -0.002588167
-0.000668753 -0.002352879
-0.000667153 -0.002235235
-0.000665553 -0.002470523
-0.000663953 -0.002705811
-0.000662353 -0.002470523
-0.000660753 -0.002705811
-0.000659153 -0.002117591
-0.000657553 -0.002705811
-0.000655953 -0.002235235
-0.000654353 -0.002470523
-0.000652753 -0.002588167
-0.000651153 -0.002588167
-0.000649553 -0.002705811
-0.000647953 -0.003058743
-0.000646353 -0.002352879
-0.000644753 -0.002352879
-0.000643153 -0.002470523
-0.000641553 -0.002470523
-0.000639953 -0.002470523
-0.000638353 -0.002470523
-0.000636753 -0.002352879
-0.000635153 -0.002470523
-0.000633553 -0.002588167
-0.000631953 -0.002352879
-0.000630353 -0.002588167
-0.000628753 -0.002705811
-0.000627153 -0.002588167
-0.000625553 -0.002941099
-0.000623953 -0.002588167
-0.000622353 -0.002705811
-0.000620753 -0.002705811
-0.000619153 -0.002705811
-0.000617553 -0.002470523
-0.000615953 -0.002588167
-0.000614353 -0.002470523
-0.000612753 -0.003058743
-0.000611153 -0.002823455
-0.000609553 -0.002588167
-0.000607953 -0.002470523
-0.000606353 -0.002470523
-0.000604753 -0.002823455
-0.000603153 -0.002588167
-0.000601553 -0.002588167
-0.000599953 -0.002705811
-0.000598353 -0.002117591
-0.000596753 -0.002823455
-0.000595153 -0.002470523
-0.000593553 -0.002470523
-0.000591953 -0.002352879
-0.000590353 -0.002470523
-0.000588753 -0.002705811
-0.000587153 -0.002470523
-0.000585553 -0.002352879
-0.000583953 -0.002588167
-0.000582353 -0.002352879
-0.000580753 -0.002470523
-0.000579153 -0.002470523
-0.000577553 -0.002823455
-0.000575953 -0.002352879
-0.000574353 -0.002470523
-0.000572753 -0.002705811
-0.000571153 -0.002823455
-0.000569553 -0.002705811
-0.000567953 -0.002470523
-0.000566353 -0.002235235
-0.000564753 -0.002470523
-0.000563153 -0.002588167
-0.000561553 -0.002117591
-0.000559953 -0.002588167
-0.000558353 -0.002823455
-0.000556753 -0.002352879
-0.000555153 -0.002470523
-0.000553553 -0.002588167
-0.000551953 -0.002705811
-0.000550353 -0.002470523
-0.000548753 -0.002588167
-0.000547153 -0.002588167
-0.000545553 -0.002588167
-0.000543953 -0.002470523
-0.000542353 -0.002705811
-0.000540753 -0.002470523
-0.000539153 -0.002823455
-0.000537553 -0.002705811
-0.000535953 -0.002941099
-0.000534353 -0.002705811
-0.000532753 -0.002705811
-0.000531153 -0.002705811
-0.000529553 -0.002823455
-0.000527953 -0.002352879
-0.000526353 -0.002470523
-0.000524753 -0.002352879
-0.000523153 -0.002705811
-0.000521553 -0.002588167
-0.000519953 -0.002588167
-0.000518353 -0.002588167
-0.000516753 -0.002470523
-0.000515153 -0.002470523
-0.000513553 -0.002117591
-0.000511953 -0.002705811
-0.000510353 -0.002588167
-0.000508753 -0.002352879
-0.000507153 -0.002705811
-0.000505553 -0.002588167
-0.000503953 -0.003058743
-0.000502353 -0.002470523
-0.000500753 -0.003058743
-0.000499153 -0.002588167
-0.000497553 -0.002823455
-0.000495953 -0.002823455
-0.000494353 -0.002705811
-0.000492753 -0.002470523
-0.000491153 -0.002823455
-0.000489553 -0.002705811
-0.000487953 -0.002588167
-0.000486353 -0.002823455
-0.000484753 -0.002588167
-0.000483153 -0.002705811
-0.000481553 -0.002588167
-0.000479953 -0.002705811
-0.000478353 -0.002588167
-0.000476753 -0.002941099
-0.000475153 -0.003176387
-0.000473553 -0.002941099
-0.000471953 -0.002941099
-0.000470353 -0.002941099
-0.000468753 -0.002705811
-0.000467153 -0.002352879
-0.000465553 -0.002588167
-0.000463953 -0.002823455
-0.000462353 -0.002823455
-0.000460753 -0.002705811
-0.000459153 -0.003058743
-0.000457553 -0.002470523
-0.000455953 -0.002705811
-0.000454353 -0.002588167
-0.000452753 -0.003058743
-0.000451153 -0.002705811
-0.000449553 -0.002588167
-0.000447953 -0.002588167
-0.000446353 -0.002941099
-0.000444753 -0.002941099
-0.000443153 -0.002941099
-0.000441553 -0.002705811
-0.000439953 -0.002941099
-0.000438353 -0.002588167
-0.000436753 -0.002705811
-0.000435153 -0.002823455
-0.000433553 -0.002470523
-0.000431953 -0.002588167
-0.000430353 -0.002823455
-0.000428753 -0.002470523
-0.000427153 -0.002941099
-0.000425553 -0.002470523
-0.000423953 -0.002823455
-0.000422353 -0.002588167
-0.000420753 -0.002705811
-0.000419153 -0.002470523
-0.000417553 -0.002705811
-0.000415953 -0.002823455
-0.000414353 -0.002705811
-0.000412753 -0.002823455
-0.000411153 -0.002823455
-0.000409553 -0.002941099
-0.000407953 -0.003058743
-0.000406353 -0.002705811
-0.000404753 -0.002941099
-0.000403153 -0.002823455
-0.000401553 -0.002705811
-0.000399953 -0.003058743
-0.000398353 -0.003176387
-0.000396753 -0.002941099
-0.000395153 -0.003294031
-0.000393553 -0.002588167
-0.000391953 -0.002823455
-0.000390353 -0.002941099
-0.000388753 -0.002588167
-0.000387153 -0.003058743
-0.000385553 -0.003176387
-0.000383953 -0.003058743
-0.000382353 -0.003176387
-0.000380753 -0.002705811
-0.000379153 -0.002941099
-0.000377553 -0.003058743
-0.000375953 -0.003058743
-0.000374353 -0.002823455
-0.000372753 -0.003294031
-0.000371153 -0.002823455
-0.000369553 -0.003294031
-0.000367953 -0.002941099
-0.000366353 -0.003058743
-0.000364753 -0.003058743
-0.000363153 -0.003294031
-0.000361553 -0.003176387
-0.000359953 -0.002941099
-0.000358353 -0.002941099
-0.000356753 -0.003176387
-0.000355153 -0.002941099
-0.000353553 -0.003294031
-0.000351953 -0.002941099
-0.000350353 -0.003058743
-0.000348753 -0.002823455
-0.000347153 -0.003058743
-0.000345553 -0.002823455
-0.000343953 -0.002941099
-0.000342353 -0.002941099
-0.000340753 -0.002941099
-0.000339153 -0.002941099
-0.000337553 -0.003294031
-0.000335953 -0.003058743
-0.000334353 -0.003058743
-0.000332753 -0.003176387
-0.000331153 -0.002823455
-0.000329553 -0.003176387
-0.000327953 -0.003176387
-0.000326353 -0.003058743
-0.000324753 -0.002823455
-0.000323153 -0.002588167
-0.000321553 -0.002941099
-0.000319953 -0.003176387
-0.000318353 -0.003176387
-0.000316753 -0.003176387
-0.000315153 -0.003294031
-0.000313553 -0.003058743
-0.000311953 -0.003411675
-0.000310353 -0.002823455
-0.000308753 -0.003411675
-0.000307153 -0.002823455
-0.000305553 -0.003058743
-0.000303953 -0.003411675
-0.000302353 -0.003176387
-0.000300753 -0.003058743
-0.000299153 -0.003058743
-0.000297553 -0.003176387
-0.000295953 -0.003176387
-0.000294353 -0.003294031
-0.000292753 -0.003294031
-0.000291153 -0.003176387
-0.000289553 -0.003411675
-0.000287953 -0.003294031
-0.000286353 -0.003294031
-0.000284753 -0.003176387
-0.000283153 -0.003176387
-0.000281553 -0.003058743
-0.000279953 -0.002941099
-0.000278353 -0.003176387
-0.000276753 -0.003411675
-0.000275153 -0.002941099
-0.000273553 -0.003411675
-0.000271953 -0.003176387
-0.000270353 -0.003176387
-0.000268753 -0.002941099
-0.000267153 -0.003294031
-0.000265553 -0.003176387
-0.000263953 -0.003294031
-0.000262353 -0.003176387
-0.000260753 -0.002941099
-0.000259153 -0.003294031
-0.000257553 -0.003176387
-0.000255953 -0.003058743
-0.000254353 -0.003294031
-0.000252753 -0.003176387
-0.000251153 -0.003294031
-0.000249553 -0.003411675
-0.000247953 -0.003058743
-0.000246353 -0.003294031
-0.000244753 -0.003294031
-0.000243153 -0.003294031
-0.000241553 -0.003294031
-0.000239953 -0.002941099
-0.000238353 -0.003294031
-0.000236753 -0.002941099
-0.000235153 -0.003529319
-0.000233553 -0.003646963
-0.000231953 -0.003411675
-0.000230353 -0.003294031
-0.000228753 -0.003294031
-0.000227153 -0.003176387
-0.000225553 -0.003411675
-0.000223953 -0.003176387
-0.000222353 -0.003882251
-0.000220753 -0.003176387
-0.000219153 -0.003294031
-0.000217553 -0.002941099
-0.000215953 -0.003529319
-0.000214353 -0.003411675
-0.000212753 -0.003529319
-0.000211153 -0.003411675
-0.000209553 -0.003294031
-0.000207953 -0.003294031
-0.000206353 -0.003411675
-0.000204753 -0.003529319
-0.000203153 -0.003411675
-0.000201553 -0.003529319
-0.000199953 -0.003294031
-0.000198353 -0.003176387
-0.000196753 -0.003411675
-0.000195153 -0.003176387
-0.000193553 -0.003764607
-0.000191953 -0.003294031
-0.000190353 -0.003411675
-0.000188753 -0.003176387
-0.000187153 -0.003764607
-0.000185553 -0.003294031
-0.000183953 -0.003411675
-0.000182353 -0.003411675
-0.000180753 -0.003411675
-0.000179153 -0.003529319
-0.000177553 -0.003411675
-0.000175953 -0.003176387
-0.000174353 -0.003411675
-0.000172753 -0.003176387
-0.000171153 -0.003294031
-0.000169553 -0.003411675
-0.000167953 -0.003176387
-0.000166353 -0.003411675
-0.000164753 -0.003882251
-0.000163153 -0.003411675
-0.000161553 -0.003646963
-0.000159953 -0.003529319
-0.000158353 -0.003411675
-0.000156753 -0.003411675
-0.000155153 -0.003411675
-0.000153553 -0.003411675
-0.000151953 -0.003294031
-0.000150353 -0.003176387
-0.000148753 -0.003529319
-0.000147153 -0.003176387
-0.000145553 -0.003529319
-0.000143953 -0.003411675
-0.000142353 -0.003529319
-0.000140753 -0.003058743
-0.000139153 -0.003529319
-0.000137553 -0.003176387
-0.000135953 -0.003411675
-0.000134353 -0.003176387
-0.000132753 -0.003529319
-0.000131153 -0.002941099
-0.000129553 -0.003646963
-0.000127953 -0.003294031
-0.000126353 -0.003411675
-0.000124753 -0.003058743
-0.000123153 -0.003646963
-0.000121553 -0.003294031
-0.000119953 -0.003529319
-0.000118353 -0.003411675
-0.000116753 -0.003411675
-0.000115153 -0.003058743
-0.000113553 -0.003646963
-0.000111953 -0.003411675
-0.000110353 -0.003529319
-0.000108753 -0.003529319
-0.000107153 -0.003294031
-0.000105553 -0.003176387
-0.000103953 -0.003529319
-0.000102353 -0.003176387
-0.000100753 -0.003646963
-9.9153e-005 -0.003529319
-9.7553e-005 -0.003411675
-9.5953e-005 -0.003176387
-9.4353e-005 -0.003529319
-9.2753e-005 -0.003529319
-9.1153e-005 -0.003411675
-8.9553e-005 -0.003646963
-8.7953e-005 -0.003294031
-8.6353e-005 -0.003294031
-8.4753e-005 -0.003764607
-8.3153e-005 -0.003176387
-8.1553e-005 -0.003764607
-7.9953e-005 -0.003411675
-7.8353e-005 -0.003764607
-7.6753e-005 -0.003529319
-7.5153e-005 -0.003764607
-7.3553e-005 -0.003646963
-7.1953e-005 -0.003411675
-7.0353e-005 -0.003176387
-6.8753e-005 -0.003764607
-6.7153e-005 -0.003646963
-6.5553e-005 -0.003411675
-6.3953e-005 -0.003294031
-6.2353e-005 -0.003646963
-6.0753e-005 -0.003411675
-5.9153e-005 -0.003529319
-5.7553e-005 -0.003529319
-5.5953e-005 -0.003646963
-5.4353e-005 -0.003411675
-5.2753e-005 -0.003529319
-5.1153e-005 -0.003294031
-4.9553e-005 -0.003646963
-4.7953e-005 -0.003646963
-4.6353e-005 -0.003882251
-4.4753e-005 -0.003646963
-4.3153e-005 -0.003882251
-4.1553e-005 -0.003529319
-3.9953e-005 -0.003999895
-3.8353e-005 -0.003764607
-3.6753e-005 -0.003764607
-3.5153e-005 -0.003176387
-3.3553e-005 -0.002235235
-3.1953e-005 -0.0009411517
-3.0353e-005 -0.0007058638
-2.8753e-005 -0.002470523
-2.7153e-005 -0.005529266
-2.5553e-005 -0.008823297
-2.3953e-005 -0.01376434
-2.2353e-005 -0.01870539
-2.0753e-005 -0.02294057
-1.9153e-005 -0.02599931
-1.7553e-005 -0.02905806
-1.5953e-005 -0.03188151
-1.4353e-005 -0.03446968
-1.2753e-005 -0.03658727
-1.1153e-005 -0.03741078
-9.553e-006 -0.03682256
-7.953e-006 -0.03388146
-6.353e-006 -0.02870513
-4.753e-006 -0.02164649
-3.153e-006 -0.0136467
-1.553e-006 -0.007058638
4.7e-008 -0.001764659
1.647e-006 0.0005882198
3.247e-006 0.001529371
4.847e-006 0.0002352879
6.447e-006 -0.001058796
8.047e-006 -0.001647015
9.647e-006 -0.002823455
1.1247e-005 -0.003058743
1.2847e-005 -0.003176387
1.4447e-005 -0.003764607
1.6047e-005 -0.003294031
1.7647e-005 -0.004117539
1.9247e-005 -0.003646963
2.0847e-005 -0.003294031
2.2447e-005 -0.002352879
2.4047e-005 -0.001411728
2.5647e-005 -0.0004705758
2.7247e-005 0.0003529319
2.8847e-005 0.0003529319
3.0447e-005 0.0002352879
3.2047e-005 -0.0007058638
3.3647e-005 -0.001411728
3.5247e-005 -0.002352879
3.6847e-005 -0.002235235
3.8447e-005 -0.001882303
4.0047e-005 -0.001764659
4.1647e-005 -0.002235235
4.3247e-005 -0.003411675
4.4847e-005 -0.004705758
4.6447e-005 -0.005882198
4.8047e-005 -0.006117486
4.9647e-005 -0.004705758
5.1247e-005 -0.003176387
5.2847e-005 -0.002117591
5.4447e-005 -0.001058796
5.6047e-005 -0.0005882198
5.7647e-005 -0.0009411517
5.9247e-005 -0.00117644
6.0847e-005 -0.002117591
6.2447e-005 -0.002823455
6.4047e-005 -0.003176387
6.5647e-005 -0.003764607
6.7247e-005 -0.003294031
6.8847e-005 -0.003411675
7.0447e-005 -0.003176387
7.2047e-005 -0.003882251
7.3647e-005 -0.004235183
7.5247e-005 -0.004941046
7.6847e-005 -0.00505869
7.8447e-005 -0.005764554
8.0047e-005 -0.005529266
8.1647e-005 -0.005764554
8.3247e-005 -0.00564691
8.4847e-005 -0.00564691
8.6447e-005 -0.005411622
8.8047e-005 -0.005293978
8.9647e-005 -0.004588114
9.1247e-005 -0.003882251
9.2847e-005 -0.003294031
9.4447e-005 -0.002941099
9.6047e-005 -0.002705811
9.7647e-005 -0.002941099
9.9247e-005 -0.002470523
0.000100847 -0.002588167
0.000102447 -0.002352879
0.000104047 -0.003176387
0.000105647 -0.003882251
0.000107247 -0.005176334
0.000108847 -0.00564691
0.000110447 -0.006588062
0.000112047 -0.007764501
0.000113647 -0.007764501
0.000115247 -0.008235077
0.000116847 -0.008705653
0.000118447 -0.008352721
0.000120047 -0.007646857
0.000121647 -0.007058638
0.000123247 -0.006117486
0.000124847 -0.00564691
0.000126447 -0.00505869
0.000128047 -0.004352826
0.000129647 -0.003529319
0.000131247 -0.002941099
0.000132847 -0.003058743
0.000134447 -0.003176387
0.000136047 -0.003176387
0.000137647 -0.003176387
0.000139247 -0.003529319
0.000140847 -0.002823455
0.000142447 -0.002588167
0.000144047 -0.002117591
0.000145647 -0.001882303
0.000147247 -0.001882303
0.000148847 -0.001529371
0.000150447 -0.0009411517
0.000152047 -0.0005882198
0.000153647 -0.0005882198
0.000155247 -0.0002352879
0.000156847 -0.0004705758
0.000158447 -0.000117644
0.000160047 0
0.000161647 0.0004705758
0.000163247 0.000117644
0.000164847 -0.000117644
0.000166447 -0.0002352879
0.000168047 0
0.000169647 0.0002352879
0.000171247 0
0.000172847 0.000117644
0.000174447 -0.0008235077
0.000176047 -0.001058796
0.000177647 -0.001294084
0.000179247 -0.0008235077
0.000180847 -0.0005882198
0.000182447 -0.0003529319
0.000184047 -0.0002352879
0.000185647 0.0002352879
0.000187247 0.0002352879
0.000188847 -0.000117644
0.000190447 -0.000117644
0.000192047 -0.0005882198
0.000193647 -0.0009411517
0.000195247 -0.0009411517
0.000196847 -0.001529371
0.000198447 -0.001647015
0.000200047 -0.001529371
0.000201647 -0.001411728
0.000203247 -0.001058796
0.000204847 -0.0009411517
0.000206447 -0.0005882198
0.000208047 -0.0004705758
0.000209647 -0.0004705758
0.000211247 -0.0002352879
0.000212847 -0.0005882198
0.000214447 -0.001058796
0.000216047 -0.001411728
0.000217647 -0.002352879
0.000219247 -0.003176387
0.000220847 -0.003176387
0.000222447 -0.004117539
0.000224047 -0.004352826
0.000225647 -0.00505869
0.000227247 -0.005411622
0.000228847 -0.00564691
0.000230447 -0.00564691
0.000232047 -0.00564691
0.000233647 -0.005411622
0.000235247 -0.005293978
0.000236847 -0.003646963
0.000238447 -0.003058743
0.000240047 -0.002117591
0.000241647 -0.001764659
0.000243247 -0.001529371
0.000244847 -0.001529371
0.000246447 -0.001529371
0.000248047 -0.001529371
0.000249647 -0.001647015
0.000251247 -0.001882303
0.000252847 -0.001999947
0.000254447 -0.002235235
0.000256047 -0.001764659
0.000257647 -0.002235235
0.000259247 -0.001999947
0.000260847 -0.001999947
0.000262447 -0.001294084
0.000264047 -0.0009411517
0.000265647 -0.0004705758
0.000267247 -0.0002352879
0.000268847 0.000117644
0.000270447 0.0004705758
0.000272047 0.0005882198
0.000273647 0.0007058638
0.000275247 0.0003529319
0.000276847 0.0004705758
0.000278447 0.0003529319
0.000280047 0.0002352879
0.000281647 0
0.000283247 -0.000117644
0.000284847 -0.0004705758
0.000286447 -0.0002352879
0.000288047 -0.000117644
0.000289647 -0.0004705758
0.000291247 -0.0007058638
0.000292847 -0.0005882198
0.000294447 -0.0007058638
0.000296047 -0.0004705758
0.000297647 -0.0004705758
0.000299247 0
0.000300847 0
0.000302447 0.0002352879
0.000304047 0.0002352879
0.000305647 0.0007058638
0.000307247 0.0008235077
0.000308847 0.0003529319
0.000310447 -0.0002352879
0.000312047 -0.0003529319
0.000313647 -0.0004705758
0.000315247 -0.0007058638
0.000316847 -0.0008235077
0.000318447 -0.001058796
0.000320047 -0.001058796
0.000321647 -0.0009411517
0.000323247 -0.0009411517
0.000324847 -0.0005882198
0.000326447 -0.0003529319
0.000328047 -0.0004705758
0.000329647 -0.0002352879
0.000331247 -0.0004705758
0.000332847 -0.0005882198
0.000334447 -0.001411728
0.000336047 -0.001882303
0.000337647 -0.002941099
0.000339247 -0.003646963
0.000340847 -0.004705758
0.000342447 -0.005176334
0.000344047 -0.005764554
0.000345647 -0.00564691
0.000347247 -0.00564691
0.000348847 -0.005176334
0.000350447 -0.00447047
0.000352047 -0.003294031
0.000353647 -0.003058743
0.000355247 -0.002117591
0.000356847 -0.001647015
0.000358447 -0.001058796
0.000360047 -0.0008235077
0.000361647 -0.0009411517
0.000363247 -0.001294084
0.000364847 -0.001529371
0.000366447 -0.001647015
0.000368047 -0.001882303
0.000369647 -0.002470523
0.000371247 -0.002823455
0.000372847 -0.003529319
0.000374447 -0.003764607
0.000376047 -0.003764607
0.000377647 -0.003882251
0.000379247 -0.004235183
0.000380847 -0.003646963
0.000382447 -0.003411675
0.000384047 -0.002941099
0.000385647 -0.002823455
0.000387247 -0.002235235
0.000388847 -0.002352879
0.000390447 -0.002352879
0.000392047 -0.002352879
0.000393647 -0.002470523
0.000395247 -0.002352879
0.000396847 -0.002470523
0.000398447 -0.001882303
0.000400047 -0.001882303
0.000401647 -0.002117591
0.000403247 -0.001764659
0.000404847 -0.002117591
0.000406447 -0.001999947
0.000408047 -0.001999947
0.000409647 -0.002235235
0.000411247 -0.002235235
0.000412847 -0.001882303
0.000414447 -0.001999947
0.000416047 -0.002235235
0.000417647 -0.002352879
0.000419247 -0.002588167
0.000420847 -0.003529319
0.000422447 -0.003764607
0.000424047 -0.003882251
0.000425647 -0.004352826
0.000427247 -0.00505869
0.000428847 -0.00505869
0.000430447 -0.005529266
0.000432047 -0.005293978
0.000433647 -0.005882198
0.000435247 -0.005764554
0.000436847 -0.00564691
0.000438447 -0.005999842
0.000440047 -0.006352774
0.000441647 -0.006470418
0.000443247 -0.00623513
0.000444847 -0.006588062
0.000446447 -0.00623513
0.000448047 -0.005529266
0.000449647 -0.005529266
0.000451247 -0.004941046
0.000452847 -0.004235183
0.000454447 -0.003529319
0.000456047 -0.003764607
0.000457647 -0.003294031
0.000459247 -0.003294031
0.000460847 -0.002941099
0.000462447 -0.003058743
0.000464047 -0.002823455
0.000465647 -0.003176387
0.000467247 -0.003294031
0.000468847 -0.003764607
0.000470447 -0.003999895
0.000472047 -0.004235183
0.000473647 -0.00447047
0.000475247 -0.005293978
0.000476847 -0.004588114
0.000478447 -0.005293978
0.000480047 -0.005411622
0.000481647 -0.005764554
0.000483247 -0.005999842
0.000484847 -0.006117486
0.000486447 -0.005999842
0.000488047 -0.005999842
0.000489647 -0.005882198
0.000491247 -0.00564691
0.000492847 -0.005411622
0.000494447 -0.005529266
0.000496047 -0.00505869
0.000497647 -0.00564691
0.000499247 -0.005293978
0.000500847 -0.005529266
0.000502447 -0.00505869
0.000504047 -0.004705758
0.000505647 -0.004235183
0.000507247 -0.004235183
0.000508847 -0.003764607
0.000510447 -0.003882251
0.000512047 -0.003411675
0.000513647 -0.003411675
0.000515247 -0.002823455
0.000516847 -0.002117591
0.000518447 -0.001764659
0.000520047 -0.001294084
0.000521647 -0.0007058638
0.000523247 -0.0007058638
0.000524847 -0.000117644
0.000526447 0
0.000528047 -0.0002352879
0.000529647 0
0.000531247 -0.0003529319
0.000532847 -0.000117644
0.000534447 -0.000117644
0.000536047 0
0.000537647 -0.000117644
0.000539247 -0.0005882198
0.000540847 -0.0008235077
0.000542447 -0.001058796
0.000544047 -0.00117644
0.000545647 -0.001294084
0.000547247 -0.001529371
0.000548847 -0.001529371
0.000550447 -0.001999947
0.000552047 -0.001882303
0.000553647 -0.002117591
0.000555247 -0.002823455
0.000556847 -0.002470523
0.000558447 -0.003411675
0.000560047 -0.003411675
0.000561647 -0.003882251
0.000563247 -0.003764607
0.000564847 -0.004117539
0.000566447 -0.004117539
0.000568047 -0.003764607
0.000569647 -0.003529319
0.000571247 -0.003411675
0.000572847 -0.002823455
0.000574447 -0.002470523
0.000576047 -0.002117591
0.000577647 -0.001647015
0.000579247 -0.001647015
0.000580847 -0.001529371
0.000582447 -0.001647015
0.000584047 -0.001882303
0.000585647 -0.001529371
0.000587247 -0.001882303
0.000588847 -0.001882303
0.000590447 -0.002352879
0.000592047 -0.002235235
0.000593647 -0.003176387
0.000595247 -0.002941099
0.000596847 -0.003176387
0.000598447 -0.003176387
0.000600047 -0.003176387
0.000601647 -0.003058743
0.000603247 -0.003294031
0.000604847 -0.002941099
0.000606447 -0.003176387
0.000608047 -0.002941099
0.000609647 -0.003294031
0.000611247 -0.003294031
0.000612847 -0.003646963
0.000614447 -0.003646963
0.000616047 -0.003646963
0.000617647 -0.003764607
0.000619247 -0.003999895
0.000620847 -0.004352826
0.000622447 -0.004588114
0.000624047 -0.00447047
0.000625647 -0.004705758
0.000627247 -0.00447047
0.000628847 -0.005176334
0.000630447 -0.004588114
0.000632047 -0.004705758
0.000633647 -0.004941046
0.000635247 -0.00505869
0.000636847 -0.003999895
0.000638447 -0.00447047
0.000640047 -0.004235183
0.000641647 -0.004117539
0.000643247 -0.003411675
0.000644847 -0.003529319
0.000646447 -0.003294031
0.000648047 -0.003058743
0.000649647 -0.002823455
0.000651247 -0.002352879
0.000652847 -0.002235235
0.000654447 -0.002117591
0.000656047 -0.001294084
0.000657647 -0.001294084
0.000659247 -0.001294084
0.000660847 -0.0005882198
0.000662447 -0.0005882198
0.000664047 -0.0004705758
0.000665647 -0.0005882198
0.000667247 -0.0003529319
0.000668847 -0.0004705758
0.000670447 -0.0005882198
0.000672047 -0.0005882198
0.000673647 -0.0002352879
0.000675247 -0.0007058638
0.000676847 -0.0007058638
0.000678447 -0.0004705758
0.000680047 -0.0008235077
0.000681647 -0.0005882198
0.000683247 -0.0004705758
0.000684847 -0.0005882198
0.000686447 -0.001058796
0.000688047 -0.001058796
0.000689647 -0.001529371
0.000691247 -0.001294084
0.000692847 -0.001529371
0.000694447 -0.001529371
0.000696047 -0.002352879
0.000697647 -0.002470523
0.000699247 -0.003411675
0.000700847 -0.003529319
0.000702447 -0.00447047
0.000704047 -0.004352826
0.000705647 -0.005293978
0.000707247 -0.005293978
0.000708847 -0.005999842
0.000710447 -0.00623513
0.000712047 -0.006588062
0.000713647 -0.006470418
0.000715247 -0.00682335
0.000716847 -0.006352774
0.000718447 -0.00682335
0.000720047 -0.006705706
0.000721647 -0.006352774
0.000723247 -0.005882198
0.000724847 -0.00564691
0.000726447 -0.004941046
0.000728047 -0.005176334
0.000729647 -0.004941046
0.000731247 -0.004941046
0.000732847 -0.004117539
0.000734447 -0.004117539
0.000736047 -0.003764607
0.000737647 -0.004117539
0.000739247 -0.003999895
0.000740847 -0.003764607
0.000742447 -0.003999895
0.000744047 -0.003764607
0.000745647 -0.003882251
0.000747247 -0.003646963
0.000748847 -0.003646963
0.000750447 -0.003646963
0.000752047 -0.003529319
0.000753647 -0.003646963
0.000755247 -0.003529319
0.000756847 -0.003176387
0.000758447 -0.003294031
0.000760047 -0.003176387
0.000761647 -0.003058743
0.000763247 -0.003294031
0.000764847 -0.003411675
0.000766447 -0.003176387
0.000768047 -0.002941099
0.000769647 -0.003176387
0.000771247 -0.003529319
0.000772847 -0.003058743
0.000774447 -0.003411675
0.000776047 -0.003294031
0.000777647 -0.003176387
0.000779247 -0.003294031
0.000780847 -0.003294031
0.000782447 -0.002588167
0.000784047 -0.002705811
0.000785647 -0.002588167
0.000787247 -0.002470523
0.000788847 -0.002941099
0.000790447 -0.002705811
0.000792047 -0.002823455
0.000793647 -0.002941099
0.000795247 -0.003294031
0.000796847 -0.003294031
0.000798447 -0.003764607
0.000800047 -0.003764607
0.000801647 -0.003882251
0.000803247 -0.004117539
0.000804847 -0.00447047
0.000806447 -0.004235183
0.000808047 -0.00505869
0.000809647 -0.004588114
0.000811247 -0.00505869
0.000812847 -0.004705758
0.000814447 -0.004941046
0.000816047 -0.005293978
0.000817647 -0.00564691
0.000819247 -0.005529266
0.000820847 -0.005764554
0.000822447 -0.006352774
0.000824047 -0.006705706
0.000825647 -0.006940994
0.000827247 -0.006470418
0.000828847 -0.006705706
0.000830447 -0.006705706
0.000832047 -0.006705706
0.000833647 -0.00682335
0.000835247 -0.006940994
0.000836847 -0.006940994
0.000838447 -0.00682335
0.000840047 -0.006117486
0.000841647 -0.006470418
0.000843247 -0.006588062
0.000844847 -0.006470418
0.000846447 -0.006352774
0.000848047 -0.00623513
0.000849647 -0.006705706
0.000851247 -0.006470418
0.000852847 -0.00682335
0.000854447 -0.006705706
0.000856047 -0.007058638
0.000857647 -0.007293925
0.000859247 -0.007646857
0.000860847 -0.007882145
0.000862447 -0.007999789
0.000864047 -0.007999789
0.000865647 -0.008470365
0.000867247 -0.008352721
0.000868847 -0.008470365
0.000870447 -0.008235077
0.000872047 -0.007882145
0.000873647 -0.007764501
0.000875247 -0.007293925
0.000876847 -0.006940994
0.000878447 -0.007058638
0.000880047 -0.006705706
0.000881647 -0.006117486
0.000883247 -0.005411622
0.000884847 -0.005529266
0.000886447 -0.005293978
0.000888047 -0.005293978
0.000889647 -0.00505869
0.000891247 -0.004941046
0.000892847 -0.004941046
0.000894447 -0.00505869
0.000896047 -0.00447047
0.000897647 -0.004705758
0.000899247 -0.004352826
0.000900847 -0.004705758
0.000902447 -0.00447047
0.000904047 -0.004823402
0.000905647 -0.00447047
0.000907247 -0.004705758
0.000908847 -0.004117539
0.000910447 -0.004352826
0.000912047 -0.004352826
0.000913647 -0.00447047
0.000915247 -0.004117539
0.000916847 -0.004705758
0.000918447 -0.00447047
0.000920047 -0.004941046
0.000921647 -0.004823402
0.000923247 -0.00505869
0.000924847 -0.004823402
0.000926447 -0.00505869
0.000928047 -0.005411622
0.000929647 -0.005882198
0.000931247 -0.005764554
0.000932847 -0.006117486
0.000934447 -0.005999842
0.000936047 -0.005882198
0.000937647 -0.006117486
0.000939247 -0.005999842
0.000940847 -0.006117486
0.000942447 -0.006117486
0.000944047 -0.005882198
0.000945647 -0.00564691
0.000947247 -0.005293978
0.000948847 -0.005529266
0.000950447 -0.00505869
0.000952047 -0.004823402
0.000953647 -0.004588114
0.000955247 -0.004705758
0.000956847 -0.004588114
0.000958447 -0.004588114
0.000960047 -0.003882251
0.000961647 -0.004705758
0.000963247 -0.003882251
0.000964847 -0.003882251
0.000966447 -0.003411675
0.000968047 -0.003646963
0.000969647 -0.003294031
0.000971247 -0.003529319
0.000972847 -0.003882251
0.000974447 -0.003646963
0.000976047 -0.003529319
0.000977647 -0.003999895
0.000979247 -0.003999895
0.000980847 -0.004117539
0.000982447 -0.004117539
0.000984047 -0.004352826
0.000985647 -0.004235183
0.000987247 -0.004588114
0.000988847 -0.004588114
0.000990447 -0.004705758
0.000992047 -0.003882251
0.000993647 -0.003764607
0.000995247 -0.003529319
0.000996847 -0.003411675
0.000998447 -0.002588167
0.001000047 -0.002352879
0.001001647 -0.002117591
0.001003247 -0.002235235
0.001004847 -0.002235235
0.001006447 -0.001647015
0.001008047 -0.001764659
0.001009647 -0.001999947
0.001011247 -0.001999947
0.001012847 -0.001999947
0.001014447 -0.002352879
0.001016047 -0.002235235
0.001017647 -0.001882303
0.001019247 -0.002117591
0.001020847 -0.001882303
0.001022447 -0.001999947
0.001024047 -0.001882303
0.001025647 -0.001764659
0.001027247 -0.002117591
0.001028847 -0.002470523
0.001030447 -0.002705811
0.001032047 -0.003294031
0.001033647 -0.003411675
0.001035247 -0.003764607
0.001036847 -0.004235183
0.001038447 -0.004588114
0.001040047 -0.004705758
0.001041647 -0.005176334
0.001043247 -0.004941046
0.001044847 -0.004941046
0.001046447 -0.00505869
0.001048047 -0.005176334
0.001049647 -0.005176334
0.001051247 -0.005411622
0.001052847 -0.005176334
0.001054447 -0.005293978
0.001056047 -0.004823402
0.001057647 -0.005411622
0.001059247 -0.005411622
0.001060847 -0.005529266
0.001062447 -0.005882198
0.001064047 -0.00623513
0.001065647 -0.006588062
0.001067247 -0.006705706
0.001068847 -0.007176281
0.001070447 -0.007176281
0.001072047 -0.007176281
0.001073647 -0.007529213
0.001075247 -0.007293925
0.001076847 -0.007411569
0.001078447 -0.007411569
0.001080047 -0.007293925
0.001081647 -0.007529213
0.001083247 -0.007411569
0.001084847 -0.007293925
0.001086447 -0.007058638
0.001088047 -0.007293925
0.001089647 -0.007176281
0.001091247 -0.007058638
0.001092847 -0.007293925
0.001094447 -0.00682335
0.001096047 -0.006940994
0.001097647 -0.00682335
0.001099247 -0.006705706
0.001100847 -0.006470418
0.001102447 -0.006470418
0.001104047 -0.006117486
0.001105647 -0.005999842
0.001107247 -0.00623513
0.001108847 -0.005764554
0.001110447 -0.005764554
0.001112047 -0.005529266
0.001113647 -0.00564691
0.001115247 -0.005764554
0.001116847 -0.005411622
0.001118447 -0.00564691
0.001120047 -0.00564691
0.001121647 -0.005999842
0.001123247 -0.00623513
0.001124847 -0.005882198
0.001126447 -0.005999842
0.001128047 -0.00623513
0.001129647 -0.005999842
0.001131247 -0.005999842
0.001132847 -0.005999842
0.001134447 -0.006117486
0.001136047 -0.005882198
0.001137647 -0.006470418
0.001139247 -0.006117486
0.001140847 -0.006117486
0.001142447 -0.00623513
0.001144047 -0.00623513
0.001145647 -0.005999842
0.001147247 -0.00564691
0.001148847 -0.005999842
0.001150447 -0.006352774
0.001152047 -0.005999842
0.001153647 -0.00623513
0.001155247 -0.006352774
0.001156847 -0.006352774
0.001158447 -0.005882198
0.001160047 -0.005882198
0.001161647 -0.006470418
0.001163247 -0.006352774
0.001164847 -0.00623513
0.001166447 -0.005764554
0.001168047 -0.005999842
0.001169647 -0.006352774
0.001171247 -0.00623513
0.001172847 -0.006470418
0.001174447 -0.006470418
0.001176047 -0.006588062
0.001177647 -0.006588062
0.001179247 -0.007058638
0.001180847 -0.00682335
0.001182447 -0.00682335
0.001184047 -0.00682335
0.001185647 -0.00682335
0.001187247 -0.00682335
0.001188847 -0.007058638
0.001190447 -0.006940994
0.001192047 -0.006940994
0.001193647 -0.00682335
0.001195247 -0.007176281
0.001196847 -0.007293925
0.001198447 -0.007293925
0.001200047 -0.007176281
0.001201647 -0.007176281
0.001203247 -0.00682335
0.001204847 -0.006705706
0.001206447 -0.006470418
0.001208047 -0.006470418
0.001209647 -0.00623513
0.001211247 -0.006705706
0.001212847 -0.006117486
0.001214447 -0.006117486
0.001216047 -0.006117486
0.001217647 -0.006352774
0.001219247 -0.00623513
0.001220847 -0.006470418
0.001222447 -0.006705706
0.001224047 -0.006588062
0.001225647 -0.006705706
0.001227247 -0.007058638
0.001228847 -0.007293925
0.001230447 -0.007176281
0.001232047 -0.007176281
0.001233647 -0.007293925
0.001235247 -0.007176281
0.001236847 -0.007293925
0.001238447 -0.007764501
0.001240047 -0.007293925
0.001241647 -0.007411569
0.001243247 -0.007646857
0.001244847 -0.007882145
0.001246447 -0.007764501
0.001248047 -0.007411569
0.001249647 -0.007293925
0.001251247 -0.007529213
0.001252847 -0.007529213
0.001254447 -0.007176281
0.001256047 -0.007058638
0.001257647 -0.006705706
0.001259247 -0.006940994
0.001260847 -0.006588062
0.001262447 -0.00682335
0.001264047 -0.006588062
0.001265647 -0.006705706
0.001267247 -0.006470418
0.001268847 -0.006940994
0.001270447 -0.00682335
0.001272047 -0.007058638
0.001273647 -0.006940994
0.001275247 -0.007176281
0.001276847 -0.00682335
0.001278447 -0.007058638
0.001280047 -0.00682335
0.001281647 -0.007293925
0.001283247 -0.00682335
0.001284847 -0.007293925
0.001286447 -0.007176281
0.001288047 -0.007529213
0.001289647 -0.007411569
0.001291247 -0.007529213
0.001292847 -0.007646857
0.001294447 -0.007764501
0.001296047 -0.007882145
0.001297647 -0.007999789
0.001299247 -0.007764501
0.001300847 -0.007882145
0.001302447 -0.007646857
0.001304047 -0.007646857
0.001305647 -0.007764501
0.001307247 -0.007411569
0.001308847 -0.007411569
0.001310447 -0.007293925
0.001312047 -0.007293925
0.001313647 -0.00682335
0.001315247 -0.006588062
0.001316847 -0.006470418
0.001318447 -0.005882198
0.001320047 -0.005999842
0.001321647 -0.005882198
0.001323247 -0.005882198
0.001324847 -0.005764554
0.001326447 -0.006117486
0.001328047 -0.005999842
0.001329647 -0.005764554
0.001331247 -0.006117486
0.001332847 -0.006588062
0.001334447 -0.006470418
0.001336047 -0.007176281
0.001337647 -0.007176281
0.001339247 -0.007293925
0.001340847 -0.007411569
0.001342447 -0.007293925
0.001344047 -0.007293925
0.001345647 -0.007293925
0.001347247 -0.006940994
0.001348847 -0.006940994
0.001350447 -0.006588062
0.001352047 -0.006588062
0.001353647 -0.006352774
0.001355247 -0.00564691
0.001356847 -0.005529266
0.001358447 -0.00564691
0.001360047 -0.004941046
0.001361647 -0.005411622
0.001363247 -0.004941046
0.001364847 -0.005293978
0.001366447 -0.004823402
0.001368047 -0.005176334
0.001369647 -0.004705758
0.001371247 -0.00447047
0.001372847 -0.004235183
0.001374447 -0.004352826
0.001376047 -0.004235183
0.001377647 -0.00447047
0.001379247 -0.004117539
0.001380847 -0.004117539
0.001382447 -0.003646963
0.001384047 -0.004352826
0.001385647 -0.003882251
0.001387247 -0.004352826
0.001388847 -0.004352826
0.001390447 -0.004588114
0.001392047 -0.004705758
0.001393647 -0.00564691
0.001395247 -0.005764554
0.001396847 -0.00623513
0.001398447 -0.006117486
0.001400047 -0.006705706
0.001401647 -0.00682335
0.001403247 -0.006705706
0.001404847 -0.00682335
0.001406447 -0.007058638
0.001408047 -0.007176281
0.001409647 -0.007529213
0.001411247 -0.00682335
0.001412847 -0.007058638
0.001414447 -0.006588062
0.001416047 -0.006470418
0.001417647 -0.006588062
0.001419247 -0.00623513
0.001420847 -0.00564691
0.001422447 -0.005882198
0.001424047 -0.005529266
0.001425647 -0.005764554
0.001427247 -0.005882198
0.001428847 -0.005999842
0.001430447 -0.006117486
0.001432047 -0.006352774
0.001433647 -0.006352774
0.001435247 -0.006470418
0.001436847 -0.006705706
0.001438447 -0.006588062
0.001440047 -0.006352774
0.001441647 -0.006117486
0.001443247 -0.006117486
0.001444847 -0.006117486
0.001446447 -0.00564691
0.001448047 -0.00564691
0.001449647 -0.005293978
0.001451247 -0.00505869
0.001452847 -0.004941046
0.001454447 -0.00505869
0.001456047 -0.005293978
0.001457647 -0.00505869
0.001459247 -0.00505869
0.001460847 -0.005293978
0.001462447 -0.005411622
0.001464047 -0.005882198
0.001465647 -0.005999842
0.001467247 -0.006352774
0.001468847 -0.006470418
0.001470447 -0.00682335
0.001472047 -0.007058638
0.001473647 -0.00682335
0.001475247 -0.007176281
0.001476847 -0.007176281
0.001478447 -0.007176281
0.001480047 -0.007058638
0.001481647 -0.007293925
0.001483247 -0.007293925
0.001484847 -0.00682335
0.001486447 -0.007764501
0.001488047 -0.007529213
0.001489647 -0.007764501
0.001491247 -0.007529213
0.001492847 -0.007999789
0.001494447 -0.008117433
0.001496047 -0.008117433
0.001497647 -0.008117433
0.001499247 -0.008117433
0.001500847 -0.008117433
0.001502447 -0.008235077
0.001504047 -0.008117433
0.001505647 -0.007646857
0.001507247 -0.007529213
0.001508847 -0.006940994
0.001510447 -0.00682335
0.001512047 -0.006470418
0.001513647 -0.005764554
0.001515247 -0.006117486
0.001516847 -0.005999842
0.001518447 -0.005293978
0.001520047 -0.00564691
0.001521647 -0.005999842
0.001523247 -0.005529266
0.001524847 -0.006117486
0.001526447 -0.006117486
0.001528047 -0.006117486
0.001529647 -0.00623513
0.001531247 -0.006352774
0.001532847 -0.005999842
0.001534447 -0.006352774
0.001536047 -0.006470418
0.001537647 -0.006705706
0.001539247 -0.006588062
0.001540847 -0.00682335
0.001542447 -0.006588062
0.001544047 -0.006705706
0.001545647 -0.00682335
0.001547247 -0.006940994
0.001548847 -0.007176281
0.001550447 -0.007058638
0.001552047 -0.007058638
0.001553647 -0.006940994
0.001555247 -0.006940994
0.001556847 -0.00682335
0.001558447 -0.006705706
0.001560047 -0.007176281
0.001561647 -0.00682335
0.001563247 -0.006705706
0.001564847 -0.006470418
0.001566447 -0.00623513
0.001568047 -0.006470418
0.001569647 -0.006117486
0.001571247 -0.00623513
0.001572847 -0.00623513
0.001574447 -0.005882198
0.001576047 -0.006117486
0.001577647 -0.005999842
0.001579247 -0.00623513
0.001580847 -0.005882198
0.001582447 -0.005882198
0.001584047 -0.006117486
0.001585647 -0.006117486
0.001587247 -0.006117486
0.001588847 -0.00623513
0.001590447 -0.005999842
0.001592047 -0.006470418
0.001593647 -0.00623513
0.001595247 -0.006352774
0.001596847 -0.00623513
0.001598447 -0.006352774
0.001600047 -0.006352774
0.001601647 -0.006117486
0.001603247 -0.00623513
0.001604847 -0.005882198
0.001606447 -0.005882198
0.001608047 -0.005529266
0.001609647 -0.005529266
0.001611247 -0.005411622
0.001612847 -0.005411622
0.001614447 -0.004941046
0.001616047 -0.004941046
0.001617647 -0.00505869
0.001619247 -0.004941046
0.001620847 -0.00505869
0.001622447 -0.004941046
0.001624047 -0.005293978
0.001625647 -0.00447047
0.001627247 -0.005529266
0.001628847 -0.004823402
0.001630447 -0.005764554
0.001632047 -0.00505869
0.001633647 -0.005293978
0.001635247 -0.004823402
0.001636847 -0.005529266
0.001638447 -0.005293978
0.001640047 -0.005764554
0.001641647 -0.005293978
0.001643247 -0.005411622
0.001644847 -0.005411622
0.001646447 -0.005293978
0.001648047 -0.005293978
0.001649647 -0.004941046
0.001651247 -0.005293978
0.001652847 -0.00505869
0.001654447 -0.00505869
0.001656047 -0.004705758
0.001657647 -0.004823402
0.001659247 -0.004941046
0.001660847 -0.004235183
0.001662447 -0.004823402
0.001664047 -0.004352826
0.001665647 -0.004705758
0.001667247 -0.00447047
0.001668847 -0.004352826
0.001670447 -0.00447047
0.001672047 -0.004235183
0.001673647 -0.004352826
0.001675247 -0.004823402
0.001676847 -0.004235183
0.001678447 -0.00447047
0.001680047 -0.004588114
0.001681647 -0.00505869
0.001683247 -0.004823402
0.001684847 -0.005176334
0.001686447 -0.004823402
0.001688047 -0.005176334
0.001689647 -0.005411622
0.001691247 -0.005411622
0.001692847 -0.00564691
0.001694447 -0.005764554
0.001696047 -0.005764554
0.001697647 -0.00623513
0.001699247 -0.005882198
0.001700847 -0.006470418
0.001702447 -0.006588062
0.001704047 -0.006470418
0.001705647 -0.006470418
0.001707247 -0.006352774
0.001708847 -0.006117486
0.001710447 -0.006117486
0.001712047 -0.005882198
0.001713647 -0.005882198
0.001715247 -0.005529266
0.001716847 -0.005529266
0.001718447 -0.005293978
0.001720047 -0.005293978
0.001721647 -0.00564691
0.001723247 -0.005764554
0.001724847 -0.005529266
0.001726447 -0.005882198
0.001728047 -0.005999842
0.001729647 -0.005999842
0.001731247 -0.005882198
0.001732847 -0.005999842
0.001734447 -0.005882198
0.001736047 -0.00564691
0.001737647 -0.005529266
0.001739247 -0.005529266
0.001740847 -0.005411622
0.001742447 -0.005411622
0.001744047 -0.005176334
0.001745647 -0.005411622
0.001747247 -0.004823402
0.001748847 -0.004705758
0.001750447 -0.004823402
0.001752047 -0.004705758
0.001753647 -0.004352826
0.001755247 -0.004352826
0.001756847 -0.004588114
0.001758447 -0.004588114
0.001760047 -0.004117539
0.001761647 -0.00447047
0.001763247 -0.004352826
0.001764847 -0.004705758
0.001766447 -0.004823402
0.001768047 -0.004823402
0.001769647 -0.004352826
0.001771247 -0.004823402
0.001772847 -0.004823402
0.001774447 -0.005293978
0.001776047 -0.00505869
0.001777647 -0.005411622
0.001779247 -0.00505869
0.001780847 -0.00564691
0.001782447 -0.005411622
0.001784047 -0.00564691
0.001785647 -0.005764554
0.001787247 -0.005999842
0.001788847 -0.005529266
0.001790447 -0.00564691
0.001792047 -0.005176334
0.001793647 -0.00564691
0.001795247 -0.005411622
0.001796847 -0.005176334
0.001798447 -0.004823402
0.001800047 -0.004941046
0.001801647 -0.00447047
0.001803247 -0.00447047
0.001804847 -0.004117539
0.001806447 -0.004117539
0.001808047 -0.003999895
0.001809647 -0.003882251
0.001811247 -0.003882251
0.001812847 -0.003999895
0.001814447 -0.004117539
0.001816047 -0.003999895
0.001817647 -0.003999895
0.001819247 -0.00447047
0.001820847 -0.00447047
0.001822447 -0.004588114
0.001824047 -0.004823402
0.001825647 -0.00505869
0.001827247 -0.004941046
0.001828847 -0.005293978
0.001830447 -0.004823402
0.001832047 -0.005293978
0.001833647 -0.004941046
0.001835247 -0.004823402
0.001836847 -0.004705758
0.001838447 -0.005176334
0.001840047 -0.004588114
0.001841647 -0.004941046
0.001843247 -0.00447047
0.001844847 -0.004705758
0.001846447 -0.00447047
0.001848047 -0.004823402
0.001849647 -0.004705758
0.001851247 -0.004705758
0.001852847 -0.00505869
0.001854447 -0.005411622
0.001856047 -0.005411622
0.001857647 -0.005176334
0.001859247 -0.005529266
0.001860847 -0.00564691
0.001862447 -0.00564691
0.001864047 -0.005764554
0.001865647 -0.005999842
0.001867247 -0.006352774
0.001868847 -0.00623513
0.001870447 -0.006352774
0.001872047 -0.006352774
0.001873647 -0.00623513
0.001875247 -0.00623513
0.001876847 -0.006470418
0.001878447 -0.006352774
0.001880047 -0.00623513
0.001881647 -0.006352774
0.001883247 -0.00623513
0.001884847 -0.006588062
0.001886447 -0.006705706
0.001888047 -0.006470418
0.001889647 -0.006588062
0.001891247 -0.006705706
0.001892847 -0.00682335
0.001894447 -0.006588062
0.001896047 -0.007293925
0.001897647 -0.007058638
0.001899247 -0.007411569
0.001900847 -0.007411569
0.001902447 -0.007411569
0.001904047 -0.007176281
0.001905647 -0.007293925
0.001907247 -0.007058638
0.001908847 -0.00682335
0.001910447 -0.006588062
0.001912047 -0.006588062
0.001913647 -0.006352774
0.001915247 -0.006352774
0.001916847 -0.006117486
0.001918447 -0.006352774
0.001920047 -0.006588062
0.001921647 -0.006705706
0.001923247 -0.006705706
0.001924847 -0.006705706
0.001926447 -0.006705706
0.001928047 -0.007058638
0.001929647 -0.00682335
0.001931247 -0.006940994
0.001932847 -0.00682335
0.001934447 -0.006705706
0.001936047 -0.006705706
0.001937647 -0.006705706
0.001939247 -0.006588062
0.001940847 -0.006470418
0.001942447 -0.006588062
0.001944047 -0.006470418
0.001945647 -0.006588062
0.001947247 -0.00682335
0.001948847 -0.007058638
0.001950447 -0.007058638
0.001952047 -0.007411569
0.001953647 -0.007176281
0.001955247 -0.007411569
0.001956847 -0.007411569
0.001958447 -0.007176281
0.001960047 -0.007529213
0.001961647 -0.007176281
0.001963247 -0.007293925
0.001964847 -0.007058638
0.001966447 -0.007411569
0.001968047 -0.007411569
0.001969647 -0.007176281
0.001971247 -0.007293925
0.001972847 -0.007411569
0.001974447 -0.007058638
0.001976047 -0.007176281
0.001977647 -0.006940994
0.001979247 -0.007293925
0.001980847 -0.007058638
0.001982447 -0.007411569
0.001984047 -0.007058638
0.001985647 -0.007058638
0.001987247 -0.006705706
0.001988847 -0.007058638
0.001990447 -0.007058638
0.001992047 -0.007176281
0.001993647 -0.00682335
0.001995247 -0.00682335
0.001996847 -0.007058638
0.001998447 -0.00682335
0.002000047 -0.00682335
0.002001647 -0.007176281
0.002003247 -0.006705706
0.002004847 -0.007058638
0.002006447 -0.006940994
0.002008047 -0.007058638
0.002009647 -0.007176281
0.002011247 -0.007058638
0.002012847 -0.006940994
0.002014447 -0.006705706
0.002016047 -0.006588062
0.002017647 -0.006470418
0.002019247 -0.006352774
0.002020847 -0.00623513
0.002022447 -0.005999842
0.002024047 -0.005999842
0.002025647 -0.005999842
0.002027247 -0.005529266
0.002028847 -0.005411622
0.002030447 -0.005293978
0.002032047 -0.005176334
0.002033647 -0.005176334
0.002035247 -0.004823402
0.002036847 -0.004941046
0.002038447 -0.004941046
0.002040047 -0.004941046
0.002041647 -0.004941046
0.002043247 -0.005411622
0.002044847 -0.00505869
0.002046447 -0.005411622
0.002048047 -0.005293978
0.002049647 -0.005176334
0.002051247 -0.00505869
0.002052847 -0.004823402
0.002054447 -0.004823402
0.002056047 -0.00505869
0.002057647 -0.004588114
0.002059247 -0.004823402
0.002060847 -0.004823402
0.002062447 -0.004941046
0.002064047 -0.004352826
0.002065647 -0.00447047
0.002067247 -0.004352826
0.002068847 -0.004117539
0.002070447 -0.003882251
0.002072047 -0.003999895
0.002073647 -0.003882251
0.002075247 -0.003999895
0.002076847 -0.003999895
0.002078447 -0.003764607
0.002080047 -0.003882251
0.002081647 -0.004352826
0.002083247 -0.003999895
0.002084847 -0.004352826
0.002086447 -0.004235183
0.002088047 -0.004705758
0.002089647 -0.004235183
0.002091247 -0.004235183
0.002092847 -0.004705758
0.002094447 -0.005176334
0.002096047 -0.00505869
0.002097647 -0.00505869
0.002099247 -0.004823402
0.002100847 -0.005176334
0.002102447 -0.004941046
0.002104047 -0.00505869
0.002105647 -0.005176334
0.002107247 -0.004941046
0.002108847 -0.00505869
0.002110447 -0.005293978
0.002112047 -0.005176334
0.002113647 -0.00505869
0.002115247 -0.004823402
0.002116847 -0.005176334
0.002118447 -0.005176334
0.002120047 -0.005176334
0.002121647 -0.004588114
0.002123247 -0.00505869
0.002124847 -0.004352826
0.002126447 -0.005176334
0.002128047 -0.004823402
0.002129647 -0.004705758
0.002131247 -0.004705758
0.002132847 -0.005176334
0.002134447 -0.004823402
0.002136047 -0.00505869
0.002137647 -0.004823402
0.002139247 -0.005293978
0.002140847 -0.004941046
0.002142447 -0.005411622
0.002144047 -0.004941046
0.002145647 -0.005293978
0.002147247 -0.005176334
0.002148847 -0.00505869
0.002150447 -0.004941046
0.002152047 -0.00505869
0.002153647 -0.004352826
0.002155247 -0.004117539
0.002156847 -0.00447047
0.002158447 -0.004588114
0.002160047 -0.004235183
0.002161647 -0.004117539
0.002163247 -0.003999895
0.002164847 -0.004235183
0.002166447 -0.003882251
0.002168047 -0.003882251
0.002169647 -0.003999895
0.002171247 -0.004588114
0.002172847 -0.004352826
0.002174447 -0.004352826
0.002176047 -0.003999895
0.002177647 -0.004705758
0.002179247 -0.004352826
0.002180847 -0.004352826
0.002182447 -0.004117539
0.002184047 -0.004235183
0.002185647 -0.003764607
0.002187247 -0.003882251
0.002188847 -0.003882251
0.002190447 -0.004117539
0.002192047 -0.004352826
0.002193647 -0.003999895
0.002195247 -0.004705758
0.002196847 -0.004588114
0.002198447 -0.00447047
0.002200047 -0.004588114
0.002201647 -0.004941046
0.002203247 -0.005176334
0.002204847 -0.00505869
0.002206447 -0.005529266
0.002208047 -0.005529266
0.002209647 -0.005411622
0.002211247 -0.005999842
0.002212847 -0.005999842
0.002214447 -0.005999842
0.002216047 -0.006352774
0.002217647 -0.005764554
0.002219247 -0.006352774
0.002220847 -0.006117486
0.002222447 -0.00623513
0.002224047 -0.006352774
0.002225647 -0.006588062
0.002227247 -0.006352774
0.002228847 -0.00682335
0.002230447 -0.006470418
0.002232047 -0.006588062
0.002233647 -0.006588062
0.002235247 -0.006588062
0.002236847 -0.00623513
0.002238447 -0.006352774
0.002240047 -0.006117486
0.002241647 -0.006470418
0.002243247 -0.00623513
0.002244847 -0.006117486
0.002246447 -0.005999842
0.002248047 -0.00623513
0.002249647 -0.005529266
0.002251247 -0.005999842
0.002252847 -0.006117486
0.002254447 -0.006352774
0.002256047 -0.005999842
0.002257647 -0.005764554
0.002259247 -0.006117486
0.002260847 -0.005999842
0.002262447 -0.005999842
0.002264047 -0.005882198
0.002265647 -0.005882198
0.002267247 -0.005999842
0.002268847 -0.005999842
0.002270447 -0.005764554
0.002272047 -0.005882198
0.002273647 -0.006352774
0.002275247 -0.006470418
0.002276847 -0.006940994
0.002278447 -0.00623513
0.002280047 -0.007058638
0.002281647 -0.007176281
0.002283247 -0.007411569
0.002284847 -0.007411569
0.002286447 -0.007646857
0.002288047 -0.007882145
0.002289647 -0.007882145
0.002291247 -0.007882145
0.002292847 -0.007764501
0.002294447 -0.007529213
0.002296047 -0.007646857
0.002297647 -0.007646857
0.002299247 -0.007882145
0.002300847 -0.007764501
0.002302447 -0.007529213
0.002304047 -0.007176281
0.002305647 -0.007529213
0.002307247 -0.007411569
0.002308847 -0.007646857
0.002310447 -0.006940994
0.002312047 -0.007058638
0.002313647 -0.007058638
0.002315247 -0.007176281
0.002316847 -0.00682335
0.002318447 -0.006588062
0.002320047 -0.006705706
0.002321647 -0.006940994
0.002323247 -0.007058638
0.002324847 -0.006705706
0.002326447 -0.006705706
0.002328047 -0.006940994
0.002329647 -0.007293925
0.002331247 -0.007293925
0.002332847 -0.007058638
0.002334447 -0.007293925
0.002336047 -0.007529213
0.002337647 -0.007764501
0.002339247 -0.007646857
0.002340847 -0.007646857
0.002342447 -0.007882145
0.002344047 -0.007882145
0.002345647 -0.007646857
0.002347247 -0.007646857
0.002348847 -0.007646857
0.002350447 -0.007764501
0.002352047 -0.007882145
0.002353647 -0.007764501
0.002355247 -0.007529213
0.002356847 -0.008117433
0.002358447 -0.007646857
0.002360047 -0.007882145
0.002361647 -0.007411569
0.002363247 -0.007293925
0.002364847 -0.007176281
0.002366447 -0.007176281
0.002368047 -0.006940994
0.002369647 -0.006705706
0.002371247 -0.006940994
0.002372847 -0.006940994
0.002374447 -0.006470418
0.002376047 -0.006588062
0.002377647 -0.00682335
0.002379247 -0.006352774
0.002380847 -0.006352774
0.002382447 -0.006352774
0.002384047 -0.00623513
0.002385647 -0.006352774
0.002387247 -0.00623513
0.002388847 -0.005999842
0.002390447 -0.005882198
0.002392047 -0.005999842
0.002393647 -0.005529266
0.002395247 -0.005529266
0.002396847 -0.005529266
0.002398447 -0.005293978
0.002400047 -0.005176334
0.002401647 -0.005176334
0.002403247 -0.004588114
0.002404847 -0.004823402
0.002406447 -0.004588114
0.002408047 -0.004705758
0.002409647 -0.004588114
0.002411247 -0.005176334
0.002412847 -0.004588114
0.002414447 -0.004823402
0.002416047 -0.00505869
0.002417647 -0.005176334
0.002419247 -0.004941046
0.002420847 -0.005293978
0.002422447 -0.004941046
0.002424047 -0.005176334
0.002425647 -0.004823402
0.002427247 -0.005176334
0.002428847 -0.004588114
0.002430447 -0.00505869
0.002432047 -0.00505869
0.002433647 -0.005176334
0.002435247 -0.00505869
0.002436847 -0.00505869
0.002438447 -0.00505869
0.002440047 -0.005411622
0.002441647 -0.00505869
0.002443247 -0.00564691
0.002444847 -0.005176334
0.002446447 -0.005529266
0.002448047 -0.005999842
0.002449647 -0.005882198
0.002451247 -0.005764554
0.002452847 -0.005882198
0.002454447 -0.005529266
0.002456047 -0.005999842
0.002457647 -0.005764554
0.002459247 -0.005764554
0.002460847 -0.005293978
0.002462447 -0.005411622
0.002464047 -0.005411622
0.002465647 -0.005176334
0.002467247 -0.004705758
0.002468847 -0.004705758
0.002470447 -0.004352826
0.002472047 -0.00447047
0.002473647 -0.003999895
0.002475247 -0.003882251
0.002476847 -0.003529319
0.002478447 -0.003529319
0.002480047 -0.003176387
0.002481647 -0.003176387
0.002483247 -0.003176387
0.002484847 -0.003294031
0.002486447 -0.003176387
0.002488047 -0.003294031
0.002489647 -0.003176387
0.002491247 -0.003529319
0.002492847 -0.003764607
0.002494447 -0.004117539
0.002496047 -0.004235183
0.002497647 -0.004117539
0.002499247 -0.00447047
0.002500847 -0.004823402
0.002502447 -0.004705758
0.002504047 -0.004823402
0.002505647 -0.004588114
0.002507247 -0.005176334
0.002508847 -0.004823402
0.002510447 -0.005176334
0.002512047 -0.004941046
0.002513647 -0.005176334
0.002515247 -0.004823402
0.002516847 -0.00505869
0.002518447 -0.00447047
0.002520047 -0.00505869
0.002521647 -0.00447047
0.002523247 -0.004705758
0.002524847 -0.004823402
0.002526447 -0.00505869
0.002528047 -0.004588114
0.002529647 -0.00505869
0.002531247 -0.004705758
0.002532847 -0.004941046
0.002534447 -0.004588114
0.002536047 -0.004823402
0.002537647 -0.004705758
0.002539247 -0.004588114
0.002540847 -0.004117539
0.002542447 -0.00447047
0.002544047 -0.004235183
0.002545647 -0.003882251
0.002547247 -0.004235183
0.002548847 -0.003999895
0.002550447 -0.004117539
0.002552047 -0.003764607
0.002553647 -0.004117539
0.002555247 -0.004117539
0.002556847 -0.004117539
0.002558447 -0.004117539
0.002560047 -0.003764607
0.002561647 -0.004117539
0.002563247 -0.003999895
0.002564847 -0.004117539
0.002566447 -0.003999895
0.002568047 -0.004235183
0.002569647 -0.004235183
0.002571247 -0.004352826
0.002572847 -0.003999895
0.002574447 -0.004352826
0.002576047 -0.004352826
0.002577647 -0.004588114
0.002579247 -0.004352826
0.002580847 -0.004588114
0.002582447 -0.00447047
0.002584047 -0.004588114
0.002585647 -0.00447047
0.002587247 -0.004588114
0.002588847 -0.004588114
0.002590447 -0.004823402
0.002592047 -0.004705758
0.002593647 -0.004941046
0.002595247 -0.004588114
0.002596847 -0.004823402
0.002598447 -0.004235183
0.002600047 -0.00447047
0.002601647 -0.004352826
0.002603247 -0.004588114
0.002604847 -0.004235183
0.002606447 -0.004352826
0.002608047 -0.004117539
0.002609647 -0.004352826
0.002611247 -0.00447047
0.002612847 -0.004823402
0.002614447 -0.004823402
0.002616047 -0.005176334
0.002617647 -0.004705758
0.002619247 -0.005176334
0.002620847 -0.004823402
0.002622447 -0.005293978
0.002624047 -0.005411622
0.002625647 -0.005176334
0.002627247 -0.005411622
0.002628847 -0.005293978
0.002630447 -0.005411622
0.002632047 -0.005293978
0.002633647 -0.004941046
0.002635247 -0.00564691
0.002636847 -0.00564691
0.002638447 -0.005529266
0.002640047 -0.005293978
0.002641647 -0.005882198
0.002643247 -0.00564691
0.002644847 -0.00564691
0.002646447 -0.005882198
0.002648047 -0.00564691
0.002649647 -0.005411622
0.002651247 -0.006117486
0.002652847 -0.005764554
0.002654447 -0.006117486
0.002656047 -0.00623513
0.002657647 -0.006117486
0.002659247 -0.006352774
0.002660847 -0.00623513
0.002662447 -0.005999842
0.002664047 -0.006117486
0.002665647 -0.005764554
0.002667247 -0.006117486
0.002668847 -0.005882198
0.002670447 -0.005764554
0.002672047 -0.00564691
0.002673647 -0.005999842
0.002675247 -0.005411622
0.002676847 -0.005999842
0.002678447 -0.00564691
0.002680047 -0.005999842
0.002681647 -0.005882198
0.002683247 -0.005764554
0.002684847 -0.005999842
0.002686447 -0.005999842
0.002688047 -0.005882198
0.002689647 -0.005882198
0.002691247 -0.00564691
0.002692847 -0.00623513
0.002694447 -0.005529266
0.002696047 -0.00623513
0.002697647 -0.005293978
0.002699247 -0.005411622
0.002700847 -0.00564691
0.002702447 -0.005529266
0.002704047 -0.005411622
0.002705647 -0.005529266
0.002707247 -0.005411622
0.002708847 -0.005529266
0.002710447 -0.005293978
0.002712047 -0.00505869
0.002713647 -0.005293978
0.002715247 -0.00564691
0.002716847 -0.00564691
0.002718447 -0.005999842
0.002720047 -0.005529266
0.002721647 -0.005999842
0.002723247 -0.00623513
0.002724847 -0.006117486
0.002726447 -0.005882198
0.002728047 -0.006117486
0.002729647 -0.006117486
0.002731247 -0.006117486
0.002732847 -0.006117486
0.002734447 -0.006352774
0.002736047 -0.006352774
0.002737647 -0.006470418
0.002739247 -0.00623513
0.002740847 -0.00623513
0.002742447 -0.006352774
0.002744047 -0.006705706
0.002745647 -0.006352774
0.002747247 -0.006705706
0.002748847 -0.006117486
0.002750447 -0.006470418
0.002752047 -0.006352774
0.002753647 -0.006470418
0.002755247 -0.006470418
0.002756847 -0.006588062
0.002758447 -0.006352774
0.002760047 -0.00623513
0.002761647 -0.00623513
0.002763247 -0.005999842
0.002764847 -0.005999842
0.002766447 -0.005882198
0.002768047 -0.00564691
0.002769647 -0.005882198
0.002771247 -0.005764554
0.002772847 -0.005764554
0.002774447 -0.005529266
0.002776047 -0.005411622
0.002777647 -0.00505869
0.002779247 -0.005529266
0.002780847 -0.005293978
0.002782447 -0.005529266
0.002784047 -0.005176334
0.002785647 -0.005411622
0.002787247 -0.005293978
0.002788847 -0.005529266
0.002790447 -0.00505869
0.002792047 -0.005529266
0.002793647 -0.005176334
0.002795247 -0.005411622
0.002796847 -0.004941046
0.002798447 -0.005176334
0.002800047 -0.004823402
0.002801647 -0.004941046
0.002803247 -0.004588114
0.002804847 -0.004823402
0.002806447 -0.00447047
0.002808047 -0.004705758
0.002809647 -0.003999895
0.002811247 -0.004588114
0.002812847 -0.004117539
0.002814447 -0.004117539
0.002816047 -0.003882251
0.002817647 -0.004117539
0.002819247 -0.004117539
0.002820847 -0.003882251
0.002822447 -0.003999895
0.002824047 -0.004117539
0.002825647 -0.003999895
0.002827247 -0.003999895
0.002828847 -0.004235183
0.002830447 -0.003999895
0.002832047 -0.004117539
0.002833647 -0.004235183
0.002835247 -0.003529319
0.002836847 -0.003646963
0.002838447 -0.003646963
0.002840047 -0.003882251
0.002841647 -0.003411675
0.002843247 -0.003529319
0.002844847 -0.003294031
0.002846447 -0.003411675
0.002848047 -0.003411675
0.002849647 -0.003411675
0.002851247 -0.003294031
0.002852847 -0.003411675
0.002854447 -0.003529319
0.002856047 -0.003411675
0.002857647 -0.003529319
0.002859247 -0.003294031
0.002860847 -0.003646963
0.002862447 -0.004117539
0.002864047 -0.004117539
0.002865647 -0.003882251
0.002867247 -0.004117539
0.002868847 -0.003999895
0.002870447 -0.004117539
0.002872047 -0.004235183
0.002873647 -0.004235183
0.002875247 -0.004235183
0.002876847 -0.003999895
0.002878447 -0.004352826
0.002880047 -0.003764607
0.002881647 -0.003882251
0.002883247 -0.003646963
0.002884847 -0.003646963
0.002886447 -0.003529319
0.002888047 -0.003646963
0.002889647 -0.003764607
0.002891247 -0.003529319
0.002892847 -0.003529319
0.002894447 -0.003764607
0.002896047 -0.003646963
0.002897647 -0.003529319
0.002899247 -0.003646963
0.002900847 -0.003882251
0.002902447 -0.003999895
0.002904047 -0.004117539
0.002905647 -0.003882251
0.002907247 -0.004235183
0.002908847 -0.004352826
0.002910447 -0.003999895
0.002912047 -0.004235183
0.002913647 -0.003882251
0.002915247 -0.003764607
0.002916847 -0.00447047
0.002918447 -0.003529319
0.002920047 -0.003764607
0.002921647 -0.003176387
0.002923247 -0.003764607
0.002924847 -0.003176387
0.002926447 -0.003529319
0.002928047 -0.003058743
0.002929647 -0.003294031
0.002931247 -0.002823455
0.002932847 -0.003058743
0.002934447 -0.002823455
0.002936047 -0.002823455
0.002937647 -0.002470523
0.002939247 -0.002823455
0.002940847 -0.002588167
0.002942447 -0.003058743
0.002944047 -0.002823455
0.002945647 -0.003058743
0.002947247 -0.002235235
0.002948847 -0.002588167
0.002950447 -0.002823455
0.002952047 -0.003058743
0.002953647 -0.002941099
0.002955247 -0.003411675
0.002956847 -0.003058743
0.002958447 -0.003529319
0.002960047 -0.003411675
0.002961647 -0.003764607
0.002963247 -0.003882251
0.002964847 -0.003882251
0.002966447 -0.003999895
0.002968047 -0.004352826
0.002969647 -0.00447047
0.002971247 -0.00447047
0.002972847 -0.00447047
0.002974447 -0.00447047
0.002976047 -0.00447047
0.002977647 -0.004705758
0.002979247 -0.004588114
0.002980847 -0.004823402
0.002982447 -0.005293978
0.002984047 -0.00505869
0.002985647 -0.004705758
0.002987247 -0.004941046
0.002988847 -0.004823402
0.002990447 -0.005293978
0.002992047 -0.00505869
0.002993647 -0.005411622
0.002995247 -0.005529266
0.002996847 -0.005411622
0.002998447 -0.005764554
0.003000047 -0.005293978
0.003001647 -0.005293978
0.003003247 -0.006117486
0.003004847 -0.00564691
0.003006447 -0.005999842
0.003008047 -0.005882198
0.003009647 -0.005999842
0.003011247 -0.005764554
0.003012847 -0.005999842
0.003014447 -0.006117486
0.003016047 -0.00623513
0.003017647 -0.006117486
0.003019247 -0.005999842
0.003020847 -0.006117486
0.003022447 -0.005999842
0.003024047 -0.00623513
0.003025647 -0.005999842
0.003027247 -0.005999842
0.003028847 -0.005764554
0.003030447 -0.00623513
0.003032047 -0.005999842
0.003033647 -0.005764554
0.003035247 -0.00623513
0.003036847 -0.005999842
0.003038447 -0.005999842
0.003040047 -0.005882198
0.003041647 -0.006588062
0.003043247 -0.00623513
0.003044847 -0.00682335
0.003046447 -0.006705706
0.003048047 -0.00682335
0.003049647 -0.00682335
0.003051247 -0.007058638
0.003052847 -0.006940994
0.003054447 -0.006940994
0.003056047 -0.007058638
0.003057647 -0.007176281
0.003059247 -0.00682335
0.003060847 -0.007058638
0.003062447 -0.006705706
0.003064047 -0.006705706
0.003065647 -0.006940994
0.003067247 -0.006705706
0.003068847 -0.006470418
0.003070447 -0.006705706
0.003072047 -0.006588062
0.003073647 -0.006705706
0.003075247 -0.006940994
0.003076847 -0.006588062
0.003078447 -0.006470418
0.003080047 -0.006705706
0.003081647 -0.007058638
0.003083247 -0.006705706
0.003084847 -0.006588062
0.003086447 -0.007058638
0.003088047 -0.006705706
0.003089647 -0.006470418
0.003091247 -0.006705706
0.003092847 -0.00682335
0.003094447 -0.00682335
0.003096047 -0.006705706
0.003097647 -0.006588062
0.003099247 -0.00682335
0.003100847 -0.006588062
0.003102447 -0.006940994
0.003104047 -0.006940994
0.003105647 -0.007293925
0.003107247 -0.007176281
0.003108847 -0.007411569
0.003110447 -0.007764501
0.003112047 -0.007646857
0.003113647 -0.007764501
0.003115247 -0.007882145
0.003116847 -0.008235077
0.003118447 -0.008235077
0.003120047 -0.008117433
0.003121647 -0.008117433
0.003123247 -0.008117433
0.003124847 -0.008352721
0.003126447 -0.008117433
0.003128047 -0.007882145
0.003129647 -0.007646857
0.003131247 -0.007646857
0.003132847 -0.007293925
0.003134447 -0.007646857
0.003136047 -0.007411569
0.003137647 -0.007646857
0.003139247 -0.007764501
0.003140847 -0.007529213
0.003142447 -0.007529213
0.003144047 -0.007411569
0.003145647 -0.007411569
0.003147247 -0.007411569
0.003148847 -0.007176281
0.003150447 -0.007764501
0.003152047 -0.007293925
0.003153647 -0.007411569
0.003155247 -0.007176281
0.003156847 -0.007411569
0.003158447 -0.007293925
0.003160047 -0.007293925
0.003161647 -0.007293925
0.003163247 -0.006940994
0.003164847 -0.006940994
0.003166447 -0.007058638
0.003168047 -0.006705706
0.003169647 -0.006588062
0.003171247 -0.006588062
0.003172847 -0.00682335
0.003174447 -0.00623513
0.003176047 -0.00623513
0.003177647 -0.005999842
0.003179247 -0.00623513
0.003180847 -0.00564691
0.003182447 -0.005882198
0.003184047 -0.005764554
0.003185647 -0.00564691
0.003187247 -0.00564691
0.003188847 -0.005764554
0.003190447 -0.005529266
0.003192047 -0.005529266
0.003193647 -0.005411622
0.003195247 -0.00564691
0.003196847 -0.00564691
0.003198447 -0.005999842
0.003200047 -0.005764554
0.003201647 -0.006352774
0.003203247 -0.005882198
0.003204847 -0.006117486
0.003206447 -0.005764554
0.003208047 -0.00623513
0.003209647 -0.006117486
0.003211247 -0.005882198
0.003212847 -0.005882198
0.003214447 -0.006117486
0.003216047 -0.006117486
0.003217647 -0.005999842
0.003219247 -0.005529266
0.003220847 -0.005882198
0.003222447 -0.00564691
0.003224047 -0.006117486
0.003225647 -0.005764554
0.003227247 -0.005999842
0.003228847 -0.005764554
0.003230447 -0.005764554
0.003232047 -0.005293978
0.003233647 -0.005764554
0.003235247 -0.005293978
0.003236847 -0.005529266
0.003238447 -0.005176334
0.003240047 -0.005529266
0.003241647 -0.005176334
0.003243247 -0.005176334
0.003244847 -0.005176334
0.003246447 -0.005176334
0.003248047 -0.004823402
0.003249647 -0.00505869
0.003251247 -0.004823402
0.003252847 -0.00505869
0.003254447 -0.00505869
0.003256047 -0.005176334
0.003257647 -0.00505869
0.003259247 -0.005411622
0.003260847 -0.005176334
0.003262447 -0.005411622
0.003264047 -0.00505869
0.003265647 -0.005764554
0.003267247 -0.005529266
0.003268847 -0.005176334
0.003270447 -0.005176334
0.003272047 -0.005529266
0.003273647 -0.005176334
0.003275247 -0.005411622
0.003276847 -0.005176334
0.003278447 -0.005176334
0.003280047 -0.004705758
0.003281647 -0.00505869
0.003283247 -0.004352826
0.003284847 -0.004705758
0.003286447 -0.004588114
0.003288047 -0.004588114
0.003289647 -0.004235183
0.003291247 -0.004705758
0.003292847 -0.004705758
0.003294447 -0.004823402
0.003296047 -0.004705758
0.003297647 -0.00505869
0.003299247 -0.00505869
0.003300847 -0.005411622
0.003302447 -0.00505869
0.003304047 -0.005176334
0.003305647 -0.005176334
0.003307247 -0.005293978
0.003308847 -0.005293978
0.003310447 -0.005764554
0.003312047 -0.005176334
0.003313647 -0.004941046
0.003315247 -0.00505869
0.003316847 -0.005411622
0.003318447 -0.005411622
0.003320047 -0.005764554
0.003321647 -0.005529266
0.003323247 -0.005882198
0.003324847 -0.00564691
0.003326447 -0.005529266
0.003328047 -0.005764554
0.003329647 -0.005882198
0.003331247 -0.005529266
0.003332847 -0.005999842
0.003334447 -0.00564691
0.003336047 -0.005882198
0.003337647 -0.005529266
0.003339247 -0.005882198
0.003340847 -0.005529266
0.003342447 -0.005882198
0.003344047 -0.005882198
0.003345647 -0.005764554
0.003347247 -0.005529266
0.003348847 -0.005882198
0.003350447 -0.005529266
0.003352047 -0.005882198
0.003353647 -0.005529266
0.003355247 -0.005529266
0.003356847 -0.005176334
0.003358447 -0.005411622
0.003360047 -0.005411622
0.003361647 -0.005293978
0.003363247 -0.005529266
0.003364847 -0.00564691
0.003366447 -0.005764554
0.003368047 -0.005882198
0.003369647 -0.005882198
0.003371247 -0.006117486
0.003372847 -0.00564691
0.003374447 -0.006117486
0.003376047 -0.006117486
0.003377647 -0.00623513
0.003379247 -0.006470418
0.003380847 -0.00623513
0.003382447 -0.00623513
0.003384047 -0.006352774
0.003385647 -0.006470418
0.003387247 -0.006470418
0.003388847 -0.006588062
0.003390447 -0.006470418
0.003392047 -0.006588062
0.003393647 -0.006470418
0.003395247 -0.006705706
0.003396847 -0.006940994
0.003398447 -0.00682335
0.003400047 -0.00682335
0.003401647 -0.006940994
0.003403247 -0.00682335
0.003404847 -0.00682335
0.003406447 -0.00682335
0.003408047 -0.007058638
0.003409647 -0.007058638
0.003411247 -0.007058638
0.003412847 -0.006940994
0.003414447 -0.007058638
0.003416047 -0.007293925
0.003417647 -0.006940994
0.003419247 -0.007176281
0.003420847 -0.007293925
0.003422447 -0.007293925
0.003424047 -0.007058638
0.003425647 -0.007058638
0.003427247 -0.006940994
0.003428847 -0.007058638
0.003430447 -0.006588062
0.003432047 -0.006705706
0.003433647 -0.006588062
0.003435247 -0.006470418
0.003436847 -0.006588062
0.003438447 -0.006470418
0.003440047 -0.006117486
0.003441647 -0.006940994
0.003443247 -0.006470418
0.003444847 -0.006470418
0.003446447 -0.006940994
0.003448047 -0.006470418
0.003449647 -0.006705706
0.003451247 -0.006588062
0.003452847 -0.00682335
0.003454447 -0.006588062
0.003456047 -0.006470418
0.003457647 -0.006705706
0.003459247 -0.006470418
0.003460847 -0.006705706
0.003462447 -0.006705706
0.003464047 -0.006940994
0.003465647 -0.006588062
0.003467247 -0.006705706
0.003468847 -0.00682335
0.003470447 -0.006705706
0.003472047 -0.007058638
0.003473647 -0.006705706
0.003475247 -0.00682335
0.003476847 -0.007058638
0.003478447 -0.00682335
0.003480047 -0.006940994
0.003481647 -0.00682335
0.003483247 -0.006705706
0.003484847 -0.006588062
0.003486447 -0.006588062
0.003488047 -0.006588062
0.003489647 -0.00682335
0.003491247 -0.006352774
0.003492847 -0.006705706
0.003494447 -0.006470418
0.003496047 -0.006470418
0.003497647 -0.006470418
0.003499247 -0.006470418
0.003500847 -0.006588062
0.003502447 -0.006588062
0.003504047 -0.00623513
0.003505647 -0.006588062
0.003507247 -0.006470418
0.003508847 -0.006588062
0.003510447 -0.006352774
0.003512047 -0.006588062
0.003513647 -0.006470418
0.003515247 -0.006588062
0.003516847 -0.006705706
0.003518447 -0.006588062
0.003520047 -0.006470418
0.003521647 -0.006588062
0.003523247 -0.006352774
0.003524847 -0.00623513
0.003526447 -0.006352774
0.003528047 -0.00623513
0.003529647 -0.006117486
0.003531247 -0.006352774
0.003532847 -0.006117486
0.003534447 -0.006470418
0.003536047 -0.006117486
0.003537647 -0.006352774
0.003539247 -0.006352774
0.003540847 -0.006117486
0.003542447 -0.005882198
0.003544047 -0.00623513
0.003545647 -0.005882198
0.003547247 -0.006117486
0.003548847 -0.00564691
0.003550447 -0.006117486
0.003552047 -0.00564691
0.003553647 -0.006117486
0.003555247 -0.005999842
0.003556847 -0.005764554
0.003558447 -0.006117486
0.003560047 -0.006117486
0.003561647 -0.005764554
0.003563247 -0.00623513
0.003564847 -0.00623513
0.003566447 -0.00623513
0.003568047 -0.006117486
0.003569647 -0.006470418
0.003571247 -0.006352774
0.003572847 -0.006588062
0.003574447 -0.006117486
0.003576047 -0.005999842
0.003577647 -0.005882198
0.003579247 -0.006117486
0.003580847 -0.005764554
0.003582447 -0.005999842
0.003584047 -0.00564691
0.003585647 -0.00564691
0.003587247 -0.006117486
0.003588847 -0.00564691
0.003590447 -0.00564691
0.003592047 -0.005882198
0.003593647 -0.00564691
0.003595247 -0.005764554
0.003596847 -0.005764554
0.003598447 -0.00564691
0.003600047 -0.005529266
0.003601647 -0.005882198
0.003603247 -0.006117486
0.003604847 -0.005882198
0.003606447 -0.005764554
0.003608047 -0.005999842
0.003609647 -0.005999842
0.003611247 -0.005999842
0.003612847 -0.005882198
0.003614447 -0.00623513
0.003616047 -0.006117486
0.003617647 -0.00623513
0.003619247 -0.005999842
0.003620847 -0.005999842
0.003622447 -0.005882198
0.003624047 -0.005882198
0.003625647 -0.005764554
0.003627247 -0.00564691
0.003628847 -0.005293978
0.003630447 -0.005999842
0.003632047 -0.00564691
0.003633647 -0.005529266
0.003635247 -0.005176334
0.003636847 -0.005411622
0.003638447 -0.004941046
0.003640047 -0.005176334
0.003641647 -0.00505869
0.003643247 -0.004823402
0.003644847 -0.004823402
0.003646447 -0.004588114
0.003648047 -0.004117539
0.003649647 -0.004352826
0.003651247 -0.003882251
0.003652847 -0.003529319
0.003654447 -0.003882251
0.003656047 -0.003529319
0.003657647 -0.003529319
0.003659247 -0.003764607
0.003660847 -0.003176387
0.003662447 -0.003529319
0.003664047 -0.003294031
0.003665647 -0.003411675
0.003667247 -0.003411675
0.003668847 -0.003529319
0.003670447 -0.003529319
0.003672047 -0.003646963
0.003673647 -0.003999895
0.003675247 -0.004117539
0.003676847 -0.004352826
0.003678447 -0.004235183
0.003680047 -0.004235183
0.003681647 -0.00447047
0.003683247 -0.004705758
0.003684847 -0.004705758
0.003686447 -0.004823402
0.003688047 -0.005293978
0.003689647 -0.004823402
0.003691247 -0.005411622
0.003692847 -0.004941046
0.003694447 -0.005293978
0.003696047 -0.005293978
0.003697647 -0.005293978
0.003699247 -0.004823402
0.003700847 -0.005176334
0.003702447 -0.005176334
0.003704047 -0.005176334
0.003705647 -0.004823402
0.003707247 -0.005293978
0.003708847 -0.004941046
0.003710447 -0.00505869
0.003712047 -0.005176334
0.003713647 -0.005176334
0.003715247 -0.005176334
0.003716847 -0.005529266
0.003718447 -0.00505869
0.003720047 -0.005411622
0.003721647 -0.005293978
0.003723247 -0.005411622
0.003724847 -0.00564691
0.003726447 -0.005529266
0.003728047 -0.005529266
0.003729647 -0.00564691
0.003731247 -0.005411622
0.003732847 -0.005529266
0.003734447 -0.005293978
0.003736047 -0.005411622
0.003737647 -0.00505869
0.003739247 -0.005293978
0.003740847 -0.005176334
0.003742447 -0.005293978
0.003744047 -0.004941046
0.003745647 -0.00505869
0.003747247 -0.004588114
0.003748847 -0.00505869
0.003750447 -0.005176334
0.003752047 -0.005293978
0.003753647 -0.004823402
0.003755247 -0.005293978
0.003756847 -0.005176334
0.003758447 -0.005529266
0.003760047 -0.005411622
0.003761647 -0.005293978
0.003763247 -0.005176334
0.003764847 -0.00564691
0.003766447 -0.005176334
0.003768047 -0.005764554
0.003769647 -0.005176334
0.003771247 -0.005529266
0.003772847 -0.005176334
0.003774447 -0.005176334
0.003776047 -0.00505869
0.003777647 -0.005411622
0.003779247 -0.005411622
0.003780847 -0.005293978
0.003782447 -0.005411622
0.003784047 -0.005411622
0.003785647 -0.00505869
0.003787247 -0.005411622
0.003788847 -0.005176334
0.003790447 -0.005411622
0.003792047 -0.005529266
0.003793647 -0.00564691
0.003795247 -0.005176334
0.003796847 -0.005293978
0.003798447 -0.005176334
0.003800047 -0.005293978
0.003801647 -0.005529266
0.003803247 -0.005764554
0.003804847 -0.005176334
0.003806447 -0.00564691
0.003808047 -0.005176334
0.003809647 -0.005764554
0.003811247 -0.005764554
0.003812847 -0.005882198
0.003814447 -0.005764554
0.003816047 -0.005882198
0.003817647 -0.005529266
0.003819247 -0.00623513
0.003820847 -0.005882198
0.003822447 -0.005764554
0.003824047 -0.005764554
0.003825647 -0.006117486
0.003827247 -0.00564691
0.003828847 -0.005764554
0.003830447 -0.006117486
0.003832047 -0.00564691
0.003833647 -0.005411622
0.003835247 -0.00564691
0.003836847 -0.005411622
0.003838447 -0.005411622
0.003840047 -0.005176334
0.003841647 -0.005411622
0.003843247 -0.005176334
0.003844847 -0.005293978
0.003846447 -0.004588114
0.003848047 -0.004823402
0.003849647 -0.004705758
0.003851247 -0.004941046
0.003852847 -0.004588114
0.003854447 -0.00505869
0.003856047 -0.004588114
0.003857647 -0.005176334
0.003859247 -0.004941046
0.003860847 -0.005293978
0.003862447 -0.004941046
0.003864047 -0.00564691
0.003865647 -0.004823402
0.003867247 -0.005293978
0.003868847 -0.005293978
0.003870447 -0.005176334
0.003872047 -0.004823402
0.003873647 -0.005176334
0.003875247 -0.004352826
0.003876847 -0.004588114
0.003878447 -0.00447047
0.003880047 -0.00447047
0.003881647 -0.004235183
0.003883247 -0.004235183
0.003884847 -0.004117539
0.003886447 -0.004352826
0.003888047 -0.004117539
0.003889647 -0.003999895
0.003891247 -0.003646963
0.003892847 -0.003999895
0.003894447 -0.003529319
0.003896047 -0.004235183
0.003897647 -0.003882251
0.003899247 -0.003646963
0.003900847 -0.003764607
0.003902447 -0.003646963
0.003904047 -0.003411675
0.003905647 -0.003529319
0.003907247 -0.003176387
0.003908847 -0.003764607
0.003910447 -0.003294031
0.003912047 -0.003176387
0.003913647 -0.003176387
0.003915247 -0.003176387
0.003916847 -0.003058743
0.003918447 -0.003646963
0.003920047 -0.003176387
0.003921647 -0.003764607
0.003923247 -0.003529319
0.003924847 -0.003411675
0.003926447 -0.003646963
0.003928047 -0.003882251
0.003929647 -0.003529319
0.003931247 -0.003764607
0.003932847 -0.003646963
0.003934447 -0.003646963
0.003936047 -0.003764607
0.003937647 -0.003882251
0.003939247 -0.003882251
0.003940847 -0.004117539
0.003942447 -0.00447047
0.003944047 -0.004117539
0.003945647 -0.004235183
0.003947247 -0.004588114
0.003948847 -0.004705758
0.003950447 -0.004823402
0.003952047 -0.00505869
0.003953647 -0.00505869
0.003955247 -0.004588114
0.003956847 -0.004823402
0.003958447 -0.004588114
0.003960047 -0.004823402
0.003961647 -0.004823402
0.003963247 -0.004823402
0.003964847 -0.00447047
0.003966447 -0.004823402
0.003968047 -0.004705758
0.003969647 -0.004941046
0.003971247 -0.00447047
0.003972847 -0.004352826
0.003974447 -0.004352826
0.003976047 -0.004823402
0.003977647 -0.004588114
0.003979247 -0.004117539
0.003980847 -0.003999895
0.003982447 -0.004235183
0.003984047 -0.004352826
0.003985647 -0.004117539
0.003987247 -0.004117539
0.003988847 -0.004352826
0.003990447 -0.004117539
0.003992047 -0.004235183
0.003993647 -0.003764607
0.003995247 -0.004117539
0.003996847 -0.003764607
0.003998447 -0.003764607
0.004000047 -0.003529319
0.004001647 -0.003646963
0.004003247 -0.002941099
0.004004847 -0.003294031
0.004006447 -0.003058743
0.004008047 -0.003176387
0.004009647 -0.002941099
0.004011247 -0.003058743
0.004012847 -0.002823455
0.004014447 -0.003058743
0.004016047 -0.002705811
0.004017647 -0.002705811
0.004019247 -0.002470523
0.004020847 -0.002705811
0.004022447 -0.002352879
0.004024047 -0.002823455
0.004025647 -0.002470523
0.004027247 -0.002588167
0.004028847 -0.002705811
0.004030447 -0.002941099
0.004032047 -0.002470523
0.004033647 -0.002823455
0.004035247 -0.002705811
0.004036847 -0.002823455
0.004038447 -0.002705811
0.004040047 -0.002705811
0.004041647 -0.002705811
0.004043247 -0.003058743
0.004044847 -0.002941099
0.004046447 -0.002588167
0.004048047 -0.002941099
0.004049647 -0.003058743
0.004051247 -0.002705811
0.004052847 -0.002941099
0.004054447 -0.003058743
0.004056047 -0.003058743
0.004057647 -0.003058743
0.004059247 -0.003176387
0.004060847 -0.003176387
0.004062447 -0.003058743
0.004064047 -0.002941099
0.004065647 -0.003176387
0.004067247 -0.002941099
0.004068847 -0.003176387
0.004070447 -0.002705811
0.004072047 -0.003411675
0.004073647 -0.002705811
0.004075247 -0.002823455
0.004076847 -0.002941099
0.004078447 -0.002941099
0.004080047 -0.002705811
0.004081647 -0.003176387
0.004083247 -0.002823455
0.004084847 -0.003058743
0.004086447 -0.002941099
0.004088047 -0.003058743
0.004089647 -0.002941099
0.004091247 -0.003411675
0.004092847 -0.003411675
0.004094447 -0.003176387
0.004096047 -0.003176387
0.004097647 -0.003764607
0.004099247 -0.003411675
0.004100847 -0.003646963
0.004102447 -0.003529319
0.004104047 -0.003999895
0.004105647 -0.003999895
0.004107247 -0.003529319
0.004108847 -0.004117539
0.004110447 -0.003646963
0.004112047 -0.003764607
0.004113647 -0.003882251
0.004115247 -0.003882251
0.004116847 -0.003882251
0.004118447 -0.003646963
0.004120047 -0.003882251
0.004121647 -0.003646963
0.004123247 -0.003529319
0.004124847 -0.003646963
0.004126447 -0.003529319
0.004128047 -0.003411675
0.004129647 -0.003646963
0.004131247 -0.003646963
0.004132847 -0.003529319
0.004134447 -0.003411675
0.004136047 -0.003529319
0.004137647 -0.003058743
0.004139247 -0.003294031
0.004140847 -0.003882251
0.004142447 -0.003646963
0.004144047 -0.003764607
0.004145647 -0.003529319
0.004147247 -0.003764607
0.004148847 -0.003999895
0.004150447 -0.003882251
0.004152047 -0.004117539
0.004153647 -0.004235183
0.004155247 -0.004352826
0.004156847 -0.004117539
0.004158447 -0.004705758
0.004160047 -0.004352826
0.004161647 -0.004941046
0.004163247 -0.004588114
0.004164847 -0.004823402
0.004166447 -0.004941046
0.004168047 -0.00505869
0.004169647 -0.004588114
0.004171247 -0.005293978
0.004172847 -0.005176334
0.004174447 -0.005176334
0.004176047 -0.004941046
0.004177647 -0.005293978
0.004179247 -0.005176334
0.004180847 -0.005293978
0.004182447 -0.00505869
0.004184047 -0.005529266
0.004185647 -0.005176334
0.004187247 -0.00505869
0.004188847 -0.005293978
0.004190447 -0.005176334
0.004192047 -0.005293978
0.004193647 -0.005176334
0.004195247 -0.00505869
0.004196847 -0.004941046
0.004198447 -0.004705758
0.004200047 -0.004823402
