LECROYWS4024HD 19320 Waveform
Segments 1 SegmentSize 3127
Segment TrigTime TimeSinceSegment1
#1 09-Jul-2024 00:12:49 0                 
Time Ampl
-0.0008012678 0.002588167
-0.0007996678 0.002470523
-0.0007980678 0.002470523
-0.0007964678 0.002941099
-0.0007948678 0.002588167
-0.0007932678 0.002470523
-0.0007916678 0.002588167
-0.0007900678 0.003058743
-0.0007884678 0.002823455
-0.0007868678 0.002705811
-0.0007852678 0.002588167
-0.0007836678 0.002941099
-0.0007820678 0.002588167
-0.0007804678 0.002941099
-0.0007788678 0.002470523
-0.0007772678 0.003058743
-0.0007756678 0.002588167
-0.0007740678 0.002705811
-0.0007724678 0.002705811
-0.0007708678 0.002823455
-0.0007692678 0.002588167
-0.0007676678 0.002588167
-0.0007660678 0.002823455
-0.0007644678 0.002705811
-0.0007628678 0.002705811
-0.0007612678 0.002823455
-0.0007596678 0.002588167
-0.0007580678 0.002705811
-0.0007564678 0.002941099
-0.0007548678 0.002588167
-0.0007532678 0.002823455
-0.0007516678 0.002823455
-0.0007500678 0.002941099
-0.0007484678 0.002705811
-0.0007468678 0.002705811
-0.0007452678 0.002705811
-0.0007436678 0.002705811
-0.0007420678 0.002823455
-0.0007404678 0.002705811
-0.0007388678 0.002588167
-0.0007372678 0.002705811
-0.0007356678 0.002588167
-0.0007340678 0.002470523
-0.0007324678 0.002823455
-0.0007308678 0.002588167
-0.0007292678 0.002823455
-0.0007276678 0.002823455
-0.0007260678 0.002470523
-0.0007244678 0.002588167
-0.0007228678 0.002588167
-0.0007212678 0.002823455
-0.0007196678 0.002941099
-0.0007180678 0.002705811
-0.0007164678 0.002705811
-0.0007148678 0.002941099
-0.0007132678 0.002470523
-0.0007116678 0.002705811
-0.0007100678 0.002588167
-0.0007084678 0.002705811
-0.0007068678 0.002705811
-0.0007052678 0.002470523
-0.0007036678 0.002588167
-0.0007020678 0.002588167
-0.0007004678 0.002352879
-0.0006988678 0.002823455
-0.0006972678 0.002823455
-0.0006956678 0.002470523
-0.0006940678 0.002705811
-0.0006924678 0.002705811
-0.0006908678 0.002470523
-0.0006892678 0.002705811
-0.0006876678 0.002588167
-0.0006860678 0.002588167
-0.0006844678 0.002470523
-0.0006828678 0.002588167
-0.0006812678 0.002470523
-0.0006796678 0.002588167
-0.0006780678 0.002705811
-0.0006764678 0.002588167
-0.0006748678 0.002705811
-0.0006732678 0.002235235
-0.0006716678 0.002588167
-0.0006700678 0.002352879
-0.0006684678 0.002352879
-0.0006668678 0.002588167
-0.0006652678 0.002588167
-0.0006636678 0.002352879
-0.0006620678 0.002588167
-0.0006604678 0.002823455
-0.0006588678 0.002588167
-0.0006572678 0.002588167
-0.0006556678 0.002470523
-0.0006540678 0.002235235
-0.0006524678 0.002470523
-0.0006508678 0.002470523
-0.0006492678 0.002588167
-0.0006476678 0.002470523
-0.0006460678 0.002352879
-0.0006444678 0.002705811
-0.0006428678 0.002470523
-0.0006412678 0.002470523
-0.0006396678 0.002470523
-0.0006380678 0.002235235
-0.0006364678 0.002235235
-0.0006348678 0.002705811
-0.0006332678 0.002470523
-0.0006316678 0.002823455
-0.0006300678 0.002470523
-0.0006284678 0.002352879
-0.0006268678 0.002823455
-0.0006252678 0.002470523
-0.0006236678 0.002352879
-0.0006220678 0.002588167
-0.0006204678 0.002470523
-0.0006188678 0.002470523
-0.0006172678 0.002352879
-0.0006156678 0.002823455
-0.0006140678 0.002470523
-0.0006124678 0.002588167
-0.0006108678 0.002235235
-0.0006092678 0.002823455
-0.0006076678 0.002470523
-0.0006060678 0.002470523
-0.0006044678 0.002705811
-0.0006028678 0.002588167
-0.0006012678 0.002588167
-0.0005996678 0.002352879
-0.0005980678 0.002588167
-0.0005964678 0.002470523
-0.0005948678 0.002705811
-0.0005932678 0.002352879
-0.0005916678 0.002235235
-0.0005900678 0.002470523
-0.0005884678 0.002470523
-0.0005868678 0.002588167
-0.0005852678 0.002705811
-0.0005836678 0.002705811
-0.0005820678 0.002588167
-0.0005804678 0.002235235
-0.0005788678 0.002470523
-0.0005772678 0.002588167
-0.0005756678 0.002235235
-0.0005740678 0.002470523
-0.0005724678 0.002352879
-0.0005708678 0.002352879
-0.0005692678 0.002352879
-0.0005676678 0.002352879
-0.0005660678 0.002352879
-0.0005644678 0.002235235
-0.0005628678 0.002352879
-0.0005612678 0.002352879
-0.0005596678 0.002470523
-0.0005580678 0.002352879
-0.0005564678 0.001999947
-0.0005548678 0.002117591
-0.0005532678 0.002470523
-0.0005516678 0.002470523
-0.0005500678 0.002235235
-0.0005484678 0.002470523
-0.0005468678 0.002470523
-0.0005452678 0.002588167
-0.0005436678 0.002470523
-0.0005420678 0.002470523
-0.0005404678 0.002470523
-0.0005388678 0.002588167
-0.0005372678 0.002117591
-0.0005356678 0.002352879
-0.0005340678 0.002352879
-0.0005324678 0.002705811
-0.0005308678 0.002235235
-0.0005292678 0.002588167
-0.0005276678 0.002117591
-0.0005260678 0.002470523
-0.0005244678 0.002235235
-0.0005228678 0.002588167
-0.0005212678 0.002352879
-0.0005196678 0.002235235
-0.0005180678 0.002235235
-0.0005164678 0.002352879
-0.0005148678 0.002470523
-0.0005132678 0.001999947
-0.0005116678 0.002470523
-0.0005100678 0.002352879
-0.0005084678 0.002117591
-0.0005068678 0.002235235
-0.0005052678 0.002352879
-0.0005036678 0.002588167
-0.0005020678 0.002235235
-0.0005004678 0.002117591
-0.0004988678 0.002470523
-0.0004972678 0.002352879
-0.0004956678 0.002117591
-0.0004940678 0.002470523
-0.0004924678 0.002705811
-0.0004908678 0.001882303
-0.0004892678 0.002235235
-0.0004876678 0.002352879
-0.0004860678 0.002352879
-0.0004844678 0.001882303
-0.0004828678 0.001999947
-0.0004812678 0.002117591
-0.0004796678 0.001999947
-0.0004780678 0.002352879
-0.0004764678 0.002117591
-0.0004748678 0.001999947
-0.0004732678 0.002235235
-0.0004716678 0.002117591
-0.0004700678 0.002352879
-0.0004684678 0.001999947
-0.0004668678 0.002470523
-0.0004652678 0.002235235
-0.0004636678 0.002352879
-0.0004620678 0.002117591
-0.0004604678 0.002235235
-0.0004588678 0.002235235
-0.0004572678 0.002470523
-0.0004556678 0.002117591
-0.0004540678 0.002235235
-0.0004524678 0.002117591
-0.0004508678 0.002352879
-0.0004492678 0.002235235
-0.0004476678 0.002235235
-0.0004460678 0.002352879
-0.0004444678 0.002352879
-0.0004428678 0.002352879
-0.0004412678 0.002235235
-0.0004396678 0.001999947
-0.0004380678 0.001764659
-0.0004364678 0.002117591
-0.0004348678 0.002117591
-0.0004332678 0.001999947
-0.0004316678 0.002352879
-0.0004300678 0.002235235
-0.0004284678 0.001999947
-0.0004268678 0.002235235
-0.0004252678 0.002117591
-0.0004236678 0.002235235
-0.0004220678 0.002117591
-0.0004204678 0.001882303
-0.0004188678 0.002117591
-0.0004172678 0.002117591
-0.0004156678 0.002117591
-0.0004140678 0.001882303
-0.0004124678 0.001764659
-0.0004108678 0.002235235
-0.0004092678 0.001999947
-0.0004076678 0.001999947
-0.0004060678 0.001764659
-0.0004044678 0.002235235
-0.0004028678 0.001882303
-0.0004012678 0.001999947
-0.0003996678 0.002352879
-0.0003980678 0.002117591
-0.0003964678 0.002117591
-0.0003948678 0.002235235
-0.0003932678 0.002117591
-0.0003916678 0.002117591
-0.0003900678 0.002235235
-0.0003884678 0.002235235
-0.0003868678 0.002235235
-0.0003852678 0.002117591
-0.0003836678 0.002352879
-0.0003820678 0.002117591
-0.0003804678 0.002117591
-0.0003788678 0.002117591
-0.0003772678 0.001999947
-0.0003756678 0.001882303
-0.0003740678 0.002352879
-0.0003724678 0.002117591
-0.0003708678 0.002117591
-0.0003692678 0.002117591
-0.0003676678 0.001999947
-0.0003660678 0.001999947
-0.0003644678 0.001999947
-0.0003628678 0.001999947
-0.0003612678 0.001882303
-0.0003596678 0.001882303
-0.0003580678 0.002235235
-0.0003564678 0.001999947
-0.0003548678 0.002117591
-0.0003532678 0.002117591
-0.0003516678 0.002235235
-0.0003500678 0.001764659
-0.0003484678 0.001764659
-0.0003468678 0.001764659
-0.0003452678 0.001999947
-0.0003436678 0.002117591
-0.0003420678 0.001882303
-0.0003404678 0.002117591
-0.0003388678 0.001529371
-0.0003372678 0.001882303
-0.0003356678 0.001882303
-0.0003340678 0.001764659
-0.0003324678 0.001764659
-0.0003308678 0.001999947
-0.0003292678 0.001882303
-0.0003276678 0.001999947
-0.0003260678 0.001647015
-0.0003244678 0.001764659
-0.0003228678 0.001764659
-0.0003212678 0.001764659
-0.0003196678 0.001882303
-0.0003180678 0.001999947
-0.0003164678 0.001999947
-0.0003148678 0.001882303
-0.0003132678 0.001647015
-0.0003116678 0.001529371
-0.0003100678 0.001764659
-0.0003084678 0.001882303
-0.0003068678 0.001764659
-0.0003052678 0.001882303
-0.0003036678 0.001647015
-0.0003020678 0.001882303
-0.0003004678 0.001647015
-0.0002988678 0.001999947
-0.0002972678 0.001764659
-0.0002956678 0.001882303
-0.0002940678 0.001999947
-0.0002924678 0.001411728
-0.0002908678 0.002117591
-0.0002892678 0.001764659
-0.0002876678 0.001529371
-0.0002860678 0.001764659
-0.0002844678 0.001647015
-0.0002828678 0.001764659
-0.0002812678 0.001882303
-0.0002796678 0.001529371
-0.0002780678 0.001647015
-0.0002764678 0.001647015
-0.0002748678 0.001882303
-0.0002732678 0.001764659
-0.0002716678 0.001882303
-0.0002700678 0.001999947
-0.0002684678 0.001647015
-0.0002668678 0.001999947
-0.0002652678 0.001999947
-0.0002636678 0.001764659
-0.0002620678 0.001882303
-0.0002604678 0.001647015
-0.0002588678 0.001529371
-0.0002572678 0.001764659
-0.0002556678 0.001529371
-0.0002540678 0.001764659
-0.0002524678 0.001764659
-0.0002508678 0.001764659
-0.0002492678 0.001647015
-0.0002476678 0.001647015
-0.0002460678 0.001764659
-0.0002444678 0.001647015
-0.0002428678 0.001529371
-0.0002412678 0.001647015
-0.0002396678 0.001999947
-0.0002380678 0.001882303
-0.0002364678 0.001647015
-0.0002348678 0.001764659
-0.0002332678 0.001411728
-0.0002316678 0.001999947
-0.0002300678 0.001647015
-0.0002284678 0.001999947
-0.0002268678 0.001882303
-0.0002252678 0.001529371
-0.0002236678 0.001529371
-0.0002220678 0.001647015
-0.0002204678 0.001647015
-0.0002188678 0.001647015
-0.0002172678 0.001647015
-0.0002156678 0.001882303
-0.0002140678 0.001529371
-0.0002124678 0.001529371
-0.0002108678 0.001647015
-0.0002092678 0.001411728
-0.0002076678 0.001529371
-0.0002060678 0.001764659
-0.0002044678 0.001529371
-0.0002028678 0.001294084
-0.0002012678 0.001411728
-0.0001996678 0.001764659
-0.0001980678 0.001647015
-0.0001964678 0.001411728
-0.0001948678 0.001411728
-0.0001932678 0.001647015
-0.0001916678 0.001647015
-0.0001900678 0.001529371
-0.0001884678 0.001647015
-0.0001868678 0.001882303
-0.0001852678 0.001529371
-0.0001836678 0.001882303
-0.0001820678 0.001647015
-0.0001804678 0.001764659
-0.0001788678 0.001529371
-0.0001772678 0.001294084
-0.0001756678 0.001647015
-0.0001740678 0.001647015
-0.0001724678 0.001529371
-0.0001708678 0.001647015
-0.0001692678 0.001411728
-0.0001676678 0.001647015
-0.0001660678 0.001411728
-0.0001644678 0.001411728
-0.0001628678 0.001294084
-0.0001612678 0.001294084
-0.0001596678 0.001529371
-0.0001580678 0.001529371
-0.0001564678 0.001411728
-0.0001548678 0.001647015
-0.0001532678 0.001411728
-0.0001516678 0.001411728
-0.0001500678 0.001411728
-0.0001484678 0.001529371
-0.0001468678 0.001529371
-0.0001452678 0.001647015
-0.0001436678 0.001764659
-0.0001420678 0.001294084
-0.0001404678 0.001411728
-0.0001388678 0.001529371
-0.0001372678 0.001411728
-0.0001356678 0.001529371
-0.0001340678 0.001529371
-0.0001324678 0.001529371
-0.0001308678 0.00117644
-0.0001292678 0.001529371
-0.0001276678 0.00117644
-0.0001260678 0.001411728
-0.0001244678 0.001411728
-0.0001228678 0.001411728
-0.0001212678 0.001294084
-0.0001196678 0.00117644
-0.0001180678 0.001529371
-0.0001164678 0.001529371
-0.0001148678 0.001529371
-0.0001132678 0.001294084
-0.0001116678 0.00117644
-0.0001100678 0.001294084
-0.0001084678 0.001647015
-0.0001068678 0.001411728
-0.0001052678 0.00117644
-0.0001036678 0.001411728
-0.0001020678 0.00117644
-0.0001004678 0.001294084
-9.88678e-005 0.001411728
-9.72678e-005 0.001294084
-9.56678e-005 0.001411728
-9.40678e-005 0.001294084
-9.24678e-005 0.001647015
-9.08678e-005 0.001411728
-8.92678e-005 0.00117644
-8.76678e-005 0.001294084
-8.60678e-005 0.001529371
-8.44678e-005 0.001294084
-8.28678e-005 0.001294084
-8.12678e-005 0.001647015
-7.96678e-005 0.00117644
-7.80678e-005 0.001294084
-7.64678e-005 0.001058796
-7.48678e-005 0.001294084
-7.32678e-005 0.001294084
-7.16678e-005 0.001411728
-7.00678e-005 0.001529371
-6.84678e-005 0.001294084
-6.68678e-005 0.001294084
-6.52678e-005 0.00117644
-6.36678e-005 0.001411728
-6.20678e-005 0.001411728
-6.04678e-005 0.001294084
-5.88678e-005 0.0009411517
-5.72678e-005 0.001411728
-5.56678e-005 0.001294084
-5.40678e-005 0.001411728
-5.24678e-005 0.001529371
-5.08678e-005 0.00117644
-4.92678e-005 0.001529371
-4.76678e-005 0.001058796
-4.60678e-005 0.001411728
-4.44678e-005 0.001294084
-4.28678e-005 0.001294084
-4.12678e-005 0.001294084
-3.96678e-005 0.001411728
-3.80678e-005 0.001058796
-3.64678e-005 0.00117644
-3.48678e-005 0.001294084
-3.32678e-005 0.00117644
-3.16678e-005 0.00117644
-3.00678e-005 0.00117644
-2.84678e-005 0.001411728
-2.68678e-005 0.003999895
-2.52678e-005 0.006588062
-2.36678e-005 0.006940994
-2.20678e-005 0.003294031
-2.04678e-005 -0.003999895
-1.88678e-005 -0.01505843
-1.72678e-005 -0.02446994
-1.56678e-005 -0.03270502
-1.40678e-005 -0.03905779
-1.24678e-005 -0.04411648
-1.08678e-005 -0.04893989
-9.2678e-006 -0.05411622
-7.6678e-006 -0.053528
-6.0678e-006 -0.04741052
-4.4678e-006 -0.03905779
-2.8678e-006 -0.02741104
-1.2678e-006 -0.01211733
3.322e-007 0.0002352879
1.9322e-006 0.007646857
3.5322e-006 0.01247026
5.1322e-006 0.01352906
6.7322e-006 0.01105853
8.3322e-006 0.006588062
9.9322e-006 0.003764607
1.15322e-005 0.0003529319
1.31322e-005 -0.001529371
1.47322e-005 -0.002823455
1.63322e-005 -0.00117644
1.79322e-005 0.0005882198
1.95322e-005 0.002117591
2.11322e-005 0.002705811
2.27322e-005 0.001764659
2.43322e-005 0.001882303
2.59322e-005 0.0007058638
2.75322e-005 0.001882303
2.91322e-005 0.00505869
3.07322e-005 0.008117433
3.23322e-005 0.009411517
3.39322e-005 0.006705706
3.55322e-005 0.00505869
3.71322e-005 0.003411675
3.87322e-005 0.003999895
4.03322e-005 0.004352826
4.19322e-005 0.004588114
4.35322e-005 0.00447047
4.51322e-005 0.003646963
4.67322e-005 0.002941099
4.83322e-005 0.001882303
4.99322e-005 0.001411728
5.15322e-005 0.001647015
5.31322e-005 0.001647015
5.47322e-005 0.001294084
5.63322e-005 0.002823455
5.79322e-005 0.003764607
5.95322e-005 0.004705758
6.11322e-005 0.005176334
6.27322e-005 0.005176334
6.43322e-005 0.004588114
6.59322e-005 0.003999895
6.75322e-005 0.003176387
6.91322e-005 0.001764659
7.07322e-005 0.001647015
7.23322e-005 0.001999947
7.39322e-005 0.003294031
7.55322e-005 0.004235183
7.71322e-005 0.004588114
7.87322e-005 0.004235183
8.03322e-005 0.003294031
8.19322e-005 0.002470523
8.35322e-005 0.002117591
8.51322e-005 0.001058796
8.67322e-005 0.0002352879
8.83322e-005 -0.0007058638
8.99322e-005 -0.001764659
9.15322e-005 -0.003411675
9.31322e-005 -0.003646963
9.47322e-005 -0.003529319
9.63322e-005 -0.002470523
9.79322e-005 -0.001529371
9.95322e-005 -0.0007058638
0.0001011322 -0.0005882198
0.0001027322 -0.0003529319
0.0001043322 -0.0004705758
0.0001059322 -0.0003529319
0.0001075322 -0.0003529319
0.0001091322 -0.0003529319
0.0001107322 0.0002352879
0.0001123322 0.0003529319
0.0001139322 -0.0004705758
0.0001155322 -0.0005882198
0.0001171322 -0.0007058638
0.0001187322 -0.0008235077
0.0001203322 -0.0005882198
0.0001219322 -0.0005882198
0.0001235322 -0.0004705758
0.0001251322 -0.0003529319
0.0001267322 -0.0004705758
0.0001283322 0
0.0001299322 0
0.0001315322 -0.0005882198
0.0001331322 -0.00117644
0.0001347322 -0.0008235077
0.0001363322 -0.000117644
0.0001379322 0.0008235077
0.0001395322 0.001647015
0.0001411322 0.002470523
0.0001427322 0.003411675
0.0001443322 0.004588114
0.0001459322 0.00564691
0.0001475322 0.006352774
0.0001491322 0.00623513
0.0001507322 0.006352774
0.0001523322 0.005999842
0.0001539322 0.006352774
0.0001555322 0.006470418
0.0001571322 0.006940994
0.0001587322 0.006588062
0.0001603322 0.006352774
0.0001619322 0.005764554
0.0001635322 0.005764554
0.0001651322 0.005999842
0.0001667322 0.006705706
0.0001683322 0.006940994
0.0001699322 0.006940994
0.0001715322 0.005999842
0.0001731322 0.005999842
0.0001747322 0.00564691
0.0001763322 0.005882198
0.0001779322 0.005529266
0.0001795322 0.005999842
0.0001811322 0.00682335
0.0001827322 0.007176281
0.0001843322 0.007058638
0.0001859322 0.007764501
0.0001875322 0.007176281
0.0001891322 0.006470418
0.0001907322 0.00564691
0.0001923322 0.005293978
0.0001939322 0.00447047
0.0001955322 0.003999895
0.0001971322 0.002941099
0.0001987322 0.003294031
0.0002003322 0.003882251
0.0002019322 0.004941046
0.0002035322 0.005529266
0.0002051322 0.00623513
0.0002067322 0.00682335
0.0002083322 0.006940994
0.0002099322 0.006940994
0.0002115322 0.006352774
0.0002131322 0.005411622
0.0002147322 0.004235183
0.0002163322 0.003176387
0.0002179322 0.001294084
0.0002195322 -0.000117644
0.0002211322 -0.0009411517
0.0002227322 -0.001058796
0.0002243322 -0.0008235077
0.0002259322 -0.0007058638
0.0002275322 -0.0005882198
0.0002291322 0
0.0002307322 0.0003529319
0.0002323322 0.00117644
0.0002339322 0.002352879
0.0002355322 0.003294031
0.0002371322 0.004352826
0.0002387322 0.00447047
0.0002403322 0.005411622
0.0002419322 0.005882198
0.0002435322 0.006470418
0.0002451322 0.006470418
0.0002467322 0.005999842
0.0002483322 0.005411622
0.0002499322 0.004941046
0.0002515322 0.00447047
0.0002531322 0.003999895
0.0002547322 0.003764607
0.0002563322 0.003882251
0.0002579322 0.003646963
0.0002595322 0.003764607
0.0002611322 0.004117539
0.0002627322 0.005411622
0.0002643322 0.005999842
0.0002659322 0.006470418
0.0002675322 0.00682335
0.0002691322 0.007411569
0.0002707322 0.007411569
0.0002723322 0.007764501
0.0002739322 0.007529213
0.0002755322 0.007176281
0.0002771322 0.006705706
0.0002787322 0.005882198
0.0002803322 0.005293978
0.0002819322 0.004705758
0.0002835322 0.004352826
0.0002851322 0.004352826
0.0002867322 0.003999895
0.0002883322 0.004352826
0.0002899322 0.004352826
0.0002915322 0.004941046
0.0002931322 0.005176334
0.0002947322 0.005882198
0.0002963322 0.00623513
0.0002979322 0.005999842
0.0002995322 0.005411622
0.0003011322 0.005293978
0.0003027322 0.005411622
0.0003043322 0.005882198
0.0003059322 0.005882198
0.0003075322 0.005176334
0.0003091322 0.004235183
0.0003107322 0.003411675
0.0003123322 0.003294031
0.0003139322 0.004117539
0.0003155322 0.004823402
0.0003171322 0.004588114
0.0003187322 0.003294031
0.0003203322 0.002588167
0.0003219322 0.002470523
0.0003235322 0.002352879
0.0003251322 0.002352879
0.0003267322 0.002117591
0.0003283322 0.001647015
0.0003299322 0.0002352879
0.0003315322 -0.0002352879
0.0003331322 -0.0005882198
0.0003347322 -0.0009411517
0.0003363322 -0.001058796
0.0003379322 -0.0003529319
0.0003395322 -0.0002352879
0.0003411322 0.0005882198
0.0003427322 0.00117644
0.0003443322 0.001529371
0.0003459322 0.001764659
0.0003475322 0.002470523
0.0003491322 0.003176387
0.0003507322 0.003646963
0.0003523322 0.003646963
0.0003539322 0.003764607
0.0003555322 0.003882251
0.0003571322 0.003999895
0.0003587322 0.00447047
0.0003603322 0.00447047
0.0003619322 0.004352826
0.0003635322 0.004235183
0.0003651322 0.003882251
0.0003667322 0.003646963
0.0003683322 0.003764607
0.0003699322 0.003529319
0.0003715322 0.003294031
0.0003731322 0.002941099
0.0003747322 0.002941099
0.0003763322 0.002823455
0.0003779322 0.002588167
0.0003795322 0.002235235
0.0003811322 0.002588167
0.0003827322 0.002705811
0.0003843322 0.002705811
0.0003859322 0.002470523
0.0003875322 0.001999947
0.0003891322 0.001529371
0.0003907322 0.001764659
0.0003923322 0.001882303
0.0003939322 0.002470523
0.0003955322 0.003529319
0.0003971322 0.003411675
0.0003987322 0.003058743
0.0004003322 0.002941099
0.0004019322 0.002705811
0.0004035322 0.003176387
0.0004051322 0.002941099
0.0004067322 0.003058743
0.0004083322 0.003058743
0.0004099322 0.003176387
0.0004115322 0.003411675
0.0004131322 0.003646963
0.0004147322 0.003529319
0.0004163322 0.003882251
0.0004179322 0.004235183
0.0004195322 0.00447047
0.0004211322 0.004941046
0.0004227322 0.004588114
0.0004243322 0.004941046
0.0004259322 0.00447047
0.0004275322 0.003999895
0.0004291322 0.003529319
0.0004307322 0.002941099
0.0004323322 0.002823455
0.0004339322 0.002117591
0.0004355322 0.001882303
0.0004371322 0.001411728
0.0004387322 0.000117644
0.0004403322 -0.0002352879
0.0004419322 -0.0005882198
0.0004435322 -0.00117644
0.0004451322 -0.001411728
0.0004467322 -0.001058796
0.0004483322 -0.0008235077
0.0004499322 0
0.0004515322 0.0005882198
0.0004531322 0.001647015
0.0004547322 0.002117591
0.0004563322 0.002705811
0.0004579322 0.003529319
0.0004595322 0.003764607
0.0004611322 0.004352826
0.0004627322 0.004235183
0.0004643322 0.00447047
0.0004659322 0.003646963
0.0004675322 0.003058743
0.0004691322 0.002470523
0.0004707322 0.003058743
0.0004723322 0.002470523
0.0004739322 0.001882303
0.0004755322 0.001647015
0.0004771322 0.001647015
0.0004787322 0.001647015
0.0004803322 0.001529371
0.0004819322 0.001529371
0.0004835322 0.001882303
0.0004851322 0.001294084
0.0004867322 0.001411728
0.0004883322 0.00117644
0.0004899322 0.001294084
0.0004915322 0.00117644
0.0004931322 0.00117644
0.0004947322 0.001294084
0.0004963322 0.001058796
0.0004979322 0.001294084
0.0004995322 0.001294084
0.0005011322 0.0009411517
0.0005027322 0.0008235077
0.0005043322 0.0002352879
0.0005059322 0.0003529319
0.0005075322 0.0004705758
0.0005091322 0.0003529319
0.0005107322 0.0005882198
0.0005123322 0.0004705758
0.0005139322 0.0005882198
0.0005155322 0
0.0005171322 -0.0002352879
0.0005187322 0
0.0005203322 0.000117644
0.0005219322 0.0004705758
0.0005235322 0.0009411517
0.0005251322 0.001058796
0.0005267322 0.001294084
0.0005283322 0.001529371
0.0005299322 0.001647015
0.0005315322 0.002117591
0.0005331322 0.002588167
0.0005347322 0.002588167
0.0005363322 0.002470523
0.0005379322 0.002235235
0.0005395322 0.002235235
0.0005411322 0.001999947
0.0005427322 0.001411728
0.0005443322 0.001882303
0.0005459322 0.001764659
0.0005475322 0.001999947
0.0005491322 0.002235235
0.0005507322 0.002823455
0.0005523322 0.003411675
0.0005539322 0.003646963
0.0005555322 0.003764607
0.0005571322 0.003764607
0.0005587322 0.003058743
0.0005603322 0.002705811
0.0005619322 0.002823455
0.0005635322 0.002588167
0.0005651322 0.002470523
0.0005667322 0.002117591
0.0005683322 0.001882303
0.0005699322 0.001294084
0.0005715322 0.0008235077
0.0005731322 0.0003529319
0.0005747322 0.001058796
0.0005763322 0.001058796
0.0005779322 0.0009411517
0.0005795322 0.001058796
0.0005811322 0.0009411517
0.0005827322 0.00117644
0.0005843322 0.00117644
0.0005859322 0.001411728
0.0005875322 0.001294084
0.0005891322 0.001058796
0.0005907322 0.0009411517
0.0005923322 0.0008235077
0.0005939322 0.0003529319
0.0005955322 -0.0002352879
0.0005971322 -0.0009411517
0.0005987322 -0.001411728
0.0006003322 -0.001882303
0.0006019322 -0.002117591
0.0006035322 -0.002352879
0.0006051322 -0.002588167
0.0006067322 -0.002588167
0.0006083322 -0.002117591
0.0006099322 -0.002235235
0.0006115322 -0.001882303
0.0006131322 -0.001647015
0.0006147322 -0.0009411517
0.0006163322 -0.0009411517
0.0006179322 -0.0005882198
0.0006195322 0.000117644
0.0006211322 0.0004705758
0.0006227322 0.00117644
0.0006243322 0.00117644
0.0006259322 0.001647015
0.0006275322 0.001058796
0.0006291322 0.001058796
0.0006307322 0.0009411517
0.0006323322 0.00117644
0.0006339322 0.0004705758
0.0006355322 0.0003529319
0.0006371322 0
0.0006387322 -0.0003529319
0.0006403322 0.000117644
0.0006419322 0.0002352879
0.0006435322 0.0002352879
0.0006451322 0.0007058638
0.0006467322 0.0008235077
0.0006483322 0.00117644
0.0006499322 0.001411728
0.0006515322 0.001647015
0.0006531322 0.002117591
0.0006547322 0.002941099
0.0006563322 0.002588167
0.0006579322 0.002823455
0.0006595322 0.002941099
0.0006611322 0.002941099
0.0006627322 0.003294031
0.0006643322 0.003411675
0.0006659322 0.003294031
0.0006675322 0.003176387
0.0006691322 0.003176387
0.0006707322 0.002941099
0.0006723322 0.002588167
0.0006739322 0.002235235
0.0006755322 0.002235235
0.0006771322 0.001882303
0.0006787322 0.001764659
0.0006803322 0.001411728
0.0006819322 0.00117644
0.0006835322 0.0009411517
0.0006851322 0.0005882198
0.0006867322 0.0007058638
0.0006883322 0.0005882198
0.0006899322 0.0005882198
0.0006915322 0.0004705758
0.0006931322 0.0008235077
0.0006947322 0.0007058638
0.0006963322 0.0008235077
0.0006979322 0.0007058638
0.0006995322 0.0009411517
0.0007011322 0.0009411517
0.0007027322 0.001058796
0.0007043322 0.00117644
0.0007059322 0.001294084
0.0007075322 0.001529371
0.0007091322 0.001647015
0.0007107322 0.001882303
0.0007123322 0.001999947
0.0007139322 0.002235235
0.0007155322 0.002588167
0.0007171322 0.002823455
0.0007187322 0.002941099
0.0007203322 0.002941099
0.0007219322 0.003411675
0.0007235322 0.003411675
0.0007251322 0.003294031
0.0007267322 0.003294031
0.0007283322 0.002823455
0.0007299322 0.002352879
0.0007315322 0.001882303
0.0007331322 0.001764659
0.0007347322 0.00117644
0.0007363322 0.0007058638
0.0007379322 0.0009411517
0.0007395322 0.0003529319
0.0007411322 0.0002352879
0.0007427322 0.000117644
0.0007443322 0.0004705758
0.0007459322 0.0004705758
0.0007475322 0.001411728
0.0007491322 0.001882303
0.0007507322 0.002117591
0.0007523322 0.002470523
0.0007539322 0.002941099
0.0007555322 0.003294031
0.0007571322 0.003529319
0.0007587322 0.003764607
0.0007603322 0.003764607
0.0007619322 0.003529319
0.0007635322 0.003764607
0.0007651322 0.003176387
0.0007667322 0.003176387
0.0007683322 0.002117591
0.0007699322 0.001882303
0.0007715322 0.001529371
0.0007731322 0.001647015
0.0007747322 0.001294084
0.0007763322 0.001647015
0.0007779322 0.001294084
0.0007795322 0.001529371
0.0007811322 0.001647015
0.0007827322 0.001647015
0.0007843322 0.001764659
0.0007859322 0.002588167
0.0007875322 0.002705811
0.0007891322 0.002941099
0.0007907322 0.003294031
0.0007923322 0.003411675
0.0007939322 0.003294031
0.0007955322 0.003294031
0.0007971322 0.003411675
0.0007987322 0.003294031
0.0008003322 0.003411675
0.0008019322 0.003058743
0.0008035322 0.002705811
0.0008051322 0.002588167
0.0008067322 0.002470523
0.0008083322 0.001882303
0.0008099322 0.0008235077
0.0008115322 0.0004705758
0.0008131322 -0.0003529319
0.0008147322 -0.00117644
0.0008163322 -0.001411728
0.0008179322 -0.001647015
0.0008195322 -0.002117591
0.0008211322 -0.002705811
0.0008227322 -0.003176387
0.0008243322 -0.003529319
0.0008259322 -0.003058743
0.0008275322 -0.003176387
0.0008291322 -0.002823455
0.0008307322 -0.002823455
0.0008323322 -0.002470523
0.0008339322 -0.002823455
0.0008355322 -0.002235235
0.0008371322 -0.002588167
0.0008387322 -0.002352879
0.0008403322 -0.001999947
0.0008419322 -0.001999947
0.0008435322 -0.002117591
0.0008451322 -0.002117591
0.0008467322 -0.002352879
0.0008483322 -0.002470523
0.0008499322 -0.002470523
0.0008515322 -0.002470523
0.0008531322 -0.002705811
0.0008547322 -0.002941099
0.0008563322 -0.003529319
0.0008579322 -0.003058743
0.0008595322 -0.003058743
0.0008611322 -0.003176387
0.0008627322 -0.003529319
0.0008643322 -0.004117539
0.0008659322 -0.004705758
0.0008675322 -0.004588114
0.0008691322 -0.004588114
0.0008707322 -0.004941046
0.0008723322 -0.004235183
0.0008739322 -0.003999895
0.0008755322 -0.003646963
0.0008771322 -0.003411675
0.0008787322 -0.002352879
0.0008803322 -0.002352879
0.0008819322 -0.002352879
0.0008835322 -0.001764659
0.0008851322 -0.001411728
0.0008867322 -0.0008235077
0.0008883322 -0.0008235077
0.0008899322 -0.0007058638
0.0008915322 -0.0003529319
0.0008931322 -0.0008235077
0.0008947322 -0.0008235077
0.0008963322 -0.0009411517
0.0008979322 -0.0005882198
0.0008995322 -0.001058796
0.0009011322 -0.001058796
0.0009027322 -0.001411728
0.0009043322 -0.001764659
0.0009059322 -0.001882303
0.0009075322 -0.002352879
0.0009091322 -0.002117591
0.0009107322 -0.001999947
0.0009123322 -0.001411728
0.0009139322 -0.001294084
0.0009155322 -0.001411728
0.0009171322 -0.00117644
0.0009187322 -0.001294084
0.0009203322 -0.001058796
0.0009219322 -0.001294084
0.0009235322 -0.00117644
0.0009251322 -0.001764659
0.0009267322 -0.002117591
0.0009283322 -0.002588167
0.0009299322 -0.003058743
0.0009315322 -0.002705811
0.0009331322 -0.003058743
0.0009347322 -0.002705811
0.0009363322 -0.002705811
0.0009379322 -0.002117591
0.0009395322 -0.001764659
0.0009411322 -0.001882303
0.0009427322 -0.001411728
0.0009443322 -0.00117644
0.0009459322 -0.001529371
0.0009475322 -0.001764659
0.0009491322 -0.002352879
0.0009507322 -0.002823455
0.0009523322 -0.003294031
0.0009539322 -0.003764607
0.0009555322 -0.00447047
0.0009571322 -0.004588114
0.0009587322 -0.00505869
0.0009603322 -0.005529266
0.0009619322 -0.005999842
0.0009635322 -0.005764554
0.0009651322 -0.005764554
0.0009667322 -0.005529266
0.0009683322 -0.005411622
0.0009699322 -0.00505869
0.0009715322 -0.00505869
0.0009731322 -0.004352826
0.0009747322 -0.004235183
0.0009763322 -0.004117539
0.0009779322 -0.003529319
0.0009795322 -0.002941099
0.0009811322 -0.003176387
0.0009827322 -0.002117591
0.0009843322 -0.001764659
0.0009859322 -0.001411728
0.0009875322 -0.001764659
0.0009891322 -0.00117644
0.0009907322 -0.0007058638
0.0009923322 -0.0007058638
0.0009939322 -0.0003529319
0.0009955322 -0.0007058638
0.0009971322 -0.0007058638
0.0009987322 -0.0009411517
0.001000332 -0.001058796
0.001001932 -0.0008235077
0.001003532 -0.0005882198
0.001005132 -0.0002352879
0.001006732 -0.0007058638
0.001008332 -0.0004705758
0.001009932 -0.0004705758
0.001011532 0
0.001013132 0.0004705758
0.001014732 0.0007058638
0.001016332 0.0007058638
0.001017932 0.001058796
0.001019532 0.00117644
0.001021132 0.001411728
0.001022732 0.001058796
0.001024332 0.001764659
0.001025932 0.002117591
0.001027532 0.001882303
0.001029132 0.001882303
0.001030732 0.001764659
0.001032332 0.001764659
0.001033932 0.001999947
0.001035532 0.001764659
0.001037132 0.001999947
0.001038732 0.001411728
0.001040332 0.001294084
0.001041932 0.0004705758
0.001043532 0.000117644
0.001045132 0.0004705758
0.001046732 -0.000117644
0.001048332 0
0.001049932 -0.0003529319
0.001051532 -0.0008235077
0.001053132 -0.001294084
0.001054732 -0.001294084
0.001056332 -0.001647015
0.001057932 -0.001999947
0.001059532 -0.001999947
0.001061132 -0.002117591
0.001062732 -0.002235235
0.001064332 -0.002235235
0.001065932 -0.002470523
0.001067532 -0.002117591
0.001069132 -0.002117591
0.001070732 -0.002352879
0.001072332 -0.001647015
0.001073932 -0.001764659
0.001075532 -0.001294084
0.001077132 -0.001294084
0.001078732 -0.0009411517
0.001080332 -0.0007058638
0.001081932 -0.0004705758
0.001083532 -0.0004705758
0.001085132 -0.0004705758
0.001086732 -0.0005882198
0.001088332 -0.0004705758
0.001089932 -0.001058796
0.001091532 -0.0009411517
0.001093132 -0.001294084
0.001094732 -0.00117644
0.001096332 -0.001294084
0.001097932 -0.001529371
0.001099532 -0.001647015
0.001101132 -0.001647015
0.001102732 -0.00117644
0.001104332 -0.001764659
0.001105932 -0.001411728
0.001107532 -0.001529371
0.001109132 -0.001294084
0.001110732 -0.00117644
0.001112332 -0.001294084
0.001113932 -0.0008235077
0.001115532 -0.0003529319
0.001117132 -0.0002352879
0.001118732 0.000117644
0.001120332 0.0002352879
0.001121932 0.0003529319
0.001123532 0.0007058638
0.001125132 0.001058796
0.001126732 0.001529371
0.001128332 0.001294084
0.001129932 0.0007058638
0.001131532 0.001058796
0.001133132 0.001058796
0.001134732 0.0008235077
0.001136332 0.00117644
0.001137932 0.0008235077
0.001139532 0.001058796
0.001141132 0
0.001142732 0.000117644
0.001144332 -0.0004705758
0.001145932 -0.001058796
0.001147532 -0.001058796
0.001149132 -0.001647015
0.001150732 -0.001764659
0.001152332 -0.002352879
0.001153932 -0.002823455
0.001155532 -0.002705811
0.001157132 -0.003176387
0.001158732 -0.002588167
0.001160332 -0.002588167
0.001161932 -0.002235235
0.001163532 -0.002705811
0.001165132 -0.001999947
0.001166732 -0.002117591
0.001168332 -0.002117591
0.001169932 -0.002470523
0.001171532 -0.002352879
0.001173132 -0.003176387
0.001174732 -0.003176387
0.001176332 -0.003294031
0.001177932 -0.003176387
0.001179532 -0.003529319
0.001181132 -0.003294031
0.001182732 -0.003529319
0.001184332 -0.003294031
0.001185932 -0.003058743
0.001187532 -0.002941099
0.001189132 -0.003176387
0.001190732 -0.002588167
0.001192332 -0.002470523
0.001193932 -0.002470523
0.001195532 -0.002705811
0.001197132 -0.002117591
0.001198732 -0.002470523
0.001200332 -0.002352879
0.001201932 -0.002470523
0.001203532 -0.002705811
0.001205132 -0.002588167
0.001206732 -0.002588167
0.001208332 -0.003058743
0.001209932 -0.002823455
0.001211532 -0.003529319
0.001213132 -0.003294031
0.001214732 -0.003882251
0.001216332 -0.004235183
0.001217932 -0.003999895
0.001219532 -0.003646963
0.001221132 -0.003646963
0.001222732 -0.002941099
0.001224332 -0.002588167
0.001225932 -0.002352879
0.001227532 -0.001764659
0.001229132 -0.001764659
0.001230732 -0.001411728
0.001232332 -0.001529371
0.001233932 -0.001529371
0.001235532 -0.001764659
0.001237132 -0.001764659
0.001238732 -0.001999947
0.001240332 -0.002117591
0.001241932 -0.002470523
0.001243532 -0.002941099
0.001245132 -0.002823455
0.001246732 -0.003294031
0.001248332 -0.003058743
0.001249932 -0.003058743
0.001251532 -0.003058743
0.001253132 -0.003411675
0.001254732 -0.003294031
0.001256332 -0.003294031
0.001257932 -0.002588167
0.001259532 -0.002705811
0.001261132 -0.002705811
0.001262732 -0.002823455
0.001264332 -0.002941099
0.001265932 -0.003411675
0.001267532 -0.003176387
0.001269132 -0.003529319
0.001270732 -0.003646963
0.001272332 -0.003646963
0.001273932 -0.003646963
0.001275532 -0.003882251
0.001277132 -0.003999895
0.001278732 -0.003882251
0.001280332 -0.003294031
0.001281932 -0.003058743
0.001283532 -0.002705811
0.001285132 -0.002823455
0.001286732 -0.002117591
0.001288332 -0.002352879
0.001289932 -0.001999947
0.001291532 -0.002352879
0.001293132 -0.002235235
0.001294732 -0.002470523
0.001296332 -0.003176387
0.001297932 -0.004235183
0.001299532 -0.004352826
0.001301132 -0.00505869
0.001302732 -0.005411622
0.001304332 -0.005882198
0.001305932 -0.005529266
0.001307532 -0.00564691
0.001309132 -0.00564691
0.001310732 -0.005176334
0.001312332 -0.004352826
0.001313932 -0.004117539
0.001315532 -0.003411675
0.001317132 -0.003176387
0.001318732 -0.003058743
0.001320332 -0.002588167
0.001321932 -0.002117591
0.001323532 -0.001999947
0.001325132 -0.001764659
0.001326732 -0.001058796
0.001328332 -0.001058796
0.001329932 -0.0004705758
0.001331532 0.000117644
0.001333132 0.0003529319
0.001334732 0.0005882198
0.001336332 0.0009411517
0.001337932 0.0007058638
0.001339532 0.0007058638
0.001341132 0.000117644
0.001342732 0
0.001344332 -0.0002352879
0.001345932 -0.000117644
0.001347532 -0.0003529319
0.001349132 -0.0007058638
0.001350732 -0.0005882198
0.001352332 -0.0009411517
0.001353932 -0.001294084
0.001355532 -0.001764659
0.001357132 -0.002117591
0.001358732 -0.002588167
0.001360332 -0.002588167
0.001361932 -0.003176387
0.001363532 -0.003058743
0.001365132 -0.003646963
0.001366732 -0.003764607
0.001368332 -0.003999895
0.001369932 -0.003764607
0.001371532 -0.004235183
0.001373132 -0.003764607
0.001374732 -0.003764607
0.001376332 -0.003999895
0.001377932 -0.00447047
0.001379532 -0.004352826
0.001381132 -0.004588114
0.001382732 -0.004235183
0.001384332 -0.004705758
0.001385932 -0.004235183
0.001387532 -0.004352826
0.001389132 -0.004235183
0.001390732 -0.003764607
0.001392332 -0.003764607
0.001393932 -0.003646963
0.001395532 -0.003058743
0.001397132 -0.003529319
0.001398732 -0.003411675
0.001400332 -0.003411675
0.001401932 -0.003294031
0.001403532 -0.003646963
0.001405132 -0.003882251
0.001406732 -0.003764607
0.001408332 -0.003882251
0.001409932 -0.003529319
0.001411532 -0.003646963
0.001413132 -0.003294031
0.001414732 -0.002823455
0.001416332 -0.003294031
0.001417932 -0.002705811
0.001419532 -0.002588167
0.001421132 -0.002352879
0.001422732 -0.002470523
0.001424332 -0.002117591
0.001425932 -0.002470523
0.001427532 -0.001999947
0.001429132 -0.002352879
0.001430732 -0.002352879
0.001432332 -0.002235235
0.001433932 -0.002352879
0.001435532 -0.002823455
0.001437132 -0.002588167
0.001438732 -0.002941099
0.001440332 -0.002705811
0.001441932 -0.003294031
0.001443532 -0.003294031
0.001445132 -0.003529319
0.001446732 -0.003176387
0.001448332 -0.002823455
0.001449932 -0.002705811
0.001451532 -0.002823455
0.001453132 -0.002588167
0.001454732 -0.002117591
0.001456332 -0.001999947
0.001457932 -0.001999947
0.001459532 -0.002117591
0.001461132 -0.002352879
0.001462732 -0.002235235
0.001464332 -0.002470523
0.001465932 -0.002941099
0.001467532 -0.002705811
0.001469132 -0.002588167
0.001470732 -0.003529319
0.001472332 -0.003294031
0.001473932 -0.003176387
0.001475532 -0.003294031
0.001477132 -0.003411675
0.001478732 -0.003529319
0.001480332 -0.003294031
0.001481932 -0.003764607
0.001483532 -0.004235183
0.001485132 -0.004117539
0.001486732 -0.003882251
0.001488332 -0.004117539
0.001489932 -0.004352826
0.001491532 -0.003999895
0.001493132 -0.004352826
0.001494732 -0.003999895
0.001496332 -0.003764607
0.001497932 -0.003764607
0.001499532 -0.003999895
0.001501132 -0.003882251
0.001502732 -0.003999895
0.001504332 -0.003764607
0.001505932 -0.004117539
0.001507532 -0.004117539
0.001509132 -0.004117539
0.001510732 -0.004352826
0.001512332 -0.004941046
0.001513932 -0.00447047
0.001515532 -0.00447047
0.001517132 -0.004823402
0.001518732 -0.005293978
0.001520332 -0.004823402
0.001521932 -0.00505869
0.001523532 -0.004588114
0.001525132 -0.004235183
0.001526732 -0.003999895
0.001528332 -0.003764607
0.001529932 -0.003058743
0.001531532 -0.002823455
0.001533132 -0.002470523
0.001534732 -0.002352879
0.001536332 -0.002117591
0.001537932 -0.001764659
0.001539532 -0.001647015
0.001541132 -0.001764659
0.001542732 -0.001529371
0.001544332 -0.001411728
0.001545932 -0.001411728
0.001547532 -0.00117644
0.001549132 -0.001058796
0.001550732 -0.0009411517
0.001552332 -0.0009411517
0.001553932 -0.0008235077
0.001555532 -0.0003529319
0.001557132 -0.0005882198
0.001558732 -0.0005882198
0.001560332 -0.0007058638
0.001561932 -0.0005882198
0.001563532 -0.0009411517
0.001565132 -0.0009411517
0.001566732 -0.001647015
0.001568332 -0.001647015
0.001569932 -0.001999947
0.001571532 -0.001882303
0.001573132 -0.002588167
0.001574732 -0.002823455
0.001576332 -0.003058743
0.001577932 -0.002470523
0.001579532 -0.002470523
0.001581132 -0.002235235
0.001582732 -0.002235235
0.001584332 -0.002117591
0.001585932 -0.001999947
0.001587532 -0.001647015
0.001589132 -0.001529371
0.001590732 -0.0009411517
0.001592332 -0.0009411517
0.001593932 -0.001294084
0.001595532 -0.001529371
0.001597132 -0.001647015
0.001598732 -0.001647015
0.001600332 -0.001999947
0.001601932 -0.002117591
0.001603532 -0.002117591
0.001605132 -0.002352879
0.001606732 -0.002117591
0.001608332 -0.002470523
0.001609932 -0.002352879
0.001611532 -0.002117591
0.001613132 -0.001882303
0.001614732 -0.001529371
0.001616332 -0.001529371
0.001617932 -0.0009411517
0.001619532 -0.001294084
0.001621132 -0.0008235077
0.001622732 -0.0009411517
0.001624332 -0.0009411517
0.001625932 -0.0007058638
0.001627532 -0.0007058638
0.001629132 -0.0002352879
0.001630732 -0.0003529319
0.001632332 -0.0004705758
0.001633932 0.0003529319
0.001635532 0.0004705758
0.001637132 0.0007058638
0.001638732 0.0007058638
0.001640332 0.0008235077
0.001641932 0.0009411517
0.001643532 0.001058796
0.001645132 0.0007058638
0.001646732 0.0005882198
0.001648332 0.0007058638
0.001649932 0.0009411517
0.001651532 0.00117644
0.001653132 0.001058796
0.001654732 0.001058796
0.001656332 0.001058796
0.001657932 0.001294084
0.001659532 0.001294084
0.001661132 0.00117644
0.001662732 0.001529371
0.001664332 0.001411728
0.001665932 0.001529371
0.001667532 0.001294084
0.001669132 0.0008235077
0.001670732 0.0009411517
0.001672332 0.0004705758
0.001673932 0.0007058638
0.001675532 0
0.001677132 0
0.001678732 -0.0002352879
0.001680332 -0.0004705758
0.001681932 -0.0005882198
0.001683532 -0.0005882198
0.001685132 -0.0008235077
0.001686732 -0.0009411517
0.001688332 -0.001294084
0.001689932 -0.00117644
0.001691532 -0.001058796
0.001693132 -0.0009411517
0.001694732 -0.0009411517
0.001696332 -0.0007058638
0.001697932 -0.001058796
0.001699532 -0.0009411517
0.001701132 -0.0008235077
0.001702732 -0.0008235077
0.001704332 -0.0005882198
0.001705932 -0.0004705758
0.001707532 -0.0009411517
0.001709132 -0.0007058638
0.001710732 -0.001411728
0.001712332 -0.00117644
0.001713932 -0.0008235077
0.001715532 -0.001058796
0.001717132 -0.00117644
0.001718732 -0.001411728
0.001720332 -0.00117644
0.001721932 -0.001411728
0.001723532 -0.001411728
0.001725132 -0.0009411517
0.001726732 -0.00117644
0.001728332 -0.0009411517
0.001729932 -0.0009411517
0.001731532 -0.0007058638
0.001733132 -0.0008235077
0.001734732 -0.0007058638
0.001736332 -0.0002352879
0.001737932 -0.0004705758
0.001739532 -0.0003529319
0.001741132 -0.0004705758
0.001742732 -0.0002352879
0.001744332 -0.0003529319
0.001745932 -0.0004705758
0.001747532 -0.0008235077
0.001749132 -0.0003529319
0.001750732 -0.0002352879
0.001752332 -0.0004705758
0.001753932 -0.0005882198
0.001755532 -0.0007058638
0.001757132 -0.0007058638
0.001758732 -0.0009411517
0.001760332 -0.0009411517
0.001761932 -0.0009411517
0.001763532 -0.001294084
0.001765132 -0.00117644
0.001766732 -0.001058796
0.001768332 -0.001058796
0.001769932 -0.0009411517
0.001771532 -0.00117644
0.001773132 -0.00117644
0.001774732 -0.001294084
0.001776332 -0.001294084
0.001777932 -0.001882303
0.001779532 -0.001999947
0.001781132 -0.002117591
0.001782732 -0.002117591
0.001784332 -0.002823455
0.001785932 -0.002352879
0.001787532 -0.002823455
0.001789132 -0.002352879
0.001790732 -0.002117591
0.001792332 -0.002235235
0.001793932 -0.001647015
0.001795532 -0.001764659
0.001797132 -0.001882303
0.001798732 -0.001411728
0.001800332 -0.001411728
0.001801932 -0.001529371
0.001803532 -0.001411728
0.001805132 -0.001294084
0.001806732 -0.001411728
0.001808332 -0.001764659
0.001809932 -0.001647015
0.001811532 -0.001764659
0.001813132 -0.002235235
0.001814732 -0.002235235
0.001816332 -0.001999947
0.001817932 -0.001999947
0.001819532 -0.002235235
0.001821132 -0.002235235
0.001822732 -0.002352879
0.001824332 -0.002352879
0.001825932 -0.002470523
0.001827532 -0.002117591
0.001829132 -0.002588167
0.001830732 -0.002235235
0.001832332 -0.002470523
0.001833932 -0.001999947
0.001835532 -0.002470523
0.001837132 -0.002117591
0.001838732 -0.001999947
0.001840332 -0.001882303
0.001841932 -0.001764659
0.001843532 -0.001647015
0.001845132 -0.001647015
0.001846732 -0.00117644
0.001848332 -0.001411728
0.001849932 -0.001058796
0.001851532 -0.001058796
0.001853132 -0.0007058638
0.001854732 -0.0003529319
0.001856332 -0.0008235077
0.001857932 -0.0002352879
0.001859532 -0.0002352879
0.001861132 0
0.001862732 0.0003529319
0.001864332 0.0003529319
0.001865932 0.000117644
0.001867532 0.0002352879
0.001869132 -0.000117644
0.001870732 -0.0003529319
0.001872332 -0.0008235077
0.001873932 -0.0009411517
0.001875532 -0.001647015
0.001877132 -0.001647015
0.001878732 -0.002117591
0.001880332 -0.002470523
0.001881932 -0.002705811
0.001883532 -0.002470523
0.001885132 -0.002470523
0.001886732 -0.003058743
0.001888332 -0.002352879
0.001889932 -0.001647015
0.001891532 -0.001882303
0.001893132 -0.001882303
0.001894732 -0.001294084
0.001896332 -0.00117644
0.001897932 -0.001058796
0.001899532 -0.00117644
0.001901132 -0.0008235077
0.001902732 -0.0003529319
0.001904332 -0.0005882198
0.001905932 -0.0005882198
0.001907532 -0.0004705758
0.001909132 -0.0007058638
0.001910732 -0.0004705758
0.001912332 -0.0004705758
0.001913932 -0.001058796
0.001915532 -0.0004705758
0.001917132 -0.00117644
0.001918732 -0.0008235077
0.001920332 -0.00117644
0.001921932 -0.00117644
0.001923532 -0.00117644
0.001925132 -0.001294084
0.001926732 -0.001529371
0.001928332 -0.00117644
0.001929932 -0.0009411517
0.001931532 -0.0007058638
0.001933132 -0.0008235077
0.001934732 -0.0003529319
0.001936332 -0.0002352879
0.001937932 0.000117644
0.001939532 0.0003529319
0.001941132 0.0007058638
0.001942732 0.001058796
0.001944332 0.0009411517
0.001945932 0.0008235077
0.001947532 0.00117644
0.001949132 0.001058796
0.001950732 0.001058796
0.001952332 0.0009411517
0.001953932 0.0009411517
0.001955532 0.0008235077
0.001957132 0.0009411517
0.001958732 0.0008235077
0.001960332 0.0008235077
0.001961932 0.0008235077
0.001963532 0.0005882198
0.001965132 0.0003529319
0.001966732 0.000117644
0.001968332 0
0.001969932 0
0.001971532 0.000117644
0.001973132 -0.000117644
0.001974732 -0.0002352879
0.001976332 -0.0002352879
0.001977932 -0.000117644
0.001979532 -0.000117644
0.001981132 -0.000117644
0.001982732 -0.000117644
0.001984332 0
0.001985932 0.000117644
0.001987532 0.0004705758
0.001989132 0.0005882198
0.001990732 0.0004705758
0.001992332 0.0005882198
0.001993932 0.0007058638
0.001995532 0.0008235077
0.001997132 0.001058796
0.001998732 0.0007058638
0.002000332 0.001411728
0.002001932 0.001058796
0.002003532 0.0008235077
0.002005132 0.001058796
0.002006732 0.0004705758
0.002008332 0.0005882198
0.002009932 0.0004705758
0.002011532 0
0.002013132 0.000117644
0.002014732 -0.0004705758
0.002016332 -0.0004705758
0.002017932 -0.0004705758
0.002019532 -0.0003529319
0.002021132 -0.0003529319
0.002022732 -0.0003529319
0.002024332 -0.0004705758
0.002025932 -0.0004705758
0.002027532 -0.0002352879
0.002029132 -0.000117644
0.002030732 0.0002352879
0.002032332 -0.000117644
0.002033932 0.0004705758
0.002035532 0.0005882198
0.002037132 0.0008235077
0.002038732 0.0008235077
0.002040332 0.0008235077
0.002041932 0.0008235077
0.002043532 0.0007058638
0.002045132 0.0009411517
0.002046732 0.0008235077
0.002048332 0.0007058638
0.002049932 0.0004705758
0.002051532 0.0004705758
0.002053132 0.0004705758
0.002054732 0.0003529319
0.002056332 0.0003529319
0.002057932 0.0005882198
0.002059532 0.0007058638
0.002061132 0.001058796
0.002062732 0.001411728
0.002064332 0.001058796
0.002065932 0.001294084
0.002067532 0.001411728
0.002069132 0.00117644
0.002070732 0.00117644
0.002072332 0.0009411517
0.002073932 0.0008235077
0.002075532 0.0003529319
0.002077132 0.0002352879
0.002078732 0.0005882198
0.002080332 0.000117644
0.002081932 0
0.002083532 -0.0002352879
0.002085132 0
0.002086732 0.000117644
0.002088332 0.0004705758
0.002089932 0.0003529319
0.002091532 0.0003529319
0.002093132 0.0007058638
0.002094732 0.001058796
0.002096332 0.001294084
0.002097932 0.001294084
0.002099532 0.001411728
0.002101132 0.001647015
0.002102732 0.001411728
0.002104332 0.001529371
0.002105932 0.001529371
0.002107532 0.001529371
0.002109132 0.001647015
0.002110732 0.001294084
0.002112332 0.001647015
0.002113932 0.001764659
0.002115532 0.001294084
0.002117132 0.001294084
0.002118732 0.001647015
0.002120332 0.001529371
0.002121932 0.001529371
0.002123532 0.001764659
0.002125132 0.001999947
0.002126732 0.001999947
0.002128332 0.002117591
0.002129932 0.001999947
0.002131532 0.001647015
0.002133132 0.001294084
0.002134732 0.00117644
0.002136332 0.001058796
0.002137932 0.0008235077
0.002139532 0.0009411517
0.002141132 0.001058796
0.002142732 0.0005882198
0.002144332 0.0008235077
0.002145932 0.0008235077
0.002147532 0.0008235077
0.002149132 0.0008235077
0.002150732 0.0007058638
0.002152332 0.0008235077
0.002153932 0.0009411517
0.002155532 0.0009411517
0.002157132 0.0008235077
0.002158732 0.001058796
0.002160332 0.0009411517
0.002161932 0.00117644
0.002163532 0.00117644
0.002165132 0.001411728
0.002166732 0.001764659
0.002168332 0.001647015
0.002169932 0.001294084
0.002171532 0.001411728
0.002173132 0.001647015
0.002174732 0.001647015
0.002176332 0.001764659
0.002177932 0.001647015
0.002179532 0.0009411517
0.002181132 0.00117644
0.002182732 0.0007058638
0.002184332 0.0005882198
0.002185932 0.0004705758
0.002187532 0.0003529319
0.002189132 -0.000117644
0.002190732 -0.0003529319
0.002192332 -0.0005882198
0.002193932 0
0.002195532 -0.0005882198
0.002197132 -0.0003529319
0.002198732 -0.0002352879
0.002200332 0.000117644
0.002201932 0
0.002203532 0.0005882198
0.002205132 0.0007058638
0.002206732 0.0004705758
0.002208332 0.0003529319
0.002209932 0.0002352879
0.002211532 0.000117644
0.002213132 -0.0005882198
0.002214732 -0.0004705758
0.002216332 -0.001058796
0.002217932 -0.001411728
0.002219532 -0.001529371
0.002221132 -0.001764659
0.002222732 -0.001999947
0.002224332 -0.002352879
0.002225932 -0.002470523
0.002227532 -0.002470523
0.002229132 -0.002117591
0.002230732 -0.002117591
0.002232332 -0.002117591
0.002233932 -0.002117591
0.002235532 -0.001529371
0.002237132 -0.001764659
0.002238732 -0.001294084
0.002240332 -0.00117644
0.002241932 -0.0009411517
0.002243532 -0.001058796
0.002245132 -0.0009411517
0.002246732 -0.0005882198
0.002248332 -0.0004705758
0.002249932 -0.0005882198
0.002251532 -0.0005882198
0.002253132 -0.0007058638
0.002254732 -0.0003529319
0.002256332 -0.0007058638
0.002257932 -0.0007058638
0.002259532 -0.0007058638
0.002261132 -0.0008235077
0.002262732 -0.0009411517
0.002264332 -0.0008235077
0.002265932 -0.00117644
0.002267532 -0.0008235077
0.002269132 -0.00117644
0.002270732 -0.001058796
0.002272332 -0.001294084
0.002273932 -0.0009411517
0.002275532 -0.001058796
0.002277132 -0.0005882198
0.002278732 -0.0005882198
0.002280332 -0.0007058638
0.002281932 -0.0004705758
0.002283532 -0.0004705758
0.002285132 -0.0004705758
0.002286732 -0.0002352879
0.002288332 -0.0004705758
0.002289932 0
0.002291532 -0.0003529319
0.002293132 -0.000117644
0.002294732 -0.0003529319
0.002296332 -0.0002352879
0.002297932 -0.0002352879
0.002299532 0
0.002301132 -0.000117644
0.002302732 -0.0004705758
0.002304332 -0.0004705758
0.002305932 -0.0003529319
0.002307532 -0.0007058638
0.002309132 -0.0005882198
0.002310732 -0.0005882198
0.002312332 -0.0007058638
0.002313932 -0.0008235077
0.002315532 -0.0009411517
0.002317132 -0.0008235077
0.002318732 -0.001294084
0.002320332 -0.0009411517
0.002321932 -0.00117644
0.002323532 -0.00117644
0.002325132 -0.00117644
0.002326732 -0.001529371
0.002328332 -0.001529371
0.002329932 -0.001764659
0.002331532 -0.001882303
0.002333132 -0.002235235
0.002334732 -0.001764659
0.002336332 -0.001882303
0.002337932 -0.002117591
0.002339532 -0.002352879
0.002341132 -0.002117591
0.002342732 -0.002352879
0.002344332 -0.002235235
0.002345932 -0.002235235
0.002347532 -0.002352879
0.002349132 -0.002235235
0.002350732 -0.002470523
0.002352332 -0.002235235
0.002353932 -0.002352879
0.002355532 -0.002352879
0.002357132 -0.002352879
0.002358732 -0.002705811
0.002360332 -0.002705811
0.002361932 -0.001999947
0.002363532 -0.002235235
0.002365132 -0.002235235
0.002366732 -0.002117591
0.002368332 -0.001882303
0.002369932 -0.001882303
0.002371532 -0.001882303
0.002373132 -0.001764659
0.002374732 -0.002117591
0.002376332 -0.001882303
0.002377932 -0.002117591
0.002379532 -0.002352879
0.002381132 -0.002117591
0.002382732 -0.002470523
0.002384332 -0.002352879
0.002385932 -0.002352879
0.002387532 -0.001999947
0.002389132 -0.002117591
0.002390732 -0.001999947
0.002392332 -0.001882303
0.002393932 -0.001882303
0.002395532 -0.001882303
0.002397132 -0.001882303
0.002398732 -0.001882303
0.002400332 -0.001999947
0.002401932 -0.001764659
0.002403532 -0.002117591
0.002405132 -0.001764659
0.002406732 -0.001411728
0.002408332 -0.001529371
0.002409932 -0.001294084
0.002411532 -0.001294084
0.002413132 -0.0009411517
0.002414732 -0.001058796
0.002416332 -0.0004705758
0.002417932 -0.0005882198
0.002419532 0
0.002421132 -0.0004705758
0.002422732 -0.0005882198
0.002424332 -0.0003529319
0.002425932 -0.0003529319
0.002427532 -0.0004705758
0.002429132 -0.0005882198
0.002430732 -0.000117644
0.002432332 -0.0004705758
0.002433932 -0.0002352879
0.002435532 -0.0004705758
0.002437132 -0.0005882198
0.002438732 -0.0004705758
0.002440332 -0.0005882198
0.002441932 -0.0005882198
0.002443532 -0.00117644
0.002445132 -0.00117644
0.002446732 -0.0009411517
0.002448332 -0.0008235077
0.002449932 -0.00117644
0.002451532 -0.0008235077
0.002453132 -0.001294084
0.002454732 -0.00117644
0.002456332 -0.001529371
0.002457932 -0.001411728
0.002459532 -0.001647015
0.002461132 -0.001647015
0.002462732 -0.001764659
0.002464332 -0.001529371
0.002465932 -0.001647015
0.002467532 -0.001294084
0.002469132 -0.001294084
0.002470732 -0.001058796
0.002472332 -0.0008235077
0.002473932 -0.0005882198
0.002475532 -0.000117644
0.002477132 -0.0003529319
0.002478732 0.0002352879
0.002480332 0.0002352879
0.002481932 0.000117644
0.002483532 0
0.002485132 0.0004705758
0.002486732 0
0.002488332 0.0002352879
0.002489932 0.0004705758
0.002491532 0.000117644
0.002493132 0.0002352879
0.002494732 0.0002352879
0.002496332 0.0002352879
0.002497932 0.000117644
0.002499532 0.0004705758
0.002501132 0.0003529319
0.002502732 0.0004705758
0.002504332 0.0003529319
0.002505932 0.0005882198
0.002507532 0.000117644
0.002509132 0.0002352879
0.002510732 0.0002352879
0.002512332 0.0003529319
0.002513932 0.000117644
0.002515532 0
0.002517132 -0.000117644
0.002518732 0
0.002520332 -0.000117644
0.002521932 0
0.002523532 -0.0002352879
0.002525132 -0.0004705758
0.002526732 -0.000117644
0.002528332 -0.0002352879
0.002529932 -0.0002352879
0.002531532 -0.0003529319
0.002533132 -0.0005882198
0.002534732 -0.0004705758
0.002536332 -0.0007058638
0.002537932 -0.0009411517
0.002539532 -0.001411728
0.002541132 -0.001058796
0.002542732 -0.001411728
0.002544332 -0.001882303
0.002545932 -0.002117591
0.002547532 -0.001999947
0.002549132 -0.002352879
0.002550732 -0.002352879
0.002552332 -0.002470523
0.002553932 -0.002235235
0.002555532 -0.002470523
0.002557132 -0.002352879
0.002558732 -0.002352879
0.002560332 -0.001882303
0.002561932 -0.001764659
0.002563532 -0.001529371
0.002565132 -0.001529371
0.002566732 -0.001294084
0.002568332 -0.001411728
0.002569932 -0.0009411517
0.002571532 -0.001058796
0.002573132 -0.0009411517
0.002574732 -0.001058796
0.002576332 -0.0009411517
0.002577932 -0.001058796
0.002579532 -0.00117644
0.002581132 -0.001764659
0.002582732 -0.001882303
0.002584332 -0.002823455
0.002585932 -0.002470523
0.002587532 -0.002823455
0.002589132 -0.002823455
0.002590732 -0.003176387
0.002592332 -0.003294031
0.002593932 -0.003176387
0.002595532 -0.003058743
0.002597132 -0.003058743
0.002598732 -0.002470523
0.002600332 -0.002470523
0.002601932 -0.002352879
0.002603532 -0.002470523
0.002605132 -0.002117591
0.002606732 -0.002588167
0.002608332 -0.002117591
0.002609932 -0.002235235
0.002611532 -0.002588167
0.002613132 -0.002705811
0.002614732 -0.002823455
0.002616332 -0.002823455
0.002617932 -0.002823455
0.002619532 -0.002823455
0.002621132 -0.002941099
0.002622732 -0.002705811
0.002624332 -0.003058743
0.002625932 -0.003058743
0.002627532 -0.002823455
0.002629132 -0.003058743
0.002630732 -0.002705811
0.002632332 -0.003294031
0.002633932 -0.003176387
0.002635532 -0.003411675
0.002637132 -0.003294031
0.002638732 -0.003646963
0.002640332 -0.003411675
0.002641932 -0.003764607
0.002643532 -0.003764607
0.002645132 -0.004117539
0.002646732 -0.003646963
0.002648332 -0.003999895
0.002649932 -0.003764607
0.002651532 -0.003764607
0.002653132 -0.003882251
0.002654732 -0.004117539
0.002656332 -0.003646963
0.002657932 -0.004352826
0.002659532 -0.004235183
0.002661132 -0.004352826
0.002662732 -0.004588114
0.002664332 -0.004941046
0.002665932 -0.004705758
0.002667532 -0.005293978
0.002669132 -0.005176334
0.002670732 -0.005293978
0.002672332 -0.005293978
0.002673932 -0.005293978
0.002675532 -0.005411622
0.002677132 -0.005529266
0.002678732 -0.005882198
0.002680332 -0.005764554
0.002681932 -0.005529266
0.002683532 -0.00623513
0.002685132 -0.005999842
0.002686732 -0.005882198
0.002688332 -0.005999842
0.002689932 -0.006117486
0.002691532 -0.005882198
0.002693132 -0.005999842
0.002694732 -0.005999842
0.002696332 -0.00623513
0.002697932 -0.005764554
0.002699532 -0.00564691
0.002701132 -0.005764554
0.002702732 -0.00564691
0.002704332 -0.00564691
0.002705932 -0.005529266
0.002707532 -0.005882198
0.002709132 -0.005764554
0.002710732 -0.005411622
0.002712332 -0.00564691
0.002713932 -0.005529266
0.002715532 -0.005764554
0.002717132 -0.00564691
0.002718732 -0.00564691
0.002720332 -0.005529266
0.002721932 -0.00564691
0.002723532 -0.00564691
0.002725132 -0.005529266
0.002726732 -0.00564691
0.002728332 -0.005411622
0.002729932 -0.005176334
0.002731532 -0.005764554
0.002733132 -0.005411622
0.002734732 -0.005882198
0.002736332 -0.005176334
0.002737932 -0.005411622
0.002739532 -0.004823402
0.002741132 -0.004823402
0.002742732 -0.004705758
0.002744332 -0.004823402
0.002745932 -0.004588114
0.002747532 -0.00505869
0.002749132 -0.00447047
0.002750732 -0.005176334
0.002752332 -0.004941046
0.002753932 -0.005293978
0.002755532 -0.005293978
0.002757132 -0.005529266
0.002758732 -0.00505869
0.002760332 -0.005882198
0.002761932 -0.005529266
0.002763532 -0.005882198
0.002765132 -0.005176334
0.002766732 -0.005529266
0.002768332 -0.005529266
0.002769932 -0.005529266
0.002771532 -0.00505869
0.002773132 -0.005176334
0.002774732 -0.004823402
0.002776332 -0.004588114
0.002777932 -0.004588114
0.002779532 -0.004941046
0.002781132 -0.004117539
0.002782732 -0.00447047
0.002784332 -0.004235183
0.002785932 -0.003882251
0.002787532 -0.003529319
0.002789132 -0.003999895
0.002790732 -0.003411675
0.002792332 -0.003294031
0.002793932 -0.003058743
0.002795532 -0.003058743
0.002797132 -0.002705811
0.002798732 -0.002941099
0.002800332 -0.002470523
0.002801932 -0.002352879
0.002803532 -0.002235235
0.002805132 -0.002352879
0.002806732 -0.002470523
0.002808332 -0.002235235
0.002809932 -0.002117591
0.002811532 -0.002352879
0.002813132 -0.002470523
0.002814732 -0.002470523
0.002816332 -0.002117591
0.002817932 -0.001999947
0.002819532 -0.001882303
0.002821132 -0.001999947
0.002822732 -0.001999947
0.002824332 -0.001647015
0.002825932 -0.001764659
0.002827532 -0.001411728
0.002829132 -0.001764659
0.002830732 -0.001764659
0.002832332 -0.001999947
0.002833932 -0.001999947
0.002835532 -0.001999947
0.002837132 -0.001999947
0.002838732 -0.001411728
0.002840332 -0.001647015
0.002841932 -0.001647015
0.002843532 -0.001411728
0.002845132 -0.00117644
0.002846732 -0.001529371
0.002848332 -0.001294084
0.002849932 -0.001294084
0.002851532 -0.001294084
0.002853132 -0.001411728
0.002854732 -0.001411728
0.002856332 -0.001411728
0.002857932 -0.001647015
0.002859532 -0.001529371
0.002861132 -0.001647015
0.002862732 -0.001647015
0.002864332 -0.001529371
0.002865932 -0.001764659
0.002867532 -0.001764659
0.002869132 -0.001999947
0.002870732 -0.001647015
0.002872332 -0.001882303
0.002873932 -0.001764659
0.002875532 -0.001999947
0.002877132 -0.001529371
0.002878732 -0.001294084
0.002880332 -0.001058796
0.002881932 -0.001411728
0.002883532 -0.001529371
0.002885132 -0.001294084
0.002886732 -0.001529371
0.002888332 -0.001294084
0.002889932 -0.001647015
0.002891532 -0.001647015
0.002893132 -0.001529371
0.002894732 -0.001647015
0.002896332 -0.001411728
0.002897932 -0.001529371
0.002899532 -0.001294084
0.002901132 -0.00117644
0.002902732 -0.00117644
0.002904332 -0.001058796
0.002905932 -0.0007058638
0.002907532 -0.0008235077
0.002909132 -0.000117644
0.002910732 -0.0002352879
0.002912332 -0.0007058638
0.002913932 -0.0009411517
0.002915532 -0.001058796
0.002917132 -0.0008235077
0.002918732 -0.001058796
0.002920332 -0.0007058638
0.002921932 -0.0009411517
0.002923532 -0.001294084
0.002925132 -0.00117644
0.002926732 -0.0008235077
0.002928332 -0.001058796
0.002929932 -0.0009411517
0.002931532 -0.0009411517
0.002933132 -0.001294084
0.002934732 -0.001058796
0.002936332 -0.001058796
0.002937932 -0.00117644
0.002939532 -0.00117644
0.002941132 -0.00117644
0.002942732 -0.00117644
0.002944332 -0.001294084
0.002945932 -0.001294084
0.002947532 -0.001294084
0.002949132 -0.001411728
0.002950732 -0.001647015
0.002952332 -0.001529371
0.002953932 -0.001647015
0.002955532 -0.001529371
0.002957132 -0.001411728
0.002958732 -0.001647015
0.002960332 -0.001764659
0.002961932 -0.001647015
0.002963532 -0.001882303
0.002965132 -0.001647015
0.002966732 -0.001647015
0.002968332 -0.001882303
0.002969932 -0.001529371
0.002971532 -0.001764659
0.002973132 -0.001411728
0.002974732 -0.0009411517
0.002976332 -0.001294084
0.002977932 -0.001058796
0.002979532 -0.0008235077
0.002981132 -0.001058796
0.002982732 -0.001294084
0.002984332 -0.001058796
0.002985932 -0.001411728
0.002987532 -0.00117644
0.002989132 -0.001411728
0.002990732 -0.001529371
0.002992332 -0.001999947
0.002993932 -0.001999947
0.002995532 -0.002117591
0.002997132 -0.002352879
0.002998732 -0.002470523
0.003000332 -0.002941099
0.003001932 -0.002705811
0.003003532 -0.002941099
0.003005132 -0.003058743
0.003006732 -0.002941099
0.003008332 -0.003294031
0.003009932 -0.003294031
0.003011532 -0.002705811
0.003013132 -0.003294031
0.003014732 -0.003058743
0.003016332 -0.003294031
0.003017932 -0.002823455
0.003019532 -0.003058743
0.003021132 -0.002823455
0.003022732 -0.003294031
0.003024332 -0.002941099
0.003025932 -0.003529319
0.003027532 -0.003294031
0.003029132 -0.003294031
0.003030732 -0.003176387
0.003032332 -0.003294031
0.003033932 -0.003294031
0.003035532 -0.003294031
0.003037132 -0.003176387
0.003038732 -0.003176387
0.003040332 -0.002705811
0.003041932 -0.002941099
0.003043532 -0.002588167
0.003045132 -0.002941099
0.003046732 -0.002588167
0.003048332 -0.002823455
0.003049932 -0.002588167
0.003051532 -0.002941099
0.003053132 -0.002705811
0.003054732 -0.003176387
0.003056332 -0.002823455
0.003057932 -0.003529319
0.003059532 -0.003294031
0.003061132 -0.003882251
0.003062732 -0.003411675
0.003064332 -0.003882251
0.003065932 -0.003764607
0.003067532 -0.003764607
0.003069132 -0.004117539
0.003070732 -0.004117539
0.003072332 -0.003999895
0.003073932 -0.004117539
0.003075532 -0.004117539
0.003077132 -0.003999895
0.003078732 -0.004235183
0.003080332 -0.004352826
0.003081932 -0.003999895
0.003083532 -0.004117539
0.003085132 -0.003999895
0.003086732 -0.003646963
0.003088332 -0.003529319
0.003089932 -0.003764607
0.003091532 -0.003764607
0.003093132 -0.003529319
0.003094732 -0.003529319
0.003096332 -0.003529319
0.003097932 -0.003646963
0.003099532 -0.003411675
0.003101132 -0.003294031
0.003102732 -0.003646963
0.003104332 -0.003411675
0.003105932 -0.003529319
0.003107532 -0.002823455
0.003109132 -0.002823455
0.003110732 -0.002352879
0.003112332 -0.002705811
0.003113932 -0.002705811
0.003115532 -0.002705811
0.003117132 -0.002235235
0.003118732 -0.003058743
0.003120332 -0.002823455
0.003121932 -0.002941099
0.003123532 -0.003176387
0.003125132 -0.003058743
0.003126732 -0.003058743
0.003128332 -0.003646963
0.003129932 -0.003764607
0.003131532 -0.003764607
0.003133132 -0.003999895
0.003134732 -0.003999895
0.003136332 -0.003882251
0.003137932 -0.004235183
0.003139532 -0.003764607
0.003141132 -0.003999895
0.003142732 -0.004117539
0.003144332 -0.004235183
0.003145932 -0.003882251
0.003147532 -0.004235183
0.003149132 -0.003529319
0.003150732 -0.004117539
0.003152332 -0.003529319
0.003153932 -0.003764607
0.003155532 -0.003646963
0.003157132 -0.003646963
0.003158732 -0.003411675
0.003160332 -0.003529319
0.003161932 -0.003882251
0.003163532 -0.003764607
0.003165132 -0.003882251
0.003166732 -0.003764607
0.003168332 -0.003411675
0.003169932 -0.003646963
0.003171532 -0.003411675
0.003173132 -0.003411675
0.003174732 -0.002941099
0.003176332 -0.003411675
0.003177932 -0.003176387
0.003179532 -0.003411675
0.003181132 -0.003294031
0.003182732 -0.003176387
0.003184332 -0.002823455
0.003185932 -0.003176387
0.003187532 -0.002941099
0.003189132 -0.002705811
0.003190732 -0.002705811
0.003192332 -0.002705811
0.003193932 -0.002588167
0.003195532 -0.002470523
0.003197132 -0.002470523
0.003198732 -0.002588167
0.003200332 -0.002588167
0.003201932 -0.002588167
0.003203532 -0.002470523
0.003205132 -0.002588167
0.003206732 -0.002588167
0.003208332 -0.002705811
0.003209932 -0.002588167
0.003211532 -0.002941099
0.003213132 -0.002352879
0.003214732 -0.002823455
0.003216332 -0.002352879
0.003217932 -0.002588167
0.003219532 -0.002117591
0.003221132 -0.002235235
0.003222732 -0.001999947
0.003224332 -0.002470523
0.003225932 -0.002235235
0.003227532 -0.002117591
0.003229132 -0.002235235
0.003230732 -0.002352879
0.003232332 -0.002117591
0.003233932 -0.002235235
0.003235532 -0.002470523
0.003237132 -0.002235235
0.003238732 -0.002588167
0.003240332 -0.002941099
0.003241932 -0.002705811
0.003243532 -0.002941099
0.003245132 -0.002941099
0.003246732 -0.003294031
0.003248332 -0.003411675
0.003249932 -0.003411675
0.003251532 -0.003646963
0.003253132 -0.003529319
0.003254732 -0.003294031
0.003256332 -0.003646963
0.003257932 -0.003411675
0.003259532 -0.003764607
0.003261132 -0.003529319
0.003262732 -0.003882251
0.003264332 -0.003411675
0.003265932 -0.003646963
0.003267532 -0.003529319
0.003269132 -0.003882251
0.003270732 -0.003882251
0.003272332 -0.003646963
0.003273932 -0.003646963
0.003275532 -0.003646963
0.003277132 -0.003529319
0.003278732 -0.003646963
0.003280332 -0.003411675
0.003281932 -0.003882251
0.003283532 -0.003529319
0.003285132 -0.003764607
0.003286732 -0.003294031
0.003288332 -0.003294031
0.003289932 -0.003176387
0.003291532 -0.003529319
0.003293132 -0.002823455
0.003294732 -0.002941099
0.003296332 -0.002470523
0.003297932 -0.002941099
0.003299532 -0.002352879
0.003301132 -0.002235235
0.003302732 -0.002705811
0.003304332 -0.002117591
0.003305932 -0.002117591
0.003307532 -0.002117591
0.003309132 -0.001999947
0.003310732 -0.001999947
0.003312332 -0.001647015
0.003313932 -0.001647015
0.003315532 -0.001647015
0.003317132 -0.001647015
0.003318732 -0.001529371
0.003320332 -0.001882303
0.003321932 -0.001411728
0.003323532 -0.001529371
0.003325132 -0.001529371
0.003326732 -0.001647015
0.003328332 -0.001647015
0.003329932 -0.001411728
0.003331532 -0.00117644
0.003333132 -0.001411728
0.003334732 -0.001529371
0.003336332 -0.001529371
0.003337932 -0.001294084
0.003339532 -0.001411728
0.003341132 -0.001294084
0.003342732 -0.001411728
0.003344332 -0.001529371
0.003345932 -0.001294084
0.003347532 -0.001647015
0.003349132 -0.001999947
0.003350732 -0.001294084
0.003352332 -0.001529371
0.003353932 -0.001647015
0.003355532 -0.001882303
0.003357132 -0.001882303
0.003358732 -0.001882303
0.003360332 -0.001764659
0.003361932 -0.001882303
0.003363532 -0.002117591
0.003365132 -0.001999947
0.003366732 -0.001999947
0.003368332 -0.002235235
0.003369932 -0.002235235
0.003371532 -0.002352879
0.003373132 -0.002470523
0.003374732 -0.002235235
0.003376332 -0.002588167
0.003377932 -0.002823455
0.003379532 -0.002705811
0.003381132 -0.002823455
0.003382732 -0.002470523
0.003384332 -0.002823455
0.003385932 -0.002705811
0.003387532 -0.002941099
0.003389132 -0.002941099
0.003390732 -0.003176387
0.003392332 -0.002823455
0.003393932 -0.002941099
0.003395532 -0.002941099
0.003397132 -0.003176387
0.003398732 -0.002941099
0.003400332 -0.003411675
0.003401932 -0.003176387
0.003403532 -0.003058743
0.003405132 -0.002705811
0.003406732 -0.002823455
0.003408332 -0.002588167
0.003409932 -0.002705811
0.003411532 -0.002352879
0.003413132 -0.002117591
0.003414732 -0.002117591
0.003416332 -0.001999947
0.003417932 -0.001764659
0.003419532 -0.001764659
0.003421132 -0.001647015
0.003422732 -0.001882303
0.003424332 -0.001647015
0.003425932 -0.001999947
0.003427532 -0.001999947
0.003429132 -0.001764659
0.003430732 -0.001764659
0.003432332 -0.002117591
0.003433932 -0.001882303
0.003435532 -0.002352879
0.003437132 -0.001764659
0.003438732 -0.002470523
0.003440332 -0.002235235
0.003441932 -0.002588167
0.003443532 -0.002705811
0.003445132 -0.002588167
0.003446732 -0.002588167
0.003448332 -0.002588167
0.003449932 -0.002941099
0.003451532 -0.002823455
0.003453132 -0.002823455
0.003454732 -0.002941099
0.003456332 -0.002588167
0.003457932 -0.002941099
0.003459532 -0.002941099
0.003461132 -0.003058743
0.003462732 -0.002941099
0.003464332 -0.003058743
0.003465932 -0.003176387
0.003467532 -0.003411675
0.003469132 -0.003058743
0.003470732 -0.003411675
0.003472332 -0.003294031
0.003473932 -0.003411675
0.003475532 -0.003411675
0.003477132 -0.003529319
0.003478732 -0.003411675
0.003480332 -0.003646963
0.003481932 -0.003764607
0.003483532 -0.003764607
0.003485132 -0.003764607
0.003486732 -0.003882251
0.003488332 -0.003764607
0.003489932 -0.004117539
0.003491532 -0.003411675
0.003493132 -0.003764607
0.003494732 -0.003999895
0.003496332 -0.003999895
0.003497932 -0.003411675
0.003499532 -0.003294031
0.003501132 -0.003058743
0.003502732 -0.003294031
0.003504332 -0.002823455
0.003505932 -0.003058743
0.003507532 -0.003411675
0.003509132 -0.003529319
0.003510732 -0.003058743
0.003512332 -0.003529319
0.003513932 -0.003294031
0.003515532 -0.003176387
0.003517132 -0.003176387
0.003518732 -0.003646963
0.003520332 -0.003411675
0.003521932 -0.003529319
0.003523532 -0.003411675
0.003525132 -0.003411675
0.003526732 -0.003176387
0.003528332 -0.003529319
0.003529932 -0.003058743
0.003531532 -0.003646963
0.003533132 -0.003294031
0.003534732 -0.003411675
0.003536332 -0.002941099
0.003537932 -0.003529319
0.003539532 -0.003176387
0.003541132 -0.003529319
0.003542732 -0.003411675
0.003544332 -0.003646963
0.003545932 -0.003411675
0.003547532 -0.003999895
0.003549132 -0.003764607
0.003550732 -0.003999895
0.003552332 -0.004352826
0.003553932 -0.00447047
0.003555532 -0.004235183
0.003557132 -0.003999895
0.003558732 -0.004352826
0.003560332 -0.004352826
0.003561932 -0.00447047
0.003563532 -0.004705758
0.003565132 -0.00447047
0.003566732 -0.004705758
0.003568332 -0.00447047
0.003569932 -0.005176334
0.003571532 -0.004705758
0.003573132 -0.005176334
0.003574732 -0.004705758
0.003576332 -0.005529266
0.003577932 -0.00505869
0.003579532 -0.005176334
0.003581132 -0.005176334
0.003582732 -0.005411622
0.003584332 -0.004941046
0.003585932 -0.005529266
0.003587532 -0.005764554
0.003589132 -0.005529266
0.003590732 -0.005529266
0.003592332 -0.00564691
0.003593932 -0.005764554
0.003595532 -0.00564691
0.003597132 -0.00505869
0.003598732 -0.005293978
0.003600332 -0.004941046
0.003601932 -0.004705758
0.003603532 -0.004117539
0.003605132 -0.004588114
0.003606732 -0.004117539
0.003608332 -0.004235183
0.003609932 -0.003646963
0.003611532 -0.003999895
0.003613132 -0.003882251
0.003614732 -0.003999895
0.003616332 -0.003646963
0.003617932 -0.003529319
0.003619532 -0.003294031
0.003621132 -0.003411675
0.003622732 -0.003294031
0.003624332 -0.003294031
0.003625932 -0.003176387
0.003627532 -0.002941099
0.003629132 -0.002941099
0.003630732 -0.003294031
0.003632332 -0.002941099
0.003633932 -0.003058743
0.003635532 -0.002588167
0.003637132 -0.003058743
0.003638732 -0.002588167
0.003640332 -0.002705811
0.003641932 -0.002352879
0.003643532 -0.002705811
0.003645132 -0.002470523
0.003646732 -0.002705811
0.003648332 -0.002352879
0.003649932 -0.002470523
0.003651532 -0.001999947
0.003653132 -0.002235235
0.003654732 -0.002235235
0.003656332 -0.002117591
0.003657932 -0.001999947
0.003659532 -0.002352879
0.003661132 -0.001999947
0.003662732 -0.002352879
0.003664332 -0.002235235
0.003665932 -0.001999947
0.003667532 -0.001999947
0.003669132 -0.001999947
0.003670732 -0.001999947
0.003672332 -0.001999947
0.003673932 -0.001647015
0.003675532 -0.001764659
0.003677132 -0.001999947
0.003678732 -0.001529371
0.003680332 -0.001764659
0.003681932 -0.001999947
0.003683532 -0.001882303
0.003685132 -0.001764659
0.003686732 -0.001764659
0.003688332 -0.001647015
0.003689932 -0.001882303
0.003691532 -0.001999947
0.003693132 -0.001882303
0.003694732 -0.001882303
0.003696332 -0.002117591
0.003697932 -0.002235235
0.003699532 -0.002117591
0.003701132 -0.002235235
0.003702732 -0.001882303
0.003704332 -0.001882303
0.003705932 -0.001882303
0.003707532 -0.001764659
0.003709132 -0.001647015
0.003710732 -0.001764659
0.003712332 -0.001999947
0.003713932 -0.001529371
0.003715532 -0.001411728
0.003717132 -0.001411728
0.003718732 -0.001529371
0.003720332 -0.001411728
0.003721932 -0.001294084
0.003723532 -0.001764659
0.003725132 -0.001411728
0.003726732 -0.001411728
0.003728332 -0.001058796
0.003729932 -0.001411728
0.003731532 -0.001294084
0.003733132 -0.00117644
0.003734732 -0.001294084
0.003736332 -0.00117644
0.003737932 -0.0008235077
0.003739532 -0.001058796
0.003741132 -0.0009411517
0.003742732 -0.0007058638
0.003744332 -0.0005882198
0.003745932 -0.0009411517
0.003747532 -0.0009411517
0.003749132 -0.001058796
0.003750732 -0.0008235077
0.003752332 -0.0009411517
0.003753932 -0.0009411517
0.003755532 -0.0008235077
0.003757132 -0.0009411517
0.003758732 -0.0007058638
0.003760332 -0.0008235077
0.003761932 -0.00117644
0.003763532 -0.001058796
0.003765132 -0.001058796
0.003766732 -0.0009411517
0.003768332 -0.00117644
0.003769932 -0.00117644
0.003771532 -0.0008235077
0.003773132 -0.0009411517
0.003774732 -0.0009411517
0.003776332 -0.0009411517
0.003777932 -0.001058796
0.003779532 -0.001058796
0.003781132 -0.0009411517
0.003782732 -0.0008235077
0.003784332 -0.001058796
0.003785932 -0.0008235077
0.003787532 -0.0008235077
0.003789132 -0.0007058638
0.003790732 -0.0004705758
0.003792332 -0.0005882198
0.003793932 -0.0003529319
0.003795532 -0.0003529319
0.003797132 -0.000117644
0.003798732 -0.0003529319
0.003800332 -0.0004705758
0.003801932 -0.0003529319
0.003803532 -0.0004705758
0.003805132 -0.000117644
0.003806732 -0.000117644
0.003808332 -0.0002352879
0.003809932 -0.0004705758
0.003811532 -0.000117644
0.003813132 0
0.003814732 -0.0003529319
0.003816332 -0.0007058638
0.003817932 -0.0008235077
0.003819532 -0.0009411517
0.003821132 -0.0007058638
0.003822732 -0.001294084
0.003824332 -0.001411728
0.003825932 -0.001411728
0.003827532 -0.001411728
0.003829132 -0.001647015
0.003830732 -0.001647015
0.003832332 -0.001999947
0.003833932 -0.002117591
0.003835532 -0.002117591
0.003837132 -0.002235235
0.003838732 -0.002235235
0.003840332 -0.002352879
0.003841932 -0.002823455
0.003843532 -0.002705811
0.003845132 -0.002588167
0.003846732 -0.002705811
0.003848332 -0.002705811
0.003849932 -0.003294031
0.003851532 -0.003411675
0.003853132 -0.002941099
0.003854732 -0.003529319
0.003856332 -0.003058743
0.003857932 -0.003294031
0.003859532 -0.003294031
0.003861132 -0.003294031
0.003862732 -0.002941099
0.003864332 -0.003294031
0.003865932 -0.002705811
0.003867532 -0.003176387
0.003869132 -0.002588167
0.003870732 -0.002941099
0.003872332 -0.002470523
0.003873932 -0.002705811
0.003875532 -0.002352879
0.003877132 -0.002705811
0.003878732 -0.002235235
0.003880332 -0.002470523
0.003881932 -0.002352879
0.003883532 -0.002235235
0.003885132 -0.002117591
0.003886732 -0.001882303
0.003888332 -0.002588167
0.003889932 -0.001882303
0.003891532 -0.001999947
0.003893132 -0.001882303
0.003894732 -0.001764659
0.003896332 -0.001764659
0.003897932 -0.001647015
0.003899532 -0.001882303
0.003901132 -0.001764659
0.003902732 -0.002117591
0.003904332 -0.002117591
0.003905932 -0.001647015
0.003907532 -0.001764659
0.003909132 -0.001647015
0.003910732 -0.001882303
0.003912332 -0.001764659
0.003913932 -0.001999947
0.003915532 -0.002352879
0.003917132 -0.002352879
0.003918732 -0.002117591
0.003920332 -0.002352879
0.003921932 -0.002823455
0.003923532 -0.002235235
0.003925132 -0.002588167
0.003926732 -0.002705811
0.003928332 -0.002823455
0.003929932 -0.002705811
0.003931532 -0.002823455
0.003933132 -0.002705811
0.003934732 -0.002823455
0.003936332 -0.002588167
0.003937932 -0.002823455
0.003939532 -0.002235235
0.003941132 -0.002588167
0.003942732 -0.002235235
0.003944332 -0.002705811
0.003945932 -0.002352879
0.003947532 -0.002470523
0.003949132 -0.002470523
0.003950732 -0.002470523
0.003952332 -0.002235235
0.003953932 -0.002352879
0.003955532 -0.002470523
0.003957132 -0.002470523
0.003958732 -0.002117591
0.003960332 -0.002705811
0.003961932 -0.002235235
0.003963532 -0.001999947
0.003965132 -0.001999947
0.003966732 -0.002117591
0.003968332 -0.002117591
0.003969932 -0.002235235
0.003971532 -0.002117591
0.003973132 -0.001999947
0.003974732 -0.001764659
0.003976332 -0.001647015
0.003977932 -0.002117591
0.003979532 -0.001999947
0.003981132 -0.001999947
0.003982732 -0.001999947
0.003984332 -0.001882303
0.003985932 -0.001882303
0.003987532 -0.001647015
0.003989132 -0.001882303
0.003990732 -0.001999947
0.003992332 -0.001999947
0.003993932 -0.002117591
0.003995532 -0.001764659
0.003997132 -0.002117591
0.003998732 -0.002117591
0.004000332 -0.002352879
0.004001932 -0.002352879
0.004003532 -0.002117591
0.004005132 -0.002352879
0.004006732 -0.001764659
0.004008332 -0.001999947
0.004009932 -0.001882303
0.004011532 -0.001647015
0.004013132 -0.001764659
0.004014732 -0.001764659
0.004016332 -0.001764659
0.004017932 -0.001764659
0.004019532 -0.001882303
0.004021132 -0.002117591
0.004022732 -0.001882303
0.004024332 -0.001882303
0.004025932 -0.002235235
0.004027532 -0.002117591
0.004029132 -0.001999947
0.004030732 -0.001529371
0.004032332 -0.001411728
0.004033932 -0.001764659
0.004035532 -0.001529371
0.004037132 -0.001529371
0.004038732 -0.001882303
0.004040332 -0.001294084
0.004041932 -0.001294084
0.004043532 -0.00117644
0.004045132 -0.001058796
0.004046732 -0.0009411517
0.004048332 -0.0009411517
0.004049932 -0.0008235077
0.004051532 -0.0009411517
0.004053132 -0.0007058638
0.004054732 -0.001058796
0.004056332 -0.0009411517
0.004057932 -0.00117644
0.004059532 -0.0008235077
0.004061132 -0.0007058638
0.004062732 -0.001411728
0.004064332 -0.001411728
0.004065932 -0.001294084
0.004067532 -0.001411728
0.004069132 -0.001647015
0.004070732 -0.001647015
0.004072332 -0.001882303
0.004073932 -0.001411728
0.004075532 -0.002117591
0.004077132 -0.002117591
0.004078732 -0.001999947
0.004080332 -0.001882303
0.004081932 -0.002588167
0.004083532 -0.002352879
0.004085132 -0.002352879
0.004086732 -0.002470523
0.004088332 -0.002588167
0.004089932 -0.002352879
0.004091532 -0.002588167
0.004093132 -0.002352879
0.004094732 -0.002352879
0.004096332 -0.002235235
0.004097932 -0.002705811
0.004099532 -0.002470523
0.004101132 -0.002470523
0.004102732 -0.002470523
0.004104332 -0.002588167
0.004105932 -0.002352879
0.004107532 -0.002470523
0.004109132 -0.002705811
0.004110732 -0.003058743
0.004112332 -0.002470523
0.004113932 -0.002470523
0.004115532 -0.002235235
0.004117132 -0.002588167
0.004118732 -0.001999947
0.004120332 -0.002705811
0.004121932 -0.002352879
0.004123532 -0.002235235
0.004125132 -0.002117591
0.004126732 -0.002352879
0.004128332 -0.002117591
0.004129932 -0.002705811
0.004131532 -0.001764659
0.004133132 -0.002235235
0.004134732 -0.001999947
0.004136332 -0.001999947
0.004137932 -0.001764659
0.004139532 -0.001999947
0.004141132 -0.001529371
0.004142732 -0.001999947
0.004144332 -0.001882303
0.004145932 -0.001882303
0.004147532 -0.001647015
0.004149132 -0.001764659
0.004150732 -0.001411728
0.004152332 -0.001647015
0.004153932 -0.001647015
0.004155532 -0.001529371
0.004157132 -0.001411728
0.004158732 -0.001764659
0.004160332 -0.001411728
0.004161932 -0.001529371
0.004163532 -0.001764659
0.004165132 -0.001882303
0.004166732 -0.001882303
0.004168332 -0.001647015
0.004169932 -0.001999947
0.004171532 -0.002117591
0.004173132 -0.002235235
0.004174732 -0.002235235
0.004176332 -0.001999947
0.004177932 -0.001882303
0.004179532 -0.002235235
0.004181132 -0.002352879
0.004182732 -0.002705811
0.004184332 -0.002235235
0.004185932 -0.002235235
0.004187532 -0.002352879
0.004189132 -0.002117591
0.004190732 -0.002470523
0.004192332 -0.002117591
0.004193932 -0.002352879
0.004195532 -0.001882303
0.004197132 -0.002235235
0.004198732 -0.002235235
0.004200332 -0.002352879
