LECROYWS4024HD 19320 Waveform
Segments 1 SegmentSize 3127
Segment TrigTime TimeSinceSegment1
#1 09-Jul-2024 00:11:49 0                 
Time Ampl
-0.0008014734 0.000117644
-0.0007998734 0.000117644
-0.0007982734 0.0004705758
-0.0007966734 0
-0.0007950734 0.000117644
-0.0007934734 0.0002352879
-0.0007918734 0.000117644
-0.0007902734 0.000117644
-0.0007886734 0.0003529319
-0.0007870734 0.0002352879
-0.0007854734 0.0002352879
-0.0007838734 0
-0.0007822734 0.000117644
-0.0007806734 0.000117644
-0.0007790734 0
-0.0007774734 0.0003529319
-0.0007758734 0.000117644
-0.0007742734 0.0003529319
-0.0007726734 0.000117644
-0.0007710734 0.0003529319
-0.0007694734 0.000117644
-0.0007678734 0
-0.0007662734 -0.000117644
-0.0007646734 0.000117644
-0.0007630734 0
-0.0007614734 0.0002352879
-0.0007598734 0.0004705758
-0.0007582734 -0.000117644
-0.0007566734 0.0003529319
-0.0007550734 0.0003529319
-0.0007534734 0.000117644
-0.0007518734 0.0002352879
-0.0007502734 -0.000117644
-0.0007486734 0
-0.0007470734 0.000117644
-0.0007454734 0.0002352879
-0.0007438734 0.000117644
-0.0007422734 0.0003529319
-0.0007406734 0.000117644
-0.0007390734 0.0002352879
-0.0007374734 0
-0.0007358734 0.0002352879
-0.0007342734 -0.000117644
-0.0007326734 0
-0.0007310734 0.0002352879
-0.0007294734 0.0003529319
-0.0007278734 0.000117644
-0.0007262734 0.0005882198
-0.0007246734 0.0002352879
-0.0007230734 0.0002352879
-0.0007214734 0.0003529319
-0.0007198734 0.0005882198
-0.0007182734 0
-0.0007166734 0.0002352879
-0.0007150734 -0.0002352879
-0.0007134734 -0.000117644
-0.0007118734 0.000117644
-0.0007102734 0
-0.0007086734 -0.000117644
-0.0007070734 0.0003529319
-0.0007054734 0.0002352879
-0.0007038734 0
-0.0007022734 0.000117644
-0.0007006734 0.0002352879
-0.0006990734 -0.000117644
-0.0006974734 0.0002352879
-0.0006958734 0.000117644
-0.0006942734 0.000117644
-0.0006926734 0.000117644
-0.0006910734 0.0003529319
-0.0006894734 0.000117644
-0.0006878734 0.0002352879
-0.0006862734 0.000117644
-0.0006846734 0.000117644
-0.0006830734 0.000117644
-0.0006814734 0.0002352879
-0.0006798734 -0.000117644
-0.0006782734 -0.000117644
-0.0006766734 -0.000117644
-0.0006750734 -0.0002352879
-0.0006734734 0.0002352879
-0.0006718734 0.000117644
-0.0006702734 0.000117644
-0.0006686734 0.000117644
-0.0006670734 0
-0.0006654734 0
-0.0006638734 0
-0.0006622734 -0.0002352879
-0.0006606734 0.0002352879
-0.0006590734 0.000117644
-0.0006574734 -0.000117644
-0.0006558734 0
-0.0006542734 -0.000117644
-0.0006526734 -0.000117644
-0.0006510734 -0.0002352879
-0.0006494734 -0.000117644
-0.0006478734 0
-0.0006462734 0.0002352879
-0.0006446734 0.0003529319
-0.0006430734 0
-0.0006414734 0.000117644
-0.0006398734 0.000117644
-0.0006382734 0
-0.0006366734 -0.0002352879
-0.0006350734 -0.000117644
-0.0006334734 -0.0002352879
-0.0006318734 0
-0.0006302734 -0.0002352879
-0.0006286734 0
-0.0006270734 -0.0002352879
-0.0006254734 -0.000117644
-0.0006238734 0
-0.0006222734 0
-0.0006206734 0.000117644
-0.0006190734 0
-0.0006174734 0.000117644
-0.0006158734 0.000117644
-0.0006142734 0
-0.0006126734 0.0003529319
-0.0006110734 0
-0.0006094734 0
-0.0006078734 0
-0.0006062734 -0.000117644
-0.0006046734 0
-0.0006030734 0.000117644
-0.0006014734 0.000117644
-0.0005998734 0.000117644
-0.0005982734 0.000117644
-0.0005966734 0.000117644
-0.0005950734 -0.000117644
-0.0005934734 0
-0.0005918734 -0.000117644
-0.0005902734 0.000117644
-0.0005886734 0
-0.0005870734 0
-0.0005854734 0.000117644
-0.0005838734 0.0002352879
-0.0005822734 0
-0.0005806734 0
-0.0005790734 -0.0002352879
-0.0005774734 -0.000117644
-0.0005758734 0.000117644
-0.0005742734 0.000117644
-0.0005726734 0
-0.0005710734 -0.0002352879
-0.0005694734 -0.000117644
-0.0005678734 0.000117644
-0.0005662734 -0.000117644
-0.0005646734 0.000117644
-0.0005630734 -0.000117644
-0.0005614734 0.0002352879
-0.0005598734 0.000117644
-0.0005582734 0.000117644
-0.0005566734 0
-0.0005550734 -0.0003529319
-0.0005534734 0.000117644
-0.0005518734 0
-0.0005502734 0.000117644
-0.0005486734 -0.0002352879
-0.0005470734 -0.0002352879
-0.0005454734 0.000117644
-0.0005438734 0.000117644
-0.0005422734 -0.000117644
-0.0005406734 0.000117644
-0.0005390734 -0.000117644
-0.0005374734 -0.000117644
-0.0005358734 -0.000117644
-0.0005342734 -0.0002352879
-0.0005326734 0.000117644
-0.0005310734 0.000117644
-0.0005294734 -0.0002352879
-0.0005278734 0.000117644
-0.0005262734 0
-0.0005246734 -0.000117644
-0.0005230734 0.000117644
-0.0005214734 -0.0002352879
-0.0005198734 0.0002352879
-0.0005182734 0.000117644
-0.0005166734 0
-0.0005150734 -0.0003529319
-0.0005134734 0
-0.0005118734 -0.0002352879
-0.0005102734 -0.000117644
-0.0005086734 0.000117644
-0.0005070734 -0.000117644
-0.0005054734 0.0003529319
-0.0005038734 0.000117644
-0.0005022734 -0.0003529319
-0.0005006734 0.0002352879
-0.0004990734 -0.0003529319
-0.0004974734 -0.000117644
-0.0004958734 0.000117644
-0.0004942734 0.000117644
-0.0004926734 0
-0.0004910734 -0.000117644
-0.0004894734 0.0002352879
-0.0004878734 -0.000117644
-0.0004862734 -0.0002352879
-0.0004846734 0
-0.0004830734 0
-0.0004814734 0
-0.0004798734 0
-0.0004782734 -0.000117644
-0.0004766734 -0.0003529319
-0.0004750734 -0.0003529319
-0.0004734734 -0.000117644
-0.0004718734 0.000117644
-0.0004702734 0.000117644
-0.0004686734 -0.0002352879
-0.0004670734 0
-0.0004654734 -0.000117644
-0.0004638734 0
-0.0004622734 0.000117644
-0.0004606734 -0.000117644
-0.0004590734 -0.0003529319
-0.0004574734 -0.0002352879
-0.0004558734 -0.0002352879
-0.0004542734 0
-0.0004526734 0
-0.0004510734 0.000117644
-0.0004494734 -0.000117644
-0.0004478734 0
-0.0004462734 -0.000117644
-0.0004446734 0.000117644
-0.0004430734 -0.000117644
-0.0004414734 0
-0.0004398734 -0.000117644
-0.0004382734 0.000117644
-0.0004366734 0.0002352879
-0.0004350734 0
-0.0004334734 -0.000117644
-0.0004318734 -0.0002352879
-0.0004302734 -0.0002352879
-0.0004286734 -0.000117644
-0.0004270734 0.000117644
-0.0004254734 0.000117644
-0.0004238734 0
-0.0004222734 -0.0003529319
-0.0004206734 -0.0003529319
-0.0004190734 -0.0002352879
-0.0004174734 0.000117644
-0.0004158734 -0.0002352879
-0.0004142734 -0.000117644
-0.0004126734 -0.0003529319
-0.0004110734 0
-0.0004094734 -0.0003529319
-0.0004078734 0.0002352879
-0.0004062734 0
-0.0004046734 -0.000117644
-0.0004030734 -0.000117644
-0.0004014734 -0.0005882198
-0.0003998734 0
-0.0003982734 -0.0002352879
-0.0003966734 0.000117644
-0.0003950734 0
-0.0003934734 -0.0002352879
-0.0003918734 -0.0002352879
-0.0003902734 0
-0.0003886734 -0.0002352879
-0.0003870734 0.000117644
-0.0003854734 -0.000117644
-0.0003838734 -0.0002352879
-0.0003822734 -0.0002352879
-0.0003806734 0
-0.0003790734 -0.0004705758
-0.0003774734 -0.000117644
-0.0003758734 -0.000117644
-0.0003742734 -0.0002352879
-0.0003726734 -0.000117644
-0.0003710734 -0.000117644
-0.0003694734 0
-0.0003678734 -0.000117644
-0.0003662734 -0.0003529319
-0.0003646734 0
-0.0003630734 -0.0002352879
-0.0003614734 -0.000117644
-0.0003598734 -0.000117644
-0.0003582734 -0.0002352879
-0.0003566734 -0.000117644
-0.0003550734 0
-0.0003534734 0.000117644
-0.0003518734 -0.0003529319
-0.0003502734 0
-0.0003486734 -0.000117644
-0.0003470734 -0.0002352879
-0.0003454734 -0.000117644
-0.0003438734 -0.000117644
-0.0003422734 0
-0.0003406734 -0.000117644
-0.0003390734 0.000117644
-0.0003374734 0
-0.0003358734 0.000117644
-0.0003342734 -0.000117644
-0.0003326734 -0.000117644
-0.0003310734 -0.0002352879
-0.0003294734 0
-0.0003278734 -0.0003529319
-0.0003262734 -0.0002352879
-0.0003246734 0.000117644
-0.0003230734 0.000117644
-0.0003214734 -0.000117644
-0.0003198734 0
-0.0003182734 0
-0.0003166734 0
-0.0003150734 0
-0.0003134734 -0.0004705758
-0.0003118734 0
-0.0003102734 -0.000117644
-0.0003086734 -0.0002352879
-0.0003070734 -0.0003529319
-0.0003054734 -0.000117644
-0.0003038734 -0.000117644
-0.0003022734 0
-0.0003006734 0.000117644
-0.0002990734 0
-0.0002974734 -0.000117644
-0.0002958734 -0.0002352879
-0.0002942734 -0.000117644
-0.0002926734 -0.000117644
-0.0002910734 -0.0003529319
-0.0002894734 -0.0002352879
-0.0002878734 -0.0003529319
-0.0002862734 -0.0002352879
-0.0002846734 0
-0.0002830734 -0.0003529319
-0.0002814734 -0.0004705758
-0.0002798734 -0.000117644
-0.0002782734 0
-0.0002766734 -0.0003529319
-0.0002750734 -0.0003529319
-0.0002734734 0
-0.0002718734 -0.0003529319
-0.0002702734 -0.000117644
-0.0002686734 0.0004705758
-0.0002670734 -0.0003529319
-0.0002654734 -0.0003529319
-0.0002638734 -0.0003529319
-0.0002622734 -0.0002352879
-0.0002606734 -0.0002352879
-0.0002590734 0
-0.0002574734 -0.0002352879
-0.0002558734 -0.0003529319
-0.0002542734 -0.0003529319
-0.0002526734 -0.0004705758
-0.0002510734 -0.000117644
-0.0002494734 -0.0003529319
-0.0002478734 -0.0003529319
-0.0002462734 -0.0002352879
-0.0002446734 -0.0002352879
-0.0002430734 -0.0004705758
-0.0002414734 0
-0.0002398734 -0.000117644
-0.0002382734 0
-0.0002366734 -0.0003529319
-0.0002350734 0.000117644
-0.0002334734 -0.0002352879
-0.0002318734 -0.0002352879
-0.0002302734 0
-0.0002286734 -0.0002352879
-0.0002270734 -0.0002352879
-0.0002254734 -0.0002352879
-0.0002238734 -0.0004705758
-0.0002222734 0
-0.0002206734 -0.0003529319
-0.0002190734 -0.0002352879
-0.0002174734 0
-0.0002158734 -0.000117644
-0.0002142734 -0.0004705758
-0.0002126734 0
-0.0002110734 -0.000117644
-0.0002094734 0
-0.0002078734 -0.0003529319
-0.0002062734 -0.000117644
-0.0002046734 -0.000117644
-0.0002030734 0
-0.0002014734 0
-0.0001998734 -0.0004705758
-0.0001982734 0.000117644
-0.0001966734 -0.0002352879
-0.0001950734 -0.000117644
-0.0001934734 -0.0002352879
-0.0001918734 -0.000117644
-0.0001902734 0
-0.0001886734 0
-0.0001870734 -0.0002352879
-0.0001854734 -0.0003529319
-0.0001838734 0.0002352879
-0.0001822734 -0.0002352879
-0.0001806734 -0.000117644
-0.0001790734 -0.0002352879
-0.0001774734 -0.0002352879
-0.0001758734 -0.0003529319
-0.0001742734 -0.0002352879
-0.0001726734 0
-0.0001710734 -0.0003529319
-0.0001694734 -0.0002352879
-0.0001678734 -0.0003529319
-0.0001662734 0.000117644
-0.0001646734 -0.0003529319
-0.0001630734 0.000117644
-0.0001614734 -0.0002352879
-0.0001598734 -0.0004705758
-0.0001582734 -0.0004705758
-0.0001566734 -0.0003529319
-0.0001550734 0
-0.0001534734 -0.000117644
-0.0001518734 -0.000117644
-0.0001502734 -0.0002352879
-0.0001486734 -0.0002352879
-0.0001470734 -0.0003529319
-0.0001454734 -0.000117644
-0.0001438734 -0.0003529319
-0.0001422734 0
-0.0001406734 -0.0003529319
-0.0001390734 -0.0003529319
-0.0001374734 -0.0003529319
-0.0001358734 -0.000117644
-0.0001342734 -0.0002352879
-0.0001326734 0.0002352879
-0.0001310734 -0.0003529319
-0.0001294734 -0.000117644
-0.0001278734 -0.0002352879
-0.0001262734 -0.0002352879
-0.0001246734 -0.0002352879
-0.0001230734 -0.0003529319
-0.0001214734 0
-0.0001198734 -0.000117644
-0.0001182734 -0.0003529319
-0.0001166734 -0.0003529319
-0.0001150734 -0.0003529319
-0.0001134734 0
-0.0001118734 -0.0004705758
-0.0001102734 -0.000117644
-0.0001086734 0.000117644
-0.0001070734 -0.000117644
-0.0001054734 -0.000117644
-0.0001038734 0.000117644
-0.0001022734 0
-0.0001006734 -0.0003529319
-9.90734e-005 -0.000117644
-9.74734e-005 -0.0003529319
-9.58734e-005 -0.0003529319
-9.42734e-005 -0.0004705758
-9.26734e-005 -0.0002352879
-9.10734e-005 0
-8.94734e-005 -0.000117644
-8.78734e-005 -0.000117644
-8.62734e-005 -0.0005882198
-8.46734e-005 0
-8.30734e-005 -0.000117644
-8.14734e-005 -0.000117644
-7.98734e-005 0.000117644
-7.82734e-005 0
-7.66734e-005 -0.000117644
-7.50734e-005 -0.000117644
-7.34734e-005 -0.0002352879
-7.18734e-005 -0.000117644
-7.02734e-005 -0.000117644
-6.86734e-005 -0.000117644
-6.70734e-005 -0.000117644
-6.54734e-005 0.000117644
-6.38734e-005 -0.0002352879
-6.22734e-005 -0.0002352879
-6.06734e-005 0
-5.90734e-005 -0.0004705758
-5.74734e-005 -0.0003529319
-5.58734e-005 -0.0003529319
-5.42734e-005 0.0002352879
-5.26734e-005 -0.0003529319
-5.10734e-005 -0.0002352879
-4.94734e-005 -0.000117644
-4.78734e-005 -0.000117644
-4.62734e-005 0
-4.46734e-005 -0.0002352879
-4.30734e-005 -0.0003529319
-4.14734e-005 -0.0002352879
-3.98734e-005 -0.0002352879
-3.82734e-005 -0.0003529319
-3.66734e-005 -0.0003529319
-3.50734e-005 -0.000117644
-3.34734e-005 -0.0002352879
-3.18734e-005 -0.0002352879
-3.02734e-005 0.0002352879
-2.86734e-005 0.00117644
-2.70734e-005 0.003882251
-2.54734e-005 0.007293925
-2.38734e-005 0.006705706
-2.22734e-005 0.002941099
-2.06734e-005 -0.005529266
-1.90734e-005 -0.01976419
-1.74734e-005 -0.04235183
-1.58734e-005 -0.06846878
-1.42734e-005 -0.09293873
-1.26734e-005 -0.1165852
-1.10734e-005 -0.1370552
-9.4734e-006 -0.1502313
-7.8734e-006 -0.1495255
-6.2734e-006 -0.1324671
-4.6734e-006 -0.102115
-3.0734e-006 -0.06305716
-1.4734e-006 -0.0262346
1.266e-007 -0.0004705758
1.7266e-006 0.006588062
3.3266e-006 0
4.9266e-006 -0.01047031
6.5266e-006 -0.01776424
8.1266e-006 -0.01752895
9.7266e-006 -0.01317612
1.13266e-005 -0.002588167
1.29266e-005 0.009999736
1.45266e-005 0.02047005
1.61266e-005 0.02658753
1.77266e-005 0.03011685
1.93266e-005 0.02976392
2.09266e-005 0.02376408
2.25266e-005 0.01435256
2.41266e-005 0.004941046
2.57266e-005 -0.001999947
2.73266e-005 -0.006940994
2.89266e-005 -0.008823297
3.05266e-005 -0.006470418
3.21266e-005 -0.003058743
3.37266e-005 0
3.53266e-005 0.001647015
3.69266e-005 0.00117644
3.85266e-005 -0.0003529319
4.01266e-005 -0.0008235077
4.17266e-005 -0.001411728
4.33266e-005 -0.001647015
4.49266e-005 -0.002352879
4.65266e-005 -0.001999947
4.81266e-005 0.001058796
4.97266e-005 0.004588114
5.13266e-005 0.008352721
5.29266e-005 0.01023502
5.45266e-005 0.009646805
5.61266e-005 0.008235077
5.77266e-005 0.008235077
5.93266e-005 0.009764449
6.09266e-005 0.0107056
6.25266e-005 0.01011738
6.41266e-005 0.006470418
6.57266e-005 0.001882303
6.73266e-005 -0.001529371
6.89266e-005 -0.0009411517
7.05266e-005 0.002470523
7.21266e-005 0.004823402
7.37266e-005 0.006588062
7.53266e-005 0.007529213
7.69266e-005 0.006940994
7.85266e-005 0.005882198
8.01266e-005 0.003764607
8.17266e-005 0
8.33266e-005 -0.005293978
8.49266e-005 -0.01011738
8.65266e-005 -0.01329377
8.81266e-005 -0.01294084
8.97266e-005 -0.01129382
9.13266e-005 -0.009411517
9.29266e-005 -0.008117433
9.45266e-005 -0.007529213
9.61266e-005 -0.008588009
9.77266e-005 -0.01011738
9.93266e-005 -0.01141146
0.0001009266 -0.01105853
0.0001025266 -0.01011738
0.0001041266 -0.008940941
0.0001057266 -0.007176281
0.0001073266 -0.005882198
0.0001089266 -0.006352774
0.0001105266 -0.006705706
0.0001121266 -0.008705653
0.0001137266 -0.01023502
0.0001153266 -0.01199968
0.0001169266 -0.01435256
0.0001185266 -0.01682309
0.0001201266 -0.01741131
0.0001217266 -0.01635251
0.0001233266 -0.01305848
0.0001249266 -0.008352721
0.0001265266 -0.002352879
0.0001281266 0.002705811
0.0001297266 0.007058638
0.0001313266 0.009999736
0.0001329266 0.01199968
0.0001345266 0.01223497
0.0001361266 0.01211733
0.0001377266 0.01117618
0.0001393266 0.01035267
0.0001409266 0.01023502
0.0001425266 0.009293873
0.0001441266 0.008117433
0.0001457266 0.006470418
0.0001473266 0.004823402
0.0001489266 0.003999895
0.0001505266 0.003529319
0.0001521266 0.004235183
0.0001537266 0.005529266
0.0001553266 0.007058638
0.0001569266 0.008705653
0.0001585266 0.01047031
0.0001601266 0.01105853
0.0001617266 0.01211733
0.0001633266 0.01282319
0.0001649266 0.01282319
0.0001665266 0.01211733
0.0001681266 0.0107056
0.0001697266 0.008235077
0.0001713266 0.005293978
0.0001729266 0.002823455
0.0001745266 0.002117591
0.0001761266 0.002823455
0.0001777266 0.005176334
0.0001793266 0.007176281
0.0001809266 0.008940941
0.0001825266 0.01082324
0.0001841266 0.01294084
0.0001857266 0.01494078
0.0001873266 0.0165878
0.0001889266 0.01717602
0.0001905266 0.0165878
0.0001921266 0.01517607
0.0001937266 0.01423492
0.0001953266 0.01270555
0.0001969266 0.01188204
0.0001985266 0.01047031
0.0002001266 0.008352721
0.0002017266 0.005293978
0.0002033266 0.003646963
0.0002049266 0.002705811
0.0002065266 0.004941046
0.0002081266 0.007529213
0.0002097266 0.01117618
0.0002113266 0.01423492
0.0002129266 0.01588193
0.0002145266 0.01588193
0.0002161266 0.01482314
0.0002177266 0.01329377
0.0002193266 0.01117618
0.0002209266 0.007646857
0.0002225266 0.003764607
0.0002241266 0.0002352879
0.0002257266 -0.001882303
0.0002273266 -0.002588167
0.0002289266 -0.002823455
0.0002305266 -0.004117539
0.0002321266 -0.005529266
0.0002337266 -0.007646857
0.0002353266 -0.009176229
0.0002369266 -0.009529161
0.0002385266 -0.007764501
0.0002401266 -0.00505869
0.0002417266 -0.001647015
0.0002433266 0.001058796
0.0002449266 0.003764607
0.0002465266 0.00623513
0.0002481266 0.008352721
0.0002497266 0.009529161
0.0002513266 0.009764449
0.0002529266 0.009646805
0.0002545266 0.009411517
0.0002561266 0.009411517
0.0002577266 0.008940941
0.0002593266 0.008352721
0.0002609266 0.008117433
0.0002625266 0.007411569
0.0002641266 0.007411569
0.0002657266 0.007411569
0.0002673266 0.007293925
0.0002689266 0.00682335
0.0002705266 0.006705706
0.0002721266 0.006470418
0.0002737266 0.007411569
0.0002753266 0.008470365
0.0002769266 0.008940941
0.0002785266 0.009764449
0.0002801266 0.01105853
0.0002817266 0.01188204
0.0002833266 0.01305848
0.0002849266 0.01399963
0.0002865266 0.01470549
0.0002881266 0.01411728
0.0002897266 0.01352906
0.0002913266 0.0136467
0.0002929266 0.01352906
0.0002945266 0.01270555
0.0002961266 0.01117618
0.0002977266 0.01023502
0.0002993266 0.009764449
0.0003009266 0.01023502
0.0003025266 0.01105853
0.0003041266 0.01282319
0.0003057266 0.01529371
0.0003073266 0.01788188
0.0003089266 0.01941125
0.0003105266 0.01988183
0.0003121266 0.01917597
0.0003137266 0.01799953
0.0003153266 0.01564665
0.0003169266 0.01376434
0.0003185266 0.01141146
0.0003201266 0.009882093
0.0003217266 0.008470365
0.0003233266 0.007882145
0.0003249266 0.008588009
0.0003265266 0.009411517
0.0003281266 0.009411517
0.0003297266 0.009176229
0.0003313266 0.009529161
0.0003329266 0.01047031
0.0003345266 0.01047031
0.0003361266 0.009882093
0.0003377266 0.008117433
0.0003393266 0.005411622
0.0003409266 0.003058743
0.0003425266 0.001764659
0.0003441266 0.001411728
0.0003457266 0.0002352879
0.0003473266 -0.000117644
0.0003489266 -0.0009411517
0.0003505266 -0.0009411517
0.0003521266 0.0007058638
0.0003537266 0.002941099
0.0003553266 0.005293978
0.0003569266 0.007058638
0.0003585266 0.007411569
0.0003601266 0.007529213
0.0003617266 0.006940994
0.0003633266 0.006352774
0.0003649266 0.003882251
0.0003665266 0.001411728
0.0003681266 -0.0002352879
0.0003697266 -0.0009411517
0.0003713266 -0.001647015
0.0003729266 -0.0009411517
0.0003745266 -0.000117644
0.0003761266 0.0008235077
0.0003777266 0.001294084
0.0003793266 0.001294084
0.0003809266 0.00117644
0.0003825266 0.0008235077
0.0003841266 -0.0004705758
0.0003857266 -0.001411728
0.0003873266 -0.001294084
0.0003889266 -0.0002352879
0.0003905266 0.0007058638
0.0003921266 0.001882303
0.0003937266 0.002588167
0.0003953266 0.003529319
0.0003969266 0.003999895
0.0003985266 0.003882251
0.0004001266 0.003999895
0.0004017266 0.003882251
0.0004033266 0.003529319
0.0004049266 0.004235183
0.0004065266 0.005411622
0.0004081266 0.006940994
0.0004097266 0.007411569
0.0004113266 0.008588009
0.0004129266 0.01011738
0.0004145266 0.0117644
0.0004161266 0.0125879
0.0004177266 0.01282319
0.0004193266 0.01211733
0.0004209266 0.01047031
0.0004225266 0.007646857
0.0004241266 0.005176334
0.0004257266 0.002470523
0.0004273266 0
0.0004289266 -0.003058743
0.0004305266 -0.004941046
0.0004321266 -0.007058638
0.0004337266 -0.007882145
0.0004353266 -0.009058585
0.0004369266 -0.009176229
0.0004385266 -0.01011738
0.0004401266 -0.009999736
0.0004417266 -0.01035267
0.0004433266 -0.0107056
0.0004449266 -0.01082324
0.0004465266 -0.01035267
0.0004481266 -0.009999736
0.0004497266 -0.009646805
0.0004513266 -0.009058585
0.0004529266 -0.008117433
0.0004545266 -0.007529213
0.0004561266 -0.00682335
0.0004577266 -0.005529266
0.0004593266 -0.003999895
0.0004609266 -0.004117539
0.0004625266 -0.003529319
0.0004641266 -0.003882251
0.0004657266 -0.004117539
0.0004673266 -0.004588114
0.0004689266 -0.004352826
0.0004705266 -0.004588114
0.0004721266 -0.004352826
0.0004737266 -0.004235183
0.0004753266 -0.004117539
0.0004769266 -0.005176334
0.0004785266 -0.005293978
0.0004801266 -0.005764554
0.0004817266 -0.00564691
0.0004833266 -0.006352774
0.0004849266 -0.006588062
0.0004865266 -0.007176281
0.0004881266 -0.007646857
0.0004897266 -0.007646857
0.0004913266 -0.006940994
0.0004929266 -0.006117486
0.0004945266 -0.00447047
0.0004961266 -0.003764607
0.0004977266 -0.001999947
0.0004993266 -0.001529371
0.0005009266 -0.001294084
0.0005025266 -0.001294084
0.0005041266 -0.00117644
0.0005057266 -0.001647015
0.0005073266 -0.002117591
0.0005089266 -0.002235235
0.0005105266 -0.001764659
0.0005121266 -0.001294084
0.0005137266 -0.0004705758
0.0005153266 0.0002352879
0.0005169266 0.001294084
0.0005185266 0.002588167
0.0005201266 0.003646963
0.0005217266 0.004705758
0.0005233266 0.005529266
0.0005249266 0.005999842
0.0005265266 0.007293925
0.0005281266 0.007646857
0.0005297266 0.007999789
0.0005313266 0.007646857
0.0005329266 0.006940994
0.0005345266 0.005176334
0.0005361266 0.00447047
0.0005377266 0.002941099
0.0005393266 0.003058743
0.0005409266 0.003294031
0.0005425266 0.003411675
0.0005441266 0.003646963
0.0005457266 0.004588114
0.0005473266 0.004823402
0.0005489266 0.005999842
0.0005505266 0.006705706
0.0005521266 0.007176281
0.0005537266 0.007999789
0.0005553266 0.008117433
0.0005569266 0.008352721
0.0005585266 0.009058585
0.0005601266 0.01035267
0.0005617266 0.01129382
0.0005633266 0.0125879
0.0005649266 0.01352906
0.0005665266 0.01352906
0.0005681266 0.01305848
0.0005697266 0.01223497
0.0005713266 0.01141146
0.0005729266 0.009882093
0.0005745266 0.007646857
0.0005761266 0.005293978
0.0005777266 0.003529319
0.0005793266 0.001764659
0.0005809266 0.0005882198
0.0005825266 -0.001058796
0.0005841266 -0.002235235
0.0005857266 -0.003176387
0.0005873266 -0.003411675
0.0005889266 -0.004235183
0.0005905266 -0.003529319
0.0005921266 -0.003176387
0.0005937266 -0.001882303
0.0005953266 -0.0009411517
0.0005969266 0.0007058638
0.0005985266 0.002588167
0.0006001266 0.004117539
0.0006017266 0.004941046
0.0006033266 0.005293978
0.0006049266 0.004588114
0.0006065266 0.003999895
0.0006081266 0.002941099
0.0006097266 0.001058796
0.0006113266 0.0004705758
0.0006129266 -0.0004705758
0.0006145266 -0.0008235077
0.0006161266 -0.0007058638
0.0006177266 -0.0005882198
0.0006193266 0.0002352879
0.0006209266 0.0004705758
0.0006225266 0.0005882198
0.0006241266 0
0.0006257266 -0.0005882198
0.0006273266 -0.0009411517
0.0006289266 -0.001764659
0.0006305266 -0.003176387
0.0006321266 -0.004941046
0.0006337266 -0.006117486
0.0006353266 -0.007293925
0.0006369266 -0.007882145
0.0006385266 -0.007882145
0.0006401266 -0.008117433
0.0006417266 -0.007293925
0.0006433266 -0.007058638
0.0006449266 -0.005529266
0.0006465266 -0.004235183
0.0006481266 -0.002823455
0.0006497266 -0.001647015
0.0006513266 -0.0003529319
0.0006529266 0.0005882198
0.0006545266 0.001999947
0.0006561266 0.002941099
0.0006577266 0.003529319
0.0006593266 0.004705758
0.0006609266 0.004823402
0.0006625266 0.00564691
0.0006641266 0.005999842
0.0006657266 0.006470418
0.0006673266 0.006588062
0.0006689266 0.007411569
0.0006705266 0.007411569
0.0006721266 0.007293925
0.0006737266 0.007058638
0.0006753266 0.006352774
0.0006769266 0.006588062
0.0006785266 0.006705706
0.0006801266 0.007529213
0.0006817266 0.007764501
0.0006833266 0.007882145
0.0006849266 0.008235077
0.0006865266 0.007646857
0.0006881266 0.007176281
0.0006897266 0.005529266
0.0006913266 0.003529319
0.0006929266 0.002117591
0.0006945266 0.0002352879
0.0006961266 -0.001411728
0.0006977266 -0.002470523
0.0006993266 -0.003764607
0.0007009266 -0.005293978
0.0007025266 -0.006117486
0.0007041266 -0.00623513
0.0007057266 -0.005999842
0.0007073266 -0.005176334
0.0007089266 -0.004941046
0.0007105266 -0.005176334
0.0007121266 -0.004352826
0.0007137266 -0.00447047
0.0007153266 -0.003764607
0.0007169266 -0.003529319
0.0007185266 -0.002705811
0.0007201266 -0.002117591
0.0007217266 -0.002235235
0.0007233266 -0.002352879
0.0007249266 -0.002352879
0.0007265266 -0.003058743
0.0007281266 -0.003529319
0.0007297266 -0.00505869
0.0007313266 -0.005529266
0.0007329266 -0.006588062
0.0007345266 -0.007058638
0.0007361266 -0.007411569
0.0007377266 -0.007176281
0.0007393266 -0.007176281
0.0007409266 -0.007293925
0.0007425266 -0.007058638
0.0007441266 -0.007529213
0.0007457266 -0.008352721
0.0007473266 -0.008940941
0.0007489266 -0.009764449
0.0007505266 -0.009764449
0.0007521266 -0.009293873
0.0007537266 -0.008823297
0.0007553266 -0.008117433
0.0007569266 -0.007058638
0.0007585266 -0.005411622
0.0007601266 -0.003646963
0.0007617266 -0.002588167
0.0007633266 -0.001647015
0.0007649266 -0.001058796
0.0007665266 -0.0005882198
0.0007681266 -0.0008235077
0.0007697266 -0.00117644
0.0007713266 -0.001647015
0.0007729266 -0.001882303
0.0007745266 -0.002117591
0.0007761266 -0.001999947
0.0007777266 -0.002470523
0.0007793266 -0.002588167
0.0007809266 -0.003058743
0.0007825266 -0.003058743
0.0007841266 -0.002941099
0.0007857266 -0.001647015
0.0007873266 -0.000117644
0.0007889266 0.001294084
0.0007905266 0.002823455
0.0007921266 0.003529319
0.0007937266 0.00447047
0.0007953266 0.004588114
0.0007969266 0.00447047
0.0007985266 0.003882251
0.0008001266 0.002705811
0.0008017266 0.001764659
0.0008033266 0.0005882198
0.0008049266 -0.0004705758
0.0008065266 -0.001058796
0.0008081266 -0.001529371
0.0008097266 -0.002823455
0.0008113266 -0.002823455
0.0008129266 -0.003764607
0.0008145266 -0.004941046
0.0008161266 -0.006588062
0.0008177266 -0.007529213
0.0008193266 -0.009176229
0.0008209266 -0.01023502
0.0008225266 -0.01129382
0.0008241266 -0.01223497
0.0008257266 -0.01294084
0.0008273266 -0.01294084
0.0008289266 -0.01305848
0.0008305266 -0.0125879
0.0008321266 -0.01270555
0.0008337266 -0.01294084
0.0008353266 -0.01352906
0.0008369266 -0.01341141
0.0008385266 -0.01435256
0.0008401266 -0.01505843
0.0008417266 -0.01623487
0.0008433266 -0.0165878
0.0008449266 -0.01670544
0.0008465266 -0.01611722
0.0008481266 -0.01541136
0.0008497266 -0.01435256
0.0008513266 -0.01341141
0.0008529266 -0.01235262
0.0008545266 -0.01188204
0.0008561266 -0.01105853
0.0008577266 -0.01235262
0.0008593266 -0.0125879
0.0008609266 -0.01305848
0.0008625266 -0.01341141
0.0008641266 -0.01376434
0.0008657266 -0.01329377
0.0008673266 -0.01341141
0.0008689266 -0.01341141
0.0008705266 -0.01329377
0.0008721266 -0.01235262
0.0008737266 -0.0117644
0.0008753266 -0.01117618
0.0008769266 -0.01047031
0.0008785266 -0.009293873
0.0008801266 -0.008117433
0.0008817266 -0.006352774
0.0008833266 -0.00505869
0.0008849266 -0.003529319
0.0008865266 -0.003176387
0.0008881266 -0.003058743
0.0008897266 -0.003646963
0.0008913266 -0.00447047
0.0008929266 -0.005882198
0.0008945266 -0.007411569
0.0008961266 -0.008235077
0.0008977266 -0.008940941
0.0008993266 -0.009176229
0.0009009266 -0.009176229
0.0009025266 -0.008823297
0.0009041266 -0.008470365
0.0009057266 -0.008117433
0.0009073266 -0.008235077
0.0009089266 -0.008117433
0.0009105266 -0.007882145
0.0009121266 -0.007764501
0.0009137266 -0.007646857
0.0009153266 -0.007058638
0.0009169266 -0.006470418
0.0009185266 -0.005882198
0.0009201266 -0.00564691
0.0009217266 -0.005176334
0.0009233266 -0.004941046
0.0009249266 -0.00447047
0.0009265266 -0.004352826
0.0009281266 -0.003764607
0.0009297266 -0.002941099
0.0009313266 -0.002352879
0.0009329266 -0.001764659
0.0009345266 -0.001058796
0.0009361266 -0.0003529319
0.0009377266 0
0.0009393266 0
0.0009409266 -0.0003529319
0.0009425266 -0.0003529319
0.0009441266 -0.0008235077
0.0009457266 -0.001882303
0.0009473266 -0.002823455
0.0009489266 -0.003882251
0.0009505266 -0.004117539
0.0009521266 -0.004117539
0.0009537266 -0.004823402
0.0009553266 -0.00447047
0.0009569266 -0.004941046
0.0009585266 -0.00447047
0.0009601266 -0.005293978
0.0009617266 -0.004941046
0.0009633266 -0.00564691
0.0009649266 -0.006117486
0.0009665266 -0.006352774
0.0009681266 -0.00623513
0.0009697266 -0.00564691
0.0009713266 -0.004235183
0.0009729266 -0.002470523
0.0009745266 -0.0005882198
0.0009761266 0.00117644
0.0009777266 0.002705811
0.0009793266 0.004117539
0.0009809266 0.004823402
0.0009825266 0.005999842
0.0009841266 0.006705706
0.0009857266 0.006940994
0.0009873266 0.007058638
0.0009889266 0.006588062
0.0009905266 0.005999842
0.0009921266 0.004705758
0.0009937266 0.003882251
0.0009953266 0.002705811
0.0009969266 0.001529371
0.0009985266 0.001058796
0.001000127 0.0002352879
0.001001727 0
0.001003327 0.0004705758
0.001004927 0.00117644
0.001006527 0.002117591
0.001008127 0.002588167
0.001009727 0.003646963
0.001011327 0.003999895
0.001012927 0.004705758
0.001014527 0.004705758
0.001016127 0.00447047
0.001017727 0.004117539
0.001019327 0.003646963
0.001020927 0.002823455
0.001022527 0.002352879
0.001024127 0.002117591
0.001025727 0.001882303
0.001027327 0.001411728
0.001028927 0.0007058638
0.001030527 0.0008235077
0.001032127 0.0002352879
0.001033727 -0.0002352879
0.001035327 -0.0003529319
0.001036927 -0.00117644
0.001038527 -0.0007058638
0.001040127 -0.0009411517
0.001041727 -0.0008235077
0.001043327 -0.0003529319
0.001044927 0.0009411517
0.001046527 0.001411728
0.001048127 0.001647015
0.001049727 0.002117591
0.001051327 0.001999947
0.001052927 0.001294084
0.001054527 0.0003529319
0.001056127 -0.0009411517
0.001057727 -0.002588167
0.001059327 -0.004117539
0.001060927 -0.005411622
0.001062527 -0.006705706
0.001064127 -0.00682335
0.001065727 -0.007176281
0.001067327 -0.007293925
0.001068927 -0.007411569
0.001070527 -0.006705706
0.001072127 -0.00623513
0.001073727 -0.00505869
0.001075327 -0.004823402
0.001076927 -0.003646963
0.001078527 -0.003764607
0.001080127 -0.003411675
0.001081727 -0.003764607
0.001083327 -0.003529319
0.001084927 -0.003999895
0.001086527 -0.004823402
0.001088127 -0.006470418
0.001089727 -0.007882145
0.001091327 -0.009529161
0.001092927 -0.01105853
0.001094527 -0.01199968
0.001096127 -0.01235262
0.001097727 -0.01317612
0.001099327 -0.01352906
0.001100927 -0.01376434
0.001102527 -0.01341141
0.001104127 -0.01341141
0.001105727 -0.01317612
0.001107327 -0.01317612
0.001108927 -0.01317612
0.001110527 -0.01305848
0.001112127 -0.01235262
0.001113727 -0.01129382
0.001115327 -0.01035267
0.001116927 -0.008352721
0.001118527 -0.006940994
0.001120127 -0.00564691
0.001121727 -0.003646963
0.001123327 -0.003176387
0.001124927 -0.002941099
0.001126527 -0.003294031
0.001128127 -0.003764607
0.001129727 -0.003999895
0.001131327 -0.004352826
0.001132927 -0.00505869
0.001134527 -0.005176334
0.001136127 -0.00564691
0.001137727 -0.005411622
0.001139327 -0.005529266
0.001140927 -0.004941046
0.001142527 -0.005411622
0.001144127 -0.00505869
0.001145727 -0.005176334
0.001147327 -0.00505869
0.001148927 -0.005293978
0.001150527 -0.004588114
0.001152127 -0.00447047
0.001153727 -0.003764607
0.001155327 -0.002705811
0.001156927 -0.002235235
0.001158527 -0.001764659
0.001160127 -0.001411728
0.001161727 -0.001294084
0.001163327 -0.00117644
0.001164927 -0.001647015
0.001166527 -0.001882303
0.001168127 -0.002705811
0.001169727 -0.002705811
0.001171327 -0.003764607
0.001172927 -0.004588114
0.001174527 -0.005529266
0.001176127 -0.006117486
0.001177727 -0.006940994
0.001179327 -0.007646857
0.001180927 -0.008352721
0.001182527 -0.008352721
0.001184127 -0.009411517
0.001185727 -0.009882093
0.001187327 -0.01011738
0.001188927 -0.01023502
0.001190527 -0.009999736
0.001192127 -0.009999736
0.001193727 -0.009293873
0.001195327 -0.008352721
0.001196927 -0.007764501
0.001198527 -0.007411569
0.001200127 -0.006588062
0.001201727 -0.005764554
0.001203327 -0.005176334
0.001204927 -0.00447047
0.001206527 -0.003999895
0.001208127 -0.003646963
0.001209727 -0.003294031
0.001211327 -0.003882251
0.001212927 -0.003882251
0.001214527 -0.004705758
0.001216127 -0.005176334
0.001217727 -0.00623513
0.001219327 -0.007058638
0.001220927 -0.008117433
0.001222527 -0.008823297
0.001224127 -0.009293873
0.001225727 -0.01011738
0.001227327 -0.009764449
0.001228927 -0.01011738
0.001230527 -0.009529161
0.001232127 -0.009882093
0.001233727 -0.009176229
0.001235327 -0.009058585
0.001236927 -0.008352721
0.001238527 -0.008117433
0.001240127 -0.007293925
0.001241727 -0.007293925
0.001243327 -0.006940994
0.001244927 -0.007058638
0.001246527 -0.006588062
0.001248127 -0.007058638
0.001249727 -0.00682335
0.001251327 -0.007058638
0.001252927 -0.006588062
0.001254527 -0.005764554
0.001256127 -0.004823402
0.001257727 -0.004352826
0.001259327 -0.002823455
0.001260927 -0.001999947
0.001262527 -0.001882303
0.001264127 -0.0007058638
0.001265727 -0.0008235077
0.001267327 -0.001529371
0.001268927 -0.001058796
0.001270527 -0.001764659
0.001272127 -0.001999947
0.001273727 -0.002352879
0.001275327 -0.002235235
0.001276927 -0.001999947
0.001278527 -0.001411728
0.001280127 -0.001411728
0.001281727 -0.00117644
0.001283327 -0.001529371
0.001284927 -0.002117591
0.001286527 -0.003058743
0.001288127 -0.004235183
0.001289727 -0.005764554
0.001291327 -0.007293925
0.001292927 -0.008235077
0.001294527 -0.009764449
0.001296127 -0.01047031
0.001297727 -0.01188204
0.001299327 -0.01305848
0.001300927 -0.01388199
0.001302527 -0.01435256
0.001304127 -0.0136467
0.001305727 -0.01352906
0.001307327 -0.01223497
0.001308927 -0.01164675
0.001310527 -0.01011738
0.001312127 -0.008352721
0.001313727 -0.006470418
0.001315327 -0.00505869
0.001316927 -0.003058743
0.001318527 -0.001999947
0.001320127 -0.0008235077
0.001321727 -0.0007058638
0.001323327 -0.0004705758
0.001324927 -0.000117644
0.001326527 -0.0004705758
0.001328127 -0.00117644
0.001329727 -0.001647015
0.001331327 -0.001882303
0.001332927 -0.002470523
0.001334527 -0.003294031
0.001336127 -0.003411675
0.001337727 -0.004117539
0.001339327 -0.003999895
0.001340927 -0.004235183
0.001342527 -0.004352826
0.001344127 -0.00505869
0.001345727 -0.004941046
0.001347327 -0.005411622
0.001348927 -0.005176334
0.001350527 -0.004705758
0.001352127 -0.003646963
0.001353727 -0.002941099
0.001355327 -0.001529371
0.001356927 -0.0007058638
0.001358527 0.0005882198
0.001360127 0.001764659
0.001361727 0.002823455
0.001363327 0.003999895
0.001364927 0.005176334
0.001366527 0.005882198
0.001368127 0.006470418
0.001369727 0.006352774
0.001371327 0.006470418
0.001372927 0.005999842
0.001374527 0.005411622
0.001376127 0.004235183
0.001377727 0.003411675
0.001379327 0.002235235
0.001380927 0.0003529319
0.001382527 -0.0005882198
0.001384127 -0.001647015
0.001385727 -0.002588167
0.001387327 -0.003529319
0.001388927 -0.004235183
0.001390527 -0.004588114
0.001392127 -0.004352826
0.001393727 -0.004117539
0.001395327 -0.004117539
0.001396927 -0.002823455
0.001398527 -0.002117591
0.001400127 -0.0009411517
0.001401727 -0.0005882198
0.001403327 0.0005882198
0.001404927 0.0007058638
0.001406527 0.001058796
0.001408127 0.0008235077
0.001409727 0.0005882198
0.001411327 0.0007058638
0.001412927 0.0009411517
0.001414527 0.001294084
0.001416127 0.001647015
0.001417727 0.002470523
0.001419327 0.002588167
0.001420927 0.003176387
0.001422527 0.003529319
0.001424127 0.003294031
0.001425727 0.003176387
0.001427327 0.002823455
0.001428927 0.002117591
0.001430527 0.001764659
0.001432127 0.001411728
0.001433727 0.001411728
0.001435327 0.0005882198
0.001436927 0.0005882198
0.001438527 0.0005882198
0.001440127 0.0004705758
0.001441727 0.0003529319
0.001443327 0.000117644
0.001444927 0.0003529319
0.001446527 0.0003529319
0.001448127 0.0008235077
0.001449727 0.0007058638
0.001451327 0.001294084
0.001452927 0.002117591
0.001454527 0.002705811
0.001456127 0.002705811
0.001457727 0.003294031
0.001459327 0.002823455
0.001460927 0.002705811
0.001462527 0.002235235
0.001464127 0.001764659
0.001465727 0.001294084
0.001467327 0.0005882198
0.001468927 0
0.001470527 -0.0005882198
0.001472127 -0.001764659
0.001473727 -0.001882303
0.001475327 -0.002823455
0.001476927 -0.003294031
0.001478527 -0.004117539
0.001480127 -0.005529266
0.001481727 -0.006352774
0.001483327 -0.006940994
0.001484927 -0.007529213
0.001486527 -0.007999789
0.001488127 -0.007999789
0.001489727 -0.007999789
0.001491327 -0.007529213
0.001492927 -0.007176281
0.001494527 -0.006470418
0.001496127 -0.005293978
0.001497727 -0.005529266
0.001499327 -0.004705758
0.001500927 -0.004588114
0.001502527 -0.003882251
0.001504127 -0.004235183
0.001505727 -0.003999895
0.001507327 -0.003646963
0.001508927 -0.004235183
0.001510527 -0.005293978
0.001512127 -0.005411622
0.001513727 -0.005764554
0.001515327 -0.00505869
0.001516927 -0.005411622
0.001518527 -0.004352826
0.001520127 -0.003294031
0.001521727 -0.002470523
0.001523327 -0.001764659
0.001524927 -0.0007058638
0.001526527 0.0004705758
0.001528127 0.001411728
0.001529727 0.002235235
0.001531327 0.002470523
0.001532927 0.002705811
0.001534527 0.002588167
0.001536127 0.002470523
0.001537727 0.001882303
0.001539327 0.001294084
0.001540927 0.0004705758
0.001542527 -0.0007058638
0.001544127 -0.001411728
0.001545727 -0.001882303
0.001547327 -0.002117591
0.001548927 -0.002823455
0.001550527 -0.003058743
0.001552127 -0.003529319
0.001553727 -0.003294031
0.001555327 -0.003764607
0.001556927 -0.003999895
0.001558527 -0.004235183
0.001560127 -0.004352826
0.001561727 -0.003764607
0.001563327 -0.003411675
0.001564927 -0.003176387
0.001566527 -0.001999947
0.001568127 -0.001647015
0.001569727 -0.001411728
0.001571327 -0.001058796
0.001572927 -0.0004705758
0.001574527 0
0.001576127 0.0003529319
0.001577727 0.0003529319
0.001579327 0.0007058638
0.001580927 0.0009411517
0.001582527 0.001411728
0.001584127 0.001999947
0.001585727 0.002235235
0.001587327 0.002588167
0.001588927 0.003176387
0.001590527 0.003529319
0.001592127 0.003411675
0.001593727 0.003176387
0.001595327 0.003176387
0.001596927 0.003176387
0.001598527 0.002705811
0.001600127 0.001647015
0.001601727 0.001294084
0.001603327 0.0008235077
0.001604927 0.0002352879
0.001606527 0.000117644
0.001608127 -0.000117644
0.001609727 -0.000117644
0.001611327 0.000117644
0.001612927 -0.0004705758
0.001614527 -0.0008235077
0.001616127 -0.0007058638
0.001617727 -0.0008235077
0.001619327 -0.0007058638
0.001620927 -0.0005882198
0.001622527 -0.0002352879
0.001624127 0
0.001625727 0
0.001627327 0.0008235077
0.001628927 0.0008235077
0.001630527 0.001529371
0.001632127 0.001764659
0.001633727 0.002705811
0.001635327 0.003411675
0.001636927 0.004117539
0.001638527 0.004823402
0.001640127 0.005882198
0.001641727 0.00623513
0.001643327 0.007176281
0.001644927 0.007176281
0.001646527 0.007646857
0.001648127 0.008235077
0.001649727 0.008352721
0.001651327 0.008588009
0.001652927 0.008235077
0.001654527 0.007529213
0.001656127 0.007058638
0.001657727 0.006352774
0.001659327 0.006117486
0.001660927 0.005411622
0.001662527 0.00505869
0.001664127 0.003999895
0.001665727 0.003529319
0.001667327 0.002823455
0.001668927 0.002941099
0.001670527 0.002823455
0.001672127 0.002823455
0.001673727 0.003176387
0.001675327 0.003646963
0.001676927 0.003882251
0.001678527 0.003999895
0.001680127 0.003882251
0.001681727 0.004235183
0.001683327 0.003882251
0.001684927 0.003882251
0.001686527 0.003999895
0.001688127 0.003882251
0.001689727 0.003529319
0.001691327 0.004117539
0.001692927 0.003999895
0.001694527 0.003882251
0.001696127 0.003882251
0.001697727 0.003882251
0.001699327 0.003529319
0.001700927 0.003529319
0.001702527 0.003058743
0.001704127 0.003411675
0.001705727 0.002705811
0.001707327 0.002352879
0.001708927 0.001647015
0.001710527 0.001529371
0.001712127 0.00117644
0.001713727 0.0009411517
0.001715327 0.0009411517
0.001716927 0.001294084
0.001718527 0.001529371
0.001720127 0.002470523
0.001721727 0.002823455
0.001723327 0.003294031
0.001724927 0.003411675
0.001726527 0.003764607
0.001728127 0.003764607
0.001729727 0.004117539
0.001731327 0.003882251
0.001732927 0.003999895
0.001734527 0.003764607
0.001736127 0.003411675
0.001737727 0.003176387
0.001739327 0.002941099
0.001740927 0.002470523
0.001742527 0.002117591
0.001744127 0.001647015
0.001745727 0.001411728
0.001747327 0.0009411517
0.001748927 0.001294084
0.001750527 0.00117644
0.001752127 0.001647015
0.001753727 0.001882303
0.001755327 0.001764659
0.001756927 0.002117591
0.001758527 0.002470523
0.001760127 0.002705811
0.001761727 0.003411675
0.001763327 0.003999895
0.001764927 0.004588114
0.001766527 0.004941046
0.001768127 0.00564691
0.001769727 0.006117486
0.001771327 0.006470418
0.001772927 0.006588062
0.001774527 0.006588062
0.001776127 0.006588062
0.001777727 0.006352774
0.001779327 0.006352774
0.001780927 0.006588062
0.001782527 0.006470418
0.001784127 0.006352774
0.001785727 0.006352774
0.001787327 0.006705706
0.001788927 0.006470418
0.001790527 0.006588062
0.001792127 0.006588062
0.001793727 0.007058638
0.001795327 0.005999842
0.001796927 0.005882198
0.001798527 0.00564691
0.001800127 0.006117486
0.001801727 0.00564691
0.001803327 0.005882198
0.001804927 0.00623513
0.001806527 0.006705706
0.001808127 0.006588062
0.001809727 0.006352774
0.001811327 0.005999842
0.001812927 0.00623513
0.001814527 0.005999842
0.001816127 0.005764554
0.001817727 0.005411622
0.001819327 0.00505869
0.001820927 0.004352826
0.001822527 0.003999895
0.001824127 0.003882251
0.001825727 0.003294031
0.001827327 0.003058743
0.001828927 0.003176387
0.001830527 0.002941099
0.001832127 0.003411675
0.001833727 0.003411675
0.001835327 0.004117539
0.001836927 0.004117539
0.001838527 0.004588114
0.001840127 0.00447047
0.001841727 0.00447047
0.001843327 0.003999895
0.001844927 0.004588114
0.001846527 0.003999895
0.001848127 0.003999895
0.001849727 0.003882251
0.001851327 0.004117539
0.001852927 0.004117539
0.001854527 0.004352826
0.001856127 0.00447047
0.001857727 0.004705758
0.001859327 0.004823402
0.001860927 0.004941046
0.001862527 0.004705758
0.001864127 0.004705758
0.001865727 0.003882251
0.001867327 0.003294031
0.001868927 0.002823455
0.001870527 0.001647015
0.001872127 0.001058796
0.001873727 0.0004705758
0.001875327 0.000117644
0.001876927 0.000117644
0.001878527 0.0003529319
0.001880127 0.0004705758
0.001881727 0.0008235077
0.001883327 0.001529371
0.001884927 0.001647015
0.001886527 0.002235235
0.001888127 0.002235235
0.001889727 0.002588167
0.001891327 0.002235235
0.001892927 0.002470523
0.001894527 0.002117591
0.001896127 0.002470523
0.001897727 0.001764659
0.001899327 0.001411728
0.001900927 0.001294084
0.001902527 0.0008235077
0.001904127 0.0002352879
0.001905727 0
0.001907327 -0.0007058638
0.001908927 -0.001411728
0.001910527 -0.001882303
0.001912127 -0.002235235
0.001913727 -0.002352879
0.001915327 -0.002352879
0.001916927 -0.002823455
0.001918527 -0.002941099
0.001920127 -0.003411675
0.001921727 -0.003294031
0.001923327 -0.003999895
0.001924927 -0.003646963
0.001926527 -0.00447047
0.001928127 -0.004352826
0.001929727 -0.004823402
0.001931327 -0.00505869
0.001932927 -0.00564691
0.001934527 -0.005882198
0.001936127 -0.006705706
0.001937727 -0.006470418
0.001939327 -0.006705706
0.001940927 -0.005882198
0.001942527 -0.005999842
0.001944127 -0.004823402
0.001945727 -0.004352826
0.001947327 -0.003882251
0.001948927 -0.002823455
0.001950527 -0.002235235
0.001952127 -0.001529371
0.001953727 -0.001058796
0.001955327 0
0.001956927 0.0004705758
0.001958527 0.0005882198
0.001960127 0.0009411517
0.001961727 0.0007058638
0.001963327 0.0005882198
0.001964927 0.0005882198
0.001966527 0.0005882198
0.001968127 0.0007058638
0.001969727 0.0009411517
0.001971327 0.0004705758
0.001972927 0.001058796
0.001974527 0.0005882198
0.001976127 0.0008235077
0.001977727 0.0008235077
0.001979327 0.0005882198
0.001980927 0.000117644
0.001982527 0.0002352879
0.001984127 0
0.001985727 0.0003529319
0.001987327 0.0002352879
0.001988927 0.0005882198
0.001990527 0.0008235077
0.001992127 0.001294084
0.001993727 0.001529371
0.001995327 0.001999947
0.001996927 0.002352879
0.001998527 0.002941099
0.002000127 0.002705811
0.002001727 0.003294031
0.002003327 0.003176387
0.002004927 0.003646963
0.002006527 0.002941099
0.002008127 0.002941099
0.002009727 0.001999947
0.002011327 0.001411728
0.002012927 0.0007058638
0.002014527 -0.0002352879
0.002016127 -0.0005882198
0.002017727 -0.0008235077
0.002019327 -0.001647015
0.002020927 -0.001999947
0.002022527 -0.002117591
0.002024127 -0.002235235
0.002025727 -0.002470523
0.002027327 -0.002352879
0.002028927 -0.001999947
0.002030527 -0.001999947
0.002032127 -0.001411728
0.002033727 -0.0008235077
0.002035327 -0.0004705758
0.002036927 0.0004705758
0.002038527 0.0007058638
0.002040127 0.0007058638
0.002041727 0.00117644
0.002043327 0.001294084
0.002044927 0.00117644
0.002046527 0.00117644
0.002048127 0.001411728
0.002049727 0.001294084
0.002051327 0.001529371
0.002052927 0.002117591
0.002054527 0.002941099
0.002056127 0.003176387
0.002057727 0.003999895
0.002059327 0.004352826
0.002060927 0.005176334
0.002062527 0.005529266
0.002064127 0.005529266
0.002065727 0.005999842
0.002067327 0.006470418
0.002068927 0.007058638
0.002070527 0.007293925
0.002072127 0.007529213
0.002073727 0.008352721
0.002075327 0.008235077
0.002076927 0.009176229
0.002078527 0.009411517
0.002080127 0.009411517
0.002081727 0.009293873
0.002083327 0.009176229
0.002084927 0.009058585
0.002086527 0.008705653
0.002088127 0.008470365
0.002089727 0.007764501
0.002091327 0.007058638
0.002092927 0.006705706
0.002094527 0.005999842
0.002096127 0.005411622
0.002097727 0.004941046
0.002099327 0.004352826
0.002100927 0.004352826
0.002102527 0.003882251
0.002104127 0.004117539
0.002105727 0.003646963
0.002107327 0.003882251
0.002108927 0.003882251
0.002110527 0.003999895
0.002112127 0.003882251
0.002113727 0.004235183
0.002115327 0.004235183
0.002116927 0.004588114
0.002118527 0.005176334
0.002120127 0.005176334
0.002121727 0.005411622
0.002123327 0.005999842
0.002124927 0.006117486
0.002126527 0.006117486
0.002128127 0.006352774
0.002129727 0.006352774
0.002131327 0.006588062
0.002132927 0.006352774
0.002134527 0.005999842
0.002136127 0.005176334
0.002137727 0.004941046
0.002139327 0.00447047
0.002140927 0.003882251
0.002142527 0.003646963
0.002144127 0.002823455
0.002145727 0.002705811
0.002147327 0.002470523
0.002148927 0.002235235
0.002150527 0.002588167
0.002152127 0.002117591
0.002153727 0.002235235
0.002155327 0.001882303
0.002156927 0.001999947
0.002158527 0.001882303
0.002160127 0.002470523
0.002161727 0.002588167
0.002163327 0.002352879
0.002164927 0.002470523
0.002166527 0.002705811
0.002168127 0.002588167
0.002169727 0.002941099
0.002171327 0.002941099
0.002172927 0.003176387
0.002174527 0.003058743
0.002176127 0.002941099
0.002177727 0.003058743
0.002179327 0.002705811
0.002180927 0.002941099
0.002182527 0.002823455
0.002184127 0.003176387
0.002185727 0.002588167
0.002187327 0.002352879
0.002188927 0.002235235
0.002190527 0.002117591
0.002192127 0.002235235
0.002193727 0.002705811
0.002195327 0.002588167
0.002196927 0.002941099
0.002198527 0.003294031
0.002200127 0.003411675
0.002201727 0.003294031
0.002203327 0.003411675
0.002204927 0.003058743
0.002206527 0.002705811
0.002208127 0.002705811
0.002209727 0.001882303
0.002211327 0.001882303
0.002212927 0.001882303
0.002214527 0.001647015
0.002216127 0.001647015
0.002217727 0.001058796
0.002219327 0.0004705758
0.002220927 -0.0004705758
0.002222527 -0.001058796
0.002224127 -0.001764659
0.002225727 -0.001999947
0.002227327 -0.002588167
0.002228927 -0.002823455
0.002230527 -0.003058743
0.002232127 -0.002705811
0.002233727 -0.002588167
0.002235327 -0.002117591
0.002236927 -0.001999947
0.002238527 -0.001999947
0.002240127 -0.001882303
0.002241727 -0.002117591
0.002243327 -0.002117591
0.002244927 -0.002705811
0.002246527 -0.002352879
0.002248127 -0.002588167
0.002249727 -0.002705811
0.002251327 -0.003058743
0.002252927 -0.003764607
0.002254527 -0.003529319
0.002256127 -0.00447047
0.002257727 -0.004823402
0.002259327 -0.005411622
0.002260927 -0.005529266
0.002262527 -0.006352774
0.002264127 -0.00682335
0.002265727 -0.006705706
0.002267327 -0.006940994
0.002268927 -0.007176281
0.002270527 -0.007058638
0.002272127 -0.007529213
0.002273727 -0.007411569
0.002275327 -0.007176281
0.002276927 -0.007293925
0.002278527 -0.007411569
0.002280127 -0.007176281
0.002281727 -0.007411569
0.002283327 -0.007058638
0.002284927 -0.006470418
0.002286527 -0.006117486
0.002288127 -0.005764554
0.002289727 -0.005411622
0.002291327 -0.00505869
0.002292927 -0.004705758
0.002294527 -0.00505869
0.002296127 -0.004823402
0.002297727 -0.005411622
0.002299327 -0.004823402
0.002300927 -0.005176334
0.002302527 -0.004705758
0.002304127 -0.00505869
0.002305727 -0.004588114
0.002307327 -0.00505869
0.002308927 -0.004705758
0.002310527 -0.004823402
0.002312127 -0.004588114
0.002313727 -0.004941046
0.002315327 -0.004705758
0.002316927 -0.004588114
0.002318527 -0.004235183
0.002320127 -0.004705758
0.002321727 -0.004588114
0.002323327 -0.00505869
0.002324927 -0.005411622
0.002326527 -0.00564691
0.002328127 -0.005882198
0.002329727 -0.007058638
0.002331327 -0.007176281
0.002332927 -0.007764501
0.002334527 -0.008588009
0.002336127 -0.009411517
0.002337727 -0.01023502
0.002339327 -0.01129382
0.002340927 -0.01141146
0.002342527 -0.01223497
0.002344127 -0.01282319
0.002345727 -0.01329377
0.002347327 -0.0136467
0.002348927 -0.01376434
0.002350527 -0.01352906
0.002352127 -0.01329377
0.002353727 -0.01317612
0.002355327 -0.01305848
0.002356927 -0.01223497
0.002358527 -0.01152911
0.002360127 -0.0107056
0.002361727 -0.009999736
0.002363327 -0.009293873
0.002364927 -0.008705653
0.002366527 -0.007646857
0.002368127 -0.007529213
0.002369727 -0.007058638
0.002371327 -0.00682335
0.002372927 -0.006940994
0.002374527 -0.006705706
0.002376127 -0.00682335
0.002377727 -0.007058638
0.002379327 -0.007293925
0.002380927 -0.007293925
0.002382527 -0.007058638
0.002384127 -0.007058638
0.002385727 -0.006352774
0.002387327 -0.006588062
0.002388927 -0.00564691
0.002390527 -0.005411622
0.002392127 -0.004235183
0.002393727 -0.004235183
0.002395327 -0.003411675
0.002396927 -0.003294031
0.002398527 -0.002588167
0.002400127 -0.002470523
0.002401727 -0.001647015
0.002403327 -0.001647015
0.002404927 -0.001411728
0.002406527 -0.001647015
0.002408127 -0.00117644
0.002409727 -0.00117644
0.002411327 -0.0008235077
0.002412927 -0.001058796
0.002414527 -0.0005882198
0.002416127 -0.0002352879
0.002417727 -0.0009411517
0.002419327 -0.001058796
0.002420927 -0.00117644
0.002422527 -0.001647015
0.002424127 -0.002117591
0.002425727 -0.002470523
0.002427327 -0.003058743
0.002428927 -0.003294031
0.002430527 -0.003411675
0.002432127 -0.003411675
0.002433727 -0.003882251
0.002435327 -0.003882251
0.002436927 -0.003882251
0.002438527 -0.003882251
0.002440127 -0.003999895
0.002441727 -0.004588114
0.002443327 -0.004235183
0.002444927 -0.004117539
0.002446527 -0.004117539
0.002448127 -0.003999895
0.002449727 -0.003411675
0.002451327 -0.003176387
0.002452927 -0.002823455
0.002454527 -0.003058743
0.002456127 -0.002352879
0.002457727 -0.002705811
0.002459327 -0.002352879
0.002460927 -0.002352879
0.002462527 -0.002117591
0.002464127 -0.002588167
0.002465727 -0.001999947
0.002467327 -0.001999947
0.002468927 -0.00117644
0.002470527 -0.00117644
0.002472127 -0.0004705758
0.002473727 -0.0003529319
0.002475327 -0.0002352879
0.002476927 -0.0007058638
0.002478527 -0.0007058638
0.002480127 -0.0004705758
0.002481727 -0.0007058638
0.002483327 -0.0008235077
0.002484927 -0.001294084
0.002486527 -0.001411728
0.002488127 -0.001647015
0.002489727 -0.001294084
0.002491327 -0.001529371
0.002492927 -0.001294084
0.002494527 -0.001058796
0.002496127 -0.001647015
0.002497727 -0.001411728
0.002499327 -0.001529371
0.002500927 -0.001764659
0.002502527 -0.001999947
0.002504127 -0.002352879
0.002505727 -0.002705811
0.002507327 -0.002823455
0.002508927 -0.003294031
0.002510527 -0.003411675
0.002512127 -0.003529319
0.002513727 -0.002941099
0.002515327 -0.003058743
0.002516927 -0.002941099
0.002518527 -0.003058743
0.002520127 -0.002235235
0.002521727 -0.002235235
0.002523327 -0.001999947
0.002524927 -0.002235235
0.002526527 -0.002117591
0.002528127 -0.001999947
0.002529727 -0.002117591
0.002531327 -0.002588167
0.002532927 -0.002588167
0.002534527 -0.002588167
0.002536127 -0.003411675
0.002537727 -0.003646963
0.002539327 -0.003646963
0.002540927 -0.004235183
0.002542527 -0.003999895
0.002544127 -0.004117539
0.002545727 -0.003882251
0.002547327 -0.003999895
0.002548927 -0.003646963
0.002550527 -0.003646963
0.002552127 -0.003176387
0.002553727 -0.003176387
0.002555327 -0.002705811
0.002556927 -0.002352879
0.002558527 -0.002235235
0.002560127 -0.001882303
0.002561727 -0.001411728
0.002563327 -0.001529371
0.002564927 -0.0008235077
0.002566527 -0.0009411517
0.002568127 -0.00117644
0.002569727 -0.001411728
0.002571327 -0.001411728
0.002572927 -0.001764659
0.002574527 -0.002235235
0.002576127 -0.002588167
0.002577727 -0.002823455
0.002579327 -0.003764607
0.002580927 -0.003999895
0.002582527 -0.004823402
0.002584127 -0.004941046
0.002585727 -0.00564691
0.002587327 -0.005882198
0.002588927 -0.00623513
0.002590527 -0.006352774
0.002592127 -0.006705706
0.002593727 -0.006588062
0.002595327 -0.007058638
0.002596927 -0.00682335
0.002598527 -0.006588062
0.002600127 -0.006117486
0.002601727 -0.006352774
0.002603327 -0.005882198
0.002604927 -0.005764554
0.002606527 -0.00505869
0.002608127 -0.004941046
0.002609727 -0.004235183
0.002611327 -0.004117539
0.002612927 -0.003646963
0.002614527 -0.003646963
0.002616127 -0.003646963
0.002617727 -0.003646963
0.002619327 -0.003529319
0.002620927 -0.003999895
0.002622527 -0.004117539
0.002624127 -0.004235183
0.002625727 -0.004235183
0.002627327 -0.004823402
0.002628927 -0.004823402
0.002630527 -0.005411622
0.002632127 -0.005176334
0.002633727 -0.005764554
0.002635327 -0.00564691
0.002636927 -0.005764554
0.002638527 -0.005411622
0.002640127 -0.005764554
0.002641727 -0.005764554
0.002643327 -0.005999842
0.002644927 -0.006117486
0.002646527 -0.006470418
0.002648127 -0.006940994
0.002649727 -0.007293925
0.002651327 -0.007411569
0.002652927 -0.008235077
0.002654527 -0.008588009
0.002656127 -0.009529161
0.002657727 -0.009411517
0.002659327 -0.009764449
0.002660927 -0.01011738
0.002662527 -0.01035267
0.002664127 -0.01011738
0.002665727 -0.0107056
0.002667327 -0.0107056
0.002668927 -0.01058796
0.002670527 -0.0107056
0.002672127 -0.0107056
0.002673727 -0.01058796
0.002675327 -0.01094089
0.002676927 -0.01082324
0.002678527 -0.01082324
0.002680127 -0.01105853
0.002681727 -0.01117618
0.002683327 -0.01082324
0.002684927 -0.01105853
0.002686527 -0.01082324
0.002688127 -0.01082324
0.002689727 -0.01105853
0.002691327 -0.0107056
0.002692927 -0.01058796
0.002694527 -0.01035267
0.002696127 -0.01047031
0.002697727 -0.01011738
0.002699327 -0.009293873
0.002700927 -0.009058585
0.002702527 -0.008470365
0.002704127 -0.008235077
0.002705727 -0.007176281
0.002707327 -0.006940994
0.002708927 -0.006117486
0.002710527 -0.00564691
0.002712127 -0.005176334
0.002713727 -0.005176334
0.002715327 -0.004941046
0.002716927 -0.004705758
0.002718527 -0.004352826
0.002720127 -0.004941046
0.002721727 -0.00447047
0.002723327 -0.005293978
0.002724927 -0.00564691
0.002726527 -0.005764554
0.002728127 -0.006470418
0.002729727 -0.007293925
0.002731327 -0.007529213
0.002732927 -0.008588009
0.002734527 -0.008470365
0.002736127 -0.009411517
0.002737727 -0.009646805
0.002739327 -0.009646805
0.002740927 -0.009999736
0.002742527 -0.009882093
0.002744127 -0.01011738
0.002745727 -0.009999736
0.002747327 -0.009999736
0.002748927 -0.009646805
0.002750527 -0.009411517
0.002752127 -0.009176229
0.002753727 -0.009058585
0.002755327 -0.008940941
0.002756927 -0.008940941
0.002758527 -0.008940941
0.002760127 -0.008705653
0.002761727 -0.008940941
0.002763327 -0.008705653
0.002764927 -0.009058585
0.002766527 -0.009293873
0.002768127 -0.009176229
0.002769727 -0.009293873
0.002771327 -0.009411517
0.002772927 -0.009058585
0.002774527 -0.009646805
0.002776127 -0.009058585
0.002777727 -0.009176229
0.002779327 -0.009176229
0.002780927 -0.009411517
0.002782527 -0.008823297
0.002784127 -0.009058585
0.002785727 -0.008470365
0.002787327 -0.008588009
0.002788927 -0.007882145
0.002790527 -0.007999789
0.002792127 -0.007529213
0.002793727 -0.007176281
0.002795327 -0.007058638
0.002796927 -0.006940994
0.002798527 -0.005999842
0.002800127 -0.005882198
0.002801727 -0.004941046
0.002803327 -0.004941046
0.002804927 -0.004235183
0.002806527 -0.003764607
0.002808127 -0.003058743
0.002809727 -0.003176387
0.002811327 -0.002823455
0.002812927 -0.002823455
0.002814527 -0.002705811
0.002816127 -0.002470523
0.002817727 -0.002117591
0.002819327 -0.001882303
0.002820927 -0.002235235
0.002822527 -0.001999947
0.002824127 -0.001882303
0.002825727 -0.001999947
0.002827327 -0.001882303
0.002828927 -0.001764659
0.002830527 -0.001529371
0.002832127 -0.001764659
0.002833727 -0.001411728
0.002835327 -0.001764659
0.002836927 -0.001529371
0.002838527 -0.001294084
0.002840127 -0.001294084
0.002841727 -0.001058796
0.002843327 -0.0005882198
0.002844927 -0.0005882198
0.002846527 0.0002352879
0.002848127 0
0.002849727 0.0002352879
0.002851327 0.0009411517
0.002852927 0.001411728
0.002854527 0.001647015
0.002856127 0.001529371
0.002857727 0.001647015
0.002859327 0.001529371
0.002860927 0.001411728
0.002862527 0.0009411517
0.002864127 0.0002352879
0.002865727 0.000117644
0.002867327 -0.001058796
0.002868927 -0.001294084
0.002870527 -0.001411728
0.002872127 -0.001647015
0.002873727 -0.001529371
0.002875327 -0.001529371
0.002876927 -0.001764659
0.002878527 -0.001294084
0.002880127 -0.00117644
0.002881727 -0.0005882198
0.002883327 -0.0005882198
0.002884927 -0.0002352879
0.002886527 0
0.002888127 -0.0002352879
0.002889727 0
0.002891327 0.0002352879
0.002892927 0.0003529319
0.002894527 0.000117644
0.002896127 0.0002352879
0.002897727 0.0004705758
0.002899327 0.0007058638
0.002900927 0.0009411517
0.002902527 0.0008235077
0.002904127 0.001294084
0.002905727 0.001058796
0.002907327 0.00117644
0.002908927 0.00117644
0.002910527 0.00117644
0.002912127 0.001058796
0.002913727 0.001058796
0.002915327 0.001058796
0.002916927 0.00117644
0.002918527 0.0009411517
0.002920127 0.001529371
0.002921727 0.001294084
0.002923327 0.001294084
0.002924927 0.001294084
0.002926527 0.001411728
0.002928127 0.001058796
0.002929727 0.001411728
0.002931327 0.001294084
0.002932927 0.001294084
0.002934527 0.001647015
0.002936127 0.001882303
0.002937727 0.002117591
0.002939327 0.002352879
0.002940927 0.002705811
0.002942527 0.002705811
0.002944127 0.003058743
0.002945727 0.003529319
0.002947327 0.003529319
0.002948927 0.003882251
0.002950527 0.004117539
0.002952127 0.003882251
0.002953727 0.004235183
0.002955327 0.003529319
0.002956927 0.003411675
0.002958527 0.003176387
0.002960127 0.002823455
0.002961727 0.002588167
0.002963327 0.001999947
0.002964927 0.001882303
0.002966527 0.001647015
0.002968127 0.001411728
0.002969727 0.0007058638
0.002971327 0.0005882198
0.002972927 0.0002352879
0.002974527 -0.000117644
0.002976127 -0.000117644
0.002977727 -0.0009411517
0.002979327 -0.001529371
0.002980927 -0.001999947
0.002982527 -0.002588167
0.002984127 -0.002823455
0.002985727 -0.003529319
0.002987327 -0.003646963
0.002988927 -0.004705758
0.002990527 -0.004352826
0.002992127 -0.004705758
0.002993727 -0.004705758
0.002995327 -0.005411622
0.002996927 -0.004352826
0.002998527 -0.00505869
0.003000127 -0.004705758
0.003001727 -0.004941046
0.003003327 -0.004705758
0.003004927 -0.005293978
0.003006527 -0.00505869
0.003008127 -0.005411622
0.003009727 -0.00564691
0.003011327 -0.005999842
0.003012927 -0.006117486
0.003014527 -0.006352774
0.003016127 -0.00623513
0.003017727 -0.006352774
0.003019327 -0.006117486
0.003020927 -0.005999842
0.003022527 -0.005764554
0.003024127 -0.005999842
0.003025727 -0.00564691
0.003027327 -0.005882198
0.003028927 -0.00564691
0.003030527 -0.006352774
0.003032127 -0.005882198
0.003033727 -0.005882198
0.003035327 -0.00623513
0.003036927 -0.006117486
0.003038527 -0.005882198
0.003040127 -0.005764554
0.003041727 -0.005293978
0.003043327 -0.00564691
0.003044927 -0.005176334
0.003046527 -0.00505869
0.003048127 -0.004705758
0.003049727 -0.004823402
0.003051327 -0.00447047
0.003052927 -0.004823402
0.003054527 -0.004705758
0.003056127 -0.00505869
0.003057727 -0.004823402
0.003059327 -0.00564691
0.003060927 -0.00505869
0.003062527 -0.005882198
0.003064127 -0.005882198
0.003065727 -0.00623513
0.003067327 -0.005999842
0.003068927 -0.006117486
0.003070527 -0.00623513
0.003072127 -0.006470418
0.003073727 -0.006352774
0.003075327 -0.006705706
0.003076927 -0.006705706
0.003078527 -0.00682335
0.003080127 -0.006352774
0.003081727 -0.006588062
0.003083327 -0.00682335
0.003084927 -0.006940994
0.003086527 -0.007058638
0.003088127 -0.007176281
0.003089727 -0.007293925
0.003091327 -0.007293925
0.003092927 -0.007646857
0.003094527 -0.007882145
0.003096127 -0.007529213
0.003097727 -0.008235077
0.003099327 -0.008235077
0.003100927 -0.008470365
0.003102527 -0.008352721
0.003104127 -0.008705653
0.003105727 -0.008470365
0.003107327 -0.008823297
0.003108927 -0.008470365
0.003110527 -0.008705653
0.003112127 -0.008352721
0.003113727 -0.008705653
0.003115327 -0.008705653
0.003116927 -0.008940941
0.003118527 -0.009058585
0.003120127 -0.009411517
0.003121727 -0.009411517
0.003123327 -0.009529161
0.003124927 -0.009764449
0.003126527 -0.009529161
0.003128127 -0.009411517
0.003129727 -0.009058585
0.003131327 -0.008705653
0.003132927 -0.008705653
0.003134527 -0.007646857
0.003136127 -0.007646857
0.003137727 -0.007058638
0.003139327 -0.006940994
0.003140927 -0.006470418
0.003142527 -0.006470418
0.003144127 -0.005882198
0.003145727 -0.005764554
0.003147327 -0.004941046
0.003148927 -0.00505869
0.003150527 -0.004235183
0.003152127 -0.004588114
0.003153727 -0.004117539
0.003155327 -0.003411675
0.003156927 -0.003294031
0.003158527 -0.003764607
0.003160127 -0.003176387
0.003161727 -0.002941099
0.003163327 -0.002823455
0.003164927 -0.003176387
0.003166527 -0.002705811
0.003168127 -0.002470523
0.003169727 -0.002235235
0.003171327 -0.002117591
0.003172927 -0.001999947
0.003174527 -0.001647015
0.003176127 -0.001294084
0.003177727 -0.00117644
0.003179327 -0.0009411517
0.003180927 -0.0007058638
0.003182527 -0.0005882198
0.003184127 -0.0003529319
0.003185727 -0.0002352879
0.003187327 0
0.003188927 0
0.003190527 0
0.003192127 0.000117644
0.003193727 -0.000117644
0.003195327 -0.0003529319
0.003196927 0
0.003198527 -0.0007058638
0.003200127 -0.0004705758
0.003201727 -0.0003529319
0.003203327 -0.0002352879
0.003204927 -0.000117644
0.003206527 0.0004705758
0.003208127 0.001058796
0.003209727 0.001529371
0.003211327 0.001764659
0.003212927 0.002352879
0.003214527 0.002352879
0.003216127 0.002705811
0.003217727 0.002588167
0.003219327 0.002823455
0.003220927 0.002705811
0.003222527 0.002588167
0.003224127 0.002705811
0.003225727 0.003058743
0.003227327 0.002823455
0.003228927 0.002941099
0.003230527 0.003058743
0.003232127 0.003058743
0.003233727 0.003294031
0.003235327 0.003529319
0.003236927 0.003529319
0.003238527 0.003529319
0.003240127 0.004117539
0.003241727 0.003882251
0.003243327 0.004235183
0.003244927 0.004235183
0.003246527 0.00447047
0.003248127 0.004705758
0.003249727 0.004941046
0.003251327 0.004823402
0.003252927 0.00505869
0.003254527 0.005411622
0.003256127 0.005176334
0.003257727 0.005411622
0.003259327 0.005293978
0.003260927 0.005176334
0.003262527 0.004941046
0.003264127 0.00447047
0.003265727 0.004117539
0.003267327 0.003646963
0.003268927 0.002941099
0.003270527 0.002470523
0.003272127 0.002235235
0.003273727 0.001999947
0.003275327 0.001647015
0.003276927 0.00117644
0.003278527 0.001411728
0.003280127 0.0009411517
0.003281727 0.00117644
0.003283327 0.001647015
0.003284927 0.001882303
0.003286527 0.001999947
0.003288127 0.002235235
0.003289727 0.002705811
0.003291327 0.003176387
0.003292927 0.003529319
0.003294527 0.003882251
0.003296127 0.003882251
0.003297727 0.004352826
0.003299327 0.00447047
0.003300927 0.004588114
0.003302527 0.00505869
0.003304127 0.005529266
0.003305727 0.005411622
0.003307327 0.005529266
0.003308927 0.005882198
0.003310527 0.005882198
0.003312127 0.005411622
0.003313727 0.005176334
0.003315327 0.005176334
0.003316927 0.004705758
0.003318527 0.00447047
0.003320127 0.00505869
0.003321727 0.004588114
0.003323327 0.00447047
0.003324927 0.00447047
0.003326527 0.00505869
0.003328127 0.00505869
0.003329727 0.005176334
0.003331327 0.004941046
0.003332927 0.004588114
0.003334527 0.005176334
0.003336127 0.004235183
0.003337727 0.003999895
0.003339327 0.003764607
0.003340927 0.002941099
0.003342527 0.002588167
0.003344127 0.002235235
0.003345727 0.001999947
0.003347327 0.001999947
0.003348927 0.001647015
0.003350527 0.001764659
0.003352127 0.001764659
0.003353727 0.001529371
0.003355327 0.001529371
0.003356927 0.001529371
0.003358527 0.001411728
0.003360127 0.001294084
0.003361727 0.001058796
0.003363327 0.0009411517
0.003364927 0.001058796
0.003366527 0.0008235077
0.003368127 0.0007058638
0.003369727 0.0007058638
0.003371327 0.0007058638
0.003372927 0.0007058638
0.003374527 0.0007058638
0.003376127 0.0004705758
0.003377727 0.000117644
0.003379327 0.0003529319
0.003380927 0
0.003382527 -0.0003529319
0.003384127 -0.0003529319
0.003385727 -0.0003529319
0.003387327 -0.0004705758
0.003388927 -0.0003529319
0.003390527 -0.0009411517
0.003392127 -0.0007058638
0.003393727 -0.0007058638
0.003395327 -0.001058796
0.003396927 -0.0009411517
0.003398527 -0.0009411517
0.003400127 -0.001294084
0.003401727 -0.001058796
0.003403327 -0.0009411517
0.003404927 -0.0003529319
0.003406527 0
0.003408127 0
0.003409727 0.0002352879
0.003411327 0.0005882198
0.003412927 0.0004705758
0.003414527 0.0008235077
0.003416127 0.0009411517
0.003417727 0.00117644
0.003419327 0.001294084
0.003420927 0.001529371
0.003422527 0.001058796
0.003424127 0.001294084
0.003425727 0.00117644
0.003427327 0.0008235077
0.003428927 0.0005882198
0.003430527 0.0003529319
0.003432127 0.0005882198
0.003433727 0.0003529319
0.003435327 0.0002352879
0.003436927 0
0.003438527 -0.0002352879
0.003440127 -0.0004705758
0.003441727 -0.0002352879
0.003443327 -0.000117644
0.003444927 -0.0003529319
0.003446527 -0.0002352879
0.003448127 -0.000117644
0.003449727 -0.0002352879
0.003451327 -0.0002352879
0.003452927 -0.0004705758
0.003454527 -0.0002352879
0.003456127 -0.0004705758
0.003457727 -0.000117644
0.003459327 0
0.003460927 0.0002352879
0.003462527 0.0002352879
0.003464127 0.0005882198
0.003465727 0.0004705758
0.003467327 0.0004705758
0.003468927 0.0005882198
0.003470527 0.0007058638
0.003472127 0.0003529319
0.003473727 0.0003529319
0.003475327 0.000117644
0.003476927 0
0.003478527 -0.0002352879
0.003480127 -0.0004705758
0.003481727 -0.0005882198
0.003483327 -0.001294084
0.003484927 -0.00117644
0.003486527 -0.001058796
0.003488127 -0.001529371
0.003489727 -0.001294084
0.003491327 -0.001294084
0.003492927 -0.001294084
0.003494527 -0.0008235077
0.003496127 -0.0007058638
0.003497727 -0.0007058638
0.003499327 0
0.003500927 0.000117644
0.003502527 0.0005882198
0.003504127 0.001058796
0.003505727 0.001058796
0.003507327 0.00117644
0.003508927 0.00117644
0.003510527 0.00117644
0.003512127 0.0009411517
0.003513727 0.00117644
0.003515327 0.0008235077
0.003516927 0.0008235077
0.003518527 0.0007058638
0.003520127 0.0005882198
0.003521727 0.0005882198
0.003523327 0.0004705758
0.003524927 0.001058796
0.003526527 0.0005882198
0.003528127 0.0003529319
0.003529727 0.0008235077
0.003531327 0.0007058638
0.003532927 0.001294084
0.003534527 0.00117644
0.003536127 0.001411728
0.003537727 0.001411728
0.003539327 0.001882303
0.003540927 0.001882303
0.003542527 0.002117591
0.003544127 0.002235235
0.003545727 0.002235235
0.003547327 0.002235235
0.003548927 0.002235235
0.003550527 0.002235235
0.003552127 0.002235235
0.003553727 0.002235235
0.003555327 0.002352879
0.003556927 0.002352879
0.003558527 0.002470523
0.003560127 0.002588167
0.003561727 0.002117591
0.003563327 0.002352879
0.003564927 0.001999947
0.003566527 0.001647015
0.003568127 0.001529371
0.003569727 0.001058796
0.003571327 0.0007058638
0.003572927 0.0004705758
0.003574527 0.0007058638
0.003576127 0.0004705758
0.003577727 0.0002352879
0.003579327 0.0005882198
0.003580927 0.0002352879
0.003582527 0.000117644
0.003584127 0.000117644
0.003585727 -0.0002352879
0.003587327 -0.0008235077
0.003588927 -0.0008235077
0.003590527 -0.001294084
0.003592127 -0.001411728
0.003593727 -0.001882303
0.003595327 -0.001764659
0.003596927 -0.001999947
0.003598527 -0.001882303
0.003600127 -0.001411728
0.003601727 -0.001294084
0.003603327 -0.001058796
0.003604927 -0.0004705758
0.003606527 -0.000117644
0.003608127 0
0.003609727 0.000117644
0.003611327 0.0005882198
0.003612927 0.0009411517
0.003614527 0.00117644
0.003616127 0.001882303
0.003617727 0.002235235
0.003619327 0.002588167
0.003620927 0.002705811
0.003622527 0.003411675
0.003624127 0.003764607
0.003625727 0.004117539
0.003627327 0.004117539
0.003628927 0.004235183
0.003630527 0.00447047
0.003632127 0.004705758
0.003633727 0.004352826
0.003635327 0.004352826
0.003636927 0.004705758
0.003638527 0.00447047
0.003640127 0.004705758
0.003641727 0.00447047
0.003643327 0.004823402
0.003644927 0.004705758
0.003646527 0.005176334
0.003648127 0.00505869
0.003649727 0.004941046
0.003651327 0.005176334
0.003652927 0.005764554
0.003654527 0.005999842
0.003656127 0.006117486
0.003657727 0.006470418
0.003659327 0.006588062
0.003660927 0.006705706
0.003662527 0.00682335
0.003664127 0.007058638
0.003665727 0.00682335
0.003667327 0.006705706
0.003668927 0.006940994
0.003670527 0.006470418
0.003672127 0.006117486
0.003673727 0.005529266
0.003675327 0.005411622
0.003676927 0.004588114
0.003678527 0.00447047
0.003680127 0.003999895
0.003681727 0.003999895
0.003683327 0.003764607
0.003684927 0.003764607
0.003686527 0.003882251
0.003688127 0.003646963
0.003689727 0.003882251
0.003691327 0.004117539
0.003692927 0.004117539
0.003694527 0.004352826
0.003696127 0.004117539
0.003697727 0.004352826
0.003699327 0.004352826
0.003700927 0.004235183
0.003702527 0.004235183
0.003704127 0.004117539
0.003705727 0.003646963
0.003707327 0.003294031
0.003708927 0.002941099
0.003710527 0.002941099
0.003712127 0.002941099
0.003713727 0.002588167
0.003715327 0.002117591
0.003716927 0.002117591
0.003718527 0.001882303
0.003720127 0.001999947
0.003721727 0.001647015
0.003723327 0.001882303
0.003724927 0.001764659
0.003726527 0.001882303
0.003728127 0.001294084
0.003729727 0.001294084
0.003731327 0.00117644
0.003732927 0.0005882198
0.003734527 0.0004705758
0.003736127 0.0002352879
0.003737727 -0.0005882198
0.003739327 -0.0003529319
0.003740927 -0.0007058638
0.003742527 -0.00117644
0.003744127 -0.001294084
0.003745727 -0.00117644
0.003747327 -0.001529371
0.003748927 -0.001764659
0.003750527 -0.001882303
0.003752127 -0.001882303
0.003753727 -0.001764659
0.003755327 -0.001882303
0.003756927 -0.001647015
0.003758527 -0.001411728
0.003760127 -0.001058796
0.003761727 -0.001411728
0.003763327 -0.001058796
0.003764927 -0.0008235077
0.003766527 -0.00117644
0.003768127 -0.001294084
0.003769727 -0.00117644
0.003771327 -0.001294084
0.003772927 -0.001529371
0.003774527 -0.001411728
0.003776127 -0.001647015
0.003777727 -0.001294084
0.003779327 -0.001764659
0.003780927 -0.001529371
0.003782527 -0.001529371
0.003784127 -0.001294084
0.003785727 -0.001411728
0.003787327 -0.0009411517
0.003788927 -0.001058796
0.003790527 -0.001058796
0.003792127 -0.0008235077
0.003793727 -0.0004705758
0.003795327 -0.0004705758
0.003796927 -0.0004705758
0.003798527 -0.000117644
0.003800127 0.0002352879
0.003801727 0
0.003803327 0.0003529319
0.003804927 0.0004705758
0.003806527 0.0005882198
0.003808127 0.0008235077
0.003809727 0.0008235077
0.003811327 0.0008235077
0.003812927 0.001058796
0.003814527 0.0005882198
0.003816127 0.0007058638
0.003817727 0.0002352879
0.003819327 0.0003529319
0.003820927 0
0.003822527 -0.0005882198
0.003824127 -0.0008235077
0.003825727 -0.001058796
0.003827327 -0.001294084
0.003828927 -0.001411728
0.003830527 -0.001882303
0.003832127 -0.001764659
0.003833727 -0.002117591
0.003835327 -0.001764659
0.003836927 -0.002588167
0.003838527 -0.002705811
0.003840127 -0.003294031
0.003841727 -0.003411675
0.003843327 -0.003882251
0.003844927 -0.003529319
0.003846527 -0.003646963
0.003848127 -0.003529319
0.003849727 -0.003882251
0.003851327 -0.003764607
0.003852927 -0.003882251
0.003854527 -0.003294031
0.003856127 -0.002941099
0.003857727 -0.002588167
0.003859327 -0.003058743
0.003860927 -0.002588167
0.003862527 -0.002235235
0.003864127 -0.002470523
0.003865727 -0.001999947
0.003867327 -0.002117591
0.003868927 -0.002117591
0.003870527 -0.001764659
0.003872127 -0.001764659
0.003873727 -0.001764659
0.003875327 -0.001882303
0.003876927 -0.001529371
0.003878527 -0.001294084
0.003880127 -0.0007058638
0.003881727 -0.001058796
0.003883327 -0.0004705758
0.003884927 -0.000117644
0.003886527 -0.0002352879
0.003888127 0.0002352879
0.003889727 0.0005882198
0.003891327 0.0005882198
0.003892927 0.001058796
0.003894527 0.0007058638
0.003896127 0.001294084
0.003897727 0.001411728
0.003899327 0.001529371
0.003900927 0.001411728
0.003902527 0.001529371
0.003904127 0.001764659
0.003905727 0.001882303
0.003907327 0.001764659
0.003908927 0.001764659
0.003910527 0.001999947
0.003912127 0.002117591
0.003913727 0.002117591
0.003915327 0.001999947
0.003916927 0.001999947
0.003918527 0.001999947
0.003920127 0.001882303
0.003921727 0.001882303
0.003923327 0.001999947
0.003924927 0.002117591
0.003926527 0.001999947
0.003928127 0.001882303
0.003929727 0.001529371
0.003931327 0.001529371
0.003932927 0.001411728
0.003934527 0.001058796
0.003936127 0.0009411517
0.003937727 0.0002352879
0.003939327 0
0.003940927 -0.0002352879
0.003942527 -0.0007058638
0.003944127 -0.0009411517
0.003945727 -0.001764659
0.003947327 -0.001058796
0.003948927 -0.001529371
0.003950527 -0.001647015
0.003952127 -0.001999947
0.003953727 -0.001647015
0.003955327 -0.001882303
0.003956927 -0.001529371
0.003958527 -0.001529371
0.003960127 -0.001529371
0.003961727 -0.001411728
0.003963327 -0.001294084
0.003964927 -0.00117644
0.003966527 -0.001411728
0.003968127 -0.001294084
0.003969727 -0.001647015
0.003971327 -0.001411728
0.003972927 -0.001411728
0.003974527 -0.001529371
0.003976127 -0.001411728
0.003977727 -0.001882303
0.003979327 -0.001647015
0.003980927 -0.001411728
0.003982527 -0.001411728
0.003984127 -0.002117591
0.003985727 -0.002117591
0.003987327 -0.002117591
0.003988927 -0.001999947
0.003990527 -0.001999947
0.003992127 -0.001999947
0.003993727 -0.002235235
0.003995327 -0.001764659
0.003996927 -0.002117591
0.003998527 -0.001764659
0.004000127 -0.001647015
0.004001727 -0.001294084
0.004003327 -0.001647015
0.004004927 -0.0009411517
0.004006527 -0.0008235077
0.004008127 -0.0003529319
0.004009727 -0.000117644
0.004011327 0.0007058638
0.004012927 0.001294084
0.004014527 0.001294084
0.004016127 0.001882303
0.004017727 0.001882303
0.004019327 0.001999947
0.004020927 0.002823455
0.004022527 0.002588167
0.004024127 0.002588167
0.004025727 0.002941099
0.004027327 0.002941099
0.004028927 0.002705811
0.004030527 0.003294031
0.004032127 0.003176387
0.004033727 0.003176387
0.004035327 0.002705811
0.004036927 0.003176387
0.004038527 0.002588167
0.004040127 0.002470523
0.004041727 0.002352879
0.004043327 0.002235235
0.004044927 0.002117591
0.004046527 0.002235235
0.004048127 0.002588167
0.004049727 0.002235235
0.004051327 0.002235235
0.004052927 0.001999947
0.004054527 0.001764659
0.004056127 0.001882303
0.004057727 0.001411728
0.004059327 0.001529371
0.004060927 0.001411728
0.004062527 0.001058796
0.004064127 0.0005882198
0.004065727 0.0004705758
0.004067327 0.0003529319
0.004068927 0.0002352879
0.004070527 0.0002352879
0.004072127 -0.0002352879
0.004073727 -0.0002352879
0.004075327 -0.0004705758
0.004076927 -0.0009411517
0.004078527 -0.0005882198
0.004080127 -0.001058796
0.004081727 -0.001529371
0.004083327 -0.001529371
0.004084927 -0.001764659
0.004086527 -0.002117591
0.004088127 -0.001999947
0.004089727 -0.002470523
0.004091327 -0.002235235
0.004092927 -0.002235235
0.004094527 -0.002705811
0.004096127 -0.003176387
0.004097727 -0.003176387
0.004099327 -0.003529319
0.004100927 -0.003646963
0.004102527 -0.003764607
0.004104127 -0.003529319
0.004105727 -0.003646963
0.004107327 -0.003529319
0.004108927 -0.003882251
0.004110527 -0.003294031
0.004112127 -0.003411675
0.004113727 -0.003294031
0.004115327 -0.003411675
0.004116927 -0.002941099
0.004118527 -0.003176387
0.004120127 -0.002941099
0.004121727 -0.003411675
0.004123327 -0.003176387
0.004124927 -0.003411675
0.004126527 -0.003411675
0.004128127 -0.003529319
0.004129727 -0.003411675
0.004131327 -0.003999895
0.004132927 -0.003646963
0.004134527 -0.00447047
0.004136127 -0.003646963
0.004137727 -0.00447047
0.004139327 -0.004117539
0.004140927 -0.004352826
0.004142527 -0.004352826
0.004144127 -0.00505869
0.004145727 -0.004352826
0.004147327 -0.005293978
0.004148927 -0.004588114
0.004150527 -0.00505869
0.004152127 -0.005411622
0.004153727 -0.005411622
0.004155327 -0.005764554
0.004156927 -0.005882198
0.004158527 -0.005764554
0.004160127 -0.006117486
0.004161727 -0.006470418
0.004163327 -0.00682335
0.004164927 -0.006588062
0.004166527 -0.007176281
0.004168127 -0.007176281
0.004169727 -0.007529213
0.004171327 -0.007176281
0.004172927 -0.007646857
0.004174527 -0.007882145
0.004176127 -0.008235077
0.004177727 -0.008470365
0.004179327 -0.008823297
0.004180927 -0.008823297
0.004182527 -0.009176229
0.004184127 -0.009058585
0.004185727 -0.009529161
0.004187327 -0.009646805
0.004188927 -0.009646805
0.004190527 -0.009882093
0.004192127 -0.01023502
0.004193727 -0.01035267
0.004195327 -0.01023502
0.004196927 -0.01023502
0.004198527 -0.009999736
0.004200127 -0.01023502
