LECROYWS4024HD 19320 Waveform
Segments 1 SegmentSize 3127
Segment TrigTime TimeSinceSegment1
#1 19-Jun-2024 15:56:38 0                 
Time Ampl
-0.0008001162 -0.0004705758
-0.0007985162 0.0002352879
-0.0007969162 0.0002352879
-0.0007953162 0.0004705758
-0.0007937162 -0.0002352879
-0.0007921162 0.0004705758
-0.0007905162 0.0002352879
-0.0007889162 0.0004705758
-0.0007873162 0
-0.0007857162 0
-0.0007841162 0
-0.0007825162 0.0004705758
-0.0007809162 0.0004705758
-0.0007793162 -0.0002352879
-0.0007777162 -0.0002352879
-0.0007761162 0
-0.0007745162 0
-0.0007729162 0.0004705758
-0.0007713162 0
-0.0007697162 0.0004705758
-0.0007681162 0
-0.0007665162 0.0004705758
-0.0007649162 0.0004705758
-0.0007633162 0.0002352879
-0.0007617162 0
-0.0007601162 0
-0.0007585162 0
-0.0007569162 0.0002352879
-0.0007553162 0.0002352879
-0.0007537162 -0.0002352879
-0.0007521162 0.0004705758
-0.0007505162 0.0004705758
-0.0007489162 0.0002352879
-0.0007473162 0.0007058638
-0.0007457162 0
-0.0007441162 0.0007058638
-0.0007425162 0
-0.0007409162 0
-0.0007393162 0.0004705758
-0.0007377162 0.0004705758
-0.0007361162 -0.0002352879
-0.0007345162 0.0004705758
-0.0007329162 0
-0.0007313162 0.0002352879
-0.0007297162 -0.0002352879
-0.0007281162 0.0002352879
-0.0007265162 0.0002352879
-0.0007249162 0
-0.0007233162 0
-0.0007217162 0.0004705758
-0.0007201162 0
-0.0007185162 0
-0.0007169162 0.0002352879
-0.0007153162 0.0007058638
-0.0007137162 0
-0.0007121162 0.0002352879
-0.0007105162 0
-0.0007089162 -0.0002352879
-0.0007073162 0
-0.0007057162 0.0009411517
-0.0007041162 0
-0.0007025162 0.0004705758
-0.0007009162 0.0002352879
-0.0006993162 0.0002352879
-0.0006977162 0.0002352879
-0.0006961162 0.0002352879
-0.0006945162 0.0002352879
-0.0006929162 0.0002352879
-0.0006913162 0.0002352879
-0.0006897162 0.0002352879
-0.0006881162 0
-0.0006865162 0.0004705758
-0.0006849162 0.0002352879
-0.0006833162 -0.0002352879
-0.0006817162 -0.0002352879
-0.0006801162 0.0007058638
-0.0006785162 0
-0.0006769162 0
-0.0006753162 0.0002352879
-0.0006737162 0.0004705758
-0.0006721162 0.0004705758
-0.0006705162 0.0002352879
-0.0006689162 0
-0.0006673162 0.0002352879
-0.0006657162 0.0002352879
-0.0006641162 0.0004705758
-0.0006625162 0
-0.0006609162 0.0004705758
-0.0006593162 0.0002352879
-0.0006577162 0.0002352879
-0.0006561162 0
-0.0006545162 0.0004705758
-0.0006529162 0
-0.0006513162 0.0002352879
-0.0006497162 0.0002352879
-0.0006481162 0
-0.0006465162 0
-0.0006449162 0.0004705758
-0.0006433162 0
-0.0006417162 0
-0.0006401162 0
-0.0006385162 0.0004705758
-0.0006369162 0
-0.0006353162 0.0004705758
-0.0006337162 0.0002352879
-0.0006321162 0
-0.0006305162 0
-0.0006289162 0.0002352879
-0.0006273162 0.0002352879
-0.0006257162 0.0002352879
-0.0006241162 0.0002352879
-0.0006225162 0
-0.0006209162 0
-0.0006193162 -0.0002352879
-0.0006177162 -0.0002352879
-0.0006161162 0
-0.0006145162 -0.0002352879
-0.0006129162 0.0002352879
-0.0006113162 -0.0002352879
-0.0006097162 0.0002352879
-0.0006081162 0.0002352879
-0.0006065162 -0.0002352879
-0.0006049162 -0.0002352879
-0.0006033162 0
-0.0006017162 0
-0.0006001162 0
-0.0005985162 -0.0002352879
-0.0005969162 -0.0002352879
-0.0005953162 -0.0002352879
-0.0005937162 0
-0.0005921162 -0.0002352879
-0.0005905162 0
-0.0005889162 -0.0002352879
-0.0005873162 -0.0002352879
-0.0005857162 -0.0004705758
-0.0005841162 0.0002352879
-0.0005825162 -0.0004705758
-0.0005809162 0.0004705758
-0.0005793162 -0.0002352879
-0.0005777162 0.0002352879
-0.0005761162 -0.0002352879
-0.0005745162 -0.0004705758
-0.0005729162 0
-0.0005713162 -0.0002352879
-0.0005697162 -0.0002352879
-0.0005681162 0.0002352879
-0.0005665162 -0.0002352879
-0.0005649162 -0.0002352879
-0.0005633162 0.0002352879
-0.0005617162 0
-0.0005601162 0
-0.0005585162 -0.0004705758
-0.0005569162 -0.0004705758
-0.0005553162 -0.0002352879
-0.0005537162 -0.0004705758
-0.0005521162 -0.0002352879
-0.0005505162 -0.0002352879
-0.0005489162 -0.0002352879
-0.0005473162 -0.0002352879
-0.0005457162 -0.0007058638
-0.0005441162 -0.0004705758
-0.0005425162 0
-0.0005409162 -0.0002352879
-0.0005393162 -0.0002352879
-0.0005377162 -0.0004705758
-0.0005361162 -0.0007058638
-0.0005345162 -0.0004705758
-0.0005329162 -0.0004705758
-0.0005313162 -0.0007058638
-0.0005297162 0
-0.0005281162 -0.0004705758
-0.0005265162 -0.0004705758
-0.0005249162 -0.0009411517
-0.0005233162 -0.0004705758
-0.0005217162 0
-0.0005201162 -0.0004705758
-0.0005185162 -0.0004705758
-0.0005169162 0
-0.0005153162 -0.0007058638
-0.0005137162 -0.0004705758
-0.0005121162 0
-0.0005105162 0
-0.0005089162 -0.0004705758
-0.0005073162 -0.0004705758
-0.0005057162 -0.0007058638
-0.0005041162 0.0002352879
-0.0005025162 -0.0004705758
-0.0005009162 -0.0002352879
-0.0004993162 -0.0002352879
-0.0004977162 -0.0007058638
-0.0004961162 -0.0004705758
-0.0004945162 -0.0004705758
-0.0004929162 -0.0002352879
-0.0004913162 -0.0007058638
-0.0004897162 -0.0004705758
-0.0004881162 -0.0004705758
-0.0004865162 -0.0007058638
-0.0004849162 -0.0004705758
-0.0004833162 -0.00117644
-0.0004817162 -0.0007058638
-0.0004801162 -0.0004705758
-0.0004785162 -0.0004705758
-0.0004769162 -0.0004705758
-0.0004753162 -0.0007058638
-0.0004737162 -0.0007058638
-0.0004721162 -0.0004705758
-0.0004705162 -0.0004705758
-0.0004689162 0
-0.0004673162 -0.0009411517
-0.0004657162 -0.0004705758
-0.0004641162 -0.0009411517
-0.0004625162 -0.0002352879
-0.0004609162 -0.0007058638
-0.0004593162 -0.0007058638
-0.0004577162 -0.00117644
-0.0004561162 -0.0007058638
-0.0004545162 -0.0007058638
-0.0004529162 -0.0007058638
-0.0004513162 -0.0002352879
-0.0004497162 -0.0009411517
-0.0004481162 -0.0007058638
-0.0004465162 -0.0002352879
-0.0004449162 -0.0004705758
-0.0004433162 -0.0004705758
-0.0004417162 -0.0007058638
-0.0004401162 -0.0009411517
-0.0004385162 -0.0004705758
-0.0004369162 -0.0004705758
-0.0004353162 -0.0007058638
-0.0004337162 -0.0009411517
-0.0004321162 -0.0007058638
-0.0004305162 -0.0009411517
-0.0004289162 -0.00117644
-0.0004273162 -0.0004705758
-0.0004257162 -0.0007058638
-0.0004241162 -0.0007058638
-0.0004225162 -0.001411728
-0.0004209162 -0.0002352879
-0.0004193162 -0.0007058638
-0.0004177162 -0.00117644
-0.0004161162 -0.0004705758
-0.0004145162 -0.001411728
-0.0004129162 -0.0004705758
-0.0004113162 -0.0004705758
-0.0004097162 -0.001411728
-0.0004081162 -0.0007058638
-0.0004065162 -0.001411728
-0.0004049162 -0.0009411517
-0.0004033162 -0.0007058638
-0.0004017162 -0.0007058638
-0.0004001162 -0.0009411517
-0.0003985162 -0.0002352879
-0.0003969162 -0.0007058638
-0.0003953162 -0.0002352879
-0.0003937162 -0.0007058638
-0.0003921162 -0.0007058638
-0.0003905162 -0.00117644
-0.0003889162 -0.0007058638
-0.0003873162 -0.0009411517
-0.0003857162 -0.0007058638
-0.0003841162 -0.0009411517
-0.0003825162 -0.0007058638
-0.0003809162 -0.0009411517
-0.0003793162 -0.00117644
-0.0003777162 -0.001411728
-0.0003761162 -0.0007058638
-0.0003745162 -0.0009411517
-0.0003729162 -0.0009411517
-0.0003713162 -0.00117644
-0.0003697162 -0.00117644
-0.0003681162 -0.0002352879
-0.0003665162 -0.0004705758
-0.0003649162 -0.0009411517
-0.0003633162 -0.001411728
-0.0003617162 -0.0009411517
-0.0003601162 -0.0009411517
-0.0003585162 -0.00117644
-0.0003569162 -0.0007058638
-0.0003553162 -0.001411728
-0.0003537162 -0.0007058638
-0.0003521162 -0.00117644
-0.0003505162 -0.0009411517
-0.0003489162 -0.001411728
-0.0003473162 -0.0009411517
-0.0003457162 -0.0009411517
-0.0003441162 -0.001411728
-0.0003425162 -0.001411728
-0.0003409162 -0.0009411517
-0.0003393162 -0.0009411517
-0.0003377162 -0.0007058638
-0.0003361162 -0.00117644
-0.0003345162 -0.0007058638
-0.0003329162 -0.0009411517
-0.0003313162 -0.0009411517
-0.0003297162 -0.001411728
-0.0003281162 -0.00117644
-0.0003265162 -0.0009411517
-0.0003249162 -0.0007058638
-0.0003233162 -0.00117644
-0.0003217162 -0.0007058638
-0.0003201162 -0.0009411517
-0.0003185162 -0.001647015
-0.0003169162 -0.0007058638
-0.0003153162 -0.001647015
-0.0003137162 -0.001647015
-0.0003121162 -0.0007058638
-0.0003105162 -0.00117644
-0.0003089162 -0.0007058638
-0.0003073162 -0.00117644
-0.0003057162 -0.001882303
-0.0003041162 -0.001647015
-0.0003025162 -0.00117644
-0.0003009162 -0.0009411517
-0.0002993162 -0.001411728
-0.0002977162 -0.001411728
-0.0002961162 -0.00117644
-0.0002945162 -0.001647015
-0.0002929162 -0.0009411517
-0.0002913162 -0.00117644
-0.0002897162 -0.00117644
-0.0002881162 -0.001647015
-0.0002865162 -0.00117644
-0.0002849162 -0.00117644
-0.0002833162 -0.0009411517
-0.0002817162 -0.00117644
-0.0002801162 -0.0009411517
-0.0002785162 -0.001647015
-0.0002769162 -0.0007058638
-0.0002753162 -0.001411728
-0.0002737162 -0.00117644
-0.0002721162 -0.001411728
-0.0002705162 -0.001647015
-0.0002689162 -0.00117644
-0.0002673162 -0.0007058638
-0.0002657162 -0.0009411517
-0.0002641162 -0.001411728
-0.0002625162 -0.001647015
-0.0002609162 -0.001411728
-0.0002593162 -0.001647015
-0.0002577162 -0.001647015
-0.0002561162 -0.001411728
-0.0002545162 -0.001411728
-0.0002529162 -0.00117644
-0.0002513162 -0.00117644
-0.0002497162 -0.001647015
-0.0002481162 -0.001411728
-0.0002465162 -0.001647015
-0.0002449162 -0.00117644
-0.0002433162 -0.001411728
-0.0002417162 -0.001647015
-0.0002401162 -0.001411728
-0.0002385162 -0.002352879
-0.0002369162 -0.001647015
-0.0002353162 -0.00117644
-0.0002337162 -0.001647015
-0.0002321162 -0.001647015
-0.0002305162 -0.001882303
-0.0002289162 -0.002117591
-0.0002273162 -0.001647015
-0.0002257162 -0.001647015
-0.0002241162 -0.00117644
-0.0002225162 -0.00117644
-0.0002209162 -0.001882303
-0.0002193162 -0.001411728
-0.0002177162 -0.001882303
-0.0002161162 -0.001411728
-0.0002145162 -0.001882303
-0.0002129162 -0.001882303
-0.0002113162 -0.001647015
-0.0002097162 -0.001647015
-0.0002081162 -0.001882303
-0.0002065162 -0.00117644
-0.0002049162 -0.002117591
-0.0002033162 -0.001647015
-0.0002017162 -0.001882303
-0.0002001162 -0.001411728
-0.0001985162 -0.002352879
-0.0001969162 -0.001882303
-0.0001953162 -0.002588167
-0.0001937162 -0.001647015
-0.0001921162 -0.002352879
-0.0001905162 -0.001882303
-0.0001889162 -0.002117591
-0.0001873162 -0.002117591
-0.0001857162 -0.001647015
-0.0001841162 -0.001411728
-0.0001825162 -0.002117591
-0.0001809162 -0.001647015
-0.0001793162 -0.002117591
-0.0001777162 -0.002352879
-0.0001761162 -0.001882303
-0.0001745162 -0.001647015
-0.0001729162 -0.002117591
-0.0001713162 -0.001647015
-0.0001697162 -0.001647015
-0.0001681162 -0.001647015
-0.0001665162 -0.001882303
-0.0001649162 -0.001411728
-0.0001633162 -0.002117591
-0.0001617162 -0.001647015
-0.0001601162 -0.002588167
-0.0001585162 -0.001882303
-0.0001569162 -0.002588167
-0.0001553162 -0.001882303
-0.0001537162 -0.001647015
-0.0001521162 -0.001647015
-0.0001505162 -0.002352879
-0.0001489162 -0.001882303
-0.0001473162 -0.002117591
-0.0001457162 -0.001647015
-0.0001441162 -0.002117591
-0.0001425162 -0.002117591
-0.0001409162 -0.001882303
-0.0001393162 -0.001882303
-0.0001377162 -0.002117591
-0.0001361162 -0.001882303
-0.0001345162 -0.002117591
-0.0001329162 -0.002117591
-0.0001313162 -0.002588167
-0.0001297162 -0.002117591
-0.0001281162 -0.002352879
-0.0001265162 -0.001411728
-0.0001249162 -0.002352879
-0.0001233162 -0.002117591
-0.0001217162 -0.002117591
-0.0001201162 -0.002117591
-0.0001185162 -0.002588167
-0.0001169162 -0.001882303
-0.0001153162 -0.002117591
-0.0001137162 -0.001882303
-0.0001121162 -0.002117591
-0.0001105162 -0.002117591
-0.0001089162 -0.002352879
-0.0001073162 -0.002117591
-0.0001057162 -0.002352879
-0.0001041162 -0.002352879
-0.0001025162 -0.002352879
-0.0001009162 -0.001882303
-9.93162e-005 -0.001647015
-9.77162e-005 -0.001411728
-9.61162e-005 -0.001647015
-9.45162e-005 -0.001882303
-9.29162e-005 -0.00117644
-9.13162e-005 0.0009411517
-8.97162e-005 0.002117591
-8.81162e-005 0.003294031
-8.65162e-005 0.003764607
-8.49162e-005 0.00447047
-8.33162e-005 0.002588167
-8.17162e-005 -0.00682335
-8.01162e-005 -0.02635225
-7.85162e-005 -0.05482208
-7.69162e-005 -0.09646805
-7.53162e-005 -0.1369376
-7.37162e-005 -0.1583488
-7.21162e-005 -0.1663486
-7.05162e-005 -0.1823481
-6.89162e-005 -0.2155237
-6.73162e-005 -0.2581108
-6.57162e-005 -0.3004627
-6.41162e-005 -0.3374029
-6.25162e-005 -0.3618728
-6.09162e-005 -0.3745784
-5.93162e-005 -0.3614022
-5.77162e-005 -0.3291678
-5.61162e-005 -0.2863454
-5.45162e-005 -0.2503463
-5.29162e-005 -0.2348173
-5.13162e-005 -0.2416407
-4.97162e-005 -0.2710517
-4.81162e-005 -0.3061096
-4.65162e-005 -0.3277561
-4.49162e-005 -0.3345794
-4.33162e-005 -0.3303442
-4.17162e-005 -0.3202269
-4.01162e-005 -0.3141094
-3.85162e-005 -0.3157564
-3.69162e-005 -0.3214033
-3.53162e-005 -0.3329324
-3.37162e-005 -0.3409322
-3.21162e-005 -0.3428145
-3.05162e-005 -0.3397558
-2.89162e-005 -0.3270502
-2.73162e-005 -0.3075213
-2.57162e-005 -0.285169
-2.41162e-005 -0.2609343
-2.25162e-005 -0.2359938
-2.09162e-005 -0.214112
-1.93162e-005 -0.1959948
-1.77162e-005 -0.1821128
-1.61162e-005 -0.1762306
-1.45162e-005 -0.1743483
-1.29162e-005 -0.1698779
-1.13162e-005 -0.164231
-9.7162e-006 -0.1567018
-8.1162e-006 -0.1430551
-6.5162e-006 -0.1216439
-4.9162e-006 -0.09505632
-3.3162e-006 -0.06729234
-1.7162e-006 -0.03341088
-1.162e-007 -0.002588167
1.4838e-006 0.01999947
3.0838e-006 0.03270502
4.6838e-006 0.03529319
6.2838e-006 0.03599905
7.8838e-006 0.03929308
9.4838e-006 0.04893989
1.10838e-005 0.06093957
1.26838e-005 0.06893936
1.42838e-005 0.07058638
1.58838e-005 0.06588062
1.74838e-005 0.06046899
1.90838e-005 0.05152805
2.06838e-005 0.04141067
2.22838e-005 0.02799926
2.38838e-005 0.0136467
2.54838e-005 0.002588167
2.70838e-005 -0.008705653
2.86838e-005 -0.02094062
3.02838e-005 -0.03670492
3.18838e-005 -0.06164543
3.34838e-005 -0.0896447
3.50838e-005 -0.1124676
3.66838e-005 -0.1265849
3.82838e-005 -0.1312907
3.98838e-005 -0.1282319
4.14838e-005 -0.122585
4.30838e-005 -0.1164675
4.46838e-005 -0.1143499
4.62838e-005 -0.1155264
4.78838e-005 -0.1228203
4.94838e-005 -0.13482
5.10838e-005 -0.1470549
5.26838e-005 -0.15529
5.42838e-005 -0.1618781
5.58838e-005 -0.1665838
5.74838e-005 -0.172466
5.90838e-005 -0.1804658
6.06838e-005 -0.1891715
6.22838e-005 -0.1983477
6.38838e-005 -0.2079945
6.54838e-005 -0.2181119
6.70838e-005 -0.231288
6.86838e-005 -0.2477582
7.02838e-005 -0.2663459
7.18838e-005 -0.2823455
7.34838e-005 -0.2966981
7.50838e-005 -0.3091683
7.66838e-005 -0.3176387
7.82838e-005 -0.3206974
7.98838e-005 -0.3204621
8.14838e-005 -0.3166975
8.30838e-005 -0.3112859
8.46838e-005 -0.3046979
8.62838e-005 -0.2985804
8.78838e-005 -0.2908159
8.94838e-005 -0.2816396
9.10838e-005 -0.2710517
9.26838e-005 -0.2604637
9.42838e-005 -0.2531698
9.58838e-005 -0.2494052
9.74838e-005 -0.2432877
9.90838e-005 -0.2390525
0.0001006838 -0.2331703
0.0001022838 -0.2277587
0.0001038838 -0.2225824
0.0001054838 -0.2164649
0.0001070838 -0.2094062
0.0001086838 -0.2032888
0.0001102838 -0.1971713
0.0001118838 -0.1924655
0.0001134838 -0.186348
0.0001150838 -0.1790541
0.0001166838 -0.1689367
0.0001182838 -0.1574076
0.0001198838 -0.1468197
0.0001214838 -0.1383493
0.0001230838 -0.1301142
0.0001246838 -0.122585
0.0001262838 -0.1131735
0.0001278838 -0.1044678
0.0001294838 -0.09882093
0.0001310838 -0.09552689
0.0001326838 -0.09293873
0.0001342838 -0.08870354
0.0001358838 -0.08164491
0.0001374838 -0.07411569
0.0001390838 -0.06517475
0.0001406838 -0.05788083
0.0001422838 -0.04705758
0.0001438838 -0.03341088
0.0001454838 -0.01905832
0.0001470838 -0.002823455
0.0001486838 0.01341141
0.0001502838 0.0291757
0.0001518838 0.04564586
0.0001534838 0.05976313
0.0001550838 0.07152753
0.0001566838 0.08117433
0.0001582838 0.08588009
0.0001598838 0.08705653
0.0001614838 0.08588009
0.0001630838 0.08282135
0.0001646838 0.07858616
0.0001662838 0.07505685
0.0001678838 0.07105695
0.0001694838 0.06517475
0.0001710838 0.0583514
0.0001726838 0.04964575
0.0001742838 0.0369402
0.0001758838 0.02070534
0.0001774838 0.002588167
0.0001790838 -0.01529371
0.0001806838 -0.03246973
0.0001822838 -0.04917517
0.0001838838 -0.06376303
0.0001854838 -0.075998
0.0001870838 -0.08282135
0.0001886838 -0.08588009
0.0001902838 -0.08352721
0.0001918838 -0.08140962
0.0001934838 -0.08164491
0.0001950838 -0.08493894
0.0001966838 -0.08917412
0.0001982838 -0.09435045
0.0001998838 -0.09882093
0.0002014838 -0.1044678
0.0002030838 -0.1089383
0.0002046838 -0.1122323
0.0002062838 -0.1143499
0.0002078838 -0.1185851
0.0002094838 -0.124232
0.0002110838 -0.1336435
0.0002126838 -0.1463491
0.0002142838 -0.1595252
0.0002158838 -0.1696426
0.0002174838 -0.1762306
0.0002190838 -0.1821128
0.0002206838 -0.1884656
0.0002222838 -0.193642
0.0002238838 -0.1990536
0.0002254838 -0.2009359
0.0002270838 -0.2025829
0.0002286838 -0.2016417
0.0002302838 -0.2023476
0.0002318838 -0.2030535
0.0002334838 -0.2037593
0.0002350838 -0.2030535
0.0002366838 -0.2014065
0.0002382838 -0.1990536
0.0002398838 -0.1959948
0.0002414838 -0.1929361
0.0002430838 -0.1884656
0.0002446838 -0.1835246
0.0002462838 -0.1767012
0.0002478838 -0.1703485
0.0002494838 -0.1649368
0.0002510838 -0.1595252
0.0002526838 -0.1545842
0.0002542838 -0.1461138
0.0002558838 -0.1367023
0.0002574838 -0.1256437
0.0002590838 -0.1131735
0.0002606838 -0.09952679
0.0002622838 -0.08329192
0.0002638838 -0.06705706
0.0002654838 -0.05035161
0.0002670838 -0.03435204
0.0002686838 -0.02094062
0.0002702838 -0.007293925
0.0002718838 0.005176334
0.0002734838 0.01835246
0.0002750838 0.03035214
0.0002766838 0.03905779
0.0002782838 0.04635172
0.0002798838 0.05105748
0.0002814838 0.05623381
0.0002830838 0.06046899
0.0002846838 0.06517475
0.0002862838 0.07058638
0.0002878838 0.07505685
0.0002894838 0.08070376
0.0002910838 0.08658595
0.0002926838 0.091527
0.0002942838 0.09364459
0.0002958838 0.09387988
0.0002974838 0.09246815
0.0002990838 0.091527
0.0003006838 0.08987998
0.0003022838 0.08893883
0.0003038838 0.08870354
0.0003054838 0.08493894
0.0003070838 0.08117433
0.0003086838 0.07482156
0.0003102838 0.06705706
0.0003118838 0.05764554
0.0003134838 0.04729287
0.0003150838 0.03858722
0.0003166838 0.03082272
0.0003182838 0.02611696
0.0003198838 0.02235235
0.0003214838 0.02094062
0.0003230838 0.0195289
0.0003246838 0.01882303
0.0003262838 0.01647015
0.0003278838 0.01458785
0.0003294838 0.01082324
0.0003310838 0.007999789
0.0003326838 0.006588062
0.0003342838 0.00682335
0.0003358838 0.007058638
0.0003374838 0.006588062
0.0003390838 0.00447047
0.0003406838 0.00117644
0.0003422838 -0.004235183
0.0003438838 -0.01011738
0.0003454838 -0.01835246
0.0003470838 -0.02705811
0.0003486838 -0.03458732
0.0003502838 -0.04141067
0.0003518838 -0.04611643
0.0003534838 -0.0487046
0.0003550838 -0.05223392
0.0003566838 -0.05623381
0.0003582838 -0.06093957
0.0003598838 -0.06517475
0.0003614838 -0.06940994
0.0003630838 -0.07340983
0.0003646838 -0.07835088
0.0003662838 -0.08211548
0.0003678838 -0.08611538
0.0003694838 -0.08799768
0.0003710838 -0.08823297
0.0003726838 -0.08776239
0.0003742838 -0.08635067
0.0003758838 -0.08635067
0.0003774838 -0.08705653
0.0003790838 -0.08682124
0.0003806838 -0.08658595
0.0003822838 -0.08635067
0.0003838838 -0.08658595
0.0003854838 -0.08588009
0.0003870838 -0.0837625
0.0003886838 -0.07952732
0.0003902838 -0.07529213
0.0003918838 -0.07105695
0.0003934838 -0.06682177
0.0003950838 -0.06093957
0.0003966838 -0.05388093
0.0003982838 -0.04399884
0.0003998838 -0.03341088
0.0004014838 -0.02282293
0.0004030838 -0.01199968
0.0004046838 -0.0007058638
0.0004062838 0.01011738
0.0004078838 0.01976419
0.0004094838 0.02752869
0.0004110838 0.03529319
0.0004126838 0.04352826
0.0004142838 0.05176334
0.0004158838 0.05952784
0.0004174838 0.06729234
0.0004190838 0.07411569
0.0004206838 0.08093904
0.0004222838 0.08893883
0.0004238838 0.09811506
0.0004254838 0.1089383
0.0004270838 0.119291
0.0004286838 0.1289378
0.0004302838 0.1399963
0.0004318838 0.1498784
0.0004334838 0.1595252
0.0004350838 0.1679956
0.0004366838 0.1762306
0.0004382838 0.1825834
0.0004398838 0.1882303
0.0004414838 0.193642
0.0004430838 0.1971713
0.0004446838 0.1981124
0.0004462838 0.1967007
0.0004478838 0.1927008
0.0004494838 0.1877598
0.0004510838 0.1823481
0.0004526838 0.1764659
0.0004542838 0.1679956
0.0004558838 0.1597605
0.0004574838 0.1496431
0.0004590838 0.1407022
0.0004606838 0.1308201
0.0004622838 0.1230556
0.0004638838 0.1152911
0.0004654838 0.1082324
0.0004670838 0.1016444
0.0004686838 0.09670333
0.0004702838 0.09223286
0.0004718838 0.08799768
0.0004734838 0.08470365
0.0004750838 0.08046847
0.0004766838 0.07529213
0.0004782838 0.07223339
0.0004798838 0.06846878
0.0004814838 0.06446889
0.0004830838 0.05976313
0.0004846838 0.05505737
0.0004862838 0.05152805
0.0004878838 0.04823402
0.0004894838 0.04611643
0.0004910838 0.0447047
0.0004926838 0.04329298
0.0004942838 0.04117539
0.0004958838 0.03788135
0.0004974838 0.03482261
0.0004990838 0.03176387
0.0005006838 0.0272934
0.0005022838 0.02258764
0.0005038838 0.01835246
0.0005054838 0.01482314
0.0005070838 0.01247026
0.0005086838 0.0117644
0.0005102838 0.01270555
0.0005118838 0.01294084
0.0005134838 0.01388199
0.0005150838 0.01411728
0.0005166838 0.01458785
0.0005182838 0.01576429
0.0005198838 0.01811717
0.0005214838 0.02117591
0.0005230838 0.02446994
0.0005246838 0.02823455
0.0005262838 0.03176387
0.0005278838 0.03435204
0.0005294838 0.03646963
0.0005310838 0.0369402
0.0005326838 0.0369402
0.0005342838 0.03529319
0.0005358838 0.0331756
0.0005374838 0.03152858
0.0005390838 0.03129329
0.0005406838 0.03058743
0.0005422838 0.03082272
0.0005438838 0.03082272
0.0005454838 0.03294031
0.0005470838 0.03552848
0.0005486838 0.04070481
0.0005502838 0.04799874
0.0005518838 0.05599852
0.0005534838 0.06376303
0.0005550838 0.07340983
0.0005566838 0.08117433
0.0005582838 0.09082114
0.0005598838 0.09952679
0.0005614838 0.1089383
0.0005630838 0.117644
0.0005646838 0.125879
0.0005662838 0.1329377
0.0005678838 0.1423492
0.0005694838 0.1501137
0.0005710838 0.1574076
0.0005726838 0.1635251
0.0005742838 0.1689367
0.0005758838 0.1722308
0.0005774838 0.1759954
0.0005790838 0.17976
0.0005806838 0.1837599
0.0005822838 0.1877598
0.0005838838 0.1919949
0.0005854838 0.1950537
0.0005870838 0.1992889
0.0005886838 0.2021123
0.0005902838 0.2044652
0.0005918838 0.2061122
0.0005934838 0.2072887
0.0005950838 0.2063475
0.0005966838 0.2044652
0.0005982838 0.2011712
0.0005998838 0.196936
0.0006014838 0.1915244
0.0006030838 0.1861127
0.0006046838 0.1799953
0.0006062838 0.1734072
0.0006078838 0.1668191
0.0006094838 0.1588193
0.0006110838 0.1501137
0.0006126838 0.1409375
0.0006142838 0.1315259
0.0006158838 0.1223497
0.0006174838 0.1124676
0.0006190838 0.103762
0.0006206838 0.09529161
0.0006222838 0.08893883
0.0006238838 0.08211548
0.0006254838 0.075998
0.0006270838 0.06940994
0.0006286838 0.0642336
0.0006302838 0.05952784
0.0006318838 0.05693968
0.0006334838 0.05364565
0.0006350838 0.05176334
0.0006366838 0.0505869
0.0006382838 0.04964575
0.0006398838 0.04893989
0.0006414838 0.04752816
0.0006430838 0.0468223
0.0006446838 0.04611643
0.0006462838 0.04588114
0.0006478838 0.04611643
0.0006494838 0.04658701
0.0006510838 0.04658701
0.0006526838 0.04729287
0.0006542838 0.04752816
0.0006558838 0.04611643
0.0006574838 0.04493999
0.0006590838 0.04376355
0.0006606838 0.04376355
0.0006622838 0.04399884
0.0006638838 0.0447047
0.0006654838 0.04635172
0.0006670838 0.04846931
0.0006686838 0.0505869
0.0006702838 0.05293978
0.0006718838 0.05576324
0.0006734838 0.05976313
0.0006750838 0.06399831
0.0006766838 0.06988051
0.0006782838 0.07505685
0.0006798838 0.08093904
0.0006814838 0.0856448
0.0006830838 0.09058585
0.0006846838 0.09670333
0.0006862838 0.1025855
0.0006878838 0.108703
0.0006894838 0.1167028
0.0006910838 0.124232
0.0006926838 0.1324671
0.0006942838 0.1390552
0.0006958838 0.1465844
0.0006974838 0.1527019
0.0006990838 0.1585841
0.0007006838 0.1651721
0.0007022838 0.172466
0.0007038838 0.1785835
0.0007054838 0.1858775
0.0007070838 0.1922302
0.0007086838 0.1983477
0.0007102838 0.2021123
0.0007118838 0.2051711
0.0007134838 0.2063475
0.0007150838 0.2070534
0.0007166838 0.2068181
0.0007182838 0.2068181
0.0007198838 0.2063475
0.0007214838 0.2061122
0.0007230838 0.2039946
0.0007246838 0.2032888
0.0007262838 0.201877
0.0007278838 0.201877
0.0007294838 0.1995242
0.0007310838 0.1988183
0.0007326838 0.1962301
0.0007342838 0.1943478
0.0007358838 0.1915244
0.0007374838 0.1901126
0.0007390838 0.187995
0.0007406838 0.1851716
0.0007422838 0.1809364
0.0007438838 0.1764659
0.0007454838 0.1703485
0.0007470838 0.1623487
0.0007486838 0.1550547
0.0007502838 0.1472902
0.0007518838 0.1392904
0.0007534838 0.1329377
0.0007550838 0.1265849
0.0007566838 0.122585
0.0007582838 0.1181145
0.0007598838 0.1157617
0.0007614838 0.1131735
0.0007630838 0.1108206
0.0007646838 0.1075266
0.0007662838 0.1049384
0.0007678838 0.1016444
0.0007694838 0.09952679
0.0007710838 0.09599747
0.0007726838 0.09223286
0.0007742838 0.08823297
0.0007758838 0.08329192
0.0007774838 0.07835088
0.0007790838 0.07388041
0.0007806838 0.0682335
0.0007822838 0.06305716
0.0007838838 0.05788083
0.0007854838 0.05317507
0.0007870838 0.04846931
0.0007886838 0.0447047
0.0007902838 0.04117539
0.0007918838 0.03929308
0.0007934838 0.03835193
0.0007950838 0.03858722
0.0007966838 0.03976366
0.0007982838 0.04305769
0.0007998838 0.04611643
0.0008014838 0.04917517
0.0008030838 0.05341036
0.0008046838 0.05811612
0.0008062838 0.06376303
0.0008078838 0.0682335
0.0008094838 0.07340983
0.0008110838 0.07999789
0.0008126838 0.08682124
0.0008142838 0.09246815
0.0008158838 0.09905621
0.0008174838 0.1039973
0.0008190838 0.1084677
0.0008206838 0.1122323
0.0008222838 0.1164675
0.0008238838 0.1204674
0.0008254838 0.124232
0.0008270838 0.1277613
0.0008286838 0.1315259
0.0008302838 0.1362317
0.0008318838 0.1399963
0.0008334838 0.1449374
0.0008350838 0.1479961
0.0008366838 0.151996
0.0008382838 0.1557606
0.0008398838 0.1588193
0.0008414838 0.1616428
0.0008430838 0.1635251
0.0008446838 0.165878
0.0008462838 0.1679956
0.0008478838 0.1684661
0.0008494838 0.1701132
0.0008510838 0.172466
0.0008526838 0.1741131
0.0008542838 0.1757601
0.0008558838 0.1771718
0.0008574838 0.1774071
0.0008590838 0.1771718
0.0008606838 0.1774071
0.0008622838 0.178113
0.0008638838 0.178113
0.0008654838 0.1792894
0.0008670838 0.17976
0.0008686838 0.1799953
0.0008702838 0.1795247
0.0008718838 0.1795247
0.0008734838 0.1783482
0.0008750838 0.1767012
0.0008766838 0.1745836
0.0008782838 0.1731719
0.0008798838 0.1701132
0.0008814838 0.167525
0.0008830838 0.1628192
0.0008846838 0.1578782
0.0008862838 0.1515254
0.0008878838 0.1439962
0.0008894838 0.1362317
0.0008910838 0.1287025
0.0008926838 0.1202321
0.0008942838 0.1122323
0.0008958838 0.1035267
0.0008974838 0.09529161
0.0008990838 0.08611538
0.0009006838 0.07811559
0.0009022838 0.0701158
0.0009038838 0.06305716
0.0009054838 0.05693968
0.0009070838 0.05105748
0.0009086838 0.04658701
0.0009102838 0.04211654
0.0009118838 0.03835193
0.0009134838 0.03646963
0.0009150838 0.0350579
0.0009166838 0.03411675
0.0009182838 0.03388146
0.0009198838 0.03458732
0.0009214838 0.03529319
0.0009230838 0.03576376
0.0009246838 0.03646963
0.0009262838 0.03623434
0.0009278838 0.03646963
0.0009294838 0.03576376
0.0009310838 0.03482261
0.0009326838 0.03435204
0.0009342838 0.03270502
0.0009358838 0.03246973
0.0009374838 0.03223444
0.0009390838 0.03246973
0.0009406838 0.0331756
0.0009422838 0.0350579
0.0009438838 0.0369402
0.0009454838 0.04070481
0.0009470838 0.04446942
0.0009486838 0.0487046
0.0009502838 0.05364565
0.0009518838 0.0583514
0.0009534838 0.06282187
0.0009550838 0.06729234
0.0009566838 0.07082166
0.0009582838 0.07411569
0.0009598838 0.07670386
0.0009614838 0.07905674
0.0009630838 0.0818802
0.0009646838 0.08329192
0.0009662838 0.08517423
0.0009678838 0.08705653
0.0009694838 0.08917412
0.0009710838 0.09058585
0.0009726838 0.09199758
0.0009742838 0.09458574
0.0009758838 0.09646805
0.0009774838 0.09858564
0.0009790838 0.1007032
0.0009806838 0.1030561
0.0009822838 0.1051737
0.0009838838 0.1075266
0.0009854838 0.1094089
0.0009870838 0.1115265
0.0009886838 0.1124676
0.0009902838 0.1148205
0.0009918838 0.1171734
0.0009934838 0.1185851
0.0009950838 0.1199968
0.0009966838 0.1221144
0.0009982838 0.1232909
0.0009998838 0.1247026
0.001001484 0.1247026
0.001003084 0.1254085
0.001004684 0.1254085
0.001006284 0.1244673
0.001007884 0.1237614
0.001009484 0.1230556
0.001011084 0.1214086
0.001012684 0.1199968
0.001014284 0.1178792
0.001015884 0.1157617
0.001017484 0.1129382
0.001019084 0.1105853
0.001020684 0.1084677
0.001022284 0.1068207
0.001023884 0.1056443
0.001025484 0.103762
0.001027084 0.1016444
0.001028684 0.09976208
0.001030284 0.09646805
0.001031884 0.0934093
0.001033484 0.08893883
0.001035084 0.08423307
0.001036684 0.07929203
0.001038284 0.07505685
0.001039884 0.0701158
0.001041484 0.06446889
0.001043084 0.05999842
0.001044684 0.0545868
0.001046284 0.05011633
0.001047884 0.0447047
0.001049484 0.04023423
0.001051084 0.03576376
0.001052684 0.03223444
0.001054284 0.02894041
0.001055884 0.02588167
0.001057484 0.02423466
0.001059084 0.02305822
0.001060684 0.02188178
0.001062284 0.02188178
0.001063884 0.02211706
0.001065484 0.02211706
0.001067084 0.0232935
0.001068684 0.02376408
0.001070284 0.0254111
0.001071884 0.02564638
0.001073484 0.02658753
0.001075084 0.02705811
0.001076684 0.02776397
0.001078284 0.03011685
0.001079884 0.03294031
0.001081484 0.03646963
0.001083084 0.04070481
0.001084684 0.04517528
0.001086284 0.05035161
0.001087884 0.05552795
0.001089484 0.05999842
0.001091084 0.06517475
0.001092684 0.06964522
0.001094284 0.07364512
0.001095884 0.07764501
0.001097484 0.08140962
0.001099084 0.08540951
0.001100684 0.08799768
0.001102284 0.091527
0.001103884 0.09458574
0.001105484 0.09764449
0.001107084 0.1004679
0.001108684 0.103762
0.001110284 0.1077619
0.001111884 0.1112912
0.001113484 0.1138794
0.001115084 0.1178792
0.001116684 0.120938
0.001118284 0.1244673
0.001119884 0.1270555
0.001121484 0.1301142
0.001123084 0.1327024
0.001124684 0.1355258
0.001126284 0.1376434
0.001127884 0.1388199
0.001129484 0.1395257
0.001131084 0.1411728
0.001132684 0.1409375
0.001134284 0.1411728
0.001135884 0.1402316
0.001137484 0.1399963
0.001139084 0.1395257
0.001140684 0.1402316
0.001142284 0.1399963
0.001143884 0.1399963
0.001145484 0.1388199
0.001147084 0.138114
0.001148684 0.1369376
0.001150284 0.1369376
0.001151884 0.1350553
0.001153484 0.1350553
0.001155084 0.1334082
0.001156684 0.1334082
0.001158284 0.1310554
0.001159884 0.1298789
0.001161484 0.1272908
0.001163084 0.1256437
0.001164684 0.1223497
0.001166284 0.1190557
0.001167884 0.1152911
0.001169484 0.1108206
0.001171084 0.1061149
0.001172684 0.1018797
0.001174284 0.09623276
0.001175884 0.091527
0.001177484 0.08776239
0.001179084 0.08329192
0.001180684 0.0797626
0.001182284 0.07670386
0.001183884 0.07293925
0.001185484 0.06940994
0.001187084 0.06517475
0.001188684 0.06211601
0.001190284 0.05788083
0.001191884 0.05435151
0.001193484 0.05152805
0.001195084 0.04964575
0.001196684 0.04729287
0.001198284 0.04658701
0.001199884 0.04541057
0.001201484 0.04376355
0.001203084 0.04305769
0.001204684 0.0428224
0.001206284 0.0428224
0.001207884 0.04258711
0.001209484 0.04258711
0.001211084 0.04329298
0.001212684 0.04352826
0.001214284 0.04423413
0.001215884 0.04423413
0.001217484 0.04446942
0.001219084 0.04541057
0.001220684 0.04611643
0.001222284 0.04729287
0.001223884 0.04917517
0.001225484 0.05082219
0.001227084 0.05364565
0.001228684 0.0564691
0.001230284 0.05999842
0.001231884 0.06376303
0.001233484 0.06752763
0.001235084 0.0719981
0.001236684 0.07764501
0.001238284 0.08258606
0.001239884 0.08893883
0.001241484 0.09364459
0.001243084 0.09835035
0.001244684 0.1023502
0.001246284 0.107056
0.001247884 0.1098795
0.001249484 0.1131735
0.001251084 0.1145852
0.001252684 0.1169381
0.001254284 0.117644
0.001255884 0.1195263
0.001257484 0.1190557
0.001259084 0.119291
0.001260684 0.1185851
0.001262284 0.1185851
0.001263884 0.1167028
0.001265484 0.1164675
0.001267084 0.1148205
0.001268684 0.1138794
0.001270284 0.1117618
0.001271884 0.1089383
0.001273484 0.1063501
0.001275084 0.1035267
0.001276684 0.1002327
0.001278284 0.09764449
0.001279884 0.09435045
0.001281484 0.09176229
0.001283084 0.08893883
0.001284684 0.08752711
0.001286284 0.08470365
0.001287884 0.08235077
0.001289484 0.08070376
0.001291084 0.07764501
0.001292684 0.07529213
0.001294284 0.07388041
0.001295884 0.07176281
0.001297484 0.07058638
0.001299084 0.06776292
0.001300684 0.06635119
0.001302284 0.06376303
0.001303884 0.06282187
0.001305484 0.06070428
0.001307084 0.0583514
0.001308684 0.0564691
0.001310284 0.05388093
0.001311884 0.0505869
0.001313484 0.0468223
0.001315084 0.04305769
0.001316684 0.03952837
0.001318284 0.03599905
0.001319884 0.03152858
0.001321484 0.02682282
0.001323084 0.02235235
0.001324684 0.01694073
0.001326284 0.01270555
0.001327884 0.006588062
0.001329484 0.001647015
0.001331084 -0.003999895
0.001332684 -0.008235077
0.001334284 -0.01317612
0.001335884 -0.01599958
0.001337484 -0.01976419
0.001339084 -0.02211706
0.001340684 -0.02376408
0.001342284 -0.02446994
0.001343884 -0.0254111
0.001345484 -0.02517581
0.001347084 -0.02423466
0.001348684 -0.02305822
0.001350284 -0.02211706
0.001351884 -0.02047005
0.001353484 -0.01929361
0.001355084 -0.01717602
0.001356684 -0.01694073
0.001358284 -0.01482314
0.001359884 -0.01458785
0.001361484 -0.01294084
0.001363084 -0.01223497
0.001364684 -0.01105853
0.001366284 -0.009411517
0.001367884 -0.007764501
0.001369484 -0.005882198
0.001371084 -0.003764607
0.001372684 -0.001647015
0.001374284 0.001411728
0.001375884 0.003529319
0.001377484 0.007293925
0.001379084 0.01082324
0.001380684 0.01482314
0.001382284 0.01811717
0.001383884 0.02211706
0.001385484 0.02564638
0.001387084 0.02964628
0.001388684 0.03246973
0.001390284 0.03576376
0.001391884 0.03764607
0.001393484 0.03952837
0.001395084 0.03952837
0.001396684 0.04023423
0.001398284 0.03929308
0.001399884 0.03858722
0.001401484 0.03599905
0.001403084 0.03364617
0.001404684 0.03082272
0.001406284 0.02705811
0.001407884 0.02399937
0.001409484 0.01999947
0.001411084 0.01599958
0.001412684 0.01294084
0.001414284 0.008940941
0.001415884 0.006352774
0.001417484 0.003999895
0.001419084 0.00117644
0.001420684 -0.0009411517
0.001422284 -0.003294031
0.001423884 -0.005882198
0.001425484 -0.007764501
0.001427084 -0.01105853
0.001428684 -0.01388199
0.001430284 -0.01835246
0.001431884 -0.02188178
0.001433484 -0.02658753
0.001435084 -0.03152858
0.001436684 -0.03717549
0.001438284 -0.04211654
0.001439884 -0.04705758
0.001441484 -0.05152805
0.001443084 -0.05482208
0.001444684 -0.05858669
0.001446284 -0.0623513
0.001447884 -0.0661159
0.001449484 -0.06799821
0.001451084 -0.07152753
0.001452684 -0.07364512
0.001454284 -0.075998
0.001455884 -0.07811559
0.001457484 -0.08093904
0.001459084 -0.08329192
0.001460684 -0.0856448
0.001462284 -0.08870354
0.001463884 -0.09199758
0.001465484 -0.09670333
0.001467084 -0.1004679
0.001468684 -0.1049384
0.001470284 -0.1091736
0.001471884 -0.1143499
0.001473484 -0.1188204
0.001475084 -0.1232909
0.001476684 -0.1268202
0.001478284 -0.1291731
0.001479884 -0.1310554
0.001481484 -0.1334082
0.001483084 -0.1345847
0.001484684 -0.1345847
0.001486284 -0.1345847
0.001487884 -0.1343494
0.001489484 -0.1327024
0.001491084 -0.1319965
0.001492684 -0.1294084
0.001494284 -0.1287025
0.001495884 -0.1261143
0.001497484 -0.1244673
0.001499084 -0.1223497
0.001500684 -0.1197615
0.001502284 -0.1185851
0.001503884 -0.1152911
0.001505484 -0.1129382
0.001507084 -0.111997
0.001508684 -0.1101147
0.001510284 -0.1077619
0.001511884 -0.105409
0.001513484 -0.103762
0.001515084 -0.1007032
0.001516684 -0.09882093
0.001518284 -0.09529161
0.001519884 -0.09270344
0.001521484 -0.08940941
0.001523084 -0.08752711
0.001524684 -0.08399779
0.001526284 -0.08140962
0.001527884 -0.07835088
0.001529484 -0.07623329
0.001531084 -0.07317454
0.001532684 -0.07082166
0.001534284 -0.0682335
0.001535884 -0.06705706
0.001537484 -0.06564533
0.001539084 -0.06517475
0.001540684 -0.06470418
0.001542284 -0.06517475
0.001543884 -0.06517475
0.001545484 -0.06729234
0.001547084 -0.06870407
0.001548684 -0.07105695
0.001550284 -0.07340983
0.001551884 -0.07482156
0.001553484 -0.07623329
0.001555084 -0.0778803
0.001556684 -0.07952732
0.001558284 -0.08211548
0.001559884 -0.08399779
0.001561484 -0.08752711
0.001563084 -0.09011527
0.001564684 -0.09435045
0.001566284 -0.09717391
0.001567884 -0.1009385
0.001569484 -0.1042325
0.001571084 -0.108703
0.001572684 -0.1122323
0.001574284 -0.1174087
0.001575884 -0.1211733
0.001577484 -0.1261143
0.001579084 -0.1303495
0.001580684 -0.1341141
0.001582284 -0.1376434
0.001583884 -0.1421139
0.001585484 -0.1449374
0.001587084 -0.1489373
0.001588684 -0.1524666
0.001590284 -0.1562312
0.001591884 -0.1590546
0.001593484 -0.1630545
0.001595084 -0.1654074
0.001596684 -0.1687014
0.001598284 -0.1722308
0.001599884 -0.1757601
0.001601484 -0.1785835
0.001603084 -0.181407
0.001604684 -0.184701
0.001606284 -0.187995
0.001607884 -0.1903479
0.001609484 -0.1919949
0.001611084 -0.1941125
0.001612684 -0.1948184
0.001614284 -0.1955243
0.001615884 -0.1964654
0.001617484 -0.1959948
0.001619084 -0.1957595
0.001620684 -0.195289
0.001622284 -0.1945831
0.001623884 -0.1938772
0.001625484 -0.1931714
0.001627084 -0.1912891
0.001628684 -0.1905832
0.001630284 -0.1882303
0.001631884 -0.1868186
0.001633484 -0.1842304
0.001635084 -0.1804658
0.001636684 -0.1778777
0.001638284 -0.1741131
0.001639884 -0.1703485
0.001641484 -0.1670544
0.001643084 -0.1628192
0.001644684 -0.1595252
0.001646284 -0.1557606
0.001647884 -0.1515254
0.001649484 -0.1472902
0.001651084 -0.1428198
0.001652684 -0.1383493
0.001654284 -0.1338788
0.001655884 -0.1294084
0.001657484 -0.1249379
0.001659084 -0.1211733
0.001660684 -0.1178792
0.001662284 -0.1141146
0.001663884 -0.1112912
0.001665484 -0.1077619
0.001667084 -0.1051737
0.001668684 -0.1035267
0.001670284 -0.1011738
0.001671884 -0.09882093
0.001673484 -0.09835035
0.001675084 -0.09646805
0.001676684 -0.09552689
0.001678284 -0.09364459
0.001679884 -0.0934093
0.001681484 -0.09246815
0.001683084 -0.09246815
0.001684684 -0.09270344
0.001686284 -0.09317402
0.001687884 -0.09387988
0.001689484 -0.09529161
0.001691084 -0.09717391
0.001692684 -0.09787977
0.001694284 -0.09976208
0.001695884 -0.102115
0.001697484 -0.1044678
0.001699084 -0.1077619
0.001700684 -0.1098795
0.001702284 -0.1136441
0.001703884 -0.1167028
0.001705484 -0.1197615
0.001707084 -0.1218791
0.001708684 -0.1251732
0.001710284 -0.1282319
0.001711884 -0.1310554
0.001713484 -0.1329377
0.001715084 -0.1355258
0.001716684 -0.1378787
0.001718284 -0.139761
0.001719884 -0.1416433
0.001721484 -0.1444668
0.001723084 -0.1461138
0.001724684 -0.1484667
0.001726284 -0.1510548
0.001727884 -0.1534077
0.001729484 -0.1555253
0.001731084 -0.1571723
0.001732684 -0.1595252
0.001734284 -0.1616428
0.001735884 -0.162584
0.001737484 -0.1644663
0.001739084 -0.1654074
0.001740684 -0.1670544
0.001742284 -0.1677603
0.001743884 -0.1694073
0.001745484 -0.170819
0.001747084 -0.1715249
0.001748684 -0.1731719
0.001750284 -0.1743483
0.001751884 -0.1755248
0.001753484 -0.1774071
0.001755084 -0.1788188
0.001756684 -0.1799953
0.001758284 -0.1816423
0.001759884 -0.1839952
0.001761484 -0.1851716
0.001763084 -0.1861127
0.001764684 -0.1870539
0.001766284 -0.1884656
0.001767884 -0.1884656
0.001769484 -0.1891715
0.001771084 -0.1884656
0.001772684 -0.1887009
0.001774284 -0.1868186
0.001775884 -0.1854069
0.001777484 -0.1825834
0.001779084 -0.1783482
0.001780684 -0.1750542
0.001782284 -0.170819
0.001783884 -0.165878
0.001785484 -0.1611722
0.001787084 -0.1555253
0.001788684 -0.1508196
0.001790284 -0.1451726
0.001791884 -0.1399963
0.001793484 -0.13482
0.001795084 -0.1298789
0.001796684 -0.1249379
0.001798284 -0.1207027
0.001799884 -0.1157617
0.001801484 -0.111997
0.001803084 -0.1077619
0.001804684 -0.103762
0.001806284 -0.1009385
0.001807884 -0.09858564
0.001809484 -0.09552689
0.001811084 -0.09411517
0.001812684 -0.09129171
0.001814284 -0.08987998
0.001815884 -0.08846826
0.001817484 -0.08682124
0.001819084 -0.08635067
0.001820684 -0.08540951
0.001822284 -0.08540951
0.001823884 -0.0856448
0.001825484 -0.08493894
0.001827084 -0.08611538
0.001828684 -0.08658595
0.001830284 -0.08729182
0.001831884 -0.08776239
0.001833484 -0.08917412
0.001835084 -0.0896447
0.001836684 -0.09176229
0.001838284 -0.09293873
0.001839884 -0.09529161
0.001841484 -0.09693862
0.001843084 -0.0992915
0.001844684 -0.1018797
0.001846284 -0.1047031
0.001847884 -0.1075266
0.001849484 -0.1108206
0.001851084 -0.1131735
0.001852684 -0.117644
0.001854284 -0.120938
0.001855884 -0.1251732
0.001857484 -0.1284672
0.001859084 -0.1327024
0.001860684 -0.136467
0.001862284 -0.1407022
0.001863884 -0.1435256
0.001865484 -0.1477608
0.001867084 -0.1508196
0.001868684 -0.1550547
0.001870284 -0.1581135
0.001871884 -0.1623487
0.001873484 -0.1654074
0.001875084 -0.1689367
0.001876684 -0.1712896
0.001878284 -0.1741131
0.001879884 -0.1764659
0.001881484 -0.1785835
0.001883084 -0.1804658
0.001884684 -0.1821128
0.001886284 -0.1839952
0.001887884 -0.184701
0.001889484 -0.1851716
0.001891084 -0.1861127
0.001892684 -0.1856422
0.001894284 -0.1854069
0.001895884 -0.1844657
0.001897484 -0.1835246
0.001899084 -0.183054
0.001900684 -0.181407
0.001902284 -0.1783482
0.001903884 -0.1769365
0.001905484 -0.1745836
0.001907084 -0.1727013
0.001908684 -0.1705837
0.001910284 -0.1689367
0.001911884 -0.1665838
0.001913484 -0.1644663
0.001915084 -0.1621134
0.001916684 -0.1607016
0.001918284 -0.1588193
0.001919884 -0.1574076
0.001921484 -0.1555253
0.001923084 -0.1538783
0.001924684 -0.1508196
0.001926284 -0.1496431
0.001927884 -0.1470549
0.001929484 -0.1444668
0.001931084 -0.1418786
0.001932684 -0.1388199
0.001934284 -0.1362317
0.001935884 -0.1336435
0.001937484 -0.1305848
0.001939084 -0.1277613
0.001940684 -0.1247026
0.001942284 -0.1221144
0.001943884 -0.1185851
0.001945484 -0.1152911
0.001947084 -0.1115265
0.001948684 -0.1084677
0.001950284 -0.105409
0.001951884 -0.1023502
0.001953484 -0.09882093
0.001955084 -0.09646805
0.001956684 -0.09435045
0.001958284 -0.09223286
0.001959884 -0.09035056
0.001961484 -0.08893883
0.001963084 -0.08752711
0.001964684 -0.08635067
0.001966284 -0.08611538
0.001967884 -0.0856448
0.001969484 -0.08611538
0.001971084 -0.08799768
0.001972684 -0.08752711
0.001974284 -0.08917412
0.001975884 -0.08940941
0.001977484 -0.09058585
0.001979084 -0.09223286
0.001980684 -0.09387988
0.001982284 -0.09482103
0.001983884 -0.09670333
0.001985484 -0.09787977
0.001987084 -0.0992915
0.001988684 -0.1009385
0.001990284 -0.1028208
0.001991884 -0.1051737
0.001993484 -0.1072913
0.001995084 -0.1096442
0.001996684 -0.1127029
0.001998284 -0.1157617
0.001999884 -0.1185851
0.002001484 -0.1214086
0.002003084 -0.1247026
0.002004684 -0.1282319
0.002006284 -0.1312907
0.002007884 -0.1345847
0.002009484 -0.1378787
0.002011084 -0.1411728
0.002012684 -0.1449374
0.002014284 -0.1475255
0.002015884 -0.1515254
0.002017484 -0.1534077
0.002019084 -0.1571723
0.002020684 -0.1585841
0.002022284 -0.1616428
0.002023884 -0.1628192
0.002025484 -0.1647015
0.002027084 -0.1649368
0.002028684 -0.1654074
0.002030284 -0.1647015
0.002031884 -0.1649368
0.002033484 -0.1644663
0.002035084 -0.1632898
0.002036684 -0.1621134
0.002038284 -0.1609369
0.002039884 -0.1595252
0.002041484 -0.1576429
0.002043084 -0.1555253
0.002044684 -0.1538783
0.002046284 -0.151996
0.002047884 -0.1501137
0.002049484 -0.1475255
0.002051084 -0.1451726
0.002052684 -0.1423492
0.002054284 -0.1392904
0.002055884 -0.1359964
0.002057484 -0.1327024
0.002059084 -0.1296436
0.002060684 -0.1261143
0.002062284 -0.1223497
0.002063884 -0.1188204
0.002065484 -0.1145852
0.002067084 -0.1112912
0.002068684 -0.1079972
0.002070284 -0.1047031
0.002071884 -0.1014091
0.002073484 -0.09905621
0.002075084 -0.09529161
0.002076684 -0.09317402
0.002078284 -0.09082114
0.002079884 -0.08917412
0.002081484 -0.08705653
0.002083084 -0.08517423
0.002084684 -0.08329192
0.002086284 -0.08211548
0.002087884 -0.08117433
0.002089484 -0.07952732
0.002091084 -0.0778803
0.002092684 -0.07670386
0.002094284 -0.07576271
0.002095884 -0.07411569
0.002097484 -0.07340983
0.002099084 -0.07152753
0.002100684 -0.06940994
0.002102284 -0.0682335
0.002103884 -0.06682177
0.002105484 -0.0661159
0.002107084 -0.06446889
0.002108684 -0.0642336
0.002110284 -0.06376303
0.002111884 -0.06329245
0.002113484 -0.06305716
0.002115084 -0.06352774
0.002116684 -0.06352774
0.002118284 -0.06446889
0.002119884 -0.06493947
0.002121484 -0.06635119
0.002123084 -0.06729234
0.002124684 -0.06964522
0.002126284 -0.0701158
0.002127884 -0.07293925
0.002129484 -0.07435098
0.002131084 -0.07693915
0.002132684 -0.07929203
0.002134284 -0.08140962
0.002135884 -0.0837625
0.002137484 -0.08611538
0.002139084 -0.08776239
0.002140684 -0.08917412
0.002142284 -0.09058585
0.002143884 -0.09270344
0.002145484 -0.0934093
0.002147084 -0.09482103
0.002148684 -0.09552689
0.002150284 -0.09552689
0.002151884 -0.09529161
0.002153484 -0.09623276
0.002155084 -0.09552689
0.002156684 -0.09646805
0.002158284 -0.09646805
0.002159884 -0.09670333
0.002161484 -0.09670333
0.002163084 -0.09764449
0.002164684 -0.09717391
0.002166284 -0.09811506
0.002167884 -0.09835035
0.002169484 -0.09882093
0.002171084 -0.09882093
0.002172684 -0.0992915
0.002174284 -0.09952679
0.002175884 -0.0992915
0.002177484 -0.0992915
0.002179084 -0.09999736
0.002180684 -0.0992915
0.002182284 -0.09905621
0.002183884 -0.09811506
0.002185484 -0.09764449
0.002187084 -0.09646805
0.002188684 -0.09599747
0.002190284 -0.09435045
0.002191884 -0.0934093
0.002193484 -0.091527
0.002195084 -0.09035056
0.002196684 -0.08823297
0.002198284 -0.08752711
0.002199884 -0.08446836
0.002201484 -0.08305663
0.002203084 -0.08046847
0.002204684 -0.07882145
0.002206284 -0.075998
0.002207884 -0.07340983
0.002209484 -0.06988051
0.002211084 -0.06729234
0.002212684 -0.06399831
0.002214284 -0.06117486
0.002215884 -0.05764554
0.002217484 -0.05505737
0.002219084 -0.05152805
0.002220684 -0.04799874
0.002222284 -0.0447047
0.002223884 -0.0409401
0.002225484 -0.03717549
0.002227084 -0.03435204
0.002228684 -0.03035214
0.002230284 -0.02776397
0.002231884 -0.02399937
0.002233484 -0.0214112
0.002235084 -0.01835246
0.002236684 -0.01599958
0.002238284 -0.01247026
0.002239884 -0.01035267
0.002241484 -0.007764501
0.002243084 -0.00564691
0.002244684 -0.004705758
0.002246284 -0.002823455
0.002247884 -0.0007058638
0.002249484 0.0004705758
0.002251084 0.001647015
0.002252684 0.001647015
0.002254284 0.002117591
0.002255884 0.001411728
0.002257484 0.0009411517
0.002259084 -0.0002352879
0.002260684 -0.00117644
0.002262284 -0.003529319
0.002263884 -0.00447047
0.002265484 -0.00564691
0.002267084 -0.007293925
0.002268684 -0.009646805
0.002270284 -0.01129382
0.002271884 -0.01341141
0.002273484 -0.01411728
0.002275084 -0.01647015
0.002276684 -0.01764659
0.002278284 -0.01976419
0.002279884 -0.02023476
0.002281484 -0.02188178
0.002283084 -0.02258764
0.002284684 -0.02446994
0.002286284 -0.02588167
0.002287884 -0.0272934
0.002289484 -0.02823455
0.002291084 -0.02941099
0.002292684 -0.03058743
0.002294284 -0.03152858
0.002295884 -0.03270502
0.002297484 -0.03388146
0.002299084 -0.03435204
0.002300684 -0.03552848
0.002302284 -0.03623434
0.002303884 -0.03741078
0.002305484 -0.03788135
0.002307084 -0.03882251
0.002308684 -0.03952837
0.002310284 -0.04117539
0.002311884 -0.04046952
0.002313484 -0.04188125
0.002315084 -0.04235183
0.002316684 -0.04376355
0.002318284 -0.04329298
0.002319884 -0.04446942
0.002321484 -0.0447047
0.002323084 -0.0447047
0.002324684 -0.04446942
0.002326284 -0.0447047
0.002327884 -0.04376355
0.002329484 -0.04352826
0.002331084 -0.04164596
0.002332684 -0.0409401
0.002334284 -0.03905779
0.002335884 -0.03764607
0.002337484 -0.03458732
0.002339084 -0.03294031
0.002340684 -0.03105801
0.002342284 -0.02964628
0.002343884 -0.02705811
0.002345484 -0.02611696
0.002347084 -0.02494052
0.002348684 -0.02305822
0.002350284 -0.02211706
0.002351884 -0.0214112
0.002353484 -0.01999947
0.002355084 -0.01976419
0.002356684 -0.01882303
0.002358284 -0.01741131
0.002359884 -0.01717602
0.002361484 -0.01576429
0.002363084 -0.01294084
0.002364684 -0.01129382
0.002366284 -0.009411517
0.002367884 -0.007529213
0.002369484 -0.004705758
0.002371084 -0.001882303
0.002372684 0.001882303
0.002374284 0.003764607
0.002375884 0.007293925
0.002377484 0.01035267
0.002379084 0.01294084
0.002380684 0.015529
0.002382284 0.01788188
0.002383884 0.01858775
0.002385484 0.02094062
0.002387084 0.02211706
0.002388684 0.02282293
0.002390284 0.02352879
0.002391884 0.02423466
0.002393484 0.02423466
0.002395084 0.02446994
0.002396684 0.02399937
0.002398284 0.02423466
0.002399884 0.02352879
0.002401484 0.02399937
0.002403084 0.0232935
0.002404684 0.02352879
0.002406284 0.02352879
0.002407884 0.02352879
0.002409484 0.0232935
0.002411084 0.02352879
0.002412684 0.02258764
0.002414284 0.02258764
0.002415884 0.02235235
0.002417484 0.02188178
0.002419084 0.02094062
0.002420684 0.02047005
0.002422284 0.01882303
0.002423884 0.01741131
0.002425484 0.015529
0.002427084 0.0136467
0.002428684 0.0117644
0.002430284 0.009646805
0.002431884 0.008235077
0.002433484 0.007058638
0.002435084 0.005882198
0.002436684 0.00447047
0.002438284 0.003529319
0.002439884 0.003058743
0.002441484 0.002117591
0.002443084 0.001882303
0.002444684 0.001647015
0.002446284 0.002352879
0.002447884 0.002588167
0.002449484 0.003529319
0.002451084 0.004235183
0.002452684 0.005176334
0.002454284 0.007058638
0.002455884 0.007999789
0.002457484 0.009411517
0.002459084 0.0117644
0.002460684 0.01270555
0.002462284 0.01482314
0.002463884 0.01694073
0.002465484 0.01976419
0.002467084 0.02094062
0.002468684 0.02376408
0.002470284 0.02635225
0.002471884 0.02964628
0.002473484 0.03246973
0.002475084 0.03599905
0.002476684 0.03835193
0.002478284 0.04188125
0.002479884 0.04564586
0.002481484 0.04893989
0.002483084 0.05246921
0.002484684 0.0564691
0.002486284 0.06023371
0.002487884 0.06446889
0.002489484 0.06846878
0.002491084 0.07388041
0.002492684 0.07670386
0.002494284 0.08117433
0.002495884 0.08493894
0.002497484 0.08893883
0.002499084 0.09293873
0.002500684 0.09693862
0.002502284 0.09976208
0.002503884 0.1035267
0.002505484 0.1065854
0.002507084 0.1094089
0.002508684 0.1122323
0.002510284 0.1145852
0.002511884 0.1169381
0.002513484 0.1188204
0.002515084 0.1214086
0.002516684 0.1232909
0.002518284 0.1251732
0.002519884 0.1270555
0.002521484 0.1279966
0.002523084 0.1294084
0.002524684 0.1298789
0.002526284 0.1310554
0.002527884 0.1315259
0.002529484 0.1322318
0.002531084 0.1329377
0.002532684 0.1334082
0.002534284 0.133173
0.002535884 0.1334082
0.002537484 0.1336435
0.002539084 0.1338788
0.002540684 0.1338788
0.002542284 0.1338788
0.002543884 0.1341141
0.002545484 0.1343494
0.002547084 0.1343494
0.002548684 0.13482
0.002550284 0.1350553
0.002551884 0.1359964
0.002553484 0.1355258
0.002555084 0.1359964
0.002556684 0.1362317
0.002558284 0.136467
0.002559884 0.1371729
0.002561484 0.1367023
0.002563084 0.1374081
0.002564684 0.1371729
0.002566284 0.1367023
0.002567884 0.1369376
0.002569484 0.136467
0.002571084 0.1362317
0.002572684 0.1359964
0.002574284 0.1362317
0.002575884 0.1357611
0.002577484 0.1357611
0.002579084 0.1352906
0.002580684 0.1350553
0.002582284 0.1345847
0.002583884 0.1341141
0.002585484 0.1338788
0.002587084 0.1338788
0.002588684 0.1334082
0.002590284 0.1345847
0.002591884 0.1336435
0.002593484 0.1341141
0.002595084 0.1336435
0.002596684 0.1343494
0.002598284 0.1341141
0.002599884 0.1350553
0.002601484 0.1350553
0.002603084 0.1359964
0.002604684 0.1359964
0.002606284 0.1374081
0.002607884 0.1378787
0.002609484 0.1395257
0.002611084 0.1404669
0.002612684 0.1428198
0.002614284 0.1439962
0.002615884 0.1463491
0.002617484 0.1479961
0.002619084 0.1501137
0.002620684 0.1522313
0.002622284 0.1545842
0.002623884 0.1567018
0.002625484 0.1590546
0.002627084 0.1616428
0.002628684 0.1644663
0.002630284 0.1661133
0.002631884 0.169172
0.002633484 0.170819
0.002635084 0.1748189
0.002636684 0.1774071
0.002638284 0.1802305
0.002639884 0.1832893
0.002641484 0.1861127
0.002643084 0.1891715
0.002644684 0.1912891
0.002646284 0.1941125
0.002647884 0.1959948
0.002649484 0.198583
0.002651084 0.2011712
0.002652684 0.2028182
0.002654284 0.2056416
0.002655884 0.2070534
0.002657484 0.209171
0.002659084 0.2105827
0.002660684 0.2127003
0.002662284 0.2136414
0.002663884 0.2155237
0.002665484 0.2162296
0.002667084 0.2171707
0.002668684 0.2176413
0.002670284 0.2181119
0.002671884 0.2181119
0.002673484 0.2188178
0.002675084 0.2181119
0.002676684 0.2181119
0.002678284 0.217406
0.002679884 0.2178766
0.002681484 0.2167002
0.002683084 0.2171707
0.002684684 0.2162296
0.002686284 0.2162296
0.002687884 0.2159943
0.002689484 0.215759
0.002691084 0.2152884
0.002692684 0.2152884
0.002694284 0.2150532
0.002695884 0.2143473
0.002697484 0.2145826
0.002699084 0.2143473
0.002700684 0.2129356
0.002702284 0.2127003
0.002703884 0.2122297
0.002705484 0.2119944
0.002707084 0.2103474
0.002708684 0.209171
0.002710284 0.2087004
0.002711884 0.2068181
0.002713484 0.2054064
0.002715084 0.2047005
0.002716684 0.2023476
0.002718284 0.2009359
0.002719884 0.1995242
0.002721484 0.1988183
0.002723084 0.196936
0.002724684 0.1959948
0.002726284 0.195289
0.002727884 0.1943478
0.002729484 0.1931714
0.002731084 0.1931714
0.002732684 0.1917597
0.002734284 0.1917597
0.002735884 0.1912891
0.002737484 0.1919949
0.002739084 0.1917597
0.002740684 0.1922302
0.002742284 0.1924655
0.002743884 0.1931714
0.002745484 0.1943478
0.002747084 0.1948184
0.002748684 0.1957595
0.002750284 0.1976419
0.002751884 0.198583
0.002753484 0.1995242
0.002755084 0.2011712
0.002756684 0.2021123
0.002758284 0.2023476
0.002759884 0.2044652
0.002761484 0.2054064
0.002763084 0.2070534
0.002764684 0.2077592
0.002766284 0.2089357
0.002767884 0.2096415
0.002769484 0.2101121
0.002771084 0.2110533
0.002772684 0.2119944
0.002774284 0.2127003
0.002775884 0.2138767
0.002777484 0.2148179
0.002779084 0.2159943
0.002780684 0.2169355
0.002782284 0.2185825
0.002783884 0.2190531
0.002785484 0.2214059
0.002787084 0.2223471
0.002788684 0.2249352
0.002790284 0.2261117
0.002791884 0.2284646
0.002793484 0.229641
0.002795084 0.2315233
0.002796684 0.2336409
0.002798284 0.2343468
0.002799884 0.2352879
0.002801484 0.2369349
0.002803084 0.2369349
0.002804684 0.2378761
0.002806284 0.2381114
0.002807884 0.2390525
0.002809484 0.2378761
0.002811084 0.2390525
0.002812684 0.2378761
0.002814284 0.2388172
0.002815884 0.2376408
0.002817484 0.2381114
0.002819084 0.2374055
0.002820684 0.2381114
0.002822284 0.2376408
0.002823884 0.2376408
0.002825484 0.2376408
0.002827084 0.2378761
0.002828684 0.2362291
0.002830284 0.2371702
0.002831884 0.2369349
0.002833484 0.2364644
0.002835084 0.2355232
0.002836684 0.2352879
0.002838284 0.2336409
0.002839884 0.2326998
0.002841484 0.2315233
0.002843084 0.2303469
0.002844684 0.2289351
0.002846284 0.2277587
0.002847884 0.226347
0.002849484 0.2247
0.002851084 0.2230529
0.002852684 0.2211706
0.002854284 0.2185825
0.002855884 0.2169355
0.002857484 0.2148179
0.002859084 0.2129356
0.002860684 0.2110533
0.002862284 0.2105827
0.002863884 0.2084651
0.002865484 0.2070534
0.002867084 0.2051711
0.002868684 0.2037593
0.002870284 0.2021123
0.002871884 0.2014065
0.002873484 0.1997594
0.002875084 0.198583
0.002876684 0.196936
0.002878284 0.1978771
0.002879884 0.1964654
0.002881484 0.1967007
0.002883084 0.196936
0.002884684 0.1976419
0.002886284 0.196936
0.002887884 0.198583
0.002889484 0.1995242
0.002891084 0.2011712
0.002892684 0.2016417
0.002894284 0.203524
0.002895884 0.2047005
0.002897484 0.2065828
0.002899084 0.2082298
0.002900684 0.2105827
0.002902284 0.2122297
0.002903884 0.2134061
0.002905484 0.2155237
0.002907084 0.2176413
0.002908684 0.2185825
0.002910284 0.2199942
0.002911884 0.2214059
0.002913484 0.2230529
0.002915084 0.2237588
0.002916684 0.2247
0.002918284 0.2244647
0.002919884 0.2258764
0.002921484 0.2256411
0.002923084 0.2261117
0.002924684 0.226347
0.002926284 0.2272881
0.002927884 0.2265823
0.002929484 0.226347
0.002931084 0.226347
0.002932684 0.2261117
0.002934284 0.2258764
0.002935884 0.2261117
0.002937484 0.2254058
0.002939084 0.2251705
0.002940684 0.2244647
0.002942284 0.2247
0.002943884 0.2239941
0.002945484 0.2244647
0.002947084 0.2232882
0.002948684 0.2239941
0.002950284 0.2225824
0.002951884 0.2225824
0.002953484 0.2211706
0.002955084 0.2209354
0.002956684 0.2195236
0.002958284 0.2185825
0.002959884 0.2176413
0.002961484 0.2169355
0.002963084 0.2150532
0.002964684 0.2134061
0.002966284 0.2122297
0.002967884 0.2101121
0.002969484 0.2082298
0.002971084 0.2070534
0.002972684 0.2051711
0.002974284 0.2037593
0.002975884 0.2021123
0.002977484 0.20023
0.002979084 0.1988183
0.002980684 0.1981124
0.002982284 0.1964654
0.002983884 0.1964654
0.002985484 0.1950537
0.002987084 0.1950537
0.002988684 0.1941125
0.002990284 0.193642
0.002991884 0.1938772
0.002993484 0.1938772
0.002995084 0.1934067
0.002996684 0.1934067
0.002998284 0.1934067
0.002999884 0.1941125
0.003001484 0.193642
0.003003084 0.1945831
0.003004684 0.1938772
0.003006284 0.1948184
0.003007884 0.1943478
0.003009484 0.1943478
0.003011084 0.1945831
0.003012684 0.1945831
0.003014284 0.1934067
0.003015884 0.1941125
0.003017484 0.1941125
0.003019084 0.1929361
0.003020684 0.1929361
0.003022284 0.1924655
0.003023884 0.1924655
0.003025484 0.1919949
0.003027084 0.1910538
0.003028684 0.1908185
0.003030284 0.1903479
0.003031884 0.1898773
0.003033484 0.1884656
0.003035084 0.1884656
0.003036684 0.1882303
0.003038284 0.1882303
0.003039884 0.1877598
0.003041484 0.187995
0.003043084 0.1870539
0.003044684 0.1884656
0.003046284 0.1884656
0.003047884 0.1891715
0.003049484 0.1896421
0.003051084 0.1917597
0.003052684 0.1919949
0.003054284 0.1941125
0.003055884 0.1948184
0.003057484 0.1964654
0.003059084 0.1974066
0.003060684 0.1988183
0.003062284 0.1995242
0.003063884 0.201877
0.003065484 0.2016417
0.003067084 0.2030535
0.003068684 0.2030535
0.003070284 0.2047005
0.003071884 0.203524
0.003073484 0.2032888
0.003075084 0.2028182
0.003076684 0.2021123
0.003078284 0.2011712
0.003079884 0.2007006
0.003081484 0.1988183
0.003083084 0.198583
0.003084684 0.1962301
0.003086284 0.1957595
0.003087884 0.193642
0.003089484 0.1927008
0.003091084 0.1917597
0.003092684 0.1908185
0.003094284 0.1896421
0.003095884 0.1889362
0.003097484 0.1875245
0.003099084 0.1870539
0.003100684 0.1858775
0.003102284 0.1858775
0.003103884 0.1849363
0.003105484 0.1842304
0.003107084 0.1832893
0.003108684 0.1828187
0.003110284 0.1816423
0.003111884 0.1809364
0.003113484 0.17976
0.003115084 0.1788188
0.003116684 0.1776424
0.003118284 0.1767012
0.003119884 0.1755248
0.003121484 0.1745836
0.003123084 0.1727013
0.003124684 0.1715249
0.003126284 0.1701132
0.003127884 0.1687014
0.003129484 0.1677603
0.003131084 0.1665838
0.003132684 0.1651721
0.003134284 0.164231
0.003135884 0.162584
0.003137484 0.1618781
0.003139084 0.1607016
0.003140684 0.1597605
0.003142284 0.1583488
0.003143884 0.1581135
0.003145484 0.1571723
0.003147084 0.1567018
0.003148684 0.1562312
0.003150284 0.1562312
0.003151884 0.15529
0.003153484 0.1557606
0.003155084 0.1559959
0.003156684 0.1557606
0.003158284 0.1555253
0.003159884 0.1557606
0.003161484 0.1555253
0.003163084 0.1550547
0.003164684 0.15529
0.003166284 0.1543489
0.003167884 0.1534077
0.003169484 0.1527019
0.003171084 0.1512901
0.003172684 0.1501137
0.003174284 0.1491725
0.003175884 0.1479961
0.003177484 0.1465844
0.003179084 0.1461138
0.003180684 0.1435256
0.003182284 0.1430551
0.003183884 0.1416433
0.003185484 0.1409375
0.003187084 0.1390552
0.003188684 0.1388199
0.003190284 0.1378787
0.003191884 0.1383493
0.003193484 0.1376434
0.003195084 0.1378787
0.003196684 0.1378787
0.003198284 0.1378787
0.003199884 0.1376434
0.003201484 0.1383493
0.003203084 0.1378787
0.003204684 0.1388199
0.003206284 0.1385846
0.003207884 0.1385846
0.003209484 0.1385846
0.003211084 0.1395257
0.003212684 0.1385846
0.003214284 0.1390552
0.003215884 0.1383493
0.003217484 0.1376434
0.003219084 0.1374081
0.003220684 0.136467
0.003222284 0.1345847
0.003223884 0.13482
0.003225484 0.1329377
0.003227084 0.1324671
0.003228684 0.1305848
0.003230284 0.1291731
0.003231884 0.1275261
0.003233484 0.1265849
0.003235084 0.1244673
0.003236684 0.1232909
0.003238284 0.120938
0.003239884 0.119291
0.003241484 0.1169381
0.003243084 0.1145852
0.003244684 0.1127029
0.003246284 0.1105853
0.003247884 0.108703
0.003249484 0.1068207
0.003251084 0.1042325
0.003252684 0.1023502
0.003254284 0.1007032
0.003255884 0.0992915
0.003257484 0.09717391
0.003259084 0.09599747
0.003260684 0.09482103
0.003262284 0.0934093
0.003263884 0.09129171
0.003265484 0.09035056
0.003267084 0.08893883
0.003268684 0.08776239
0.003270284 0.08635067
0.003271884 0.08493894
0.003273484 0.0837625
0.003275084 0.08235077
0.003276684 0.08140962
0.003278284 0.07952732
0.003279884 0.0797626
0.003281484 0.07858616
0.003283084 0.07740972
0.003284684 0.075998
0.003286284 0.07505685
0.003287884 0.07388041
0.003289484 0.07293925
0.003291084 0.0719981
0.003292684 0.07129224
0.003294284 0.06988051
0.003295884 0.06940994
0.003297484 0.06776292
0.003299084 0.06705706
0.003300684 0.06635119
0.003302284 0.06470418
0.003303884 0.0642336
0.003305484 0.06282187
0.003307084 0.06188072
0.003308684 0.06070428
0.003310284 0.05999842
0.003311884 0.05858669
0.003313484 0.05811612
0.003315084 0.05693968
0.003316684 0.0564691
0.003318284 0.05505737
0.003319884 0.0545868
0.003321484 0.05411622
0.003323084 0.05364565
0.003324684 0.05270449
0.003326284 0.05223392
0.003327884 0.05152805
0.003329484 0.05105748
0.003331084 0.0505869
0.003332684 0.05035161
0.003334284 0.04964575
0.003335884 0.04988104
0.003337484 0.04893989
0.003339084 0.0487046
0.003340684 0.04776345
0.003342284 0.04823402
0.003343884 0.04752816
0.003345484 0.04705758
0.003347084 0.04635172
0.003348684 0.04588114
0.003350284 0.04493999
0.003351884 0.04423413
0.003353484 0.0428224
0.003355084 0.04117539
0.003356684 0.03929308
0.003358284 0.03811664
0.003359884 0.03576376
0.003361484 0.03341088
0.003363084 0.03105801
0.003364684 0.02870513
0.003366284 0.02564638
0.003367884 0.0232935
0.003369484 0.01999947
0.003371084 0.01741131
0.003372684 0.01458785
0.003374284 0.0117644
0.003375884 0.009411517
0.003377484 0.006352774
0.003379084 0.003999895
0.003380684 0.001647015
0.003382284 -0.0004705758
0.003383884 -0.002352879
0.003385484 -0.005176334
0.003387084 -0.00682335
0.003388684 -0.009176229
0.003390284 -0.01105853
0.003391884 -0.01270555
0.003393484 -0.01435256
0.003395084 -0.01647015
0.003396684 -0.01764659
0.003398284 -0.01976419
0.003399884 -0.0214112
0.003401484 -0.02282293
0.003403084 -0.02470523
0.003404684 -0.02611696
0.003406284 -0.0272934
0.003407884 -0.0291757
0.003409484 -0.03105801
0.003411084 -0.03270502
0.003412684 -0.03388146
0.003414284 -0.03529319
0.003415884 -0.03623434
0.003417484 -0.03764607
0.003419084 -0.03764607
0.003420684 -0.03952837
0.003422284 -0.04046952
0.003423884 -0.04141067
0.003425484 -0.04141067
0.003427084 -0.04305769
0.003428684 -0.04352826
0.003430284 -0.04376355
0.003431884 -0.04376355
0.003433484 -0.04423413
0.003435084 -0.04399884
0.003436684 -0.0447047
0.003438284 -0.04423413
0.003439884 -0.04493999
0.003441484 -0.0447047
0.003443084 -0.04423413
0.003444684 -0.04423413
0.003446284 -0.0447047
0.003447884 -0.04399884
0.003449484 -0.04399884
0.003451084 -0.04352826
0.003452684 -0.04376355
0.003454284 -0.04376355
0.003455884 -0.04376355
0.003457484 -0.04376355
0.003459084 -0.04305769
0.003460684 -0.04258711
0.003462284 -0.04235183
0.003463884 -0.04211654
0.003465484 -0.04211654
0.003467084 -0.04141067
0.003468684 -0.04164596
0.003470284 -0.0409401
0.003471884 -0.04164596
0.003473484 -0.04023423
0.003475084 -0.03999895
0.003476684 -0.03929308
0.003478284 -0.04023423
0.003479884 -0.03952837
0.003481484 -0.03999895
0.003483084 -0.03999895
0.003484684 -0.03952837
0.003486284 -0.03976366
0.003487884 -0.04023423
0.003489484 -0.04023423
0.003491084 -0.04117539
0.003492684 -0.0409401
0.003494284 -0.04188125
0.003495884 -0.04235183
0.003497484 -0.04352826
0.003499084 -0.04399884
0.003500684 -0.04564586
0.003502284 -0.04564586
0.003503884 -0.04729287
0.003505484 -0.04917517
0.003507084 -0.05035161
0.003508684 -0.05176334
0.003510284 -0.05364565
0.003511884 -0.05529266
0.003513484 -0.05717496
0.003515084 -0.05882198
0.003516684 -0.06093957
0.003518284 -0.0623513
0.003519884 -0.0642336
0.003521484 -0.06635119
0.003523084 -0.06870407
0.003524684 -0.07082166
0.003526284 -0.07246868
0.003527884 -0.07458627
0.003529484 -0.07693915
0.003531084 -0.07858616
0.003532684 -0.08070376
0.003534284 -0.08235077
0.003535884 -0.08399779
0.003537484 -0.08517423
0.003539084 -0.08682124
0.003540684 -0.08799768
0.003542284 -0.08893883
0.003543884 -0.09035056
0.003545484 -0.091527
0.003547084 -0.09223286
0.003548684 -0.09364459
0.003550284 -0.09458574
0.003551884 -0.09552689
0.003553484 -0.09552689
0.003555084 -0.09717391
0.003556684 -0.09811506
0.003558284 -0.09858564
0.003559884 -0.0992915
0.003561484 -0.1002327
0.003563084 -0.1004679
0.003564684 -0.1014091
0.003566284 -0.1014091
0.003567884 -0.1025855
0.003569484 -0.1028208
0.003571084 -0.1032914
0.003572684 -0.1032914
0.003574284 -0.1044678
0.003575884 -0.1042325
0.003577484 -0.1049384
0.003579084 -0.1049384
0.003580684 -0.1056443
0.003582284 -0.1056443
0.003583884 -0.1061149
0.003585484 -0.105409
0.003587084 -0.1063501
0.003588684 -0.1063501
0.003590284 -0.1058796
0.003591884 -0.105409
0.003593484 -0.1056443
0.003595084 -0.1051737
0.003596684 -0.1049384
0.003598284 -0.1051737
0.003599884 -0.1056443
0.003601484 -0.1061149
0.003603084 -0.1061149
0.003604684 -0.1056443
0.003606284 -0.1065854
0.003607884 -0.1072913
0.003609484 -0.1079972
0.003611084 -0.1089383
0.003612684 -0.1096442
0.003614284 -0.1110559
0.003615884 -0.1124676
0.003617484 -0.1138794
0.003619084 -0.1157617
0.003620684 -0.1174087
0.003622284 -0.1197615
0.003623884 -0.1214086
0.003625484 -0.1230556
0.003627084 -0.125879
0.003628684 -0.1279966
0.003630284 -0.1296436
0.003631884 -0.1329377
0.003633484 -0.13482
0.003635084 -0.1371729
0.003636684 -0.1395257
0.003638284 -0.1416433
0.003639884 -0.1442315
0.003641484 -0.1463491
0.003643084 -0.1484667
0.003644684 -0.1508196
0.003646284 -0.1527019
0.003647884 -0.1545842
0.003649484 -0.156937
0.003651084 -0.1588193
0.003652684 -0.1607016
0.003654284 -0.1632898
0.003655884 -0.1656427
0.003657484 -0.1670544
0.003659084 -0.1694073
0.003660684 -0.1719955
0.003662284 -0.1741131
0.003663884 -0.1769365
0.003665484 -0.1788188
0.003667084 -0.1816423
0.003668684 -0.1842304
0.003670284 -0.1875245
0.003671884 -0.1896421
0.003673484 -0.1934067
0.003675084 -0.1957595
0.003676684 -0.1990536
0.003678284 -0.2016417
0.003679884 -0.2047005
0.003681484 -0.2072887
0.003683084 -0.2103474
0.003684684 -0.212465
0.003686284 -0.2155237
0.003687884 -0.2171707
0.003689484 -0.2197589
0.003691084 -0.2216412
0.003692684 -0.2242294
0.003694284 -0.2254058
0.003695884 -0.2272881
0.003697484 -0.2291704
0.003699084 -0.2308174
0.003700684 -0.2317586
0.003702284 -0.2331703
0.003703884 -0.2338762
0.003705484 -0.2345821
0.003707084 -0.2352879
0.003708684 -0.2357585
0.003710284 -0.2366996
0.003711884 -0.2371702
0.003713484 -0.2374055
0.003715084 -0.2383467
0.003716684 -0.2388172
0.003718284 -0.2395231
0.003719884 -0.2397584
0.003721484 -0.240229
0.003723084 -0.2406995
0.003724684 -0.2414054
0.003726284 -0.2416407
0.003727884 -0.2430524
0.003729484 -0.2425818
0.003731084 -0.243523
0.003732684 -0.2437583
0.003734284 -0.2437583
0.003735884 -0.2446994
0.003737484 -0.24517
0.003739084 -0.2456406
0.003740684 -0.2463464
0.003742284 -0.2461112
0.003743884 -0.2472876
0.003745484 -0.2470523
0.003747084 -0.2477582
0.003748684 -0.2470523
0.003750284 -0.2475229
0.003751884 -0.2475229
0.003753484 -0.2472876
0.003755084 -0.2479935
0.003756684 -0.2486993
0.003758284 -0.2491699
0.003759884 -0.2489346
0.003761484 -0.2491699
0.003763084 -0.2501111
0.003764684 -0.2503463
0.003766284 -0.2512875
0.003767884 -0.2524639
0.003769484 -0.2531698
0.003771084 -0.2538757
0.003772684 -0.2552874
0.003774284 -0.2566991
0.003775884 -0.257405
0.003777484 -0.2592873
0.003779084 -0.260699
0.003780684 -0.2621107
0.003782284 -0.2649342
0.003783884 -0.2661106
0.003785484 -0.2682282
0.003787084 -0.2703458
0.003788684 -0.2724634
0.003790284 -0.2736398
0.003791884 -0.2759927
0.003793484 -0.277875
0.003795084 -0.2799926
0.003796684 -0.2816396
0.003798284 -0.2842278
0.003799884 -0.2858748
0.003801484 -0.2875218
0.003803084 -0.2894041
0.003804684 -0.2908159
0.003806284 -0.2922276
0.003807884 -0.2936393
0.003809484 -0.2952863
0.003811084 -0.2959922
0.003812684 -0.2971686
0.003814284 -0.2985804
0.003815884 -0.2992862
0.003817484 -0.2997568
0.003819084 -0.300698
0.003820684 -0.3011685
0.003822284 -0.3011685
0.003823884 -0.3021097
0.003825484 -0.3028155
0.003827084 -0.3030508
0.003828684 -0.3018744
0.003830284 -0.3028155
0.003831884 -0.3028155
0.003833484 -0.3028155
0.003835084 -0.3021097
0.003836684 -0.3016391
0.003838284 -0.3014038
0.003839884 -0.3014038
0.003841484 -0.3004627
0.003843084 -0.2999921
0.003844684 -0.2995215
0.003846284 -0.2990509
0.003847884 -0.2976392
0.003849484 -0.2969334
0.003851084 -0.2957569
0.003852684 -0.2955216
0.003854284 -0.2936393
0.003855884 -0.2926982
0.003857484 -0.291757
0.003859084 -0.2910512
0.003860684 -0.2896394
0.003862284 -0.288463
0.003863884 -0.2875218
0.003865484 -0.2863454
0.003867084 -0.285169
0.003868684 -0.2842278
0.003870284 -0.2837572
0.003871884 -0.2821102
0.003873484 -0.2806985
0.003875084 -0.2799926
0.003876684 -0.277875
0.003878284 -0.2771692
0.003879884 -0.276228
0.003881484 -0.2755222
0.003883084 -0.2741104
0.003884684 -0.2734046
0.003886284 -0.2722281
0.003887884 -0.2715223
0.003889484 -0.2701105
0.003891084 -0.2698752
0.003892684 -0.2691694
0.003894284 -0.2682282
0.003895884 -0.2679929
0.003897484 -0.2670518
0.003899084 -0.2668165
0.003900684 -0.2668165
0.003902284 -0.2665812
0.003903884 -0.2661106
0.003905484 -0.2661106
0.003907084 -0.2661106
0.003908684 -0.2661106
0.003910284 -0.2665812
0.003911884 -0.2658753
0.003913484 -0.2663459
0.003915084 -0.2665812
0.003916684 -0.2670518
0.003918284 -0.2663459
0.003919884 -0.2668165
0.003921484 -0.2679929
0.003923084 -0.2679929
0.003924684 -0.2684635
0.003926284 -0.2689341
0.003927884 -0.2701105
0.003929484 -0.2703458
0.003931084 -0.2710517
0.003932684 -0.2722281
0.003934284 -0.2724634
0.003935884 -0.274581
0.003937484 -0.2748163
0.003939084 -0.2757574
0.003940684 -0.2766986
0.003942284 -0.277875
0.003943884 -0.2785809
0.003945484 -0.2802279
0.003947084 -0.2802279
0.003948684 -0.2823455
0.003950284 -0.2821102
0.003951884 -0.2830514
0.003953484 -0.2832867
0.003955084 -0.2846984
0.003956684 -0.2846984
0.003958284 -0.2849337
0.003959884 -0.2854042
0.003961484 -0.2854042
0.003963084 -0.2858748
0.003964684 -0.2861101
0.003966284 -0.2858748
0.003967884 -0.2863454
0.003969484 -0.2865807
0.003971084 -0.2861101
0.003972684 -0.2854042
0.003974284 -0.2856395
0.003975884 -0.2854042
0.003977484 -0.2856395
0.003979084 -0.2846984
0.003980684 -0.2839925
0.003982284 -0.2842278
0.003983884 -0.2839925
0.003985484 -0.2830514
0.003987084 -0.2825808
0.003988684 -0.2821102
0.003990284 -0.2818749
0.003991884 -0.2806985
0.003993484 -0.2799926
0.003995084 -0.279522
0.003996684 -0.2781103
0.003998284 -0.2774045
0.003999884 -0.2764633
0.004001484 -0.2748163
0.004003084 -0.2738751
0.004004684 -0.2726987
0.004006284 -0.2717575
0.004007884 -0.2703458
0.004009484 -0.2686988
0.004011084 -0.2672871
0.004012684 -0.2656401
0.004014284 -0.2632872
0.004015884 -0.2618755
0.004017484 -0.2599931
0.004019084 -0.2583461
0.004020684 -0.2564638
0.004022284 -0.2545815
0.004023884 -0.2531698
0.004025484 -0.2519934
0.004027084 -0.2498758
0.004028684 -0.2489346
0.004030284 -0.246817
0.004031884 -0.2456406
0.004033484 -0.2439936
0.004035084 -0.243523
0.004036684 -0.2421113
0.004038284 -0.2414054
0.004039884 -0.2404643
0.004041484 -0.2406995
0.004043084 -0.2397584
0.004044684 -0.2397584
0.004046284 -0.2395231
0.004047884 -0.2397584
0.004049484 -0.2390525
0.004051084 -0.2392878
0.004052684 -0.2392878
0.004054284 -0.2390525
0.004055884 -0.2395231
0.004057484 -0.2385819
0.004059084 -0.2385819
0.004060684 -0.2388172
0.004062284 -0.2385819
0.004063884 -0.2390525
0.004065484 -0.2381114
0.004067084 -0.2383467
0.004068684 -0.2378761
0.004070284 -0.2376408
0.004071884 -0.2374055
0.004073484 -0.2369349
0.004075084 -0.2364644
0.004076684 -0.2355232
0.004078284 -0.2352879
0.004079884 -0.2352879
0.004081484 -0.2338762
0.004083084 -0.2343468
0.004084684 -0.2334056
0.004086284 -0.2324645
0.004087884 -0.2322292
0.004089484 -0.2317586
0.004091084 -0.2310527
0.004092684 -0.2305822
0.004094284 -0.2303469
0.004095884 -0.229641
0.004097484 -0.2289351
0.004099084 -0.227994
0.004100684 -0.2277587
0.004102284 -0.2275234
0.004103884 -0.2258764
0.004105484 -0.2254058
0.004107084 -0.2244647
0.004108684 -0.2232882
0.004110284 -0.2221118
0.004111884 -0.2216412
0.004113484 -0.2197589
0.004115084 -0.2190531
0.004116684 -0.2171707
0.004118284 -0.215759
0.004119884 -0.214112
0.004121484 -0.2119944
0.004123084 -0.2101121
0.004124684 -0.2082298
0.004126284 -0.2063475
0.004127884 -0.2051711
0.004129484 -0.2028182
0.004131084 -0.2007006
0.004132684 -0.198583
0.004134284 -0.196936
0.004135884 -0.1948184
0.004137484 -0.1927008
0.004139084 -0.1908185
0.004140684 -0.1889362
0.004142284 -0.1868186
0.004143884 -0.184701
0.004145484 -0.1823481
0.004147084 -0.1809364
0.004148684 -0.1790541
0.004150284 -0.1771718
0.004151884 -0.1755248
0.004153484 -0.1736425
0.004155084 -0.1715249
0.004156684 -0.1701132
0.004158284 -0.1677603
0.004159884 -0.1665838
0.004161484 -0.1639957
0.004163084 -0.1630545
0.004164684 -0.1609369
0.004166284 -0.1599958
0.004167884 -0.1581135
0.004169484 -0.1559959
0.004171084 -0.1543489
0.004172684 -0.1527019
0.004174284 -0.1512901
0.004175884 -0.1496431
0.004177484 -0.1477608
0.004179084 -0.1468197
0.004180684 -0.1454079
0.004182284 -0.1437609
0.004183884 -0.1428198
0.004185484 -0.1409375
0.004187084 -0.139761
0.004188684 -0.1392904
0.004190284 -0.1376434
0.004191884 -0.1367023
0.004193484 -0.1355258
0.004195084 -0.1345847
0.004196684 -0.1336435
0.004198284 -0.1334082
0.004199884 -0.1327024
0.004201484 -0.1315259
