LECROYWS4024HD 19320 Waveform
Segments 1 SegmentSize 3127
Segment TrigTime TimeSinceSegment1
#1 19-Jun-2024 15:51:05 0                 
Time Ampl
-0.0008002826 -0.0004705758
-0.0007986826 0
-0.0007970826 0
-0.0007954826 -0.0002352879
-0.0007938826 -0.0002352879
-0.0007922826 0.0004705758
-0.0007906826 -0.0002352879
-0.0007890826 -0.0009411517
-0.0007874826 0
-0.0007858826 -0.0002352879
-0.0007842826 -0.0002352879
-0.0007826826 -0.0002352879
-0.0007810826 0.0002352879
-0.0007794826 -0.0004705758
-0.0007778826 -0.0004705758
-0.0007762826 -0.0004705758
-0.0007746826 0.0004705758
-0.0007730826 -0.0002352879
-0.0007714826 0
-0.0007698826 -0.0004705758
-0.0007682826 0
-0.0007666826 -0.0004705758
-0.0007650826 -0.0007058638
-0.0007634826 -0.0002352879
-0.0007618826 0
-0.0007602826 -0.0004705758
-0.0007586826 0.0002352879
-0.0007570826 -0.0002352879
-0.0007554826 -0.0002352879
-0.0007538826 -0.0002352879
-0.0007522826 -0.0002352879
-0.0007506826 -0.0004705758
-0.0007490826 -0.0009411517
-0.0007474826 -0.0002352879
-0.0007458826 -0.0004705758
-0.0007442826 -0.0002352879
-0.0007426826 -0.0004705758
-0.0007410826 -0.0009411517
-0.0007394826 -0.0002352879
-0.0007378826 -0.0004705758
-0.0007362826 0.0002352879
-0.0007346826 -0.0002352879
-0.0007330826 0.0002352879
-0.0007314826 -0.0007058638
-0.0007298826 -0.0002352879
-0.0007282826 -0.0002352879
-0.0007266826 0
-0.0007250826 -0.0002352879
-0.0007234826 0
-0.0007218826 -0.0004705758
-0.0007202826 -0.0002352879
-0.0007186826 -0.0004705758
-0.0007170826 0
-0.0007154826 -0.0002352879
-0.0007138826 -0.0004705758
-0.0007122826 0.0002352879
-0.0007106826 0.0002352879
-0.0007090826 -0.0004705758
-0.0007074826 0
-0.0007058826 -0.0002352879
-0.0007042826 -0.0004705758
-0.0007026826 -0.0004705758
-0.0007010826 0
-0.0006994826 0
-0.0006978826 -0.0002352879
-0.0006962826 -0.0007058638
-0.0006946826 0.0004705758
-0.0006930826 -0.0004705758
-0.0006914826 0
-0.0006898826 -0.0004705758
-0.0006882826 0.0004705758
-0.0006866826 0
-0.0006850826 -0.0007058638
-0.0006834826 -0.0002352879
-0.0006818826 0.0002352879
-0.0006802826 0.0002352879
-0.0006786826 -0.0002352879
-0.0006770826 -0.0004705758
-0.0006754826 0
-0.0006738826 -0.0002352879
-0.0006722826 0.0002352879
-0.0006706826 0
-0.0006690826 -0.0002352879
-0.0006674826 -0.0002352879
-0.0006658826 -0.0002352879
-0.0006642826 -0.0002352879
-0.0006626826 -0.0002352879
-0.0006610826 -0.0002352879
-0.0006594826 0.0002352879
-0.0006578826 0
-0.0006562826 0
-0.0006546826 -0.0002352879
-0.0006530826 0.0002352879
-0.0006514826 0.0002352879
-0.0006498826 -0.0002352879
-0.0006482826 -0.0002352879
-0.0006466826 -0.0002352879
-0.0006450826 -0.0002352879
-0.0006434826 0.0002352879
-0.0006418826 -0.0002352879
-0.0006402826 0.0004705758
-0.0006386826 0.0002352879
-0.0006370826 -0.0004705758
-0.0006354826 -0.0002352879
-0.0006338826 -0.0004705758
-0.0006322826 -0.0007058638
-0.0006306826 0.0002352879
-0.0006290826 -0.0002352879
-0.0006274826 0
-0.0006258826 0
-0.0006242826 -0.0002352879
-0.0006226826 -0.0002352879
-0.0006210826 0.0002352879
-0.0006194826 0.0002352879
-0.0006178826 -0.0002352879
-0.0006162826 -0.0004705758
-0.0006146826 0.0004705758
-0.0006130826 -0.0004705758
-0.0006114826 0
-0.0006098826 -0.0002352879
-0.0006082826 0
-0.0006066826 -0.0004705758
-0.0006050826 0
-0.0006034826 0.0002352879
-0.0006018826 -0.0004705758
-0.0006002826 -0.0002352879
-0.0005986826 -0.0002352879
-0.0005970826 -0.0007058638
-0.0005954826 -0.0004705758
-0.0005938826 -0.0004705758
-0.0005922826 -0.0004705758
-0.0005906826 -0.0004705758
-0.0005890826 -0.0004705758
-0.0005874826 0
-0.0005858826 0
-0.0005842826 -0.0002352879
-0.0005826826 0
-0.0005810826 -0.0002352879
-0.0005794826 -0.0002352879
-0.0005778826 -0.0004705758
-0.0005762826 0
-0.0005746826 -0.0004705758
-0.0005730826 0
-0.0005714826 0
-0.0005698826 -0.0002352879
-0.0005682826 -0.0007058638
-0.0005666826 0
-0.0005650826 -0.0002352879
-0.0005634826 0
-0.0005618826 -0.0007058638
-0.0005602826 -0.0002352879
-0.0005586826 0
-0.0005570826 0.0002352879
-0.0005554826 0
-0.0005538826 0
-0.0005522826 -0.0002352879
-0.0005506826 -0.0002352879
-0.0005490826 -0.0002352879
-0.0005474826 -0.0002352879
-0.0005458826 -0.0009411517
-0.0005442826 -0.0002352879
-0.0005426826 -0.0004705758
-0.0005410826 -0.0004705758
-0.0005394826 -0.0002352879
-0.0005378826 0.0002352879
-0.0005362826 -0.0004705758
-0.0005346826 -0.0004705758
-0.0005330826 -0.0002352879
-0.0005314826 0.0002352879
-0.0005298826 -0.0002352879
-0.0005282826 -0.0002352879
-0.0005266826 0.0002352879
-0.0005250826 0
-0.0005234826 -0.0002352879
-0.0005218826 -0.0004705758
-0.0005202826 -0.0002352879
-0.0005186826 0.0002352879
-0.0005170826 -0.0004705758
-0.0005154826 0
-0.0005138826 -0.0009411517
-0.0005122826 -0.0007058638
-0.0005106826 -0.0002352879
-0.0005090826 0.0004705758
-0.0005074826 0.0004705758
-0.0005058826 -0.0004705758
-0.0005042826 0
-0.0005026826 -0.0007058638
-0.0005010826 -0.0002352879
-0.0004994826 -0.0004705758
-0.0004978826 -0.0002352879
-0.0004962826 -0.0004705758
-0.0004946826 0
-0.0004930826 -0.0004705758
-0.0004914826 -0.0004705758
-0.0004898826 0.0002352879
-0.0004882826 0.0002352879
-0.0004866826 -0.0002352879
-0.0004850826 -0.0002352879
-0.0004834826 0.0002352879
-0.0004818826 -0.0007058638
-0.0004802826 -0.0002352879
-0.0004786826 -0.0004705758
-0.0004770826 -0.0002352879
-0.0004754826 0.0002352879
-0.0004738826 0
-0.0004722826 -0.0002352879
-0.0004706826 -0.0002352879
-0.0004690826 -0.0002352879
-0.0004674826 -0.0004705758
-0.0004658826 0
-0.0004642826 0
-0.0004626826 -0.0004705758
-0.0004610826 0
-0.0004594826 0
-0.0004578826 0.0002352879
-0.0004562826 -0.0002352879
-0.0004546826 0
-0.0004530826 0
-0.0004514826 0
-0.0004498826 -0.0004705758
-0.0004482826 0.0002352879
-0.0004466826 -0.0007058638
-0.0004450826 -0.0002352879
-0.0004434826 -0.0002352879
-0.0004418826 -0.0002352879
-0.0004402826 -0.0004705758
-0.0004386826 -0.0002352879
-0.0004370826 0
-0.0004354826 -0.0002352879
-0.0004338826 -0.0007058638
-0.0004322826 0
-0.0004306826 -0.0002352879
-0.0004290826 0.0002352879
-0.0004274826 -0.0002352879
-0.0004258826 0.0002352879
-0.0004242826 -0.0002352879
-0.0004226826 -0.0002352879
-0.0004210826 -0.0002352879
-0.0004194826 -0.0002352879
-0.0004178826 -0.0004705758
-0.0004162826 -0.0002352879
-0.0004146826 -0.0002352879
-0.0004130826 -0.0002352879
-0.0004114826 -0.0004705758
-0.0004098826 -0.0002352879
-0.0004082826 0
-0.0004066826 -0.0002352879
-0.0004050826 -0.0002352879
-0.0004034826 -0.0004705758
-0.0004018826 0
-0.0004002826 -0.0002352879
-0.0003986826 -0.0004705758
-0.0003970826 0
-0.0003954826 -0.0002352879
-0.0003938826 -0.0002352879
-0.0003922826 -0.0002352879
-0.0003906826 -0.0007058638
-0.0003890826 0
-0.0003874826 -0.0002352879
-0.0003858826 -0.0002352879
-0.0003842826 0
-0.0003826826 0
-0.0003810826 0.0004705758
-0.0003794826 -0.0004705758
-0.0003778826 -0.0002352879
-0.0003762826 -0.0004705758
-0.0003746826 -0.0004705758
-0.0003730826 -0.0007058638
-0.0003714826 0.0002352879
-0.0003698826 -0.0002352879
-0.0003682826 -0.0002352879
-0.0003666826 0.0002352879
-0.0003650826 -0.0004705758
-0.0003634826 -0.0002352879
-0.0003618826 -0.0002352879
-0.0003602826 -0.0004705758
-0.0003586826 -0.0004705758
-0.0003570826 -0.0002352879
-0.0003554826 -0.0004705758
-0.0003538826 -0.0004705758
-0.0003522826 0.0002352879
-0.0003506826 0
-0.0003490826 -0.0002352879
-0.0003474826 -0.0004705758
-0.0003458826 0.0002352879
-0.0003442826 0
-0.0003426826 -0.0002352879
-0.0003410826 -0.0002352879
-0.0003394826 -0.0002352879
-0.0003378826 -0.0002352879
-0.0003362826 -0.0004705758
-0.0003346826 -0.0004705758
-0.0003330826 0.0004705758
-0.0003314826 -0.0004705758
-0.0003298826 -0.0002352879
-0.0003282826 -0.0002352879
-0.0003266826 0
-0.0003250826 -0.0004705758
-0.0003234826 -0.0002352879
-0.0003218826 0
-0.0003202826 -0.0002352879
-0.0003186826 -0.0004705758
-0.0003170826 -0.0004705758
-0.0003154826 -0.0004705758
-0.0003138826 0.0002352879
-0.0003122826 -0.0004705758
-0.0003106826 -0.0002352879
-0.0003090826 -0.0007058638
-0.0003074826 0
-0.0003058826 -0.0002352879
-0.0003042826 -0.0002352879
-0.0003026826 -0.0002352879
-0.0003010826 -0.0002352879
-0.0002994826 -0.0002352879
-0.0002978826 0.0002352879
-0.0002962826 0
-0.0002946826 0
-0.0002930826 -0.0004705758
-0.0002914826 0
-0.0002898826 0
-0.0002882826 -0.0004705758
-0.0002866826 -0.0002352879
-0.0002850826 0.0002352879
-0.0002834826 -0.0002352879
-0.0002818826 -0.0004705758
-0.0002802826 -0.0004705758
-0.0002786826 0.0002352879
-0.0002770826 -0.0002352879
-0.0002754826 0.0002352879
-0.0002738826 -0.0002352879
-0.0002722826 0
-0.0002706826 -0.0002352879
-0.0002690826 -0.0004705758
-0.0002674826 -0.0002352879
-0.0002658826 0.0002352879
-0.0002642826 0
-0.0002626826 0
-0.0002610826 0
-0.0002594826 0.0002352879
-0.0002578826 -0.0002352879
-0.0002562826 -0.0002352879
-0.0002546826 0
-0.0002530826 0.0002352879
-0.0002514826 0
-0.0002498826 0
-0.0002482826 -0.0002352879
-0.0002466826 0
-0.0002450826 -0.0002352879
-0.0002434826 0.0004705758
-0.0002418826 0.0002352879
-0.0002402826 -0.0002352879
-0.0002386826 -0.0007058638
-0.0002370826 -0.0002352879
-0.0002354826 -0.0004705758
-0.0002338826 -0.0002352879
-0.0002322826 -0.0004705758
-0.0002306826 -0.0004705758
-0.0002290826 -0.0007058638
-0.0002274826 -0.0002352879
-0.0002258826 -0.0002352879
-0.0002242826 -0.0002352879
-0.0002226826 0.0002352879
-0.0002210826 -0.0002352879
-0.0002194826 -0.0007058638
-0.0002178826 0.0002352879
-0.0002162826 -0.0002352879
-0.0002146826 -0.0004705758
-0.0002130826 0
-0.0002114826 -0.0002352879
-0.0002098826 -0.0002352879
-0.0002082826 0.0002352879
-0.0002066826 -0.0002352879
-0.0002050826 -0.0002352879
-0.0002034826 0
-0.0002018826 -0.0002352879
-0.0002002826 -0.0002352879
-0.0001986826 0.0002352879
-0.0001970826 0
-0.0001954826 -0.0002352879
-0.0001938826 -0.0002352879
-0.0001922826 -0.0002352879
-0.0001906826 0
-0.0001890826 0
-0.0001874826 -0.0002352879
-0.0001858826 0
-0.0001842826 -0.0002352879
-0.0001826826 0
-0.0001810826 -0.0002352879
-0.0001794826 0.0002352879
-0.0001778826 0.0002352879
-0.0001762826 -0.0004705758
-0.0001746826 -0.0002352879
-0.0001730826 -0.0004705758
-0.0001714826 0
-0.0001698826 -0.0004705758
-0.0001682826 0
-0.0001666826 0
-0.0001650826 -0.0002352879
-0.0001634826 -0.0004705758
-0.0001618826 -0.0004705758
-0.0001602826 -0.0002352879
-0.0001586826 -0.0004705758
-0.0001570826 0.0004705758
-0.0001554826 -0.0002352879
-0.0001538826 0.0002352879
-0.0001522826 -0.0007058638
-0.0001506826 0
-0.0001490826 -0.0004705758
-0.0001474826 -0.0004705758
-0.0001458826 -0.0002352879
-0.0001442826 -0.0004705758
-0.0001426826 0
-0.0001410826 -0.0002352879
-0.0001394826 -0.0002352879
-0.0001378826 -0.0002352879
-0.0001362826 -0.0002352879
-0.0001346826 0
-0.0001330826 -0.0004705758
-0.0001314826 -0.0002352879
-0.0001298826 -0.0007058638
-0.0001282826 -0.0002352879
-0.0001266826 -0.0004705758
-0.0001250826 -0.0004705758
-0.0001234826 -0.0004705758
-0.0001218826 -0.0002352879
-0.0001202826 -0.0002352879
-0.0001186826 0
-0.0001170826 -0.0004705758
-0.0001154826 0
-0.0001138826 -0.0004705758
-0.0001122826 -0.0002352879
-0.0001106826 -0.0004705758
-0.0001090826 0
-0.0001074826 -0.0009411517
-0.0001058826 0
-0.0001042826 -0.0004705758
-0.0001026826 0
-0.0001010826 -0.0004705758
-9.94826e-005 0
-9.78826e-005 -0.0004705758
-9.62826e-005 0
-9.46826e-005 0.0002352879
-9.30826e-005 -0.0004705758
-9.14826e-005 0
-8.98826e-005 0.0004705758
-8.82826e-005 0.0004705758
-8.66826e-005 0.0009411517
-8.50826e-005 0.001411728
-8.34826e-005 0.002352879
-8.18826e-005 0.003294031
-8.02826e-005 0.002588167
-7.86826e-005 0.001411728
-7.70826e-005 0.00117644
-7.54826e-005 -0.0007058638
-7.38826e-005 -0.005411622
-7.22826e-005 -0.01152911
-7.06826e-005 -0.01741131
-6.90826e-005 -0.02446994
-6.74826e-005 -0.03035214
-6.58826e-005 -0.03717549
-6.42826e-005 -0.04446942
-6.26826e-005 -0.0545868
-6.10826e-005 -0.0642336
-5.94826e-005 -0.07835088
-5.78826e-005 -0.09199758
-5.62826e-005 -0.1072913
-5.46826e-005 -0.1223497
-5.30826e-005 -0.1367023
-5.14826e-005 -0.1498784
-4.98826e-005 -0.1616428
-4.82826e-005 -0.1717602
-4.66826e-005 -0.1799953
-4.50826e-005 -0.187995
-4.34826e-005 -0.1919949
-4.18826e-005 -0.1844657
-4.02826e-005 -0.1661133
-3.86826e-005 -0.1439962
-3.70826e-005 -0.1272908
-3.54826e-005 -0.1183498
-3.38826e-005 -0.119291
-3.22826e-005 -0.1265849
-3.06826e-005 -0.1322318
-2.90826e-005 -0.1355258
-2.74826e-005 -0.1374081
-2.58826e-005 -0.1336435
-2.42826e-005 -0.1256437
-2.26826e-005 -0.1138794
-2.10826e-005 -0.1011738
-1.94826e-005 -0.08705653
-1.78826e-005 -0.07129224
-1.62826e-005 -0.05317507
-1.46826e-005 -0.03788135
-1.30826e-005 -0.02235235
-1.14826e-005 -0.01223497
-9.8826e-006 -0.007529213
-8.2826e-006 -0.007764501
-6.6826e-006 -0.009411517
-5.0826e-006 -0.01035267
-3.4826e-006 -0.008705653
-1.8826e-006 -0.00564691
-2.826e-007 -0.001411728
1.3174e-006 -0.0002352879
2.9174e-006 -0.001411728
4.5174e-006 -0.005882198
6.1174e-006 -0.01152911
7.7174e-006 -0.01929361
9.3174e-006 -0.0254111
1.09174e-005 -0.03176387
1.25174e-005 -0.03717549
1.41174e-005 -0.04258711
1.57174e-005 -0.04752816
1.73174e-005 -0.05293978
1.89174e-005 -0.05576324
2.05174e-005 -0.05788083
2.21174e-005 -0.05741025
2.37174e-005 -0.0583514
2.53174e-005 -0.05717496
2.69174e-005 -0.05929256
2.85174e-005 -0.06188072
3.01174e-005 -0.06517475
3.17174e-005 -0.06658648
3.33174e-005 -0.06846878
3.49174e-005 -0.07082166
3.65174e-005 -0.07388041
3.81174e-005 -0.07623329
3.97174e-005 -0.08023318
4.13174e-005 -0.0837625
4.29174e-005 -0.08729182
4.45174e-005 -0.09246815
4.61174e-005 -0.09858564
4.77174e-005 -0.1030561
4.93174e-005 -0.1068207
5.09174e-005 -0.1096442
5.25174e-005 -0.1131735
5.41174e-005 -0.1169381
5.57174e-005 -0.1199968
5.73174e-005 -0.122585
5.89174e-005 -0.1247026
6.05174e-005 -0.1261143
6.21174e-005 -0.1277613
6.37174e-005 -0.1263496
6.53174e-005 -0.1239967
6.69174e-005 -0.1178792
6.85174e-005 -0.1112912
7.01174e-005 -0.1044678
7.17174e-005 -0.09905621
7.33174e-005 -0.09246815
7.49174e-005 -0.08870354
7.65174e-005 -0.08470365
7.81174e-005 -0.08117433
7.97174e-005 -0.07764501
8.13174e-005 -0.07411569
8.29174e-005 -0.0682335
8.45174e-005 -0.06305716
8.61174e-005 -0.05552795
8.77174e-005 -0.04893989
8.93174e-005 -0.04188125
9.09174e-005 -0.03717549
9.25174e-005 -0.03176387
9.41174e-005 -0.02635225
9.57174e-005 -0.0214112
9.73174e-005 -0.01717602
9.89174e-005 -0.01341141
0.0001005174 -0.01011738
0.0001021174 -0.007058638
0.0001037174 -0.004235183
0.0001053174 -0.0007058638
0.0001069174 0.001647015
0.0001085174 0.004235183
0.0001101174 0.005411622
0.0001117174 0.00682335
0.0001133174 0.008705653
0.0001149174 0.01129382
0.0001165174 0.01294084
0.0001181174 0.01458785
0.0001197174 0.01529371
0.0001213174 0.01458785
0.0001229174 0.01129382
0.0001245174 0.00682335
0.0001261174 0.0009411517
0.0001277174 -0.00564691
0.0001293174 -0.01152911
0.0001309174 -0.01599958
0.0001325174 -0.02094062
0.0001341174 -0.02399937
0.0001357174 -0.02776397
0.0001373174 -0.02870513
0.0001389174 -0.02846984
0.0001405174 -0.02705811
0.0001421174 -0.02564638
0.0001437174 -0.02446994
0.0001453174 -0.02470523
0.0001469174 -0.02564638
0.0001485174 -0.02776397
0.0001501174 -0.0291757
0.0001517174 -0.03152858
0.0001533174 -0.03529319
0.0001549174 -0.03929308
0.0001565174 -0.04305769
0.0001581174 -0.04729287
0.0001597174 -0.05011633
0.0001613174 -0.05293978
0.0001629174 -0.05505737
0.0001645174 -0.05764554
0.0001661174 -0.05905727
0.0001677174 -0.06070428
0.0001693174 -0.06188072
0.0001709174 -0.06305716
0.0001725174 -0.06399831
0.0001741174 -0.06682177
0.0001757174 -0.06893936
0.0001773174 -0.07176281
0.0001789174 -0.07388041
0.0001805174 -0.07576271
0.0001821174 -0.07552742
0.0001837174 -0.075998
0.0001853174 -0.07364512
0.0001869174 -0.07293925
0.0001885174 -0.07035109
0.0001901174 -0.06682177
0.0001917174 -0.06211601
0.0001933174 -0.05811612
0.0001949174 -0.05293978
0.0001965174 -0.04941046
0.0001981174 -0.04611643
0.0001997174 -0.0447047
0.0002013174 -0.04023423
0.0002029174 -0.0369402
0.0002045174 -0.03341088
0.0002061174 -0.03105801
0.0002077174 -0.02894041
0.0002093174 -0.02658753
0.0002109174 -0.02446994
0.0002125174 -0.02211706
0.0002141174 -0.02023476
0.0002157174 -0.01976419
0.0002173174 -0.01835246
0.0002189174 -0.01811717
0.0002205174 -0.01576429
0.0002221174 -0.01505843
0.0002237174 -0.01247026
0.0002253174 -0.01129382
0.0002269174 -0.008940941
0.0002285174 -0.007999789
0.0002301174 -0.00564691
0.0002317174 -0.005176334
0.0002333174 -0.004235183
0.0002349174 -0.003764607
0.0002365174 -0.003529319
0.0002381174 -0.003529319
0.0002397174 -0.003529319
0.0002413174 -0.003294031
0.0002429174 -0.002588167
0.0002445174 -0.0004705758
0.0002461174 0.003058743
0.0002477174 0.006117486
0.0002493174 0.009176229
0.0002509174 0.01129382
0.0002525174 0.01341141
0.0002541174 0.01341141
0.0002557174 0.01270555
0.0002573174 0.01199968
0.0002589174 0.01152911
0.0002605174 0.01129382
0.0002621174 0.01152911
0.0002637174 0.01270555
0.0002653174 0.01341141
0.0002669174 0.01388199
0.0002685174 0.01482314
0.0002701174 0.01576429
0.0002717174 0.01717602
0.0002733174 0.01835246
0.0002749174 0.02047005
0.0002765174 0.02258764
0.0002781174 0.02588167
0.0002797174 0.02941099
0.0002813174 0.03246973
0.0002829174 0.03388146
0.0002845174 0.03529319
0.0002861174 0.0350579
0.0002877174 0.03552848
0.0002893174 0.03458732
0.0002909174 0.0331756
0.0002925174 0.03082272
0.0002941174 0.02988157
0.0002957174 0.02846984
0.0002973174 0.02870513
0.0002989174 0.0272934
0.0003005174 0.02588167
0.0003021174 0.02376408
0.0003037174 0.0214112
0.0003053174 0.01858775
0.0003069174 0.01694073
0.0003085174 0.01294084
0.0003101174 0.009646805
0.0003117174 0.004941046
0.0003133174 0.0009411517
0.0003149174 -0.003999895
0.0003165174 -0.006588062
0.0003181174 -0.009411517
0.0003197174 -0.0117644
0.0003213174 -0.01341141
0.0003229174 -0.01341141
0.0003245174 -0.0136467
0.0003261174 -0.01223497
0.0003277174 -0.01152911
0.0003293174 -0.01082324
0.0003309174 -0.009882093
0.0003325174 -0.007999789
0.0003341174 -0.007058638
0.0003357174 -0.004235183
0.0003373174 -0.002352879
0.0003389174 0
0.0003405174 0.001411728
0.0003421174 0.004235183
0.0003437174 0.007764501
0.0003453174 0.0117644
0.0003469174 0.01411728
0.0003485174 0.01835246
0.0003501174 0.0214112
0.0003517174 0.02446994
0.0003533174 0.02752869
0.0003549174 0.03058743
0.0003565174 0.03270502
0.0003581174 0.03646963
0.0003597174 0.03858722
0.0003613174 0.04164596
0.0003629174 0.04446942
0.0003645174 0.0468223
0.0003661174 0.04941046
0.0003677174 0.05105748
0.0003693174 0.05129277
0.0003709174 0.0505869
0.0003725174 0.0487046
0.0003741174 0.04611643
0.0003757174 0.04329298
0.0003773174 0.03999895
0.0003789174 0.03623434
0.0003805174 0.03176387
0.0003821174 0.02705811
0.0003837174 0.02376408
0.0003853174 0.01999947
0.0003869174 0.01788188
0.0003885174 0.01435256
0.0003901174 0.01129382
0.0003917174 0.008705653
0.0003933174 0.007058638
0.0003949174 0.004705758
0.0003965174 0.004235183
0.0003981174 0.003058743
0.0003997174 0.002823455
0.0004013174 0.002823455
0.0004029174 0.002588167
0.0004045174 0.003529319
0.0004061174 0.003529319
0.0004077174 0.004941046
0.0004093174 0.005411622
0.0004109174 0.005411622
0.0004125174 0.006117486
0.0004141174 0.005176334
0.0004157174 0.005176334
0.0004173174 0.005411622
0.0004189174 0.005411622
0.0004205174 0.006117486
0.0004221174 0.007293925
0.0004237174 0.007764501
0.0004253174 0.007764501
0.0004269174 0.007529213
0.0004285174 0.006588062
0.0004301174 0.00564691
0.0004317174 0.004941046
0.0004333174 0.005411622
0.0004349174 0.005176334
0.0004365174 0.00447047
0.0004381174 0.00447047
0.0004397174 0.004235183
0.0004413174 0.005411622
0.0004429174 0.006117486
0.0004445174 0.007293925
0.0004461174 0.008705653
0.0004477174 0.009646805
0.0004493174 0.01035267
0.0004509174 0.01011738
0.0004525174 0.008705653
0.0004541174 0.008470365
0.0004557174 0.005882198
0.0004573174 0.00447047
0.0004589174 0.002352879
0.0004605174 0.0004705758
0.0004621174 -0.0007058638
0.0004637174 -0.001882303
0.0004653174 -0.002588167
0.0004669174 -0.003058743
0.0004685174 -0.003058743
0.0004701174 -0.002117591
0.0004717174 -0.001882303
0.0004733174 -0.0004705758
0.0004749174 0.0007058638
0.0004765174 0.002352879
0.0004781174 0.003764607
0.0004797174 0.006352774
0.0004813174 0.007293925
0.0004829174 0.009882093
0.0004845174 0.01082324
0.0004861174 0.01294084
0.0004877174 0.01411728
0.0004893174 0.01435256
0.0004909174 0.01576429
0.0004925174 0.01741131
0.0004941174 0.01882303
0.0004957174 0.02023476
0.0004973174 0.0214112
0.0004989174 0.02352879
0.0005005174 0.02470523
0.0005021174 0.02564638
0.0005037174 0.02658753
0.0005053174 0.02705811
0.0005069174 0.02799926
0.0005085174 0.02964628
0.0005101174 0.03105801
0.0005117174 0.03270502
0.0005133174 0.03411675
0.0005149174 0.0350579
0.0005165174 0.0350579
0.0005181174 0.03741078
0.0005197174 0.03764607
0.0005213174 0.03858722
0.0005229174 0.03905779
0.0005245174 0.04046952
0.0005261174 0.04046952
0.0005277174 0.04070481
0.0005293174 0.0409401
0.0005309174 0.04023423
0.0005325174 0.04046952
0.0005341174 0.04046952
0.0005357174 0.04070481
0.0005373174 0.04141067
0.0005389174 0.04164596
0.0005405174 0.04258711
0.0005421174 0.04258711
0.0005437174 0.04399884
0.0005453174 0.04423413
0.0005469174 0.04564586
0.0005485174 0.04611643
0.0005501174 0.04658701
0.0005517174 0.04635172
0.0005533174 0.04588114
0.0005549174 0.04517528
0.0005565174 0.04352826
0.0005581174 0.04188125
0.0005597174 0.03999895
0.0005613174 0.0369402
0.0005629174 0.03388146
0.0005645174 0.03152858
0.0005661174 0.02870513
0.0005677174 0.02635225
0.0005693174 0.02376408
0.0005709174 0.02094062
0.0005725174 0.01905832
0.0005741174 0.01647015
0.0005757174 0.0136467
0.0005773174 0.01058796
0.0005789174 0.009176229
0.0005805174 0.007058638
0.0005821174 0.006588062
0.0005837174 0.005411622
0.0005853174 0.006117486
0.0005869174 0.006352774
0.0005885174 0.007529213
0.0005901174 0.008470365
0.0005917174 0.009646805
0.0005933174 0.01082324
0.0005949174 0.01270555
0.0005965174 0.01435256
0.0005981174 0.01670544
0.0005997174 0.01929361
0.0006013174 0.02235235
0.0006029174 0.02517581
0.0006045174 0.0291757
0.0006061174 0.03294031
0.0006077174 0.03646963
0.0006093174 0.03858722
0.0006109174 0.04188125
0.0006125174 0.04329298
0.0006141174 0.04493999
0.0006157174 0.04611643
0.0006173174 0.04729287
0.0006189174 0.04705758
0.0006205174 0.04799874
0.0006221174 0.04823402
0.0006237174 0.04823402
0.0006253174 0.0487046
0.0006269174 0.04941046
0.0006285174 0.0487046
0.0006301174 0.0487046
0.0006317174 0.04846931
0.0006333174 0.04893989
0.0006349174 0.04988104
0.0006365174 0.0505869
0.0006381174 0.05105748
0.0006397174 0.05176334
0.0006413174 0.05293978
0.0006429174 0.0545868
0.0006445174 0.05505737
0.0006461174 0.05670439
0.0006477174 0.0564691
0.0006493174 0.05788083
0.0006509174 0.0583514
0.0006525174 0.0583514
0.0006541174 0.0583514
0.0006557174 0.05788083
0.0006573174 0.0564691
0.0006589174 0.05693968
0.0006605174 0.05529266
0.0006621174 0.0545868
0.0006637174 0.05293978
0.0006653174 0.05176334
0.0006669174 0.04964575
0.0006685174 0.04846931
0.0006701174 0.04752816
0.0006717174 0.04541057
0.0006733174 0.04305769
0.0006749174 0.04117539
0.0006765174 0.03952837
0.0006781174 0.03788135
0.0006797174 0.03599905
0.0006813174 0.03576376
0.0006829174 0.03411675
0.0006845174 0.03270502
0.0006861174 0.03176387
0.0006877174 0.03058743
0.0006893174 0.02988157
0.0006909174 0.02823455
0.0006925174 0.02658753
0.0006941174 0.02635225
0.0006957174 0.0254111
0.0006973174 0.02564638
0.0006989174 0.02517581
0.0007005174 0.02635225
0.0007021174 0.02682282
0.0007037174 0.02776397
0.0007053174 0.02894041
0.0007069174 0.03105801
0.0007085174 0.0331756
0.0007101174 0.03599905
0.0007117174 0.03905779
0.0007133174 0.04258711
0.0007149174 0.04541057
0.0007165174 0.04893989
0.0007181174 0.0505869
0.0007197174 0.05411622
0.0007213174 0.05623381
0.0007229174 0.0583514
0.0007245174 0.06046899
0.0007261174 0.06211601
0.0007277174 0.0623513
0.0007293174 0.06305716
0.0007309174 0.06211601
0.0007325174 0.06211601
0.0007341174 0.06188072
0.0007357174 0.06093957
0.0007373174 0.05952784
0.0007389174 0.05952784
0.0007405174 0.05882198
0.0007421174 0.0583514
0.0007437174 0.05717496
0.0007453174 0.05717496
0.0007469174 0.05670439
0.0007485174 0.05693968
0.0007501174 0.05741025
0.0007517174 0.0583514
0.0007533174 0.0583514
0.0007549174 0.05882198
0.0007565174 0.05882198
0.0007581174 0.05929256
0.0007597174 0.05882198
0.0007613174 0.05858669
0.0007629174 0.05764554
0.0007645174 0.05764554
0.0007661174 0.05717496
0.0007677174 0.05717496
0.0007693174 0.05576324
0.0007709174 0.05599852
0.0007725174 0.05552795
0.0007741174 0.05599852
0.0007757174 0.05552795
0.0007773174 0.05670439
0.0007789174 0.05693968
0.0007805174 0.05858669
0.0007821174 0.05929256
0.0007837174 0.06070428
0.0007853174 0.06093957
0.0007869174 0.0623513
0.0007885174 0.06282187
0.0007901174 0.06282187
0.0007917174 0.06211601
0.0007933174 0.06164543
0.0007949174 0.06046899
0.0007965174 0.06070428
0.0007981174 0.05858669
0.0007997174 0.0583514
0.0008013174 0.05717496
0.0008029174 0.05717496
0.0008045174 0.05505737
0.0008061174 0.05552795
0.0008077174 0.05388093
0.0008093174 0.05317507
0.0008109174 0.05152805
0.0008125174 0.04988104
0.0008141174 0.04729287
0.0008157174 0.04588114
0.0008173174 0.04352826
0.0008189174 0.04164596
0.0008205174 0.04023423
0.0008221174 0.03929308
0.0008237174 0.03905779
0.0008253174 0.03905779
0.0008269174 0.03788135
0.0008285174 0.03882251
0.0008301174 0.03858722
0.0008317174 0.03952837
0.0008333174 0.03952837
0.0008349174 0.04046952
0.0008365174 0.04046952
0.0008381174 0.04117539
0.0008397174 0.0409401
0.0008413174 0.04211654
0.0008429174 0.04235183
0.0008445174 0.0428224
0.0008461174 0.04352826
0.0008477174 0.04423413
0.0008493174 0.04423413
0.0008509174 0.04517528
0.0008525174 0.04517528
0.0008541174 0.04517528
0.0008557174 0.04493999
0.0008573174 0.04541057
0.0008589174 0.0447047
0.0008605174 0.04493999
0.0008621174 0.04399884
0.0008637174 0.04446942
0.0008653174 0.04446942
0.0008669174 0.04399884
0.0008685174 0.04446942
0.0008701174 0.0447047
0.0008717174 0.04493999
0.0008733174 0.04588114
0.0008749174 0.04564586
0.0008765174 0.04635172
0.0008781174 0.0468223
0.0008797174 0.04635172
0.0008813174 0.04658701
0.0008829174 0.04705758
0.0008845174 0.04705758
0.0008861174 0.04705758
0.0008877174 0.04705758
0.0008893174 0.04799874
0.0008909174 0.04799874
0.0008925174 0.0487046
0.0008941174 0.04846931
0.0008957174 0.04893989
0.0008973174 0.04941046
0.0008989174 0.04941046
0.0009005174 0.04917517
0.0009021174 0.04846931
0.0009037174 0.04729287
0.0009053174 0.04705758
0.0009069174 0.04611643
0.0009085174 0.04564586
0.0009101174 0.04399884
0.0009117174 0.0428224
0.0009133174 0.04188125
0.0009149174 0.04117539
0.0009165174 0.03999895
0.0009181174 0.03952837
0.0009197174 0.03858722
0.0009213174 0.03764607
0.0009229174 0.03741078
0.0009245174 0.03646963
0.0009261174 0.03670492
0.0009277174 0.0369402
0.0009293174 0.03646963
0.0009309174 0.03599905
0.0009325174 0.03576376
0.0009341174 0.03552848
0.0009357174 0.03411675
0.0009373174 0.03411675
0.0009389174 0.03270502
0.0009405174 0.03223444
0.0009421174 0.03152858
0.0009437174 0.03082272
0.0009453174 0.02988157
0.0009469174 0.02964628
0.0009485174 0.02894041
0.0009501174 0.02752869
0.0009517174 0.02658753
0.0009533174 0.02564638
0.0009549174 0.02376408
0.0009565174 0.02235235
0.0009581174 0.02094062
0.0009597174 0.01976419
0.0009613174 0.01835246
0.0009629174 0.01764659
0.0009645174 0.01741131
0.0009661174 0.01741131
0.0009677174 0.01717602
0.0009693174 0.01764659
0.0009709174 0.01811717
0.0009725174 0.01882303
0.0009741174 0.01976419
0.0009757174 0.02047005
0.0009773174 0.02117591
0.0009789174 0.02399937
0.0009805174 0.02423466
0.0009821174 0.02635225
0.0009837174 0.02870513
0.0009853174 0.03152858
0.0009869174 0.0331756
0.0009885174 0.03529319
0.0009901174 0.03623434
0.0009917174 0.03811664
0.0009933174 0.03882251
0.0009949174 0.04046952
0.0009965174 0.04117539
0.0009981174 0.04258711
0.0009997174 0.04376355
0.001001317 0.04376355
0.001002917 0.04423413
0.001004517 0.04446942
0.001006117 0.0447047
0.001007717 0.04517528
0.001009317 0.04446942
0.001010917 0.04376355
0.001012517 0.0428224
0.001014117 0.04258711
0.001015717 0.04164596
0.001017317 0.04117539
0.001018917 0.04070481
0.001020517 0.04117539
0.001022117 0.0409401
0.001023717 0.04211654
0.001025317 0.04352826
0.001026917 0.0447047
0.001028517 0.0447047
0.001030117 0.04564586
0.001031717 0.04541057
0.001033317 0.04541057
0.001034917 0.04493999
0.001036517 0.04305769
0.001038117 0.04211654
0.001039717 0.0409401
0.001041317 0.03905779
0.001042917 0.03764607
0.001044517 0.03599905
0.001046117 0.03388146
0.001047717 0.03058743
0.001049317 0.02823455
0.001050917 0.02470523
0.001052517 0.02235235
0.001054117 0.01882303
0.001055717 0.01623487
0.001057317 0.01341141
0.001058917 0.01152911
0.001060517 0.009176229
0.001062117 0.008705653
0.001063717 0.007529213
0.001065317 0.006588062
0.001066917 0.006117486
0.001068517 0.00682335
0.001070117 0.00682335
0.001071717 0.007764501
0.001073317 0.009176229
0.001074917 0.01129382
0.001076517 0.01223497
0.001078117 0.01482314
0.001079717 0.01670544
0.001081317 0.01835246
0.001082917 0.01999947
0.001084517 0.02258764
0.001086117 0.02446994
0.001087717 0.02611696
0.001089317 0.02776397
0.001090917 0.02988157
0.001092517 0.03129329
0.001094117 0.03294031
0.001095717 0.0331756
0.001097317 0.03388146
0.001098917 0.03435204
0.001100517 0.03552848
0.001102117 0.03552848
0.001103717 0.03576376
0.001105317 0.03599905
0.001106917 0.03623434
0.001108517 0.03576376
0.001110117 0.03599905
0.001111717 0.03599905
0.001113317 0.03599905
0.001114917 0.03482261
0.001116517 0.03482261
0.001118117 0.03341088
0.001119717 0.0331756
0.001121317 0.03199916
0.001122917 0.03105801
0.001124517 0.02941099
0.001126117 0.02776397
0.001127717 0.02658753
0.001129317 0.0254111
0.001130917 0.02376408
0.001132517 0.0232935
0.001134117 0.02188178
0.001135717 0.02235235
0.001137317 0.02211706
0.001138917 0.02164649
0.001140517 0.02211706
0.001142117 0.02282293
0.001143717 0.0232935
0.001145317 0.02399937
0.001146917 0.02399937
0.001148517 0.02470523
0.001150117 0.02446994
0.001151717 0.02517581
0.001153317 0.02446994
0.001154917 0.0232935
0.001156517 0.02188178
0.001158117 0.02047005
0.001159717 0.01858775
0.001161317 0.01670544
0.001162917 0.01411728
0.001164517 0.01199968
0.001166117 0.009176229
0.001167717 0.007529213
0.001169317 0.004941046
0.001170917 0.002823455
0.001172517 0.0002352879
0.001174117 -0.001411728
0.001175717 -0.003764607
0.001177317 -0.005411622
0.001178917 -0.00682335
0.001180517 -0.00682335
0.001182117 -0.007293925
0.001183717 -0.007529213
0.001185317 -0.007293925
0.001186917 -0.005411622
0.001188517 -0.004705758
0.001190117 -0.002823455
0.001191717 -0.0009411517
0.001193317 0.0009411517
0.001194917 0.003058743
0.001196517 0.005176334
0.001198117 0.00682335
0.001199717 0.009176229
0.001201317 0.01129382
0.001202917 0.0136467
0.001204517 0.015529
0.001206117 0.01858775
0.001207717 0.02023476
0.001209317 0.02258764
0.001210917 0.02423466
0.001212517 0.02564638
0.001214117 0.02682282
0.001215717 0.02823455
0.001217317 0.02846984
0.001218917 0.0291757
0.001220517 0.02870513
0.001222117 0.02894041
0.001223717 0.02799926
0.001225317 0.02799926
0.001226917 0.02705811
0.001228517 0.02658753
0.001230117 0.02564638
0.001231717 0.02470523
0.001233317 0.02399937
0.001234917 0.02376408
0.001236517 0.0232935
0.001238117 0.02423466
0.001239717 0.02399937
0.001241317 0.02470523
0.001242917 0.0254111
0.001244517 0.02682282
0.001246117 0.02776397
0.001247717 0.02894041
0.001249317 0.03082272
0.001250917 0.03246973
0.001252517 0.03364617
0.001254117 0.03552848
0.001255717 0.03646963
0.001257317 0.03835193
0.001258917 0.03858722
0.001260517 0.03976366
0.001262117 0.03929308
0.001263717 0.03999895
0.001265317 0.03976366
0.001266917 0.03999895
0.001268517 0.03952837
0.001270117 0.03952837
0.001271717 0.03835193
0.001273317 0.03858722
0.001274917 0.03764607
0.001276517 0.03811664
0.001278117 0.03741078
0.001279717 0.03741078
0.001281317 0.03599905
0.001282917 0.03458732
0.001284517 0.03435204
0.001286117 0.03364617
0.001287717 0.03176387
0.001289317 0.03105801
0.001290917 0.02988157
0.001292517 0.02846984
0.001294117 0.02776397
0.001295717 0.02635225
0.001297317 0.02494052
0.001298917 0.02376408
0.001300517 0.02258764
0.001302117 0.02235235
0.001303717 0.02117591
0.001305317 0.02047005
0.001306917 0.0195289
0.001308517 0.01905832
0.001310117 0.01882303
0.001311717 0.01905832
0.001313317 0.01811717
0.001314917 0.01811717
0.001316517 0.01811717
0.001318117 0.0195289
0.001319717 0.02023476
0.001321317 0.02070534
0.001322917 0.02164649
0.001324517 0.02235235
0.001326117 0.02282293
0.001327717 0.02352879
0.001329317 0.02305822
0.001330917 0.02282293
0.001332517 0.0214112
0.001334117 0.02070534
0.001335717 0.01905832
0.001337317 0.01835246
0.001338917 0.01623487
0.001340517 0.01411728
0.001342117 0.01270555
0.001343717 0.01082324
0.001345317 0.008940941
0.001346917 0.007529213
0.001348517 0.005882198
0.001350117 0.003999895
0.001351717 0.002117591
0.001353317 0.0009411517
0.001354917 0
0.001356517 -0.0007058638
0.001358117 -0.0007058638
0.001359717 -0.001647015
0.001361317 -0.002117591
0.001362917 -0.001882303
0.001364517 -0.002588167
0.001366117 -0.001882303
0.001367717 -0.001882303
0.001369317 -0.001411728
0.001370917 -0.001411728
0.001372517 -0.00117644
0.001374117 -0.00117644
0.001375717 -0.0004705758
0.001377317 -0.00117644
0.001378917 -0.00117644
0.001380517 -0.0009411517
0.001382117 -0.0009411517
0.001383717 -0.0009411517
0.001385317 -0.0004705758
0.001386917 -0.0007058638
0.001388517 -0.0002352879
0.001390117 -0.0004705758
0.001391717 -0.0004705758
0.001393317 -0.0009411517
0.001394917 -0.0004705758
0.001396517 -0.0009411517
0.001398117 -0.00117644
0.001399717 -0.002823455
0.001401317 -0.003529319
0.001402917 -0.004705758
0.001404517 -0.00564691
0.001406117 -0.007999789
0.001407717 -0.009411517
0.001409317 -0.01152911
0.001410917 -0.01411728
0.001412517 -0.01670544
0.001414117 -0.01835246
0.001415717 -0.02094062
0.001417317 -0.02258764
0.001418917 -0.02470523
0.001420517 -0.02658753
0.001422117 -0.02941099
0.001423717 -0.02988157
0.001425317 -0.03105801
0.001426917 -0.03270502
0.001428517 -0.03364617
0.001430117 -0.03388146
0.001431717 -0.03411675
0.001433317 -0.03411675
0.001434917 -0.03435204
0.001436517 -0.03388146
0.001438117 -0.03411675
0.001439717 -0.03411675
0.001441317 -0.03411675
0.001442917 -0.03435204
0.001444517 -0.03435204
0.001446117 -0.03435204
0.001447717 -0.03482261
0.001449317 -0.03388146
0.001450917 -0.03435204
0.001452517 -0.03411675
0.001454117 -0.03435204
0.001455717 -0.03364617
0.001457317 -0.03364617
0.001458917 -0.03341088
0.001460517 -0.03388146
0.001462117 -0.03388146
0.001463717 -0.03411675
0.001465317 -0.03458732
0.001466917 -0.0350579
0.001468517 -0.03529319
0.001470117 -0.03599905
0.001471717 -0.03552848
0.001473317 -0.03670492
0.001474917 -0.03741078
0.001476517 -0.03835193
0.001478117 -0.03905779
0.001479717 -0.0409401
0.001481317 -0.04188125
0.001482917 -0.04376355
0.001484517 -0.04564586
0.001486117 -0.04776345
0.001487717 -0.04988104
0.001489317 -0.05270449
0.001490917 -0.05364565
0.001492517 -0.05552795
0.001494117 -0.05670439
0.001495717 -0.05882198
0.001497317 -0.05905727
0.001498917 -0.06023371
0.001500517 -0.06023371
0.001502117 -0.06117486
0.001503717 -0.06070428
0.001505317 -0.06164543
0.001506917 -0.06046899
0.001508517 -0.06046899
0.001510117 -0.05929256
0.001511717 -0.05905727
0.001513317 -0.0583514
0.001514917 -0.05811612
0.001516517 -0.05764554
0.001518117 -0.05717496
0.001519717 -0.05693968
0.001521317 -0.05717496
0.001522917 -0.05693968
0.001524517 -0.05788083
0.001526117 -0.05741025
0.001527717 -0.05788083
0.001529317 -0.05788083
0.001530917 -0.05905727
0.001532517 -0.05905727
0.001534117 -0.05952784
0.001535717 -0.05952784
0.001537317 -0.05929256
0.001538917 -0.05858669
0.001540517 -0.05858669
0.001542117 -0.05741025
0.001543717 -0.05717496
0.001545317 -0.05623381
0.001546917 -0.05552795
0.001548517 -0.0545868
0.001550117 -0.05482208
0.001551717 -0.05317507
0.001553317 -0.05246921
0.001554917 -0.05199863
0.001556517 -0.05199863
0.001558117 -0.05082219
0.001559717 -0.05129277
0.001561317 -0.05105748
0.001562917 -0.05152805
0.001564517 -0.05082219
0.001566117 -0.05152805
0.001567717 -0.05176334
0.001569317 -0.05199863
0.001570917 -0.05199863
0.001572517 -0.05317507
0.001574117 -0.05341036
0.001575717 -0.0545868
0.001577317 -0.05529266
0.001578917 -0.05693968
0.001580517 -0.05764554
0.001582117 -0.05929256
0.001583717 -0.06046899
0.001585317 -0.0623513
0.001586917 -0.06352774
0.001588517 -0.06493947
0.001590117 -0.0661159
0.001591717 -0.06752763
0.001593317 -0.06870407
0.001594917 -0.06964522
0.001596517 -0.06988051
0.001598117 -0.07129224
0.001599717 -0.07129224
0.001601317 -0.07270397
0.001602917 -0.07317454
0.001604517 -0.07411569
0.001606117 -0.07340983
0.001607717 -0.07270397
0.001609317 -0.07293925
0.001610917 -0.07129224
0.001612517 -0.07058638
0.001614117 -0.06917465
0.001615717 -0.06752763
0.001617317 -0.0661159
0.001618917 -0.06470418
0.001620517 -0.06352774
0.001622117 -0.06211601
0.001623717 -0.06141015
0.001625317 -0.06023371
0.001626917 -0.05999842
0.001628517 -0.05929256
0.001630117 -0.05976313
0.001631717 -0.05999842
0.001633317 -0.06023371
0.001634917 -0.06070428
0.001636517 -0.06117486
0.001638117 -0.06141015
0.001639717 -0.06188072
0.001641317 -0.06188072
0.001642917 -0.06305716
0.001644517 -0.0623513
0.001646117 -0.06258659
0.001647717 -0.06282187
0.001649317 -0.0623513
0.001650917 -0.06188072
0.001652517 -0.06211601
0.001654117 -0.06188072
0.001655717 -0.06258659
0.001657317 -0.06141015
0.001658917 -0.0623513
0.001660517 -0.06211601
0.001662117 -0.06282187
0.001663717 -0.0623513
0.001665317 -0.06258659
0.001666917 -0.06305716
0.001668517 -0.06305716
0.001670117 -0.06376303
0.001671717 -0.06446889
0.001673317 -0.06399831
0.001674917 -0.06541004
0.001676517 -0.06470418
0.001678117 -0.0661159
0.001679717 -0.0661159
0.001681317 -0.06658648
0.001682917 -0.06752763
0.001684517 -0.06752763
0.001686117 -0.06799821
0.001687717 -0.06870407
0.001689317 -0.06917465
0.001690917 -0.06917465
0.001692517 -0.06964522
0.001694117 -0.06988051
0.001695717 -0.0701158
0.001697317 -0.07035109
0.001698917 -0.06964522
0.001700517 -0.0701158
0.001702117 -0.06870407
0.001703717 -0.06917465
0.001705317 -0.0682335
0.001706917 -0.06705706
0.001708517 -0.06588062
0.001710117 -0.06470418
0.001711717 -0.06305716
0.001713317 -0.06258659
0.001714917 -0.06046899
0.001716517 -0.06046899
0.001718117 -0.05952784
0.001719717 -0.05858669
0.001721317 -0.05764554
0.001722917 -0.05717496
0.001724517 -0.05670439
0.001726117 -0.05741025
0.001727717 -0.05670439
0.001729317 -0.05741025
0.001730917 -0.05693968
0.001732517 -0.05788083
0.001734117 -0.05788083
0.001735717 -0.05882198
0.001737317 -0.05929256
0.001738917 -0.06046899
0.001740517 -0.06070428
0.001742117 -0.06211601
0.001743717 -0.06211601
0.001745317 -0.06329245
0.001746917 -0.06352774
0.001748517 -0.06352774
0.001750117 -0.06399831
0.001751717 -0.06376303
0.001753317 -0.06329245
0.001754917 -0.06399831
0.001756517 -0.06258659
0.001758117 -0.06211601
0.001759717 -0.06211601
0.001761317 -0.06164543
0.001762917 -0.06046899
0.001764517 -0.05999842
0.001766117 -0.0583514
0.001767717 -0.05764554
0.001769317 -0.05693968
0.001770917 -0.05599852
0.001772517 -0.05505737
0.001774117 -0.05364565
0.001775717 -0.05270449
0.001777317 -0.05246921
0.001778917 -0.05105748
0.001780517 -0.05129277
0.001782117 -0.05035161
0.001783717 -0.04988104
0.001785317 -0.04941046
0.001786917 -0.05011633
0.001788517 -0.04964575
0.001790117 -0.04964575
0.001791717 -0.04964575
0.001793317 -0.04988104
0.001794917 -0.0505869
0.001796517 -0.05152805
0.001798117 -0.05129277
0.001799717 -0.05223392
0.001801317 -0.05199863
0.001802917 -0.05246921
0.001804517 -0.05176334
0.001806117 -0.05199863
0.001807717 -0.05176334
0.001809317 -0.05223392
0.001810917 -0.05105748
0.001812517 -0.05105748
0.001814117 -0.05011633
0.001815717 -0.04941046
0.001817317 -0.04917517
0.001818917 -0.0487046
0.001820517 -0.04799874
0.001822117 -0.04799874
0.001823717 -0.04752816
0.001825317 -0.04752816
0.001826917 -0.04705758
0.001828517 -0.0468223
0.001830117 -0.04658701
0.001831717 -0.04611643
0.001833317 -0.04588114
0.001834917 -0.04588114
0.001836517 -0.04541057
0.001838117 -0.04564586
0.001839717 -0.04517528
0.001841317 -0.04541057
0.001842917 -0.0447047
0.001844517 -0.04541057
0.001846117 -0.04493999
0.001847717 -0.04517528
0.001849317 -0.04493999
0.001850917 -0.04493999
0.001852517 -0.04517528
0.001854117 -0.04493999
0.001855717 -0.04493999
0.001857317 -0.04541057
0.001858917 -0.0447047
0.001860517 -0.04541057
0.001862117 -0.0447047
0.001863717 -0.04611643
0.001865317 -0.04635172
0.001866917 -0.04729287
0.001868517 -0.04729287
0.001870117 -0.04917517
0.001871717 -0.04988104
0.001873317 -0.05082219
0.001874917 -0.05199863
0.001876517 -0.05270449
0.001878117 -0.05388093
0.001879717 -0.05411622
0.001881317 -0.05505737
0.001882917 -0.05576324
0.001884517 -0.05576324
0.001886117 -0.05693968
0.001887717 -0.05693968
0.001889317 -0.05764554
0.001890917 -0.05811612
0.001892517 -0.0583514
0.001894117 -0.0583514
0.001895717 -0.05882198
0.001897317 -0.05764554
0.001898917 -0.05764554
0.001900517 -0.05670439
0.001902117 -0.05552795
0.001903717 -0.0545868
0.001905317 -0.0545868
0.001906917 -0.05317507
0.001908517 -0.05293978
0.001910117 -0.05223392
0.001911717 -0.05176334
0.001913317 -0.05082219
0.001914917 -0.05011633
0.001916517 -0.04988104
0.001918117 -0.0505869
0.001919717 -0.04941046
0.001921317 -0.04941046
0.001922917 -0.04893989
0.001924517 -0.04917517
0.001926117 -0.04823402
0.001927717 -0.0487046
0.001929317 -0.04823402
0.001930917 -0.04846931
0.001932517 -0.04823402
0.001934117 -0.04893989
0.001935717 -0.04846931
0.001937317 -0.0487046
0.001938917 -0.0487046
0.001940517 -0.0487046
0.001942117 -0.04823402
0.001943717 -0.04823402
0.001945317 -0.04729287
0.001946917 -0.04705758
0.001948517 -0.04564586
0.001950117 -0.04541057
0.001951717 -0.04376355
0.001953317 -0.04352826
0.001954917 -0.04188125
0.001956517 -0.04070481
0.001958117 -0.03905779
0.001959717 -0.03764607
0.001961317 -0.03576376
0.001962917 -0.03388146
0.001964517 -0.03152858
0.001966117 -0.03011685
0.001967717 -0.02846984
0.001969317 -0.0272934
0.001970917 -0.0254111
0.001972517 -0.02470523
0.001974117 -0.02376408
0.001975717 -0.0232935
0.001977317 -0.02258764
0.001978917 -0.0232935
0.001980517 -0.0232935
0.001982117 -0.02376408
0.001983717 -0.0232935
0.001985317 -0.02376408
0.001986917 -0.02399937
0.001988517 -0.02399937
0.001990117 -0.02446994
0.001991717 -0.02494052
0.001993317 -0.02494052
0.001994917 -0.0254111
0.001996517 -0.02494052
0.001998117 -0.02517581
0.001999717 -0.02470523
0.002001317 -0.02564638
0.002002917 -0.02517581
0.002004517 -0.02494052
0.002006117 -0.02423466
0.002007717 -0.02446994
0.002009317 -0.0232935
0.002010917 -0.02376408
0.002012517 -0.02305822
0.002014117 -0.02258764
0.002015717 -0.02164649
0.002017317 -0.02117591
0.002018917 -0.01999947
0.002020517 -0.01999947
0.002022117 -0.01811717
0.002023717 -0.01788188
0.002025317 -0.01623487
0.002026917 -0.01599958
0.002028517 -0.0136467
0.002030117 -0.01294084
0.002031717 -0.0117644
0.002033317 -0.01058796
0.002034917 -0.008940941
0.002036517 -0.007999789
0.002038117 -0.006352774
0.002039717 -0.005882198
0.002041317 -0.003529319
0.002042917 -0.002117591
0.002044517 -0.0004705758
0.002046117 0.0009411517
0.002047717 0.002352879
0.002049317 0.00447047
0.002050917 0.005882198
0.002052517 0.007058638
0.002054117 0.008940941
0.002055717 0.009882093
0.002057317 0.01129382
0.002058917 0.0117644
0.002060517 0.01341141
0.002062117 0.01458785
0.002063717 0.015529
0.002065317 0.01647015
0.002066917 0.01788188
0.002068517 0.01811717
0.002070117 0.0195289
0.002071717 0.01999947
0.002073317 0.02070534
0.002074917 0.02117591
0.002076517 0.02188178
0.002078117 0.02235235
0.002079717 0.02352879
0.002081317 0.02376408
0.002082917 0.02423466
0.002084517 0.02494052
0.002086117 0.02611696
0.002087717 0.02635225
0.002089317 0.02776397
0.002090917 0.02752869
0.002092517 0.0291757
0.002094117 0.0291757
0.002095717 0.02964628
0.002097317 0.03011685
0.002098917 0.03058743
0.002100517 0.03035214
0.002102117 0.03129329
0.002103717 0.03082272
0.002105317 0.03129329
0.002106917 0.03105801
0.002108517 0.03176387
0.002110117 0.03152858
0.002111717 0.03176387
0.002113317 0.03152858
0.002114917 0.03176387
0.002116517 0.03035214
0.002118117 0.03058743
0.002119717 0.02964628
0.002121317 0.02870513
0.002122917 0.02705811
0.002124517 0.02682282
0.002126117 0.02494052
0.002127717 0.02446994
0.002129317 0.02305822
0.002130917 0.02211706
0.002132517 0.02070534
0.002134117 0.02023476
0.002135717 0.01882303
0.002137317 0.01811717
0.002138917 0.01764659
0.002140517 0.01764659
0.002142117 0.01717602
0.002143717 0.01788188
0.002145317 0.01858775
0.002146917 0.0195289
0.002148517 0.02070534
0.002150117 0.02235235
0.002151717 0.02423466
0.002153317 0.02682282
0.002154917 0.02870513
0.002156517 0.03105801
0.002158117 0.03270502
0.002159717 0.03576376
0.002161317 0.0369402
0.002162917 0.03882251
0.002164517 0.04141067
0.002166117 0.04352826
0.002167717 0.04517528
0.002169317 0.04658701
0.002170917 0.04846931
0.002172517 0.04988104
0.002174117 0.05082219
0.002175717 0.05223392
0.002177317 0.05341036
0.002178917 0.05482208
0.002180517 0.05576324
0.002182117 0.05741025
0.002183717 0.05811612
0.002185317 0.05929256
0.002186917 0.05999842
0.002188517 0.06141015
0.002190117 0.06188072
0.002191717 0.06352774
0.002193317 0.06352774
0.002194917 0.06470418
0.002196517 0.06517475
0.002198117 0.06564533
0.002199717 0.0661159
0.002201317 0.06705706
0.002202917 0.06635119
0.002204517 0.06752763
0.002206117 0.06705706
0.002207717 0.06776292
0.002209317 0.06799821
0.002210917 0.06776292
0.002212517 0.06729234
0.002214117 0.06799821
0.002215717 0.06729234
0.002217317 0.06799821
0.002218917 0.06799821
0.002220517 0.0682335
0.002222117 0.0682335
0.002223717 0.06870407
0.002225317 0.06799821
0.002226917 0.06846878
0.002228517 0.06846878
0.002230117 0.06870407
0.002231717 0.06776292
0.002233317 0.06776292
0.002234917 0.06776292
0.002236517 0.06729234
0.002238117 0.06705706
0.002239717 0.06705706
0.002241317 0.06658648
0.002242917 0.06635119
0.002244517 0.06588062
0.002246117 0.06541004
0.002247717 0.06588062
0.002249317 0.06564533
0.002250917 0.06564533
0.002252517 0.06564533
0.002254117 0.06517475
0.002255717 0.0661159
0.002257317 0.06564533
0.002258917 0.06588062
0.002260517 0.06541004
0.002262117 0.06517475
0.002263717 0.06493947
0.002265317 0.06541004
0.002266917 0.06470418
0.002268517 0.06541004
0.002270117 0.06493947
0.002271717 0.06493947
0.002273317 0.06470418
0.002274917 0.06517475
0.002276517 0.06541004
0.002278117 0.0661159
0.002279717 0.0661159
0.002281317 0.06752763
0.002282917 0.06729234
0.002284517 0.06846878
0.002286117 0.0682335
0.002287717 0.06893936
0.002289317 0.06940994
0.002290917 0.06964522
0.002292517 0.0701158
0.002294117 0.0701158
0.002295717 0.06988051
0.002297317 0.07035109
0.002298917 0.0701158
0.002300517 0.07035109
0.002302117 0.0701158
0.002303717 0.07035109
0.002305317 0.07058638
0.002306917 0.07058638
0.002308517 0.07058638
0.002310117 0.07152753
0.002311717 0.07152753
0.002313317 0.07058638
0.002314917 0.07035109
0.002316517 0.07082166
0.002318117 0.06964522
0.002319717 0.07035109
0.002321317 0.06988051
0.002322917 0.06940994
0.002324517 0.0682335
0.002326117 0.06752763
0.002327717 0.06682177
0.002329317 0.06776292
0.002330917 0.06682177
0.002332517 0.06588062
0.002334117 0.06493947
0.002335717 0.06517475
0.002337317 0.0642336
0.002338917 0.06376303
0.002340517 0.06352774
0.002342117 0.0623513
0.002343717 0.06117486
0.002345317 0.06070428
0.002346917 0.05929256
0.002348517 0.0583514
0.002350117 0.05741025
0.002351717 0.05670439
0.002353317 0.05552795
0.002354917 0.05505737
0.002356517 0.05341036
0.002358117 0.05317507
0.002359717 0.05129277
0.002361317 0.05082219
0.002362917 0.05011633
0.002364517 0.04988104
0.002366117 0.04893989
0.002367717 0.04917517
0.002369317 0.04893989
0.002370917 0.04964575
0.002372517 0.04941046
0.002374117 0.04964575
0.002375717 0.04988104
0.002377317 0.05035161
0.002378917 0.05035161
0.002380517 0.05152805
0.002382117 0.05082219
0.002383717 0.05223392
0.002385317 0.05246921
0.002386917 0.05293978
0.002388517 0.05270449
0.002390117 0.05435151
0.002391717 0.05435151
0.002393317 0.05552795
0.002394917 0.05623381
0.002396517 0.05670439
0.002398117 0.05788083
0.002399717 0.05882198
0.002401317 0.05929256
0.002402917 0.06023371
0.002404517 0.06070428
0.002406117 0.06188072
0.002407717 0.06258659
0.002409317 0.06376303
0.002410917 0.06352774
0.002412517 0.06493947
0.002414117 0.06470418
0.002415717 0.06658648
0.002417317 0.06705706
0.002418917 0.06729234
0.002420517 0.06799821
0.002422117 0.06893936
0.002423717 0.06917465
0.002425317 0.0701158
0.002426917 0.07058638
0.002428517 0.07129224
0.002430117 0.0719981
0.002431717 0.07270397
0.002433317 0.07293925
0.002434917 0.07340983
0.002436517 0.07388041
0.002438117 0.07482156
0.002439717 0.07482156
0.002441317 0.07576271
0.002442917 0.07552742
0.002444517 0.07576271
0.002446117 0.07646857
0.002447717 0.07670386
0.002449317 0.07717444
0.002450917 0.07740972
0.002452517 0.07717444
0.002454117 0.07717444
0.002455717 0.07693915
0.002457317 0.07693915
0.002458917 0.07623329
0.002460517 0.07623329
0.002462117 0.07529213
0.002463717 0.07482156
0.002465317 0.07411569
0.002466917 0.07411569
0.002468517 0.07364512
0.002470117 0.07435098
0.002471717 0.07364512
0.002473317 0.07435098
0.002474917 0.07340983
0.002476517 0.07411569
0.002478117 0.07411569
0.002479717 0.07482156
0.002481317 0.07411569
0.002482917 0.07529213
0.002484517 0.07505685
0.002486117 0.07529213
0.002487717 0.07576271
0.002489317 0.07529213
0.002490917 0.07576271
0.002492517 0.07529213
0.002494117 0.07552742
0.002495717 0.07576271
0.002497317 0.07576271
0.002498917 0.07623329
0.002500517 0.075998
0.002502117 0.07646857
0.002503717 0.07623329
0.002505317 0.07646857
0.002506917 0.07623329
0.002508517 0.07646857
0.002510117 0.07693915
0.002511717 0.07740972
0.002513317 0.07764501
0.002514917 0.07811559
0.002516517 0.07858616
0.002518117 0.07858616
0.002519717 0.07929203
0.002521317 0.0797626
0.002522917 0.07999789
0.002524517 0.08093904
0.002526117 0.08046847
0.002527717 0.08117433
0.002529317 0.08117433
0.002530917 0.08235077
0.002532517 0.0818802
0.002534117 0.0818802
0.002535717 0.08235077
0.002537317 0.08258606
0.002538917 0.08235077
0.002540517 0.08282135
0.002542117 0.08258606
0.002543717 0.08258606
0.002545317 0.08211548
0.002546917 0.0818802
0.002548517 0.08211548
0.002550117 0.08164491
0.002551717 0.08093904
0.002553317 0.08093904
0.002554917 0.08046847
0.002556517 0.07999789
0.002558117 0.07858616
0.002559717 0.07882145
0.002561317 0.07693915
0.002562917 0.07646857
0.002564517 0.07529213
0.002566117 0.07552742
0.002567717 0.07388041
0.002569317 0.07293925
0.002570917 0.07223339
0.002572517 0.07105695
0.002574117 0.0701158
0.002575717 0.06988051
0.002577317 0.06870407
0.002578917 0.06846878
0.002580517 0.06799821
0.002582117 0.06705706
0.002583717 0.06658648
0.002585317 0.06635119
0.002586917 0.0661159
0.002588517 0.06588062
0.002590117 0.06493947
0.002591717 0.06470418
0.002593317 0.0642336
0.002594917 0.06470418
0.002596517 0.06329245
0.002598117 0.06376303
0.002599717 0.06305716
0.002601317 0.06329245
0.002602917 0.06282187
0.002604517 0.06258659
0.002606117 0.06117486
0.002607717 0.06117486
0.002609317 0.06117486
0.002610917 0.06093957
0.002612517 0.05999842
0.002614117 0.06023371
0.002615717 0.05999842
0.002617317 0.05952784
0.002618917 0.05929256
0.002620517 0.06023371
0.002622117 0.05905727
0.002623717 0.05976313
0.002625317 0.05952784
0.002626917 0.05929256
0.002628517 0.05882198
0.002630117 0.05929256
0.002631717 0.05882198
0.002633317 0.05858669
0.002634917 0.05764554
0.002636517 0.05764554
0.002638117 0.0564691
0.002639717 0.05576324
0.002641317 0.05411622
0.002642917 0.05388093
0.002644517 0.05270449
0.002646117 0.05152805
0.002647717 0.04964575
0.002649317 0.04893989
0.002650917 0.04823402
0.002652517 0.04752816
0.002654117 0.04635172
0.002655717 0.04541057
0.002657317 0.04541057
0.002658917 0.04399884
0.002660517 0.04376355
0.002662117 0.04352826
0.002663717 0.0428224
0.002665317 0.0428224
0.002666917 0.04329298
0.002668517 0.04211654
0.002670117 0.04258711
0.002671717 0.04305769
0.002673317 0.04376355
0.002674917 0.04376355
0.002676517 0.04399884
0.002678117 0.04493999
0.002679717 0.04564586
0.002681317 0.04635172
0.002682917 0.0468223
0.002684517 0.0468223
0.002686117 0.04729287
0.002687717 0.04705758
0.002689317 0.04729287
0.002690917 0.04752816
0.002692517 0.04729287
0.002694117 0.0468223
0.002695717 0.0468223
0.002697317 0.04658701
0.002698917 0.04658701
0.002700517 0.04564586
0.002702117 0.04588114
0.002703717 0.04564586
0.002705317 0.04493999
0.002706917 0.04446942
0.002708517 0.0447047
0.002710117 0.04376355
0.002711717 0.04352826
0.002713317 0.04235183
0.002714917 0.04141067
0.002716517 0.04117539
0.002718117 0.03999895
0.002719717 0.03976366
0.002721317 0.03858722
0.002722917 0.03764607
0.002724517 0.0369402
0.002726117 0.03599905
0.002727717 0.03529319
0.002729317 0.03482261
0.002730917 0.0331756
0.002732517 0.03294031
0.002734117 0.03223444
0.002735717 0.03129329
0.002737317 0.03035214
0.002738917 0.0291757
0.002740517 0.02823455
0.002742117 0.02752869
0.002743717 0.02658753
0.002745317 0.02564638
0.002746917 0.02423466
0.002748517 0.02352879
0.002750117 0.02258764
0.002751717 0.02188178
0.002753317 0.02047005
0.002754917 0.0195289
0.002756517 0.01835246
0.002758117 0.01741131
0.002759717 0.01694073
0.002761317 0.01576429
0.002762917 0.01482314
0.002764517 0.01482314
0.002766117 0.01341141
0.002767717 0.01270555
0.002769317 0.0117644
0.002770917 0.01152911
0.002772517 0.01082324
0.002774117 0.01105853
0.002775717 0.009646805
0.002777317 0.009646805
0.002778917 0.008940941
0.002780517 0.008940941
0.002782117 0.008705653
0.002783717 0.008470365
0.002785317 0.007764501
0.002786917 0.007529213
0.002788517 0.007764501
0.002790117 0.007764501
0.002791717 0.007058638
0.002793317 0.00682335
0.002794917 0.00682335
0.002796517 0.007529213
0.002798117 0.006588062
0.002799717 0.00682335
0.002801317 0.006588062
0.002802917 0.00682335
0.002804517 0.006117486
0.002806117 0.006352774
0.002807717 0.00564691
0.002809317 0.006117486
0.002810917 0.005411622
0.002812517 0.005411622
0.002814117 0.004941046
0.002815717 0.004941046
0.002817317 0.004941046
0.002818917 0.004235183
0.002820517 0.003764607
0.002822117 0.003529319
0.002823717 0.002588167
0.002825317 0.001882303
0.002826917 0.00117644
0.002828517 0.0007058638
0.002830117 -0.0004705758
0.002831717 -0.001411728
0.002833317 -0.002117591
0.002834917 -0.002823455
0.002836517 -0.003999895
0.002838117 -0.005176334
0.002839717 -0.006352774
0.002841317 -0.00682335
0.002842917 -0.008235077
0.002844517 -0.009176229
0.002846117 -0.01035267
0.002847717 -0.01082324
0.002849317 -0.01223497
0.002850917 -0.01317612
0.002852517 -0.01458785
0.002854117 -0.01482314
0.002855717 -0.01599958
0.002857317 -0.01717602
0.002858917 -0.01811717
0.002860517 -0.01835246
0.002862117 -0.0195289
0.002863717 -0.0195289
0.002865317 -0.02047005
0.002866917 -0.02047005
0.002868517 -0.02094062
0.002870117 -0.02094062
0.002871717 -0.0214112
0.002873317 -0.02164649
0.002874917 -0.02188178
0.002876517 -0.02188178
0.002878117 -0.02258764
0.002879717 -0.02282293
0.002881317 -0.0232935
0.002882917 -0.02376408
0.002884517 -0.02470523
0.002886117 -0.02470523
0.002887717 -0.02611696
0.002889317 -0.02635225
0.002890917 -0.02658753
0.002892517 -0.02705811
0.002894117 -0.02752869
0.002895717 -0.02799926
0.002897317 -0.0291757
0.002898917 -0.02894041
0.002900517 -0.0291757
0.002902117 -0.02964628
0.002903717 -0.02964628
0.002905317 -0.03011685
0.002906917 -0.03035214
0.002908517 -0.03011685
0.002910117 -0.03082272
0.002911717 -0.03105801
0.002913317 -0.03105801
0.002914917 -0.03105801
0.002916517 -0.03129329
0.002918117 -0.03058743
0.002919717 -0.03082272
0.002921317 -0.03105801
0.002922917 -0.02988157
0.002924517 -0.0291757
0.002926117 -0.02894041
0.002927717 -0.02776397
0.002929317 -0.02682282
0.002930917 -0.02635225
0.002932517 -0.02588167
0.002934117 -0.02494052
0.002935717 -0.02446994
0.002937317 -0.02282293
0.002938917 -0.02305822
0.002940517 -0.02188178
0.002942117 -0.02164649
0.002943717 -0.02117591
0.002945317 -0.0214112
0.002946917 -0.02047005
0.002948517 -0.02047005
0.002950117 -0.02023476
0.002951717 -0.02117591
0.002953317 -0.02070534
0.002954917 -0.0214112
0.002956517 -0.02164649
0.002958117 -0.02258764
0.002959717 -0.02235235
0.002961317 -0.02305822
0.002962917 -0.02305822
0.002964517 -0.02470523
0.002966117 -0.02446994
0.002967717 -0.02517581
0.002969317 -0.02588167
0.002970917 -0.02564638
0.002972517 -0.02588167
0.002974117 -0.02682282
0.002975717 -0.02611696
0.002977317 -0.02682282
0.002978917 -0.02682282
0.002980517 -0.0272934
0.002982117 -0.02752869
0.002983717 -0.02799926
0.002985317 -0.02799926
0.002986917 -0.02894041
0.002988517 -0.02894041
0.002990117 -0.02964628
0.002991717 -0.02941099
0.002993317 -0.03035214
0.002994917 -0.03082272
0.002996517 -0.03223444
0.002998117 -0.03199916
0.002999717 -0.03270502
0.003001317 -0.03270502
0.003002917 -0.03341088
0.003004517 -0.03341088
0.003006117 -0.03364617
0.003007717 -0.03341088
0.003009317 -0.03364617
0.003010917 -0.03223444
0.003012517 -0.03223444
0.003014117 -0.03152858
0.003015717 -0.03105801
0.003017317 -0.03035214
0.003018917 -0.02894041
0.003020517 -0.02823455
0.003022117 -0.02776397
0.003023717 -0.02588167
0.003025317 -0.0254111
0.003026917 -0.02494052
0.003028517 -0.02446994
0.003030117 -0.02282293
0.003031717 -0.02258764
0.003033317 -0.02188178
0.003034917 -0.02258764
0.003036517 -0.02235235
0.003038117 -0.02258764
0.003039717 -0.02235235
0.003041317 -0.02352879
0.003042917 -0.0232935
0.003044517 -0.02399937
0.003046117 -0.02423466
0.003047717 -0.02564638
0.003049317 -0.02494052
0.003050917 -0.02611696
0.003052517 -0.02588167
0.003054117 -0.02658753
0.003055717 -0.02658753
0.003057317 -0.02752869
0.003058917 -0.02682282
0.003060517 -0.02635225
0.003062117 -0.02635225
0.003063717 -0.02635225
0.003065317 -0.02564638
0.003066917 -0.02517581
0.003068517 -0.02352879
0.003070117 -0.02305822
0.003071717 -0.02188178
0.003073317 -0.02117591
0.003074917 -0.01976419
0.003076517 -0.01882303
0.003078117 -0.01788188
0.003079717 -0.01741131
0.003081317 -0.01623487
0.003082917 -0.01576429
0.003084517 -0.01505843
0.003086117 -0.01529371
0.003087717 -0.01482314
0.003089317 -0.01482314
0.003090917 -0.01435256
0.003092517 -0.01529371
0.003094117 -0.01435256
0.003095717 -0.01529371
0.003097317 -0.01529371
0.003098917 -0.01623487
0.003100517 -0.01623487
0.003102117 -0.01741131
0.003103717 -0.01764659
0.003105317 -0.01858775
0.003106917 -0.01858775
0.003108517 -0.0195289
0.003110117 -0.02023476
0.003111717 -0.02070534
0.003113317 -0.02070534
0.003114917 -0.02235235
0.003116517 -0.02117591
0.003118117 -0.02258764
0.003119717 -0.02211706
0.003121317 -0.02305822
0.003122917 -0.02282293
0.003124517 -0.02352879
0.003126117 -0.0232935
0.003127717 -0.02352879
0.003129317 -0.0232935
0.003130917 -0.02376408
0.003132517 -0.02282293
0.003134117 -0.0232935
0.003135717 -0.02305822
0.003137317 -0.02352879
0.003138917 -0.02282293
0.003140517 -0.02305822
0.003142117 -0.02305822
0.003143717 -0.02305822
0.003145317 -0.02282293
0.003146917 -0.02305822
0.003148517 -0.02235235
0.003150117 -0.02282293
0.003151717 -0.02235235
0.003153317 -0.02211706
0.003154917 -0.02094062
0.003156517 -0.02117591
0.003158117 -0.01976419
0.003159717 -0.02070534
0.003161317 -0.0195289
0.003162917 -0.01929361
0.003164517 -0.01811717
0.003166117 -0.01788188
0.003167717 -0.01623487
0.003169317 -0.01670544
0.003170917 -0.01505843
0.003172517 -0.01482314
0.003174117 -0.0136467
0.003175717 -0.0136467
0.003177317 -0.01223497
0.003178917 -0.0117644
0.003180517 -0.0117644
0.003182117 -0.01082324
0.003183717 -0.01011738
0.003185317 -0.01011738
0.003186917 -0.009411517
0.003188517 -0.009176229
0.003190117 -0.008470365
0.003191717 -0.008235077
0.003193317 -0.007529213
0.003194917 -0.007529213
0.003196517 -0.006352774
0.003198117 -0.006352774
0.003199717 -0.005411622
0.003201317 -0.005411622
0.003202917 -0.004705758
0.003204517 -0.004941046
0.003206117 -0.004235183
0.003207717 -0.003999895
0.003209317 -0.003999895
0.003210917 -0.004235183
0.003212517 -0.004235183
0.003214117 -0.004235183
0.003215717 -0.004705758
0.003217317 -0.005176334
0.003218917 -0.004941046
0.003220517 -0.006352774
0.003222117 -0.006588062
0.003223717 -0.007529213
0.003225317 -0.007529213
0.003226917 -0.009176229
0.003228517 -0.01011738
0.003230117 -0.0117644
0.003231717 -0.01223497
0.003233317 -0.01388199
0.003234917 -0.01458785
0.003236517 -0.01623487
0.003238117 -0.01764659
0.003239717 -0.01882303
0.003241317 -0.02047005
0.003242917 -0.02211706
0.003244517 -0.02258764
0.003246117 -0.02470523
0.003247717 -0.02564638
0.003249317 -0.02752869
0.003250917 -0.02823455
0.003252517 -0.02988157
0.003254117 -0.03035214
0.003255717 -0.03176387
0.003257317 -0.03246973
0.003258917 -0.03341088
0.003260517 -0.0331756
0.003262117 -0.03435204
0.003263717 -0.03458732
0.003265317 -0.03529319
0.003266917 -0.0350579
0.003268517 -0.03599905
0.003270117 -0.03623434
0.003271717 -0.03599905
0.003273317 -0.03623434
0.003274917 -0.03717549
0.003276517 -0.03717549
0.003278117 -0.03717549
0.003279717 -0.0369402
0.003281317 -0.0369402
0.003282917 -0.0369402
0.003284517 -0.03717549
0.003286117 -0.03717549
0.003287717 -0.03717549
0.003289317 -0.03741078
0.003290917 -0.03741078
0.003292517 -0.0369402
0.003294117 -0.03717549
0.003295717 -0.03717549
0.003297317 -0.03670492
0.003298917 -0.03717549
0.003300517 -0.03670492
0.003302117 -0.03623434
0.003303717 -0.0369402
0.003305317 -0.03670492
0.003306917 -0.03670492
0.003308517 -0.0369402
0.003310117 -0.03741078
0.003311717 -0.03788135
0.003313317 -0.03741078
0.003314917 -0.03811664
0.003316517 -0.03929308
0.003318117 -0.03882251
0.003319717 -0.03999895
0.003321317 -0.03999895
0.003322917 -0.0409401
0.003324517 -0.0409401
0.003326117 -0.04211654
0.003327717 -0.0428224
0.003329317 -0.04329298
0.003330917 -0.04352826
0.003332517 -0.04446942
0.003334117 -0.04517528
0.003335717 -0.04611643
0.003337317 -0.04752816
0.003338917 -0.04776345
0.003340517 -0.04964575
0.003342117 -0.05035161
0.003343717 -0.05129277
0.003345317 -0.05223392
0.003346917 -0.05317507
0.003348517 -0.05411622
0.003350117 -0.0545868
0.003351717 -0.0564691
0.003353317 -0.05693968
0.003354917 -0.05764554
0.003356517 -0.05882198
0.003358117 -0.05976313
0.003359717 -0.06046899
0.003361317 -0.06117486
0.003362917 -0.06164543
0.003364517 -0.06305716
0.003366117 -0.06376303
0.003367717 -0.06470418
0.003369317 -0.06517475
0.003370917 -0.0661159
0.003372517 -0.06682177
0.003374117 -0.06705706
0.003375717 -0.06776292
0.003377317 -0.0682335
0.003378917 -0.06846878
0.003380517 -0.06893936
0.003382117 -0.06893936
0.003383717 -0.06893936
0.003385317 -0.06940994
0.003386917 -0.06917465
0.003388517 -0.06893936
0.003390117 -0.06870407
0.003391717 -0.06799821
0.003393317 -0.06870407
0.003394917 -0.06776292
0.003396517 -0.06705706
0.003398117 -0.06635119
0.003399717 -0.06588062
0.003401317 -0.06564533
0.003402917 -0.06564533
0.003404517 -0.06446889
0.003406117 -0.06399831
0.003407717 -0.06376303
0.003409317 -0.06352774
0.003410917 -0.0623513
0.003412517 -0.06188072
0.003414117 -0.06117486
0.003415717 -0.06117486
0.003417317 -0.05976313
0.003418917 -0.05952784
0.003420517 -0.05882198
0.003422117 -0.05882198
0.003423717 -0.05788083
0.003425317 -0.05764554
0.003426917 -0.05764554
0.003428517 -0.05741025
0.003430117 -0.0564691
0.003431717 -0.05741025
0.003433317 -0.05670439
0.003434917 -0.05717496
0.003436517 -0.05693968
0.003438117 -0.05788083
0.003439717 -0.05764554
0.003441317 -0.0583514
0.003442917 -0.0583514
0.003444517 -0.0583514
0.003446117 -0.05811612
0.003447717 -0.05952784
0.003449317 -0.05929256
0.003450917 -0.05952784
0.003452517 -0.05999842
0.003454117 -0.06023371
0.003455717 -0.06023371
0.003457317 -0.06093957
0.003458917 -0.06070428
0.003460517 -0.06141015
0.003462117 -0.06141015
0.003463717 -0.0623513
0.003465317 -0.06141015
0.003466917 -0.0623513
0.003468517 -0.0623513
0.003470117 -0.06305716
0.003471717 -0.06258659
0.003473317 -0.06376303
0.003474917 -0.06376303
0.003476517 -0.06470418
0.003478117 -0.06446889
0.003479717 -0.06517475
0.003481317 -0.06493947
0.003482917 -0.06564533
0.003484517 -0.06541004
0.003486117 -0.06635119
0.003487717 -0.06682177
0.003489317 -0.06705706
0.003490917 -0.06635119
0.003492517 -0.06658648
0.003494117 -0.06682177
0.003495717 -0.06705706
0.003497317 -0.06658648
0.003498917 -0.06658648
0.003500517 -0.0661159
0.003502117 -0.06682177
0.003503717 -0.06635119
0.003505317 -0.06682177
0.003506917 -0.06635119
0.003508517 -0.0661159
0.003510117 -0.06564533
0.003511717 -0.0661159
0.003513317 -0.06588062
0.003514917 -0.06588062
0.003516517 -0.06588062
0.003518117 -0.0661159
0.003519717 -0.06541004
0.003521317 -0.06541004
0.003522917 -0.06541004
0.003524517 -0.06541004
0.003526117 -0.06564533
0.003527717 -0.06541004
0.003529317 -0.06541004
0.003530917 -0.06564533
0.003532517 -0.06564533
0.003534117 -0.06682177
0.003535717 -0.06635119
0.003537317 -0.06658648
0.003538917 -0.06658648
0.003540517 -0.06658648
0.003542117 -0.06588062
0.003543717 -0.06682177
0.003545317 -0.06588062
0.003546917 -0.06635119
0.003548517 -0.06588062
0.003550117 -0.06658648
0.003551717 -0.06564533
0.003553317 -0.0661159
0.003554917 -0.06493947
0.003556517 -0.06564533
0.003558117 -0.06446889
0.003559717 -0.06470418
0.003561317 -0.06399831
0.003562917 -0.06376303
0.003564517 -0.06329245
0.003566117 -0.06352774
0.003567717 -0.06258659
0.003569317 -0.06282187
0.003570917 -0.06188072
0.003572517 -0.0623513
0.003574117 -0.06211601
0.003575717 -0.06211601
0.003577317 -0.06188072
0.003578917 -0.06164543
0.003580517 -0.06093957
0.003582117 -0.06093957
0.003583717 -0.05999842
0.003585317 -0.06046899
0.003586917 -0.05999842
0.003588517 -0.05929256
0.003590117 -0.05905727
0.003591717 -0.05905727
0.003593317 -0.05882198
0.003594917 -0.05858669
0.003596517 -0.05788083
0.003598117 -0.05858669
0.003599717 -0.05717496
0.003601317 -0.05693968
0.003602917 -0.05693968
0.003604517 -0.05670439
0.003606117 -0.05576324
0.003607717 -0.05552795
0.003609317 -0.0545868
0.003610917 -0.05505737
0.003612517 -0.05364565
0.003614117 -0.05364565
0.003615717 -0.05317507
0.003617317 -0.05199863
0.003618917 -0.05105748
0.003620517 -0.05152805
0.003622117 -0.05035161
0.003623717 -0.05011633
0.003625317 -0.04917517
0.003626917 -0.04893989
0.003628517 -0.04823402
0.003630117 -0.04823402
0.003631717 -0.04705758
0.003633317 -0.04729287
0.003634917 -0.04705758
0.003636517 -0.04658701
0.003638117 -0.04588114
0.003639717 -0.04564586
0.003641317 -0.04517528
0.003642917 -0.04493999
0.003644517 -0.0447047
0.003646117 -0.0447047
0.003647717 -0.04376355
0.003649317 -0.04376355
0.003650917 -0.04305769
0.003652517 -0.04352826
0.003654117 -0.04235183
0.003655717 -0.04258711
0.003657317 -0.04141067
0.003658917 -0.04211654
0.003660517 -0.04046952
0.003662117 -0.04117539
0.003663717 -0.03976366
0.003665317 -0.03999895
0.003666917 -0.03882251
0.003668517 -0.03882251
0.003670117 -0.03764607
0.003671717 -0.03717549
0.003673317 -0.03623434
0.003674917 -0.03623434
0.003676517 -0.0350579
0.003678117 -0.03482261
0.003679717 -0.03411675
0.003681317 -0.03341088
0.003682917 -0.03270502
0.003684517 -0.03294031
0.003686117 -0.03176387
0.003687717 -0.03176387
0.003689317 -0.03058743
0.003690917 -0.03082272
0.003692517 -0.02964628
0.003694117 -0.02988157
0.003695717 -0.02870513
0.003697317 -0.02846984
0.003698917 -0.02846984
0.003700517 -0.02823455
0.003702117 -0.02799926
0.003703717 -0.02752869
0.003705317 -0.0272934
0.003706917 -0.02682282
0.003708517 -0.02635225
0.003710117 -0.02611696
0.003711717 -0.0254111
0.003713317 -0.02682282
0.003714917 -0.02611696
0.003716517 -0.02635225
0.003718117 -0.02564638
0.003719717 -0.02588167
0.003721317 -0.02588167
0.003722917 -0.02588167
0.003724517 -0.02517581
0.003726117 -0.02588167
0.003727717 -0.02588167
0.003729317 -0.02564638
0.003730917 -0.02588167
0.003732517 -0.02611696
0.003734117 -0.02611696
0.003735717 -0.02635225
0.003737317 -0.02658753
0.003738917 -0.02658753
0.003740517 -0.02658753
0.003742117 -0.02752869
0.003743717 -0.0272934
0.003745317 -0.02823455
0.003746917 -0.02894041
0.003748517 -0.0291757
0.003750117 -0.02988157
0.003751717 -0.03058743
0.003753317 -0.03105801
0.003754917 -0.03152858
0.003756517 -0.03223444
0.003758117 -0.03294031
0.003759717 -0.03341088
0.003761317 -0.03411675
0.003762917 -0.03435204
0.003764517 -0.03529319
0.003766117 -0.03529319
0.003767717 -0.03599905
0.003769317 -0.03623434
0.003770917 -0.03623434
0.003772517 -0.03623434
0.003774117 -0.03599905
0.003775717 -0.0350579
0.003777317 -0.0350579
0.003778917 -0.03458732
0.003780517 -0.03364617
0.003782117 -0.03294031
0.003783717 -0.03246973
0.003785317 -0.03199916
0.003786917 -0.03129329
0.003788517 -0.02988157
0.003790117 -0.02964628
0.003791717 -0.02799926
0.003793317 -0.02776397
0.003794917 -0.02682282
0.003796517 -0.02611696
0.003798117 -0.02517581
0.003799717 -0.02494052
0.003801317 -0.02446994
0.003802917 -0.02423466
0.003804517 -0.02352879
0.003806117 -0.02376408
0.003807717 -0.02258764
0.003809317 -0.02305822
0.003810917 -0.02211706
0.003812517 -0.02235235
0.003814117 -0.0214112
0.003815717 -0.02164649
0.003817317 -0.02070534
0.003818917 -0.02070534
0.003820517 -0.02023476
0.003822117 -0.02047005
0.003823717 -0.01976419
0.003825317 -0.01929361
0.003826917 -0.01882303
0.003828517 -0.01858775
0.003830117 -0.01811717
0.003831717 -0.01858775
0.003833317 -0.01788188
0.003834917 -0.01764659
0.003836517 -0.01717602
0.003838117 -0.01764659
0.003839717 -0.01670544
0.003841317 -0.01694073
0.003842917 -0.01647015
0.003844517 -0.01670544
0.003846117 -0.01623487
0.003847717 -0.01647015
0.003849317 -0.01599958
0.003850917 -0.015529
0.003852517 -0.01529371
0.003854117 -0.01482314
0.003855717 -0.01435256
0.003857317 -0.01435256
0.003858917 -0.01294084
0.003860517 -0.01294084
0.003862117 -0.01223497
0.003863717 -0.01152911
0.003865317 -0.01129382
0.003866917 -0.01035267
0.003868517 -0.009646805
0.003870117 -0.009411517
0.003871717 -0.008470365
0.003873317 -0.008235077
0.003874917 -0.007764501
0.003876517 -0.00682335
0.003878117 -0.006588062
0.003879717 -0.005882198
0.003881317 -0.005176334
0.003882917 -0.005411622
0.003884517 -0.00447047
0.003886117 -0.004235183
0.003887717 -0.002823455
0.003889317 -0.002588167
0.003890917 -0.001647015
0.003892517 -0.0009411517
0.003894117 0
0.003895717 0
0.003897317 0.0007058638
0.003898917 0.002352879
0.003900517 0.003058743
0.003902117 0.003529319
0.003903717 0.004705758
0.003905317 0.004941046
0.003906917 0.006588062
0.003908517 0.007529213
0.003910117 0.008235077
0.003911717 0.008940941
0.003913317 0.01058796
0.003914917 0.01105853
0.003916517 0.01247026
0.003918117 0.01317612
0.003919717 0.01482314
0.003921317 0.01529371
0.003922917 0.01623487
0.003924517 0.01717602
0.003926117 0.01835246
0.003927717 0.01976419
0.003929317 0.02117591
0.003930917 0.02211706
0.003932517 0.02352879
0.003934117 0.02446994
0.003935717 0.02611696
0.003937317 0.02705811
0.003938917 0.02846984
0.003940517 0.0291757
0.003942117 0.03035214
0.003943717 0.03058743
0.003945317 0.03105801
0.003946917 0.03199916
0.003948517 0.03294031
0.003950117 0.03341088
0.003951717 0.03435204
0.003953317 0.03435204
0.003954917 0.03529319
0.003956517 0.03599905
0.003958117 0.03670492
0.003959717 0.03623434
0.003961317 0.03741078
0.003962917 0.03741078
0.003964517 0.03811664
0.003966117 0.03811664
0.003967717 0.03882251
0.003969317 0.03811664
0.003970917 0.03905779
0.003972517 0.03929308
0.003974117 0.03952837
0.003975717 0.03976366
0.003977317 0.04023423
0.003978917 0.03999895
0.003980517 0.04046952
0.003982117 0.03999895
0.003983717 0.04046952
0.003985317 0.04070481
0.003986917 0.04070481
0.003988517 0.04046952
0.003990117 0.04046952
0.003991717 0.0409401
0.003993317 0.0409401
0.003994917 0.04070481
0.003996517 0.04117539
0.003998117 0.04164596
0.003999717 0.04141067
0.004001317 0.04117539
0.004002917 0.04141067
0.004004517 0.04141067
0.004006117 0.04164596
0.004007717 0.04235183
0.004009317 0.04235183
0.004010917 0.04258711
0.004012517 0.0428224
0.004014117 0.04305769
0.004015717 0.04376355
0.004017317 0.04423413
0.004018917 0.0447047
0.004020517 0.04517528
0.004022117 0.04541057
0.004023717 0.04564586
0.004025317 0.04635172
0.004026917 0.04635172
0.004028517 0.04658701
0.004030117 0.04729287
0.004031717 0.04823402
0.004033317 0.04846931
0.004034917 0.04917517
0.004036517 0.04964575
0.004038117 0.0505869
0.004039717 0.05082219
0.004041317 0.05105748
0.004042917 0.05176334
0.004044517 0.05246921
0.004046117 0.05293978
0.004047717 0.05364565
0.004049317 0.05411622
0.004050917 0.05482208
0.004052517 0.05552795
0.004054117 0.05599852
0.004055717 0.05623381
0.004057317 0.05741025
0.004058917 0.05764554
0.004060517 0.05788083
0.004062117 0.05858669
0.004063717 0.05952784
0.004065317 0.05976313
0.004066917 0.05999842
0.004068517 0.06046899
0.004070117 0.06093957
0.004071717 0.06164543
0.004073317 0.06258659
0.004074917 0.0623513
0.004076517 0.06329245
0.004078117 0.06352774
0.004079717 0.06376303
0.004081317 0.06352774
0.004082917 0.06446889
0.004084517 0.06376303
0.004086117 0.0642336
0.004087717 0.06399831
0.004089317 0.06446889
0.004090917 0.0642336
0.004092517 0.06493947
0.004094117 0.0642336
0.004095717 0.0642336
0.004097317 0.06376303
0.004098917 0.0642336
0.004100517 0.06493947
0.004102117 0.06399831
0.004103717 0.06446889
0.004105317 0.0642336
0.004106917 0.06446889
0.004108517 0.06517475
0.004110117 0.06470418
0.004111717 0.06564533
0.004113317 0.06517475
0.004114917 0.06564533
0.004116517 0.06635119
0.004118117 0.06682177
0.004119717 0.06752763
0.004121317 0.06752763
0.004122917 0.06729234
0.004124517 0.06870407
0.004126117 0.06870407
0.004127717 0.06917465
0.004129317 0.06870407
0.004130917 0.06917465
0.004132517 0.06964522
0.004134117 0.06988051
0.004135717 0.0701158
0.004137317 0.07105695
0.004138917 0.07129224
0.004140517 0.0719981
0.004142117 0.07176281
0.004143717 0.07223339
0.004145317 0.07223339
0.004146917 0.07270397
0.004148517 0.07270397
0.004150117 0.07317454
0.004151717 0.07340983
0.004153317 0.07364512
0.004154917 0.07364512
0.004156517 0.07388041
0.004158117 0.07411569
0.004159717 0.07482156
0.004161317 0.07505685
0.004162917 0.07505685
0.004164517 0.07482156
0.004166117 0.07552742
0.004167717 0.07552742
0.004169317 0.07623329
0.004170917 0.075998
0.004172517 0.07670386
0.004174117 0.07693915
0.004175717 0.07717444
0.004177317 0.07646857
0.004178917 0.0778803
0.004180517 0.07740972
0.004182117 0.07764501
0.004183717 0.0778803
0.004185317 0.07811559
0.004186917 0.0778803
0.004188517 0.0778803
0.004190117 0.0778803
0.004191717 0.07740972
0.004193317 0.07670386
0.004194917 0.07623329
0.004196517 0.07552742
0.004198117 0.07576271
0.004199717 0.07482156
0.004201317 0.07505685
