LECROYWS4024HD 19320 Waveform
Segments 1 SegmentSize 3127
Segment TrigTime TimeSinceSegment1
#1 19-Jun-2024 15:59:07 0                 
Time Ampl
-0.0008012998 0.00117644
-0.0007996998 0
-0.0007980998 0.0002352879
-0.0007964998 -0.0002352879
-0.0007948998 0.0004705758
-0.0007932998 0
-0.0007916998 0.0007058638
-0.0007900998 -0.0002352879
-0.0007884998 0.0007058638
-0.0007868998 0
-0.0007852998 0.0009411517
-0.0007836998 -0.0002352879
-0.0007820998 0.0004705758
-0.0007804998 0.0004705758
-0.0007788998 0
-0.0007772998 -0.0004705758
-0.0007756998 0.0002352879
-0.0007740998 0.0002352879
-0.0007724998 0.0002352879
-0.0007708998 0.0007058638
-0.0007692998 0.0002352879
-0.0007676998 0.0002352879
-0.0007660998 0.0007058638
-0.0007644998 -0.0002352879
-0.0007628998 0
-0.0007612998 0
-0.0007596998 0.0002352879
-0.0007580998 0
-0.0007564998 0.0002352879
-0.0007548998 -0.0002352879
-0.0007532998 -0.0002352879
-0.0007516998 0
-0.0007500998 0
-0.0007484998 -0.0002352879
-0.0007468998 0.0004705758
-0.0007452998 0
-0.0007436998 0
-0.0007420998 -0.0002352879
-0.0007404998 0.0009411517
-0.0007388998 0
-0.0007372998 -0.0002352879
-0.0007356998 0.0004705758
-0.0007340998 -0.002117591
-0.0007324998 0
-0.0007308998 0.0004705758
-0.0007292998 -0.0002352879
-0.0007276998 0.0009411517
-0.0007260998 -0.0002352879
-0.0007244998 0
-0.0007228998 0.0002352879
-0.0007212998 0.0002352879
-0.0007196998 -0.0007058638
-0.0007180998 0.0002352879
-0.0007164998 0
-0.0007148998 0
-0.0007132998 0
-0.0007116998 -0.0002352879
-0.0007100998 -0.0002352879
-0.0007084998 0
-0.0007068998 -0.0002352879
-0.0007052998 0.0007058638
-0.0007036998 0.0002352879
-0.0007020998 0.0002352879
-0.0007004998 -0.0002352879
-0.0006988998 -0.0004705758
-0.0006972998 -0.0002352879
-0.0006956998 0
-0.0006940998 0.0002352879
-0.0006924998 0
-0.0006908998 0
-0.0006892998 0.0007058638
-0.0006876998 0
-0.0006860998 0.0007058638
-0.0006844998 0
-0.0006828998 0.0004705758
-0.0006812998 0
-0.0006796998 0.0009411517
-0.0006780998 0.0002352879
-0.0006764998 0.0007058638
-0.0006748998 0
-0.0006732998 0.0002352879
-0.0006716998 0.0002352879
-0.0006700998 0.0007058638
-0.0006684998 0.0002352879
-0.0006668998 0.0009411517
-0.0006652998 -0.0004705758
-0.0006636998 0.0009411517
-0.0006620998 0
-0.0006604998 0.0004705758
-0.0006588998 -0.0002352879
-0.0006572998 0.0002352879
-0.0006556998 0
-0.0006540998 0.0002352879
-0.0006524998 0.0007058638
-0.0006508998 0.0009411517
-0.0006492998 0.0004705758
-0.0006476998 0.0009411517
-0.0006460998 0
-0.0006444998 0.0002352879
-0.0006428998 0.0004705758
-0.0006412998 0.0007058638
-0.0006396998 0.0004705758
-0.0006380998 0
-0.0006364998 0.0002352879
-0.0006348998 0.0007058638
-0.0006332998 0.0004705758
-0.0006316998 0.0004705758
-0.0006300998 0.0009411517
-0.0006284998 0.0007058638
-0.0006268998 -0.0002352879
-0.0006252998 0
-0.0006236998 -0.0004705758
-0.0006220998 0.0004705758
-0.0006204998 -0.0004705758
-0.0006188998 0.0009411517
-0.0006172998 0
-0.0006156998 0.0002352879
-0.0006140998 0.0002352879
-0.0006124998 0.0007058638
-0.0006108998 0
-0.0006092998 0.0002352879
-0.0006076998 0.003764607
-0.0006060998 0.0009411517
-0.0006044998 0.0004705758
-0.0006028998 0.0009411517
-0.0006012998 0
-0.0005996998 0.0007058638
-0.0005980998 0.0002352879
-0.0005964998 0
-0.0005948998 0.0002352879
-0.0005932998 0.001647015
-0.0005916998 0
-0.0005900998 0.0004705758
-0.0005884998 -0.0002352879
-0.0005868998 0.0002352879
-0.0005852998 0
-0.0005836998 0.0004705758
-0.0005820998 0
-0.0005804998 0.0002352879
-0.0005788998 0.0002352879
-0.0005772998 0.0007058638
-0.0005756998 0
-0.0005740998 0.0009411517
-0.0005724998 0.0007058638
-0.0005708998 0
-0.0005692998 0.0004705758
-0.0005676998 0.0009411517
-0.0005660998 0
-0.0005644998 0.0009411517
-0.0005628998 -0.0002352879
-0.0005612998 0.0002352879
-0.0005596998 -0.0002352879
-0.0005580998 0.0004705758
-0.0005564998 0.0009411517
-0.0005548998 0.0004705758
-0.0005532998 0.0007058638
-0.0005516998 0.0004705758
-0.0005500998 0.0007058638
-0.0005484998 0.0004705758
-0.0005468998 0.0007058638
-0.0005452998 0.0002352879
-0.0005436998 0.0002352879
-0.0005420998 0.0002352879
-0.0005404998 0
-0.0005388998 0.0009411517
-0.0005372998 -0.002117591
-0.0005356998 0.0004705758
-0.0005340998 0.0004705758
-0.0005324998 0.0002352879
-0.0005308998 0.0002352879
-0.0005292998 0.0007058638
-0.0005276998 0
-0.0005260998 0.0009411517
-0.0005244998 0.0002352879
-0.0005228998 0.00117644
-0.0005212998 0.0004705758
-0.0005196998 0.0002352879
-0.0005180998 0.0004705758
-0.0005164998 0.0009411517
-0.0005148998 0
-0.0005132998 0.0007058638
-0.0005116998 0.0004705758
-0.0005100998 0.0004705758
-0.0005084998 -0.0004705758
-0.0005068998 0.0007058638
-0.0005052998 -0.0002352879
-0.0005036998 0.0007058638
-0.0005020998 0.0004705758
-0.0005004998 0.00117644
-0.0004988998 0.0007058638
-0.0004972998 0.0009411517
-0.0004956998 0.0004705758
-0.0004940998 0.0004705758
-0.0004924998 0
-0.0004908998 0.0002352879
-0.0004892998 -0.0002352879
-0.0004876998 0
-0.0004860998 0.0007058638
-0.0004844998 0.0004705758
-0.0004828998 0.0007058638
-0.0004812998 0.0004705758
-0.0004796998 0.0002352879
-0.0004780998 0.00117644
-0.0004764998 -0.0002352879
-0.0004748998 0.0007058638
-0.0004732998 0.0002352879
-0.0004716998 0.0009411517
-0.0004700998 -0.0004705758
-0.0004684998 0.0007058638
-0.0004668998 -0.0007058638
-0.0004652998 0.0002352879
-0.0004636998 0.0002352879
-0.0004620998 0.0004705758
-0.0004604998 0
-0.0004588998 0.0009411517
-0.0004572998 0.0002352879
-0.0004556998 0.0002352879
-0.0004540998 0
-0.0004524998 0.0002352879
-0.0004508998 0.0002352879
-0.0004492998 0.0007058638
-0.0004476998 -0.0002352879
-0.0004460998 0.0004705758
-0.0004444998 0.0004705758
-0.0004428998 0.0007058638
-0.0004412998 0.0004705758
-0.0004396998 0.0004705758
-0.0004380998 0
-0.0004364998 0.0004705758
-0.0004348998 0.0004705758
-0.0004332998 0.0002352879
-0.0004316998 0.0004705758
-0.0004300998 0.0002352879
-0.0004284998 0.0002352879
-0.0004268998 0.0009411517
-0.0004252998 0
-0.0004236998 0.0002352879
-0.0004220998 0.0002352879
-0.0004204998 0
-0.0004188998 0.0004705758
-0.0004172998 0.0004705758
-0.0004156998 0.0002352879
-0.0004140998 0.0007058638
-0.0004124998 0
-0.0004108998 -0.001882303
-0.0004092998 0.0002352879
-0.0004076998 0.0009411517
-0.0004060998 0.0004705758
-0.0004044998 0.0007058638
-0.0004028998 -0.0007058638
-0.0004012998 0.0007058638
-0.0003996998 0.0002352879
-0.0003980998 0.0004705758
-0.0003964998 0
-0.0003948998 0.0007058638
-0.0003932998 0.0002352879
-0.0003916998 0.0004705758
-0.0003900998 0
-0.0003884998 0.0004705758
-0.0003868998 0
-0.0003852998 0.0002352879
-0.0003836998 0.0002352879
-0.0003820998 0.0007058638
-0.0003804998 0.0002352879
-0.0003788998 0.0004705758
-0.0003772998 0
-0.0003756998 0.0007058638
-0.0003740998 0
-0.0003724998 0.0004705758
-0.0003708998 0.0004705758
-0.0003692998 0.0007058638
-0.0003676998 0
-0.0003660998 0.0002352879
-0.0003644998 0.0002352879
-0.0003628998 0.0004705758
-0.0003612998 0.0004705758
-0.0003596998 0.0002352879
-0.0003580998 -0.0002352879
-0.0003564998 0.0004705758
-0.0003548998 0.0002352879
-0.0003532998 0.00117644
-0.0003516998 0.0002352879
-0.0003500998 0.0002352879
-0.0003484998 0
-0.0003468998 0.0004705758
-0.0003452998 -0.0002352879
-0.0003436998 0.0009411517
-0.0003420998 0
-0.0003404998 0.001647015
-0.0003388998 0.0002352879
-0.0003372998 0.0004705758
-0.0003356998 0
-0.0003340998 0.0009411517
-0.0003324998 0.0002352879
-0.0003308998 0.0004705758
-0.0003292998 0.0004705758
-0.0003276998 0.0002352879
-0.0003260998 -0.0002352879
-0.0003244998 0.0007058638
-0.0003228998 0
-0.0003212998 0.0007058638
-0.0003196998 0.0004705758
-0.0003180998 0.0007058638
-0.0003164998 0.0007058638
-0.0003148998 0.0002352879
-0.0003132998 0.0004705758
-0.0003116998 0.0009411517
-0.0003100998 0.0002352879
-0.0003084998 0.0002352879
-0.0003068998 0.0004705758
-0.0003052998 0.0007058638
-0.0003036998 0.0004705758
-0.0003020998 0.00117644
-0.0003004998 0.0004705758
-0.0002988998 0.0004705758
-0.0002972998 -0.0002352879
-0.0002956998 0.0004705758
-0.0002940998 0
-0.0002924998 0.0002352879
-0.0002908998 0.0002352879
-0.0002892998 0.0007058638
-0.0002876998 0.0002352879
-0.0002860998 0.0009411517
-0.0002844998 -0.003529319
-0.0002828998 0
-0.0002812998 0
-0.0002796998 0.0009411517
-0.0002780998 -0.0004705758
-0.0002764998 0.0007058638
-0.0002748998 0
-0.0002732998 0.0007058638
-0.0002716998 0.0002352879
-0.0002700998 0.0007058638
-0.0002684998 0.0002352879
-0.0002668998 0.0002352879
-0.0002652998 0.0004705758
-0.0002636998 0.0007058638
-0.0002620998 0.0009411517
-0.0002604998 0.0009411517
-0.0002588998 0.0009411517
-0.0002572998 0.0007058638
-0.0002556998 0
-0.0002540998 0.0007058638
-0.0002524998 -0.0002352879
-0.0002508998 0.00117644
-0.0002492998 0
-0.0002476998 0.0004705758
-0.0002460998 0.0007058638
-0.0002444998 0.0009411517
-0.0002428998 0.0004705758
-0.0002412998 0.0007058638
-0.0002396998 0.0004705758
-0.0002380998 0.0007058638
-0.0002364998 0.0004705758
-0.0002348998 0.0007058638
-0.0002332998 0.0004705758
-0.0002316998 0.0007058638
-0.0002300998 0
-0.0002284998 0.0007058638
-0.0002268998 0
-0.0002252998 0.0004705758
-0.0002236998 0
-0.0002220998 0.0004705758
-0.0002204998 0.0004705758
-0.0002188998 0.0004705758
-0.0002172998 0.0004705758
-0.0002156998 0.00117644
-0.0002140998 -0.002588167
-0.0002124998 0.0009411517
-0.0002108998 -0.0002352879
-0.0002092998 0.0007058638
-0.0002076998 0
-0.0002060998 0.0009411517
-0.0002044998 0.0007058638
-0.0002028998 0.00117644
-0.0002012998 0.0002352879
-0.0001996998 0.0007058638
-0.0001980998 0.0004705758
-0.0001964998 0.0002352879
-0.0001948998 0.0004705758
-0.0001932998 0.0002352879
-0.0001916998 0.0002352879
-0.0001900998 0.0009411517
-0.0001884998 0.0002352879
-0.0001868998 0.0007058638
-0.0001852998 0.0002352879
-0.0001836998 0
-0.0001820998 0.0007058638
-0.0001804998 0.0009411517
-0.0001788998 0
-0.0001772998 0.0009411517
-0.0001756998 0
-0.0001740998 0.0002352879
-0.0001724998 0.0004705758
-0.0001708998 0.0002352879
-0.0001692998 0.0004705758
-0.0001676998 0.0007058638
-0.0001660998 0.0004705758
-0.0001644998 0.0004705758
-0.0001628998 0.0004705758
-0.0001612998 0.0004705758
-0.0001596998 0
-0.0001580998 0.0009411517
-0.0001564998 0.0004705758
-0.0001548998 0.0002352879
-0.0001532998 0.0007058638
-0.0001516998 0.00117644
-0.0001500998 0.0004705758
-0.0001484998 0.0004705758
-0.0001468998 0.0002352879
-0.0001452998 0.0007058638
-0.0001436998 0.0002352879
-0.0001420998 0.0002352879
-0.0001404998 0.0002352879
-0.0001388998 0.0009411517
-0.0001372998 -0.0002352879
-0.0001356998 0.0007058638
-0.0001340998 0.0002352879
-0.0001324998 0.0004705758
-0.0001308998 0.0007058638
-0.0001292998 0.0007058638
-0.0001276998 0.0007058638
-0.0001260998 0.0007058638
-0.0001244998 0.0004705758
-0.0001228998 0.0009411517
-0.0001212998 0.0004705758
-0.0001196998 0.0002352879
-0.0001180998 0.0004705758
-0.0001164998 0.0007058638
-0.0001148998 0.0009411517
-0.0001132998 0.0007058638
-0.0001116998 0.0004705758
-0.0001100998 0
-0.0001084998 0
-0.0001068998 0.0007058638
-0.0001052998 0.0002352879
-0.0001036998 0.0007058638
-0.0001020998 0.0004705758
-0.0001004998 0
-9.88998e-005 0.0004705758
-9.72998e-005 0.0007058638
-9.56998e-005 0.0004705758
-9.40998e-005 0.0007058638
-9.24998e-005 0.0007058638
-9.08998e-005 0.0004705758
-8.92998e-005 0.0007058638
-8.76998e-005 0.002823455
-8.60998e-005 0.0002352879
-8.44998e-005 0.0007058638
-8.28998e-005 0.0007058638
-8.12998e-005 0.001411728
-7.96998e-005 0.0004705758
-7.80998e-005 0.0002352879
-7.64998e-005 -0.0002352879
-7.48998e-005 0.0009411517
-7.32998e-005 -0.0004705758
-7.16998e-005 0.00117644
-7.00998e-005 0.0002352879
-6.84998e-005 0.0007058638
-6.68998e-005 0
-6.52998e-005 0.0009411517
-6.36998e-005 0.0002352879
-6.20998e-005 0.0009411517
-6.04998e-005 0.0004705758
-5.88998e-005 0.0004705758
-5.72998e-005 0.0002352879
-5.56998e-005 0.0009411517
-5.40998e-005 0
-5.24998e-005 0.0007058638
-5.08998e-005 0.0004705758
-4.92998e-005 0.0002352879
-4.76998e-005 0.0002352879
-4.60998e-005 0.00117644
-4.44998e-005 0.0004705758
-4.28998e-005 0.001647015
-4.12998e-005 0.002588167
-3.96998e-005 0.004941046
-3.80998e-005 0.006588062
-3.64998e-005 0.009882093
-3.48998e-005 0.01247026
-3.32998e-005 0.01270555
-3.16998e-005 0.002117591
-3.00998e-005 -0.02070534
-2.84998e-005 -0.05435151
-2.68998e-005 -0.08987998
-2.52998e-005 -0.1188204
-2.36998e-005 -0.1338788
-2.20998e-005 -0.1409375
-2.04998e-005 -0.1468197
-1.88998e-005 -0.1602311
-1.72998e-005 -0.1790541
-1.56998e-005 -0.2014065
-1.40998e-005 -0.2176413
-1.24998e-005 -0.2230529
-1.08998e-005 -0.2183472
-9.2998e-006 -0.2028182
-7.6998e-006 -0.1736425
-6.0998e-006 -0.1371729
-4.4998e-006 -0.09505632
-2.8998e-006 -0.05482208
-1.2998e-006 -0.02235235
3.002e-007 0.003999895
1.9002e-006 0.02399937
3.5002e-006 0.03764607
5.1002e-006 0.04446942
6.7002e-006 0.04446942
8.3002e-006 0.03952837
9.9002e-006 0.03152858
1.15002e-005 0.02399937
1.31002e-005 0.01599958
1.47002e-005 0.007999789
1.63002e-005 -0.003529319
1.79002e-005 -0.01435256
1.95002e-005 -0.02446994
2.11002e-005 -0.03270502
2.27002e-005 -0.03905779
2.43002e-005 -0.04329298
2.59002e-005 -0.04588114
2.75002e-005 -0.04611643
2.91002e-005 -0.04141067
3.07002e-005 -0.03246973
3.23002e-005 -0.02258764
3.39002e-005 -0.01270555
3.55002e-005 -0.003999895
3.71002e-005 0.004235183
3.87002e-005 0.01270555
4.03002e-005 0.01882303
4.19002e-005 0.01882303
4.35002e-005 0.01341141
4.51002e-005 0.002823455
4.67002e-005 -0.008940941
4.83002e-005 -0.02305822
4.99002e-005 -0.03764607
5.15002e-005 -0.05693968
5.31002e-005 -0.07576271
5.47002e-005 -0.09387988
5.63002e-005 -0.1025855
5.79002e-005 -0.1035267
5.95002e-005 -0.09764449
6.11002e-005 -0.08682124
6.27002e-005 -0.07505685
6.43002e-005 -0.06258659
6.59002e-005 -0.04893989
6.75002e-005 -0.03646963
6.91002e-005 -0.03011685
7.07002e-005 -0.03223444
7.23002e-005 -0.04117539
7.39002e-005 -0.05482208
7.55002e-005 -0.06846878
7.71002e-005 -0.07882145
7.87002e-005 -0.08752711
8.03002e-005 -0.09764449
8.19002e-005 -0.1082324
8.35002e-005 -0.1221144
8.51002e-005 -0.1362317
8.67002e-005 -0.150349
8.83002e-005 -0.162584
8.99002e-005 -0.1715249
9.15002e-005 -0.1767012
9.31002e-005 -0.1767012
9.47002e-005 -0.1705837
9.63002e-005 -0.1592899
9.79002e-005 -0.1428198
9.95002e-005 -0.1254085
0.0001011002 -0.1079972
0.0001027002 -0.09364459
0.0001043002 -0.08329192
0.0001059002 -0.07552742
0.0001075002 -0.06917465
0.0001091002 -0.0682335
0.0001107002 -0.06399831
0.0001123002 -0.06352774
0.0001139002 -0.06211601
0.0001155002 -0.06023371
0.0001171002 -0.05811612
0.0001187002 -0.05364565
0.0001203002 -0.04941046
0.0001219002 -0.04611643
0.0001235002 -0.04235183
0.0001251002 -0.03835193
0.0001267002 -0.03482261
0.0001283002 -0.03082272
0.0001299002 -0.02752869
0.0001315002 -0.02564638
0.0001331002 -0.02517581
0.0001347002 -0.02564638
0.0001363002 -0.02682282
0.0001379002 -0.02846984
0.0001395002 -0.02988157
0.0001411002 -0.03435204
0.0001427002 -0.03976366
0.0001443002 -0.04799874
0.0001459002 -0.05693968
0.0001475002 -0.06682177
0.0001491002 -0.07364512
0.0001507002 -0.07905674
0.0001523002 -0.08164491
0.0001539002 -0.08117433
0.0001555002 -0.07905674
0.0001571002 -0.07670386
0.0001587002 -0.07435098
0.0001603002 -0.07458627
0.0001619002 -0.07764501
0.0001635002 -0.08305663
0.0001651002 -0.08799768
0.0001667002 -0.091527
0.0001683002 -0.09482103
0.0001699002 -0.09999736
0.0001715002 -0.1051737
0.0001731002 -0.1129382
0.0001747002 -0.1204674
0.0001763002 -0.1263496
0.0001779002 -0.1305848
0.0001795002 -0.1327024
0.0001811002 -0.1350553
0.0001827002 -0.136467
0.0001843002 -0.1362317
0.0001859002 -0.1338788
0.0001875002 -0.1296436
0.0001891002 -0.1247026
0.0001907002 -0.120938
0.0001923002 -0.117644
0.0001939002 -0.1157617
0.0001955002 -0.1129382
0.0001971002 -0.1072913
0.0001987002 -0.1011738
0.0002003002 -0.09270344
0.0002019002 -0.08399779
0.0002035002 -0.07482156
0.0002051002 -0.06752763
0.0002067002 -0.06211601
0.0002083002 -0.05788083
0.0002099002 -0.05576324
0.0002115002 -0.05529266
0.0002131002 -0.0545868
0.0002147002 -0.05482208
0.0002163002 -0.05505737
0.0002179002 -0.05529266
0.0002195002 -0.05670439
0.0002211002 -0.05858669
0.0002227002 -0.06258659
0.0002243002 -0.06846878
0.0002259002 -0.07176281
0.0002275002 -0.07317454
0.0002291002 -0.07082166
0.0002307002 -0.06705706
0.0002323002 -0.06399831
0.0002339002 -0.06164543
0.0002355002 -0.0564691
0.0002371002 -0.05529266
0.0002387002 -0.05035161
0.0002403002 -0.04588114
0.0002419002 -0.04023423
0.0002435002 -0.0369402
0.0002451002 -0.03364617
0.0002467002 -0.03270502
0.0002483002 -0.03223444
0.0002499002 -0.03294031
0.0002515002 -0.03246973
0.0002531002 -0.03223444
0.0002547002 -0.03082272
0.0002563002 -0.03035214
0.0002579002 -0.03058743
0.0002595002 -0.03176387
0.0002611002 -0.03388146
0.0002627002 -0.03599905
0.0002643002 -0.03999895
0.0002659002 -0.04376355
0.0002675002 -0.04729287
0.0002691002 -0.0505869
0.0002707002 -0.05411622
0.0002723002 -0.05717496
0.0002739002 -0.05929256
0.0002755002 -0.0623513
0.0002771002 -0.06470418
0.0002787002 -0.06635119
0.0002803002 -0.06541004
0.0002819002 -0.06399831
0.0002835002 -0.06399831
0.0002851002 -0.06517475
0.0002867002 -0.06729234
0.0002883002 -0.06893936
0.0002899002 -0.06917465
0.0002915002 -0.0701158
0.0002931002 -0.07105695
0.0002947002 -0.07129224
0.0002963002 -0.0719981
0.0002979002 -0.07176281
0.0002995002 -0.0701158
0.0003011002 -0.06870407
0.0003027002 -0.0661159
0.0003043002 -0.06188072
0.0003059002 -0.0564691
0.0003075002 -0.05152805
0.0003091002 -0.04658701
0.0003107002 -0.04235183
0.0003123002 -0.03717549
0.0003139002 -0.0331756
0.0003155002 -0.02705811
0.0003171002 -0.02211706
0.0003187002 -0.01858775
0.0003203002 -0.01647015
0.0003219002 -0.01576429
0.0003235002 -0.01694073
0.0003251002 -0.02023476
0.0003267002 -0.02470523
0.0003283002 -0.02941099
0.0003299002 -0.03435204
0.0003315002 -0.03646963
0.0003331002 -0.0369402
0.0003347002 -0.0350579
0.0003363002 -0.03341088
0.0003379002 -0.03176387
0.0003395002 -0.02988157
0.0003411002 -0.02564638
0.0003427002 -0.02117591
0.0003443002 -0.01599958
0.0003459002 -0.01270555
0.0003475002 -0.009646805
0.0003491002 -0.007764501
0.0003507002 -0.005411622
0.0003523002 -0.003999895
0.0003539002 -0.002823455
0.0003555002 -0.003058743
0.0003571002 -0.003529319
0.0003587002 -0.003529319
0.0003603002 -0.002588167
0.0003619002 -0.002823455
0.0003635002 -0.001411728
0.0003651002 -0.002117591
0.0003667002 -0.001882303
0.0003683002 -0.002588167
0.0003699002 -0.0009411517
0.0003715002 -0.0002352879
0.0003731002 -0.0002352879
0.0003747002 -0.001647015
0.0003763002 -0.001411728
0.0003779002 -0.003058743
0.0003795002 -0.00447047
0.0003811002 -0.007529213
0.0003827002 -0.009176229
0.0003843002 -0.01152911
0.0003859002 -0.01152911
0.0003875002 -0.01199968
0.0003891002 -0.01152911
0.0003907002 -0.01152911
0.0003923002 -0.009882093
0.0003939002 -0.007058638
0.0003955002 -0.002823455
0.0003971002 -0.0004705758
0.0003987002 0.002588167
0.0004003002 0.003294031
0.0004019002 0.004235183
0.0004035002 0.004941046
0.0004051002 0.005411622
0.0004067002 0.003764607
0.0004083002 0.00117644
0.0004099002 -0.003529319
0.0004115002 -0.00564691
0.0004131002 -0.007293925
0.0004147002 -0.009411517
0.0004163002 -0.01247026
0.0004179002 -0.01411728
0.0004195002 -0.01529371
0.0004211002 -0.01411728
0.0004227002 -0.01082324
0.0004243002 -0.007293925
0.0004259002 -0.004941046
0.0004275002 -0.003294031
0.0004291002 -0.001882303
0.0004307002 0.0004705758
0.0004323002 0.001411728
0.0004339002 0.005176334
0.0004355002 0.007293925
0.0004371002 0.01082324
0.0004387002 0.01599958
0.0004403002 0.0214112
0.0004419002 0.0272934
0.0004435002 0.03152858
0.0004451002 0.03482261
0.0004467002 0.03741078
0.0004483002 0.03858722
0.0004499002 0.04164596
0.0004515002 0.0428224
0.0004531002 0.04446942
0.0004547002 0.04541057
0.0004563002 0.04776345
0.0004579002 0.04729287
0.0004595002 0.04729287
0.0004611002 0.04517528
0.0004627002 0.04188125
0.0004643002 0.03882251
0.0004659002 0.03552848
0.0004675002 0.03105801
0.0004691002 0.02823455
0.0004707002 0.02470523
0.0004723002 0.02235235
0.0004739002 0.02211706
0.0004755002 0.02305822
0.0004771002 0.02399937
0.0004787002 0.02658753
0.0004803002 0.02799926
0.0004819002 0.03176387
0.0004835002 0.03529319
0.0004851002 0.03905779
0.0004867002 0.04235183
0.0004883002 0.04517528
0.0004899002 0.04776345
0.0004915002 0.05129277
0.0004931002 0.05435151
0.0004947002 0.05576324
0.0004963002 0.05623381
0.0004979002 0.05529266
0.0004995002 0.05341036
0.0005011002 0.05293978
0.0005027002 0.05364565
0.0005043002 0.05411622
0.0005059002 0.05411622
0.0005075002 0.05576324
0.0005091002 0.05529266
0.0005107002 0.05552795
0.0005123002 0.05482208
0.0005139002 0.05364565
0.0005155002 0.05152805
0.0005171002 0.05082219
0.0005187002 0.0487046
0.0005203002 0.04893989
0.0005219002 0.04917517
0.0005235002 0.04893989
0.0005251002 0.04799874
0.0005267002 0.04729287
0.0005283002 0.04517528
0.0005299002 0.04329298
0.0005315002 0.04164596
0.0005331002 0.0409401
0.0005347002 0.04023423
0.0005363002 0.04188125
0.0005379002 0.0428224
0.0005395002 0.04376355
0.0005411002 0.04399884
0.0005427002 0.04517528
0.0005443002 0.04399884
0.0005459002 0.04446942
0.0005475002 0.04329298
0.0005491002 0.0447047
0.0005507002 0.04611643
0.0005523002 0.04941046
0.0005539002 0.05293978
0.0005555002 0.05717496
0.0005571002 0.06023371
0.0005587002 0.06376303
0.0005603002 0.06658648
0.0005619002 0.06729234
0.0005635002 0.06752763
0.0005651002 0.06752763
0.0005667002 0.06541004
0.0005683002 0.06470418
0.0005699002 0.06376303
0.0005715002 0.06305716
0.0005731002 0.06305716
0.0005747002 0.0623513
0.0005763002 0.06070428
0.0005779002 0.05811612
0.0005795002 0.05482208
0.0005811002 0.05246921
0.0005827002 0.04917517
0.0005843002 0.0468223
0.0005859002 0.04376355
0.0005875002 0.04399884
0.0005891002 0.04305769
0.0005907002 0.04493999
0.0005923002 0.04729287
0.0005939002 0.05152805
0.0005955002 0.05529266
0.0005971002 0.06093957
0.0005987002 0.06517475
0.0006003002 0.06964522
0.0006019002 0.07317454
0.0006035002 0.07693915
0.0006051002 0.0797626
0.0006067002 0.08352721
0.0006083002 0.08682124
0.0006099002 0.09011527
0.0006115002 0.09223286
0.0006131002 0.09505632
0.0006147002 0.09482103
0.0006163002 0.09387988
0.0006179002 0.09035056
0.0006195002 0.08635067
0.0006211002 0.08140962
0.0006227002 0.07764501
0.0006243002 0.07340983
0.0006259002 0.06988051
0.0006275002 0.0642336
0.0006291002 0.06164543
0.0006307002 0.05693968
0.0006323002 0.05505737
0.0006339002 0.05364565
0.0006355002 0.05341036
0.0006371002 0.05435151
0.0006387002 0.05576324
0.0006403002 0.05717496
0.0006419002 0.05976313
0.0006435002 0.06141015
0.0006451002 0.06329245
0.0006467002 0.06376303
0.0006483002 0.06446889
0.0006499002 0.06541004
0.0006515002 0.06658648
0.0006531002 0.06870407
0.0006547002 0.0719981
0.0006563002 0.07317454
0.0006579002 0.07552742
0.0006595002 0.07576271
0.0006611002 0.07552742
0.0006627002 0.07317454
0.0006643002 0.07129224
0.0006659002 0.06917465
0.0006675002 0.06752763
0.0006691002 0.06635119
0.0006707002 0.06541004
0.0006723002 0.06564533
0.0006739002 0.06564533
0.0006755002 0.06541004
0.0006771002 0.06564533
0.0006787002 0.06729234
0.0006803002 0.06635119
0.0006819002 0.06588062
0.0006835002 0.06682177
0.0006851002 0.06846878
0.0006867002 0.06705706
0.0006883002 0.06870407
0.0006899002 0.06988051
0.0006915002 0.0719981
0.0006931002 0.07317454
0.0006947002 0.07435098
0.0006963002 0.07458627
0.0006979002 0.07388041
0.0006995002 0.07340983
0.0007011002 0.07129224
0.0007027002 0.07082166
0.0007043002 0.06940994
0.0007059002 0.0682335
0.0007075002 0.06729234
0.0007091002 0.06729234
0.0007107002 0.06658648
0.0007123002 0.06588062
0.0007139002 0.06517475
0.0007155002 0.06470418
0.0007171002 0.06329245
0.0007187002 0.0623513
0.0007203002 0.06141015
0.0007219002 0.06164543
0.0007235002 0.06117486
0.0007251002 0.06305716
0.0007267002 0.06470418
0.0007283002 0.06517475
0.0007299002 0.06541004
0.0007315002 0.06588062
0.0007331002 0.0661159
0.0007347002 0.06752763
0.0007363002 0.06729234
0.0007379002 0.06752763
0.0007395002 0.06776292
0.0007411002 0.06870407
0.0007427002 0.06893936
0.0007443002 0.06964522
0.0007459002 0.06917465
0.0007475002 0.06940994
0.0007491002 0.06870407
0.0007507002 0.06917465
0.0007523002 0.06893936
0.0007539002 0.06917465
0.0007555002 0.06799821
0.0007571002 0.07223339
0.0007587002 0.07411569
0.0007603002 0.07717444
0.0007619002 0.07952732
0.0007635002 0.08164491
0.0007651002 0.08352721
0.0007667002 0.08446836
0.0007683002 0.08329192
0.0007699002 0.08399779
0.0007715002 0.08140962
0.0007731002 0.08117433
0.0007747002 0.08046847
0.0007763002 0.07952732
0.0007779002 0.07952732
0.0007795002 0.07882145
0.0007811002 0.07717444
0.0007827002 0.07670386
0.0007843002 0.07529213
0.0007859002 0.07505685
0.0007875002 0.07458627
0.0007891002 0.07364512
0.0007907002 0.07340983
0.0007923002 0.07435098
0.0007939002 0.07505685
0.0007955002 0.07693915
0.0007971002 0.07717444
0.0007987002 0.0778803
0.0008003002 0.07740972
0.0008019002 0.07740972
0.0008035002 0.07670386
0.0008051002 0.07740972
0.0008067002 0.07670386
0.0008083002 0.07623329
0.0008099002 0.07576271
0.0008115002 0.07505685
0.0008131002 0.07482156
0.0008147002 0.07435098
0.0008163002 0.07340983
0.0008179002 0.07270397
0.0008195002 0.07129224
0.0008211002 0.06988051
0.0008227002 0.06988051
0.0008243002 0.06964522
0.0008259002 0.06799821
0.0008275002 0.06705706
0.0008291002 0.0661159
0.0008307002 0.06517475
0.0008323002 0.06305716
0.0008339002 0.0623513
0.0008355002 0.06117486
0.0008371002 0.06046899
0.0008387002 0.05929256
0.0008403002 0.05858669
0.0008419002 0.05764554
0.0008435002 0.05764554
0.0008451002 0.05623381
0.0008467002 0.05693968
0.0008483002 0.05693968
0.0008499002 0.05788083
0.0008515002 0.05811612
0.0008531002 0.05929256
0.0008547002 0.06023371
0.0008563002 0.06141015
0.0008579002 0.06258659
0.0008595002 0.06352774
0.0008611002 0.06446889
0.0008627002 0.06588062
0.0008643002 0.06752763
0.0008659002 0.06846878
0.0008675002 0.06964522
0.0008691002 0.07082166
0.0008707002 0.07035109
0.0008723002 0.07082166
0.0008739002 0.07082166
0.0008755002 0.07058638
0.0008771002 0.0701158
0.0008787002 0.06964522
0.0008803002 0.06799821
0.0008819002 0.06470418
0.0008835002 0.06658648
0.0008851002 0.06564533
0.0008867002 0.06446889
0.0008883002 0.0642336
0.0008899002 0.0623513
0.0008915002 0.06093957
0.0008931002 0.05999842
0.0008947002 0.05976313
0.0008963002 0.05858669
0.0008979002 0.05811612
0.0008995002 0.05858669
0.0009011002 0.05882198
0.0009027002 0.05929256
0.0009043002 0.05929256
0.0009059002 0.0583514
0.0009075002 0.05858669
0.0009091002 0.05717496
0.0009107002 0.05670439
0.0009123002 0.05599852
0.0009139002 0.05599852
0.0009155002 0.0564691
0.0009171002 0.05788083
0.0009187002 0.05882198
0.0009203002 0.06046899
0.0009219002 0.06164543
0.0009235002 0.06188072
0.0009251002 0.06164543
0.0009267002 0.06188072
0.0009283002 0.06188072
0.0009299002 0.06188072
0.0009315002 0.06188072
0.0009331002 0.06164543
0.0009347002 0.06164543
0.0009363002 0.06117486
0.0009379002 0.05999842
0.0009395002 0.05929256
0.0009411002 0.05788083
0.0009427002 0.05693968
0.0009443002 0.05482208
0.0009459002 0.05341036
0.0009475002 0.05152805
0.0009491002 0.04988104
0.0009507002 0.04823402
0.0009523002 0.04729287
0.0009539002 0.04776345
0.0009555002 0.04776345
0.0009571002 0.04799874
0.0009587002 0.04893989
0.0009603002 0.04941046
0.0009619002 0.0505869
0.0009635002 0.04988104
0.0009651002 0.05011633
0.0009667002 0.05082219
0.0009683002 0.05293978
0.0009699002 0.05505737
0.0009715002 0.05764554
0.0009731002 0.05905727
0.0009747002 0.06117486
0.0009763002 0.06164543
0.0009779002 0.06282187
0.0009795002 0.06305716
0.0009811002 0.06305716
0.0009827002 0.06258659
0.0009843002 0.06258659
0.0009859002 0.06188072
0.0009875002 0.06211601
0.0009891002 0.0623513
0.0009907002 0.06188072
0.0009923002 0.06046899
0.0009939002 0.06093957
0.0009955002 0.05999842
0.0009971002 0.05905727
0.0009987002 0.05905727
0.0010003 0.05929256
0.0010019 0.05858669
0.0010035 0.05929256
0.0010051 0.05905727
0.0010067 0.05999842
0.0010083 0.05693968
0.0010099 0.05882198
0.0010115 0.05717496
0.0010131 0.05552795
0.0010147 0.05293978
0.0010163 0.05152805
0.0010179 0.0487046
0.0010195 0.04635172
0.0010211 0.04352826
0.0010227 0.0428224
0.0010243 0.04070481
0.0010259 0.03929308
0.0010275 0.03764607
0.0010291 0.03811664
0.0010307 0.03811664
0.0010323 0.03999895
0.0010339 0.04046952
0.0010355 0.04211654
0.0010371 0.04352826
0.0010387 0.04541057
0.0010403 0.04658701
0.0010419 0.04846931
0.0010435 0.04823402
0.0010451 0.04917517
0.0010467 0.0487046
0.0010483 0.04964575
0.0010499 0.04917517
0.0010515 0.04964575
0.0010531 0.04846931
0.0010547 0.04917517
0.0010563 0.0487046
0.0010579 0.0487046
0.0010595 0.04823402
0.0010611 0.04776345
0.0010627 0.04729287
0.0010643 0.04729287
0.0010659 0.04776345
0.0010675 0.04823402
0.0010691 0.04941046
0.0010707 0.05082219
0.0010723 0.05105748
0.0010739 0.05246921
0.0010755 0.05317507
0.0010771 0.05388093
0.0010787 0.05341036
0.0010803 0.05576324
0.0010819 0.05576324
0.0010835 0.05599852
0.0010851 0.05599852
0.0010867 0.05599852
0.0010883 0.05552795
0.0010899 0.05505737
0.0010915 0.05435151
0.0010931 0.05411622
0.0010947 0.05317507
0.0010963 0.05199863
0.0010979 0.05082219
0.0010995 0.05011633
0.0011011 0.04846931
0.0011027 0.04799874
0.0011043 0.0468223
0.0011059 0.04658701
0.0011075 0.04588114
0.0011091 0.04541057
0.0011107 0.04446942
0.0011123 0.04399884
0.0011139 0.04329298
0.0011155 0.04329298
0.0011171 0.04235183
0.0011187 0.04329298
0.0011203 0.0428224
0.0011219 0.0428224
0.0011235 0.04211654
0.0011251 0.04141067
0.0011267 0.03976366
0.0011283 0.03952837
0.0011299 0.03788135
0.0011315 0.03764607
0.0011331 0.0369402
0.0011347 0.03552848
0.0011363 0.0350579
0.0011379 0.03599905
0.0011395 0.03529319
0.0011411 0.03670492
0.0011427 0.03599905
0.0011443 0.03646963
0.0011459 0.03670492
0.0011475 0.03835193
0.0011491 0.03811664
0.0011507 0.03929308
0.0011523 0.03905779
0.0011539 0.0409401
0.0011555 0.04023423
0.0011571 0.04070481
0.0011587 0.04023423
0.0011603 0.04023423
0.0011619 0.03976366
0.0011635 0.03929308
0.0011651 0.03811664
0.0011667 0.03835193
0.0011683 0.03717549
0.0011699 0.03646963
0.0011715 0.0350579
0.0011731 0.03388146
0.0011747 0.0331756
0.0011763 0.0331756
0.0011779 0.03246973
0.0011795 0.03270502
0.0011811 0.03270502
0.0011827 0.03388146
0.0011843 0.03435204
0.0011859 0.03552848
0.0011875 0.03458732
0.0011891 0.03623434
0.0011907 0.03576376
0.0011923 0.03764607
0.0011939 0.03764607
0.0011955 0.03905779
0.0011971 0.03929308
0.0011987 0.03952837
0.0012003 0.04023423
0.0012019 0.04164596
0.0012035 0.04141067
0.0012051 0.04352826
0.0012067 0.04211654
0.0012083 0.0428224
0.0012099 0.04235183
0.0012115 0.04258711
0.0012131 0.04235183
0.0012147 0.04141067
0.0012163 0.03905779
0.0012179 0.03835193
0.0012195 0.0369402
0.0012211 0.03458732
0.0012227 0.03364617
0.0012243 0.03129329
0.0012259 0.02870513
0.0012275 0.02635225
0.0012291 0.02423466
0.0012307 0.02235235
0.0012323 0.01999947
0.0012339 0.01811717
0.0012355 0.01694073
0.0012371 0.01647015
0.0012387 0.01623487
0.0012403 0.01694073
0.0012419 0.01694073
0.0012435 0.01788188
0.0012451 0.01858775
0.0012467 0.01882303
0.0012483 0.0195289
0.0012499 0.02047005
0.0012515 0.02023476
0.0012531 0.02047005
0.0012547 0.02047005
0.0012563 0.02070534
0.0012579 0.02023476
0.0012595 0.02047005
0.0012611 0.02047005
0.0012627 0.02047005
0.0012643 0.02070534
0.0012659 0.0214112
0.0012675 0.0214112
0.0012691 0.02211706
0.0012707 0.02282293
0.0012723 0.02376408
0.0012739 0.02352879
0.0012755 0.02494052
0.0012771 0.02470523
0.0012787 0.02517581
0.0012803 0.02446994
0.0012819 0.02446994
0.0012835 0.02352879
0.0012851 0.02399937
0.0012867 0.0232935
0.0012883 0.02235235
0.0012899 0.0214112
0.0012915 0.02047005
0.0012931 0.01858775
0.0012947 0.01858775
0.0012963 0.01717602
0.0012979 0.01647015
0.0012995 0.01505843
0.0013011 0.01435256
0.0013027 0.01294084
0.0013043 0.0117644
0.0013059 0.01011738
0.0013075 0.01011738
0.0013091 0.008940941
0.0013107 0.008235077
0.0013123 0.007058638
0.0013139 0.006588062
0.0013155 0.004941046
0.0013171 0.003764607
0.0013187 0.002823455
0.0013203 0.002117591
0.0013219 0.0007058638
0.0013235 0.0009411517
0.0013251 0.0004705758
0.0013267 0.0009411517
0.0013283 0.001411728
0.0013299 0.002823455
0.0013315 0.005411622
0.0013331 0.004705758
0.0013347 0.005176334
0.0013363 0.007058638
0.0013379 0.007764501
0.0013395 0.009646805
0.0013411 0.01011738
0.0013427 0.01223497
0.0013443 0.01247026
0.0013459 0.01223497
0.0013475 0.01223497
0.0013491 0.01105853
0.0013507 0.01035267
0.0013523 0.008235077
0.0013539 0.006588062
0.0013555 0.003999895
0.0013571 0.001411728
0.0013587 0
0.0013603 -0.003294031
0.0013619 -0.003999895
0.0013635 -0.006352774
0.0013651 -0.006117486
0.0013667 -0.007293925
0.0013683 -0.007058638
0.0013699 -0.00682335
0.0013715 -0.00564691
0.0013731 -0.005411622
0.0013747 -0.003999895
0.0013763 -0.003999895
0.0013779 -0.002117591
0.0013795 -0.001647015
0.0013811 -0.001411728
0.0013827 -0.0007058638
0.0013843 -0.0002352879
0.0013859 -0.001411728
0.0013875 -0.001882303
0.0013891 -0.003529319
0.0013907 -0.005176334
0.0013923 -0.006117486
0.0013939 -0.007764501
0.0013955 -0.008940941
0.0013971 -0.01011738
0.0013987 -0.01199968
0.0014003 -0.01294084
0.0014019 -0.01482314
0.0014035 -0.0136467
0.0014051 -0.0136467
0.0014067 -0.01341141
0.0014083 -0.0136467
0.0014099 -0.01294084
0.0014115 -0.01317612
0.0014131 -0.01223497
0.0014147 -0.01129382
0.0014163 -0.01058796
0.0014179 -0.01082324
0.0014195 -0.01011738
0.0014211 -0.009646805
0.0014227 -0.009646805
0.0014243 -0.009646805
0.0014259 -0.01011738
0.0014275 -0.01129382
0.0014291 -0.01199968
0.0014307 -0.01341141
0.0014323 -0.01482314
0.0014339 -0.015529
0.0014355 -0.01670544
0.0014371 -0.01788188
0.0014387 -0.01905832
0.0014403 -0.0195289
0.0014419 -0.0195289
0.0014435 -0.02023476
0.0014451 -0.01999947
0.0014467 -0.01999947
0.0014483 -0.01999947
0.0014499 -0.01858775
0.0014515 -0.01811717
0.0014531 -0.01835246
0.0014547 -0.01623487
0.0014563 -0.01623487
0.0014579 -0.01458785
0.0014595 -0.01505843
0.0014611 -0.01505843
0.0014627 -0.01576429
0.0014643 -0.01576429
0.0014659 -0.01670544
0.0014675 -0.01788188
0.0014691 -0.01999947
0.0014707 -0.02188178
0.0014723 -0.02399937
0.0014739 -0.02517581
0.0014755 -0.02823455
0.0014771 -0.03011685
0.0014787 -0.03152858
0.0014803 -0.03294031
0.0014819 -0.03411675
0.0014835 -0.03458732
0.0014851 -0.03552848
0.0014867 -0.03576376
0.0014883 -0.03623434
0.0014899 -0.0369402
0.0014915 -0.03670492
0.0014931 -0.0369402
0.0014947 -0.03741078
0.0014963 -0.03717549
0.0014979 -0.03717549
0.0014995 -0.03764607
0.0015011 -0.03811664
0.0015027 -0.03835193
0.0015043 -0.03929308
0.0015059 -0.03952837
0.0015075 -0.04070481
0.0015091 -0.0409401
0.0015107 -0.04164596
0.0015123 -0.04188125
0.0015139 -0.04329298
0.0015155 -0.04329298
0.0015171 -0.04423413
0.0015187 -0.04446942
0.0015203 -0.04517528
0.0015219 -0.04517528
0.0015235 -0.04564586
0.0015251 -0.04517528
0.0015267 -0.0447047
0.0015283 -0.04352826
0.0015299 -0.04329298
0.0015315 -0.04188125
0.0015331 -0.04117539
0.0015347 -0.03905779
0.0015363 -0.03835193
0.0015379 -0.03741078
0.0015395 -0.0369402
0.0015411 -0.03576376
0.0015427 -0.03576376
0.0015443 -0.03576376
0.0015459 -0.0369402
0.0015475 -0.03646963
0.0015491 -0.03858722
0.0015507 -0.03976366
0.0015523 -0.04164596
0.0015539 -0.04235183
0.0015555 -0.04423413
0.0015571 -0.04541057
0.0015587 -0.04635172
0.0015603 -0.04799874
0.0015619 -0.04823402
0.0015635 -0.04893989
0.0015651 -0.04964575
0.0015667 -0.04941046
0.0015683 -0.04941046
0.0015699 -0.0487046
0.0015715 -0.04893989
0.0015731 -0.04823402
0.0015747 -0.04893989
0.0015763 -0.04799874
0.0015779 -0.04799874
0.0015795 -0.0487046
0.0015811 -0.04893989
0.0015827 -0.04964575
0.0015843 -0.0505869
0.0015859 -0.05223392
0.0015875 -0.05411622
0.0015891 -0.05576324
0.0015907 -0.05858669
0.0015923 -0.05999842
0.0015939 -0.0623513
0.0015955 -0.06493947
0.0015971 -0.06729234
0.0015987 -0.06893936
0.0016003 -0.07035109
0.0016019 -0.07129224
0.0016035 -0.0719981
0.0016051 -0.0719981
0.0016067 -0.07270397
0.0016083 -0.07223339
0.0016099 -0.0719981
0.0016115 -0.07082166
0.0016131 -0.06964522
0.0016147 -0.06799821
0.0016163 -0.06658648
0.0016179 -0.06564533
0.0016195 -0.06376303
0.0016211 -0.06211601
0.0016227 -0.06023371
0.0016243 -0.05882198
0.0016259 -0.05999842
0.0016275 -0.05788083
0.0016291 -0.0564691
0.0016307 -0.05529266
0.0016323 -0.05552795
0.0016339 -0.0545868
0.0016355 -0.05388093
0.0016371 -0.05411622
0.0016387 -0.05411622
0.0016403 -0.05411622
0.0016419 -0.05529266
0.0016435 -0.0545868
0.0016451 -0.05552795
0.0016467 -0.05529266
0.0016483 -0.05599852
0.0016499 -0.05552795
0.0016515 -0.05670439
0.0016531 -0.05693968
0.0016547 -0.05976313
0.0016563 -0.0564691
0.0016579 -0.05741025
0.0016595 -0.0583514
0.0016611 -0.05882198
0.0016627 -0.05858669
0.0016643 -0.05999842
0.0016659 -0.05976313
0.0016675 -0.06141015
0.0016691 -0.06117486
0.0016707 -0.06282187
0.0016723 -0.06329245
0.0016739 -0.0642336
0.0016755 -0.06493947
0.0016771 -0.0661159
0.0016787 -0.06729234
0.0016803 -0.0682335
0.0016819 -0.06917465
0.0016835 -0.06964522
0.0016851 -0.07082166
0.0016867 -0.07129224
0.0016883 -0.07152753
0.0016899 -0.07223339
0.0016915 -0.07270397
0.0016931 -0.07317454
0.0016947 -0.07340983
0.0016963 -0.07458627
0.0016979 -0.07529213
0.0016995 -0.07623329
0.0017011 -0.07646857
0.0017027 -0.07717444
0.0017043 -0.0778803
0.0017059 -0.07905674
0.0017075 -0.07858616
0.0017091 -0.0797626
0.0017107 -0.07952732
0.0017123 -0.07905674
0.0017139 -0.07740972
0.0017155 -0.07717444
0.0017171 -0.075998
0.0017187 -0.07552742
0.0017203 -0.07458627
0.0017219 -0.07364512
0.0017235 -0.07364512
0.0017251 -0.07411569
0.0017267 -0.07176281
0.0017283 -0.07105695
0.0017299 -0.0701158
0.0017315 -0.0701158
0.0017331 -0.06964522
0.0017347 -0.06917465
0.0017363 -0.06870407
0.0017379 -0.06870407
0.0017395 -0.06776292
0.0017411 -0.06752763
0.0017427 -0.06752763
0.0017443 -0.06682177
0.0017459 -0.0661159
0.0017475 -0.06517475
0.0017491 -0.06352774
0.0017507 -0.06329245
0.0017523 -0.06188072
0.0017539 -0.06141015
0.0017555 -0.06070428
0.0017571 -0.06046899
0.0017587 -0.06046899
0.0017603 -0.05952784
0.0017619 -0.06070428
0.0017635 -0.06093957
0.0017651 -0.06188072
0.0017667 -0.06258659
0.0017683 -0.06329245
0.0017699 -0.06470418
0.0017715 -0.06517475
0.0017731 -0.06705706
0.0017747 -0.06752763
0.0017763 -0.06893936
0.0017779 -0.07058638
0.0017795 -0.07152753
0.0017811 -0.07105695
0.0017827 -0.0719981
0.0017843 -0.07176281
0.0017859 -0.07152753
0.0017875 -0.07105695
0.0017891 -0.07082166
0.0017907 -0.06988051
0.0017923 -0.0701158
0.0017939 -0.0682335
0.0017955 -0.06893936
0.0017971 -0.06705706
0.0017987 -0.06635119
0.0018003 -0.06541004
0.0018019 -0.06588062
0.0018035 -0.06588062
0.0018051 -0.06705706
0.0018067 -0.06776292
0.0018083 -0.06870407
0.0018099 -0.06846878
0.0018115 -0.06964522
0.0018131 -0.06964522
0.0018147 -0.07058638
0.0018163 -0.07058638
0.0018179 -0.07035109
0.0018195 -0.07058638
0.0018211 -0.06940994
0.0018227 -0.06799821
0.0018243 -0.06682177
0.0018259 -0.06541004
0.0018275 -0.0642336
0.0018291 -0.06211601
0.0018307 -0.06164543
0.0018323 -0.06046899
0.0018339 -0.05952784
0.0018355 -0.05905727
0.0018371 -0.0583514
0.0018387 -0.05858669
0.0018403 -0.05858669
0.0018419 -0.05882198
0.0018435 -0.05905727
0.0018451 -0.05952784
0.0018467 -0.06023371
0.0018483 -0.06023371
0.0018499 -0.06164543
0.0018515 -0.06211601
0.0018531 -0.06188072
0.0018547 -0.0623513
0.0018563 -0.06093957
0.0018579 -0.06117486
0.0018595 -0.06093957
0.0018611 -0.06070428
0.0018627 -0.05976313
0.0018643 -0.05905727
0.0018659 -0.05952784
0.0018675 -0.0583514
0.0018691 -0.05929256
0.0018707 -0.05952784
0.0018723 -0.05999842
0.0018739 -0.06046899
0.0018755 -0.06117486
0.0018771 -0.06093957
0.0018787 -0.06211601
0.0018803 -0.0623513
0.0018819 -0.06258659
0.0018835 -0.06258659
0.0018851 -0.06282187
0.0018867 -0.06258659
0.0018883 -0.0623513
0.0018899 -0.06164543
0.0018915 -0.06141015
0.0018931 -0.05999842
0.0018947 -0.05929256
0.0018963 -0.05811612
0.0018979 -0.05764554
0.0018995 -0.05599852
0.0019011 -0.05505737
0.0019027 -0.05505737
0.0019043 -0.05435151
0.0019059 -0.05364565
0.0019075 -0.05364565
0.0019091 -0.05364565
0.0019107 -0.05341036
0.0019123 -0.05270449
0.0019139 -0.05341036
0.0019155 -0.05317507
0.0019171 -0.05293978
0.0019187 -0.05341036
0.0019203 -0.05317507
0.0019219 -0.05411622
0.0019235 -0.05482208
0.0019251 -0.0545868
0.0019267 -0.05576324
0.0019283 -0.05623381
0.0019299 -0.05741025
0.0019315 -0.05811612
0.0019331 -0.05858669
0.0019347 -0.05952784
0.0019363 -0.06046899
0.0019379 -0.06093957
0.0019395 -0.06093957
0.0019411 -0.06093957
0.0019427 -0.06141015
0.0019443 -0.06164543
0.0019459 -0.06117486
0.0019475 -0.06093957
0.0019491 -0.06117486
0.0019507 -0.06046899
0.0019523 -0.05929256
0.0019539 -0.0583514
0.0019555 -0.05764554
0.0019571 -0.05670439
0.0019587 -0.05576324
0.0019603 -0.05505737
0.0019619 -0.05482208
0.0019635 -0.05435151
0.0019651 -0.05435151
0.0019667 -0.05364565
0.0019683 -0.05482208
0.0019699 -0.05529266
0.0019715 -0.05552795
0.0019731 -0.05576324
0.0019747 -0.05670439
0.0019763 -0.05741025
0.0019779 -0.05858669
0.0019795 -0.05952784
0.0019811 -0.05999842
0.0019827 -0.06046899
0.0019843 -0.06117486
0.0019859 -0.06070428
0.0019875 -0.06093957
0.0019891 -0.05952784
0.0019907 -0.05976313
0.0019923 -0.05717496
0.0019939 -0.05741025
0.0019955 -0.05623381
0.0019971 -0.05435151
0.0019987 -0.05270449
0.0020003 -0.05152805
0.0020019 -0.05082219
0.0020035 -0.05011633
0.0020051 -0.04917517
0.0020067 -0.04964575
0.0020083 -0.04917517
0.0020099 -0.04893989
0.0020115 -0.0487046
0.0020131 -0.04823402
0.0020147 -0.04776345
0.0020163 -0.04799874
0.0020179 -0.0487046
0.0020195 -0.04846931
0.0020211 -0.0487046
0.0020227 -0.0487046
0.0020243 -0.04893989
0.0020259 -0.04893989
0.0020275 -0.04941046
0.0020291 -0.05082219
0.0020307 -0.05035161
0.0020323 -0.05129277
0.0020339 -0.05223392
0.0020355 -0.05293978
0.0020371 -0.05411622
0.0020387 -0.0545868
0.0020403 -0.05576324
0.0020419 -0.0564691
0.0020435 -0.05764554
0.0020451 -0.0583514
0.0020467 -0.05905727
0.0020483 -0.05976313
0.0020499 -0.05976313
0.0020515 -0.06023371
0.0020531 -0.06023371
0.0020547 -0.06164543
0.0020563 -0.06117486
0.0020579 -0.06093957
0.0020595 -0.06117486
0.0020611 -0.06023371
0.0020627 -0.05952784
0.0020643 -0.05882198
0.0020659 -0.05693968
0.0020675 -0.0564691
0.0020691 -0.05505737
0.0020707 -0.05411622
0.0020723 -0.05246921
0.0020739 -0.05176334
0.0020755 -0.0505869
0.0020771 -0.04917517
0.0020787 -0.0487046
0.0020803 -0.04729287
0.0020819 -0.04705758
0.0020835 -0.04588114
0.0020851 -0.04564586
0.0020867 -0.04517528
0.0020883 -0.04446942
0.0020899 -0.04423413
0.0020915 -0.04376355
0.0020931 -0.04376355
0.0020947 -0.04329298
0.0020963 -0.04329298
0.0020979 -0.04329298
0.0020995 -0.04352826
0.0021011 -0.0428224
0.0021027 -0.04352826
0.0021043 -0.04352826
0.0021059 -0.04423413
0.0021075 -0.04376355
0.0021091 -0.04423413
0.0021107 -0.04376355
0.0021123 -0.04376355
0.0021139 -0.04352826
0.0021155 -0.04352826
0.0021171 -0.04376355
0.0021187 -0.04329298
0.0021203 -0.04329298
0.0021219 -0.04352826
0.0021235 -0.04329298
0.0021251 -0.04305769
0.0021267 -0.04258711
0.0021283 -0.04305769
0.0021299 -0.04235183
0.0021315 -0.04305769
0.0021331 -0.04258711
0.0021347 -0.04352826
0.0021363 -0.04376355
0.0021379 -0.04423413
0.0021395 -0.0447047
0.0021411 -0.04541057
0.0021427 -0.04588114
0.0021443 -0.04635172
0.0021459 -0.04635172
0.0021475 -0.04729287
0.0021491 -0.04729287
0.0021507 -0.04729287
0.0021523 -0.04705758
0.0021539 -0.04752816
0.0021555 -0.04658701
0.0021571 -0.04611643
0.0021587 -0.04635172
0.0021603 -0.04564586
0.0021619 -0.04493999
0.0021635 -0.04493999
0.0021651 -0.04329298
0.0021667 -0.0428224
0.0021683 -0.04258711
0.0021699 -0.04235183
0.0021715 -0.0409401
0.0021731 -0.0409401
0.0021747 -0.03999895
0.0021763 -0.03952837
0.0021779 -0.03882251
0.0021795 -0.03811664
0.0021811 -0.03717549
0.0021827 -0.03741078
0.0021843 -0.03623434
0.0021859 -0.03576376
0.0021875 -0.03529319
0.0021891 -0.03717549
0.0021907 -0.0350579
0.0021923 -0.03552848
0.0021939 -0.0350579
0.0021955 -0.03529319
0.0021971 -0.03482261
0.0021987 -0.03458732
0.0022003 -0.03482261
0.0022019 -0.03435204
0.0022035 -0.03388146
0.0022051 -0.03364617
0.0022067 -0.03246973
0.0022083 -0.03176387
0.0022099 -0.03105801
0.0022115 -0.02964628
0.0022131 -0.02799926
0.0022147 -0.02682282
0.0022163 -0.0254111
0.0022179 -0.02352879
0.0022195 -0.02235235
0.0022211 -0.02117591
0.0022227 -0.0195289
0.0022243 -0.0195289
0.0022259 -0.01811717
0.0022275 -0.01764659
0.0022291 -0.01647015
0.0022307 -0.01623487
0.0022323 -0.01647015
0.0022339 -0.01647015
0.0022355 -0.01670544
0.0022371 -0.01717602
0.0022387 -0.01788188
0.0022403 -0.01811717
0.0022419 -0.01882303
0.0022435 -0.01976419
0.0022451 -0.01929361
0.0022467 -0.0195289
0.0022483 -0.01882303
0.0022499 -0.0195289
0.0022515 -0.01835246
0.0022531 -0.01882303
0.0022547 -0.01858775
0.0022563 -0.01882303
0.0022579 -0.01929361
0.0022595 -0.01858775
0.0022611 -0.01858775
0.0022627 -0.01929361
0.0022643 -0.0195289
0.0022659 -0.01929361
0.0022675 -0.0195289
0.0022691 -0.02023476
0.0022707 -0.02023476
0.0022723 -0.02023476
0.0022739 -0.0195289
0.0022755 -0.02023476
0.0022771 -0.01929361
0.0022787 -0.01811717
0.0022803 -0.01694073
0.0022819 -0.015529
0.0022835 -0.01458785
0.0022851 -0.01223497
0.0022867 -0.01082324
0.0022883 -0.008940941
0.0022899 -0.006117486
0.0022915 -0.004235183
0.0022931 -0.002588167
0.0022947 -0.0004705758
0.0022963 0
0.0022979 0.002352879
0.0022995 0.003529319
0.0023011 0.004941046
0.0023027 0.005882198
0.0023043 0.005882198
0.0023059 0.00682335
0.0023075 0.00682335
0.0023091 0.007293925
0.0023107 0.006588062
0.0023123 0.007529213
0.0023139 0.00682335
0.0023155 0.007293925
0.0023171 0.007058638
0.0023187 0.007058638
0.0023203 0.007764501
0.0023219 0.00682335
0.0023235 0.007293925
0.0023251 0.007999789
0.0023267 0.007764501
0.0023283 0.008940941
0.0023299 0.008940941
0.0023315 0.01035267
0.0023331 0.01058796
0.0023347 0.01152911
0.0023363 0.0117644
0.0023379 0.01270555
0.0023395 0.01317612
0.0023411 0.01411728
0.0023427 0.01388199
0.0023443 0.01505843
0.0023459 0.01529371
0.0023475 0.01599958
0.0023491 0.01599958
0.0023507 0.01647015
0.0023523 0.01599958
0.0023539 0.01670544
0.0023555 0.01647015
0.0023571 0.01670544
0.0023587 0.01647015
0.0023603 0.01623487
0.0023619 0.01647015
0.0023635 0.01647015
0.0023651 0.01670544
0.0023667 0.01717602
0.0023683 0.01764659
0.0023699 0.01835246
0.0023715 0.01835246
0.0023731 0.01905832
0.0023747 0.01882303
0.0023763 0.01999947
0.0023779 0.02023476
0.0023795 0.02117591
0.0023811 0.02117591
0.0023827 0.02164649
0.0023843 0.02164649
0.0023859 0.02258764
0.0023875 0.02211706
0.0023891 0.02352879
0.0023907 0.02352879
0.0023923 0.02423466
0.0023939 0.02446994
0.0023955 0.02494052
0.0023971 0.02564638
0.0023987 0.02752869
0.0024003 0.03011685
0.0024019 0.02964628
0.0024035 0.03082272
0.0024051 0.03270502
0.0024067 0.03364617
0.0024083 0.03576376
0.0024099 0.03646963
0.0024115 0.03835193
0.0024131 0.03999895
0.0024147 0.04164596
0.0024163 0.04258711
0.0024179 0.04352826
0.0024195 0.04423413
0.0024211 0.04517528
0.0024227 0.04588114
0.0024243 0.0468223
0.0024259 0.04729287
0.0024275 0.04799874
0.0024291 0.04846931
0.0024307 0.04941046
0.0024323 0.04941046
0.0024339 0.05011633
0.0024355 0.05011633
0.0024371 0.0505869
0.0024387 0.05129277
0.0024403 0.05176334
0.0024419 0.05176334
0.0024435 0.05270449
0.0024451 0.05270449
0.0024467 0.05317507
0.0024483 0.05293978
0.0024499 0.05341036
0.0024515 0.05364565
0.0024531 0.05388093
0.0024547 0.05435151
0.0024563 0.05505737
0.0024579 0.05435151
0.0024595 0.05505737
0.0024611 0.05599852
0.0024627 0.05670439
0.0024643 0.05741025
0.0024659 0.05858669
0.0024675 0.05905727
0.0024691 0.06141015
0.0024707 0.06282187
0.0024723 0.06470418
0.0024739 0.0661159
0.0024755 0.06729234
0.0024771 0.06846878
0.0024787 0.06940994
0.0024803 0.07129224
0.0024819 0.07152753
0.0024835 0.07246868
0.0024851 0.07317454
0.0024867 0.07270397
0.0024883 0.07364512
0.0024899 0.07340983
0.0024915 0.07340983
0.0024931 0.07270397
0.0024947 0.0719981
0.0024963 0.07246868
0.0024979 0.07293925
0.0024995 0.07176281
0.0025011 0.07223339
0.0025027 0.07176281
0.0025043 0.07317454
0.0025059 0.07317454
0.0025075 0.07364512
0.0025091 0.07364512
0.0025107 0.07458627
0.0025123 0.07411569
0.0025139 0.07529213
0.0025155 0.07623329
0.0025171 0.07693915
0.0025187 0.07717444
0.0025203 0.07740972
0.0025219 0.07717444
0.0025235 0.07717444
0.0025251 0.07764501
0.0025267 0.07811559
0.0025283 0.0778803
0.0025299 0.07905674
0.0025315 0.07858616
0.0025331 0.07929203
0.0025347 0.07952732
0.0025363 0.07999789
0.0025379 0.08070376
0.0025395 0.0818802
0.0025411 0.08140962
0.0025427 0.08282135
0.0025443 0.08352721
0.0025459 0.08446836
0.0025475 0.08446836
0.0025491 0.08517423
0.0025507 0.08611538
0.0025523 0.08752711
0.0025539 0.08823297
0.0025555 0.08917412
0.0025571 0.09011527
0.0025587 0.09035056
0.0025603 0.09129171
0.0025619 0.09270344
0.0025635 0.09317402
0.0025651 0.09435045
0.0025667 0.09458574
0.0025683 0.09623276
0.0025699 0.09646805
0.0025715 0.09764449
0.0025731 0.09764449
0.0025747 0.09835035
0.0025763 0.09858564
0.0025779 0.09905621
0.0025795 0.09905621
0.0025811 0.09976208
0.0025827 0.09952679
0.0025843 0.1002327
0.0025859 0.09952679
0.0025875 0.1007032
0.0025891 0.1007032
0.0025907 0.1007032
0.0025923 0.1004679
0.0025939 0.1011738
0.0025955 0.1009385
0.0025971 0.1014091
0.0025987 0.102115
0.0026003 0.102115
0.0026019 0.1023502
0.0026035 0.1016444
0.0026051 0.102115
0.0026067 0.1023502
0.0026083 0.102115
0.0026099 0.1028208
0.0026115 0.1014091
0.0026131 0.1023502
0.0026147 0.102115
0.0026163 0.102115
0.0026179 0.102115
0.0026195 0.1028208
0.0026211 0.1030561
0.0026227 0.1025855
0.0026243 0.1032914
0.0026259 0.1039973
0.0026275 0.1039973
0.0026291 0.103762
0.0026307 0.103762
0.0026323 0.1042325
0.0026339 0.1042325
0.0026355 0.1044678
0.0026371 0.1042325
0.0026387 0.1051737
0.0026403 0.105409
0.0026419 0.1058796
0.0026435 0.1051737
0.0026451 0.1063501
0.0026467 0.1058796
0.0026483 0.1068207
0.0026499 0.1065854
0.0026515 0.1075266
0.0026531 0.1075266
0.0026547 0.1091736
0.0026563 0.1089383
0.0026579 0.1094089
0.0026595 0.11035
0.0026611 0.1101147
0.0026627 0.11035
0.0026643 0.1112912
0.0026659 0.1115265
0.0026675 0.1122323
0.0026691 0.1124676
0.0026707 0.1136441
0.0026723 0.1127029
0.0026739 0.1141146
0.0026755 0.1138794
0.0026771 0.1145852
0.0026787 0.1148205
0.0026803 0.1155264
0.0026819 0.1152911
0.0026835 0.1155264
0.0026851 0.1150558
0.0026867 0.1155264
0.0026883 0.1152911
0.0026899 0.1143499
0.0026915 0.1136441
0.0026931 0.1138794
0.0026947 0.1124676
0.0026963 0.1112912
0.0026979 0.1108206
0.0026995 0.1101147
0.0027011 0.1094089
0.0027027 0.108703
0.0027043 0.1077619
0.0027059 0.1072913
0.0027075 0.1061149
0.0027091 0.1061149
0.0027107 0.1061149
0.0027123 0.1061149
0.0027139 0.1051737
0.0027155 0.1056443
0.0027171 0.105409
0.0027187 0.1058796
0.0027203 0.1065854
0.0027219 0.1068207
0.0027235 0.1068207
0.0027251 0.1075266
0.0027267 0.1072913
0.0027283 0.108703
0.0027299 0.1084677
0.0027315 0.1084677
0.0027331 0.1089383
0.0027347 0.1089383
0.0027363 0.108703
0.0027379 0.1094089
0.0027395 0.108703
0.0027411 0.108703
0.0027427 0.1082324
0.0027443 0.108703
0.0027459 0.1082324
0.0027475 0.1079972
0.0027491 0.1072913
0.0027507 0.1068207
0.0027523 0.107056
0.0027539 0.1065854
0.0027555 0.1061149
0.0027571 0.1063501
0.0027587 0.1065854
0.0027603 0.1072913
0.0027619 0.107056
0.0027635 0.1075266
0.0027651 0.1077619
0.0027667 0.108703
0.0027683 0.1084677
0.0027699 0.1094089
0.0027715 0.1096442
0.0027731 0.1096442
0.0027747 0.11035
0.0027763 0.1105853
0.0027779 0.1101147
0.0027795 0.1105853
0.0027811 0.1098795
0.0027827 0.1101147
0.0027843 0.1091736
0.0027859 0.1089383
0.0027875 0.108703
0.0027891 0.1082324
0.0027907 0.1072913
0.0027923 0.1072913
0.0027939 0.1068207
0.0027955 0.1065854
0.0027971 0.1063501
0.0027987 0.1063501
0.0028003 0.1061149
0.0028019 0.1061149
0.0028035 0.1058796
0.0028051 0.1058796
0.0028067 0.105409
0.0028083 0.105409
0.0028099 0.1047031
0.0028115 0.1049384
0.0028131 0.1039973
0.0028147 0.1030561
0.0028163 0.1028208
0.0028179 0.1028208
0.0028195 0.1016444
0.0028211 0.1014091
0.0028227 0.1004679
0.0028243 0.1007032
0.0028259 0.09999736
0.0028275 0.1002327
0.0028291 0.09905621
0.0028307 0.09905621
0.0028323 0.09811506
0.0028339 0.09717391
0.0028355 0.09693862
0.0028371 0.09646805
0.0028387 0.09529161
0.0028403 0.09529161
0.0028419 0.09435045
0.0028435 0.09458574
0.0028451 0.09293873
0.0028467 0.09364459
0.0028483 0.09317402
0.0028499 0.0934093
0.0028515 0.09293873
0.0028531 0.09270344
0.0028547 0.09270344
0.0028563 0.09270344
0.0028579 0.09270344
0.0028595 0.09270344
0.0028611 0.09199758
0.0028627 0.09223286
0.0028643 0.09105642
0.0028659 0.09105642
0.0028675 0.09105642
0.0028691 0.09058585
0.0028707 0.09035056
0.0028723 0.09011527
0.0028739 0.08987998
0.0028755 0.09011527
0.0028771 0.08917412
0.0028787 0.0896447
0.0028803 0.08940941
0.0028819 0.0896447
0.0028835 0.08917412
0.0028851 0.08987998
0.0028867 0.09058585
0.0028883 0.09035056
0.0028899 0.09035056
0.0028915 0.09082114
0.0028931 0.08987998
0.0028947 0.09011527
0.0028963 0.0896447
0.0028979 0.0896447
0.0028995 0.08870354
0.0029011 0.08823297
0.0029027 0.08705653
0.0029043 0.08776239
0.0029059 0.0856448
0.0029075 0.08517423
0.0029091 0.08423307
0.0029107 0.08329192
0.0029123 0.08117433
0.0029139 0.08093904
0.0029155 0.07952732
0.0029171 0.07835088
0.0029187 0.07693915
0.0029203 0.07576271
0.0029219 0.07505685
0.0029235 0.07435098
0.0029251 0.07270397
0.0029267 0.07317454
0.0029283 0.07129224
0.0029299 0.07176281
0.0029315 0.07082166
0.0029331 0.07058638
0.0029347 0.06917465
0.0029363 0.06917465
0.0029379 0.06893936
0.0029395 0.06799821
0.0029411 0.06776292
0.0029427 0.06705706
0.0029443 0.06658648
0.0029459 0.06658648
0.0029475 0.06588062
0.0029491 0.0661159
0.0029507 0.06588062
0.0029523 0.06588062
0.0029539 0.06541004
0.0029555 0.06541004
0.0029571 0.06517475
0.0029587 0.06470418
0.0029603 0.06493947
0.0029619 0.06564533
0.0029635 0.06564533
0.0029651 0.06564533
0.0029667 0.06517475
0.0029683 0.06517475
0.0029699 0.06517475
0.0029715 0.06517475
0.0029731 0.06517475
0.0029747 0.06446889
0.0029763 0.06399831
0.0029779 0.06258659
0.0029795 0.0623513
0.0029811 0.06188072
0.0029827 0.06117486
0.0029843 0.06070428
0.0029859 0.06070428
0.0029875 0.06023371
0.0029891 0.05952784
0.0029907 0.05976313
0.0029923 0.05905727
0.0029939 0.05929256
0.0029955 0.05905727
0.0029971 0.05952784
0.0029987 0.05858669
0.0030003 0.05858669
0.0030019 0.05811612
0.0030035 0.05905727
0.0030051 0.05811612
0.0030067 0.05811612
0.0030083 0.05717496
0.0030099 0.05741025
0.0030115 0.05670439
0.0030131 0.05623381
0.0030147 0.05552795
0.0030163 0.05482208
0.0030179 0.05364565
0.0030195 0.05246921
0.0030211 0.05246921
0.0030227 0.05152805
0.0030243 0.05082219
0.0030259 0.05035161
0.0030275 0.04964575
0.0030291 0.05011633
0.0030307 0.04964575
0.0030323 0.04988104
0.0030339 0.04893989
0.0030355 0.04846931
0.0030371 0.04799874
0.0030387 0.04823402
0.0030403 0.04799874
0.0030419 0.04823402
0.0030435 0.04752816
0.0030451 0.04729287
0.0030467 0.04635172
0.0030483 0.04729287
0.0030499 0.04588114
0.0030515 0.04611643
0.0030531 0.04564586
0.0030547 0.04517528
0.0030563 0.04493999
0.0030579 0.04446942
0.0030595 0.04376355
0.0030611 0.04352826
0.0030627 0.04329298
0.0030643 0.04376355
0.0030659 0.04305769
0.0030675 0.0428224
0.0030691 0.04164596
0.0030707 0.04188125
0.0030723 0.0409401
0.0030739 0.0409401
0.0030755 0.04023423
0.0030771 0.03976366
0.0030787 0.03811664
0.0030803 0.03741078
0.0030819 0.03599905
0.0030835 0.03552848
0.0030851 0.03341088
0.0030867 0.03294031
0.0030883 0.03199916
0.0030899 0.03152858
0.0030915 0.03058743
0.0030931 0.03011685
0.0030947 0.0291757
0.0030963 0.0291757
0.0030979 0.02846984
0.0030995 0.02823455
0.0031011 0.02799926
0.0031027 0.02823455
0.0031043 0.02752869
0.0031059 0.02799926
0.0031075 0.02776397
0.0031091 0.02823455
0.0031107 0.02752869
0.0031123 0.02752869
0.0031139 0.0272934
0.0031155 0.02658753
0.0031171 0.02611696
0.0031187 0.0254111
0.0031203 0.02470523
0.0031219 0.02446994
0.0031235 0.02352879
0.0031251 0.0232935
0.0031267 0.0232935
0.0031283 0.02258764
0.0031299 0.02188178
0.0031315 0.02235235
0.0031331 0.02164649
0.0031347 0.0214112
0.0031363 0.02094062
0.0031379 0.02047005
0.0031395 0.02023476
0.0031411 0.01976419
0.0031427 0.01999947
0.0031443 0.01905832
0.0031459 0.0195289
0.0031475 0.01905832
0.0031491 0.01835246
0.0031507 0.01835246
0.0031523 0.01811717
0.0031539 0.01811717
0.0031555 0.01788188
0.0031571 0.01788188
0.0031587 0.01835246
0.0031603 0.01811717
0.0031619 0.01788188
0.0031635 0.01788188
0.0031651 0.01764659
0.0031667 0.01835246
0.0031683 0.01811717
0.0031699 0.01811717
0.0031715 0.01788188
0.0031731 0.01764659
0.0031747 0.01741131
0.0031763 0.01788188
0.0031779 0.01694073
0.0031795 0.01694073
0.0031811 0.01599958
0.0031827 0.01576429
0.0031843 0.01435256
0.0031859 0.0136467
0.0031875 0.01317612
0.0031891 0.01199968
0.0031907 0.01105853
0.0031923 0.01035267
0.0031939 0.008470365
0.0031955 0.007764501
0.0031971 0.006588062
0.0031987 0.00564691
0.0032003 0.004235183
0.0032019 0.003999895
0.0032035 0.002117591
0.0032051 0.001647015
0.0032067 0.0009411517
0.0032083 0.0009411517
0.0032099 -0.00117644
0.0032115 -0.0007058638
0.0032131 -0.001647015
0.0032147 -0.001647015
0.0032163 -0.002352879
0.0032179 -0.002352879
0.0032195 -0.002117591
0.0032211 -0.002352879
0.0032227 -0.003529319
0.0032243 -0.003058743
0.0032259 -0.003529319
0.0032275 -0.003529319
0.0032291 -0.004235183
0.0032307 -0.003764607
0.0032323 -0.004235183
0.0032339 -0.003764607
0.0032355 -0.003999895
0.0032371 -0.004235183
0.0032387 -0.003999895
0.0032403 -0.003999895
0.0032419 -0.003999895
0.0032435 -0.003999895
0.0032451 -0.00447047
0.0032467 -0.00447047
0.0032483 -0.004705758
0.0032499 -0.005176334
0.0032515 -0.005411622
0.0032531 -0.005176334
0.0032547 -0.00564691
0.0032563 -0.006352774
0.0032579 -0.006588062
0.0032595 -0.006352774
0.0032611 -0.007058638
0.0032627 -0.007293925
0.0032643 -0.007999789
0.0032659 -0.008470365
0.0032675 -0.009411517
0.0032691 -0.009646805
0.0032707 -0.01011738
0.0032723 -0.01058796
0.0032739 -0.01082324
0.0032755 -0.01082324
0.0032771 -0.01199968
0.0032787 -0.01223497
0.0032803 -0.01294084
0.0032819 -0.01317612
0.0032835 -0.0136467
0.0032851 -0.01505843
0.0032867 -0.01529371
0.0032883 -0.015529
0.0032899 -0.01599958
0.0032915 -0.01717602
0.0032931 -0.01741131
0.0032947 -0.01788188
0.0032963 -0.01811717
0.0032979 -0.01882303
0.0032995 -0.02023476
0.0033011 -0.02023476
0.0033027 -0.0214112
0.0033043 -0.02211706
0.0033059 -0.02188178
0.0033075 -0.02352879
0.0033091 -0.02399937
0.0033107 -0.02470523
0.0033123 -0.02494052
0.0033139 -0.0254111
0.0033155 -0.02611696
0.0033171 -0.02564638
0.0033187 -0.02705811
0.0033203 -0.02705811
0.0033219 -0.0272934
0.0033235 -0.02682282
0.0033251 -0.02823455
0.0033267 -0.02799926
0.0033283 -0.02752869
0.0033299 -0.02752869
0.0033315 -0.02776397
0.0033331 -0.02705811
0.0033347 -0.02799926
0.0033363 -0.0272934
0.0033379 -0.02752869
0.0033395 -0.02752869
0.0033411 -0.02776397
0.0033427 -0.02846984
0.0033443 -0.02823455
0.0033459 -0.02823455
0.0033475 -0.02823455
0.0033491 -0.02846984
0.0033507 -0.02941099
0.0033523 -0.02846984
0.0033539 -0.02870513
0.0033555 -0.0291757
0.0033571 -0.02941099
0.0033587 -0.02846984
0.0033603 -0.02870513
0.0033619 -0.0291757
0.0033635 -0.02964628
0.0033651 -0.0291757
0.0033667 -0.02941099
0.0033683 -0.02941099
0.0033699 -0.03011685
0.0033715 -0.03082272
0.0033731 -0.03082272
0.0033747 -0.03129329
0.0033763 -0.03105801
0.0033779 -0.03199916
0.0033795 -0.03246973
0.0033811 -0.03341088
0.0033827 -0.03435204
0.0033843 -0.0350579
0.0033859 -0.03599905
0.0033875 -0.03670492
0.0033891 -0.03741078
0.0033907 -0.03811664
0.0033923 -0.03952837
0.0033939 -0.04023423
0.0033955 -0.04117539
0.0033971 -0.04164596
0.0033987 -0.0428224
0.0034003 -0.04305769
0.0034019 -0.04446942
0.0034035 -0.04517528
0.0034051 -0.04564586
0.0034067 -0.04611643
0.0034083 -0.04658701
0.0034099 -0.0468223
0.0034115 -0.04776345
0.0034131 -0.04776345
0.0034147 -0.04776345
0.0034163 -0.04823402
0.0034179 -0.04846931
0.0034195 -0.04846931
0.0034211 -0.04893989
0.0034227 -0.04941046
0.0034243 -0.04964575
0.0034259 -0.05011633
0.0034275 -0.04964575
0.0034291 -0.05011633
0.0034307 -0.05082219
0.0034323 -0.0505869
0.0034339 -0.05035161
0.0034355 -0.05082219
0.0034371 -0.0505869
0.0034387 -0.05152805
0.0034403 -0.0505869
0.0034419 -0.05152805
0.0034435 -0.05152805
0.0034451 -0.05129277
0.0034467 -0.05176334
0.0034483 -0.05199863
0.0034499 -0.05246921
0.0034515 -0.05199863
0.0034531 -0.05246921
0.0034547 -0.05246921
0.0034563 -0.05270449
0.0034579 -0.05293978
0.0034595 -0.05364565
0.0034611 -0.05317507
0.0034627 -0.0545868
0.0034643 -0.05364565
0.0034659 -0.05388093
0.0034675 -0.05411622
0.0034691 -0.05435151
0.0034707 -0.05411622
0.0034723 -0.05482208
0.0034739 -0.0545868
0.0034755 -0.05505737
0.0034771 -0.05505737
0.0034787 -0.05576324
0.0034803 -0.05576324
0.0034819 -0.05693968
0.0034835 -0.05717496
0.0034851 -0.0583514
0.0034867 -0.0583514
0.0034883 -0.05905727
0.0034899 -0.05999842
0.0034915 -0.06188072
0.0034931 -0.06164543
0.0034947 -0.0623513
0.0034963 -0.06329245
0.0034979 -0.06399831
0.0034995 -0.06470418
0.0035011 -0.06517475
0.0035027 -0.06588062
0.0035043 -0.06682177
0.0035059 -0.06729234
0.0035075 -0.06799821
0.0035091 -0.06846878
0.0035107 -0.06846878
0.0035123 -0.06799821
0.0035139 -0.06893936
0.0035155 -0.06893936
0.0035171 -0.06917465
0.0035187 -0.06893936
0.0035203 -0.06964522
0.0035219 -0.06964522
0.0035235 -0.06964522
0.0035251 -0.06988051
0.0035267 -0.0701158
0.0035283 -0.06964522
0.0035299 -0.06964522
0.0035315 -0.06964522
0.0035331 -0.0701158
0.0035347 -0.06917465
0.0035363 -0.06964522
0.0035379 -0.06917465
0.0035395 -0.06917465
0.0035411 -0.06940994
0.0035427 -0.06870407
0.0035443 -0.06846878
0.0035459 -0.06893936
0.0035475 -0.06870407
0.0035491 -0.06917465
0.0035507 -0.06940994
0.0035523 -0.0701158
0.0035539 -0.07035109
0.0035555 -0.07058638
0.0035571 -0.07105695
0.0035587 -0.07152753
0.0035603 -0.0719981
0.0035619 -0.07317454
0.0035635 -0.07317454
0.0035651 -0.07388041
0.0035667 -0.07458627
0.0035683 -0.07529213
0.0035699 -0.07529213
0.0035715 -0.07670386
0.0035731 -0.07646857
0.0035747 -0.07764501
0.0035763 -0.0778803
0.0035779 -0.07905674
0.0035795 -0.07905674
0.0035811 -0.07999789
0.0035827 -0.07999789
0.0035843 -0.08117433
0.0035859 -0.08140962
0.0035875 -0.0818802
0.0035891 -0.08164491
0.0035907 -0.08329192
0.0035923 -0.0837625
0.0035939 -0.08493894
0.0035955 -0.08493894
0.0035971 -0.08611538
0.0035987 -0.08635067
0.0036003 -0.08729182
0.0036019 -0.08705653
0.0036035 -0.08776239
0.0036051 -0.08846826
0.0036067 -0.08917412
0.0036083 -0.08940941
0.0036099 -0.09058585
0.0036115 -0.09082114
0.0036131 -0.09129171
0.0036147 -0.09199758
0.0036163 -0.09270344
0.0036179 -0.0934093
0.0036195 -0.0934093
0.0036211 -0.09458574
0.0036227 -0.09482103
0.0036243 -0.09482103
0.0036259 -0.09529161
0.0036275 -0.09529161
0.0036291 -0.09623276
0.0036307 -0.09670333
0.0036323 -0.09670333
0.0036339 -0.09670333
0.0036355 -0.09646805
0.0036371 -0.09646805
0.0036387 -0.09623276
0.0036403 -0.09670333
0.0036419 -0.09670333
0.0036435 -0.09599747
0.0036451 -0.09552689
0.0036467 -0.09599747
0.0036483 -0.09623276
0.0036499 -0.09576218
0.0036515 -0.09529161
0.0036531 -0.09670333
0.0036547 -0.09599747
0.0036563 -0.09576218
0.0036579 -0.09646805
0.0036595 -0.09576218
0.0036611 -0.09599747
0.0036627 -0.09623276
0.0036643 -0.09670333
0.0036659 -0.09717391
0.0036675 -0.09646805
0.0036691 -0.09670333
0.0036707 -0.0974092
0.0036723 -0.09717391
0.0036739 -0.09764449
0.0036755 -0.09764449
0.0036771 -0.09787977
0.0036787 -0.09835035
0.0036803 -0.09882093
0.0036819 -0.09882093
0.0036835 -0.09976208
0.0036851 -0.09976208
0.0036867 -0.1002327
0.0036883 -0.09999736
0.0036899 -0.1011738
0.0036915 -0.1002327
0.0036931 -0.1011738
0.0036947 -0.1011738
0.0036963 -0.1018797
0.0036979 -0.102115
0.0036995 -0.1016444
0.0037011 -0.1018797
0.0037027 -0.1016444
0.0037043 -0.1016444
0.0037059 -0.102115
0.0037075 -0.1025855
0.0037091 -0.1035267
0.0037107 -0.1025855
0.0037123 -0.1025855
0.0037139 -0.1035267
0.0037155 -0.1039973
0.0037171 -0.1042325
0.0037187 -0.1061149
0.0037203 -0.1044678
0.0037219 -0.1047031
0.0037235 -0.1042325
0.0037251 -0.1051737
0.0037267 -0.1039973
0.0037283 -0.1049384
0.0037299 -0.1044678
0.0037315 -0.1047031
0.0037331 -0.103762
0.0037347 -0.1047031
0.0037363 -0.1039973
0.0037379 -0.1035267
0.0037395 -0.1039973
0.0037411 -0.1039973
0.0037427 -0.1039973
0.0037443 -0.103762
0.0037459 -0.1032914
0.0037475 -0.103762
0.0037491 -0.1035267
0.0037507 -0.1032914
0.0037523 -0.1032914
0.0037539 -0.1032914
0.0037555 -0.1025855
0.0037571 -0.1030561
0.0037587 -0.1028208
0.0037603 -0.1025855
0.0037619 -0.1023502
0.0037635 -0.1018797
0.0037651 -0.102115
0.0037667 -0.1018797
0.0037683 -0.1018797
0.0037699 -0.1023502
0.0037715 -0.1011738
0.0037731 -0.1025855
0.0037747 -0.1028208
0.0037763 -0.1032914
0.0037779 -0.103762
0.0037795 -0.1042325
0.0037811 -0.1051737
0.0037827 -0.1056443
0.0037843 -0.1058796
0.0037859 -0.1065854
0.0037875 -0.107056
0.0037891 -0.1077619
0.0037907 -0.1084677
0.0037923 -0.1094089
0.0037939 -0.1091736
0.0037955 -0.11035
0.0037971 -0.1101147
0.0037987 -0.1112912
0.0038003 -0.1108206
0.0038019 -0.1117618
0.0038035 -0.1117618
0.0038051 -0.1117618
0.0038067 -0.111997
0.0038083 -0.111997
0.0038099 -0.111997
0.0038115 -0.1127029
0.0038131 -0.1124676
0.0038147 -0.1122323
0.0038163 -0.1112912
0.0038179 -0.111997
0.0038195 -0.1115265
0.0038211 -0.1110559
0.0038227 -0.11035
0.0038243 -0.1098795
0.0038259 -0.1091736
0.0038275 -0.1091736
0.0038291 -0.1082324
0.0038307 -0.1079972
0.0038323 -0.1082324
0.0038339 -0.1072913
0.0038355 -0.107056
0.0038371 -0.1068207
0.0038387 -0.107056
0.0038403 -0.1068207
0.0038419 -0.1063501
0.0038435 -0.107056
0.0038451 -0.1068207
0.0038467 -0.1072913
0.0038483 -0.1068207
0.0038499 -0.1075266
0.0038515 -0.1072913
0.0038531 -0.1079972
0.0038547 -0.107056
0.0038563 -0.107056
0.0038579 -0.107056
0.0038595 -0.1068207
0.0038611 -0.107056
0.0038627 -0.1063501
0.0038643 -0.1058796
0.0038659 -0.1058796
0.0038675 -0.105409
0.0038691 -0.105409
0.0038707 -0.1049384
0.0038723 -0.1049384
0.0038739 -0.1049384
0.0038755 -0.1042325
0.0038771 -0.1042325
0.0038787 -0.1039973
0.0038803 -0.103762
0.0038819 -0.1042325
0.0038835 -0.1039973
0.0038851 -0.1039973
0.0038867 -0.103762
0.0038883 -0.1032914
0.0038899 -0.1035267
0.0038915 -0.1035267
0.0038931 -0.1035267
0.0038947 -0.1035267
0.0038963 -0.1030561
0.0038979 -0.1023502
0.0038995 -0.1018797
0.0039011 -0.1028208
0.0039027 -0.1016444
0.0039043 -0.1014091
0.0039059 -0.1018797
0.0039075 -0.1002327
0.0039091 -0.1007032
0.0039107 -0.09999736
0.0039123 -0.09952679
0.0039139 -0.09952679
0.0039155 -0.09905621
0.0039171 -0.09835035
0.0039187 -0.09811506
0.0039203 -0.09787977
0.0039219 -0.0974092
0.0039235 -0.09693862
0.0039251 -0.0974092
0.0039267 -0.09670333
0.0039283 -0.09599747
0.0039299 -0.09623276
0.0039315 -0.09576218
0.0039331 -0.09552689
0.0039347 -0.09505632
0.0039363 -0.09482103
0.0039379 -0.09482103
0.0039395 -0.09435045
0.0039411 -0.09387988
0.0039427 -0.09411517
0.0039443 -0.09411517
0.0039459 -0.0934093
0.0039475 -0.09270344
0.0039491 -0.0934093
0.0039507 -0.0934093
0.0039523 -0.09364459
0.0039539 -0.09270344
0.0039555 -0.09293873
0.0039571 -0.09246815
0.0039587 -0.09293873
0.0039603 -0.09270344
0.0039619 -0.09293873
0.0039635 -0.09293873
0.0039651 -0.09246815
0.0039667 -0.09246815
0.0039683 -0.09199758
0.0039699 -0.09246815
0.0039715 -0.09129171
0.0039731 -0.091527
0.0039747 -0.091527
0.0039763 -0.09129171
0.0039779 -0.09129171
0.0039795 -0.09105642
0.0039811 -0.09082114
0.0039827 -0.09105642
0.0039843 -0.09035056
0.0039859 -0.0896447
0.0039875 -0.09058585
0.0039891 -0.09011527
0.0039907 -0.09011527
0.0039923 -0.09011527
0.0039939 -0.0896447
0.0039955 -0.0896447
0.0039971 -0.08940941
0.0039987 -0.08893883
0.0040003 -0.08917412
0.0040019 -0.08846826
0.0040035 -0.08846826
0.0040051 -0.08752711
0.0040067 -0.08799768
0.0040083 -0.08776239
0.0040099 -0.08729182
0.0040115 -0.08705653
0.0040131 -0.08752711
0.0040147 -0.08729182
0.0040163 -0.08752711
0.0040179 -0.08752711
0.0040195 -0.08776239
0.0040211 -0.08729182
0.0040227 -0.08729182
0.0040243 -0.08776239
0.0040259 -0.08729182
0.0040275 -0.08776239
0.0040291 -0.08705653
0.0040307 -0.08705653
0.0040323 -0.08658595
0.0040339 -0.08682124
0.0040355 -0.08588009
0.0040371 -0.0856448
0.0040387 -0.08517423
0.0040403 -0.08423307
0.0040419 -0.08470365
0.0040435 -0.08305663
0.0040451 -0.08282135
0.0040467 -0.08211548
0.0040483 -0.08117433
0.0040499 -0.08070376
0.0040515 -0.08046847
0.0040531 -0.07952732
0.0040547 -0.07929203
0.0040563 -0.07905674
0.0040579 -0.07858616
0.0040595 -0.0778803
0.0040611 -0.0778803
0.0040627 -0.07717444
0.0040643 -0.07740972
0.0040659 -0.07646857
0.0040675 -0.07670386
0.0040691 -0.07623329
0.0040707 -0.07623329
0.0040723 -0.07552742
0.0040739 -0.07505685
0.0040755 -0.07482156
0.0040771 -0.07411569
0.0040787 -0.07388041
0.0040803 -0.07340983
0.0040819 -0.07246868
0.0040835 -0.07317454
0.0040851 -0.07293925
0.0040867 -0.0719981
0.0040883 -0.07176281
0.0040899 -0.07223339
0.0040915 -0.07176281
0.0040931 -0.07129224
0.0040947 -0.07105695
0.0040963 -0.07058638
0.0040979 -0.07035109
0.0040995 -0.06964522
0.0041011 -0.06893936
0.0041027 -0.0701158
0.0041043 -0.06940994
0.0041059 -0.0701158
0.0041075 -0.06846878
0.0041091 -0.06893936
0.0041107 -0.06893936
0.0041123 -0.06870407
0.0041139 -0.06799821
0.0041155 -0.06799821
0.0041171 -0.06752763
0.0041187 -0.06752763
0.0041203 -0.06705706
0.0041219 -0.06705706
0.0041235 -0.06588062
0.0041251 -0.0661159
0.0041267 -0.06588062
0.0041283 -0.0661159
0.0041299 -0.06517475
0.0041315 -0.06470418
0.0041331 -0.06399831
0.0041347 -0.06376303
0.0041363 -0.06352774
0.0041379 -0.06352774
0.0041395 -0.06282187
0.0041411 -0.06282187
0.0041427 -0.06211601
0.0041443 -0.0623513
0.0041459 -0.06141015
0.0041475 -0.06117486
0.0041491 -0.06070428
0.0041507 -0.06023371
0.0041523 -0.06023371
0.0041539 -0.05976313
0.0041555 -0.05929256
0.0041571 -0.05905727
0.0041587 -0.05858669
0.0041603 -0.05858669
0.0041619 -0.0583514
0.0041635 -0.05788083
0.0041651 -0.05741025
0.0041667 -0.05717496
0.0041683 -0.0564691
0.0041699 -0.05623381
0.0041715 -0.05552795
0.0041731 -0.05482208
0.0041747 -0.0545868
0.0041763 -0.05341036
0.0041779 -0.05223392
0.0041795 -0.05176334
0.0041811 -0.05176334
0.0041827 -0.05035161
0.0041843 -0.05035161
0.0041859 -0.04893989
0.0041875 -0.0487046
0.0041891 -0.04799874
0.0041907 -0.04729287
0.0041923 -0.04658701
0.0041939 -0.04588114
0.0041955 -0.0447047
0.0041971 -0.04423413
0.0041987 -0.04376355
0.0042003 -0.0428224
