LECROYWS4024HD 19320 Waveform
Segments 1 SegmentSize 3127
Segment TrigTime TimeSinceSegment1
#1 19-Jun-2024 16:25:30 0                 
Time Ampl
-0.0008009126 0.0002352879
-0.0007993126 0
-0.0007977126 -0.0002352879
-0.0007961126 0.0004705758
-0.0007945126 0
-0.0007929126 0.0002352879
-0.0007913126 0
-0.0007897126 0.0004705758
-0.0007881126 0
-0.0007865126 -0.0004705758
-0.0007849126 -0.0002352879
-0.0007833126 -0.0004705758
-0.0007817126 -0.0002352879
-0.0007801126 -0.0002352879
-0.0007785126 -0.0002352879
-0.0007769126 -0.0002352879
-0.0007753126 0
-0.0007737126 0
-0.0007721126 -0.0002352879
-0.0007705126 -0.0002352879
-0.0007689126 -0.0004705758
-0.0007673126 -0.0002352879
-0.0007657126 -0.0004705758
-0.0007641126 -0.0002352879
-0.0007625126 -0.0002352879
-0.0007609126 0
-0.0007593126 0.0004705758
-0.0007577126 0
-0.0007561126 0
-0.0007545126 -0.0002352879
-0.0007529126 -0.0002352879
-0.0007513126 -0.0004705758
-0.0007497126 0
-0.0007481126 0.0004705758
-0.0007465126 -0.0004705758
-0.0007449126 0
-0.0007433126 -0.0004705758
-0.0007417126 0
-0.0007401126 -0.0002352879
-0.0007385126 -0.0002352879
-0.0007369126 0
-0.0007353126 0.0002352879
-0.0007337126 0
-0.0007321126 -0.0002352879
-0.0007305126 -0.0004705758
-0.0007289126 0
-0.0007273126 -0.0002352879
-0.0007257126 0
-0.0007241126 -0.0002352879
-0.0007225126 0
-0.0007209126 -0.0002352879
-0.0007193126 0
-0.0007177126 -0.0004705758
-0.0007161126 0
-0.0007145126 0.0002352879
-0.0007129126 -0.0002352879
-0.0007113126 -0.0004705758
-0.0007097126 -0.0002352879
-0.0007081126 -0.0002352879
-0.0007065126 0.0004705758
-0.0007049126 0.0002352879
-0.0007033126 0
-0.0007017126 -0.0004705758
-0.0007001126 -0.0002352879
-0.0006985126 -0.0002352879
-0.0006969126 -0.0002352879
-0.0006953126 -0.0004705758
-0.0006937126 0.0004705758
-0.0006921126 -0.0007058638
-0.0006905126 -0.0002352879
-0.0006889126 0
-0.0006873126 0.0002352879
-0.0006857126 -0.0002352879
-0.0006841126 -0.0004705758
-0.0006825126 0
-0.0006809126 0
-0.0006793126 -0.0004705758
-0.0006777126 0
-0.0006761126 0
-0.0006745126 -0.0002352879
-0.0006729126 -0.0002352879
-0.0006713126 -0.0002352879
-0.0006697126 -0.0002352879
-0.0006681126 0
-0.0006665126 0
-0.0006649126 0
-0.0006633126 -0.0002352879
-0.0006617126 0
-0.0006601126 -0.0002352879
-0.0006585126 0.0004705758
-0.0006569126 0.0004705758
-0.0006553126 -0.0004705758
-0.0006537126 -0.0002352879
-0.0006521126 -0.0002352879
-0.0006505126 -0.0004705758
-0.0006489126 0.0002352879
-0.0006473126 -0.0004705758
-0.0006457126 0
-0.0006441126 0
-0.0006425126 -0.0002352879
-0.0006409126 0
-0.0006393126 0
-0.0006377126 -0.0004705758
-0.0006361126 0.0002352879
-0.0006345126 -0.0007058638
-0.0006329126 -0.0004705758
-0.0006313126 0
-0.0006297126 0
-0.0006281126 -0.0002352879
-0.0006265126 0
-0.0006249126 -0.0002352879
-0.0006233126 -0.0004705758
-0.0006217126 0
-0.0006201126 0.0002352879
-0.0006185126 0
-0.0006169126 0.0002352879
-0.0006153126 0
-0.0006137126 -0.0002352879
-0.0006121126 -0.0004705758
-0.0006105126 -0.0002352879
-0.0006089126 0
-0.0006073126 0
-0.0006057126 -0.0004705758
-0.0006041126 0.0004705758
-0.0006025126 -0.0002352879
-0.0006009126 0
-0.0005993126 0.0002352879
-0.0005977126 0
-0.0005961126 -0.0004705758
-0.0005945126 0
-0.0005929126 0
-0.0005913126 -0.0002352879
-0.0005897126 -0.0004705758
-0.0005881126 0
-0.0005865126 0
-0.0005849126 0
-0.0005833126 -0.0004705758
-0.0005817126 0.0002352879
-0.0005801126 0
-0.0005785126 0
-0.0005769126 -0.0002352879
-0.0005753126 0.0009411517
-0.0005737126 -0.0002352879
-0.0005721126 0.0002352879
-0.0005705126 -0.0004705758
-0.0005689126 -0.0002352879
-0.0005673126 0
-0.0005657126 0.0002352879
-0.0005641126 0.0002352879
-0.0005625126 0
-0.0005609126 -0.0004705758
-0.0005593126 0.0002352879
-0.0005577126 -0.0002352879
-0.0005561126 0
-0.0005545126 -0.0004705758
-0.0005529126 0.0004705758
-0.0005513126 0
-0.0005497126 0.0002352879
-0.0005481126 -0.0002352879
-0.0005465126 -0.0002352879
-0.0005449126 -0.0004705758
-0.0005433126 -0.0002352879
-0.0005417126 -0.0002352879
-0.0005401126 0
-0.0005385126 -0.0002352879
-0.0005369126 0
-0.0005353126 0.0002352879
-0.0005337126 -0.0004705758
-0.0005321126 -0.0002352879
-0.0005305126 0.0002352879
-0.0005289126 0
-0.0005273126 0
-0.0005257126 -0.0002352879
-0.0005241126 -0.0002352879
-0.0005225126 0
-0.0005209126 -0.0002352879
-0.0005193126 0
-0.0005177126 -0.0004705758
-0.0005161126 -0.0004705758
-0.0005145126 0.0002352879
-0.0005129126 -0.0002352879
-0.0005113126 -0.0004705758
-0.0005097126 0
-0.0005081126 -0.0002352879
-0.0005065126 -0.0002352879
-0.0005049126 0.0002352879
-0.0005033126 0
-0.0005017126 -0.0004705758
-0.0005001126 -0.0004705758
-0.0004985126 -0.0004705758
-0.0004969126 0
-0.0004953126 0
-0.0004937126 -0.0004705758
-0.0004921126 0
-0.0004905126 -0.0002352879
-0.0004889126 0
-0.0004873126 -0.0004705758
-0.0004857126 -0.0002352879
-0.0004841126 -0.0002352879
-0.0004825126 -0.0004705758
-0.0004809126 0.0002352879
-0.0004793126 -0.0002352879
-0.0004777126 -0.0002352879
-0.0004761126 0
-0.0004745126 -0.0002352879
-0.0004729126 -0.0002352879
-0.0004713126 0.0002352879
-0.0004697126 -0.0002352879
-0.0004681126 -0.0002352879
-0.0004665126 0
-0.0004649126 0
-0.0004633126 -0.0002352879
-0.0004617126 -0.0004705758
-0.0004601126 -0.0002352879
-0.0004585126 -0.0004705758
-0.0004569126 0.0002352879
-0.0004553126 -0.0002352879
-0.0004537126 0
-0.0004521126 -0.0002352879
-0.0004505126 -0.0002352879
-0.0004489126 0
-0.0004473126 -0.0004705758
-0.0004457126 0.0002352879
-0.0004441126 0.0002352879
-0.0004425126 -0.0007058638
-0.0004409126 -0.0002352879
-0.0004393126 -0.0002352879
-0.0004377126 0.0002352879
-0.0004361126 -0.0004705758
-0.0004345126 -0.0002352879
-0.0004329126 -0.0002352879
-0.0004313126 -0.0002352879
-0.0004297126 -0.0007058638
-0.0004281126 -0.0002352879
-0.0004265126 0
-0.0004249126 0
-0.0004233126 0
-0.0004217126 -0.0002352879
-0.0004201126 -0.0002352879
-0.0004185126 -0.0004705758
-0.0004169126 0
-0.0004153126 0.0002352879
-0.0004137126 0
-0.0004121126 -0.0004705758
-0.0004105126 -0.0002352879
-0.0004089126 0
-0.0004073126 0
-0.0004057126 -0.0002352879
-0.0004041126 -0.0007058638
-0.0004025126 0
-0.0004009126 0
-0.0003993126 -0.0002352879
-0.0003977126 -0.0002352879
-0.0003961126 -0.0004705758
-0.0003945126 -0.0004705758
-0.0003929126 -0.0004705758
-0.0003913126 -0.0002352879
-0.0003897126 0
-0.0003881126 0
-0.0003865126 0
-0.0003849126 -0.0002352879
-0.0003833126 -0.0002352879
-0.0003817126 -0.0004705758
-0.0003801126 -0.0002352879
-0.0003785126 -0.0002352879
-0.0003769126 -0.0002352879
-0.0003753126 -0.0004705758
-0.0003737126 0
-0.0003721126 0
-0.0003705126 -0.0002352879
-0.0003689126 -0.0004705758
-0.0003673126 -0.0002352879
-0.0003657126 -0.0002352879
-0.0003641126 -0.0002352879
-0.0003625126 -0.0002352879
-0.0003609126 0
-0.0003593126 -0.0002352879
-0.0003577126 -0.0004705758
-0.0003561126 0
-0.0003545126 0.0002352879
-0.0003529126 0
-0.0003513126 -0.0007058638
-0.0003497126 -0.0002352879
-0.0003481126 0.0002352879
-0.0003465126 -0.0002352879
-0.0003449126 0
-0.0003433126 -0.0002352879
-0.0003417126 -0.0002352879
-0.0003401126 -0.0002352879
-0.0003385126 -0.0002352879
-0.0003369126 -0.0002352879
-0.0003353126 -0.0002352879
-0.0003337126 -0.0002352879
-0.0003321126 0
-0.0003305126 0
-0.0003289126 0
-0.0003273126 -0.0002352879
-0.0003257126 0
-0.0003241126 -0.0004705758
-0.0003225126 0.0002352879
-0.0003209126 -0.0002352879
-0.0003193126 0
-0.0003177126 0
-0.0003161126 0.0002352879
-0.0003145126 0
-0.0003129126 0.0002352879
-0.0003113126 0.0002352879
-0.0003097126 -0.0002352879
-0.0003081126 -0.0002352879
-0.0003065126 -0.0002352879
-0.0003049126 -0.0007058638
-0.0003033126 0.0002352879
-0.0003017126 0
-0.0003001126 -0.0002352879
-0.0002985126 -0.0004705758
-0.0002969126 -0.0002352879
-0.0002953126 -0.0002352879
-0.0002937126 0
-0.0002921126 -0.0002352879
-0.0002905126 0.0004705758
-0.0002889126 -0.0004705758
-0.0002873126 0.0002352879
-0.0002857126 0
-0.0002841126 -0.0004705758
-0.0002825126 -0.0002352879
-0.0002809126 0
-0.0002793126 -0.0002352879
-0.0002777126 0.0004705758
-0.0002761126 -0.0004705758
-0.0002745126 0.0002352879
-0.0002729126 -0.0002352879
-0.0002713126 -0.0002352879
-0.0002697126 -0.0002352879
-0.0002681126 0
-0.0002665126 -0.0004705758
-0.0002649126 0.0002352879
-0.0002633126 -0.0004705758
-0.0002617126 0.0002352879
-0.0002601126 0.0004705758
-0.0002585126 -0.0002352879
-0.0002569126 0
-0.0002553126 -0.0004705758
-0.0002537126 -0.0002352879
-0.0002521126 -0.0002352879
-0.0002505126 -0.0002352879
-0.0002489126 0
-0.0002473126 -0.0002352879
-0.0002457126 0.0002352879
-0.0002441126 -0.0002352879
-0.0002425126 0
-0.0002409126 -0.0002352879
-0.0002393126 0.0004705758
-0.0002377126 0
-0.0002361126 -0.0002352879
-0.0002345126 -0.0002352879
-0.0002329126 -0.0002352879
-0.0002313126 0
-0.0002297126 -0.0002352879
-0.0002281126 -0.0004705758
-0.0002265126 0.0004705758
-0.0002249126 0
-0.0002233126 0.0002352879
-0.0002217126 -0.0002352879
-0.0002201126 -0.0002352879
-0.0002185126 -0.0004705758
-0.0002169126 -0.0002352879
-0.0002153126 0
-0.0002137126 -0.0002352879
-0.0002121126 -0.0002352879
-0.0002105126 0.0002352879
-0.0002089126 -0.0002352879
-0.0002073126 0
-0.0002057126 0
-0.0002041126 0.0002352879
-0.0002025126 0
-0.0002009126 0.0002352879
-0.0001993126 -0.0002352879
-0.0001977126 -0.0004705758
-0.0001961126 0.0002352879
-0.0001945126 -0.0002352879
-0.0001929126 0
-0.0001913126 -0.0002352879
-0.0001897126 -0.0002352879
-0.0001881126 -0.0007058638
-0.0001865126 -0.0007058638
-0.0001849126 0
-0.0001833126 -0.0004705758
-0.0001817126 0.0002352879
-0.0001801126 0
-0.0001785126 -0.0002352879
-0.0001769126 0
-0.0001753126 0.0002352879
-0.0001737126 0
-0.0001721126 -0.0002352879
-0.0001705126 -0.0002352879
-0.0001689126 0
-0.0001673126 0
-0.0001657126 0
-0.0001641126 -0.0002352879
-0.0001625126 0.0004705758
-0.0001609126 -0.0002352879
-0.0001593126 -0.0007058638
-0.0001577126 0
-0.0001561126 0
-0.0001545126 0.0002352879
-0.0001529126 0
-0.0001513126 -0.0002352879
-0.0001497126 0
-0.0001481126 0
-0.0001465126 0
-0.0001449126 -0.0004705758
-0.0001433126 -0.0004705758
-0.0001417126 -0.0004705758
-0.0001401126 -0.0002352879
-0.0001385126 0
-0.0001369126 0
-0.0001353126 -0.0002352879
-0.0001337126 0
-0.0001321126 -0.0004705758
-0.0001305126 0
-0.0001289126 0
-0.0001273126 0
-0.0001257126 -0.0002352879
-0.0001241126 0.0004705758
-0.0001225126 -0.0007058638
-0.0001209126 -0.0004705758
-0.0001193126 -0.0004705758
-0.0001177126 0.0002352879
-0.0001161126 0.0002352879
-0.0001145126 0
-0.0001129126 -0.0002352879
-0.0001113126 0
-0.0001097126 -0.0009411517
-0.0001081126 -0.0002352879
-0.0001065126 0
-0.0001049126 0
-0.0001033126 -0.0002352879
-0.0001017126 0.0002352879
-0.0001001126 -0.0004705758
-9.85126e-005 -0.0002352879
-9.69126e-005 0
-9.53126e-005 0
-9.37126e-005 0
-9.21126e-005 0
-9.05126e-005 0.0002352879
-8.89126e-005 0.0002352879
-8.73126e-005 0
-8.57126e-005 -0.0004705758
-8.41126e-005 0
-8.25126e-005 0.0002352879
-8.09126e-005 -0.0002352879
-7.93126e-005 0.0004705758
-7.77126e-005 -0.0002352879
-7.61126e-005 0.0007058638
-7.45126e-005 0.0002352879
-7.29126e-005 0.0002352879
-7.13126e-005 0
-6.97126e-005 0.0004705758
-6.81126e-005 0.0004705758
-6.65126e-005 0
-6.49126e-005 0.0007058638
-6.33126e-005 0.00117644
-6.17126e-005 0.001647015
-6.01126e-005 0.005176334
-5.85126e-005 0.009176229
-5.69126e-005 0.01035267
-5.53126e-005 0.007999789
-5.37126e-005 0.002588167
-5.21126e-005 -0.001882303
-5.05126e-005 -0.00564691
-4.89126e-005 -0.01199968
-4.73126e-005 -0.01764659
-4.57126e-005 -0.02305822
-4.41126e-005 -0.0291757
-4.25126e-005 -0.03482261
-4.09126e-005 -0.0409401
-3.93126e-005 -0.05152805
-3.77126e-005 -0.06493947
-3.61126e-005 -0.08399779
-3.45126e-005 -0.1044678
-3.29126e-005 -0.1265849
-3.13126e-005 -0.1428198
-2.97126e-005 -0.1545842
-2.81126e-005 -0.1632898
-2.65126e-005 -0.1679956
-2.49126e-005 -0.1644663
-2.33126e-005 -0.1581135
-2.17126e-005 -0.1475255
-2.01126e-005 -0.1371729
-1.85126e-005 -0.1263496
-1.69126e-005 -0.1145852
-1.53126e-005 -0.103762
-1.37126e-005 -0.09246815
-1.21126e-005 -0.08258606
-1.05126e-005 -0.07317454
-8.9126e-006 -0.06305716
-7.3126e-006 -0.05505737
-5.7126e-006 -0.04493999
-4.1126e-006 -0.03341088
-2.5126e-006 -0.01999947
-9.126e-007 -0.008235077
6.874e-007 0.003764607
2.2874e-006 0.01505843
3.8874e-006 0.02494052
5.4874e-006 0.03388146
7.0874e-006 0.03858722
8.6874e-006 0.04046952
1.02874e-005 0.04188125
1.18874e-005 0.04164596
1.34874e-005 0.04070481
1.50874e-005 0.03811664
1.66874e-005 0.0331756
1.82874e-005 0.02423466
1.98874e-005 0.01435256
2.14874e-005 0.002352879
2.30874e-005 -0.008705653
2.46874e-005 -0.01905832
2.62874e-005 -0.02705811
2.78874e-005 -0.03270502
2.94874e-005 -0.03435204
3.10874e-005 -0.03294031
3.26874e-005 -0.02870513
3.42874e-005 -0.02423466
3.58874e-005 -0.01929361
3.74874e-005 -0.01764659
3.90874e-005 -0.01482314
4.06874e-005 -0.01411728
4.22874e-005 -0.009882093
4.38874e-005 -0.003999895
4.54874e-005 0.002352879
4.70874e-005 0.008235077
4.86874e-005 0.01388199
5.02874e-005 0.01882303
5.18874e-005 0.0214112
5.34874e-005 0.02258764
5.50874e-005 0.02070534
5.66874e-005 0.01623487
5.82874e-005 0.009176229
5.98874e-005 -0.00117644
6.14874e-005 -0.01105853
6.30874e-005 -0.0232935
6.46874e-005 -0.03623434
6.62874e-005 -0.04988104
6.78874e-005 -0.0623513
6.94874e-005 -0.07246868
7.10874e-005 -0.07929203
7.26874e-005 -0.08352721
7.42874e-005 -0.08352721
7.58874e-005 -0.08164491
7.74874e-005 -0.07811559
7.90874e-005 -0.07623329
8.06874e-005 -0.07505685
8.22874e-005 -0.07576271
8.38874e-005 -0.07740972
8.54874e-005 -0.08235077
8.70874e-005 -0.08682124
8.86874e-005 -0.09176229
9.02874e-005 -0.09529161
9.18874e-005 -0.09599747
9.34874e-005 -0.09599747
9.50874e-005 -0.09482103
9.66874e-005 -0.091527
9.82874e-005 -0.08799768
9.98874e-005 -0.08423307
0.0001014874 -0.08164491
0.0001030874 -0.07929203
0.0001046874 -0.07811559
0.0001062874 -0.0778803
0.0001078874 -0.07905674
0.0001094874 -0.07929203
0.0001110874 -0.08046847
0.0001126874 -0.08070376
0.0001142874 -0.08117433
0.0001158874 -0.08046847
0.0001174874 -0.07952732
0.0001190874 -0.07740972
0.0001206874 -0.075998
0.0001222874 -0.07458627
0.0001238874 -0.07364512
0.0001254874 -0.0719981
0.0001270874 -0.0701158
0.0001286874 -0.06729234
0.0001302874 -0.06352774
0.0001318874 -0.05764554
0.0001334874 -0.05364565
0.0001350874 -0.04893989
0.0001366874 -0.04588114
0.0001382874 -0.04211654
0.0001398874 -0.03882251
0.0001414874 -0.03482261
0.0001430874 -0.03270502
0.0001446874 -0.03011685
0.0001462874 -0.02964628
0.0001478874 -0.02846984
0.0001494874 -0.02964628
0.0001510874 -0.03105801
0.0001526874 -0.03341088
0.0001542874 -0.03529319
0.0001558874 -0.03835193
0.0001574874 -0.03929308
0.0001590874 -0.03952837
0.0001606874 -0.03905779
0.0001622874 -0.03999895
0.0001638874 -0.04070481
0.0001654874 -0.04423413
0.0001670874 -0.04588114
0.0001686874 -0.04917517
0.0001702874 -0.05129277
0.0001718874 -0.05388093
0.0001734874 -0.05576324
0.0001750874 -0.05670439
0.0001766874 -0.05552795
0.0001782874 -0.05411622
0.0001798874 -0.05152805
0.0001814874 -0.04846931
0.0001830874 -0.0447047
0.0001846874 -0.04117539
0.0001862874 -0.03599905
0.0001878874 -0.03105801
0.0001894874 -0.02470523
0.0001910874 -0.01976419
0.0001926874 -0.01505843
0.0001942874 -0.01152911
0.0001958874 -0.008940941
0.0001974874 -0.008705653
0.0001990874 -0.009176229
0.0002006874 -0.01058796
0.0002022874 -0.01247026
0.0002038874 -0.01623487
0.0002054874 -0.0195289
0.0002070874 -0.02305822
0.0002086874 -0.02752869
0.0002102874 -0.03199916
0.0002118874 -0.03576376
0.0002134874 -0.03835193
0.0002150874 -0.04070481
0.0002166874 -0.04399884
0.0002182874 -0.04705758
0.0002198874 -0.05129277
0.0002214874 -0.05435151
0.0002230874 -0.05811612
0.0002246874 -0.06093957
0.0002262874 -0.06493947
0.0002278874 -0.0682335
0.0002294874 -0.07152753
0.0002310874 -0.07529213
0.0002326874 -0.0778803
0.0002342874 -0.08023318
0.0002358874 -0.08211548
0.0002374874 -0.08423307
0.0002390874 -0.08517423
0.0002406874 -0.08517423
0.0002422874 -0.08540951
0.0002438874 -0.0837625
0.0002454874 -0.08258606
0.0002470874 -0.07999789
0.0002486874 -0.07670386
0.0002502874 -0.07270397
0.0002518874 -0.06705706
0.0002534874 -0.0623513
0.0002550874 -0.05717496
0.0002566874 -0.05105748
0.0002582874 -0.04517528
0.0002598874 -0.03811664
0.0002614874 -0.03129329
0.0002630874 -0.02494052
0.0002646874 -0.02047005
0.0002662874 -0.01741131
0.0002678874 -0.01717602
0.0002694874 -0.01647015
0.0002710874 -0.01764659
0.0002726874 -0.01999947
0.0002742874 -0.02282293
0.0002758874 -0.02494052
0.0002774874 -0.02752869
0.0002790874 -0.02894041
0.0002806874 -0.03105801
0.0002822874 -0.03129329
0.0002838874 -0.0331756
0.0002854874 -0.03411675
0.0002870874 -0.03388146
0.0002886874 -0.03105801
0.0002902874 -0.0291757
0.0002918874 -0.02635225
0.0002934874 -0.02423466
0.0002950874 -0.02047005
0.0002966874 -0.01788188
0.0002982874 -0.01599958
0.0002998874 -0.015529
0.0003014874 -0.01529371
0.0003030874 -0.01788188
0.0003046874 -0.01999947
0.0003062874 -0.02399937
0.0003078874 -0.02682282
0.0003094874 -0.03035214
0.0003110874 -0.03458732
0.0003126874 -0.03835193
0.0003142874 -0.04188125
0.0003158874 -0.04493999
0.0003174874 -0.04611643
0.0003190874 -0.04917517
0.0003206874 -0.05082219
0.0003222874 -0.05199863
0.0003238874 -0.05129277
0.0003254874 -0.05152805
0.0003270874 -0.05011633
0.0003286874 -0.04846931
0.0003302874 -0.04517528
0.0003318874 -0.04211654
0.0003334874 -0.03717549
0.0003350874 -0.03294031
0.0003366874 -0.02846984
0.0003382874 -0.0254111
0.0003398874 -0.02164649
0.0003414874 -0.01929361
0.0003430874 -0.01764659
0.0003446874 -0.01788188
0.0003462874 -0.01858775
0.0003478874 -0.02047005
0.0003494874 -0.02070534
0.0003510874 -0.02164649
0.0003526874 -0.0214112
0.0003542874 -0.02235235
0.0003558874 -0.02211706
0.0003574874 -0.02235235
0.0003590874 -0.02211706
0.0003606874 -0.02305822
0.0003622874 -0.02258764
0.0003638874 -0.02305822
0.0003654874 -0.02305822
0.0003670874 -0.0232935
0.0003686874 -0.02258764
0.0003702874 -0.02211706
0.0003718874 -0.02047005
0.0003734874 -0.02070534
0.0003750874 -0.01882303
0.0003766874 -0.01882303
0.0003782874 -0.01858775
0.0003798874 -0.0195289
0.0003814874 -0.01905832
0.0003830874 -0.01905832
0.0003846874 -0.01882303
0.0003862874 -0.01929361
0.0003878874 -0.0195289
0.0003894874 -0.0195289
0.0003910874 -0.02023476
0.0003926874 -0.02047005
0.0003942874 -0.01999947
0.0003958874 -0.02023476
0.0003974874 -0.01976419
0.0003990874 -0.01905832
0.0004006874 -0.01835246
0.0004022874 -0.01788188
0.0004038874 -0.01811717
0.0004054874 -0.01858775
0.0004070874 -0.01929361
0.0004086874 -0.02211706
0.0004102874 -0.02446994
0.0004118874 -0.02799926
0.0004134874 -0.03199916
0.0004150874 -0.03623434
0.0004166874 -0.03999895
0.0004182874 -0.04423413
0.0004198874 -0.04705758
0.0004214874 -0.04917517
0.0004230874 -0.04893989
0.0004246874 -0.0487046
0.0004262874 -0.04752816
0.0004278874 -0.04658701
0.0004294874 -0.04305769
0.0004310874 -0.03882251
0.0004326874 -0.03411675
0.0004342874 -0.02988157
0.0004358874 -0.0254111
0.0004374874 -0.02023476
0.0004390874 -0.01623487
0.0004406874 -0.0136467
0.0004422874 -0.01105853
0.0004438874 -0.009646805
0.0004454874 -0.008705653
0.0004470874 -0.008705653
0.0004486874 -0.008470365
0.0004502874 -0.008940941
0.0004518874 -0.007999789
0.0004534874 -0.008705653
0.0004550874 -0.008235077
0.0004566874 -0.008705653
0.0004582874 -0.007293925
0.0004598874 -0.00564691
0.0004614874 -0.003294031
0.0004630874 -0.0007058638
0.0004646874 0.002823455
0.0004662874 0.00564691
0.0004678874 0.007999789
0.0004694874 0.01035267
0.0004710874 0.0117644
0.0004726874 0.0117644
0.0004742874 0.01058796
0.0004758874 0.008235077
0.0004774874 0.00564691
0.0004790874 0.001882303
0.0004806874 -0.0009411517
0.0004822874 -0.004705758
0.0004838874 -0.007058638
0.0004854874 -0.009176229
0.0004870874 -0.009882093
0.0004886874 -0.01152911
0.0004902874 -0.01152911
0.0004918874 -0.01129382
0.0004934874 -0.01058796
0.0004950874 -0.008940941
0.0004966874 -0.00682335
0.0004982874 -0.005176334
0.0004998874 -0.002823455
0.0005014874 -0.0007058638
0.0005030874 0.001411728
0.0005046874 0.003058743
0.0005062874 0.00447047
0.0005078874 0.005411622
0.0005094874 0.006588062
0.0005110874 0.005882198
0.0005126874 0.00564691
0.0005142874 0.003999895
0.0005158874 0.002588167
0.0005174874 0.0004705758
0.0005190874 -0.001882303
0.0005206874 -0.00447047
0.0005222874 -0.005882198
0.0005238874 -0.007764501
0.0005254874 -0.009411517
0.0005270874 -0.0117644
0.0005286874 -0.0136467
0.0005302874 -0.01599958
0.0005318874 -0.01694073
0.0005334874 -0.01741131
0.0005350874 -0.01741131
0.0005366874 -0.01717602
0.0005382874 -0.015529
0.0005398874 -0.01505843
0.0005414874 -0.01294084
0.0005430874 -0.01105853
0.0005446874 -0.007764501
0.0005462874 -0.004705758
0.0005478874 -0.0009411517
0.0005494874 0.002823455
0.0005510874 0.006588062
0.0005526874 0.01035267
0.0005542874 0.01388199
0.0005558874 0.01623487
0.0005574874 0.01976419
0.0005590874 0.02188178
0.0005606874 0.02446994
0.0005622874 0.02588167
0.0005638874 0.02705811
0.0005654874 0.0272934
0.0005670874 0.02776397
0.0005686874 0.02682282
0.0005702874 0.0272934
0.0005718874 0.0254111
0.0005734874 0.02399937
0.0005750874 0.02258764
0.0005766874 0.02117591
0.0005782874 0.02047005
0.0005798874 0.02070534
0.0005814874 0.02070534
0.0005830874 0.02094062
0.0005846874 0.02211706
0.0005862874 0.0232935
0.0005878874 0.02423466
0.0005894874 0.02705811
0.0005910874 0.02846984
0.0005926874 0.02988157
0.0005942874 0.03058743
0.0005958874 0.03058743
0.0005974874 0.02988157
0.0005990874 0.02894041
0.0006006874 0.02776397
0.0006022874 0.02611696
0.0006038874 0.02494052
0.0006054874 0.0232935
0.0006070874 0.0214112
0.0006086874 0.02094062
0.0006102874 0.02023476
0.0006118874 0.0195289
0.0006134874 0.01929361
0.0006150874 0.01788188
0.0006166874 0.01576429
0.0006182874 0.015529
0.0006198874 0.01317612
0.0006214874 0.01223497
0.0006230874 0.01035267
0.0006246874 0.009882093
0.0006262874 0.008470365
0.0006278874 0.008470365
0.0006294874 0.007999789
0.0006310874 0.008705653
0.0006326874 0.009176229
0.0006342874 0.01129382
0.0006358874 0.01247026
0.0006374874 0.01435256
0.0006390874 0.01576429
0.0006406874 0.01788188
0.0006422874 0.01976419
0.0006438874 0.02235235
0.0006454874 0.02494052
0.0006470874 0.02682282
0.0006486874 0.0291757
0.0006502874 0.03129329
0.0006518874 0.03270502
0.0006534874 0.03341088
0.0006550874 0.03364617
0.0006566874 0.03341088
0.0006582874 0.03270502
0.0006598874 0.03246973
0.0006614874 0.03223444
0.0006630874 0.03270502
0.0006646874 0.03294031
0.0006662874 0.03458732
0.0006678874 0.03529319
0.0006694874 0.0369402
0.0006710874 0.03835193
0.0006726874 0.04023423
0.0006742874 0.04117539
0.0006758874 0.04188125
0.0006774874 0.04117539
0.0006790874 0.04164596
0.0006806874 0.0409401
0.0006822874 0.04070481
0.0006838874 0.03952837
0.0006854874 0.03905779
0.0006870874 0.03741078
0.0006886874 0.03646963
0.0006902874 0.03552848
0.0006918874 0.03552848
0.0006934874 0.0350579
0.0006950874 0.03552848
0.0006966874 0.03599905
0.0006982874 0.03764607
0.0006998874 0.03929308
0.0007014874 0.03976366
0.0007030874 0.04141067
0.0007046874 0.04305769
0.0007062874 0.04446942
0.0007078874 0.04658701
0.0007094874 0.04705758
0.0007110874 0.04893989
0.0007126874 0.04917517
0.0007142874 0.05105748
0.0007158874 0.05035161
0.0007174874 0.05152805
0.0007190874 0.05129277
0.0007206874 0.05152805
0.0007222874 0.05082219
0.0007238874 0.05199863
0.0007254874 0.05341036
0.0007270874 0.05576324
0.0007286874 0.05670439
0.0007302874 0.05905727
0.0007318874 0.06070428
0.0007334874 0.06282187
0.0007350874 0.06282187
0.0007366874 0.06352774
0.0007382874 0.06305716
0.0007398874 0.06211601
0.0007414874 0.06046899
0.0007430874 0.05976313
0.0007446874 0.05811612
0.0007462874 0.0564691
0.0007478874 0.05341036
0.0007494874 0.05199863
0.0007510874 0.0505869
0.0007526874 0.05011633
0.0007542874 0.04846931
0.0007558874 0.04893989
0.0007574874 0.0487046
0.0007590874 0.04917517
0.0007606874 0.05035161
0.0007622874 0.05105748
0.0007638874 0.05199863
0.0007654874 0.05293978
0.0007670874 0.05411622
0.0007686874 0.05529266
0.0007702874 0.0564691
0.0007718874 0.05788083
0.0007734874 0.05788083
0.0007750874 0.05858669
0.0007766874 0.05811612
0.0007782874 0.05788083
0.0007798874 0.05764554
0.0007814874 0.05717496
0.0007830874 0.05693968
0.0007846874 0.05693968
0.0007862874 0.05623381
0.0007878874 0.05623381
0.0007894874 0.05552795
0.0007910874 0.05623381
0.0007926874 0.0564691
0.0007942874 0.05670439
0.0007958874 0.05599852
0.0007974874 0.05599852
0.0007990874 0.0545868
0.0008006874 0.0545868
0.0008022874 0.05341036
0.0008038874 0.05223392
0.0008054874 0.05176334
0.0008070874 0.05082219
0.0008086874 0.04988104
0.0008102874 0.0487046
0.0008118874 0.04823402
0.0008134874 0.04752816
0.0008150874 0.04776345
0.0008166874 0.04846931
0.0008182874 0.04917517
0.0008198874 0.05035161
0.0008214874 0.05199863
0.0008230874 0.05364565
0.0008246874 0.05411622
0.0008262874 0.05529266
0.0008278874 0.05552795
0.0008294874 0.05576324
0.0008310874 0.05552795
0.0008326874 0.05599852
0.0008342874 0.05576324
0.0008358874 0.05599852
0.0008374874 0.05623381
0.0008390874 0.05741025
0.0008406874 0.05788083
0.0008422874 0.06023371
0.0008438874 0.06117486
0.0008454874 0.06211601
0.0008470874 0.06376303
0.0008486874 0.0642336
0.0008502874 0.0642336
0.0008518874 0.06541004
0.0008534874 0.06635119
0.0008550874 0.06682177
0.0008566874 0.06729234
0.0008582874 0.06776292
0.0008598874 0.06799821
0.0008614874 0.0682335
0.0008630874 0.0682335
0.0008646874 0.06917465
0.0008662874 0.06799821
0.0008678874 0.06846878
0.0008694874 0.06776292
0.0008710874 0.06729234
0.0008726874 0.06658648
0.0008742874 0.06588062
0.0008758874 0.06470418
0.0008774874 0.06493947
0.0008790874 0.06399831
0.0008806874 0.06352774
0.0008822874 0.06188072
0.0008838874 0.06188072
0.0008854874 0.06023371
0.0008870874 0.05929256
0.0008886874 0.05788083
0.0008902874 0.05741025
0.0008918874 0.05693968
0.0008934874 0.05670439
0.0008950874 0.05670439
0.0008966874 0.05717496
0.0008982874 0.05670439
0.0008998874 0.05882198
0.0009014874 0.05905727
0.0009030874 0.05976313
0.0009046874 0.05999842
0.0009062874 0.06046899
0.0009078874 0.06093957
0.0009094874 0.06046899
0.0009110874 0.05929256
0.0009126874 0.05882198
0.0009142874 0.05764554
0.0009158874 0.05717496
0.0009174874 0.05552795
0.0009190874 0.05529266
0.0009206874 0.05388093
0.0009222874 0.05317507
0.0009238874 0.05223392
0.0009254874 0.05082219
0.0009270874 0.05035161
0.0009286874 0.04941046
0.0009302874 0.04893989
0.0009318874 0.04941046
0.0009334874 0.0487046
0.0009350874 0.04941046
0.0009366874 0.04917517
0.0009382874 0.05035161
0.0009398874 0.0505869
0.0009414874 0.0505869
0.0009430874 0.0505869
0.0009446874 0.05082219
0.0009462874 0.04988104
0.0009478874 0.04988104
0.0009494874 0.04964575
0.0009510874 0.04964575
0.0009526874 0.04964575
0.0009542874 0.04988104
0.0009558874 0.04964575
0.0009574874 0.0505869
0.0009590874 0.05129277
0.0009606874 0.05246921
0.0009622874 0.05317507
0.0009638874 0.05364565
0.0009654874 0.05482208
0.0009670874 0.05623381
0.0009686874 0.05529266
0.0009702874 0.05552795
0.0009718874 0.0545868
0.0009734874 0.05435151
0.0009750874 0.05317507
0.0009766874 0.05317507
0.0009782874 0.05223392
0.0009798874 0.05199863
0.0009814874 0.05152805
0.0009830874 0.05129277
0.0009846874 0.05082219
0.0009862874 0.05199863
0.0009878874 0.05293978
0.0009894874 0.05411622
0.0009910874 0.05388093
0.0009926874 0.05552795
0.0009942874 0.05552795
0.0009958874 0.05599852
0.0009974874 0.05623381
0.0009990874 0.05599852
0.001000687 0.05623381
0.001002287 0.05623381
0.001003887 0.05529266
0.001005487 0.05505737
0.001007087 0.05411622
0.001008687 0.05388093
0.001010287 0.05341036
0.001011887 0.05270449
0.001013487 0.05223392
0.001015087 0.05270449
0.001016687 0.05199863
0.001018287 0.05176334
0.001019887 0.05176334
0.001021487 0.05246921
0.001023087 0.05199863
0.001024687 0.05270449
0.001026287 0.05293978
0.001027887 0.05317507
0.001029487 0.05435151
0.001031087 0.05552795
0.001032687 0.0564691
0.001034287 0.0583514
0.001035887 0.0583514
0.001037487 0.05952784
0.001039087 0.05952784
0.001040687 0.06046899
0.001042287 0.05976313
0.001043887 0.06046899
0.001045487 0.05976313
0.001047087 0.05976313
0.001048687 0.05882198
0.001050287 0.05929256
0.001051887 0.05882198
0.001053487 0.0583514
0.001055087 0.05788083
0.001056687 0.05764554
0.001058287 0.05717496
0.001059887 0.05717496
0.001061487 0.0564691
0.001063087 0.05623381
0.001064687 0.05529266
0.001066287 0.0545868
0.001067887 0.05388093
0.001069487 0.05341036
0.001071087 0.05223392
0.001072687 0.05152805
0.001074287 0.05011633
0.001075887 0.04941046
0.001077487 0.04752816
0.001079087 0.04705758
0.001080687 0.04517528
0.001082287 0.04376355
0.001083887 0.04188125
0.001085487 0.04070481
0.001087087 0.03929308
0.001088687 0.03882251
0.001090287 0.03835193
0.001091887 0.03835193
0.001093487 0.03858722
0.001095087 0.03999895
0.001096687 0.04117539
0.001098287 0.04329298
0.001099887 0.04517528
0.001101487 0.04752816
0.001103087 0.04964575
0.001104687 0.05152805
0.001106287 0.05341036
0.001107887 0.05552795
0.001109487 0.05670439
0.001111087 0.05952784
0.001112687 0.06093957
0.001114287 0.06211601
0.001115887 0.06305716
0.001117487 0.06470418
0.001119087 0.06446889
0.001120687 0.06517475
0.001122287 0.06493947
0.001123887 0.06517475
0.001125487 0.06399831
0.001127087 0.06282187
0.001128687 0.06023371
0.001130287 0.0583514
0.001131887 0.05599852
0.001133487 0.05482208
0.001135087 0.05317507
0.001136687 0.05223392
0.001138287 0.05105748
0.001139887 0.05105748
0.001141487 0.0505869
0.001143087 0.05152805
0.001144687 0.05293978
0.001146287 0.0545868
0.001147887 0.05552795
0.001149487 0.05741025
0.001151087 0.05929256
0.001152687 0.06188072
0.001154287 0.06376303
0.001155887 0.06588062
0.001157487 0.06729234
0.001159087 0.06846878
0.001160687 0.06917465
0.001162287 0.0701158
0.001163887 0.06940994
0.001165487 0.07035109
0.001167087 0.06870407
0.001168687 0.06752763
0.001170287 0.06705706
0.001171887 0.06635119
0.001173487 0.06517475
0.001175087 0.06470418
0.001176687 0.06352774
0.001178287 0.0623513
0.001179887 0.06164543
0.001181487 0.05976313
0.001183087 0.05741025
0.001184687 0.05552795
0.001186287 0.05270449
0.001187887 0.05035161
0.001189487 0.04729287
0.001191087 0.04541057
0.001192687 0.04258711
0.001194287 0.04046952
0.001195887 0.03811664
0.001197487 0.03788135
0.001199087 0.03646963
0.001200687 0.0369402
0.001202287 0.03552848
0.001203887 0.03623434
0.001205487 0.03764607
0.001207087 0.03905779
0.001208687 0.04070481
0.001210287 0.04188125
0.001211887 0.04376355
0.001213487 0.0447047
0.001215087 0.04658701
0.001216687 0.04705758
0.001218287 0.04823402
0.001219887 0.04917517
0.001221487 0.04893989
0.001223087 0.04988104
0.001224687 0.05082219
0.001226287 0.05082219
0.001227887 0.05176334
0.001229487 0.05223392
0.001231087 0.05176334
0.001232687 0.05199863
0.001234287 0.05129277
0.001235887 0.05129277
0.001237487 0.05082219
0.001239087 0.05129277
0.001240687 0.05082219
0.001242287 0.05129277
0.001243887 0.05199863
0.001245487 0.05199863
0.001247087 0.05317507
0.001248687 0.05435151
0.001250287 0.0545868
0.001251887 0.05576324
0.001253487 0.05576324
0.001255087 0.05670439
0.001256687 0.0564691
0.001258287 0.0564691
0.001259887 0.05576324
0.001261487 0.05599852
0.001263087 0.05552795
0.001264687 0.05552795
0.001266287 0.0545868
0.001267887 0.05529266
0.001269487 0.05576324
0.001271087 0.05623381
0.001272687 0.05599852
0.001274287 0.05717496
0.001275887 0.0564691
0.001277487 0.05788083
0.001279087 0.05811612
0.001280687 0.05952784
0.001282287 0.06046899
0.001283887 0.06188072
0.001285487 0.0623513
0.001287087 0.06376303
0.001288687 0.06446889
0.001290287 0.06493947
0.001291887 0.06493947
0.001293487 0.06517475
0.001295087 0.06517475
0.001296687 0.06470418
0.001298287 0.0642336
0.001299887 0.06376303
0.001301487 0.06305716
0.001303087 0.06211601
0.001304687 0.06141015
0.001306287 0.06093957
0.001307887 0.06046899
0.001309487 0.06046899
0.001311087 0.05976313
0.001312687 0.06023371
0.001314287 0.05999842
0.001315887 0.06070428
0.001317487 0.05976313
0.001319087 0.06023371
0.001320687 0.06023371
0.001322287 0.05905727
0.001323887 0.05788083
0.001325487 0.05693968
0.001327087 0.05529266
0.001328687 0.05388093
0.001330287 0.05223392
0.001331887 0.0505869
0.001333487 0.04846931
0.001335087 0.04729287
0.001336687 0.04588114
0.001338287 0.04352826
0.001339887 0.04211654
0.001341487 0.04070481
0.001343087 0.03905779
0.001344687 0.03741078
0.001346287 0.03599905
0.001347887 0.03482261
0.001349487 0.03341088
0.001351087 0.03294031
0.001352687 0.03223444
0.001354287 0.03246973
0.001355887 0.03294031
0.001357487 0.03364617
0.001359087 0.03435204
0.001360687 0.03482261
0.001362287 0.03576376
0.001363887 0.03623434
0.001365487 0.03788135
0.001367087 0.03905779
0.001368687 0.03976366
0.001370287 0.04141067
0.001371887 0.0428224
0.001373487 0.04352826
0.001375087 0.04517528
0.001376687 0.04658701
0.001378287 0.0468223
0.001379887 0.04729287
0.001381487 0.04776345
0.001383087 0.04776345
0.001384687 0.04729287
0.001386287 0.04705758
0.001387887 0.04658701
0.001389487 0.04611643
0.001391087 0.04493999
0.001392687 0.04423413
0.001394287 0.04399884
0.001395887 0.0428224
0.001397487 0.04211654
0.001399087 0.04188125
0.001400687 0.04141067
0.001402287 0.04164596
0.001403887 0.04235183
0.001405487 0.04329298
0.001407087 0.0447047
0.001408687 0.04611643
0.001410287 0.04729287
0.001411887 0.04917517
0.001413487 0.05035161
0.001415087 0.05152805
0.001416687 0.05293978
0.001418287 0.05317507
0.001419887 0.05341036
0.001421487 0.05293978
0.001423087 0.05199863
0.001424687 0.05082219
0.001426287 0.04941046
0.001427887 0.04799874
0.001429487 0.04705758
0.001431087 0.04588114
0.001432687 0.0447047
0.001434287 0.04258711
0.001435887 0.04164596
0.001437487 0.04023423
0.001439087 0.03788135
0.001440687 0.03764607
0.001442287 0.03599905
0.001443887 0.03529319
0.001445487 0.03364617
0.001447087 0.03223444
0.001448687 0.03058743
0.001450287 0.03011685
0.001451887 0.02870513
0.001453487 0.02870513
0.001455087 0.02752869
0.001456687 0.02776397
0.001458287 0.0272934
0.001459887 0.02776397
0.001461487 0.02776397
0.001463087 0.02682282
0.001464687 0.0272934
0.001466287 0.02658753
0.001467887 0.0254111
0.001469487 0.02470523
0.001471087 0.02376408
0.001472687 0.02282293
0.001474287 0.0214112
0.001475887 0.02094062
0.001477487 0.01976419
0.001479087 0.01882303
0.001480687 0.01811717
0.001482287 0.01717602
0.001483887 0.01576429
0.001485487 0.01458785
0.001487087 0.01388199
0.001488687 0.0136467
0.001490287 0.0117644
0.001491887 0.0117644
0.001493487 0.01058796
0.001495087 0.009882093
0.001496687 0.009176229
0.001498287 0.009411517
0.001499887 0.008705653
0.001501487 0.009411517
0.001503087 0.008705653
0.001504687 0.008705653
0.001506287 0.009176229
0.001507887 0.008940941
0.001509487 0.008235077
0.001511087 0.008470365
0.001512687 0.008235077
0.001514287 0.008235077
0.001515887 0.008235077
0.001517487 0.009411517
0.001519087 0.008940941
0.001520687 0.008705653
0.001522287 0.009176229
0.001523887 0.009176229
0.001525487 0.008940941
0.001527087 0.008470365
0.001528687 0.007999789
0.001530287 0.007529213
0.001531887 0.005411622
0.001533487 0.005882198
0.001535087 0.004235183
0.001536687 0.003294031
0.001538287 0.002352879
0.001539887 0.001411728
0.001541487 0.0002352879
0.001543087 -0.0009411517
0.001544687 -0.001411728
0.001546287 -0.001411728
0.001547887 -0.002588167
0.001549487 -0.002588167
0.001551087 -0.002352879
0.001552687 -0.001882303
0.001554287 -0.001411728
0.001555887 -0.001411728
0.001557487 -0.001647015
0.001559087 -0.001411728
0.001560687 -0.001882303
0.001562287 -0.001411728
0.001563887 -0.002117591
0.001565487 -0.002352879
0.001567087 -0.002823455
0.001568687 -0.001882303
0.001570287 -0.002823455
0.001571887 -0.001882303
0.001573487 -0.002352879
0.001575087 -0.001882303
0.001576687 -0.002352879
0.001578287 -0.002117591
0.001579887 -0.002352879
0.001581487 -0.002823455
0.001583087 -0.003294031
0.001584687 -0.003764607
0.001586287 -0.004235183
0.001587887 -0.004235183
0.001589487 -0.00447047
0.001591087 -0.00447047
0.001592687 -0.005411622
0.001594287 -0.005176334
0.001595887 -0.005882198
0.001597487 -0.00564691
0.001599087 -0.006588062
0.001600687 -0.00682335
0.001602287 -0.007999789
0.001603887 -0.008705653
0.001605487 -0.009176229
0.001607087 -0.01082324
0.001608687 -0.01223497
0.001610287 -0.01294084
0.001611887 -0.01482314
0.001613487 -0.01623487
0.001615087 -0.01741131
0.001616687 -0.01835246
0.001618287 -0.01905832
0.001619887 -0.0195289
0.001621487 -0.01999947
0.001623087 -0.0195289
0.001624687 -0.02047005
0.001626287 -0.01976419
0.001627887 -0.02023476
0.001629487 -0.01999947
0.001631087 -0.02117591
0.001632687 -0.02117591
0.001634287 -0.02211706
0.001635887 -0.02305822
0.001637487 -0.0232935
0.001639087 -0.0232935
0.001640687 -0.02423466
0.001642287 -0.02376408
0.001643887 -0.02399937
0.001645487 -0.02282293
0.001647087 -0.02282293
0.001648687 -0.02282293
0.001650287 -0.02258764
0.001651887 -0.02235235
0.001653487 -0.02211706
0.001655087 -0.02211706
0.001656687 -0.02305822
0.001658287 -0.02211706
0.001659887 -0.02282293
0.001661487 -0.02235235
0.001663087 -0.02282293
0.001664687 -0.02282293
0.001666287 -0.02282293
0.001667887 -0.02164649
0.001669487 -0.02188178
0.001671087 -0.02023476
0.001672687 -0.02070534
0.001674287 -0.01976419
0.001675887 -0.01999947
0.001677487 -0.02023476
0.001679087 -0.02117591
0.001680687 -0.02117591
0.001682287 -0.02258764
0.001683887 -0.02376408
0.001685487 -0.02494052
0.001687087 -0.02470523
0.001688687 -0.02611696
0.001690287 -0.02635225
0.001691887 -0.0272934
0.001693487 -0.02705811
0.001695087 -0.0272934
0.001696687 -0.02682282
0.001698287 -0.02658753
0.001699887 -0.02658753
0.001701487 -0.02635225
0.001703087 -0.02635225
0.001704687 -0.02611696
0.001706287 -0.02611696
0.001707887 -0.02658753
0.001709487 -0.02611696
0.001711087 -0.02635225
0.001712687 -0.02635225
0.001714287 -0.0272934
0.001715887 -0.02682282
0.001717487 -0.02752869
0.001719087 -0.0272934
0.001720687 -0.02752869
0.001722287 -0.02752869
0.001723887 -0.02752869
0.001725487 -0.02752869
0.001727087 -0.02846984
0.001728687 -0.02846984
0.001730287 -0.02894041
0.001731887 -0.0291757
0.001733487 -0.03035214
0.001735087 -0.03082272
0.001736687 -0.03199916
0.001738287 -0.03270502
0.001739887 -0.03364617
0.001741487 -0.03411675
0.001743087 -0.03458732
0.001744687 -0.0350579
0.001746287 -0.03576376
0.001747887 -0.03529319
0.001749487 -0.03552848
0.001751087 -0.03576376
0.001752687 -0.03576376
0.001754287 -0.03599905
0.001755887 -0.03552848
0.001757487 -0.03552848
0.001759087 -0.03529319
0.001760687 -0.03411675
0.001762287 -0.03388146
0.001763887 -0.03364617
0.001765487 -0.03341088
0.001767087 -0.03294031
0.001768687 -0.03364617
0.001770287 -0.03482261
0.001771887 -0.03646963
0.001773487 -0.03788135
0.001775087 -0.04046952
0.001776687 -0.04329298
0.001778287 -0.04611643
0.001779887 -0.04823402
0.001781487 -0.0505869
0.001783087 -0.05246921
0.001784687 -0.05388093
0.001786287 -0.05482208
0.001787887 -0.05576324
0.001789487 -0.0564691
0.001791087 -0.05741025
0.001792687 -0.05717496
0.001794287 -0.05788083
0.001795887 -0.05882198
0.001797487 -0.05905727
0.001799087 -0.05905727
0.001800687 -0.05999842
0.001802287 -0.06046899
0.001803887 -0.06046899
0.001805487 -0.05999842
0.001807087 -0.06023371
0.001808687 -0.06023371
0.001810287 -0.05999842
0.001811887 -0.06046899
0.001813487 -0.05999842
0.001815087 -0.06023371
0.001816687 -0.06023371
0.001818287 -0.05999842
0.001819887 -0.06070428
0.001821487 -0.06117486
0.001823087 -0.0623513
0.001824687 -0.06258659
0.001826287 -0.06329245
0.001827887 -0.06376303
0.001829487 -0.06493947
0.001831087 -0.06541004
0.001832687 -0.06517475
0.001834287 -0.06588062
0.001835887 -0.0661159
0.001837487 -0.06541004
0.001839087 -0.06517475
0.001840687 -0.06493947
0.001842287 -0.0642336
0.001843887 -0.06305716
0.001845487 -0.06282187
0.001847087 -0.06141015
0.001848687 -0.06117486
0.001850287 -0.05952784
0.001851887 -0.05905727
0.001853487 -0.05788083
0.001855087 -0.05764554
0.001856687 -0.05670439
0.001858287 -0.05670439
0.001859887 -0.05623381
0.001861487 -0.05576324
0.001863087 -0.0564691
0.001864687 -0.05623381
0.001866287 -0.05670439
0.001867887 -0.05764554
0.001869487 -0.05811612
0.001871087 -0.05929256
0.001872687 -0.05976313
0.001874287 -0.06141015
0.001875887 -0.06305716
0.001877487 -0.06352774
0.001879087 -0.06376303
0.001880687 -0.06470418
0.001882287 -0.06588062
0.001883887 -0.06658648
0.001885487 -0.06729234
0.001887087 -0.06846878
0.001888687 -0.06988051
0.001890287 -0.07105695
0.001891887 -0.07223339
0.001893487 -0.07411569
0.001895087 -0.07482156
0.001896687 -0.07623329
0.001898287 -0.07764501
0.001899887 -0.07882145
0.001901487 -0.07882145
0.001903087 -0.07999789
0.001904687 -0.07999789
0.001906287 -0.08070376
0.001907887 -0.07999789
0.001909487 -0.08023318
0.001911087 -0.08023318
0.001912687 -0.07999789
0.001914287 -0.07999789
0.001915887 -0.08093904
0.001917487 -0.08117433
0.001919087 -0.08211548
0.001920687 -0.08282135
0.001922287 -0.08423307
0.001923887 -0.08446836
0.001925487 -0.08611538
0.001927087 -0.08635067
0.001928687 -0.08682124
0.001930287 -0.08729182
0.001931887 -0.08752711
0.001933487 -0.08846826
0.001935087 -0.08846826
0.001936687 -0.08846826
0.001938287 -0.08940941
0.001939887 -0.08940941
0.001941487 -0.08987998
0.001943087 -0.08987998
0.001944687 -0.09058585
0.001946287 -0.09035056
0.001947887 -0.08987998
0.001949487 -0.0896447
0.001951087 -0.08940941
0.001952687 -0.08823297
0.001954287 -0.08776239
0.001955887 -0.08729182
0.001957487 -0.08658595
0.001959087 -0.0856448
0.001960687 -0.08517423
0.001962287 -0.08446836
0.001963887 -0.08423307
0.001965487 -0.08282135
0.001967087 -0.08235077
0.001968687 -0.08093904
0.001970287 -0.08046847
0.001971887 -0.07929203
0.001973487 -0.0778803
0.001975087 -0.07670386
0.001976687 -0.075998
0.001978287 -0.07458627
0.001979887 -0.07458627
0.001981487 -0.07364512
0.001983087 -0.07364512
0.001984687 -0.07411569
0.001986287 -0.07458627
0.001987887 -0.07482156
0.001989487 -0.07576271
0.001991087 -0.07670386
0.001992687 -0.07740972
0.001994287 -0.07835088
0.001995887 -0.07882145
0.001997487 -0.07999789
0.001999087 -0.08093904
0.002000687 -0.08093904
0.002002287 -0.08140962
0.002003887 -0.08140962
0.002005487 -0.08211548
0.002007087 -0.08164491
0.002008687 -0.08211548
0.002010287 -0.08305663
0.002011887 -0.0837625
0.002013487 -0.08352721
0.002015087 -0.08329192
0.002016687 -0.08282135
0.002018287 -0.08258606
0.002019887 -0.08164491
0.002021487 -0.08140962
0.002023087 -0.0797626
0.002024687 -0.07905674
0.002026287 -0.07858616
0.002027887 -0.07811559
0.002029487 -0.07717444
0.002031087 -0.07717444
0.002032687 -0.07693915
0.002034287 -0.07646857
0.002035887 -0.07740972
0.002037487 -0.0778803
0.002039087 -0.07811559
0.002040687 -0.07905674
0.002042287 -0.07929203
0.002043887 -0.08070376
0.002045487 -0.08093904
0.002047087 -0.0818802
0.002048687 -0.08164491
0.002050287 -0.08211548
0.002051887 -0.08235077
0.002053487 -0.0818802
0.002055087 -0.08235077
0.002056687 -0.08258606
0.002058287 -0.08258606
0.002059887 -0.08305663
0.002061487 -0.08258606
0.002063087 -0.08282135
0.002064687 -0.08258606
0.002066287 -0.08258606
0.002067887 -0.08211548
0.002069487 -0.08258606
0.002071087 -0.0818802
0.002072687 -0.08140962
0.002074287 -0.08070376
0.002075887 -0.08023318
0.002077487 -0.07952732
0.002079087 -0.07952732
0.002080687 -0.07835088
0.002082287 -0.0778803
0.002083887 -0.07717444
0.002085487 -0.07670386
0.002087087 -0.075998
0.002088687 -0.07505685
0.002090287 -0.07482156
0.002091887 -0.07293925
0.002093487 -0.0719981
0.002095087 -0.07129224
0.002096687 -0.06940994
0.002098287 -0.06893936
0.002099887 -0.06799821
0.002101487 -0.06729234
0.002103087 -0.06635119
0.002104687 -0.06564533
0.002106287 -0.06541004
0.002107887 -0.06493947
0.002109487 -0.0642336
0.002111087 -0.06446889
0.002112687 -0.06376303
0.002114287 -0.06376303
0.002115887 -0.06305716
0.002117487 -0.06352774
0.002119087 -0.06376303
0.002120687 -0.06399831
0.002122287 -0.06376303
0.002123887 -0.0642336
0.002125487 -0.0642336
0.002127087 -0.06517475
0.002128687 -0.06564533
0.002130287 -0.06564533
0.002131887 -0.06564533
0.002133487 -0.06705706
0.002135087 -0.06705706
0.002136687 -0.06729234
0.002138287 -0.06705706
0.002139887 -0.0661159
0.002141487 -0.06588062
0.002143087 -0.0661159
0.002144687 -0.06588062
0.002146287 -0.06635119
0.002147887 -0.06517475
0.002149487 -0.06635119
0.002151087 -0.06635119
0.002152687 -0.06658648
0.002154287 -0.06635119
0.002155887 -0.06729234
0.002157487 -0.06729234
0.002159087 -0.06846878
0.002160687 -0.06870407
0.002162287 -0.06917465
0.002163887 -0.06893936
0.002165487 -0.06917465
0.002167087 -0.06988051
0.002168687 -0.06940994
0.002170287 -0.06917465
0.002171887 -0.0701158
0.002173487 -0.06964522
0.002175087 -0.0701158
0.002176687 -0.06964522
0.002178287 -0.07058638
0.002179887 -0.07035109
0.002181487 -0.07035109
0.002183087 -0.06988051
0.002184687 -0.06988051
0.002186287 -0.06917465
0.002187887 -0.06893936
0.002189487 -0.06799821
0.002191087 -0.06776292
0.002192687 -0.06635119
0.002194287 -0.06588062
0.002195887 -0.0642336
0.002197487 -0.06352774
0.002199087 -0.06188072
0.002200687 -0.06117486
0.002202287 -0.05929256
0.002203887 -0.05929256
0.002205487 -0.05811612
0.002207087 -0.05788083
0.002208687 -0.05717496
0.002210287 -0.05693968
0.002211887 -0.05599852
0.002213487 -0.05623381
0.002215087 -0.05505737
0.002216687 -0.05599852
0.002218287 -0.05576324
0.002219887 -0.05576324
0.002221487 -0.05623381
0.002223087 -0.05576324
0.002224687 -0.0564691
0.002226287 -0.05693968
0.002227887 -0.05599852
0.002229487 -0.05576324
0.002231087 -0.05576324
0.002232687 -0.05529266
0.002234287 -0.0545868
0.002235887 -0.0545868
0.002237487 -0.05388093
0.002239087 -0.05364565
0.002240687 -0.05341036
0.002242287 -0.05364565
0.002243887 -0.05317507
0.002245487 -0.05341036
0.002247087 -0.05341036
0.002248687 -0.05435151
0.002250287 -0.05411622
0.002251887 -0.05529266
0.002253487 -0.05529266
0.002255087 -0.05576324
0.002256687 -0.05552795
0.002258287 -0.05529266
0.002259887 -0.05435151
0.002261487 -0.0545868
0.002263087 -0.05317507
0.002264687 -0.05270449
0.002266287 -0.05199863
0.002267887 -0.05152805
0.002269487 -0.05011633
0.002271087 -0.05082219
0.002272687 -0.04941046
0.002274287 -0.04917517
0.002275887 -0.04823402
0.002277487 -0.04893989
0.002279087 -0.04776345
0.002280687 -0.04799874
0.002282287 -0.0468223
0.002283887 -0.04658701
0.002285487 -0.04588114
0.002287087 -0.04611643
0.002288687 -0.04493999
0.002290287 -0.04611643
0.002291887 -0.04517528
0.002293487 -0.04564586
0.002295087 -0.04446942
0.002296687 -0.04564586
0.002298287 -0.04541057
0.002299887 -0.04541057
0.002301487 -0.04493999
0.002303087 -0.04541057
0.002304687 -0.04517528
0.002306287 -0.04564586
0.002307887 -0.04517528
0.002309487 -0.04517528
0.002311087 -0.04517528
0.002312687 -0.04588114
0.002314287 -0.04588114
0.002315887 -0.04658701
0.002317487 -0.04658701
0.002319087 -0.04705758
0.002320687 -0.04752816
0.002322287 -0.04752816
0.002323887 -0.04752816
0.002325487 -0.04776345
0.002327087 -0.04752816
0.002328687 -0.04729287
0.002330287 -0.0468223
0.002331887 -0.04635172
0.002333487 -0.04541057
0.002335087 -0.04517528
0.002336687 -0.04376355
0.002338287 -0.0447047
0.002339887 -0.04352826
0.002341487 -0.04376355
0.002343087 -0.04211654
0.002344687 -0.04329298
0.002346287 -0.04141067
0.002347887 -0.04211654
0.002349487 -0.04117539
0.002351087 -0.04046952
0.002352687 -0.03999895
0.002354287 -0.04023423
0.002355887 -0.03952837
0.002357487 -0.03905779
0.002359087 -0.03858722
0.002360687 -0.03858722
0.002362287 -0.03741078
0.002363887 -0.03717549
0.002365487 -0.03670492
0.002367087 -0.03576376
0.002368687 -0.03552848
0.002370287 -0.03529319
0.002371887 -0.03435204
0.002373487 -0.03411675
0.002375087 -0.03364617
0.002376687 -0.0331756
0.002378287 -0.03223444
0.002379887 -0.03129329
0.002381487 -0.03105801
0.002383087 -0.03058743
0.002384687 -0.02964628
0.002386287 -0.02964628
0.002387887 -0.02894041
0.002389487 -0.02846984
0.002391087 -0.02823455
0.002392687 -0.0272934
0.002394287 -0.02682282
0.002395887 -0.02658753
0.002397487 -0.02588167
0.002399087 -0.02564638
0.002400687 -0.02470523
0.002402287 -0.02399937
0.002403887 -0.02282293
0.002405487 -0.02258764
0.002407087 -0.0214112
0.002408687 -0.0214112
0.002410287 -0.02117591
0.002411887 -0.02070534
0.002413487 -0.02047005
0.002415087 -0.02023476
0.002416687 -0.01976419
0.002418287 -0.0195289
0.002419887 -0.01882303
0.002421487 -0.01929361
0.002423087 -0.01882303
0.002424687 -0.01835246
0.002426287 -0.01788188
0.002427887 -0.01811717
0.002429487 -0.01647015
0.002431087 -0.01717602
0.002432687 -0.01764659
0.002434287 -0.01764659
0.002435887 -0.01788188
0.002437487 -0.01811717
0.002439087 -0.01858775
0.002440687 -0.0195289
0.002442287 -0.01929361
0.002443887 -0.01999947
0.002445487 -0.02047005
0.002447087 -0.02117591
0.002448687 -0.02117591
0.002450287 -0.02282293
0.002451887 -0.02258764
0.002453487 -0.02282293
0.002455087 -0.02376408
0.002456687 -0.02376408
0.002458287 -0.02352879
0.002459887 -0.02376408
0.002461487 -0.02376408
0.002463087 -0.0232935
0.002464687 -0.02305822
0.002466287 -0.02258764
0.002467887 -0.02188178
0.002469487 -0.02164649
0.002471087 -0.02070534
0.002472687 -0.01976419
0.002474287 -0.01905832
0.002475887 -0.01835246
0.002477487 -0.01717602
0.002479087 -0.01647015
0.002480687 -0.01505843
0.002482287 -0.01435256
0.002483887 -0.01294084
0.002485487 -0.01223497
0.002487087 -0.01082324
0.002488687 -0.01011738
0.002490287 -0.008705653
0.002491887 -0.007999789
0.002493487 -0.006117486
0.002495087 -0.006117486
0.002496687 -0.005176334
0.002498287 -0.004941046
0.002499887 -0.00447047
0.002501487 -0.003999895
0.002503087 -0.003529319
0.002504687 -0.004235183
0.002506287 -0.003294031
0.002507887 -0.003999895
0.002509487 -0.003294031
0.002511087 -0.003294031
0.002512687 -0.003294031
0.002514287 -0.002588167
0.002515887 -0.002352879
0.002517487 -0.001647015
0.002519087 -0.0004705758
0.002520687 0.0004705758
0.002522287 0.001647015
0.002523887 0.002823455
0.002525487 0.004705758
0.002527087 0.005882198
0.002528687 0.007058638
0.002530287 0.007529213
0.002531887 0.008940941
0.002533487 0.009882093
0.002535087 0.009882093
0.002536687 0.01035267
0.002538287 0.01082324
0.002539887 0.01105853
0.002541487 0.01105853
0.002543087 0.01105853
0.002544687 0.01082324
0.002546287 0.01058796
0.002547887 0.01058796
0.002549487 0.01082324
0.002551087 0.01082324
0.002552687 0.01011738
0.002554287 0.01058796
0.002555887 0.009882093
0.002557487 0.009646805
0.002559087 0.01011738
0.002560687 0.01035267
0.002562287 0.01105853
0.002563887 0.01105853
0.002565487 0.0117644
0.002567087 0.01294084
0.002568687 0.01294084
0.002570287 0.01317612
0.002571887 0.0136467
0.002573487 0.01435256
0.002575087 0.01505843
0.002576687 0.01529371
0.002578287 0.015529
0.002579887 0.01599958
0.002581487 0.01647015
0.002583087 0.01670544
0.002584687 0.01670544
0.002586287 0.01811717
0.002587887 0.01811717
0.002589487 0.01905832
0.002591087 0.01905832
0.002592687 0.02023476
0.002594287 0.02023476
0.002595887 0.02023476
0.002597487 0.02047005
0.002599087 0.02070534
0.002600687 0.02070534
0.002602287 0.02117591
0.002603887 0.02094062
0.002605487 0.02094062
0.002607087 0.02117591
0.002608687 0.02164649
0.002610287 0.02164649
0.002611887 0.02235235
0.002613487 0.02211706
0.002615087 0.02282293
0.002616687 0.02305822
0.002618287 0.02352879
0.002619887 0.02446994
0.002621487 0.02470523
0.002623087 0.0254111
0.002624687 0.02564638
0.002626287 0.02588167
0.002627887 0.0272934
0.002629487 0.02752869
0.002631087 0.02823455
0.002632687 0.02894041
0.002634287 0.02964628
0.002635887 0.03129329
0.002637487 0.03176387
0.002639087 0.03223444
0.002640687 0.03341088
0.002642287 0.03364617
0.002643887 0.03458732
0.002645487 0.0350579
0.002647087 0.03552848
0.002648687 0.03599905
0.002650287 0.0369402
0.002651887 0.03717549
0.002653487 0.03811664
0.002655087 0.03858722
0.002656687 0.03976366
0.002658287 0.04070481
0.002659887 0.04141067
0.002661487 0.04235183
0.002663087 0.04352826
0.002664687 0.04493999
0.002666287 0.04611643
0.002667887 0.04729287
0.002669487 0.0487046
0.002671087 0.05011633
0.002672687 0.05152805
0.002674287 0.05223392
0.002675887 0.05317507
0.002677487 0.05388093
0.002679087 0.05505737
0.002680687 0.05576324
0.002682287 0.0564691
0.002683887 0.0564691
0.002685487 0.05788083
0.002687087 0.05811612
0.002688687 0.05882198
0.002690287 0.05741025
0.002691887 0.05764554
0.002693487 0.05717496
0.002695087 0.05693968
0.002696687 0.0564691
0.002698287 0.05599852
0.002699887 0.05482208
0.002701487 0.05411622
0.002703087 0.05317507
0.002704687 0.05317507
0.002706287 0.05223392
0.002707887 0.05199863
0.002709487 0.05082219
0.002711087 0.0505869
0.002712687 0.05035161
0.002714287 0.05011633
0.002715887 0.04964575
0.002717487 0.04917517
0.002719087 0.04893989
0.002720687 0.04917517
0.002722287 0.0487046
0.002723887 0.04846931
0.002725487 0.04917517
0.002727087 0.04964575
0.002728687 0.04893989
0.002730287 0.04941046
0.002731887 0.04988104
0.002733487 0.0505869
0.002735087 0.05105748
0.002736687 0.05199863
0.002738287 0.05199863
0.002739887 0.05223392
0.002741487 0.05293978
0.002743087 0.05341036
0.002744687 0.05364565
0.002746287 0.05411622
0.002747887 0.05435151
0.002749487 0.0545868
0.002751087 0.0545868
0.002752687 0.05505737
0.002754287 0.05505737
0.002755887 0.05576324
0.002757487 0.05482208
0.002759087 0.05599852
0.002760687 0.05505737
0.002762287 0.05599852
0.002763887 0.05552795
0.002765487 0.05599852
0.002767087 0.05599852
0.002768687 0.05670439
0.002770287 0.05670439
0.002771887 0.05788083
0.002773487 0.05788083
0.002775087 0.05929256
0.002776687 0.05929256
0.002778287 0.06070428
0.002779887 0.06188072
0.002781487 0.06258659
0.002783087 0.06305716
0.002784687 0.06399831
0.002786287 0.06399831
0.002787887 0.06470418
0.002789487 0.06541004
0.002791087 0.06588062
0.002792687 0.06517475
0.002794287 0.06588062
0.002795887 0.0661159
0.002797487 0.06658648
0.002799087 0.06705706
0.002800687 0.06682177
0.002802287 0.06752763
0.002803887 0.06776292
0.002805487 0.06776292
0.002807087 0.06799821
0.002808687 0.06799821
0.002810287 0.06776292
0.002811887 0.06776292
0.002813487 0.06846878
0.002815087 0.06776292
0.002816687 0.06799821
0.002818287 0.06705706
0.002819887 0.06776292
0.002821487 0.06776292
0.002823087 0.06776292
0.002824687 0.06799821
0.002826287 0.0682335
0.002827887 0.0682335
0.002829487 0.06964522
0.002831087 0.06964522
0.002832687 0.0701158
0.002834287 0.07035109
0.002835887 0.07105695
0.002837487 0.07105695
0.002839087 0.0719981
0.002840687 0.07223339
0.002842287 0.07340983
0.002843887 0.07340983
0.002845487 0.07411569
0.002847087 0.07435098
0.002848687 0.07505685
0.002850287 0.07458627
0.002851887 0.075998
0.002853487 0.07552742
0.002855087 0.07576271
0.002856687 0.07482156
0.002858287 0.07623329
0.002859887 0.07576271
0.002861487 0.07576271
0.002863087 0.07623329
0.002864687 0.07552742
0.002866287 0.07505685
0.002867887 0.07552742
0.002869487 0.07505685
0.002871087 0.07552742
0.002872687 0.075998
0.002874287 0.075998
0.002875887 0.07646857
0.002877487 0.07670386
0.002879087 0.07717444
0.002880687 0.07764501
0.002882287 0.07764501
0.002883887 0.07858616
0.002885487 0.07811559
0.002887087 0.07882145
0.002888687 0.07858616
0.002890287 0.07882145
0.002891887 0.07835088
0.002893487 0.07835088
0.002895087 0.07858616
0.002896687 0.07858616
0.002898287 0.07905674
0.002899887 0.07882145
0.002901487 0.07929203
0.002903087 0.07952732
0.002904687 0.07999789
0.002906287 0.0797626
0.002907887 0.07999789
0.002909487 0.08093904
0.002911087 0.07999789
0.002912687 0.08093904
0.002914287 0.08093904
0.002915887 0.08117433
0.002917487 0.08235077
0.002919087 0.08282135
0.002920687 0.08305663
0.002922287 0.08399779
0.002923887 0.08399779
0.002925487 0.08517423
0.002927087 0.08493894
0.002928687 0.08588009
0.002930287 0.08635067
0.002931887 0.08705653
0.002933487 0.08752711
0.002935087 0.08823297
0.002936687 0.08870354
0.002938287 0.08893883
0.002939887 0.08917412
0.002941487 0.08940941
0.002943087 0.08940941
0.002944687 0.08940941
0.002946287 0.08987998
0.002947887 0.09011527
0.002949487 0.09011527
0.002951087 0.08987998
0.002952687 0.09011527
0.002954287 0.0896447
0.002955887 0.08917412
0.002957487 0.08940941
0.002959087 0.0896447
0.002960687 0.08940941
0.002962287 0.08917412
0.002963887 0.08917412
0.002965487 0.08987998
0.002967087 0.09011527
0.002968687 0.09035056
0.002970287 0.09105642
0.002971887 0.091527
0.002973487 0.09199758
0.002975087 0.09270344
0.002976687 0.09387988
0.002978287 0.09387988
0.002979887 0.09482103
0.002981487 0.09529161
0.002983087 0.09599747
0.002984687 0.09623276
0.002986287 0.09717391
0.002987887 0.09787977
0.002989487 0.09858564
0.002991087 0.09858564
0.002992687 0.0992915
0.002994287 0.0992915
0.002995887 0.1007032
0.002997487 0.1004679
0.002999087 0.1011738
0.003000687 0.1009385
0.003002287 0.1011738
0.003003887 0.1018797
0.003005487 0.1016444
0.003007087 0.1016444
0.003008687 0.1016444
0.003010287 0.1014091
0.003011887 0.1018797
0.003013487 0.1009385
0.003015087 0.1009385
0.003016687 0.09999736
0.003018287 0.09999736
0.003019887 0.09976208
0.003021487 0.0992915
0.003023087 0.09858564
0.003024687 0.09882093
0.003026287 0.09835035
0.003027887 0.09858564
0.003029487 0.09787977
0.003031087 0.09835035
0.003032687 0.09882093
0.003034287 0.0992915
0.003035887 0.1002327
0.003037487 0.1004679
0.003039087 0.1014091
0.003040687 0.102115
0.003042287 0.1030561
0.003043887 0.103762
0.003045487 0.1042325
0.003047087 0.1039973
0.003048687 0.1047031
0.003050287 0.1051737
0.003051887 0.1049384
0.003053487 0.1051737
0.003055087 0.1047031
0.003056687 0.1042325
0.003058287 0.1042325
0.003059887 0.1039973
0.003061487 0.1032914
0.003063087 0.1039973
0.003064687 0.1035267
0.003066287 0.1032914
0.003067887 0.1030561
0.003069487 0.1023502
0.003071087 0.102115
0.003072687 0.102115
0.003074287 0.1025855
0.003075887 0.102115
0.003077487 0.1018797
0.003079087 0.1018797
0.003080687 0.1018797
0.003082287 0.1014091
0.003083887 0.1018797
0.003085487 0.1025855
0.003087087 0.1030561
0.003088687 0.103762
0.003090287 0.1032914
0.003091887 0.103762
0.003093487 0.1042325
0.003095087 0.1042325
0.003096687 0.1047031
0.003098287 0.1044678
0.003099887 0.1039973
0.003101487 0.1039973
0.003103087 0.103762
0.003104687 0.1042325
0.003106287 0.1039973
0.003107887 0.103762
0.003109487 0.1032914
0.003111087 0.1039973
0.003112687 0.1032914
0.003114287 0.1035267
0.003115887 0.1032914
0.003117487 0.1042325
0.003119087 0.103762
0.003120687 0.1042325
0.003122287 0.1044678
0.003123887 0.1044678
0.003125487 0.1051737
0.003127087 0.1051737
0.003128687 0.105409
0.003130287 0.1063501
0.003131887 0.1068207
0.003133487 0.1077619
0.003135087 0.1075266
0.003136687 0.1079972
0.003138287 0.1082324
0.003139887 0.108703
0.003141487 0.1091736
0.003143087 0.1094089
0.003144687 0.1091736
0.003146287 0.1091736
0.003147887 0.1082324
0.003149487 0.1094089
0.003151087 0.1089383
0.003152687 0.1082324
0.003154287 0.1077619
0.003155887 0.1084677
0.003157487 0.1077619
0.003159087 0.1072913
0.003160687 0.1065854
0.003162287 0.1056443
0.003163887 0.1056443
0.003165487 0.1047031
0.003167087 0.1039973
0.003168687 0.103762
0.003170287 0.1028208
0.003171887 0.1023502
0.003173487 0.1018797
0.003175087 0.1016444
0.003176687 0.1014091
0.003178287 0.1016444
0.003179887 0.1018797
0.003181487 0.102115
0.003183087 0.1018797
0.003184687 0.1030561
0.003186287 0.1025855
0.003187887 0.1028208
0.003189487 0.1032914
0.003191087 0.1025855
0.003192687 0.1028208
0.003194287 0.102115
0.003195887 0.1023502
0.003197487 0.1018797
0.003199087 0.1009385
0.003200687 0.1009385
0.003202287 0.09999736
0.003203887 0.09976208
0.003205487 0.09952679
0.003207087 0.09905621
0.003208687 0.09835035
0.003210287 0.09858564
0.003211887 0.09717391
0.003213487 0.09693862
0.003215087 0.09599747
0.003216687 0.09599747
0.003218287 0.09552689
0.003219887 0.09458574
0.003221487 0.09505632
0.003223087 0.09552689
0.003224687 0.09435045
0.003226287 0.09458574
0.003227887 0.09482103
0.003229487 0.09529161
0.003231087 0.09529161
0.003232687 0.09599747
0.003234287 0.09623276
0.003235887 0.09717391
0.003237487 0.09693862
0.003239087 0.0974092
0.003240687 0.09764449
0.003242287 0.09693862
0.003243887 0.09787977
0.003245487 0.09811506
0.003247087 0.09811506
0.003248687 0.09835035
0.003250287 0.09835035
0.003251887 0.09858564
0.003253487 0.09905621
0.003255087 0.09882093
0.003256687 0.09905621
0.003258287 0.0992915
0.003259887 0.09882093
0.003261487 0.09905621
0.003263087 0.09835035
0.003264687 0.09858564
0.003266287 0.09811506
0.003267887 0.09811506
0.003269487 0.09764449
0.003271087 0.09764449
0.003272687 0.09693862
0.003274287 0.0974092
0.003275887 0.09576218
0.003277487 0.09529161
0.003279087 0.09458574
0.003280687 0.09482103
0.003282287 0.09364459
0.003283887 0.09293873
0.003285487 0.09246815
0.003287087 0.09199758
0.003288687 0.09058585
0.003290287 0.09011527
0.003291887 0.08987998
0.003293487 0.08893883
0.003295087 0.08823297
0.003296687 0.08823297
0.003298287 0.08729182
0.003299887 0.08682124
0.003301487 0.08611538
0.003303087 0.0856448
0.003304687 0.08540951
0.003306287 0.08470365
0.003307887 0.08423307
0.003309487 0.08329192
0.003311087 0.08305663
0.003312687 0.08235077
0.003314287 0.08164491
0.003315887 0.08117433
0.003317487 0.08046847
0.003319087 0.0797626
0.003320687 0.07858616
0.003322287 0.07811559
0.003323887 0.07717444
0.003325487 0.07623329
0.003327087 0.07505685
0.003328687 0.07435098
0.003330287 0.07364512
0.003331887 0.07317454
0.003333487 0.0719981
0.003335087 0.07129224
0.003336687 0.07129224
0.003338287 0.07105695
0.003339887 0.07035109
0.003341487 0.06988051
0.003343087 0.06988051
0.003344687 0.06988051
0.003346287 0.06940994
0.003347887 0.06940994
0.003349487 0.06870407
0.003351087 0.06893936
0.003352687 0.0682335
0.003354287 0.06776292
0.003355887 0.06705706
0.003357487 0.06705706
0.003359087 0.06588062
0.003360687 0.06588062
0.003362287 0.06446889
0.003363887 0.0642336
0.003365487 0.06352774
0.003367087 0.06352774
0.003368687 0.06258659
0.003370287 0.06282187
0.003371887 0.0623513
0.003373487 0.0623513
0.003375087 0.06211601
0.003376687 0.06117486
0.003378287 0.06141015
0.003379887 0.06046899
0.003381487 0.06117486
0.003383087 0.06023371
0.003384687 0.06023371
0.003386287 0.05976313
0.003387887 0.05905727
0.003389487 0.05905727
0.003391087 0.0583514
0.003392687 0.05858669
0.003394287 0.05764554
0.003395887 0.05717496
0.003397487 0.05623381
0.003399087 0.05552795
0.003400687 0.05388093
0.003402287 0.05341036
0.003403887 0.05270449
0.003405487 0.05176334
0.003407087 0.05105748
0.003408687 0.05105748
0.003410287 0.05011633
0.003411887 0.04917517
0.003413487 0.04846931
0.003415087 0.04823402
0.003416687 0.04776345
0.003418287 0.04752816
0.003419887 0.04658701
0.003421487 0.04635172
0.003423087 0.04541057
0.003424687 0.04517528
0.003426287 0.04399884
0.003427887 0.04376355
0.003429487 0.04305769
0.003431087 0.04211654
0.003432687 0.04141067
0.003434287 0.04117539
0.003435887 0.04023423
0.003437487 0.03999895
0.003439087 0.03999895
0.003440687 0.03952837
0.003442287 0.03811664
0.003443887 0.03858722
0.003445487 0.03788135
0.003447087 0.03717549
0.003448687 0.03599905
0.003450287 0.03576376
0.003451887 0.03529319
0.003453487 0.0350579
0.003455087 0.03388146
0.003456687 0.03341088
0.003458287 0.03246973
0.003459887 0.03223444
0.003461487 0.03152858
0.003463087 0.03082272
0.003464687 0.02988157
0.003466287 0.02941099
0.003467887 0.02894041
0.003469487 0.02799926
0.003471087 0.02776397
0.003472687 0.0272934
0.003474287 0.02635225
0.003475887 0.0254111
0.003477487 0.02494052
0.003479087 0.02446994
0.003480687 0.02399937
0.003482287 0.02376408
0.003483887 0.02258764
0.003485487 0.02305822
0.003487087 0.02211706
0.003488687 0.02211706
0.003490287 0.02188178
0.003491887 0.02117591
0.003493487 0.02094062
0.003495087 0.02070534
0.003496687 0.02047005
0.003498287 0.02023476
0.003499887 0.01929361
0.003501487 0.01929361
0.003503087 0.01929361
0.003504687 0.01811717
0.003506287 0.01764659
0.003507887 0.01694073
0.003509487 0.01599958
0.003511087 0.01576429
0.003512687 0.01458785
0.003514287 0.01411728
0.003515887 0.01270555
0.003517487 0.01199968
0.003519087 0.01129382
0.003520687 0.01058796
0.003522287 0.009176229
0.003523887 0.007764501
0.003525487 0.007293925
0.003527087 0.005882198
0.003528687 0.005411622
0.003530287 0.00447047
0.003531887 0.004235183
0.003533487 0.003529319
0.003535087 0.002823455
0.003536687 0.002823455
0.003538287 0.002352879
0.003539887 0.001882303
0.003541487 0.0009411517
0.003543087 0.00117644
0.003544687 -0.0002352879
0.003546287 -0.0002352879
0.003547887 -0.0004705758
0.003549487 -0.0004705758
0.003551087 -0.0002352879
0.003552687 -0.00117644
0.003554287 -0.0007058638
0.003555887 -0.0009411517
0.003557487 -0.00117644
0.003559087 -0.00117644
0.003560687 -0.001647015
0.003562287 -0.002117591
0.003563887 -0.002588167
0.003565487 -0.002588167
0.003567087 -0.003294031
0.003568687 -0.003294031
0.003570287 -0.004235183
0.003571887 -0.00447047
0.003573487 -0.004941046
0.003575087 -0.00564691
0.003576687 -0.005882198
0.003578287 -0.005882198
0.003579887 -0.006117486
0.003581487 -0.006588062
0.003583087 -0.007764501
0.003584687 -0.007764501
0.003586287 -0.008470365
0.003587887 -0.008705653
0.003589487 -0.009411517
0.003591087 -0.009882093
0.003592687 -0.01129382
0.003594287 -0.01105853
0.003595887 -0.01199968
0.003597487 -0.01223497
0.003599087 -0.01341141
0.003600687 -0.0136467
0.003602287 -0.01435256
0.003603887 -0.01482314
0.003605487 -0.01529371
0.003607087 -0.01576429
0.003608687 -0.01647015
0.003610287 -0.01670544
0.003611887 -0.01788188
0.003613487 -0.01929361
0.003615087 -0.01905832
0.003616687 -0.01999947
0.003618287 -0.02070534
0.003619887 -0.02094062
0.003621487 -0.02211706
0.003623087 -0.02282293
0.003624687 -0.02352879
0.003626287 -0.02376408
0.003627887 -0.02494052
0.003629487 -0.02517581
0.003631087 -0.02588167
0.003632687 -0.02682282
0.003634287 -0.0272934
0.003635887 -0.02776397
0.003637487 -0.02846984
0.003639087 -0.02941099
0.003640687 -0.03011685
0.003642287 -0.03058743
0.003643887 -0.03152858
0.003645487 -0.03246973
0.003647087 -0.03223444
0.003648687 -0.0331756
0.003650287 -0.03341088
0.003651887 -0.03388146
0.003653487 -0.03458732
0.003655087 -0.0350579
0.003656687 -0.03599905
0.003658287 -0.03646963
0.003659887 -0.03717549
0.003661487 -0.03788135
0.003663087 -0.03882251
0.003664687 -0.03882251
0.003666287 -0.03952837
0.003667887 -0.03905779
0.003669487 -0.03976366
0.003671087 -0.04070481
0.003672687 -0.0409401
0.003674287 -0.0409401
0.003675887 -0.04211654
0.003677487 -0.04188125
0.003679087 -0.04258711
0.003680687 -0.0428224
0.003682287 -0.04376355
0.003683887 -0.04376355
0.003685487 -0.0447047
0.003687087 -0.0447047
0.003688687 -0.04588114
0.003690287 -0.04611643
0.003691887 -0.04705758
0.003693487 -0.0468223
0.003695087 -0.04776345
0.003696687 -0.04823402
0.003698287 -0.04917517
0.003699887 -0.04917517
0.003701487 -0.0505869
0.003703087 -0.05035161
0.003704687 -0.05199863
0.003706287 -0.05246921
0.003707887 -0.05341036
0.003709487 -0.05388093
0.003711087 -0.05529266
0.003712687 -0.05552795
0.003714287 -0.05693968
0.003715887 -0.05741025
0.003717487 -0.05858669
0.003719087 -0.05882198
0.003720687 -0.05952784
0.003722287 -0.06023371
0.003723887 -0.06164543
0.003725487 -0.06164543
0.003727087 -0.06282187
0.003728687 -0.06282187
0.003730287 -0.0642336
0.003731887 -0.06493947
0.003733487 -0.06517475
0.003735087 -0.06588062
0.003736687 -0.06729234
0.003738287 -0.0682335
0.003739887 -0.06870407
0.003741487 -0.06940994
0.003743087 -0.0701158
0.003744687 -0.07082166
0.003746287 -0.07129224
0.003747887 -0.07223339
0.003749487 -0.07246868
0.003751087 -0.07317454
0.003752687 -0.07411569
0.003754287 -0.07482156
0.003755887 -0.07576271
0.003757487 -0.07623329
0.003759087 -0.07717444
0.003760687 -0.07835088
0.003762287 -0.07905674
0.003763887 -0.08023318
0.003765487 -0.08117433
0.003767087 -0.08164491
0.003768687 -0.08329192
0.003770287 -0.08399779
0.003771887 -0.08540951
0.003773487 -0.08611538
0.003775087 -0.08705653
0.003776687 -0.08799768
0.003778287 -0.08940941
0.003779887 -0.08917412
0.003781487 -0.09035056
0.003783087 -0.09129171
0.003784687 -0.09223286
0.003786287 -0.09293873
0.003787887 -0.09387988
0.003789487 -0.09364459
0.003791087 -0.09458574
0.003792687 -0.09505632
0.003794287 -0.09505632
0.003795887 -0.09505632
0.003797487 -0.09576218
0.003799087 -0.09599747
0.003800687 -0.09623276
0.003802287 -0.09693862
0.003803887 -0.09717391
0.003805487 -0.0974092
0.003807087 -0.09764449
0.003808687 -0.09811506
0.003810287 -0.09905621
0.003811887 -0.09882093
0.003813487 -0.09905621
0.003815087 -0.0992915
0.003816687 -0.09976208
0.003818287 -0.09976208
0.003819887 -0.1002327
0.003821487 -0.1004679
0.003823087 -0.1009385
0.003824687 -0.1011738
0.003826287 -0.1018797
0.003827887 -0.1025855
0.003829487 -0.1028208
0.003831087 -0.1028208
0.003832687 -0.103762
0.003834287 -0.1049384
0.003835887 -0.1049384
0.003837487 -0.1056443
0.003839087 -0.1063501
0.003840687 -0.1065854
0.003842287 -0.1072913
0.003843887 -0.1077619
0.003845487 -0.1082324
0.003847087 -0.108703
0.003848687 -0.1094089
0.003850287 -0.1096442
0.003851887 -0.1098795
0.003853487 -0.1098795
0.003855087 -0.1105853
0.003856687 -0.11035
0.003858287 -0.1105853
0.003859887 -0.1108206
0.003861487 -0.1112912
0.003863087 -0.1115265
0.003864687 -0.111997
0.003866287 -0.1117618
0.003867887 -0.1122323
0.003869487 -0.111997
0.003871087 -0.1127029
0.003872687 -0.1131735
0.003874287 -0.1138794
0.003875887 -0.1141146
0.003877487 -0.1143499
0.003879087 -0.1148205
0.003880687 -0.1148205
0.003882287 -0.1157617
0.003883887 -0.1164675
0.003885487 -0.1167028
0.003887087 -0.1171734
0.003888687 -0.117644
0.003890287 -0.1185851
0.003891887 -0.1188204
0.003893487 -0.1197615
0.003895087 -0.1195263
0.003896687 -0.1204674
0.003898287 -0.1204674
0.003899887 -0.1214086
0.003901487 -0.1214086
0.003903087 -0.1218791
0.003904687 -0.1223497
0.003906287 -0.1228203
0.003907887 -0.1228203
0.003909487 -0.1230556
0.003911087 -0.1235262
0.003912687 -0.1237614
0.003914287 -0.1232909
0.003915887 -0.1237614
0.003917487 -0.1237614
0.003919087 -0.124232
0.003920687 -0.1235262
0.003922287 -0.1237614
0.003923887 -0.1237614
0.003925487 -0.1235262
0.003927087 -0.1237614
0.003928687 -0.1237614
0.003930287 -0.1237614
0.003931887 -0.1237614
0.003933487 -0.1232909
0.003935087 -0.1232909
0.003936687 -0.1232909
0.003938287 -0.1235262
0.003939887 -0.1230556
0.003941487 -0.1230556
0.003943087 -0.1235262
0.003944687 -0.1239967
0.003946287 -0.1237614
0.003947887 -0.124232
0.003949487 -0.124232
0.003951087 -0.1249379
0.003952687 -0.124232
0.003954287 -0.1247026
0.003955887 -0.1244673
0.003957487 -0.1249379
0.003959087 -0.1251732
0.003960687 -0.1254085
0.003962287 -0.1251732
0.003963887 -0.1256437
0.003965487 -0.1263496
0.003967087 -0.1265849
0.003968687 -0.1265849
0.003970287 -0.1272908
0.003971887 -0.1272908
0.003973487 -0.1277613
0.003975087 -0.1277613
0.003976687 -0.1282319
0.003978287 -0.1282319
0.003979887 -0.1282319
0.003981487 -0.1287025
0.003983087 -0.1291731
0.003984687 -0.1291731
0.003986287 -0.1294084
0.003987887 -0.1298789
0.003989487 -0.1298789
0.003991087 -0.1298789
0.003992687 -0.1301142
0.003994287 -0.1303495
0.003995887 -0.1303495
0.003997487 -0.1308201
0.003999087 -0.1308201
0.004000687 -0.1308201
0.004002287 -0.1315259
0.004003887 -0.1315259
0.004005487 -0.1312907
0.004007087 -0.1315259
0.004008687 -0.1310554
0.004010287 -0.1310554
0.004011887 -0.1312907
0.004013487 -0.1303495
0.004015087 -0.1305848
0.004016687 -0.1303495
0.004018287 -0.1303495
0.004019887 -0.1298789
0.004021487 -0.1298789
0.004023087 -0.1296436
0.004024687 -0.1298789
0.004026287 -0.1291731
0.004027887 -0.1294084
0.004029487 -0.1291731
0.004031087 -0.1287025
0.004032687 -0.1289378
0.004034287 -0.1284672
0.004035887 -0.1284672
0.004037487 -0.1279966
0.004039087 -0.1279966
0.004040687 -0.1277613
0.004042287 -0.1272908
0.004043887 -0.1275261
0.004045487 -0.1270555
0.004047087 -0.1268202
0.004048687 -0.125879
0.004050287 -0.1263496
0.004051887 -0.125879
0.004053487 -0.1254085
0.004055087 -0.1249379
0.004056687 -0.1251732
0.004058287 -0.1247026
0.004059887 -0.1249379
0.004061487 -0.1244673
0.004063087 -0.1249379
0.004064687 -0.1239967
0.004066287 -0.1244673
0.004067887 -0.124232
0.004069487 -0.1237614
0.004071087 -0.1232909
0.004072687 -0.1228203
0.004074287 -0.1221144
0.004075887 -0.1223497
0.004077487 -0.1216439
0.004079087 -0.120938
0.004080687 -0.120938
0.004082287 -0.120938
0.004083887 -0.1202321
0.004085487 -0.1197615
0.004087087 -0.119291
0.004088687 -0.1204674
0.004090287 -0.1195263
0.004091887 -0.119291
0.004093487 -0.1195263
0.004095087 -0.1195263
0.004096687 -0.1202321
0.004098287 -0.1197615
0.004099887 -0.1195263
0.004101487 -0.119291
0.004103087 -0.1197615
0.004104687 -0.1195263
0.004106287 -0.1188204
0.004107887 -0.1195263
0.004109487 -0.1190557
0.004111087 -0.1195263
0.004112687 -0.1188204
0.004114287 -0.119291
0.004115887 -0.1185851
0.004117487 -0.1188204
0.004119087 -0.1185851
0.004120687 -0.1188204
0.004122287 -0.1178792
0.004123887 -0.1181145
0.004125487 -0.117644
0.004127087 -0.1178792
0.004128687 -0.117644
0.004130287 -0.1178792
0.004131887 -0.1171734
0.004133487 -0.1169381
0.004135087 -0.1169381
0.004136687 -0.1169381
0.004138287 -0.1169381
0.004139887 -0.1162322
0.004141487 -0.1162322
0.004143087 -0.1162322
0.004144687 -0.1155264
0.004146287 -0.1155264
0.004147887 -0.1152911
0.004149487 -0.1155264
0.004151087 -0.1150558
0.004152687 -0.1152911
0.004154287 -0.1143499
0.004155887 -0.1143499
0.004157487 -0.1145852
0.004159087 -0.1145852
0.004160687 -0.1141146
0.004162287 -0.1150558
0.004163887 -0.1145852
0.004165487 -0.1141146
0.004167087 -0.1143499
0.004168687 -0.1141146
0.004170287 -0.1134088
0.004171887 -0.1129382
0.004173487 -0.1127029
0.004175087 -0.1122323
0.004176687 -0.1117618
0.004178287 -0.1110559
0.004179887 -0.1108206
0.004181487 -0.11035
0.004183087 -0.1098795
0.004184687 -0.1096442
0.004186287 -0.108703
0.004187887 -0.1084677
0.004189487 -0.1077619
0.004191087 -0.1077619
0.004192687 -0.1068207
0.004194287 -0.1063501
0.004195887 -0.1058796
0.004197487 -0.1049384
0.004199087 -0.1047031
0.004200687 -0.1044678
