LECROYWS4024HD 19320 Waveform
Segments 1 SegmentSize 3127
Segment TrigTime TimeSinceSegment1
#1 19-Jun-2024 17:00:41 0                 
Time Ampl
-0.0008000166 -0.0007058638
-0.0007984166 -0.0002352879
-0.0007968166 -0.0007058638
-0.0007952166 0
-0.0007936166 -0.0007058638
-0.0007920166 -0.0007058638
-0.0007904166 -0.0007058638
-0.0007888166 -0.0004705758
-0.0007872166 -0.0004705758
-0.0007856166 -0.0004705758
-0.0007840166 -0.0007058638
-0.0007824166 -0.0002352879
-0.0007808166 -0.0002352879
-0.0007792166 -0.0007058638
-0.0007776166 -0.0009411517
-0.0007760166 -0.0004705758
-0.0007744166 -0.0002352879
-0.0007728166 -0.0004705758
-0.0007712166 -0.0002352879
-0.0007696166 -0.0007058638
-0.0007680166 0.0002352879
-0.0007664166 -0.0004705758
-0.0007648166 -0.0004705758
-0.0007632166 -0.0007058638
-0.0007616166 -0.0004705758
-0.0007600166 -0.0004705758
-0.0007584166 -0.0007058638
-0.0007568166 -0.0002352879
-0.0007552166 -0.0004705758
-0.0007536166 -0.0002352879
-0.0007520166 -0.0002352879
-0.0007504166 0.0002352879
-0.0007488166 -0.0007058638
-0.0007472166 -0.0007058638
-0.0007456166 -0.0007058638
-0.0007440166 -0.0007058638
-0.0007424166 -0.0007058638
-0.0007408166 -0.0004705758
-0.0007392166 0
-0.0007376166 -0.0007058638
-0.0007360166 -0.0002352879
-0.0007344166 -0.0004705758
-0.0007328166 -0.0007058638
-0.0007312166 -0.0002352879
-0.0007296166 -0.0007058638
-0.0007280166 -0.0004705758
-0.0007264166 -0.0007058638
-0.0007248166 -0.0004705758
-0.0007232166 -0.0004705758
-0.0007216166 -0.0004705758
-0.0007200166 -0.0007058638
-0.0007184166 -0.0004705758
-0.0007168166 -0.0009411517
-0.0007152166 -0.0004705758
-0.0007136166 -0.0007058638
-0.0007120166 -0.0007058638
-0.0007104166 -0.0004705758
-0.0007088166 -0.0002352879
-0.0007072166 -0.0007058638
-0.0007056166 -0.0004705758
-0.0007040166 -0.0002352879
-0.0007024166 -0.0002352879
-0.0007008166 -0.0002352879
-0.0006992166 -0.0009411517
-0.0006976166 -0.0004705758
-0.0006960166 -0.0007058638
-0.0006944166 -0.0004705758
-0.0006928166 -0.0007058638
-0.0006912166 -0.0004705758
-0.0006896166 -0.0002352879
-0.0006880166 -0.0002352879
-0.0006864166 -0.0007058638
-0.0006848166 -0.0002352879
-0.0006832166 -0.0007058638
-0.0006816166 -0.0002352879
-0.0006800166 -0.0009411517
-0.0006784166 0
-0.0006768166 -0.0004705758
-0.0006752166 -0.0004705758
-0.0006736166 -0.0004705758
-0.0006720166 -0.0004705758
-0.0006704166 -0.0004705758
-0.0006688166 -0.0007058638
-0.0006672166 0
-0.0006656166 -0.0004705758
-0.0006640166 -0.0004705758
-0.0006624166 -0.0009411517
-0.0006608166 0
-0.0006592166 -0.0007058638
-0.0006576166 -0.0002352879
-0.0006560166 -0.0004705758
-0.0006544166 -0.0002352879
-0.0006528166 -0.0004705758
-0.0006512166 -0.0004705758
-0.0006496166 -0.0007058638
-0.0006480166 -0.0004705758
-0.0006464166 -0.0007058638
-0.0006448166 0
-0.0006432166 -0.0007058638
-0.0006416166 -0.0004705758
-0.0006400166 -0.0007058638
-0.0006384166 -0.0009411517
-0.0006368166 -0.0009411517
-0.0006352166 -0.0002352879
-0.0006336166 -0.0007058638
-0.0006320166 -0.0004705758
-0.0006304166 -0.0009411517
-0.0006288166 -0.0002352879
-0.0006272166 -0.0007058638
-0.0006256166 -0.0002352879
-0.0006240166 -0.0007058638
-0.0006224166 -0.0009411517
-0.0006208166 -0.0004705758
-0.0006192166 -0.0004705758
-0.0006176166 -0.0007058638
-0.0006160166 -0.0007058638
-0.0006144166 -0.0004705758
-0.0006128166 -0.0002352879
-0.0006112166 -0.0009411517
-0.0006096166 -0.0004705758
-0.0006080166 -0.0004705758
-0.0006064166 -0.0009411517
-0.0006048166 -0.0002352879
-0.0006032166 -0.0004705758
-0.0006016166 -0.0002352879
-0.0006000166 -0.0004705758
-0.0005984166 -0.0002352879
-0.0005968166 0.0002352879
-0.0005952166 -0.0007058638
-0.0005936166 -0.0002352879
-0.0005920166 -0.0007058638
-0.0005904166 0
-0.0005888166 -0.0002352879
-0.0005872166 -0.0002352879
-0.0005856166 -0.0002352879
-0.0005840166 -0.0004705758
-0.0005824166 -0.0002352879
-0.0005808166 -0.0004705758
-0.0005792166 -0.0002352879
-0.0005776166 -0.0004705758
-0.0005760166 -0.0007058638
-0.0005744166 0
-0.0005728166 -0.0002352879
-0.0005712166 -0.0007058638
-0.0005696166 -0.0002352879
-0.0005680166 -0.0007058638
-0.0005664166 -0.0004705758
-0.0005648166 -0.0004705758
-0.0005632166 -0.0002352879
-0.0005616166 -0.0007058638
-0.0005600166 -0.0002352879
-0.0005584166 -0.0009411517
-0.0005568166 -0.0004705758
-0.0005552166 -0.0002352879
-0.0005536166 -0.0009411517
-0.0005520166 -0.0004705758
-0.0005504166 -0.0002352879
-0.0005488166 0.0002352879
-0.0005472166 -0.0002352879
-0.0005456166 -0.0004705758
-0.0005440166 -0.0004705758
-0.0005424166 -0.0004705758
-0.0005408166 0.0002352879
-0.0005392166 -0.0002352879
-0.0005376166 -0.0002352879
-0.0005360166 -0.0004705758
-0.0005344166 -0.0004705758
-0.0005328166 0.0002352879
-0.0005312166 -0.0007058638
-0.0005296166 -0.0004705758
-0.0005280166 -0.0007058638
-0.0005264166 0
-0.0005248166 -0.0007058638
-0.0005232166 -0.0004705758
-0.0005216166 -0.0004705758
-0.0005200166 -0.0002352879
-0.0005184166 -0.0004705758
-0.0005168166 -0.0007058638
-0.0005152166 -0.0007058638
-0.0005136166 -0.0002352879
-0.0005120166 -0.0004705758
-0.0005104166 -0.0004705758
-0.0005088166 -0.0009411517
-0.0005072166 -0.0009411517
-0.0005056166 -0.0002352879
-0.0005040166 -0.0007058638
-0.0005024166 -0.0002352879
-0.0005008166 -0.0009411517
-0.0004992166 -0.0007058638
-0.0004976166 -0.0007058638
-0.0004960166 -0.001411728
-0.0004944166 0
-0.0004928166 -0.0007058638
-0.0004912166 -0.0007058638
-0.0004896166 -0.0004705758
-0.0004880166 0.0002352879
-0.0004864166 -0.00117644
-0.0004848166 -0.0004705758
-0.0004832166 -0.0007058638
-0.0004816166 -0.0007058638
-0.0004800166 -0.0004705758
-0.0004784166 -0.0004705758
-0.0004768166 -0.0002352879
-0.0004752166 -0.0004705758
-0.0004736166 -0.0007058638
-0.0004720166 0
-0.0004704166 -0.0002352879
-0.0004688166 -0.0004705758
-0.0004672166 -0.0002352879
-0.0004656166 -0.0007058638
-0.0004640166 0
-0.0004624166 -0.0004705758
-0.0004608166 -0.0004705758
-0.0004592166 -0.0004705758
-0.0004576166 -0.0007058638
-0.0004560166 -0.0002352879
-0.0004544166 -0.0002352879
-0.0004528166 -0.0004705758
-0.0004512166 -0.0004705758
-0.0004496166 -0.0004705758
-0.0004480166 -0.0004705758
-0.0004464166 -0.001411728
-0.0004448166 -0.0004705758
-0.0004432166 -0.0007058638
-0.0004416166 -0.0007058638
-0.0004400166 -0.0004705758
-0.0004384166 -0.00117644
-0.0004368166 -0.0007058638
-0.0004352166 -0.0007058638
-0.0004336166 -0.0004705758
-0.0004320166 -0.00117644
-0.0004304166 -0.0004705758
-0.0004288166 -0.0007058638
-0.0004272166 -0.0004705758
-0.0004256166 -0.0007058638
-0.0004240166 -0.00117644
-0.0004224166 -0.0007058638
-0.0004208166 -0.0007058638
-0.0004192166 -0.0004705758
-0.0004176166 -0.0002352879
-0.0004160166 -0.0009411517
-0.0004144166 -0.0002352879
-0.0004128166 -0.0007058638
-0.0004112166 -0.0002352879
-0.0004096166 -0.0007058638
-0.0004080166 -0.0002352879
-0.0004064166 -0.0004705758
-0.0004048166 -0.0009411517
-0.0004032166 -0.0002352879
-0.0004016166 -0.0004705758
-0.0004000166 -0.0004705758
-0.0003984166 -0.0004705758
-0.0003968166 -0.0007058638
-0.0003952166 -0.0004705758
-0.0003936166 -0.0009411517
-0.0003920166 -0.0004705758
-0.0003904166 -0.0004705758
-0.0003888166 0
-0.0003872166 -0.0007058638
-0.0003856166 -0.0002352879
-0.0003840166 -0.0007058638
-0.0003824166 0.0002352879
-0.0003808166 -0.0002352879
-0.0003792166 0
-0.0003776166 -0.0004705758
-0.0003760166 -0.0002352879
-0.0003744166 -0.0007058638
-0.0003728166 0
-0.0003712166 -0.0004705758
-0.0003696166 -0.0002352879
-0.0003680166 -0.0002352879
-0.0003664166 -0.0007058638
-0.0003648166 -0.0002352879
-0.0003632166 0
-0.0003616166 -0.0007058638
-0.0003600166 -0.0004705758
-0.0003584166 -0.0004705758
-0.0003568166 -0.0004705758
-0.0003552166 -0.0002352879
-0.0003536166 -0.0002352879
-0.0003520166 -0.0002352879
-0.0003504166 -0.0002352879
-0.0003488166 -0.0004705758
-0.0003472166 -0.0002352879
-0.0003456166 -0.0009411517
-0.0003440166 -0.0002352879
-0.0003424166 -0.0007058638
-0.0003408166 0
-0.0003392166 -0.0002352879
-0.0003376166 -0.0004705758
-0.0003360166 -0.0007058638
-0.0003344166 -0.0002352879
-0.0003328166 -0.0004705758
-0.0003312166 -0.0007058638
-0.0003296166 -0.0004705758
-0.0003280166 -0.0009411517
-0.0003264166 0
-0.0003248166 -0.0004705758
-0.0003232166 -0.0004705758
-0.0003216166 -0.0004705758
-0.0003200166 -0.0007058638
-0.0003184166 0
-0.0003168166 -0.0007058638
-0.0003152166 -0.0004705758
-0.0003136166 -0.0004705758
-0.0003120166 -0.0002352879
-0.0003104166 -0.0004705758
-0.0003088166 -0.0007058638
-0.0003072166 -0.0004705758
-0.0003056166 -0.0004705758
-0.0003040166 -0.0004705758
-0.0003024166 -0.0007058638
-0.0003008166 -0.0004705758
-0.0002992166 -0.0002352879
-0.0002976166 -0.0009411517
-0.0002960166 -0.0002352879
-0.0002944166 -0.0004705758
-0.0002928166 -0.0004705758
-0.0002912166 -0.0004705758
-0.0002896166 -0.0002352879
-0.0002880166 -0.0007058638
-0.0002864166 -0.0002352879
-0.0002848166 -0.0002352879
-0.0002832166 -0.0007058638
-0.0002816166 -0.0004705758
-0.0002800166 -0.0007058638
-0.0002784166 0
-0.0002768166 -0.0002352879
-0.0002752166 -0.0002352879
-0.0002736166 -0.0004705758
-0.0002720166 -0.0002352879
-0.0002704166 0
-0.0002688166 -0.0007058638
-0.0002672166 -0.0007058638
-0.0002656166 -0.0002352879
-0.0002640166 -0.0004705758
-0.0002624166 -0.0002352879
-0.0002608166 0
-0.0002592166 -0.0004705758
-0.0002576166 -0.0002352879
-0.0002560166 -0.0007058638
-0.0002544166 0.0002352879
-0.0002528166 -0.0009411517
-0.0002512166 -0.0009411517
-0.0002496166 -0.0004705758
-0.0002480166 -0.0007058638
-0.0002464166 -0.0004705758
-0.0002448166 -0.0007058638
-0.0002432166 -0.0004705758
-0.0002416166 -0.0007058638
-0.0002400166 -0.0007058638
-0.0002384166 -0.0002352879
-0.0002368166 -0.0004705758
-0.0002352166 -0.0002352879
-0.0002336166 -0.0007058638
-0.0002320166 -0.0002352879
-0.0002304166 -0.0009411517
-0.0002288166 -0.0007058638
-0.0002272166 -0.0004705758
-0.0002256166 -0.0004705758
-0.0002240166 -0.00117644
-0.0002224166 -0.0004705758
-0.0002208166 -0.0002352879
-0.0002192166 -0.0004705758
-0.0002176166 -0.0002352879
-0.0002160166 -0.0002352879
-0.0002144166 -0.0002352879
-0.0002128166 0.0002352879
-0.0002112166 -0.0009411517
-0.0002096166 -0.0002352879
-0.0002080166 -0.0009411517
-0.0002064166 -0.0004705758
-0.0002048166 0
-0.0002032166 -0.00117644
-0.0002016166 -0.0004705758
-0.0002000166 -0.0004705758
-0.0001984166 -0.0004705758
-0.0001968166 -0.0004705758
-0.0001952166 -0.0004705758
-0.0001936166 -0.0004705758
-0.0001920166 -0.0007058638
-0.0001904166 -0.0004705758
-0.0001888166 -0.0009411517
-0.0001872166 -0.0007058638
-0.0001856166 -0.0004705758
-0.0001840166 -0.0004705758
-0.0001824166 -0.0007058638
-0.0001808166 -0.0004705758
-0.0001792166 -0.0009411517
-0.0001776166 0
-0.0001760166 -0.0007058638
-0.0001744166 -0.0002352879
-0.0001728166 -0.0004705758
-0.0001712166 0
-0.0001696166 0
-0.0001680166 -0.0004705758
-0.0001664166 -0.0004705758
-0.0001648166 -0.0009411517
-0.0001632166 -0.0002352879
-0.0001616166 -0.0007058638
-0.0001600166 -0.0007058638
-0.0001584166 -0.0007058638
-0.0001568166 -0.0009411517
-0.0001552166 -0.0004705758
-0.0001536166 -0.00117644
-0.0001520166 -0.0004705758
-0.0001504166 -0.0007058638
-0.0001488166 -0.00117644
-0.0001472166 -0.0002352879
-0.0001456166 -0.0004705758
-0.0001440166 -0.0007058638
-0.0001424166 -0.0004705758
-0.0001408166 -0.001411728
-0.0001392166 -0.0004705758
-0.0001376166 -0.0009411517
-0.0001360166 0
-0.0001344166 -0.0007058638
-0.0001328166 -0.0004705758
-0.0001312166 -0.0007058638
-0.0001296166 -0.0004705758
-0.0001280166 -0.0007058638
-0.0001264166 -0.0004705758
-0.0001248166 -0.0004705758
-0.0001232166 -0.0009411517
-0.0001216166 -0.0002352879
-0.0001200166 -0.0009411517
-0.0001184166 -0.0004705758
-0.0001168166 -0.0004705758
-0.0001152166 -0.0004705758
-0.0001136166 -0.0004705758
-0.0001120166 -0.0007058638
-0.0001104166 -0.0004705758
-0.0001088166 -0.0004705758
-0.0001072166 -0.0007058638
-0.0001056166 -0.0004705758
-0.0001040166 -0.0007058638
-0.0001024166 -0.0002352879
-0.0001008166 -0.00117644
-9.92166e-005 -0.0002352879
-9.76166e-005 -0.0007058638
-9.60166e-005 -0.0004705758
-9.44166e-005 -0.0002352879
-9.28166e-005 -0.0009411517
-9.12166e-005 -0.0007058638
-8.96166e-005 -0.0007058638
-8.80166e-005 -0.0004705758
-8.64166e-005 0
-8.48166e-005 -0.0002352879
-8.32166e-005 -0.0004705758
-8.16166e-005 -0.0004705758
-8.00166e-005 -0.0004705758
-7.84166e-005 -0.0002352879
-7.68166e-005 -0.0004705758
-7.52166e-005 -0.0004705758
-7.36166e-005 -0.00117644
-7.20166e-005 -0.0002352879
-7.04166e-005 -0.0007058638
-6.88166e-005 -0.0002352879
-6.72166e-005 -0.0002352879
-6.56166e-005 -0.0004705758
-6.40166e-005 -0.0002352879
-6.24166e-005 -0.0007058638
-6.08166e-005 0.0002352879
-5.92166e-005 0.0002352879
-5.76166e-005 0.0009411517
-5.60166e-005 0.003529319
-5.44166e-005 0.003764607
-5.28166e-005 0.004705758
-5.12166e-005 0.0004705758
-4.96166e-005 -0.007529213
-4.80166e-005 -0.01717602
-4.64166e-005 -0.02305822
-4.48166e-005 -0.02470523
-4.32166e-005 -0.02258764
-4.16166e-005 -0.01835246
-4.00166e-005 -0.01858775
-3.84166e-005 -0.02423466
-3.68166e-005 -0.03246973
-3.52166e-005 -0.03999895
-3.36166e-005 -0.04658701
-3.20166e-005 -0.05741025
-3.04166e-005 -0.06682177
-2.88166e-005 -0.07482156
-2.72166e-005 -0.08540951
-2.56166e-005 -0.09999736
-2.40166e-005 -0.1171734
-2.24166e-005 -0.1312907
-2.08166e-005 -0.1416433
-1.92166e-005 -0.1501137
-1.76166e-005 -0.1595252
-1.60166e-005 -0.1687014
-1.44166e-005 -0.1767012
-1.28166e-005 -0.1795247
-1.12166e-005 -0.1776424
-9.6166e-006 -0.1663486
-8.0166e-006 -0.1439962
-6.4166e-006 -0.1134088
-4.8166e-006 -0.08023318
-3.2166e-006 -0.0487046
-1.6166e-006 -0.02211706
-1.66e-008 -0.0004705758
1.5834e-006 0.01247026
3.1834e-006 0.01858775
4.7834e-006 0.01976419
6.3834e-006 0.01858775
7.9834e-006 0.01623487
9.5834e-006 0.01035267
1.11834e-005 0.004235183
1.27834e-005 -0.007764501
1.43834e-005 -0.02282293
1.59834e-005 -0.0409401
1.75834e-005 -0.06023371
1.91834e-005 -0.07458627
2.07834e-005 -0.08046847
2.23834e-005 -0.0778803
2.39834e-005 -0.06917465
2.55834e-005 -0.0583514
2.71834e-005 -0.04776345
2.87834e-005 -0.04188125
3.03834e-005 -0.03788135
3.19834e-005 -0.03552848
3.35834e-005 -0.03364617
3.51834e-005 -0.03294031
3.67834e-005 -0.03199916
3.83834e-005 -0.03364617
3.99834e-005 -0.03576376
4.15834e-005 -0.03670492
4.31834e-005 -0.03764607
4.47834e-005 -0.03905779
4.63834e-005 -0.03788135
4.79834e-005 -0.03670492
4.95834e-005 -0.0350579
5.11834e-005 -0.03388146
5.27834e-005 -0.03199916
5.43834e-005 -0.03105801
5.59834e-005 -0.03223444
5.75834e-005 -0.03341088
5.91834e-005 -0.0369402
6.07834e-005 -0.03976366
6.23834e-005 -0.04141067
6.39834e-005 -0.04258711
6.55834e-005 -0.04117539
6.71834e-005 -0.04070481
6.87834e-005 -0.03976366
7.03834e-005 -0.04023423
7.19834e-005 -0.04188125
7.35834e-005 -0.04423413
7.51834e-005 -0.04635172
7.67834e-005 -0.04729287
7.83834e-005 -0.04776345
7.99834e-005 -0.04752816
8.15834e-005 -0.04423413
8.31834e-005 -0.04023423
8.47834e-005 -0.0331756
8.63834e-005 -0.02705811
8.79834e-005 -0.02117591
8.95834e-005 -0.01858775
9.11834e-005 -0.01764659
9.27834e-005 -0.01976419
9.43834e-005 -0.02211706
9.59834e-005 -0.02494052
9.75834e-005 -0.02682282
9.91834e-005 -0.02752869
0.0001007834 -0.02823455
0.0001023834 -0.03129329
0.0001039834 -0.03435204
0.0001055834 -0.03952837
0.0001071834 -0.04235183
0.0001087834 -0.04588114
0.0001103834 -0.04823402
0.0001119834 -0.05035161
0.0001135834 -0.05082219
0.0001151834 -0.05105748
0.0001167834 -0.05176334
0.0001183834 -0.05176334
0.0001199834 -0.05105748
0.0001215834 -0.05011633
0.0001231834 -0.04846931
0.0001247834 -0.04799874
0.0001263834 -0.04776345
0.0001279834 -0.04846931
0.0001295834 -0.04941046
0.0001311834 -0.0505869
0.0001327834 -0.05035161
0.0001343834 -0.04941046
0.0001359834 -0.04705758
0.0001375834 -0.04517528
0.0001391834 -0.0428224
0.0001407834 -0.04117539
0.0001423834 -0.03952837
0.0001439834 -0.04046952
0.0001455834 -0.04046952
0.0001471834 -0.04258711
0.0001487834 -0.04352826
0.0001503834 -0.0468223
0.0001519834 -0.05011633
0.0001535834 -0.05105748
0.0001551834 -0.05246921
0.0001567834 -0.05341036
0.0001583834 -0.05482208
0.0001599834 -0.05670439
0.0001615834 -0.0583514
0.0001631834 -0.05882198
0.0001647834 -0.05741025
0.0001663834 -0.05670439
0.0001679834 -0.05317507
0.0001695834 -0.05105748
0.0001711834 -0.04846931
0.0001727834 -0.04658701
0.0001743834 -0.04446942
0.0001759834 -0.04258711
0.0001775834 -0.03882251
0.0001791834 -0.03552848
0.0001807834 -0.03199916
0.0001823834 -0.02799926
0.0001839834 -0.02446994
0.0001855834 -0.02305822
0.0001871834 -0.0214112
0.0001887834 -0.02023476
0.0001903834 -0.01905832
0.0001919834 -0.0195289
0.0001935834 -0.01929361
0.0001951834 -0.01905832
0.0001967834 -0.01976419
0.0001983834 -0.0214112
0.0001999834 -0.02305822
0.0002015834 -0.02564638
0.0002031834 -0.02870513
0.0002047834 -0.03223444
0.0002063834 -0.03670492
0.0002079834 -0.04141067
0.0002095834 -0.04446942
0.0002111834 -0.04705758
0.0002127834 -0.04846931
0.0002143834 -0.04799874
0.0002159834 -0.04705758
0.0002175834 -0.04517528
0.0002191834 -0.04141067
0.0002207834 -0.0369402
0.0002223834 -0.03152858
0.0002239834 -0.02705811
0.0002255834 -0.02282293
0.0002271834 -0.0195289
0.0002287834 -0.015529
0.0002303834 -0.01223497
0.0002319834 -0.007293925
0.0002335834 -0.002352879
0.0002351834 0.001647015
0.0002367834 0.00447047
0.0002383834 0.004941046
0.0002399834 0.003999895
0.0002415834 0.001411728
0.0002431834 -0.002588167
0.0002447834 -0.004941046
0.0002463834 -0.008235077
0.0002479834 -0.009411517
0.0002495834 -0.01082324
0.0002511834 -0.01129382
0.0002527834 -0.01223497
0.0002543834 -0.01247026
0.0002559834 -0.0136467
0.0002575834 -0.01482314
0.0002591834 -0.015529
0.0002607834 -0.01529371
0.0002623834 -0.015529
0.0002639834 -0.01458785
0.0002655834 -0.01435256
0.0002671834 -0.01223497
0.0002687834 -0.01199968
0.0002703834 -0.01199968
0.0002719834 -0.01294084
0.0002735834 -0.01388199
0.0002751834 -0.01529371
0.0002767834 -0.01599958
0.0002783834 -0.01717602
0.0002799834 -0.01811717
0.0002815834 -0.02047005
0.0002831834 -0.02211706
0.0002847834 -0.02399937
0.0002863834 -0.02611696
0.0002879834 -0.0272934
0.0002895834 -0.02799926
0.0002911834 -0.0272934
0.0002927834 -0.02611696
0.0002943834 -0.02423466
0.0002959834 -0.02188178
0.0002975834 -0.02070534
0.0002991834 -0.0195289
0.0003007834 -0.01905832
0.0003023834 -0.01929361
0.0003039834 -0.02117591
0.0003055834 -0.02352879
0.0003071834 -0.02682282
0.0003087834 -0.02846984
0.0003103834 -0.03082272
0.0003119834 -0.03152858
0.0003135834 -0.03199916
0.0003151834 -0.03105801
0.0003167834 -0.02964628
0.0003183834 -0.02823455
0.0003199834 -0.02470523
0.0003215834 -0.02023476
0.0003231834 -0.01576429
0.0003247834 -0.009176229
0.0003263834 -0.004705758
0.0003279834 0.0002352879
0.0003295834 0.004705758
0.0003311834 0.008470365
0.0003327834 0.01270555
0.0003343834 0.01529371
0.0003359834 0.01764659
0.0003375834 0.01929361
0.0003391834 0.02047005
0.0003407834 0.02164649
0.0003423834 0.02211706
0.0003439834 0.02211706
0.0003455834 0.02023476
0.0003471834 0.01741131
0.0003487834 0.01388199
0.0003503834 0.008940941
0.0003519834 0.003529319
0.0003535834 -0.0002352879
0.0003551834 -0.00447047
0.0003567834 -0.006352774
0.0003583834 -0.007529213
0.0003599834 -0.007999789
0.0003615834 -0.008705653
0.0003631834 -0.008235077
0.0003647834 -0.008940941
0.0003663834 -0.009176229
0.0003679834 -0.009882093
0.0003695834 -0.009411517
0.0003711834 -0.009646805
0.0003727834 -0.009646805
0.0003743834 -0.009176229
0.0003759834 -0.008470365
0.0003775834 -0.00682335
0.0003791834 -0.005176334
0.0003807834 -0.004705758
0.0003823834 -0.00447047
0.0003839834 -0.00564691
0.0003855834 -0.006588062
0.0003871834 -0.007529213
0.0003887834 -0.00682335
0.0003903834 -0.006117486
0.0003919834 -0.00447047
0.0003935834 -0.003294031
0.0003951834 -0.0004705758
0.0003967834 0.001411728
0.0003983834 0.00447047
0.0003999834 0.007529213
0.0004015834 0.008940941
0.0004031834 0.01011738
0.0004047834 0.01105853
0.0004063834 0.01152911
0.0004079834 0.01058796
0.0004095834 0.01058796
0.0004111834 0.01105853
0.0004127834 0.01058796
0.0004143834 0.01035267
0.0004159834 0.01011738
0.0004175834 0.009411517
0.0004191834 0.008235077
0.0004207834 0.005882198
0.0004223834 0.004235183
0.0004239834 0.001647015
0.0004255834 -0.002588167
0.0004271834 -0.004235183
0.0004287834 -0.006588062
0.0004303834 -0.007058638
0.0004319834 -0.005882198
0.0004335834 -0.002352879
0.0004351834 0.00117644
0.0004367834 0.00682335
0.0004383834 0.01152911
0.0004399834 0.015529
0.0004415834 0.01882303
0.0004431834 0.02047005
0.0004447834 0.02211706
0.0004463834 0.0232935
0.0004479834 0.0232935
0.0004495834 0.02446994
0.0004511834 0.02517581
0.0004527834 0.0272934
0.0004543834 0.02894041
0.0004559834 0.03011685
0.0004575834 0.03082272
0.0004591834 0.03011685
0.0004607834 0.0291757
0.0004623834 0.02705811
0.0004639834 0.02494052
0.0004655834 0.02376408
0.0004671834 0.02258764
0.0004687834 0.02258764
0.0004703834 0.0232935
0.0004719834 0.02470523
0.0004735834 0.02494052
0.0004751834 0.02635225
0.0004767834 0.02682282
0.0004783834 0.02682282
0.0004799834 0.02682282
0.0004815834 0.02752869
0.0004831834 0.02799926
0.0004847834 0.02941099
0.0004863834 0.03176387
0.0004879834 0.03576376
0.0004895834 0.03882251
0.0004911834 0.04352826
0.0004927834 0.04729287
0.0004943834 0.04917517
0.0004959834 0.05011633
0.0004975834 0.04917517
0.0004991834 0.04776345
0.0005007834 0.04564586
0.0005023834 0.04376355
0.0005039834 0.04258711
0.0005055834 0.04117539
0.0005071834 0.04211654
0.0005087834 0.0428224
0.0005103834 0.0447047
0.0005119834 0.04705758
0.0005135834 0.04941046
0.0005151834 0.05129277
0.0005167834 0.05246921
0.0005183834 0.05341036
0.0005199834 0.05223392
0.0005215834 0.05176334
0.0005231834 0.04988104
0.0005247834 0.04846931
0.0005263834 0.04635172
0.0005279834 0.04423413
0.0005295834 0.04188125
0.0005311834 0.04070481
0.0005327834 0.04023423
0.0005343834 0.03952837
0.0005359834 0.03952837
0.0005375834 0.04023423
0.0005391834 0.0409401
0.0005407834 0.04235183
0.0005423834 0.0447047
0.0005439834 0.04658701
0.0005455834 0.04941046
0.0005471834 0.05082219
0.0005487834 0.05270449
0.0005503834 0.05270449
0.0005519834 0.05152805
0.0005535834 0.05082219
0.0005551834 0.04941046
0.0005567834 0.04658701
0.0005583834 0.04446942
0.0005599834 0.04258711
0.0005615834 0.0409401
0.0005631834 0.03764607
0.0005647834 0.0350579
0.0005663834 0.03129329
0.0005679834 0.02823455
0.0005695834 0.02564638
0.0005711834 0.02446994
0.0005727834 0.02352879
0.0005743834 0.02399937
0.0005759834 0.02470523
0.0005775834 0.02752869
0.0005791834 0.02988157
0.0005807834 0.03199916
0.0005823834 0.03435204
0.0005839834 0.03576376
0.0005855834 0.03670492
0.0005871834 0.0369402
0.0005887834 0.03599905
0.0005903834 0.03529319
0.0005919834 0.03411675
0.0005935834 0.03294031
0.0005951834 0.03152858
0.0005967834 0.03035214
0.0005983834 0.02964628
0.0005999834 0.02988157
0.0006015834 0.0291757
0.0006031834 0.02894041
0.0006047834 0.02846984
0.0006063834 0.02870513
0.0006079834 0.02823455
0.0006095834 0.02894041
0.0006111834 0.03011685
0.0006127834 0.03058743
0.0006143834 0.03152858
0.0006159834 0.03176387
0.0006175834 0.03199916
0.0006191834 0.03223444
0.0006207834 0.0331756
0.0006223834 0.03246973
0.0006239834 0.03270502
0.0006255834 0.03270502
0.0006271834 0.03152858
0.0006287834 0.03082272
0.0006303834 0.02988157
0.0006319834 0.02846984
0.0006335834 0.02705811
0.0006351834 0.02611696
0.0006367834 0.02588167
0.0006383834 0.02494052
0.0006399834 0.02564638
0.0006415834 0.02611696
0.0006431834 0.02635225
0.0006447834 0.02752869
0.0006463834 0.02752869
0.0006479834 0.02870513
0.0006495834 0.02846984
0.0006511834 0.02964628
0.0006527834 0.02988157
0.0006543834 0.03082272
0.0006559834 0.03129329
0.0006575834 0.03176387
0.0006591834 0.03129329
0.0006607834 0.03082272
0.0006623834 0.02894041
0.0006639834 0.02823455
0.0006655834 0.02658753
0.0006671834 0.0254111
0.0006687834 0.02446994
0.0006703834 0.02352879
0.0006719834 0.02188178
0.0006735834 0.02164649
0.0006751834 0.02117591
0.0006767834 0.02211706
0.0006783834 0.02282293
0.0006799834 0.02376408
0.0006815834 0.02494052
0.0006831834 0.02564638
0.0006847834 0.02588167
0.0006863834 0.02705811
0.0006879834 0.02705811
0.0006895834 0.02611696
0.0006911834 0.02517581
0.0006927834 0.02376408
0.0006943834 0.02235235
0.0006959834 0.02047005
0.0006975834 0.01929361
0.0006991834 0.01835246
0.0007007834 0.01623487
0.0007023834 0.01529371
0.0007039834 0.01388199
0.0007055834 0.01411728
0.0007071834 0.0136467
0.0007087834 0.01458785
0.0007103834 0.015529
0.0007119834 0.01694073
0.0007135834 0.01882303
0.0007151834 0.02023476
0.0007167834 0.0214112
0.0007183834 0.0232935
0.0007199834 0.02494052
0.0007215834 0.02564638
0.0007231834 0.02658753
0.0007247834 0.02776397
0.0007263834 0.02799926
0.0007279834 0.02870513
0.0007295834 0.0291757
0.0007311834 0.02964628
0.0007327834 0.02988157
0.0007343834 0.02964628
0.0007359834 0.02846984
0.0007375834 0.02799926
0.0007391834 0.02705811
0.0007407834 0.02564638
0.0007423834 0.02399937
0.0007439834 0.0232935
0.0007455834 0.02094062
0.0007471834 0.01976419
0.0007487834 0.01811717
0.0007503834 0.01811717
0.0007519834 0.01811717
0.0007535834 0.01858775
0.0007551834 0.02047005
0.0007567834 0.02188178
0.0007583834 0.0232935
0.0007599834 0.02470523
0.0007615834 0.0254111
0.0007631834 0.02635225
0.0007647834 0.02658753
0.0007663834 0.0272934
0.0007679834 0.02846984
0.0007695834 0.0291757
0.0007711834 0.02870513
0.0007727834 0.02799926
0.0007743834 0.02705811
0.0007759834 0.02494052
0.0007775834 0.02235235
0.0007791834 0.01976419
0.0007807834 0.01694073
0.0007823834 0.0136467
0.0007839834 0.01058796
0.0007855834 0.007764501
0.0007871834 0.00564691
0.0007887834 0.00447047
0.0007903834 0.004235183
0.0007919834 0.00447047
0.0007935834 0.005882198
0.0007951834 0.007058638
0.0007967834 0.008940941
0.0007983834 0.01011738
0.0007999834 0.01223497
0.0008015834 0.01458785
0.0008031834 0.01529371
0.0008047834 0.01670544
0.0008063834 0.01694073
0.0008079834 0.01811717
0.0008095834 0.01858775
0.0008111834 0.01929361
0.0008127834 0.01976419
0.0008143834 0.01929361
0.0008159834 0.01976419
0.0008175834 0.01976419
0.0008191834 0.02094062
0.0008207834 0.02094062
0.0008223834 0.02117591
0.0008239834 0.02235235
0.0008255834 0.02188178
0.0008271834 0.02235235
0.0008287834 0.02211706
0.0008303834 0.02258764
0.0008319834 0.02235235
0.0008335834 0.02188178
0.0008351834 0.02047005
0.0008367834 0.01929361
0.0008383834 0.01811717
0.0008399834 0.01647015
0.0008415834 0.01435256
0.0008431834 0.01317612
0.0008447834 0.01058796
0.0008463834 0.009176229
0.0008479834 0.007764501
0.0008495834 0.00682335
0.0008511834 0.005882198
0.0008527834 0.004705758
0.0008543834 0.004941046
0.0008559834 0.005411622
0.0008575834 0.006352774
0.0008591834 0.00682335
0.0008607834 0.008705653
0.0008623834 0.01011738
0.0008639834 0.01199968
0.0008655834 0.01294084
0.0008671834 0.01388199
0.0008687834 0.01482314
0.0008703834 0.01482314
0.0008719834 0.01482314
0.0008735834 0.01388199
0.0008751834 0.01317612
0.0008767834 0.01270555
0.0008783834 0.01129382
0.0008799834 0.01129382
0.0008815834 0.01035267
0.0008831834 0.009411517
0.0008847834 0.007764501
0.0008863834 0.00564691
0.0008879834 0.004235183
0.0008895834 0.002352879
0.0008911834 0.001411728
0.0008927834 -0.0002352879
0.0008943834 -0.002117591
0.0008959834 -0.002823455
0.0008975834 -0.003764607
0.0008991834 -0.00564691
0.0009007834 -0.006588062
0.0009023834 -0.007058638
0.0009039834 -0.007764501
0.0009055834 -0.007999789
0.0009071834 -0.00682335
0.0009087834 -0.006352774
0.0009103834 -0.004705758
0.0009119834 -0.003999895
0.0009135834 -0.001647015
0.0009151834 0.0002352879
0.0009167834 0.001882303
0.0009183834 0.003294031
0.0009199834 0.004941046
0.0009215834 0.005882198
0.0009231834 0.007293925
0.0009247834 0.008235077
0.0009263834 0.007764501
0.0009279834 0.007999789
0.0009295834 0.008235077
0.0009311834 0.007293925
0.0009327834 0.007293925
0.0009343834 0.005882198
0.0009359834 0.005176334
0.0009375834 0.003999895
0.0009391834 0.002588167
0.0009407834 0.0004705758
0.0009423834 -0.001647015
0.0009439834 -0.002823455
0.0009455834 -0.00447047
0.0009471834 -0.005411622
0.0009487834 -0.00682335
0.0009503834 -0.007293925
0.0009519834 -0.007293925
0.0009535834 -0.008470365
0.0009551834 -0.007999789
0.0009567834 -0.009411517
0.0009583834 -0.009882093
0.0009599834 -0.01105853
0.0009615834 -0.01152911
0.0009631834 -0.01270555
0.0009647834 -0.01294084
0.0009663834 -0.01270555
0.0009679834 -0.01247026
0.0009695834 -0.01199968
0.0009711834 -0.01035267
0.0009727834 -0.008940941
0.0009743834 -0.007999789
0.0009759834 -0.006117486
0.0009775834 -0.00447047
0.0009791834 -0.003058743
0.0009807834 -0.002352879
0.0009823834 -0.00117644
0.0009839834 -0.0007058638
0.0009855834 -0.001411728
0.0009871834 -0.00117644
0.0009887834 -0.001882303
0.0009903834 -0.002352879
0.0009919834 -0.00447047
0.0009935834 -0.005176334
0.0009951834 -0.007293925
0.0009967834 -0.009176229
0.0009983834 -0.01035267
0.0009999834 -0.01152911
0.001001583 -0.01223497
0.001003183 -0.01223497
0.001004783 -0.01270555
0.001006383 -0.01129382
0.001007983 -0.01035267
0.001009583 -0.008235077
0.001011183 -0.006352774
0.001012783 -0.004235183
0.001014383 -0.001882303
0.001015983 0.0009411517
0.001017583 0.002588167
0.001019183 0.004235183
0.001020783 0.00564691
0.001022383 0.007058638
0.001023983 0.007764501
0.001025583 0.008940941
0.001027183 0.009646805
0.001028783 0.01035267
0.001030383 0.01105853
0.001031983 0.01152911
0.001033583 0.01199968
0.001035183 0.0117644
0.001036783 0.0117644
0.001038383 0.01152911
0.001039983 0.01105853
0.001041583 0.01105853
0.001043183 0.01152911
0.001044783 0.0117644
0.001046383 0.01199968
0.001047983 0.01223497
0.001049583 0.01199968
0.001051183 0.01270555
0.001052783 0.0117644
0.001054383 0.01152911
0.001055983 0.01129382
0.001057583 0.01058796
0.001059183 0.01035267
0.001060783 0.01082324
0.001062383 0.01082324
0.001063983 0.01105853
0.001065583 0.01199968
0.001067183 0.01294084
0.001068783 0.01435256
0.001070383 0.01505843
0.001071983 0.01670544
0.001073583 0.01764659
0.001075183 0.01882303
0.001076783 0.0214112
0.001078383 0.02258764
0.001079983 0.02423466
0.001081583 0.02446994
0.001083183 0.02588167
0.001084783 0.02635225
0.001086383 0.02682282
0.001087983 0.0272934
0.001089583 0.02870513
0.001091183 0.02823455
0.001092783 0.02941099
0.001094383 0.0291757
0.001095983 0.02964628
0.001097583 0.0291757
0.001099183 0.02823455
0.001100783 0.02705811
0.001102383 0.02588167
0.001103983 0.02423466
0.001105583 0.02117591
0.001107183 0.01858775
0.001108783 0.01505843
0.001110383 0.01223497
0.001111983 0.009176229
0.001113583 0.007293925
0.001115183 0.004941046
0.001116783 0.003058743
0.001118383 0.002588167
0.001119983 0.001882303
0.001121583 0.0009411517
0.001123183 0.001411728
0.001124783 0.001647015
0.001126383 0.002588167
0.001127983 0.003529319
0.001129583 0.004705758
0.001131183 0.00564691
0.001132783 0.00682335
0.001134383 0.007999789
0.001135983 0.009646805
0.001137583 0.01058796
0.001139183 0.01223497
0.001140783 0.01294084
0.001142383 0.01388199
0.001143983 0.01411728
0.001145583 0.01435256
0.001147183 0.01458785
0.001148783 0.0136467
0.001150383 0.01199968
0.001151983 0.01129382
0.001153583 0.009411517
0.001155183 0.007999789
0.001156783 0.006117486
0.001158383 0.004941046
0.001159983 0.004235183
0.001161583 0.003294031
0.001163183 0.003058743
0.001164783 0.002823455
0.001166383 0.002823455
0.001167983 0.003058743
0.001169583 0.003764607
0.001171183 0.004941046
0.001172783 0.004705758
0.001174383 0.007058638
0.001175983 0.008235077
0.001177583 0.01011738
0.001179183 0.01152911
0.001180783 0.0136467
0.001182383 0.01482314
0.001183983 0.01647015
0.001185583 0.01764659
0.001187183 0.01929361
0.001188783 0.01976419
0.001190383 0.02094062
0.001191983 0.02235235
0.001193583 0.02211706
0.001195183 0.02376408
0.001196783 0.02494052
0.001198383 0.02517581
0.001199983 0.02611696
0.001201583 0.0272934
0.001203183 0.02776397
0.001204783 0.02823455
0.001206383 0.02776397
0.001207983 0.02776397
0.001209583 0.02682282
0.001211183 0.02611696
0.001212783 0.02517581
0.001214383 0.02446994
0.001215983 0.02352879
0.001217583 0.02258764
0.001219183 0.02188178
0.001220783 0.02188178
0.001222383 0.02188178
0.001223983 0.02094062
0.001225583 0.02070534
0.001227183 0.01976419
0.001228783 0.01858775
0.001230383 0.01882303
0.001231983 0.01811717
0.001233583 0.01788188
0.001235183 0.01694073
0.001236783 0.01647015
0.001238383 0.01529371
0.001239983 0.01388199
0.001241583 0.01199968
0.001243183 0.01105853
0.001244783 0.008940941
0.001246383 0.007529213
0.001247983 0.00564691
0.001249583 0.004235183
0.001251183 0.003294031
0.001252783 0.002588167
0.001254383 0.002823455
0.001255983 0.00447047
0.001257583 0.004941046
0.001259183 0.007764501
0.001260783 0.009411517
0.001262383 0.0117644
0.001263983 0.01411728
0.001265583 0.01647015
0.001267183 0.01858775
0.001268783 0.02023476
0.001270383 0.0214112
0.001271983 0.02258764
0.001273583 0.02352879
0.001275183 0.02399937
0.001276783 0.02446994
0.001278383 0.02446994
0.001279983 0.02399937
0.001281583 0.02352879
0.001283183 0.02258764
0.001284783 0.02258764
0.001286383 0.0214112
0.001287983 0.0214112
0.001289583 0.02094062
0.001291183 0.0214112
0.001292783 0.02211706
0.001294383 0.02258764
0.001295983 0.02376408
0.001297583 0.02470523
0.001299183 0.02611696
0.001300783 0.02658753
0.001302383 0.02682282
0.001303983 0.0272934
0.001305583 0.02658753
0.001307183 0.02611696
0.001308783 0.0254111
0.001310383 0.02494052
0.001311983 0.02423466
0.001313583 0.02352879
0.001315183 0.02305822
0.001316783 0.0232935
0.001318383 0.0232935
0.001319983 0.0232935
0.001321583 0.02258764
0.001323183 0.02305822
0.001324783 0.02305822
0.001326383 0.02423466
0.001327983 0.02446994
0.001329583 0.02470523
0.001331183 0.02588167
0.001332783 0.02635225
0.001334383 0.02682282
0.001335983 0.02752869
0.001337583 0.02799926
0.001339183 0.02846984
0.001340783 0.0291757
0.001342383 0.02941099
0.001343983 0.02941099
0.001345583 0.0291757
0.001347183 0.02870513
0.001348783 0.02846984
0.001350383 0.02752869
0.001351983 0.02705811
0.001353583 0.02658753
0.001355183 0.02635225
0.001356783 0.02588167
0.001358383 0.02588167
0.001359983 0.02611696
0.001361583 0.02635225
0.001363183 0.02588167
0.001364783 0.02611696
0.001366383 0.02635225
0.001367983 0.02658753
0.001369583 0.02635225
0.001371183 0.02705811
0.001372783 0.02752869
0.001374383 0.02823455
0.001375983 0.02823455
0.001377583 0.02870513
0.001379183 0.02988157
0.001380783 0.03035214
0.001382383 0.03035214
0.001383983 0.03058743
0.001385583 0.03082272
0.001387183 0.03152858
0.001388783 0.03223444
0.001390383 0.03270502
0.001391983 0.03294031
0.001393583 0.03482261
0.001395183 0.03482261
0.001396783 0.03670492
0.001398383 0.03623434
0.001399983 0.03741078
0.001401583 0.03717549
0.001403183 0.03764607
0.001404783 0.03788135
0.001406383 0.03858722
0.001407983 0.03835193
0.001409583 0.03929308
0.001411183 0.03882251
0.001412783 0.03811664
0.001414383 0.03811664
0.001415983 0.03788135
0.001417583 0.03788135
0.001419183 0.03717549
0.001420783 0.03576376
0.001422383 0.03599905
0.001423983 0.03529319
0.001425583 0.03482261
0.001427183 0.03435204
0.001428783 0.03411675
0.001430383 0.03435204
0.001431983 0.03529319
0.001433583 0.03623434
0.001435183 0.03764607
0.001436783 0.03952837
0.001438383 0.04164596
0.001439983 0.04352826
0.001441583 0.04588114
0.001443183 0.0468223
0.001444783 0.04776345
0.001446383 0.0487046
0.001447983 0.04917517
0.001449583 0.04893989
0.001451183 0.04776345
0.001452783 0.04705758
0.001454383 0.04635172
0.001455983 0.04493999
0.001457583 0.04258711
0.001459183 0.04117539
0.001460783 0.03976366
0.001462383 0.03717549
0.001463983 0.03576376
0.001465583 0.03388146
0.001467183 0.03270502
0.001468783 0.03105801
0.001470383 0.03035214
0.001471983 0.02846984
0.001473583 0.02776397
0.001475183 0.02682282
0.001476783 0.0254111
0.001478383 0.02470523
0.001479983 0.02423466
0.001481583 0.02282293
0.001483183 0.02211706
0.001484783 0.0214112
0.001486383 0.02094062
0.001487983 0.02094062
0.001489583 0.02164649
0.001491183 0.0214112
0.001492783 0.02164649
0.001494383 0.02235235
0.001495983 0.02305822
0.001497583 0.0232935
0.001499183 0.02446994
0.001500783 0.02446994
0.001502383 0.02517581
0.001503983 0.02611696
0.001505583 0.02635225
0.001507183 0.02682282
0.001508783 0.02823455
0.001510383 0.02823455
0.001511983 0.02823455
0.001513583 0.02799926
0.001515183 0.02776397
0.001516783 0.0272934
0.001518383 0.02705811
0.001519983 0.0254111
0.001521583 0.02423466
0.001523183 0.02305822
0.001524783 0.02117591
0.001526383 0.01929361
0.001527983 0.01811717
0.001529583 0.01623487
0.001531183 0.01505843
0.001532783 0.01341141
0.001534383 0.01223497
0.001535983 0.01082324
0.001537583 0.009646805
0.001539183 0.009646805
0.001540783 0.008940941
0.001542383 0.007999789
0.001543983 0.007764501
0.001545583 0.006588062
0.001547183 0.004705758
0.001548783 0.003764607
0.001550383 0.001882303
0.001551983 0
0.001553583 -0.002117591
0.001555183 -0.003764607
0.001556783 -0.004941046
0.001558383 -0.00682335
0.001559983 -0.00682335
0.001561583 -0.007293925
0.001563183 -0.007293925
0.001564783 -0.007293925
0.001566383 -0.00682335
0.001567983 -0.006352774
0.001569583 -0.00564691
0.001571183 -0.004941046
0.001572783 -0.003999895
0.001574383 -0.003294031
0.001575983 -0.003058743
0.001577583 -0.002823455
0.001579183 -0.002588167
0.001580783 -0.003294031
0.001582383 -0.004235183
0.001583983 -0.004941046
0.001585583 -0.006352774
0.001587183 -0.007999789
0.001588783 -0.008705653
0.001590383 -0.01082324
0.001591983 -0.01152911
0.001593583 -0.01341141
0.001595183 -0.0136467
0.001596783 -0.01388199
0.001598383 -0.015529
0.001599983 -0.01505843
0.001601583 -0.01482314
0.001603183 -0.01529371
0.001604783 -0.01411728
0.001606383 -0.01294084
0.001607983 -0.01341141
0.001609583 -0.01105853
0.001611183 -0.009176229
0.001612783 -0.008705653
0.001614383 -0.00682335
0.001615983 -0.00564691
0.001617583 -0.003764607
0.001619183 -0.002823455
0.001620783 -0.001411728
0.001622383 -0.0002352879
0.001623983 0.0009411517
0.001625583 0.002117591
0.001627183 0.003294031
0.001628783 0.003764607
0.001630383 0.004705758
0.001631983 0.004705758
0.001633583 0.004941046
0.001635183 0.00447047
0.001636783 0.003999895
0.001638383 0.004235183
0.001639983 0.002588167
0.001641583 0.002117591
0.001643183 0.0009411517
0.001644783 -0.0002352879
0.001646383 -0.00117644
0.001647983 -0.003058743
0.001649583 -0.00447047
0.001651183 -0.004941046
0.001652783 -0.005882198
0.001654383 -0.006117486
0.001655983 -0.007293925
0.001657583 -0.007999789
0.001659183 -0.007529213
0.001660783 -0.007999789
0.001662383 -0.008470365
0.001663983 -0.008940941
0.001665583 -0.009411517
0.001667183 -0.008940941
0.001668783 -0.008940941
0.001670383 -0.008940941
0.001671983 -0.009176229
0.001673583 -0.008940941
0.001675183 -0.008940941
0.001676783 -0.008940941
0.001678383 -0.009176229
0.001679983 -0.008470365
0.001681583 -0.007764501
0.001683183 -0.007999789
0.001684783 -0.007293925
0.001686383 -0.007293925
0.001687983 -0.007293925
0.001689583 -0.007293925
0.001691183 -0.007293925
0.001692783 -0.00682335
0.001694383 -0.006588062
0.001695983 -0.007293925
0.001697583 -0.007058638
0.001699183 -0.007764501
0.001700783 -0.007293925
0.001702383 -0.007999789
0.001703983 -0.007999789
0.001705583 -0.009176229
0.001707183 -0.009411517
0.001708783 -0.009882093
0.001710383 -0.01011738
0.001711983 -0.01082324
0.001713583 -0.01105853
0.001715183 -0.01152911
0.001716783 -0.01129382
0.001718383 -0.01199968
0.001719983 -0.0117644
0.001721583 -0.0117644
0.001723183 -0.01199968
0.001724783 -0.0117644
0.001726383 -0.01199968
0.001727983 -0.0117644
0.001729583 -0.01058796
0.001731183 -0.01082324
0.001732783 -0.01011738
0.001734383 -0.009411517
0.001735983 -0.009411517
0.001737583 -0.009882093
0.001739183 -0.009176229
0.001740783 -0.009176229
0.001742383 -0.008470365
0.001743983 -0.009176229
0.001745583 -0.008470365
0.001747183 -0.009176229
0.001748783 -0.008705653
0.001750383 -0.009882093
0.001751983 -0.01011738
0.001753583 -0.01058796
0.001755183 -0.01105853
0.001756783 -0.01199968
0.001758383 -0.0117644
0.001759983 -0.01341141
0.001761583 -0.01341141
0.001763183 -0.01411728
0.001764783 -0.01482314
0.001766383 -0.01576429
0.001767983 -0.01623487
0.001769583 -0.01717602
0.001771183 -0.01717602
0.001772783 -0.01741131
0.001774383 -0.01811717
0.001775983 -0.01835246
0.001777583 -0.01858775
0.001779183 -0.01882303
0.001780783 -0.01905832
0.001782383 -0.01929361
0.001783983 -0.01882303
0.001785583 -0.01929361
0.001787183 -0.01929361
0.001788783 -0.01999947
0.001790383 -0.01999947
0.001791983 -0.02070534
0.001793583 -0.02117591
0.001795183 -0.02211706
0.001796783 -0.02235235
0.001798383 -0.02352879
0.001799983 -0.02352879
0.001801583 -0.02446994
0.001803183 -0.02517581
0.001804783 -0.02446994
0.001806383 -0.02517581
0.001807983 -0.02611696
0.001809583 -0.02611696
0.001811183 -0.02611696
0.001812783 -0.02588167
0.001814383 -0.02588167
0.001815983 -0.02470523
0.001817583 -0.02446994
0.001819183 -0.02446994
0.001820783 -0.02305822
0.001822383 -0.02188178
0.001823983 -0.0214112
0.001825583 -0.02023476
0.001827183 -0.02023476
0.001828783 -0.01835246
0.001830383 -0.01764659
0.001831983 -0.01694073
0.001833583 -0.01576429
0.001835183 -0.01482314
0.001836783 -0.01482314
0.001838383 -0.01411728
0.001839983 -0.0136467
0.001841583 -0.01388199
0.001843183 -0.01435256
0.001844783 -0.01505843
0.001846383 -0.01599958
0.001847983 -0.01647015
0.001849583 -0.01835246
0.001851183 -0.01929361
0.001852783 -0.02117591
0.001854383 -0.02258764
0.001855983 -0.02423466
0.001857583 -0.02494052
0.001859183 -0.02682282
0.001860783 -0.02776397
0.001862383 -0.02846984
0.001863983 -0.02941099
0.001865583 -0.03011685
0.001867183 -0.03035214
0.001868783 -0.03082272
0.001870383 -0.03035214
0.001871983 -0.03105801
0.001873583 -0.03082272
0.001875183 -0.03176387
0.001876783 -0.03035214
0.001878383 -0.02988157
0.001879983 -0.02964628
0.001881583 -0.02894041
0.001883183 -0.02799926
0.001884783 -0.02752869
0.001886383 -0.02658753
0.001887983 -0.02588167
0.001889583 -0.02423466
0.001891183 -0.02376408
0.001892783 -0.02235235
0.001894383 -0.02258764
0.001895983 -0.0214112
0.001897583 -0.02070534
0.001899183 -0.02070534
0.001900783 -0.02094062
0.001902383 -0.02047005
0.001903983 -0.02117591
0.001905583 -0.02188178
0.001907183 -0.02211706
0.001908783 -0.02258764
0.001910383 -0.02352879
0.001911983 -0.02399937
0.001913583 -0.02470523
0.001915183 -0.02470523
0.001916783 -0.02564638
0.001918383 -0.02588167
0.001919983 -0.02611696
0.001921583 -0.02635225
0.001923183 -0.02682282
0.001924783 -0.02635225
0.001926383 -0.02799926
0.001927983 -0.02776397
0.001929583 -0.02776397
0.001931183 -0.02682282
0.001932783 -0.02682282
0.001934383 -0.02611696
0.001935983 -0.02611696
0.001937583 -0.02494052
0.001939183 -0.02399937
0.001940783 -0.02352879
0.001942383 -0.02211706
0.001943983 -0.02117591
0.001945583 -0.02211706
0.001947183 -0.01929361
0.001948783 -0.01905832
0.001950383 -0.01835246
0.001951983 -0.01788188
0.001953583 -0.01811717
0.001955183 -0.01858775
0.001956783 -0.01882303
0.001958383 -0.01976419
0.001959983 -0.01929361
0.001961583 -0.02070534
0.001963183 -0.02070534
0.001964783 -0.02235235
0.001966383 -0.02211706
0.001967983 -0.02258764
0.001969583 -0.02235235
0.001971183 -0.02235235
0.001972783 -0.02211706
0.001974383 -0.02188178
0.001975983 -0.02117591
0.001977583 -0.02164649
0.001979183 -0.02094062
0.001980783 -0.02117591
0.001982383 -0.02094062
0.001983983 -0.0214112
0.001985583 -0.0214112
0.001987183 -0.02258764
0.001988783 -0.02258764
0.001990383 -0.02423466
0.001991983 -0.02446994
0.001993583 -0.02588167
0.001995183 -0.02611696
0.001996783 -0.0272934
0.001998383 -0.02846984
0.001999983 -0.0291757
0.002001583 -0.02870513
0.002003183 -0.0291757
0.002004783 -0.02894041
0.002006383 -0.02870513
0.002007983 -0.02752869
0.002009583 -0.02635225
0.002011183 -0.02564638
0.002012783 -0.02423466
0.002014383 -0.02258764
0.002015983 -0.01999947
0.002017583 -0.01858775
0.002019183 -0.01741131
0.002020783 -0.01505843
0.002022383 -0.0136467
0.002023983 -0.01199968
0.002025583 -0.0117644
0.002027183 -0.01082324
0.002028783 -0.01011738
0.002030383 -0.01011738
0.002031983 -0.01011738
0.002033583 -0.01105853
0.002035183 -0.01223497
0.002036783 -0.01270555
0.002038383 -0.01388199
0.002039983 -0.01482314
0.002041583 -0.01647015
0.002043183 -0.01694073
0.002044783 -0.01788188
0.002046383 -0.01764659
0.002047983 -0.01764659
0.002049583 -0.01764659
0.002051183 -0.01835246
0.002052783 -0.01764659
0.002054383 -0.01694073
0.002055983 -0.01647015
0.002057583 -0.01647015
0.002059183 -0.015529
0.002060783 -0.01505843
0.002062383 -0.01388199
0.002063983 -0.01411728
0.002065583 -0.01294084
0.002067183 -0.01270555
0.002068783 -0.0117644
0.002070383 -0.01129382
0.002071983 -0.009882093
0.002073583 -0.009411517
0.002075183 -0.008940941
0.002076783 -0.008235077
0.002078383 -0.007058638
0.002079983 -0.007293925
0.002081583 -0.006352774
0.002083183 -0.005882198
0.002084783 -0.005411622
0.002086383 -0.006117486
0.002087983 -0.004705758
0.002089583 -0.005411622
0.002091183 -0.004705758
0.002092783 -0.005176334
0.002094383 -0.006117486
0.002095983 -0.00682335
0.002097583 -0.007058638
0.002099183 -0.008940941
0.002100783 -0.009176229
0.002102383 -0.01011738
0.002103983 -0.01105853
0.002105583 -0.01223497
0.002107183 -0.01247026
0.002108783 -0.0136467
0.002110383 -0.01411728
0.002111983 -0.01576429
0.002113583 -0.01529371
0.002115183 -0.01623487
0.002116783 -0.01623487
0.002118383 -0.01647015
0.002119983 -0.01599958
0.002121583 -0.01623487
0.002123183 -0.015529
0.002124783 -0.01529371
0.002126383 -0.01411728
0.002127983 -0.01388199
0.002129583 -0.01317612
0.002131183 -0.01247026
0.002132783 -0.01152911
0.002134383 -0.01105853
0.002135983 -0.01082324
0.002137583 -0.01105853
0.002139183 -0.01035267
0.002140783 -0.01058796
0.002142383 -0.008940941
0.002143983 -0.01011738
0.002145583 -0.008940941
0.002147183 -0.01011738
0.002148783 -0.009176229
0.002150383 -0.009411517
0.002151983 -0.009411517
0.002153583 -0.009646805
0.002155183 -0.009176229
0.002156783 -0.009411517
0.002158383 -0.008705653
0.002159983 -0.008940941
0.002161583 -0.008235077
0.002163183 -0.008705653
0.002164783 -0.008470365
0.002166383 -0.008705653
0.002167983 -0.008705653
0.002169583 -0.01011738
0.002171183 -0.01011738
0.002172783 -0.01082324
0.002174383 -0.01152911
0.002175983 -0.01223497
0.002177583 -0.01294084
0.002179183 -0.01388199
0.002180783 -0.01388199
0.002182383 -0.01529371
0.002183983 -0.015529
0.002185583 -0.01647015
0.002187183 -0.01694073
0.002188783 -0.01764659
0.002190383 -0.01741131
0.002191983 -0.01835246
0.002193583 -0.01882303
0.002195183 -0.0195289
0.002196783 -0.02023476
0.002198383 -0.02188178
0.002199983 -0.0214112
0.002201583 -0.02188178
0.002203183 -0.02164649
0.002204783 -0.02235235
0.002206383 -0.02164649
0.002207983 -0.0214112
0.002209583 -0.0214112
0.002211183 -0.02117591
0.002212783 -0.0195289
0.002214383 -0.02047005
0.002215983 -0.02023476
0.002217583 -0.01882303
0.002219183 -0.01858775
0.002220783 -0.01858775
0.002222383 -0.01835246
0.002223983 -0.01788188
0.002225583 -0.01741131
0.002227183 -0.01764659
0.002228783 -0.01788188
0.002230383 -0.01788188
0.002231983 -0.01811717
0.002233583 -0.01811717
0.002235183 -0.01835246
0.002236783 -0.01929361
0.002238383 -0.01858775
0.002239983 -0.0195289
0.002241583 -0.01905832
0.002243183 -0.01976419
0.002244783 -0.01905832
0.002246383 -0.0195289
0.002247983 -0.01929361
0.002249583 -0.01929361
0.002251183 -0.01882303
0.002252783 -0.01929361
0.002254383 -0.01858775
0.002255983 -0.01905832
0.002257583 -0.01858775
0.002259183 -0.01788188
0.002260783 -0.01764659
0.002262383 -0.01694073
0.002263983 -0.01576429
0.002265583 -0.01599958
0.002267183 -0.01505843
0.002268783 -0.01529371
0.002270383 -0.01411728
0.002271983 -0.01458785
0.002273583 -0.0136467
0.002275183 -0.01341141
0.002276783 -0.01270555
0.002278383 -0.01294084
0.002279983 -0.01247026
0.002281583 -0.01247026
0.002283183 -0.01270555
0.002284783 -0.01199968
0.002286383 -0.0117644
0.002287983 -0.01105853
0.002289583 -0.01082324
0.002291183 -0.01035267
0.002292783 -0.01011738
0.002294383 -0.01058796
0.002295983 -0.009646805
0.002297583 -0.009882093
0.002299183 -0.009882093
0.002300783 -0.009882093
0.002302383 -0.009882093
0.002303983 -0.009646805
0.002305583 -0.009646805
0.002307183 -0.009411517
0.002308783 -0.009646805
0.002310383 -0.009411517
0.002311983 -0.008705653
0.002313583 -0.008705653
0.002315183 -0.007764501
0.002316783 -0.007293925
0.002318383 -0.006588062
0.002319983 -0.005882198
0.002321583 -0.00564691
0.002323183 -0.004941046
0.002324783 -0.004235183
0.002326383 -0.004705758
0.002327983 -0.003999895
0.002329583 -0.00447047
0.002331183 -0.004235183
0.002332783 -0.004705758
0.002334383 -0.004941046
0.002335983 -0.006117486
0.002337583 -0.006352774
0.002339183 -0.005882198
0.002340783 -0.007529213
0.002342383 -0.007764501
0.002343983 -0.007764501
0.002345583 -0.008235077
0.002347183 -0.008470365
0.002348783 -0.008705653
0.002350383 -0.008705653
0.002351983 -0.007764501
0.002353583 -0.007529213
0.002355183 -0.00682335
0.002356783 -0.006117486
0.002358383 -0.006352774
0.002359983 -0.005176334
0.002361583 -0.005176334
0.002363183 -0.004705758
0.002364783 -0.004941046
0.002366383 -0.004235183
0.002367983 -0.004705758
0.002369583 -0.005176334
0.002371183 -0.00564691
0.002372783 -0.006352774
0.002374383 -0.006588062
0.002375983 -0.006588062
0.002377583 -0.00682335
0.002379183 -0.007058638
0.002380783 -0.008705653
0.002382383 -0.008235077
0.002383983 -0.008940941
0.002385583 -0.008235077
0.002387183 -0.008470365
0.002388783 -0.008705653
0.002390383 -0.009411517
0.002391983 -0.009411517
0.002393583 -0.008940941
0.002395183 -0.009176229
0.002396783 -0.009646805
0.002398383 -0.009646805
0.002399983 -0.009882093
0.002401583 -0.009646805
0.002403183 -0.009411517
0.002404783 -0.008940941
0.002406383 -0.009176229
0.002407983 -0.008940941
0.002409583 -0.008705653
0.002411183 -0.009411517
0.002412783 -0.009176229
0.002414383 -0.008705653
0.002415983 -0.009882093
0.002417583 -0.009411517
0.002419183 -0.009646805
0.002420783 -0.009646805
0.002422383 -0.01011738
0.002423983 -0.009646805
0.002425583 -0.01035267
0.002427183 -0.01011738
0.002428783 -0.01035267
0.002430383 -0.009411517
0.002431983 -0.01035267
0.002433583 -0.009646805
0.002435183 -0.009176229
0.002436783 -0.009411517
0.002438383 -0.009176229
0.002439983 -0.008470365
0.002441583 -0.007529213
0.002443183 -0.007058638
0.002444783 -0.006588062
0.002446383 -0.005411622
0.002447983 -0.00447047
0.002449583 -0.003294031
0.002451183 -0.002588167
0.002452783 -0.00117644
0.002454383 -0.0009411517
0.002455983 0.0002352879
0.002457583 0.0004705758
0.002459183 0.0007058638
0.002460783 0.0004705758
0.002462383 0.001411728
0.002463983 0.0004705758
0.002465583 0.0004705758
0.002467183 -0.0002352879
0.002468783 -0.0009411517
0.002470383 -0.002117591
0.002471983 -0.002588167
0.002473583 -0.00447047
0.002475183 -0.005176334
0.002476783 -0.006352774
0.002478383 -0.007529213
0.002479983 -0.008940941
0.002481583 -0.008940941
0.002483183 -0.009411517
0.002484783 -0.009646805
0.002486383 -0.009882093
0.002487983 -0.009882093
0.002489583 -0.01035267
0.002491183 -0.01058796
0.002492783 -0.01035267
0.002494383 -0.01035267
0.002495983 -0.01082324
0.002497583 -0.01129382
0.002499183 -0.01152911
0.002500783 -0.01152911
0.002502383 -0.01223497
0.002503983 -0.01247026
0.002505583 -0.01223497
0.002507183 -0.01247026
0.002508783 -0.0136467
0.002510383 -0.01341141
0.002511983 -0.0136467
0.002513583 -0.01341141
0.002515183 -0.01294084
0.002516783 -0.01247026
0.002518383 -0.0117644
0.002519983 -0.01129382
0.002521583 -0.01035267
0.002523183 -0.009411517
0.002524783 -0.008705653
0.002526383 -0.007529213
0.002527983 -0.007293925
0.002529583 -0.006117486
0.002531183 -0.006117486
0.002532783 -0.004941046
0.002534383 -0.005176334
0.002535983 -0.005176334
0.002537583 -0.003529319
0.002539183 -0.002588167
0.002540783 -0.002823455
0.002542383 -0.002588167
0.002543983 -0.001882303
0.002545583 -0.0007058638
0.002547183 -0.0004705758
0.002548783 0.0007058638
0.002550383 0.001411728
0.002551983 0.002352879
0.002553583 0.002588167
0.002555183 0.003999895
0.002556783 0.004705758
0.002558383 0.004705758
0.002559983 0.006117486
0.002561583 0.007529213
0.002563183 0.008470365
0.002564783 0.009646805
0.002566383 0.009646805
0.002567983 0.009882093
0.002569583 0.01011738
0.002571183 0.01105853
0.002572783 0.01129382
0.002574383 0.01152911
0.002575983 0.01199968
0.002577583 0.01199968
0.002579183 0.01247026
0.002580783 0.01223497
0.002582383 0.0117644
0.002583983 0.01152911
0.002585583 0.01105853
0.002587183 0.01152911
0.002588783 0.01082324
0.002590383 0.01105853
0.002591983 0.01035267
0.002593583 0.01105853
0.002595183 0.01058796
0.002596783 0.01035267
0.002598383 0.01011738
0.002599983 0.01011738
0.002601583 0.01011738
0.002603183 0.01082324
0.002604783 0.01105853
0.002606383 0.01341141
0.002607983 0.01152911
0.002609583 0.0117644
0.002611183 0.01152911
0.002612783 0.01152911
0.002614383 0.01105853
0.002615983 0.01082324
0.002617583 0.01082324
0.002619183 0.01058796
0.002620783 0.01035267
0.002622383 0.009882093
0.002623983 0.008940941
0.002625583 0.008705653
0.002627183 0.009176229
0.002628783 0.009176229
0.002630383 0.008470365
0.002631983 0.008940941
0.002633583 0.008470365
0.002635183 0.008940941
0.002636783 0.009176229
0.002638383 0.009882093
0.002639983 0.009646805
0.002641583 0.009882093
0.002643183 0.009176229
0.002644783 0.01035267
0.002646383 0.01035267
0.002647983 0.01082324
0.002649583 0.01105853
0.002651183 0.01129382
0.002652783 0.01152911
0.002654383 0.01199968
0.002655983 0.01223497
0.002657583 0.01152911
0.002659183 0.01199968
0.002660783 0.01199968
0.002662383 0.0117644
0.002663983 0.01247026
0.002665583 0.01270555
0.002667183 0.01294084
0.002668783 0.01294084
0.002670383 0.01341141
0.002671983 0.01388199
0.002673583 0.01482314
0.002675183 0.01435256
0.002676783 0.01670544
0.002678383 0.01505843
0.002679983 0.015529
0.002681583 0.01505843
0.002683183 0.01576429
0.002684783 0.01505843
0.002686383 0.01529371
0.002687983 0.01458785
0.002689583 0.01435256
0.002691183 0.0136467
0.002692783 0.01388199
0.002694383 0.01317612
0.002695983 0.01411728
0.002697583 0.01388199
0.002699183 0.01411728
0.002700783 0.01411728
0.002702383 0.01529371
0.002703983 0.01576429
0.002705583 0.01623487
0.002707183 0.01670544
0.002708783 0.01694073
0.002710383 0.01741131
0.002711983 0.01764659
0.002713583 0.01811717
0.002715183 0.01788188
0.002716783 0.01811717
0.002718383 0.01811717
0.002719983 0.01741131
0.002721583 0.01764659
0.002723183 0.01647015
0.002724783 0.01623487
0.002726383 0.01576429
0.002727983 0.01529371
0.002729583 0.01411728
0.002731183 0.01411728
0.002732783 0.01341141
0.002734383 0.01341141
0.002735983 0.0136467
0.002737583 0.01341141
0.002739183 0.01317612
0.002740783 0.01388199
0.002742383 0.01341141
0.002743983 0.01411728
0.002745583 0.01388199
0.002747183 0.01435256
0.002748783 0.01482314
0.002750383 0.015529
0.002751983 0.01647015
0.002753583 0.01717602
0.002755183 0.01741131
0.002756783 0.01788188
0.002758383 0.01858775
0.002759983 0.01905832
0.002761583 0.01905832
0.002763183 0.0195289
0.002764783 0.01905832
0.002766383 0.02070534
0.002767983 0.02047005
0.002769583 0.0195289
0.002771183 0.01999947
0.002772783 0.02023476
0.002774383 0.0195289
0.002775983 0.01976419
0.002777583 0.01905832
0.002779183 0.01835246
0.002780783 0.01788188
0.002782383 0.01764659
0.002783983 0.01741131
0.002785583 0.01670544
0.002787183 0.015529
0.002788783 0.015529
0.002790383 0.01411728
0.002791983 0.01411728
0.002793583 0.01317612
0.002795183 0.01270555
0.002796783 0.01129382
0.002798383 0.01105853
0.002799983 0.01011738
0.002801583 0.009176229
0.002803183 0.00682335
0.002804783 0.007999789
0.002806383 0.007058638
0.002807983 0.00682335
0.002809583 0.005411622
0.002811183 0.005176334
0.002812783 0.003999895
0.002814383 0.003764607
0.002815983 0.003764607
0.002817583 0.003764607
0.002819183 0.002588167
0.002820783 0.003058743
0.002822383 0.002823455
0.002823983 0.002823455
0.002825583 0.002117591
0.002827183 0.003058743
0.002828783 0.003529319
0.002830383 0.003999895
0.002831983 0.00447047
0.002833583 0.005176334
0.002835183 0.005882198
0.002836783 0.006352774
0.002838383 0.007529213
0.002839983 0.008470365
0.002841583 0.008470365
0.002843183 0.009176229
0.002844783 0.01011738
0.002846383 0.01035267
0.002847983 0.01035267
0.002849583 0.01082324
0.002851183 0.01129382
0.002852783 0.0117644
0.002854383 0.01152911
0.002855983 0.01247026
0.002857583 0.01199968
0.002859183 0.01270555
0.002860783 0.01223497
0.002862383 0.01294084
0.002863983 0.01223497
0.002865583 0.01270555
0.002867183 0.01223497
0.002868783 0.01199968
0.002870383 0.0117644
0.002871983 0.0117644
0.002873583 0.01247026
0.002875183 0.01011738
0.002876783 0.009882093
0.002878383 0.009646805
0.002879983 0.009176229
0.002881583 0.009411517
0.002883183 0.009646805
0.002884783 0.009411517
0.002886383 0.009882093
0.002887983 0.009646805
0.002889583 0.01058796
0.002891183 0.01129382
0.002892783 0.01223497
0.002894383 0.01270555
0.002895983 0.01294084
0.002897583 0.01458785
0.002899183 0.01411728
0.002900783 0.01435256
0.002902383 0.01388199
0.002903983 0.01435256
0.002905583 0.01411728
0.002907183 0.0136467
0.002908783 0.01317612
0.002910383 0.01223497
0.002911983 0.01105853
0.002913583 0.01082324
0.002915183 0.009882093
0.002916783 0.009646805
0.002918383 0.008705653
0.002919983 0.008235077
0.002921583 0.007999789
0.002923183 0.007529213
0.002924783 0.007293925
0.002926383 0.007058638
0.002927983 0.007058638
0.002929583 0.00682335
0.002931183 0.007293925
0.002932783 0.007529213
0.002934383 0.007058638
0.002935983 0.007058638
0.002937583 0.00682335
0.002939183 0.007764501
0.002940783 0.007058638
0.002942383 0.007529213
0.002943983 0.006588062
0.002945583 0.007293925
0.002947183 0.007764501
0.002948783 0.007999789
0.002950383 0.008470365
0.002951983 0.008705653
0.002953583 0.009646805
0.002955183 0.009411517
0.002956783 0.009646805
0.002958383 0.01058796
0.002959983 0.01082324
0.002961583 0.0117644
0.002963183 0.01199968
0.002964783 0.01270555
0.002966383 0.01247026
0.002967983 0.01388199
0.002969583 0.0136467
0.002971183 0.01435256
0.002972783 0.01505843
0.002974383 0.01529371
0.002975983 0.01482314
0.002977583 0.01529371
0.002979183 0.01458785
0.002980783 0.015529
0.002982383 0.01458785
0.002983983 0.01482314
0.002985583 0.01435256
0.002987183 0.01505843
0.002988783 0.01411728
0.002990383 0.01411728
0.002991983 0.01341141
0.002993583 0.01341141
0.002995183 0.01294084
0.002996783 0.01247026
0.002998383 0.01270555
0.002999983 0.01247026
0.003001583 0.0117644
0.003003183 0.01129382
0.003004783 0.01152911
0.003006383 0.01129382
0.003007983 0.0117644
0.003009583 0.01105853
0.003011183 0.01129382
0.003012783 0.01152911
0.003014383 0.01152911
0.003015983 0.01152911
0.003017583 0.01105853
0.003019183 0.01105853
0.003020783 0.01082324
0.003022383 0.01129382
0.003023983 0.01011738
0.003025583 0.01011738
0.003027183 0.01011738
0.003028783 0.01035267
0.003030383 0.009646805
0.003031983 0.009882093
0.003033583 0.01011738
0.003035183 0.009882093
0.003036783 0.009411517
0.003038383 0.009646805
0.003039983 0.01011738
0.003041583 0.009882093
0.003043183 0.01035267
0.003044783 0.01035267
0.003046383 0.01035267
0.003047983 0.01011738
0.003049583 0.01011738
0.003051183 0.01035267
0.003052783 0.01082324
0.003054383 0.01058796
0.003055983 0.01058796
0.003057583 0.01058796
0.003059183 0.01035267
0.003060783 0.01058796
0.003062383 0.01035267
0.003063983 0.01011738
0.003065583 0.009882093
0.003067183 0.009882093
0.003068783 0.009411517
0.003070383 0.007529213
0.003071983 0.008940941
0.003073583 0.008940941
0.003075183 0.008705653
0.003076783 0.008940941
0.003078383 0.008940941
0.003079983 0.008705653
0.003081583 0.008940941
0.003083183 0.009646805
0.003084783 0.009411517
0.003086383 0.009411517
0.003087983 0.01011738
0.003089583 0.009411517
0.003091183 0.009646805
0.003092783 0.009411517
0.003094383 0.009176229
0.003095983 0.009176229
0.003097583 0.009646805
0.003099183 0.009646805
0.003100783 0.008705653
0.003102383 0.008470365
0.003103983 0.008235077
0.003105583 0.008235077
0.003107183 0.007764501
0.003108783 0.007058638
0.003110383 0.007529213
0.003111983 0.00682335
0.003113583 0.00682335
0.003115183 0.006352774
0.003116783 0.00564691
0.003118383 0.00682335
0.003119983 0.005176334
0.003121583 0.005411622
0.003123183 0.004941046
0.003124783 0.004705758
0.003126383 0.004235183
0.003127983 0.00447047
0.003129583 0.003764607
0.003131183 0.003764607
0.003132783 0.003764607
0.003134383 0.003294031
0.003135983 0.002823455
0.003137583 0.003294031
0.003139183 0.003058743
0.003140783 0.004705758
0.003142383 0.003529319
0.003143983 0.003999895
0.003145583 0.003999895
0.003147183 0.004235183
0.003148783 0.004705758
0.003150383 0.004705758
0.003151983 0.005176334
0.003153583 0.005176334
0.003155183 0.00564691
0.003156783 0.006117486
0.003158383 0.006588062
0.003159983 0.00682335
0.003161583 0.007529213
0.003163183 0.008235077
0.003164783 0.008235077
0.003166383 0.007999789
0.003167983 0.008235077
0.003169583 0.008470365
0.003171183 0.008940941
0.003172783 0.008705653
0.003174383 0.008705653
0.003175983 0.009411517
0.003177583 0.009176229
0.003179183 0.009646805
0.003180783 0.008940941
0.003182383 0.009646805
0.003183983 0.008940941
0.003185583 0.009411517
0.003187183 0.009411517
0.003188783 0.009411517
0.003190383 0.009176229
0.003191983 0.008940941
0.003193583 0.008940941
0.003195183 0.009176229
0.003196783 0.008705653
0.003198383 0.008940941
0.003199983 0.008705653
0.003201583 0.01011738
0.003203183 0.009882093
0.003204783 0.009646805
0.003206383 0.01035267
0.003207983 0.01082324
0.003209583 0.01129382
0.003211183 0.01294084
0.003212783 0.01247026
0.003214383 0.01341141
0.003215983 0.01388199
0.003217583 0.01505843
0.003219183 0.01529371
0.003220783 0.01576429
0.003222383 0.01623487
0.003223983 0.01647015
0.003225583 0.01717602
0.003227183 0.01788188
0.003228783 0.01717602
0.003230383 0.01788188
0.003231983 0.01835246
0.003233583 0.01929361
0.003235183 0.01905832
0.003236783 0.0195289
0.003238383 0.0195289
0.003239983 0.02047005
0.003241583 0.02094062
0.003243183 0.02117591
0.003244783 0.02164649
0.003246383 0.02211706
0.003247983 0.02282293
0.003249583 0.02305822
0.003251183 0.02376408
0.003252783 0.02399937
0.003254383 0.02352879
0.003255983 0.02423466
0.003257583 0.02376408
0.003259183 0.02423466
0.003260783 0.0232935
0.003262383 0.02399937
0.003263983 0.0232935
0.003265583 0.0232935
0.003267183 0.02352879
0.003268783 0.02235235
0.003270383 0.02164649
0.003271983 0.02164649
0.003273583 0.02164649
0.003275183 0.0214112
0.003276783 0.02164649
0.003278383 0.02188178
0.003279983 0.02188178
0.003281583 0.0214112
0.003283183 0.0214112
0.003284783 0.02188178
0.003286383 0.02117591
0.003287983 0.02188178
0.003289583 0.02070534
0.003291183 0.02070534
0.003292783 0.02047005
0.003294383 0.0195289
0.003295983 0.01905832
0.003297583 0.01882303
0.003299183 0.01788188
0.003300783 0.01764659
0.003302383 0.01670544
0.003303983 0.01576429
0.003305583 0.01482314
0.003307183 0.01435256
0.003308783 0.01317612
0.003310383 0.01247026
0.003311983 0.01223497
0.003313583 0.01129382
0.003315183 0.01035267
0.003316783 0.01011738
0.003318383 0.008940941
0.003319983 0.009411517
0.003321583 0.008470365
0.003323183 0.008235077
0.003324783 0.007529213
0.003326383 0.007293925
0.003327983 0.00682335
0.003329583 0.005882198
0.003331183 0.005882198
0.003332783 0.005411622
0.003334383 0.00564691
0.003335983 0.004941046
0.003337583 0.003058743
0.003339183 0.00447047
0.003340783 0.004235183
0.003342383 0.00447047
0.003343983 0.003764607
0.003345583 0.003999895
0.003347183 0.003294031
0.003348783 0.003294031
0.003350383 0.003294031
0.003351983 0.003058743
0.003353583 0.003529319
0.003355183 0.003529319
0.003356783 0.003529319
0.003358383 0.003529319
0.003359983 0.003529319
0.003361583 0.004235183
0.003363183 0.004941046
0.003364783 0.004705758
0.003366383 0.00447047
0.003367983 0.005176334
0.003369583 0.005176334
0.003371183 0.00447047
0.003372783 0.005411622
0.003374383 0.005411622
0.003375983 0.005176334
0.003377583 0.004941046
0.003379183 0.004941046
0.003380783 0.004705758
0.003382383 0.00447047
0.003383983 0.005176334
0.003385583 0.003999895
0.003387183 0.003999895
0.003388783 0.004235183
0.003390383 0.004235183
0.003391983 0.003999895
0.003393583 0.003999895
0.003395183 0.003999895
0.003396783 0.003999895
0.003398383 0.003294031
0.003399983 0.003294031
0.003401583 0.003294031
0.003403183 0.003529319
0.003404783 0.002352879
0.003406383 0.002352879
0.003407983 0.002823455
0.003409583 0.001411728
0.003411183 0.00117644
0.003412783 0.0002352879
0.003414383 -0.0002352879
0.003415983 0.0002352879
0.003417583 -0.0009411517
0.003419183 -0.001882303
0.003420783 -0.002352879
0.003422383 -0.001882303
0.003423983 -0.002352879
0.003425583 -0.002823455
0.003427183 -0.003529319
0.003428783 -0.004235183
0.003430383 -0.004705758
0.003431983 -0.004941046
0.003433583 -0.004941046
0.003435183 -0.004941046
0.003436783 -0.005411622
0.003438383 -0.005411622
0.003439983 -0.005882198
0.003441583 -0.00564691
0.003443183 -0.00682335
0.003444783 -0.00682335
0.003446383 -0.007293925
0.003447983 -0.007529213
0.003449583 -0.007764501
0.003451183 -0.008470365
0.003452783 -0.009176229
0.003454383 -0.009176229
0.003455983 -0.01035267
0.003457583 -0.01011738
0.003459183 -0.01152911
0.003460783 -0.01082324
0.003462383 -0.01082324
0.003463983 -0.007764501
0.003465583 -0.008940941
0.003467183 -0.008705653
0.003468783 -0.008940941
0.003470383 -0.009646805
0.003471983 -0.009882093
0.003473583 -0.01129382
0.003475183 -0.01152911
0.003476783 -0.0117644
0.003478383 -0.01223497
0.003479983 -0.01223497
0.003481583 -0.01247026
0.003483183 -0.0136467
0.003484783 -0.01411728
0.003486383 -0.01529371
0.003487983 -0.01505843
0.003489583 -0.015529
0.003491183 -0.01435256
0.003492783 -0.01411728
0.003494383 -0.01458785
0.003495983 -0.01388199
0.003497583 -0.01435256
0.003499183 -0.01458785
0.003500783 -0.01458785
0.003502383 -0.01411728
0.003503983 -0.01458785
0.003505583 -0.01482314
0.003507183 -0.01435256
0.003508783 -0.01341141
0.003510383 -0.0136467
0.003511983 -0.01317612
0.003513583 -0.01270555
0.003515183 -0.01247026
0.003516783 -0.01247026
0.003518383 -0.01129382
0.003519983 -0.01105853
0.003521583 -0.009882093
0.003523183 -0.009646805
0.003524783 -0.009411517
0.003526383 -0.008940941
0.003527983 -0.008470365
0.003529583 -0.007529213
0.003531183 -0.007058638
0.003532783 -0.006352774
0.003534383 -0.00682335
0.003535983 -0.005176334
0.003537583 -0.005176334
0.003539183 -0.005411622
0.003540783 -0.00447047
0.003542383 -0.004705758
0.003543983 -0.003764607
0.003545583 -0.003529319
0.003547183 -0.003294031
0.003548783 -0.002352879
0.003550383 -0.002823455
0.003551983 -0.002588167
0.003553583 -0.001647015
0.003555183 -0.002352879
0.003556783 -0.00117644
0.003558383 -0.0009411517
0.003559983 -0.0009411517
0.003561583 -0.0009411517
0.003563183 -0.0004705758
0.003564783 -0.00117644
0.003566383 -0.0009411517
0.003567983 -0.001411728
0.003569583 -0.001647015
0.003571183 -0.002117591
0.003572783 -0.002117591
0.003574383 -0.002588167
0.003575983 -0.002823455
0.003577583 -0.003529319
0.003579183 -0.003058743
0.003580783 -0.003058743
0.003582383 -0.003058743
0.003583983 -0.003058743
0.003585583 -0.003294031
0.003587183 -0.002588167
0.003588783 -0.002823455
0.003590383 -0.002588167
0.003591983 -0.002117591
0.003593583 -0.002588167
0.003595183 -0.001647015
0.003596783 -0.001647015
0.003598383 -0.00117644
0.003599983 -0.001411728
0.003601583 -0.0009411517
0.003603183 -0.001647015
0.003604783 -0.002352879
0.003606383 -0.001411728
0.003607983 -0.001647015
0.003609583 -0.001647015
0.003611183 -0.002117591
0.003612783 -0.002117591
0.003614383 -0.002352879
0.003615983 -0.003058743
0.003617583 -0.003058743
0.003619183 -0.003999895
0.003620783 -0.00447047
0.003622383 -0.004941046
0.003623983 -0.004705758
0.003625583 -0.004941046
0.003627183 -0.00564691
0.003628783 -0.005882198
0.003630383 -0.005882198
0.003631983 -0.006117486
0.003633583 -0.005882198
0.003635183 -0.006588062
0.003636783 -0.006352774
0.003638383 -0.00682335
0.003639983 -0.006588062
0.003641583 -0.006588062
0.003643183 -0.00682335
0.003644783 -0.007764501
0.003646383 -0.007293925
0.003647983 -0.007999789
0.003649583 -0.007999789
0.003651183 -0.007764501
0.003652783 -0.007293925
0.003654383 -0.007999789
0.003655983 -0.007529213
0.003657583 -0.008235077
0.003659183 -0.007764501
0.003660783 -0.007529213
0.003662383 -0.007764501
0.003663983 -0.007293925
0.003665583 -0.007764501
0.003667183 -0.007529213
0.003668783 -0.007293925
0.003670383 -0.007058638
0.003671983 -0.007293925
0.003673583 -0.007529213
0.003675183 -0.006352774
0.003676783 -0.007764501
0.003678383 -0.007058638
0.003679983 -0.008470365
0.003681583 -0.008235077
0.003683183 -0.007529213
0.003684783 -0.008705653
0.003686383 -0.008940941
0.003687983 -0.008470365
0.003689583 -0.008705653
0.003691183 -0.008470365
0.003692783 -0.008470365
0.003694383 -0.008235077
0.003695983 -0.009176229
0.003697583 -0.008470365
0.003699183 -0.008940941
0.003700783 -0.008235077
0.003702383 -0.008705653
0.003703983 -0.007293925
0.003705583 -0.007999789
0.003707183 -0.007999789
0.003708783 -0.00682335
0.003710383 -0.007058638
0.003711983 -0.00682335
0.003713583 -0.006352774
0.003715183 -0.006588062
0.003716783 -0.006117486
0.003718383 -0.006117486
0.003719983 -0.00682335
0.003721583 -0.006352774
0.003723183 -0.005882198
0.003724783 -0.006117486
0.003726383 -0.006117486
0.003727983 -0.00682335
0.003729583 -0.00682335
0.003731183 -0.004705758
0.003732783 -0.006352774
0.003734383 -0.007058638
0.003735983 -0.00682335
0.003737583 -0.007999789
0.003739183 -0.007764501
0.003740783 -0.007999789
0.003742383 -0.008705653
0.003743983 -0.009411517
0.003745583 -0.009176229
0.003747183 -0.009646805
0.003748783 -0.01035267
0.003750383 -0.01058796
0.003751983 -0.01082324
0.003753583 -0.01129382
0.003755183 -0.0117644
0.003756783 -0.01317612
0.003758383 -0.01270555
0.003759983 -0.01341141
0.003761583 -0.01411728
0.003763183 -0.01411728
0.003764783 -0.01458785
0.003766383 -0.01482314
0.003767983 -0.01529371
0.003769583 -0.01529371
0.003771183 -0.015529
0.003772783 -0.01599958
0.003774383 -0.01623487
0.003775983 -0.01717602
0.003777583 -0.01717602
0.003779183 -0.01764659
0.003780783 -0.01835246
0.003782383 -0.01882303
0.003783983 -0.01905832
0.003785583 -0.0195289
0.003787183 -0.02047005
0.003788783 -0.01999947
0.003790383 -0.02070534
0.003791983 -0.02094062
0.003793583 -0.02094062
0.003795183 -0.02164649
0.003796783 -0.02164649
0.003798383 -0.02258764
0.003799983 -0.02211706
0.003801583 -0.02446994
0.003803183 -0.02282293
0.003804783 -0.0232935
0.003806383 -0.02376408
0.003807983 -0.02376408
0.003809583 -0.0232935
0.003811183 -0.02399937
0.003812783 -0.02399937
0.003814383 -0.02446994
0.003815983 -0.02376408
0.003817583 -0.02376408
0.003819183 -0.02376408
0.003820783 -0.02399937
0.003822383 -0.0232935
0.003823983 -0.02423466
0.003825583 -0.02376408
0.003827183 -0.0232935
0.003828783 -0.02235235
0.003830383 -0.02164649
0.003831983 -0.02164649
0.003833583 -0.0214112
0.003835183 -0.02047005
0.003836783 -0.02023476
0.003838383 -0.01858775
0.003839983 -0.01858775
0.003841583 -0.01741131
0.003843183 -0.01717602
0.003844783 -0.01647015
0.003846383 -0.01576429
0.003847983 -0.01505843
0.003849583 -0.01458785
0.003851183 -0.01411728
0.003852783 -0.01411728
0.003854383 -0.01270555
0.003855983 -0.01294084
0.003857583 -0.01223497
0.003859183 -0.01223497
0.003860783 -0.01223497
0.003862383 -0.01152911
0.003863983 -0.0117644
0.003865583 -0.01152911
0.003867183 -0.01129382
0.003868783 -0.01152911
0.003870383 -0.01152911
0.003871983 -0.01082324
0.003873583 -0.0117644
0.003875183 -0.01223497
0.003876783 -0.01270555
0.003878383 -0.01270555
0.003879983 -0.01270555
0.003881583 -0.0136467
0.003883183 -0.01270555
0.003884783 -0.01294084
0.003886383 -0.01270555
0.003887983 -0.01270555
0.003889583 -0.01223497
0.003891183 -0.01199968
0.003892783 -0.0117644
0.003894383 -0.01199968
0.003895983 -0.01129382
0.003897583 -0.01199968
0.003899183 -0.01058796
0.003900783 -0.01058796
0.003902383 -0.009882093
0.003903983 -0.01011738
0.003905583 -0.009411517
0.003907183 -0.009411517
0.003908783 -0.008940941
0.003910383 -0.008235077
0.003911983 -0.008470365
0.003913583 -0.008235077
0.003915183 -0.007764501
0.003916783 -0.008235077
0.003918383 -0.007764501
0.003919983 -0.008235077
0.003921583 -0.007764501
0.003923183 -0.008470365
0.003924783 -0.007764501
0.003926383 -0.007999789
0.003927983 -0.007529213
0.003929583 -0.007764501
0.003931183 -0.007999789
0.003932783 -0.008470365
0.003934383 -0.008705653
0.003935983 -0.009176229
0.003937583 -0.008705653
0.003939183 -0.009411517
0.003940783 -0.008705653
0.003942383 -0.008940941
0.003943983 -0.008940941
0.003945583 -0.008940941
0.003947183 -0.009646805
0.003948783 -0.008940941
0.003950383 -0.009411517
0.003951983 -0.008705653
0.003953583 -0.008940941
0.003955183 -0.009882093
0.003956783 -0.008705653
0.003958383 -0.009411517
0.003959983 -0.008705653
0.003961583 -0.009176229
0.003963183 -0.009176229
0.003964783 -0.008940941
0.003966383 -0.009411517
0.003967983 -0.009882093
0.003969583 -0.009882093
0.003971183 -0.01035267
0.003972783 -0.01035267
0.003974383 -0.01082324
0.003975983 -0.01058796
0.003977583 -0.01152911
0.003979183 -0.01105853
0.003980783 -0.01129382
0.003982383 -0.01129382
0.003983983 -0.01129382
0.003985583 -0.01152911
0.003987183 -0.01129382
0.003988783 -0.01152911
0.003990383 -0.01129382
0.003991983 -0.01152911
0.003993583 -0.01199968
0.003995183 -0.01152911
0.003996783 -0.0117644
0.003998383 -0.009646805
0.003999983 -0.01129382
0.004001583 -0.01129382
0.004003183 -0.01152911
0.004004783 -0.01129382
0.004006383 -0.0117644
0.004007983 -0.01105853
0.004009583 -0.01105853
0.004011183 -0.0117644
0.004012783 -0.01129382
0.004014383 -0.01152911
0.004015983 -0.01105853
0.004017583 -0.01082324
0.004019183 -0.01058796
0.004020783 -0.01105853
0.004022383 -0.01035267
0.004023983 -0.009882093
0.004025583 -0.01035267
0.004027183 -0.009646805
0.004028783 -0.01035267
0.004030383 -0.009176229
0.004031983 -0.009646805
0.004033583 -0.009411517
0.004035183 -0.009646805
0.004036783 -0.008940941
0.004038383 -0.009411517
0.004039983 -0.008705653
0.004041583 -0.009176229
0.004043183 -0.008940941
0.004044783 -0.009176229
0.004046383 -0.008940941
0.004047983 -0.008705653
0.004049583 -0.009176229
0.004051183 -0.008235077
0.004052783 -0.008705653
0.004054383 -0.009176229
0.004055983 -0.008235077
0.004057583 -0.008705653
0.004059183 -0.008235077
0.004060783 -0.009176229
0.004062383 -0.008705653
0.004063983 -0.009882093
0.004065583 -0.01011738
0.004067183 -0.01058796
0.004068783 -0.01011738
0.004070383 -0.01129382
0.004071983 -0.01105853
0.004073583 -0.01223497
0.004075183 -0.01199968
0.004076783 -0.01294084
0.004078383 -0.01294084
0.004079983 -0.01388199
0.004081583 -0.01388199
0.004083183 -0.01458785
0.004084783 -0.01435256
0.004086383 -0.01482314
0.004087983 -0.01505843
0.004089583 -0.01529371
0.004091183 -0.01529371
0.004092783 -0.01576429
0.004094383 -0.01576429
0.004095983 -0.01647015
0.004097583 -0.01599958
0.004099183 -0.01647015
0.004100783 -0.01599958
0.004102383 -0.01647015
0.004103983 -0.01647015
0.004105583 -0.01623487
0.004107183 -0.015529
0.004108783 -0.01576429
0.004110383 -0.01482314
0.004111983 -0.015529
0.004113583 -0.01458785
0.004115183 -0.01411728
0.004116783 -0.01341141
0.004118383 -0.01411728
0.004119983 -0.01294084
0.004121583 -0.01294084
0.004123183 -0.01294084
0.004124783 -0.01294084
0.004126383 -0.01247026
0.004127983 -0.01270555
0.004129583 -0.01270555
0.004131183 -0.01247026
0.004132783 -0.01223497
0.004134383 -0.01247026
0.004135983 -0.01247026
0.004137583 -0.01317612
0.004139183 -0.01270555
0.004140783 -0.01270555
0.004142383 -0.01317612
0.004143983 -0.01270555
0.004145583 -0.01270555
0.004147183 -0.01223497
0.004148783 -0.01247026
0.004150383 -0.01199968
0.004151983 -0.01105853
0.004153583 -0.01152911
0.004155183 -0.01105853
0.004156783 -0.01082324
0.004158383 -0.01011738
0.004159983 -0.01058796
0.004161583 -0.01011738
0.004163183 -0.009411517
0.004164783 -0.009646805
0.004166383 -0.009882093
0.004167983 -0.009176229
0.004169583 -0.008705653
0.004171183 -0.008705653
0.004172783 -0.008470365
0.004174383 -0.008705653
0.004175983 -0.008470365
0.004177583 -0.007529213
0.004179183 -0.008705653
0.004180783 -0.007529213
0.004182383 -0.007529213
0.004183983 -0.007764501
0.004185583 -0.007764501
0.004187183 -0.007058638
0.004188783 -0.007293925
0.004190383 -0.007293925
0.004191983 -0.007293925
0.004193583 -0.007293925
0.004195183 -0.00564691
0.004196783 -0.00682335
0.004198383 -0.007529213
0.004199983 -0.006588062
0.004201583 -0.007999789
