LECROYWS4024HD 19320 Waveform
Segments 1 SegmentSize 3127
Segment TrigTime TimeSinceSegment1
#1 23-Jun-2024 16:24:39 0                 
Time Ampl
-0.0008001234 2.779033e-005
-0.0007985234 0.0004983662
-0.0007969234 -8.985363e-005
-0.0007953234 2.779033e-005
-0.0007937234 0.0001454343
-0.0007921234 0.0003807222
-0.0007905234 2.779033e-005
-0.0007889234 0.0007336541
-0.0007873234 2.779033e-005
-0.0007857234 0.0001454343
-0.0007841234 2.779033e-005
-0.0007825234 0.0003807222
-0.0007809234 0.0001454343
-0.0007793234 2.779033e-005
-0.0007777234 0.0002630782
-0.0007761234 0.0002630782
-0.0007745234 0.0001454343
-0.0007729234 0.0003807222
-0.0007713234 0.0002630782
-0.0007697234 0.0003807222
-0.0007681234 0.0001454343
-0.0007665234 0.0001454343
-0.0007649234 0.0003807222
-0.0007633234 0.0003807222
-0.0007617234 0.0001454343
-0.0007601234 0.0001454343
-0.0007585234 0.0002630782
-0.0007569234 2.779033e-005
-0.0007553234 0.0001454343
-0.0007537234 0.0004983662
-0.0007521234 0.0004983662
-0.0007505234 0.0002630782
-0.0007489234 0.0001454343
-0.0007473234 0.0003807222
-0.0007457234 0.0002630782
-0.0007441234 0.0006160101
-0.0007425234 0.0004983662
-0.0007409234 0.0003807222
-0.0007393234 2.779033e-005
-0.0007377234 0.0001454343
-0.0007361234 0.0002630782
-0.0007345234 0.0001454343
-0.0007329234 2.779033e-005
-0.0007313234 0.0002630782
-0.0007297234 0.0001454343
-0.0007281234 0.0004983662
-0.0007265234 2.779033e-005
-0.0007249234 2.779033e-005
-0.0007233234 0.0002630782
-0.0007217234 0.000851298
-0.0007201234 0.0001454343
-0.0007185234 0.0003807222
-0.0007169234 0.0001454343
-0.0007153234 0.0004983662
-0.0007137234 0.0001454343
-0.0007121234 0.0004983662
-0.0007105234 0.0002630782
-0.0007089234 0.0003807222
-0.0007073234 0.0001454343
-0.0007057234 0.0004983662
-0.0007041234 0.0002630782
-0.0007025234 2.779033e-005
-0.0007009234 0.0002630782
-0.0006993234 0.0003807222
-0.0006977234 2.779033e-005
-0.0006961234 0.0006160101
-0.0006945234 0.0002630782
-0.0006929234 0.0003807222
-0.0006913234 0.0002630782
-0.0006897234 0.0003807222
-0.0006881234 0.0004983662
-0.0006865234 0.0003807222
-0.0006849234 2.779033e-005
-0.0006833234 2.779033e-005
-0.0006817234 0.0001454343
-0.0006801234 0.0002630782
-0.0006785234 0.0001454343
-0.0006769234 0.0002630782
-0.0006753234 -8.985363e-005
-0.0006737234 0.0002630782
-0.0006721234 0.0004983662
-0.0006705234 0.0002630782
-0.0006689234 0.0001454343
-0.0006673234 0.0002630782
-0.0006657234 2.779033e-005
-0.0006641234 0.0003807222
-0.0006625234 2.779033e-005
-0.0006609234 0.0001454343
-0.0006593234 2.779033e-005
-0.0006577234 0.0004983662
-0.0006561234 0.0001454343
-0.0006545234 0.0002630782
-0.0006529234 2.779033e-005
-0.0006513234 0.0002630782
-0.0006497234 0.0002630782
-0.0006481234 0.0007336541
-0.0006465234 2.779033e-005
-0.0006449234 0.0002630782
-0.0006433234 0.0001454343
-0.0006417234 0.0003807222
-0.0006401234 2.779033e-005
-0.0006385234 0.0001454343
-0.0006369234 0.0002630782
-0.0006353234 0.0002630782
-0.0006337234 -0.0002074976
-0.0006321234 0.0002630782
-0.0006305234 0.0003807222
-0.0006289234 0.0002630782
-0.0006273234 -8.985363e-005
-0.0006257234 0.0004983662
-0.0006241234 2.779033e-005
-0.0006225234 0.0004983662
-0.0006209234 0.0003807222
-0.0006193234 0.0003807222
-0.0006177234 0.0001454343
-0.0006161234 0.0003807222
-0.0006145234 0.0003807222
-0.0006129234 0.0001454343
-0.0006113234 2.779033e-005
-0.0006097234 0.0004983662
-0.0006081234 0.0002630782
-0.0006065234 0.0003807222
-0.0006049234 0.0001454343
-0.0006033234 0.0003807222
-0.0006017234 0.0001454343
-0.0006001234 0.0003807222
-0.0005985234 0.0002630782
-0.0005969234 0.0006160101
-0.0005953234 0.0002630782
-0.0005937234 0.0002630782
-0.0005921234 0.0003807222
-0.0005905234 0.0004983662
-0.0005889234 2.779033e-005
-0.0005873234 0.0002630782
-0.0005857234 0.0003807222
-0.0005841234 0.0002630782
-0.0005825234 0.0006160101
-0.0005809234 0.0002630782
-0.0005793234 0.0001454343
-0.0005777234 0.0003807222
-0.0005761234 0.0003807222
-0.0005745234 0.0002630782
-0.0005729234 0.0002630782
-0.0005713234 0.0004983662
-0.0005697234 0.0002630782
-0.0005681234 0.0002630782
-0.0005665234 0.0003807222
-0.0005649234 0.0002630782
-0.0005633234 0.0003807222
-0.0005617234 0.0002630782
-0.0005601234 0.0001454343
-0.0005585234 0.0003807222
-0.0005569234 0.0003807222
-0.0005553234 0.0003807222
-0.0005537234 2.779033e-005
-0.0005521234 0.0002630782
-0.0005505234 2.779033e-005
-0.0005489234 0.0001454343
-0.0005473234 0.0002630782
-0.0005457234 0.0006160101
-0.0005441234 0.0001454343
-0.0005425234 0.0006160101
-0.0005409234 0.0003807222
-0.0005393234 0.0001454343
-0.0005377234 0.0001454343
-0.0005361234 0.0001454343
-0.0005345234 0.0001454343
-0.0005329234 0.0004983662
-0.0005313234 0.0003807222
-0.0005297234 0.0006160101
-0.0005281234 0.0002630782
-0.0005265234 0.0004983662
-0.0005249234 0.0002630782
-0.0005233234 0.0006160101
-0.0005217234 -8.985363e-005
-0.0005201234 0.0004983662
-0.0005185234 2.779033e-005
-0.0005169234 0.0002630782
-0.0005153234 0.0001454343
-0.0005137234 0.0003807222
-0.0005121234 0.0001454343
-0.0005105234 0.0004983662
-0.0005089234 2.779033e-005
-0.0005073234 0.0001454343
-0.0005057234 2.779033e-005
-0.0005041234 0.0004983662
-0.0005025234 0.0001454343
-0.0005009234 0.0003807222
-0.0004993234 0.0001454343
-0.0004977234 0.0003807222
-0.0004961234 -8.985363e-005
-0.0004945234 0.0002630782
-0.0004929234 0.0003807222
-0.0004913234 0.0001454343
-0.0004897234 0.0002630782
-0.0004881234 0.0003807222
-0.0004865234 0.0002630782
-0.0004849234 0.0001454343
-0.0004833234 0.0001454343
-0.0004817234 0.0002630782
-0.0004801234 0.0001454343
-0.0004785234 0.0002630782
-0.0004769234 0.0001454343
-0.0004753234 2.779033e-005
-0.0004737234 0.0001454343
-0.0004721234 0.0002630782
-0.0004705234 0.0001454343
-0.0004689234 0.0001454343
-0.0004673234 0.0003807222
-0.0004657234 0.0002630782
-0.0004641234 0.0001454343
-0.0004625234 0.0004983662
-0.0004609234 0.0001454343
-0.0004593234 2.779033e-005
-0.0004577234 2.779033e-005
-0.0004561234 0.0001454343
-0.0004545234 0.0001454343
-0.0004529234 0.0002630782
-0.0004513234 -0.0002074976
-0.0004497234 2.779033e-005
-0.0004481234 2.779033e-005
-0.0004465234 2.779033e-005
-0.0004449234 2.779033e-005
-0.0004433234 0.0003807222
-0.0004417234 -8.985363e-005
-0.0004401234 0.0002630782
-0.0004385234 -8.985363e-005
-0.0004369234 0.0001454343
-0.0004353234 0.0002630782
-0.0004337234 0.0004983662
-0.0004321234 -8.985363e-005
-0.0004305234 0.0002630782
-0.0004289234 0.0001454343
-0.0004273234 2.779033e-005
-0.0004257234 0.0002630782
-0.0004241234 0.0004983662
-0.0004225234 0.0003807222
-0.0004209234 0.0003807222
-0.0004193234 0.0002630782
-0.0004177234 0.0003807222
-0.0004161234 -8.985363e-005
-0.0004145234 0.0004983662
-0.0004129234 0.0001454343
-0.0004113234 0.0001454343
-0.0004097234 0.0002630782
-0.0004081234 0.0002630782
-0.0004065234 0.0001454343
-0.0004049234 0.0002630782
-0.0004033234 0.0001454343
-0.0004017234 -8.985363e-005
-0.0004001234 0.0002630782
-0.0003985234 0.0003807222
-0.0003969234 2.779033e-005
-0.0003953234 0.0004983662
-0.0003937234 0.0004983662
-0.0003921234 0.0001454343
-0.0003905234 0.0001454343
-0.0003889234 0.0001454343
-0.0003873234 0.0001454343
-0.0003857234 -0.0002074976
-0.0003841234 -0.0003251415
-0.0003825234 -0.0006780734
-0.0003809234 -0.0007957174
-0.0003793234 -0.0004427855
-0.0003777234 -0.0003251415
-0.0003761234 -0.0005604295
-0.0003745234 -0.0009133613
-0.0003729234 -0.001383937
-0.0003713234 -0.001972157
-0.0003697234 -0.002207445
-0.0003681234 -0.002442733
-0.0003665234 -0.003030953
-0.0003649234 -0.004089748
-0.0003633234 -0.005148544
-0.0003617234 -0.006560271
-0.0003601234 -0.007148491
-0.0003585234 -0.008089643
-0.0003569234 -0.009030794
-0.0003553234 -0.01056017
-0.0003537234 -0.01291305
-0.0003521234 -0.01503064
-0.0003505234 -0.01785409
-0.0003489234 -0.02067755
-0.0003473234 -0.0245598
-0.0003457234 -0.02844205
-0.0003441234 -0.0323243
-0.0003425234 -0.03573597
-0.0003409234 -0.03938294
-0.0003393234 -0.04255932
-0.0003377234 -0.04514749
-0.0003361234 -0.04726508
-0.0003345234 -0.05091204
-0.0003329234 -0.05444136
-0.0003313234 -0.05655895
-0.0003297234 -0.05797068
-0.0003281234 -0.05797068
-0.0003265234 -0.05867654
-0.0003249234 -0.05950005
-0.0003233234 -0.06067649
-0.0003217234 -0.06079414
-0.0003201234 -0.06008827
-0.0003185234 -0.05773539
-0.0003169234 -0.05350021
-0.0003153234 -0.04679451
-0.0003137234 -0.03879472
-0.0003121234 -0.03114786
-0.0003105234 -0.02479508
-0.0003089234 -0.02232456
-0.0003073234 -0.02244221
-0.0003057234 -0.02514802
-0.0003041234 -0.0293832
-0.0003025234 -0.03267723
-0.0003009234 -0.03514775
-0.0002993234 -0.03655948
-0.0002977234 -0.03644184
-0.0002961234 -0.03561833
-0.0002945234 -0.0352654
-0.0002929234 -0.0360889
-0.0002913234 -0.03761828
-0.0002897234 -0.04079466
-0.0002881234 -0.04479456
-0.0002865234 -0.04773566
-0.0002849234 -0.0507944
-0.0002833234 -0.05291199
-0.0002817234 -0.05444136
-0.0002801234 -0.05502958
-0.0002785234 -0.05585309
-0.0002769234 -0.05597073
-0.0002753234 -0.05620602
-0.0002737234 -0.05573545
-0.0002721234 -0.05491194
-0.0002705234 -0.05432372
-0.0002689234 -0.05279435
-0.0002673234 -0.0507944
-0.0002657234 -0.0489121
-0.0002641234 -0.04702979
-0.0002625234 -0.04526513
-0.0002609234 -0.04432398
-0.0002593234 -0.04361812
-0.0002577234 -0.0419711
-0.0002561234 -0.04055938
-0.0002545234 -0.03867707
-0.0002529234 -0.03667712
-0.0002513234 -0.03432425
-0.0002497234 -0.03244194
-0.0002481234 -0.03020671
-0.0002465234 -0.02903027
-0.0002449234 -0.02808912
-0.0002433234 -0.0275009
-0.0002417234 -0.02726561
-0.0002401234 -0.02738325
-0.0002385234 -0.02773618
-0.0002369234 -0.02891262
-0.0002353234 -0.03091257
-0.0002337234 -0.03303016
-0.0002321234 -0.03585362
-0.0002305234 -0.03879472
-0.0002289234 -0.04161817
-0.0002273234 -0.04408869
-0.0002257234 -0.04620629
-0.0002241234 -0.04726508
-0.0002225234 -0.04750037
-0.0002209234 -0.04773566
-0.0002193234 -0.04738272
-0.0002177234 -0.04738272
-0.0002161234 -0.04797094
-0.0002145234 -0.04867681
-0.0002129234 -0.0497356
-0.0002113234 -0.04985325
-0.0002097234 -0.04926503
-0.0002081234 -0.04855916
-0.0002065234 -0.04714744
-0.0002049234 -0.04538278
-0.0002033234 -0.04373576
-0.0002017234 -0.04102995
-0.0002001234 -0.03832414
-0.0001985234 -0.0352654
-0.0001969234 -0.0323243
-0.0001953234 -0.02985378
-0.0001937234 -0.02726561
-0.0001921234 -0.02503037
-0.0001905234 -0.023501
-0.0001889234 -0.02208927
-0.0001873234 -0.02067755
-0.0001857234 -0.02032461
-0.0001841234 -0.02008933
-0.0001825234 -0.02067755
-0.0001809234 -0.02103048
-0.0001793234 -0.02220692
-0.0001777234 -0.02361865
-0.0001761234 -0.02432451
-0.0001745234 -0.02632446
-0.0001729234 -0.02761854
-0.0001713234 -0.02867734
-0.0001697234 -0.02973613
-0.0001681234 -0.03020671
-0.0001665234 -0.03079493
-0.0001649234 -0.03079493
-0.0001633234 -0.03044199
-0.0001617234 -0.02985378
-0.0001601234 -0.02950084
-0.0001585234 -0.02855969
-0.0001569234 -0.0283244
-0.0001553234 -0.02773618
-0.0001537234 -0.02703032
-0.0001521234 -0.02585388
-0.0001505234 -0.02573624
-0.0001489234 -0.02526566
-0.0001473234 -0.02526566
-0.0001457234 -0.02561859
-0.0001441234 -0.02561859
-0.0001425234 -0.02479508
-0.0001409234 -0.02303043
-0.0001393234 -0.02185399
-0.0001377234 -0.01961875
-0.0001361234 -0.01726587
-0.0001345234 -0.01479535
-0.0001329234 -0.01291305
-0.0001313234 -0.01114839
-0.0001297234 -0.01056017
-0.0001281234 -0.01020723
-0.0001265234 -0.01020723
-0.0001249234 -0.01138367
-0.0001233234 -0.01256011
-0.0001217234 -0.01420713
-0.0001201234 -0.01526592
-0.0001185234 -0.01632472
-0.0001169234 -0.01726587
-0.0001153234 -0.0186776
-0.0001137234 -0.01985404
-0.0001121234 -0.02150105
-0.0001105234 -0.023501
-0.0001089234 -0.02467744
-0.0001073234 -0.02597152
-0.0001057234 -0.02667739
-0.0001041234 -0.02703032
-0.0001025234 -0.02738325
-0.0001009234 -0.0275009
-9.93234e-005 -0.0275009
-9.77234e-005 -0.0275009
-9.61234e-005 -0.0275009
-9.45234e-005 -0.0275009
-9.29234e-005 -0.02703032
-9.13234e-005 -0.02691268
-8.97234e-005 -0.02679503
-8.81234e-005 -0.02632446
-8.65234e-005 -0.0253833
-8.49234e-005 -0.02491273
-8.33234e-005 -0.02420687
-8.17234e-005 -0.02361865
-8.01234e-005 -0.02244221
-7.85234e-005 -0.02173634
-7.69234e-005 -0.02020697
-7.53234e-005 -0.01903053
-7.37234e-005 -0.01832467
-7.21234e-005 -0.01750116
-7.05234e-005 -0.01703058
-6.89234e-005 -0.01726587
-6.73234e-005 -0.01726587
-6.57234e-005 -0.01656001
-6.41234e-005 -0.01656001
-6.25234e-005 -0.0157365
-6.09234e-005 -0.01514828
-5.93234e-005 -0.0146777
-5.77234e-005 -0.01444242
-5.61234e-005 -0.0138542
-5.45234e-005 -0.01420713
-5.29234e-005 -0.01432477
-5.13234e-005 -0.01538357
-4.97234e-005 -0.01656001
-4.81234e-005 -0.01726587
-4.65234e-005 -0.01832467
-4.49234e-005 -0.01950111
-4.33234e-005 -0.02008933
-4.17234e-005 -0.02114812
-4.01234e-005 -0.02114812
-3.85234e-005 -0.02220692
-3.69234e-005 -0.02220692
-3.53234e-005 -0.02232456
-3.37234e-005 -0.02173634
-3.21234e-005 -0.02138341
-3.05234e-005 -0.02079519
-2.89234e-005 -0.01997168
-2.73234e-005 -0.01879524
-2.57234e-005 -0.01855996
-2.41234e-005 -0.01750116
-2.25234e-005 -0.0167953
-2.09234e-005 -0.01597179
-1.93234e-005 -0.01514828
-1.77234e-005 -0.01420713
-1.61234e-005 -0.01326598
-1.45234e-005 -0.01244247
-1.29234e-005 -0.01126603
-1.13234e-005 -0.01032488
-9.7234e-006 -0.00950137
-8.1234e-006 -0.008560219
-6.5234e-006 -0.007619067
-4.9234e-006 -0.006560271
-3.3234e-006 -0.005383832
-1.7234e-006 -0.003736816
-1.234e-007 -0.002795665
1.4766e-006 -0.001619225
3.0766e-006 -0.001266293
4.6766e-006 -0.0006780734
6.2766e-006 -0.0006780734
7.8766e-006 -0.0003251415
9.4766e-006 -0.0002074976
1.10766e-005 -0.0003251415
1.26766e-005 -8.985363e-005
1.42766e-005 2.779033e-005
1.58766e-005 0.0001454343
1.74766e-005 0.0004983662
1.90766e-005 0.000851298
2.06766e-005 0.002027738
2.22766e-005 0.002851245
2.38766e-005 0.004027685
2.54766e-005 0.005086481
2.70766e-005 0.006380564
2.86766e-005 0.008145223
3.02766e-005 0.009674595
3.18766e-005 0.01096868
3.34766e-005 0.01238041
3.50766e-005 0.01379213
3.66766e-005 0.01543915
3.82766e-005 0.01626266
3.98766e-005 0.01767438
4.14766e-005 0.01838025
4.30766e-005 0.01955669
4.46766e-005 0.02061548
4.62766e-005 0.02155663
4.78766e-005 0.02249779
4.94766e-005 0.02332129
5.10766e-005 0.02379187
5.26766e-005 0.02473302
5.42766e-005 0.02567417
5.58766e-005 0.02626239
5.74766e-005 0.02673297
5.90766e-005 0.02685061
6.06766e-005 0.02649768
6.22766e-005 0.02685061
6.38766e-005 0.02673297
6.54766e-005 0.02732119
6.70766e-005 0.02732119
6.86766e-005 0.02755648
7.02766e-005 0.02802705
7.18766e-005 0.02849763
7.34766e-005 0.02885056
7.50766e-005 0.02920349
7.66766e-005 0.02943878
7.82766e-005 0.02967407
7.98766e-005 0.02943878
8.14766e-005 0.030027
8.30766e-005 0.03026229
8.46766e-005 0.03049758
8.62766e-005 0.03179166
8.78766e-005 0.03249752
8.94766e-005 0.03379161
9.10766e-005 0.03508569
9.26766e-005 0.03626213
9.42766e-005 0.03790914
9.58766e-005 0.03979145
9.74766e-005 0.0417914
9.90766e-005 0.0426149
0.0001006766 0.04449721
0.0001022766 0.04520307
0.0001038766 0.04602658
0.0001054766 0.04626187
0.0001070766 0.0466148
0.0001086766 0.04673244
0.0001102766 0.04637951
0.0001118766 0.04602658
0.0001134766 0.04579129
0.0001150766 0.04496778
0.0001166766 0.04461485
0.0001182766 0.04414427
0.0001198766 0.04390899
0.0001214766 0.04355605
0.0001230766 0.0436737
0.0001246766 0.04273255
0.0001262766 0.04296784
0.0001278766 0.04237962
0.0001294766 0.04202668
0.0001310766 0.04120318
0.0001326766 0.04120318
0.0001342766 0.04085024
0.0001358766 0.04026202
0.0001374766 0.04002674
0.0001390766 0.03979145
0.0001406766 0.03990909
0.0001422766 0.04014438
0.0001438766 0.04002674
0.0001454766 0.04061496
0.0001470766 0.04061496
0.0001486766 0.04108553
0.0001502766 0.04061496
0.0001518766 0.04132082
0.0001534766 0.04096789
0.0001550766 0.04096789
0.0001566766 0.04108553
0.0001582766 0.04120318
0.0001598766 0.04120318
0.0001614766 0.04143846
0.0001630766 0.04155611
0.0001646766 0.04132082
0.0001662766 0.04061496
0.0001678766 0.04037967
0.0001694766 0.03932087
0.0001710766 0.0388503
0.0001726766 0.03767386
0.0001742766 0.03755621
0.0001758766 0.03696799
0.0001774766 0.03626213
0.0001790766 0.03602684
0.0001806766 0.03555627
0.0001822766 0.03473276
0.0001838766 0.03390925
0.0001854766 0.03320339
0.0001870766 0.03249752
0.0001886766 0.03179166
0.0001902766 0.03120344
0.0001918766 0.03061522
0.0001934766 0.03049758
0.0001950766 0.03037993
0.0001966766 0.03026229
0.0001982766 0.030027
0.0001998766 0.03026229
0.0002014766 0.03061522
0.0002030766 0.03096815
0.0002046766 0.03120344
0.0002062766 0.03155637
0.0002078766 0.0319093
0.0002094766 0.03214459
0.0002110766 0.0319093
0.0002126766 0.03202695
0.0002142766 0.03155637
0.0002158766 0.03155637
0.0002174766 0.03061522
0.0002190766 0.03061522
0.0002206766 0.02979171
0.0002222766 0.02920349
0.0002238766 0.02849763
0.0002254766 0.02802705
0.0002270766 0.0270859
0.0002286766 0.02661532
0.0002302766 0.02579182
0.0002318766 0.02567417
0.0002334766 0.02496831
0.0002350766 0.02496831
0.0002366766 0.02426245
0.0002382766 0.0241448
0.0002398766 0.02355658
0.0002414766 0.02285072
0.0002430766 0.02249779
0.0002446766 0.02167428
0.0002462766 0.02132135
0.0002478766 0.02073313
0.0002494766 0.02049784
0.0002510766 0.02073313
0.0002526766 0.02073313
0.0002542766 0.02096841
0.0002558766 0.02108606
0.0002574766 0.02179192
0.0002590766 0.02190957
0.0002606766 0.02261543
0.0002622766 0.02332129
0.0002638766 0.02438009
0.0002654766 0.02461538
0.0002670766 0.02567417
0.0002686766 0.02590946
0.0002702766 0.02696826
0.0002718766 0.02779176
0.0002734766 0.0281447
0.0002750766 0.02849763
0.0002766766 0.0289682
0.0002782766 0.0289682
0.0002798766 0.02932114
0.0002814766 0.02908585
0.0002830766 0.02908585
0.0002846766 0.02885056
0.0002862766 0.02885056
0.0002878766 0.02837998
0.0002894766 0.02873292
0.0002910766 0.02826234
0.0002926766 0.0281447
0.0002942766 0.02755648
0.0002958766 0.02755648
0.0002974766 0.02720354
0.0002990766 0.02638004
0.0003006766 0.02555653
0.0003022766 0.0252036
0.0003038766 0.0241448
0.0003054766 0.02343894
0.0003070766 0.02296836
0.0003086766 0.02238014
0.0003102766 0.0212037
0.0003118766 0.0212037
0.0003134766 0.02073313
0.0003150766 0.02014491
0.0003166766 0.02073313
0.0003182766 0.02049784
0.0003198766 0.0203802
0.0003214766 0.02061548
0.0003230766 0.02085077
0.0003246766 0.02214485
0.0003262766 0.02273307
0.0003278766 0.02379187
0.0003294766 0.02402716
0.0003310766 0.02496831
0.0003326766 0.02496831
0.0003342766 0.02579182
0.0003358766 0.02567417
0.0003374766 0.02614475
0.0003390766 0.02567417
0.0003406766 0.02590946
0.0003422766 0.02567417
0.0003438766 0.02555653
0.0003454766 0.02496831
0.0003470766 0.02473302
0.0003486766 0.0241448
0.0003502766 0.02379187
0.0003518766 0.02296836
0.0003534766 0.02273307
0.0003550766 0.02190957
0.0003566766 0.02132135
0.0003582766 0.02096841
0.0003598766 0.02002726
0.0003614766 0.01920376
0.0003630766 0.01896847
0.0003646766 0.01790967
0.0003662766 0.01708616
0.0003678766 0.01626266
0.0003694766 0.01543915
0.0003710766 0.01496857
0.0003726766 0.01414507
0.0003742766 0.01320391
0.0003758766 0.01332156
0.0003774766 0.01261569
0.0003790766 0.01296863
0.0003806766 0.01296863
0.0003822766 0.01320391
0.0003838766 0.01296863
0.0003854766 0.01296863
0.0003870766 0.01261569
0.0003886766 0.01261569
0.0003902766 0.01273334
0.0003918766 0.01238041
0.0003934766 0.01214512
0.0003950766 0.01238041
0.0003966766 0.01190983
0.0003982766 0.01214512
0.0003998766 0.01179219
0.0004014766 0.01214512
0.0004030766 0.01167454
0.0004046766 0.01179219
0.0004062766 0.01120397
0.0004078766 0.0104981
0.0004094766 0.01038046
0.0004110766 0.009556951
0.0004126766 0.009086375
0.0004142766 0.008498155
0.0004158766 0.008262867
0.0004174766 0.007792292
0.0004190766 0.007909936
0.0004206766 0.00802758
0.0004222766 0.00802758
0.0004238766 0.008262867
0.0004254766 0.008262867
0.0004270766 0.008498155
0.0004286766 0.008262867
0.0004302766 0.008262867
0.0004318766 0.008733443
0.0004334766 0.009086375
0.0004350766 0.008851087
0.0004366766 0.009086375
0.0004382766 0.009321663
0.0004398766 0.009909883
0.0004414766 0.009792239
0.0004430766 0.009792239
0.0004446766 0.009792239
0.0004462766 0.009909883
0.0004478766 0.009674595
0.0004494766 0.01002753
0.0004510766 0.0104981
0.0004526766 0.0104981
0.0004542766 0.01073339
0.0004558766 0.01096868
0.0004574766 0.01108632
0.0004590766 0.01120397
0.0004606766 0.01132161
0.0004622766 0.01167454
0.0004638766 0.01120397
0.0004654766 0.01120397
0.0004670766 0.01073339
0.0004686766 0.01061575
0.0004702766 0.01014517
0.0004718766 0.009204019
0.0004734766 0.008498155
0.0004750766 0.007792292
0.0004766766 0.006733496
0.0004782766 0.006380564
0.0004798766 0.005321768
0.0004814766 0.004615905
0.0004830766 0.003674753
0.0004846766 0.002733601
0.0004862766 0.002145382
0.0004878766 0.00179245
0.0004894766 0.0007336541
0.0004910766 0.0006160101
0.0004926766 -8.985363e-005
0.0004942766 -0.0003251415
0.0004958766 -0.0005604295
0.0004974766 -0.0004427855
0.0004990766 -0.0006780734
0.0005006766 -0.0006780734
0.0005022766 -0.001031005
0.0005038766 -0.0007957174
0.0005054766 -0.0004427855
0.0005070766 -0.0003251415
0.0005086766 0.0001454343
0.0005102766 0.0001454343
0.0005118766 2.779033e-005
0.0005134766 0.0007336541
0.0005150766 0.0006160101
0.0005166766 0.0006160101
0.0005182766 0.0006160101
0.0005198766 0.0006160101
0.0005214766 0.0001454343
0.0005230766 2.779033e-005
0.0005246766 -0.0004427855
0.0005262766 -0.0002074976
0.0005278766 -0.0006780734
0.0005294766 -0.0003251415
0.0005310766 -0.0005604295
0.0005326766 -0.0002074976
0.0005342766 -8.985363e-005
0.0005358766 0.0002630782
0.0005374766 0.000851298
0.0005390766 0.001439518
0.0005406766 0.00179245
0.0005422766 0.002498313
0.0005438766 0.002968889
0.0005454766 0.003321821
0.0005470766 0.003910041
0.0005486766 0.004027685
0.0005502766 0.004027685
0.0005518766 0.004380617
0.0005534766 0.004380617
0.0005550766 0.004968837
0.0005566766 0.005086481
0.0005582766 0.005204125
0.0005598766 0.005204125
0.0005614766 0.004968837
0.0005630766 0.004968837
0.0005646766 0.004380617
0.0005662766 0.003674753
0.0005678766 0.002968889
0.0005694766 0.002263026
0.0005710766 0.002027738
0.0005726766 0.001321874
0.0005742766 0.00120423
0.0005758766 0.001321874
0.0005774766 0.001557162
0.0005790766 0.001674806
0.0005806766 0.002263026
0.0005822766 0.002145382
0.0005838766 0.002851245
0.0005854766 0.002968889
0.0005870766 0.003792397
0.0005886766 0.004145329
0.0005902766 0.004733549
0.0005918766 0.004615905
0.0005934766 0.005086481
0.0005950766 0.004968837
0.0005966766 0.005321768
0.0005982766 0.004733549
0.0005998766 0.004615905
0.0006014766 0.004380617
0.0006030766 0.004733549
0.0006046766 0.003557109
0.0006062766 0.003910041
0.0006078766 0.003321821
0.0006094766 0.002851245
0.0006110766 0.002615957
0.0006126766 0.001910094
0.0006142766 0.001321874
0.0006158766 0.0007336541
0.0006174766 -8.985363e-005
0.0006190766 2.779033e-005
0.0006206766 -0.0007957174
0.0006222766 -0.001266293
0.0006238766 -0.001619225
0.0006254766 -0.001736869
0.0006270766 -0.002207445
0.0006286766 -0.003030953
0.0006302766 -0.003148597
0.0006318766 -0.004207392
0.0006334766 -0.004677968
0.0006350766 -0.004913256
0.0006366766 -0.005501476
0.0006382766 -0.005854408
0.0006398766 -0.006324983
0.0006414766 -0.005972052
0.0006430766 -0.006207339
0.0006446766 -0.006324983
0.0006462766 -0.00561912
0.0006478766 -0.005383832
0.0006494766 -0.004795612
0.0006510766 -0.004207392
0.0006526766 -0.003501528
0.0006542766 -0.002795665
0.0006558766 -0.001972157
0.0006574766 -0.001148649
0.0006590766 -0.0007957174
0.0006606766 -0.0003251415
0.0006622766 -8.985363e-005
0.0006638766 0.000851298
0.0006654766 0.000968942
0.0006670766 0.001439518
0.0006686766 0.00120423
0.0006702766 0.001321874
0.0006718766 0.000968942
0.0006734766 0.0004983662
0.0006750766 0.0001454343
0.0006766766 -0.0006780734
0.0006782766 -0.001266293
0.0006798766 -0.001854513
0.0006814766 -0.002207445
0.0006830766 -0.002795665
0.0006846766 -0.003501528
0.0006862766 -0.003383884
0.0006878766 -0.003383884
0.0006894766 -0.003501528
0.0006910766 -0.003266241
0.0006926766 -0.003266241
0.0006942766 -0.003266241
0.0006958766 -0.002913309
0.0006974766 -0.002913309
0.0006990766 -0.002560377
0.0007006766 -0.002325089
0.0007022766 -0.001736869
0.0007038766 -0.001501581
0.0007054766 -0.001148649
0.0007070766 -0.0007957174
0.0007086766 -0.0003251415
0.0007102766 -0.0006780734
0.0007118766 -0.0003251415
0.0007134766 -8.985363e-005
0.0007150766 0.0006160101
0.0007166766 0.0006160101
0.0007182766 0.00120423
0.0007198766 0.00179245
0.0007214766 0.002263026
0.0007230766 0.002615957
0.0007246766 0.002733601
0.0007262766 0.003204177
0.0007278766 0.003910041
0.0007294766 0.004262973
0.0007310766 0.004851193
0.0007326766 0.005086481
0.0007342766 0.005909988
0.0007358766 0.005909988
0.0007374766 0.006615852
0.0007390766 0.006498208
0.0007406766 0.006968784
0.0007422766 0.007086428
0.0007438766 0.007086428
0.0007454766 0.00743936
0.0007470766 0.007321716
0.0007486766 0.00743936
0.0007502766 0.007909936
0.0007518766 0.007792292
0.0007534766 0.00802758
0.0007550766 0.008145223
0.0007566766 0.008498155
0.0007582766 0.008498155
0.0007598766 0.008968731
0.0007614766 0.009321663
0.0007630766 0.009321663
0.0007646766 0.01026281
0.0007662766 0.01038046
0.0007678766 0.01061575
0.0007694766 0.01085103
0.0007710766 0.01108632
0.0007726766 0.01214512
0.0007742766 0.01202747
0.0007758766 0.01285098
0.0007774766 0.01296863
0.0007790766 0.01367449
0.0007806766 0.01402742
0.0007822766 0.014498
0.0007838766 0.01461564
0.0007854766 0.01602737
0.0007870766 0.01649794
0.0007886766 0.0174391
0.0007902766 0.0174391
0.0007918766 0.01802732
0.0007934766 0.01814496
0.0007950766 0.01849789
0.0007966766 0.01873318
0.0007982766 0.01908611
0.0007998766 0.01920376
0.0008014766 0.0193214
0.0008030766 0.0193214
0.0008046766 0.01908611
0.0008062766 0.01896847
0.0008078766 0.01885082
0.0008094766 0.01861554
0.0008110766 0.01838025
0.0008126766 0.01779203
0.0008142766 0.01779203
0.0008158766 0.01755674
0.0008174766 0.01767438
0.0008190766 0.0174391
0.0008206766 0.0174391
0.0008222766 0.01767438
0.0008238766 0.01732145
0.0008254766 0.01696852
0.0008270766 0.01720381
0.0008286766 0.0174391
0.0008302766 0.01767438
0.0008318766 0.01767438
0.0008334766 0.01838025
0.0008350766 0.0182626
0.0008366766 0.01885082
0.0008382766 0.01885082
0.0008398766 0.01920376
0.0008414766 0.0193214
0.0008430766 0.0193214
0.0008446766 0.01955669
0.0008462766 0.0193214
0.0008478766 0.01908611
0.0008494766 0.01908611
0.0008510766 0.01896847
0.0008526766 0.01920376
0.0008542766 0.01849789
0.0008558766 0.0182626
0.0008574766 0.01802732
0.0008590766 0.01755674
0.0008606766 0.01720381
0.0008622766 0.01673323
0.0008638766 0.0163803
0.0008654766 0.01567444
0.0008670766 0.01520386
0.0008686766 0.01473329
0.0008702766 0.01402742
0.0008718766 0.01402742
0.0008734766 0.01332156
0.0008750766 0.01249805
0.0008766766 0.01214512
0.0008782766 0.01167454
0.0008798766 0.01120397
0.0008814766 0.01108632
0.0008830766 0.0104981
0.0008846766 0.01073339
0.0008862766 0.01038046
0.0008878766 0.01038046
0.0008894766 0.01014517
0.0008910766 0.01014517
0.0008926766 0.009674595
0.0008942766 0.009909883
0.0008958766 0.009321663
0.0008974766 0.009439307
0.0008990766 0.008968731
0.0009006766 0.008851087
0.0009022766 0.008498155
0.0009038766 0.008498155
0.0009054766 0.007909936
0.0009070766 0.007909936
0.0009086766 0.007557004
0.0009102766 0.007557004
0.0009118766 0.00743936
0.0009134766 0.007674648
0.0009150766 0.007204072
0.0009166766 0.00743936
0.0009182766 0.00685114
0.0009198766 0.007321716
0.0009214766 0.007204072
0.0009230766 0.007321716
0.0009246766 0.007204072
0.0009262766 0.00743936
0.0009278766 0.007321716
0.0009294766 0.007909936
0.0009310766 0.007674648
0.0009326766 0.008498155
0.0009342766 0.008262867
0.0009358766 0.008380511
0.0009374766 0.008498155
0.0009390766 0.008262867
0.0009406766 0.008380511
0.0009422766 0.008968731
0.0009438766 0.009204019
0.0009454766 0.009321663
0.0009470766 0.009792239
0.0009486766 0.009556951
0.0009502766 0.009792239
0.0009518766 0.0104981
0.0009534766 0.01026281
0.0009550766 0.01038046
0.0009566766 0.01073339
0.0009582766 0.0104981
0.0009598766 0.0104981
0.0009614766 0.01073339
0.0009630766 0.01061575
0.0009646766 0.0104981
0.0009662766 0.01014517
0.0009678766 0.01061575
0.0009694766 0.01014517
0.0009710766 0.01014517
0.0009726766 0.009909883
0.0009742766 0.01002753
0.0009758766 0.01014517
0.0009774766 0.01085103
0.0009790766 0.01061575
0.0009806766 0.01096868
0.0009822766 0.0115569
0.0009838766 0.01214512
0.0009854766 0.01238041
0.0009870766 0.0134392
0.0009886766 0.01402742
0.0009902766 0.01426271
0.0009918766 0.01461564
0.0009934766 0.0153215
0.0009950766 0.0153215
0.0009966766 0.01590972
0.0009982766 0.01555679
0.0009998766 0.01602737
0.001001477 0.01579208
0.001003077 0.01590972
0.001004677 0.01543915
0.001006277 0.01579208
0.001007877 0.0153215
0.001009477 0.01520386
0.001011077 0.01473329
0.001012677 0.01473329
0.001014277 0.01461564
0.001015877 0.01461564
0.001017477 0.01438035
0.001019077 0.01461564
0.001020677 0.01414507
0.001022277 0.014498
0.001023877 0.01438035
0.001025477 0.01461564
0.001027077 0.01402742
0.001028677 0.014498
0.001030277 0.01438035
0.001031877 0.01496857
0.001033477 0.014498
0.001035077 0.01520386
0.001036677 0.01543915
0.001038277 0.01567444
0.001039877 0.01543915
0.001041477 0.01602737
0.001043077 0.01614501
0.001044677 0.01685088
0.001046277 0.01649794
0.001047877 0.01673323
0.001049477 0.0163803
0.001051077 0.01649794
0.001052677 0.01626266
0.001054277 0.01602737
0.001055877 0.0153215
0.001057477 0.01520386
0.001059077 0.01461564
0.001060677 0.01438035
0.001062277 0.01414507
0.001063877 0.01390978
0.001065477 0.01332156
0.001067077 0.01332156
0.001068677 0.01238041
0.001070277 0.01214512
0.001071877 0.01120397
0.001073477 0.01108632
0.001075077 0.01085103
0.001076677 0.0104981
0.001078277 0.009792239
0.001079877 0.009321663
0.001081477 0.008968731
0.001083077 0.008498155
0.001084677 0.008262867
0.001086277 0.00802758
0.001087877 0.007674648
0.001089477 0.007204072
0.001091077 0.007321716
0.001092677 0.00685114
0.001094277 0.006733496
0.001095877 0.006733496
0.001097477 0.006733496
0.001099077 0.006380564
0.001100677 0.006145276
0.001102277 0.006145276
0.001103877 0.006380564
0.001105477 0.006733496
0.001107077 0.006733496
0.001108677 0.006380564
0.001110277 0.006615852
0.001111877 0.006498208
0.001113477 0.006615852
0.001115077 0.006498208
0.001116677 0.00626292
0.001118277 0.006498208
0.001119877 0.006027632
0.001121477 0.005792344
0.001123077 0.005557056
0.001124677 0.005321768
0.001126277 0.004615905
0.001127877 0.004380617
0.001129477 0.004027685
0.001131077 0.003792397
0.001132677 0.003086533
0.001134277 0.003204177
0.001135877 0.002615957
0.001137477 0.002498313
0.001139077 0.001910094
0.001140677 0.002145382
0.001142277 0.001557162
0.001143877 0.001321874
0.001145477 0.0007336541
0.001147077 0.0007336541
0.001148677 2.779033e-005
0.001150277 -0.0002074976
0.001151877 -0.001031005
0.001153477 -0.001854513
0.001155077 -0.002207445
0.001156677 -0.002913309
0.001158277 -0.003501528
0.001159877 -0.004089748
0.001161477 -0.004795612
0.001163077 -0.005383832
0.001164677 -0.006324983
0.001166277 -0.007030847
0.001167877 -0.007619067
0.001169477 -0.007854355
0.001171077 -0.008324931
0.001172677 -0.008560219
0.001174277 -0.009148438
0.001175877 -0.009383726
0.001177477 -0.009971946
0.001179077 -0.01067781
0.001180677 -0.01079545
0.001182277 -0.01079545
0.001183877 -0.01150132
0.001185477 -0.01185425
0.001187077 -0.01220718
0.001188677 -0.01267776
0.001190277 -0.0127954
0.001191877 -0.01314833
0.001193477 -0.0138542
0.001195077 -0.01432477
0.001196677 -0.01479535
0.001198277 -0.01538357
0.001199877 -0.01597179
0.001201477 -0.01667765
0.001203077 -0.01773645
0.001204677 -0.01832467
0.001206277 -0.01938346
0.001207877 -0.02032461
0.001209477 -0.02126577
0.001211077 -0.02150105
0.001212677 -0.02208927
0.001214277 -0.02279514
0.001215877 -0.02338336
0.001217477 -0.02326571
0.001219077 -0.02361865
0.001220677 -0.02373629
0.001222277 -0.02420687
0.001223877 -0.02408922
0.001225477 -0.02432451
0.001227077 -0.02444215
0.001228677 -0.02432451
0.001230277 -0.02420687
0.001231877 -0.02444215
0.001233477 -0.02432451
0.001235077 -0.02432451
0.001236677 -0.02432451
0.001238277 -0.0245598
0.001239877 -0.02444215
0.001241477 -0.0245598
0.001243077 -0.02479508
0.001244677 -0.0245598
0.001246277 -0.02432451
0.001247877 -0.02432451
0.001249477 -0.02432451
0.001251077 -0.0245598
0.001252677 -0.02420687
0.001254277 -0.0245598
0.001255877 -0.02479508
0.001257477 -0.02503037
0.001259077 -0.02514802
0.001260677 -0.02514802
0.001262277 -0.0253833
0.001263877 -0.02550095
0.001265477 -0.02620681
0.001267077 -0.02585388
0.001268677 -0.02620681
0.001270277 -0.0264421
0.001271877 -0.02655974
0.001273477 -0.02703032
0.001275077 -0.02691268
0.001276677 -0.02714796
0.001278277 -0.02679503
0.001279877 -0.02667739
0.001281477 -0.02620681
0.001283077 -0.02679503
0.001284677 -0.02667739
0.001286277 -0.02632446
0.001287877 -0.02667739
0.001289477 -0.02620681
0.001291077 -0.02620681
0.001292677 -0.02585388
0.001294277 -0.02526566
0.001295877 -0.02479508
0.001297477 -0.0245598
0.001299077 -0.02361865
0.001300677 -0.02338336
0.001302277 -0.02303043
0.001303877 -0.02255985
0.001305477 -0.02208927
0.001307077 -0.02185399
0.001308677 -0.02150105
0.001310277 -0.0216187
0.001311877 -0.0216187
0.001313477 -0.02150105
0.001315077 -0.02197163
0.001316677 -0.02197163
0.001318277 -0.02220692
0.001319877 -0.02244221
0.001321477 -0.02255985
0.001323077 -0.02291278
0.001324677 -0.02361865
0.001326277 -0.02373629
0.001327877 -0.02420687
0.001329477 -0.0245598
0.001331077 -0.02503037
0.001332677 -0.02526566
0.001334277 -0.02561859
0.001335877 -0.02561859
0.001337477 -0.02561859
0.001339077 -0.02550095
0.001340677 -0.02526566
0.001342277 -0.0253833
0.001343877 -0.02479508
0.001345477 -0.02432451
0.001347077 -0.02408922
0.001348677 -0.02314807
0.001350277 -0.02279514
0.001351877 -0.02244221
0.001353477 -0.0216187
0.001355077 -0.02091283
0.001356677 -0.02079519
0.001358277 -0.01997168
0.001359877 -0.01950111
0.001361477 -0.01903053
0.001363077 -0.01879524
0.001364677 -0.01808938
0.001366277 -0.01808938
0.001367877 -0.01808938
0.001369477 -0.01750116
0.001371077 -0.01738352
0.001372677 -0.0176188
0.001374277 -0.01738352
0.001375877 -0.0176188
0.001377477 -0.01773645
0.001379077 -0.01797174
0.001380677 -0.01808938
0.001382277 -0.01808938
0.001383877 -0.01820702
0.001385477 -0.0186776
0.001387077 -0.01879524
0.001388677 -0.01903053
0.001390277 -0.01891289
0.001391877 -0.01891289
0.001393477 -0.0186776
0.001395077 -0.01879524
0.001396677 -0.01891289
0.001398277 -0.01879524
0.001399877 -0.01820702
0.001401477 -0.01808938
0.001403077 -0.01750116
0.001404677 -0.01714823
0.001406277 -0.01667765
0.001407877 -0.01608943
0.001409477 -0.01597179
0.001411077 -0.0157365
0.001412677 -0.01538357
0.001414277 -0.01550121
0.001415877 -0.01514828
0.001417477 -0.01526592
0.001419077 -0.01514828
0.001420677 -0.01491299
0.001422277 -0.01514828
0.001423877 -0.01491299
0.001425477 -0.0146777
0.001427077 -0.01491299
0.001428677 -0.01479535
0.001430277 -0.0146777
0.001431877 -0.01503064
0.001433477 -0.0146777
0.001435077 -0.01479535
0.001436677 -0.01503064
0.001438277 -0.01491299
0.001439877 -0.01514828
0.001441477 -0.01503064
0.001443077 -0.0157365
0.001444677 -0.01597179
0.001446277 -0.01620708
0.001447877 -0.01644236
0.001449477 -0.01644236
0.001451077 -0.01608943
0.001452677 -0.01632472
0.001454277 -0.01585414
0.001455877 -0.01597179
0.001457477 -0.01526592
0.001459077 -0.01503064
0.001460677 -0.01456006
0.001462277 -0.01373655
0.001463877 -0.01326598
0.001465477 -0.01314833
0.001467077 -0.01256011
0.001468677 -0.01185425
0.001470277 -0.01138367
0.001471877 -0.0109131
0.001473477 -0.009971946
0.001475077 -0.009736658
0.001476677 -0.008913151
0.001478277 -0.008207287
0.001479877 -0.007854355
0.001481477 -0.007030847
0.001483077 -0.006560271
0.001484677 -0.006324983
0.001486277 -0.005736764
0.001487877 -0.005501476
0.001489477 -0.004913256
0.001491077 -0.004913256
0.001492677 -0.0050309
0.001494277 -0.004677968
0.001495877 -0.004325036
0.001497477 -0.004207392
0.001499077 -0.004089748
0.001500677 -0.004089748
0.001502277 -0.003501528
0.001503877 -0.003736816
0.001505477 -0.003501528
0.001507077 -0.003383884
0.001508677 -0.003030953
0.001510277 -0.002678021
0.001511877 -0.002560377
0.001513477 -0.002560377
0.001515077 -0.002207445
0.001516677 -0.002560377
0.001518277 -0.002207445
0.001519877 -0.002089801
0.001521477 -0.001736869
0.001523077 -0.002442733
0.001524677 -0.002560377
0.001526277 -0.002678021
0.001527877 -0.002678021
0.001529477 -0.002913309
0.001531077 -0.002560377
0.001532677 -0.002207445
0.001534277 -0.002678021
0.001535877 -0.002325089
0.001537477 -0.002207445
0.001539077 -0.001972157
0.001540677 -0.001619225
0.001542277 -0.001383937
0.001543877 -0.001266293
0.001545477 -0.001031005
0.001547077 -0.0004427855
0.001548677 -0.0007957174
0.001550277 -0.0003251415
0.001551877 0.0002630782
0.001553477 0.0002630782
0.001555077 0.0004983662
0.001556677 0.0007336541
0.001558277 0.0007336541
0.001559877 0.001321874
0.001561477 0.001557162
0.001563077 0.001674806
0.001564677 0.002027738
0.001566277 0.002145382
0.001567877 0.002615957
0.001569477 0.002968889
0.001571077 0.003086533
0.001572677 0.003086533
0.001574277 0.003321821
0.001575877 0.003204177
0.001577477 0.003674753
0.001579077 0.003910041
0.001580677 0.004145329
0.001582277 0.004262973
0.001583877 0.004498261
0.001585477 0.005204125
0.001587077 0.005321768
0.001588677 0.005557056
0.001590277 0.006027632
0.001591877 0.006380564
0.001593477 0.006380564
0.001595077 0.007086428
0.001596677 0.006968784
0.001598277 0.007204072
0.001599877 0.007792292
0.001601477 0.008145223
0.001603077 0.008380511
0.001604677 0.008851087
0.001606277 0.008733443
0.001607877 0.009204019
0.001609477 0.009556951
0.001611077 0.009909883
0.001612677 0.009792239
0.001614277 0.01026281
0.001615877 0.01026281
0.001617477 0.01038046
0.001619077 0.0104981
0.001620677 0.01026281
0.001622277 0.01026281
0.001623877 0.01038046
0.001625477 0.01002753
0.001627077 0.01014517
0.001628677 0.01002753
0.001630277 0.009909883
0.001631877 0.009321663
0.001633477 0.009909883
0.001635077 0.009321663
0.001636677 0.009321663
0.001638277 0.009321663
0.001639877 0.008968731
0.001641477 0.008615799
0.001643077 0.008733443
0.001644677 0.008733443
0.001646277 0.008615799
0.001647877 0.008498155
0.001649477 0.008851087
0.001651077 0.009086375
0.001652677 0.009086375
0.001654277 0.008851087
0.001655877 0.009321663
0.001657477 0.009086375
0.001659077 0.009204019
0.001660677 0.008851087
0.001662277 0.009204019
0.001663877 0.009086375
0.001665477 0.009439307
0.001667077 0.008851087
0.001668677 0.009204019
0.001670277 0.008733443
0.001671877 0.008968731
0.001673477 0.008498155
0.001675077 0.008498155
0.001676677 0.008498155
0.001678277 0.008498155
0.001679877 0.007909936
0.001681477 0.008145223
0.001683077 0.00802758
0.001684677 0.007909936
0.001686277 0.007674648
0.001687877 0.00743936
0.001689477 0.007557004
0.001691077 0.007557004
0.001692677 0.007674648
0.001694277 0.007086428
0.001695877 0.006615852
0.001697477 0.00685114
0.001699077 0.006145276
0.001700677 0.006380564
0.001702277 0.0056747
0.001703877 0.005439412
0.001705477 0.005439412
0.001707077 0.005086481
0.001708677 0.004733549
0.001710277 0.004615905
0.001711877 0.004262973
0.001713477 0.003910041
0.001715077 0.003204177
0.001716677 0.003674753
0.001718277 0.003557109
0.001719877 0.002733601
0.001721477 0.002498313
0.001723077 0.002380669
0.001724677 0.00179245
0.001726277 0.001674806
0.001727877 0.000851298
0.001729477 0.0007336541
0.001731077 0.0001454343
0.001732677 -0.0004427855
0.001734277 -0.0005604295
0.001735877 -0.0009133613
0.001737477 -0.001383937
0.001739077 -0.002207445
0.001740677 -0.002207445
0.001742277 -0.002795665
0.001743877 -0.003736816
0.001745477 -0.003736816
0.001747077 -0.00444268
0.001748677 -0.004913256
0.001750277 -0.005148544
0.001751877 -0.005736764
0.001753477 -0.006324983
0.001755077 -0.006677915
0.001756677 -0.007266135
0.001758277 -0.007383779
0.001759877 -0.007971999
0.001761477 -0.008089643
0.001763077 -0.008560219
0.001764677 -0.008324931
0.001766277 -0.008913151
0.001767877 -0.009266082
0.001769477 -0.009266082
0.001771077 -0.009148438
0.001772677 -0.00950137
0.001774277 -0.009619014
0.001775877 -0.00950137
0.001777477 -0.009266082
0.001779077 -0.009030794
0.001780677 -0.009030794
0.001782277 -0.008560219
0.001783877 -0.008677863
0.001785477 -0.008795507
0.001787077 -0.008207287
0.001788677 -0.008089643
0.001790277 -0.008089643
0.001791877 -0.007854355
0.001793477 -0.007619067
0.001795077 -0.007971999
0.001796677 -0.007383779
0.001798277 -0.007736711
0.001799877 -0.007266135
0.001801477 -0.007383779
0.001803077 -0.007501423
0.001804677 -0.007619067
0.001806277 -0.007736711
0.001807877 -0.007501423
0.001809477 -0.007501423
0.001811077 -0.007971999
0.001812677 -0.007854355
0.001814277 -0.008089643
0.001815877 -0.007971999
0.001817477 -0.008324931
0.001819077 -0.008089643
0.001820677 -0.008324931
0.001822277 -0.008442575
0.001823877 -0.008913151
0.001825477 -0.008913151
0.001827077 -0.009030794
0.001828677 -0.009148438
0.001830277 -0.009383726
0.001831877 -0.00950137
0.001833477 -0.009971946
0.001835077 -0.009619014
0.001836677 -0.009971946
0.001838277 -0.01008959
0.001839877 -0.01020723
0.001841477 -0.009971946
0.001843077 -0.01056017
0.001844677 -0.009854302
0.001846277 -0.009971946
0.001847877 -0.009854302
0.001849477 -0.01008959
0.001851077 -0.009854302
0.001852677 -0.009736658
0.001854277 -0.009266082
0.001855877 -0.009736658
0.001857477 -0.00950137
0.001859077 -0.009971946
0.001860677 -0.009854302
0.001862277 -0.009854302
0.001863877 -0.009266082
0.001865477 -0.009854302
0.001867077 -0.00950137
0.001868677 -0.01032488
0.001870277 -0.01020723
0.001871877 -0.01056017
0.001873477 -0.01044252
0.001875077 -0.01079545
0.001876677 -0.01103074
0.001878277 -0.0109131
0.001879877 -0.01079545
0.001881477 -0.01114839
0.001883077 -0.01126603
0.001884677 -0.01126603
0.001886277 -0.0109131
0.001887877 -0.01103074
0.001889477 -0.01114839
0.001891077 -0.01126603
0.001892677 -0.01103074
0.001894277 -0.01114839
0.001895877 -0.01138367
0.001897477 -0.01150132
0.001899077 -0.01126603
0.001900677 -0.01161896
0.001902277 -0.01138367
0.001903877 -0.01138367
0.001905477 -0.01138367
0.001907077 -0.01161896
0.001908677 -0.0109131
0.001910277 -0.01150132
0.001911877 -0.01126603
0.001913477 -0.01114839
0.001915077 -0.01114839
0.001916677 -0.01067781
0.001918277 -0.01020723
0.001919877 -0.01008959
0.001921477 -0.00950137
0.001923077 -0.009619014
0.001924677 -0.008913151
0.001926277 -0.009148438
0.001927877 -0.008324931
0.001929477 -0.008207287
0.001931077 -0.007619067
0.001932677 -0.007619067
0.001934277 -0.007501423
0.001935877 -0.007501423
0.001937477 -0.007266135
0.001939077 -0.007383779
0.001940677 -0.007501423
0.001942277 -0.007266135
0.001943877 -0.007266135
0.001945477 -0.007854355
0.001947077 -0.007736711
0.001948677 -0.008560219
0.001950277 -0.008324931
0.001951877 -0.008560219
0.001953477 -0.008677863
0.001955077 -0.009266082
0.001956677 -0.009030794
0.001958277 -0.009148438
0.001959877 -0.008913151
0.001961477 -0.009383726
0.001963077 -0.009148438
0.001964677 -0.009266082
0.001966277 -0.009266082
0.001967877 -0.009383726
0.001969477 -0.008795507
0.001971077 -0.009030794
0.001972677 -0.008207287
0.001974277 -0.008207287
0.001975877 -0.007736711
0.001977477 -0.007619067
0.001979077 -0.006913203
0.001980677 -0.006442627
0.001982277 -0.006442627
0.001983877 -0.006324983
0.001985477 -0.004677968
0.001987077 -0.005266188
0.001988677 -0.00444268
0.001990277 -0.004560324
0.001991877 -0.004207392
0.001993477 -0.004207392
0.001995077 -0.00385446
0.001996677 -0.004207392
0.001998277 -0.004325036
0.001999877 -0.004089748
0.002001477 -0.004325036
0.002003077 -0.004560324
0.002004677 -0.004560324
0.002006277 -0.004677968
0.002007877 -0.004913256
0.002009477 -0.005148544
0.002011077 -0.0050309
0.002012677 -0.005266188
0.002014277 -0.005148544
0.002015877 -0.004913256
0.002017477 -0.0050309
0.002019077 -0.0050309
0.002020677 -0.0050309
0.002022277 -0.004089748
0.002023877 -0.00444268
0.002025477 -0.004207392
0.002027077 -0.003619172
0.002028677 -0.003383884
0.002030277 -0.002795665
0.002031877 -0.002795665
0.002033477 -0.001854513
0.002035077 -0.001619225
0.002036677 -0.0007957174
0.002038277 -0.0005604295
0.002039877 2.779033e-005
0.002041477 0.0002630782
0.002043077 0.000851298
0.002044677 0.000968942
0.002046277 0.001439518
0.002047877 0.00120423
0.002049477 0.001910094
0.002051077 0.001674806
0.002052677 0.00179245
0.002054277 0.001674806
0.002055877 0.00179245
0.002057477 0.001439518
0.002059077 0.001910094
0.002060677 0.001557162
0.002062277 0.002263026
0.002063877 0.002027738
0.002065477 0.002145382
0.002067077 0.002380669
0.002068677 0.002733601
0.002070277 0.002968889
0.002071877 0.003557109
0.002073477 0.003439465
0.002075077 0.004380617
0.002076677 0.004380617
0.002078277 0.004968837
0.002079877 0.005204125
0.002081477 0.006027632
0.002083077 0.006380564
0.002084677 0.006968784
0.002086277 0.007204072
0.002087877 0.007792292
0.002089477 0.007792292
0.002091077 0.008262867
0.002092677 0.008733443
0.002094277 0.008968731
0.002095877 0.009204019
0.002097477 0.009674595
0.002099077 0.009909883
0.002100677 0.01014517
0.002102277 0.0104981
0.002103877 0.01108632
0.002105477 0.01132161
0.002107077 0.01190983
0.002108677 0.01202747
0.002110277 0.01249805
0.002111877 0.01261569
0.002113477 0.01308627
0.002115077 0.01320391
0.002116677 0.01355685
0.002118277 0.01332156
0.002119877 0.01390978
0.002121477 0.01402742
0.002123077 0.01414507
0.002124677 0.01438035
0.002126277 0.01496857
0.002127877 0.01496857
0.002129477 0.01543915
0.002131077 0.01543915
0.002132677 0.01579208
0.002134277 0.01614501
0.002135877 0.01673323
0.002137477 0.01696852
0.002139077 0.01755674
0.002140677 0.01802732
0.002142277 0.01861554
0.002143877 0.01873318
0.002145477 0.01908611
0.002147077 0.01908611
0.002148677 0.01943904
0.002150277 0.01979198
0.002151877 0.01990962
0.002153477 0.02014491
0.002155077 0.02026255
0.002156677 0.01979198
0.002158277 0.02026255
0.002159877 0.02026255
0.002161477 0.02014491
0.002163077 0.02026255
0.002164677 0.02002726
0.002166277 0.01967433
0.002167877 0.01979198
0.002169477 0.01967433
0.002171077 0.0193214
0.002172677 0.01955669
0.002174277 0.01943904
0.002175877 0.01908611
0.002177477 0.01896847
0.002179077 0.01896847
0.002180677 0.01908611
0.002182277 0.01838025
0.002183877 0.01861554
0.002185477 0.01861554
0.002187077 0.01838025
0.002188677 0.01814496
0.002190277 0.01838025
0.002191877 0.01849789
0.002193477 0.01849789
0.002195077 0.01861554
0.002196677 0.01873318
0.002198277 0.01873318
0.002199877 0.0193214
0.002201477 0.01920376
0.002203077 0.0193214
0.002204677 0.01979198
0.002206277 0.01979198
0.002207877 0.01979198
0.002209477 0.0203802
0.002211077 0.0203802
0.002212677 0.02049784
0.002214277 0.02026255
0.002215877 0.02073313
0.002217477 0.02049784
0.002219077 0.02073313
0.002220677 0.02049784
0.002222277 0.02073313
0.002223877 0.02061548
0.002225477 0.02085077
0.002227077 0.0203802
0.002228677 0.02049784
0.002230277 0.02002726
0.002231877 0.0203802
0.002233477 0.02026255
0.002235077 0.01979198
0.002236677 0.01979198
0.002238277 0.01920376
0.002239877 0.01920376
0.002241477 0.0193214
0.002243077 0.01885082
0.002244677 0.01861554
0.002246277 0.01838025
0.002247877 0.01838025
0.002249477 0.01838025
0.002251077 0.0182626
0.002252677 0.0174391
0.002254277 0.01790967
0.002255877 0.01755674
0.002257477 0.01755674
0.002259077 0.0174391
0.002260677 0.0174391
0.002262277 0.0174391
0.002263877 0.01720381
0.002265477 0.01685088
0.002267077 0.01720381
0.002268677 0.01708616
0.002270277 0.01732145
0.002271877 0.01708616
0.002273477 0.01720381
0.002275077 0.01696852
0.002276677 0.01696852
0.002278277 0.01755674
0.002279877 0.01732145
0.002281477 0.01732145
0.002283077 0.0174391
0.002284677 0.0174391
0.002286277 0.0174391
0.002287877 0.01732145
0.002289477 0.0174391
0.002291077 0.0174391
0.002292677 0.01755674
0.002294277 0.01755674
0.002295877 0.01767438
0.002297477 0.0174391
0.002299077 0.01779203
0.002300677 0.01755674
0.002302277 0.0174391
0.002303877 0.0174391
0.002305477 0.01732145
0.002307077 0.0174391
0.002308677 0.0174391
0.002310277 0.01755674
0.002311877 0.01767438
0.002313477 0.01696852
0.002315077 0.01732145
0.002316677 0.01720381
0.002318277 0.01767438
0.002319877 0.01755674
0.002321477 0.01755674
0.002323077 0.01755674
0.002324677 0.01790967
0.002326277 0.0182626
0.002327877 0.01838025
0.002329477 0.01849789
0.002331077 0.01896847
0.002332677 0.01885082
0.002334277 0.01955669
0.002335877 0.01967433
0.002337477 0.01943904
0.002339077 0.01979198
0.002340677 0.02026255
0.002342277 0.02014491
0.002343877 0.02061548
0.002345477 0.02002726
0.002347077 0.02049784
0.002348677 0.02073313
0.002350277 0.02026255
0.002351877 0.02061548
0.002353477 0.02049784
0.002355077 0.02061548
0.002356677 0.02049784
0.002358277 0.0203802
0.002359877 0.02049784
0.002361477 0.02026255
0.002363077 0.02049784
0.002364677 0.0203802
0.002366277 0.02073313
0.002367877 0.02061548
0.002369477 0.0203802
0.002371077 0.02085077
0.002372677 0.02108606
0.002374277 0.02073313
0.002375877 0.02108606
0.002377477 0.02061548
0.002379077 0.02108606
0.002380677 0.02096841
0.002382277 0.02096841
0.002383877 0.02073313
0.002385477 0.02096841
0.002387077 0.02061548
0.002388677 0.02108606
0.002390277 0.02061548
0.002391877 0.02085077
0.002393477 0.02061548
0.002395077 0.02085077
0.002396677 0.02026255
0.002398277 0.02061548
0.002399877 0.02014491
0.002401477 0.02014491
0.002403077 0.02026255
0.002404677 0.01990962
0.002406277 0.02002726
0.002407877 0.02002726
0.002409477 0.0193214
0.002411077 0.01943904
0.002412677 0.0193214
0.002414277 0.01896847
0.002415877 0.01885082
0.002417477 0.01908611
0.002419077 0.01849789
0.002420677 0.01849789
0.002422277 0.01814496
0.002423877 0.01802732
0.002425477 0.01802732
0.002427077 0.01767438
0.002428677 0.01720381
0.002430277 0.01779203
0.002431877 0.01708616
0.002433477 0.01708616
0.002435077 0.01685088
0.002436677 0.01649794
0.002438277 0.01602737
0.002439877 0.0163803
0.002441477 0.01543915
0.002443077 0.01579208
0.002444677 0.01543915
0.002446277 0.01508622
0.002447877 0.01485093
0.002449477 0.01461564
0.002451077 0.01402742
0.002452677 0.01426271
0.002454277 0.0134392
0.002455877 0.01355685
0.002457477 0.01273334
0.002459077 0.01238041
0.002460677 0.01167454
0.002462277 0.0115569
0.002463877 0.0104981
0.002465477 0.01038046
0.002467077 0.009321663
0.002468677 0.009086375
0.002470277 0.008380511
0.002471877 0.007909936
0.002473477 0.007321716
0.002475077 0.00685114
0.002476677 0.00626292
0.002478277 0.0056747
0.002479877 0.005204125
0.002481477 0.004498261
0.002483077 0.004145329
0.002484677 0.003910041
0.002486277 0.002968889
0.002487877 0.002851245
0.002489477 0.002263026
0.002491077 0.002263026
0.002492677 0.001674806
0.002494277 0.002027738
0.002495877 0.001321874
0.002497477 0.00120423
0.002499077 0.000968942
0.002500677 0.001557162
0.002502277 0.000851298
0.002503877 0.001086586
0.002505477 0.000968942
0.002507077 0.001086586
0.002508677 0.00120423
0.002510277 0.001321874
0.002511877 0.001086586
0.002513477 0.001557162
0.002515077 0.001321874
0.002516677 0.001674806
0.002518277 0.001674806
0.002519877 0.001910094
0.002521477 0.001557162
0.002523077 0.002027738
0.002524677 0.001674806
0.002526277 0.002263026
0.002527877 0.00179245
0.002529477 0.002145382
0.002531077 0.001439518
0.002532677 0.001910094
0.002534277 0.001910094
0.002535877 0.001674806
0.002537477 0.001557162
0.002539077 0.001557162
0.002540677 0.001557162
0.002542277 0.001321874
0.002543877 0.001321874
0.002545477 0.00120423
0.002547077 0.001086586
0.002548677 0.001674806
0.002550277 0.000968942
0.002551877 0.001557162
0.002553477 0.00120423
0.002555077 0.001557162
0.002556677 0.001321874
0.002558277 0.001674806
0.002559877 0.001086586
0.002561477 0.001439518
0.002563077 0.001086586
0.002564677 0.001674806
0.002566277 0.00120423
0.002567877 0.001674806
0.002569477 0.001439518
0.002571077 0.001674806
0.002572677 0.00179245
0.002574277 0.00179245
0.002575877 0.00120423
0.002577477 0.001439518
0.002579077 0.00120423
0.002580677 0.001557162
0.002582277 0.00120423
0.002583877 0.00179245
0.002585477 0.0006160101
0.002587077 0.001086586
0.002588677 0.0006160101
0.002590277 0.000968942
0.002591877 0.0003807222
0.002593477 0.0001454343
0.002595077 -8.985363e-005
0.002596677 -0.0003251415
0.002598277 -0.0003251415
0.002599877 -0.0004427855
0.002601477 -0.0002074976
0.002603077 -0.0007957174
0.002604677 -0.001148649
0.002606277 -0.0003251415
0.002607877 -0.0004427855
0.002609477 -0.0002074976
0.002611077 -0.0002074976
0.002612677 0.0001454343
0.002614277 0.0002630782
0.002615877 0.0007336541
0.002617477 0.000968942
0.002619077 0.00179245
0.002620677 0.001674806
0.002622277 0.002263026
0.002623877 0.002263026
0.002625477 0.002968889
0.002627077 0.003086533
0.002628677 0.003439465
0.002630277 0.003321821
0.002631877 0.004145329
0.002633477 0.004027685
0.002635077 0.004380617
0.002636677 0.004380617
0.002638277 0.004615905
0.002639877 0.004262973
0.002641477 0.004498261
0.002643077 0.004380617
0.002644677 0.004498261
0.002646277 0.003910041
0.002647877 0.004145329
0.002649477 0.004027685
0.002651077 0.004262973
0.002652677 0.003674753
0.002654277 0.004027685
0.002655877 0.003674753
0.002657477 0.003910041
0.002659077 0.003439465
0.002660677 0.003674753
0.002662277 0.003204177
0.002663877 0.003439465
0.002665477 0.003204177
0.002667077 0.003321821
0.002668677 0.003439465
0.002670277 0.003321821
0.002671877 0.003204177
0.002673477 0.003557109
0.002675077 0.002498313
0.002676677 0.003321821
0.002678277 0.003086533
0.002679877 0.003321821
0.002681477 0.002968889
0.002683077 0.002851245
0.002684677 0.002615957
0.002686277 0.002615957
0.002687877 0.002498313
0.002689477 0.002145382
0.002691077 0.00179245
0.002692677 0.001910094
0.002694277 0.001439518
0.002695877 0.00120423
0.002697477 0.0007336541
0.002699077 0.0002630782
0.002700677 0.0001454343
0.002702277 -0.0003251415
0.002703877 -0.0009133613
0.002705477 -0.0007957174
0.002707077 -0.001736869
0.002708677 -0.001972157
0.002710277 -0.002089801
0.002711877 -0.002325089
0.002713477 -0.002795665
0.002715077 -0.003030953
0.002716677 -0.003266241
0.002718277 -0.003501528
0.002719877 -0.003736816
0.002721477 -0.003736816
0.002723077 -0.004089748
0.002724677 -0.003972104
0.002726277 -0.003972104
0.002727877 -0.003972104
0.002729477 -0.004560324
0.002731077 -0.004913256
0.002732677 -0.004913256
0.002734277 -0.004795612
0.002735877 -0.0050309
0.002737477 -0.004913256
0.002739077 -0.004913256
0.002740677 -0.004913256
0.002742277 -0.004913256
0.002743877 -0.005266188
0.002745477 -0.004560324
0.002747077 -0.004913256
0.002748677 -0.005501476
0.002750277 -0.005383832
0.002751877 -0.005383832
0.002753477 -0.005266188
0.002755077 -0.005501476
0.002756677 -0.005501476
0.002758277 -0.005736764
0.002759877 -0.005854408
0.002761477 -0.006089696
0.002763077 -0.005854408
0.002764677 -0.005972052
0.002766277 -0.006089696
0.002767877 -0.006207339
0.002769477 -0.006324983
0.002771077 -0.006442627
0.002772677 -0.006324983
0.002774277 -0.006677915
0.002775877 -0.006795559
0.002777477 -0.006913203
0.002779077 -0.006795559
0.002780677 -0.007266135
0.002782277 -0.007030847
0.002783877 -0.007501423
0.002785477 -0.007383779
0.002787077 -0.007501423
0.002788677 -0.007383779
0.002790277 -0.007383779
0.002791877 -0.007383779
0.002793477 -0.007736711
0.002795077 -0.007383779
0.002796677 -0.007501423
0.002798277 -0.007266135
0.002799877 -0.007736711
0.002801477 -0.007383779
0.002803077 -0.007619067
0.002804677 -0.007501423
0.002806277 -0.007501423
0.002807877 -0.007148491
0.002809477 -0.007619067
0.002811077 -0.007148491
0.002812677 -0.007148491
0.002814277 -0.007266135
0.002815877 -0.007854355
0.002817477 -0.007501423
0.002819077 -0.007148491
0.002820677 -0.007266135
0.002822277 -0.006913203
0.002823877 -0.006677915
0.002825477 -0.006677915
0.002827077 -0.006560271
0.002828677 -0.006207339
0.002830277 -0.006207339
0.002831877 -0.006324983
0.002833477 -0.005972052
0.002835077 -0.005736764
0.002836677 -0.00561912
0.002838277 -0.005266188
0.002839877 -0.005148544
0.002841477 -0.004913256
0.002843077 -0.004560324
0.002844677 -0.004207392
0.002846277 -0.003972104
0.002847877 -0.00385446
0.002849477 -0.003501528
0.002851077 -0.003030953
0.002852677 -0.002795665
0.002854277 -0.002442733
0.002855877 -0.002207445
0.002857477 -0.001854513
0.002859077 -0.001383937
0.002860677 -0.001501581
0.002862277 -0.0009133613
0.002863877 -0.0006780734
0.002865477 -0.0002074976
0.002867077 2.779033e-005
0.002868677 0.0004983662
0.002870277 0.0006160101
0.002871877 0.000851298
0.002873477 0.00120423
0.002875077 0.001557162
0.002876677 0.001557162
0.002878277 0.002263026
0.002879877 0.001910094
0.002881477 0.002145382
0.002883077 0.002027738
0.002884677 0.002851245
0.002886277 0.002498313
0.002887877 0.002968889
0.002889477 0.003439465
0.002891077 0.003439465
0.002892677 0.003439465
0.002894277 0.003910041
0.002895877 0.004027685
0.002897477 0.004145329
0.002899077 0.004380617
0.002900677 0.004498261
0.002902277 0.004851193
0.002903877 0.004851193
0.002905477 0.005439412
0.002907077 0.0056747
0.002908677 0.005321768
0.002910277 0.0056747
0.002911877 0.006027632
0.002913477 0.0056747
0.002915077 0.006027632
0.002916677 0.006498208
0.002918277 0.006498208
0.002919877 0.006733496
0.002921477 0.00685114
0.002923077 0.00685114
0.002924677 0.006968784
0.002926277 0.006733496
0.002927877 0.007086428
0.002929477 0.006968784
0.002931077 0.007321716
0.002932677 0.007321716
0.002934277 0.007321716
0.002935877 0.00743936
0.002937477 0.007557004
0.002939077 0.007674648
0.002940677 0.007909936
0.002942277 0.007557004
0.002943877 0.007204072
0.002945477 0.007321716
0.002947077 0.007086428
0.002948677 0.00685114
0.002950277 0.006733496
0.002951877 0.006733496
0.002953477 0.006615852
0.002955077 0.005909988
0.002956677 0.005439412
0.002958277 0.0056747
0.002959877 0.005321768
0.002961477 0.005204125
0.002963077 0.005321768
0.002964677 0.004733549
0.002966277 0.004380617
0.002967877 0.005086481
0.002969477 0.004380617
0.002971077 0.004733549
0.002972677 0.004615905
0.002974277 0.004733549
0.002975877 0.004498261
0.002977477 0.004733549
0.002979077 0.004851193
0.002980677 0.004733549
0.002982277 0.004968837
0.002983877 0.005086481
0.002985477 0.004968837
0.002987077 0.005204125
0.002988677 0.005204125
0.002990277 0.005557056
0.002991877 0.005204125
0.002993477 0.005321768
0.002995077 0.005204125
0.002996677 0.005557056
0.002998277 0.005321768
0.002999877 0.005557056
0.003001477 0.005204125
0.003003077 0.005204125
0.003004677 0.005204125
0.003006277 0.005321768
0.003007877 0.005439412
0.003009477 0.005321768
0.003011077 0.005321768
0.003012677 0.005909988
0.003014277 0.005321768
0.003015877 0.0056747
0.003017477 0.005086481
0.003019077 0.005321768
0.003020677 0.005557056
0.003022277 0.0056747
0.003023877 0.0056747
0.003025477 0.005439412
0.003027077 0.005321768
0.003028677 0.005792344
0.003030277 0.005321768
0.003031877 0.005557056
0.003033477 0.005321768
0.003035077 0.005557056
0.003036677 0.005557056
0.003038277 0.005557056
0.003039877 0.005439412
0.003041477 0.0056747
0.003043077 0.0056747
0.003044677 0.005439412
0.003046277 0.005439412
0.003047877 0.005439412
0.003049477 0.0056747
0.003051077 0.005909988
0.003052677 0.005792344
0.003054277 0.005909988
0.003055877 0.006380564
0.003057477 0.00626292
0.003059077 0.006380564
0.003060677 0.006968784
0.003062277 0.007204072
0.003063877 0.00743936
0.003065477 0.007674648
0.003067077 0.007909936
0.003068677 0.007674648
0.003070277 0.007674648
0.003071877 0.00802758
0.003073477 0.008380511
0.003075077 0.008145223
0.003076677 0.008851087
0.003078277 0.008615799
0.003079877 0.009086375
0.003081477 0.009086375
0.003083077 0.009556951
0.003084677 0.009086375
0.003086277 0.009086375
0.003087877 0.009204019
0.003089477 0.009556951
0.003091077 0.009556951
0.003092677 0.009556951
0.003094277 0.009204019
0.003095877 0.009674595
0.003097477 0.009674595
0.003099077 0.009674595
0.003100677 0.009792239
0.003102277 0.009909883
0.003103877 0.01002753
0.003105477 0.01002753
0.003107077 0.01026281
0.003108677 0.01038046
0.003110277 0.01073339
0.003111877 0.01038046
0.003113477 0.01061575
0.003115077 0.01143925
0.003116677 0.01085103
0.003118277 0.01143925
0.003119877 0.01120397
0.003121477 0.0115569
0.003123077 0.01108632
0.003124677 0.01132161
0.003126277 0.01085103
0.003127877 0.01085103
0.003129477 0.01073339
0.003131077 0.01085103
0.003132677 0.01026281
0.003134277 0.01014517
0.003135877 0.009909883
0.003137477 0.009556951
0.003139077 0.008968731
0.003140677 0.008968731
0.003142277 0.008498155
0.003143877 0.008262867
0.003145477 0.007674648
0.003147077 0.00743936
0.003148677 0.006733496
0.003150277 0.006968784
0.003151877 0.006498208
0.003153477 0.006498208
0.003155077 0.0056747
0.003156677 0.005909988
0.003158277 0.006027632
0.003159877 0.006027632
0.003161477 0.006145276
0.003163077 0.006027632
0.003164677 0.006027632
0.003166277 0.005439412
0.003167877 0.005557056
0.003169477 0.0056747
0.003171077 0.005557056
0.003172677 0.005321768
0.003174277 0.005321768
0.003175877 0.005204125
0.003177477 0.004851193
0.003179077 0.005204125
0.003180677 0.004498261
0.003182277 0.004968837
0.003183877 0.004262973
0.003185477 0.004262973
0.003187077 0.004145329
0.003188677 0.003557109
0.003190277 0.002851245
0.003191877 0.002968889
0.003193477 0.002263026
0.003195077 0.002145382
0.003196677 0.001674806
0.003198277 0.001439518
0.003199877 0.0007336541
0.003201477 0.000851298
0.003203077 2.779033e-005
0.003204677 -0.0002074976
0.003206277 -0.001148649
0.003207877 -0.001501581
0.003209477 -0.001383937
0.003211077 -0.002089801
0.003212677 -0.002560377
0.003214277 -0.002795665
0.003215877 -0.003266241
0.003217477 -0.003266241
0.003219077 -0.003501528
0.003220677 -0.003383884
0.003222277 -0.004089748
0.003223877 -0.004089748
0.003225477 -0.004677968
0.003227077 -0.00444268
0.003228677 -0.005148544
0.003230277 -0.005266188
0.003231877 -0.005972052
0.003233477 -0.005854408
0.003235077 -0.005854408
0.003236677 -0.006089696
0.003238277 -0.006442627
0.003239877 -0.006560271
0.003241477 -0.007148491
0.003243077 -0.007266135
0.003244677 -0.007501423
0.003246277 -0.007619067
0.003247877 -0.007854355
0.003249477 -0.008207287
0.003251077 -0.008913151
0.003252677 -0.009030794
0.003254277 -0.00950137
0.003255877 -0.009854302
0.003257477 -0.01020723
0.003259077 -0.01067781
0.003260677 -0.01067781
0.003262277 -0.01126603
0.003263877 -0.01150132
0.003265477 -0.01197189
0.003267077 -0.01256011
0.003268677 -0.0127954
0.003270277 -0.01314833
0.003271877 -0.01338362
0.003273477 -0.01408948
0.003275077 -0.01408948
0.003276677 -0.01456006
0.003278277 -0.01503064
0.003279877 -0.01538357
0.003281477 -0.01597179
0.003283077 -0.01620708
0.003284677 -0.01632472
0.003286277 -0.0167953
0.003287877 -0.0167953
0.003289477 -0.01738352
0.003291077 -0.01773645
0.003292677 -0.01797174
0.003294277 -0.01832467
0.003295877 -0.01844231
0.003297477 -0.0186776
0.003299077 -0.01950111
0.003300677 -0.01961875
0.003302277 -0.01985404
0.003303877 -0.02008933
0.003305477 -0.02067755
0.003307077 -0.0205599
0.003308677 -0.02150105
0.003310277 -0.02173634
0.003311877 -0.02197163
0.003313477 -0.02267749
0.003315077 -0.02291278
0.003316677 -0.023501
0.003318277 -0.02373629
0.003319877 -0.02408922
0.003321477 -0.02420687
0.003323077 -0.0245598
0.003324677 -0.02514802
0.003326277 -0.0253833
0.003327877 -0.02550095
0.003329477 -0.02597152
0.003331077 -0.02585388
0.003332677 -0.02620681
0.003334277 -0.02632446
0.003335877 -0.02620681
0.003337477 -0.02655974
0.003339077 -0.0264421
0.003340677 -0.02632446
0.003342277 -0.02655974
0.003343877 -0.0264421
0.003345477 -0.02679503
0.003347077 -0.0264421
0.003348677 -0.02667739
0.003350277 -0.02655974
0.003351877 -0.02667739
0.003353477 -0.02691268
0.003355077 -0.02691268
0.003356677 -0.02679503
0.003358277 -0.02691268
0.003359877 -0.02714796
0.003361477 -0.02726561
0.003363077 -0.02738325
0.003364677 -0.02703032
0.003366277 -0.02773618
0.003367877 -0.0275009
0.003369477 -0.02761854
0.003371077 -0.02797147
0.003372677 -0.02844205
0.003374277 -0.0283244
0.003375877 -0.02879498
0.003377477 -0.02879498
0.003379077 -0.02891262
0.003380677 -0.02914791
0.003382277 -0.02926556
0.003383877 -0.0293832
0.003385477 -0.0293832
0.003387077 -0.02950084
0.003388677 -0.02973613
0.003390277 -0.0293832
0.003391877 -0.0293832
0.003393477 -0.02961849
0.003395077 -0.02973613
0.003396677 -0.02961849
0.003398277 -0.02973613
0.003399877 -0.02926556
0.003401477 -0.02950084
0.003403077 -0.02950084
0.003404677 -0.02926556
0.003406277 -0.0293832
0.003407877 -0.02926556
0.003409477 -0.02926556
0.003411077 -0.02926556
0.003412677 -0.02926556
0.003414277 -0.02926556
0.003415877 -0.0293832
0.003417477 -0.02950084
0.003419077 -0.02961849
0.003420677 -0.02961849
0.003422277 -0.02985378
0.003423877 -0.02973613
0.003425477 -0.02997142
0.003427077 -0.03020671
0.003428677 -0.03032435
0.003430277 -0.03067728
0.003431877 -0.03067728
0.003433477 -0.03091257
0.003435077 -0.03079493
0.003436677 -0.03103021
0.003438277 -0.03114786
0.003439877 -0.03138315
0.003441477 -0.03138315
0.003443077 -0.03173608
0.003444677 -0.03150079
0.003446277 -0.03185372
0.003447877 -0.03185372
0.003449477 -0.03173608
0.003451077 -0.03173608
0.003452677 -0.03185372
0.003454277 -0.03185372
0.003455877 -0.03220665
0.003457477 -0.03161843
0.003459077 -0.03197137
0.003460677 -0.03173608
0.003462277 -0.03173608
0.003463877 -0.0312655
0.003465477 -0.03138315
0.003467077 -0.0312655
0.003468677 -0.03103021
0.003470277 -0.03079493
0.003471877 -0.03079493
0.003473477 -0.03067728
0.003475077 -0.03067728
0.003476677 -0.03032435
0.003478277 -0.03020671
0.003479877 -0.03044199
0.003481477 -0.03020671
0.003483077 -0.03008906
0.003484677 -0.02985378
0.003486277 -0.03020671
0.003487877 -0.03044199
0.003489477 -0.02985378
0.003491077 -0.02985378
0.003492677 -0.03008906
0.003494277 -0.03020671
0.003495877 -0.03032435
0.003497477 -0.03067728
0.003499077 -0.03055964
0.003500677 -0.03044199
0.003502277 -0.03032435
0.003503877 -0.03044199
0.003505477 -0.03032435
0.003507077 -0.03067728
0.003508677 -0.03067728
0.003510277 -0.03032435
0.003511877 -0.03008906
0.003513477 -0.03055964
0.003515077 -0.03032435
0.003516677 -0.03020671
0.003518277 -0.02985378
0.003519877 -0.02950084
0.003521477 -0.0293832
0.003523077 -0.02903027
0.003524677 -0.02891262
0.003526277 -0.02891262
0.003527877 -0.02855969
0.003529477 -0.02808912
0.003531077 -0.02797147
0.003532677 -0.02761854
0.003534277 -0.02726561
0.003535877 -0.02691268
0.003537477 -0.02691268
0.003539077 -0.02667739
0.003540677 -0.02632446
0.003542277 -0.02632446
0.003543877 -0.02597152
0.003545477 -0.02585388
0.003547077 -0.02550095
0.003548677 -0.02550095
0.003550277 -0.02550095
0.003551877 -0.02503037
0.003553477 -0.02467744
0.003555077 -0.02479508
0.003556677 -0.02467744
0.003558277 -0.02408922
0.003559877 -0.02385393
0.003561477 -0.02420687
0.003563077 -0.02326571
0.003564677 -0.02303043
0.003566277 -0.02279514
0.003567877 -0.02244221
0.003569477 -0.02208927
0.003571077 -0.0216187
0.003572677 -0.02103048
0.003574277 -0.02079519
0.003575877 -0.02020697
0.003577477 -0.01950111
0.003579077 -0.01879524
0.003580677 -0.01855996
0.003582277 -0.01797174
0.003583877 -0.01726587
0.003585477 -0.01703058
0.003587077 -0.01632472
0.003588677 -0.01608943
0.003590277 -0.01561886
0.003591877 -0.01503064
0.003593477 -0.01444242
0.003595077 -0.01397184
0.003596677 -0.01350126
0.003598277 -0.01338362
0.003599877 -0.01338362
0.003601477 -0.01291305
0.003603077 -0.01267776
0.003604677 -0.01244247
0.003606277 -0.01185425
0.003607877 -0.01161896
0.003609477 -0.01161896
0.003611077 -0.01114839
0.003612677 -0.01067781
0.003614277 -0.01067781
0.003615877 -0.01032488
0.003617477 -0.01008959
0.003619077 -0.009619014
0.003620677 -0.009148438
0.003622277 -0.009266082
0.003623877 -0.008913151
0.003625477 -0.008795507
0.003627077 -0.008207287
0.003628677 -0.008324931
0.003630277 -0.007854355
0.003631877 -0.007736711
0.003633477 -0.006795559
0.003635077 -0.007383779
0.003636677 -0.006560271
0.003638277 -0.006560271
0.003639877 -0.005736764
0.003641477 -0.005972052
0.003643077 -0.005501476
0.003644677 -0.005501476
0.003646277 -0.005266188
0.003647877 -0.004913256
0.003649477 -0.004795612
0.003651077 -0.00444268
0.003652677 -0.004560324
0.003654277 -0.004207392
0.003655877 -0.00385446
0.003657477 -0.00385446
0.003659077 -0.003266241
0.003660677 -0.003030953
0.003662277 -0.003030953
0.003663877 -0.003030953
0.003665477 -0.002678021
0.003667077 -0.002913309
0.003668677 -0.002678021
0.003670277 -0.002325089
0.003671877 -0.001972157
0.003673477 -0.002325089
0.003675077 -0.001736869
0.003676677 -0.001619225
0.003678277 -0.001501581
0.003679877 -0.001383937
0.003681477 -0.001148649
0.003683077 -0.001031005
0.003684677 -0.001031005
0.003686277 -0.0006780734
0.003687877 -0.0009133613
0.003689477 -0.0006780734
0.003691077 -0.0004427855
0.003692677 -0.0005604295
0.003694277 2.779033e-005
0.003695877 -8.985363e-005
0.003697477 0.0004983662
0.003699077 0.0001454343
0.003700677 2.779033e-005
0.003702277 -0.0003251415
0.003703877 0.0004983662
0.003705477 0.000851298
0.003707077 0.000851298
0.003708677 0.000851298
0.003710277 0.001321874
0.003711877 0.000968942
0.003713477 0.00179245
0.003715077 0.00120423
0.003716677 0.002263026
0.003718277 0.002027738
0.003719877 0.002263026
0.003721477 0.002263026
0.003723077 0.002733601
0.003724677 0.002615957
0.003726277 0.002733601
0.003727877 0.002968889
0.003729477 0.002733601
0.003731077 0.002615957
0.003732677 0.003557109
0.003734277 0.003204177
0.003735877 0.003439465
0.003737477 0.003086533
0.003739077 0.003204177
0.003740677 0.003439465
0.003742277 0.003439465
0.003743877 0.003204177
0.003745477 0.002968889
0.003747077 0.002968889
0.003748677 0.003204177
0.003750277 0.003204177
0.003751877 0.003086533
0.003753477 0.003086533
0.003755077 0.003086533
0.003756677 0.003204177
0.003758277 0.003204177
0.003759877 0.003086533
0.003761477 0.003204177
0.003763077 0.003086533
0.003764677 0.003321821
0.003766277 0.003439465
0.003767877 0.003204177
0.003769477 0.003204177
0.003771077 0.003321821
0.003772677 0.002851245
0.003774277 0.003557109
0.003775877 0.003086533
0.003777477 0.003204177
0.003779077 0.002851245
0.003780677 0.003204177
0.003782277 0.002968889
0.003783877 0.003204177
0.003785477 0.002851245
0.003787077 0.002968889
0.003788677 0.002851245
0.003790277 0.002733601
0.003791877 0.002263026
0.003793477 0.002615957
0.003795077 0.002263026
0.003796677 0.002380669
0.003798277 0.002263026
0.003799877 0.002733601
0.003801477 0.001910094
0.003803077 0.002263026
0.003804677 0.002263026
0.003806277 0.002263026
0.003807877 0.002027738
0.003809477 0.002380669
0.003811077 0.002027738
0.003812677 0.002263026
0.003814277 0.001910094
0.003815877 0.002380669
0.003817477 0.002263026
0.003819077 0.002380669
0.003820677 0.002027738
0.003822277 0.002263026
0.003823877 0.002263026
0.003825477 0.002380669
0.003827077 0.002263026
0.003828677 0.002263026
0.003830277 0.002263026
0.003831877 0.002263026
0.003833477 0.002263026
0.003835077 0.002380669
0.003836677 0.002263026
0.003838277 0.002851245
0.003839877 0.002380669
0.003841477 0.002733601
0.003843077 0.002380669
0.003844677 0.002615957
0.003846277 0.002498313
0.003847877 0.002263026
0.003849477 0.002615957
0.003851077 0.002733601
0.003852677 0.002263026
0.003854277 0.002615957
0.003855877 0.002498313
0.003857477 0.002380669
0.003859077 0.002145382
0.003860677 0.002615957
0.003862277 0.002851245
0.003863877 0.002498313
0.003865477 0.002615957
0.003867077 0.002733601
0.003868677 0.002615957
0.003870277 0.002733601
0.003871877 0.002733601
0.003873477 0.002498313
0.003875077 0.002733601
0.003876677 0.002851245
0.003878277 0.002615957
0.003879877 0.002380669
0.003881477 0.002263026
0.003883077 0.002498313
0.003884677 0.002263026
0.003886277 0.002027738
0.003887877 0.002027738
0.003889477 0.002027738
0.003891077 0.001910094
0.003892677 0.002027738
0.003894277 0.001910094
0.003895877 0.00179245
0.003897477 0.001674806
0.003899077 0.001910094
0.003900677 0.001321874
0.003902277 0.001557162
0.003903877 0.001086586
0.003905477 0.00120423
0.003907077 0.001086586
0.003908677 0.001321874
0.003910277 0.001086586
0.003911877 0.001439518
0.003913477 0.001321874
0.003915077 0.001439518
0.003916677 0.001321874
0.003918277 0.001439518
0.003919877 0.001557162
0.003921477 0.001910094
0.003923077 0.001321874
0.003924677 0.001439518
0.003926277 0.001321874
0.003927877 0.001321874
0.003929477 0.000968942
0.003931077 0.001086586
0.003932677 0.000851298
0.003934277 0.001086586
0.003935877 0.0004983662
0.003937477 0.000851298
0.003939077 2.779033e-005
0.003940677 0.0003807222
0.003942277 0.0001454343
0.003943877 -8.985363e-005
0.003945477 -0.0004427855
0.003947077 -8.985363e-005
0.003948677 -0.001031005
0.003950277 -0.001383937
0.003951877 -0.001031005
0.003953477 -0.001266293
0.003955077 -0.001383937
0.003956677 -0.001854513
0.003958277 -0.001972157
0.003959877 -0.002089801
0.003961477 -0.002089801
0.003963077 -0.002207445
0.003964677 -0.002442733
0.003966277 -0.002795665
0.003967877 -0.002678021
0.003969477 -0.002442733
0.003971077 -0.003148597
0.003972677 -0.002442733
0.003974277 -0.002913309
0.003975877 -0.002795665
0.003977477 -0.002795665
0.003979077 -0.002678021
0.003980677 -0.003030953
0.003982277 -0.003030953
0.003983877 -0.003266241
0.003985477 -0.003148597
0.003987077 -0.003501528
0.003988677 -0.003266241
0.003990277 -0.003501528
0.003991877 -0.003266241
0.003993477 -0.003736816
0.003995077 -0.00385446
0.003996677 -0.003972104
0.003998277 -0.003972104
0.003999877 -0.004325036
0.004001477 -0.004089748
0.004003077 -0.004677968
0.004004677 -0.004677968
0.004006277 -0.004913256
0.004007877 -0.004913256
0.004009477 -0.005383832
0.004011077 -0.005383832
0.004012677 -0.005736764
0.004014277 -0.00561912
0.004015877 -0.006089696
0.004017477 -0.006089696
0.004019077 -0.006324983
0.004020677 -0.006442627
0.004022277 -0.006795559
0.004023877 -0.006913203
0.004025477 -0.006913203
0.004027077 -0.007148491
0.004028677 -0.007266135
0.004030277 -0.007266135
0.004031877 -0.007383779
0.004033477 -0.007266135
0.004035077 -0.007383779
0.004036677 -0.007266135
0.004038277 -0.006913203
0.004039877 -0.007030847
0.004041477 -0.006913203
0.004043077 -0.007030847
0.004044677 -0.006324983
0.004046277 -0.006089696
0.004047877 -0.005736764
0.004049477 -0.005972052
0.004051077 -0.005854408
0.004052677 -0.005383832
0.004054277 -0.0050309
0.004055877 -0.004560324
0.004057477 -0.00444268
0.004059077 -0.004560324
0.004060677 -0.004560324
0.004062277 -0.004325036
0.004063877 -0.004207392
0.004065477 -0.00385446
0.004067077 -0.003972104
0.004068677 -0.003619172
0.004070277 -0.003619172
0.004071877 -0.003619172
0.004073477 -0.003501528
0.004075077 -0.002795665
0.004076677 -0.003501528
0.004078277 -0.002795665
0.004079877 -0.002560377
0.004081477 -0.002325089
0.004083077 -0.002207445
0.004084677 -0.002089801
0.004086277 -0.002207445
0.004087877 -0.001972157
0.004089477 -0.001736869
0.004091077 -0.001383937
0.004092677 -0.001383937
0.004094277 -0.0007957174
0.004095877 -0.0006780734
0.004097477 -0.0002074976
0.004099077 -0.0002074976
0.004100677 0.0001454343
0.004102277 0.0001454343
0.004103877 0.0003807222
0.004105477 0.0007336541
0.004107077 0.000968942
0.004108677 0.000968942
0.004110277 0.00120423
0.004111877 0.001321874
0.004113477 0.002145382
0.004115077 0.002145382
0.004116677 0.002027738
0.004118277 0.002263026
0.004119877 0.002380669
0.004121477 0.002498313
0.004123077 0.002733601
0.004124677 0.002733601
0.004126277 0.002851245
0.004127877 0.003204177
0.004129477 0.003204177
0.004131077 0.003204177
0.004132677 0.003557109
0.004134277 0.003204177
0.004135877 0.003674753
0.004137477 0.003204177
0.004139077 0.003557109
0.004140677 0.004027685
0.004142277 0.003792397
0.004143877 0.003674753
0.004145477 0.004145329
0.004147077 0.003792397
0.004148677 0.004380617
0.004150277 0.004262973
0.004151877 0.004615905
0.004153477 0.004498261
0.004155077 0.004968837
0.004156677 0.004615905
0.004158277 0.005086481
0.004159877 0.005557056
0.004161477 0.0056747
0.004163077 0.005792344
0.004164677 0.006027632
0.004166277 0.00626292
0.004167877 0.00626292
0.004169477 0.006498208
0.004171077 0.006968784
0.004172677 0.006968784
0.004174277 0.006968784
0.004175877 0.007204072
0.004177477 0.007557004
0.004179077 0.00743936
0.004180677 0.00802758
0.004182277 0.007674648
0.004183877 0.007909936
0.004185477 0.00802758
0.004187077 0.008145223
0.004188677 0.008262867
0.004190277 0.008262867
0.004191877 0.00802758
0.004193477 0.008498155
0.004195077 0.008262867
0.004196677 0.008145223
0.004198277 0.008380511
0.004199877 0.008145223
0.004201477 0.008733443
