LECROYWS4024HD 19320 Waveform
Segments 1 SegmentSize 3127
Segment TrigTime TimeSinceSegment1
#1 23-Jun-2024 16:58:14 0                 
Time Ampl
-0.0008013394 0.0007336541
-0.0007997394 -8.985363e-005
-0.0007981394 0.0002630782
-0.0007965394 -0.0002074976
-0.0007949394 0.0001454343
-0.0007933394 2.779033e-005
-0.0007917394 0.0003807222
-0.0007901394 0.0001454343
-0.0007885394 0.0006160101
-0.0007869394 0.0001454343
-0.0007853394 0.0004983662
-0.0007837394 2.779033e-005
-0.0007821394 0.0002630782
-0.0007805394 -0.0002074976
-0.0007789394 2.779033e-005
-0.0007773394 2.779033e-005
-0.0007757394 0.0002630782
-0.0007741394 0.0001454343
-0.0007725394 0.0006160101
-0.0007709394 0.0002630782
-0.0007693394 0.0002630782
-0.0007677394 0.0003807222
-0.0007661394 0.0003807222
-0.0007645394 2.779033e-005
-0.0007629394 0.0002630782
-0.0007613394 0.0002630782
-0.0007597394 2.779033e-005
-0.0007581394 -0.0002074976
-0.0007565394 0.0002630782
-0.0007549394 2.779033e-005
-0.0007533394 2.779033e-005
-0.0007517394 0.0003807222
-0.0007501394 0.0003807222
-0.0007485394 0.0004983662
-0.0007469394 0.0004983662
-0.0007453394 0.0001454343
-0.0007437394 -0.0002074976
-0.0007421394 0.0002630782
-0.0007405394 0.0003807222
-0.0007389394 2.779033e-005
-0.0007373394 0.0003807222
-0.0007357394 0.0001454343
-0.0007341394 0.0003807222
-0.0007325394 0.0001454343
-0.0007309394 0.0003807222
-0.0007293394 0.0003807222
-0.0007277394 0.0006160101
-0.0007261394 0.0003807222
-0.0007245394 0.0003807222
-0.0007229394 -8.985363e-005
-0.0007213394 0.0001454343
-0.0007197394 0.0001454343
-0.0007181394 0.0001454343
-0.0007165394 -0.0002074976
-0.0007149394 0.0002630782
-0.0007133394 0.0002630782
-0.0007117394 0.0002630782
-0.0007101394 0.0004983662
-0.0007085394 0.0001454343
-0.0007069394 -8.985363e-005
-0.0007053394 2.779033e-005
-0.0007037394 2.779033e-005
-0.0007021394 2.779033e-005
-0.0007005394 -8.985363e-005
-0.0006989394 0.0002630782
-0.0006973394 -8.985363e-005
-0.0006957394 0.0004983662
-0.0006941394 0.0001454343
-0.0006925394 0.0004983662
-0.0006909394 0.0002630782
-0.0006893394 0.0006160101
-0.0006877394 0.0002630782
-0.0006861394 0.0004983662
-0.0006845394 0.0002630782
-0.0006829394 0.0003807222
-0.0006813394 0.0001454343
-0.0006797394 2.779033e-005
-0.0006781394 0.0001454343
-0.0006765394 0.0003807222
-0.0006749394 0.0004983662
-0.0006733394 0.0002630782
-0.0006717394 0.0001454343
-0.0006701394 0.0004983662
-0.0006685394 0.0003807222
-0.0006669394 0.0004983662
-0.0006653394 2.779033e-005
-0.0006637394 0.0001454343
-0.0006621394 0.0001454343
-0.0006605394 0.0004983662
-0.0006589394 -8.985363e-005
-0.0006573394 -8.985363e-005
-0.0006557394 -0.0003251415
-0.0006541394 2.779033e-005
-0.0006525394 0.0002630782
-0.0006509394 0.0002630782
-0.0006493394 2.779033e-005
-0.0006477394 0.0007336541
-0.0006461394 2.779033e-005
-0.0006445394 0.0004983662
-0.0006429394 2.779033e-005
-0.0006413394 0.0002630782
-0.0006397394 2.779033e-005
-0.0006381394 0.0001454343
-0.0006365394 -0.0002074976
-0.0006349394 0.0003807222
-0.0006333394 2.779033e-005
-0.0006317394 0.0004983662
-0.0006301394 0.0002630782
-0.0006285394 0.0001454343
-0.0006269394 0.0002630782
-0.0006253394 0.0006160101
-0.0006237394 -8.985363e-005
-0.0006221394 -8.985363e-005
-0.0006205394 2.779033e-005
-0.0006189394 0.0001454343
-0.0006173394 0.0001454343
-0.0006157394 2.779033e-005
-0.0006141394 0.0003807222
-0.0006125394 -8.985363e-005
-0.0006109394 0.0002630782
-0.0006093394 0.0001454343
-0.0006077394 0.0003807222
-0.0006061394 0.0006160101
-0.0006045394 0.0001454343
-0.0006029394 0.0004983662
-0.0006013394 0.0004983662
-0.0005997394 0.0001454343
-0.0005981394 2.779033e-005
-0.0005965394 2.779033e-005
-0.0005949394 0.0001454343
-0.0005933394 0.0004983662
-0.0005917394 -8.985363e-005
-0.0005901394 0.0002630782
-0.0005885394 0.0002630782
-0.0005869394 0.0003807222
-0.0005853394 0.0001454343
-0.0005837394 0.0003807222
-0.0005821394 -8.985363e-005
-0.0005805394 0.0002630782
-0.0005789394 0.0002630782
-0.0005773394 0.0002630782
-0.0005757394 2.779033e-005
-0.0005741394 2.779033e-005
-0.0005725394 -0.0003251415
-0.0005709394 0.0003807222
-0.0005693394 -0.0002074976
-0.0005677394 0.0001454343
-0.0005661394 0.0002630782
-0.0005645394 2.779033e-005
-0.0005629394 0.0004983662
-0.0005613394 2.779033e-005
-0.0005597394 2.779033e-005
-0.0005581394 0.0004983662
-0.0005565394 2.779033e-005
-0.0005549394 0.0002630782
-0.0005533394 0.0002630782
-0.0005517394 0.0001454343
-0.0005501394 0.0002630782
-0.0005485394 0.0002630782
-0.0005469394 -8.985363e-005
-0.0005453394 2.779033e-005
-0.0005437394 -8.985363e-005
-0.0005421394 0.0004983662
-0.0005405394 0.0002630782
-0.0005389394 0.0003807222
-0.0005373394 0.0001454343
-0.0005357394 0.0001454343
-0.0005341394 -8.985363e-005
-0.0005325394 0.0001454343
-0.0005309394 -0.0002074976
-0.0005293394 -8.985363e-005
-0.0005277394 0.0001454343
-0.0005261394 2.779033e-005
-0.0005245394 2.779033e-005
-0.0005229394 0.0003807222
-0.0005213394 0.0003807222
-0.0005197394 0.0004983662
-0.0005181394 0.0002630782
-0.0005165394 0.0001454343
-0.0005149394 2.779033e-005
-0.0005133394 -0.0003251415
-0.0005117394 2.779033e-005
-0.0005101394 0.0002630782
-0.0005085394 2.779033e-005
-0.0005069394 0.0001454343
-0.0005053394 0.0002630782
-0.0005037394 0.0001454343
-0.0005021394 0.0002630782
-0.0005005394 0.0002630782
-0.0004989394 0.0004983662
-0.0004973394 0.0003807222
-0.0004957394 0.0002630782
-0.0004941394 0.0002630782
-0.0004925394 0.0002630782
-0.0004909394 0.0003807222
-0.0004893394 0.0004983662
-0.0004877394 0.0002630782
-0.0004861394 -8.985363e-005
-0.0004845394 0.0003807222
-0.0004829394 0.0001454343
-0.0004813394 0.0003807222
-0.0004797394 0.0001454343
-0.0004781394 2.779033e-005
-0.0004765394 0.0002630782
-0.0004749394 0.0003807222
-0.0004733394 0.0003807222
-0.0004717394 0.0001454343
-0.0004701394 0.0002630782
-0.0004685394 -0.0002074976
-0.0004669394 0.0002630782
-0.0004653394 0.0001454343
-0.0004637394 0.0001454343
-0.0004621394 2.779033e-005
-0.0004605394 -8.985363e-005
-0.0004589394 0.0002630782
-0.0004573394 0.0002630782
-0.0004557394 0.0002630782
-0.0004541394 0.0001454343
-0.0004525394 0.0006160101
-0.0004509394 0.0002630782
-0.0004493394 0.0004983662
-0.0004477394 0.0001454343
-0.0004461394 0.0004983662
-0.0004445394 0.0002630782
-0.0004429394 0.0002630782
-0.0004413394 0.0001454343
-0.0004397394 0.0002630782
-0.0004381394 -8.985363e-005
-0.0004365394 0.0004983662
-0.0004349394 -8.985363e-005
-0.0004333394 0.0006160101
-0.0004317394 -8.985363e-005
-0.0004301394 0.0003807222
-0.0004285394 0.0004983662
-0.0004269394 0.0003807222
-0.0004253394 0.0001454343
-0.0004237394 0.0001454343
-0.0004221394 0.0001454343
-0.0004205394 0.0002630782
-0.0004189394 0.0001454343
-0.0004173394 -8.985363e-005
-0.0004157394 0.0001454343
-0.0004141394 2.779033e-005
-0.0004125394 -0.0002074976
-0.0004109394 0.0004983662
-0.0004093394 0.0003807222
-0.0004077394 0.0006160101
-0.0004061394 0.0003807222
-0.0004045394 0.0003807222
-0.0004029394 0.0002630782
-0.0004013394 0.0002630782
-0.0003997394 0.0001454343
-0.0003981394 0.0001454343
-0.0003965394 0.0001454343
-0.0003949394 0.0002630782
-0.0003933394 0.0001454343
-0.0003917394 0.0002630782
-0.0003901394 0.0001454343
-0.0003885394 0.0003807222
-0.0003869394 0.0002630782
-0.0003853394 0.0001454343
-0.0003837394 0.0003807222
-0.0003821394 0.0004983662
-0.0003805394 0.0004983662
-0.0003789394 0.0004983662
-0.0003773394 0.0004983662
-0.0003757394 0.0003807222
-0.0003741394 0.0002630782
-0.0003725394 0.0006160101
-0.0003709394 2.779033e-005
-0.0003693394 0.0002630782
-0.0003677394 0.0002630782
-0.0003661394 -8.985363e-005
-0.0003645394 2.779033e-005
-0.0003629394 0.0002630782
-0.0003613394 2.779033e-005
-0.0003597394 0.0007336541
-0.0003581394 2.779033e-005
-0.0003565394 0.000851298
-0.0003549394 2.779033e-005
-0.0003533394 0.0006160101
-0.0003517394 0.0004983662
-0.0003501394 0.0003807222
-0.0003485394 0.0002630782
-0.0003469394 0.0003807222
-0.0003453394 0.0003807222
-0.0003437394 2.779033e-005
-0.0003421394 2.779033e-005
-0.0003405394 0.0002630782
-0.0003389394 0.0001454343
-0.0003373394 0.0001454343
-0.0003357394 2.779033e-005
-0.0003341394 2.779033e-005
-0.0003325394 2.779033e-005
-0.0003309394 0.0001454343
-0.0003293394 2.779033e-005
-0.0003277394 0.0004983662
-0.0003261394 0.0003807222
-0.0003245394 0.0002630782
-0.0003229394 0.0002630782
-0.0003213394 2.779033e-005
-0.0003197394 2.779033e-005
-0.0003181394 0.0003807222
-0.0003165394 0.0002630782
-0.0003149394 0.0002630782
-0.0003133394 2.779033e-005
-0.0003117394 2.779033e-005
-0.0003101394 0.0002630782
-0.0003085394 0.0003807222
-0.0003069394 2.779033e-005
-0.0003053394 0.0002630782
-0.0003037394 -0.0002074976
-0.0003021394 0.0003807222
-0.0003005394 2.779033e-005
-0.0002989394 0.0007336541
-0.0002973394 0.0001454343
-0.0002957394 0.0002630782
-0.0002941394 0.0004983662
-0.0002925394 0.0003807222
-0.0002909394 2.779033e-005
-0.0002893394 0.0002630782
-0.0002877394 0.0002630782
-0.0002861394 0.0001454343
-0.0002845394 0.0002630782
-0.0002829394 -8.985363e-005
-0.0002813394 0.0001454343
-0.0002797394 0.0006160101
-0.0002781394 0.0001454343
-0.0002765394 0.0002630782
-0.0002749394 0.0003807222
-0.0002733394 0.0002630782
-0.0002717394 0.0002630782
-0.0002701394 0.0004983662
-0.0002685394 0.0001454343
-0.0002669394 0.0004983662
-0.0002653394 0.0002630782
-0.0002637394 0.0006160101
-0.0002621394 0.0001454343
-0.0002605394 0.0007336541
-0.0002589394 0.0003807222
-0.0002573394 0.0004983662
-0.0002557394 0.0003807222
-0.0002541394 0.0001454343
-0.0002525394 0.0002630782
-0.0002509394 0.0001454343
-0.0002493394 2.779033e-005
-0.0002477394 2.779033e-005
-0.0002461394 0.0002630782
-0.0002445394 0.0003807222
-0.0002429394 0.0001454343
-0.0002413394 0.0004983662
-0.0002397394 0.0001454343
-0.0002381394 0.0003807222
-0.0002365394 2.779033e-005
-0.0002349394 0.0004983662
-0.0002333394 0.0002630782
-0.0002317394 0.0003807222
-0.0002301394 0.0002630782
-0.0002285394 0.0006160101
-0.0002269394 0.0001454343
-0.0002253394 0.0002630782
-0.0002237394 0.0001454343
-0.0002221394 0.0006160101
-0.0002205394 0.0002630782
-0.0002189394 0.0006160101
-0.0002173394 0.0004983662
-0.0002157394 0.0007336541
-0.0002141394 0.0004983662
-0.0002125394 0.0003807222
-0.0002109394 -0.0004427855
-0.0002093394 -0.0002074976
-0.0002077394 -0.001031005
-0.0002061394 -0.001501581
-0.0002045394 -0.002442733
-0.0002029394 -0.002442733
-0.0002013394 -0.003148597
-0.0001997394 -0.003383884
-0.0001981394 -0.004325036
-0.0001965394 -0.005148544
-0.0001949394 -0.007266135
-0.0001933394 -0.008913151
-0.0001917394 -0.01114839
-0.0001901394 -0.01350126
-0.0001885394 -0.01844231
-0.0001869394 -0.02373629
-0.0001853394 -0.03020671
-0.0001837394 -0.03573597
-0.0001821394 -0.04044173
-0.0001805394 -0.04350047
-0.0001789394 -0.04726508
-0.0001773394 -0.05350021
-0.0001757394 -0.06091178
-0.0001741394 -0.06714691
-0.0001725394 -0.07302911
-0.0001709394 -0.07761722
-0.0001693394 -0.08255827
-0.0001677394 -0.08608759
-0.0001661394 -0.08961691
-0.0001645394 -0.09267565
-0.0001629394 -0.09455795
-0.0001613394 -0.09326387
-0.0001597394 -0.08832282
-0.0001581394 -0.07655843
-0.0001565394 -0.06020592
-0.0001549394 -0.04150053
-0.0001533394 -0.0253833
-0.0001517394 -0.01408948
-0.0001501394 -0.008560219
-0.0001485394 -0.007383779
-0.0001469394 -0.00950137
-0.0001453394 -0.01338362
-0.0001437394 -0.01855996
-0.0001421394 -0.02432451
-0.0001405394 -0.03079493
-0.0001389394 -0.03644184
-0.0001373394 -0.04055938
-0.0001357394 -0.04350047
-0.0001341394 -0.04667686
-0.0001325394 -0.0497356
-0.0001309394 -0.05326492
-0.0001293394 -0.05726482
-0.0001277394 -0.06079414
-0.0001261394 -0.06279408
-0.0001245394 -0.06385288
-0.0001229394 -0.06373524
-0.0001213394 -0.06220586
-0.0001197394 -0.06067649
-0.0001181394 -0.05891183
-0.0001165394 -0.05679424
-0.0001149394 -0.05397079
-0.0001133394 -0.0497356
-0.0001117394 -0.0430299
-0.0001101394 -0.03585362
-0.0001085394 -0.02914791
-0.0001069394 -0.023501
-0.0001053394 -0.02044226
-0.0001037394 -0.01879524
-0.0001021394 -0.01726587
-0.0001005394 -0.01597179
-9.89394e-005 -0.01503064
-9.73394e-005 -0.01503064
-9.57394e-005 -0.01597179
-9.41394e-005 -0.01808938
-9.25394e-005 -0.0205599
-9.09394e-005 -0.02267749
-8.93394e-005 -0.02550095
-8.77394e-005 -0.02855969
-8.61394e-005 -0.03150079
-8.45394e-005 -0.03408896
-8.29394e-005 -0.0360889
-8.13394e-005 -0.03773592
-7.97394e-005 -0.03914765
-7.81394e-005 -0.0400888
-7.65394e-005 -0.04020644
-7.49394e-005 -0.04055938
-7.33394e-005 -0.04055938
-7.17394e-005 -0.04055938
-7.01394e-005 -0.04102995
-6.85394e-005 -0.04173581
-6.69394e-005 -0.04126524
-6.53394e-005 -0.04102995
-6.37394e-005 -0.04126524
-6.21394e-005 -0.04185346
-6.05394e-005 -0.04244168
-5.89394e-005 -0.04267697
-5.73394e-005 -0.04138288
-5.57394e-005 -0.03855943
-5.41394e-005 -0.03467718
-5.25394e-005 -0.03020671
-5.09394e-005 -0.0253833
-4.93394e-005 -0.02103048
-4.77394e-005 -0.0176188
-4.61394e-005 -0.01538357
-4.45394e-005 -0.01303069
-4.29394e-005 -0.01114839
-4.13394e-005 -0.009619014
-3.97394e-005 -0.008913151
-3.81394e-005 -0.009266082
-3.65394e-005 -0.01044252
-3.49394e-005 -0.01314833
-3.33394e-005 -0.01597179
-3.17394e-005 -0.01832467
-3.01394e-005 -0.01903053
-2.85394e-005 -0.01973639
-2.69394e-005 -0.02020697
-2.53394e-005 -0.0216187
-2.37394e-005 -0.02303043
-2.21394e-005 -0.02432451
-2.05394e-005 -0.02444215
-1.89394e-005 -0.02408922
-1.73394e-005 -0.02291278
-1.57394e-005 -0.02114812
-1.41394e-005 -0.02020697
-1.25394e-005 -0.01891289
-1.09394e-005 -0.01726587
-9.3394e-006 -0.01608943
-7.7394e-006 -0.01420713
-6.1394e-006 -0.01232483
-4.5394e-006 -0.009619014
-2.9394e-006 -0.007148491
-1.3394e-006 -0.004207392
2.606e-007 -0.002678021
1.8606e-006 -0.0007957174
3.4606e-006 0.0007336541
5.0606e-006 0.002615957
6.6606e-006 0.005439412
8.2606e-006 0.007674648
9.8606e-006 0.009909883
1.14606e-005 0.01179219
1.30606e-005 0.01367449
1.46606e-005 0.01520386
1.62606e-005 0.01708616
1.78606e-005 0.01861554
1.94606e-005 0.02014491
2.10606e-005 0.02132135
2.26606e-005 0.0222625
2.42606e-005 0.02308601
2.58606e-005 0.02332129
2.74606e-005 0.02402716
2.90606e-005 0.02390951
3.06606e-005 0.02320365
3.22606e-005 0.02249779
3.38606e-005 0.02155663
3.54606e-005 0.02049784
3.70606e-005 0.01838025
3.86606e-005 0.01661559
4.02606e-005 0.01473329
4.18606e-005 0.01308627
4.34606e-005 0.01273334
4.50606e-005 0.01273334
4.66606e-005 0.01402742
4.82606e-005 0.01485093
4.98606e-005 0.01661559
5.14606e-005 0.01802732
5.30606e-005 0.02073313
5.46606e-005 0.02273307
5.62606e-005 0.02532124
5.78606e-005 0.02696826
5.94606e-005 0.02849763
6.10606e-005 0.02908585
6.26606e-005 0.02908585
6.42606e-005 0.02802705
6.58606e-005 0.02696826
6.74606e-005 0.02555653
6.90606e-005 0.02473302
7.06606e-005 0.02438009
7.22606e-005 0.02485067
7.38606e-005 0.02485067
7.54606e-005 0.02449773
7.70606e-005 0.02308601
7.86606e-005 0.02214485
8.02606e-005 0.0203802
8.18606e-005 0.01908611
8.34606e-005 0.01732145
8.50606e-005 0.01696852
8.66606e-005 0.01602737
8.82606e-005 0.0153215
8.98606e-005 0.01438035
9.14606e-005 0.01355685
9.30606e-005 0.01167454
9.46606e-005 0.01038046
9.62606e-005 0.008380511
9.78606e-005 0.00685114
9.94606e-005 0.004733549
0.0001010606 0.003439465
0.0001026606 0.001674806
0.0001042606 0.0006160101
0.0001058606 -0.0006780734
0.0001074606 -0.001383937
0.0001090606 -0.001619225
0.0001106606 -0.001383937
0.0001122606 -0.001031005
0.0001138606 0.0001454343
0.0001154606 0.0007336541
0.0001170606 0.002263026
0.0001186606 0.002851245
0.0001202606 0.004145329
0.0001218606 0.004851193
0.0001234606 0.005086481
0.0001250606 0.004851193
0.0001266606 0.004262973
0.0001282606 0.003910041
0.0001298606 0.003086533
0.0001314606 0.002263026
0.0001330606 0.002615957
0.0001346606 0.001321874
0.0001362606 0.001557162
0.0001378606 0.000968942
0.0001394606 0.0006160101
0.0001410606 -0.0003251415
0.0001426606 -0.001501581
0.0001442606 -0.002795665
0.0001458606 -0.00385446
0.0001474606 -0.00444268
0.0001490606 -0.005854408
0.0001506606 -0.006677915
0.0001522606 -0.007266135
0.0001538606 -0.008324931
0.0001554606 -0.009030794
0.0001570606 -0.01008959
0.0001586606 -0.01032488
0.0001602606 -0.01208954
0.0001618606 -0.01220718
0.0001634606 -0.01232483
0.0001650606 -0.01220718
0.0001666606 -0.01173661
0.0001682606 -0.01150132
0.0001698606 -0.0109131
0.0001714606 -0.01008959
0.0001730606 -0.00950137
0.0001746606 -0.008795507
0.0001762606 -0.007501423
0.0001778606 -0.006324983
0.0001794606 -0.005501476
0.0001810606 -0.004560324
0.0001826606 -0.003619172
0.0001842606 -0.003030953
0.0001858606 -0.002560377
0.0001874606 -0.002207445
0.0001890606 -0.002560377
0.0001906606 -0.002089801
0.0001922606 -0.001972157
0.0001938606 -0.001383937
0.0001954606 -0.001031005
0.0001970606 -0.0003251415
0.0001986606 0.0001454343
0.0002002606 0.0007336541
0.0002018606 0.001439518
0.0002034606 0.001321874
0.0002050606 0.0007336541
0.0002066606 -0.0006780734
0.0002082606 -0.002325089
0.0002098606 -0.004325036
0.0002114606 -0.00561912
0.0002130606 -0.007854355
0.0002146606 -0.00950137
0.0002162606 -0.01056017
0.0002178606 -0.01103074
0.0002194606 -0.01138367
0.0002210606 -0.01079545
0.0002226606 -0.01056017
0.0002242606 -0.009736658
0.0002258606 -0.009383726
0.0002274606 -0.008089643
0.0002290606 -0.007266135
0.0002306606 -0.006560271
0.0002322606 -0.00561912
0.0002338606 -0.004913256
0.0002354606 -0.003383884
0.0002370606 -0.001148649
0.0002386606 0.001321874
0.0002402606 0.003910041
0.0002418606 0.006968784
0.0002434606 0.01002753
0.0002450606 0.01273334
0.0002466606 0.01508622
0.0002482606 0.01720381
0.0002498606 0.01849789
0.0002514606 0.0193214
0.0002530606 0.01955669
0.0002546606 0.01990962
0.0002562606 0.01873318
0.0002578606 0.01790967
0.0002594606 0.01673323
0.0002610606 0.0153215
0.0002626606 0.01379213
0.0002642606 0.01238041
0.0002658606 0.01085103
0.0002674606 0.01002753
0.0002690606 0.009204019
0.0002706606 0.009204019
0.0002722606 0.008968731
0.0002738606 0.008733443
0.0002754606 0.009086375
0.0002770606 0.009439307
0.0002786606 0.009321663
0.0002802606 0.01002753
0.0002818606 0.01038046
0.0002834606 0.01085103
0.0002850606 0.01143925
0.0002866606 0.01167454
0.0002882606 0.01179219
0.0002898606 0.01273334
0.0002914606 0.01332156
0.0002930606 0.014498
0.0002946606 0.01555679
0.0002962606 0.01673323
0.0002978606 0.01779203
0.0002994606 0.01885082
0.0003010606 0.01943904
0.0003026606 0.01979198
0.0003042606 0.02014491
0.0003058606 0.02049784
0.0003074606 0.02061548
0.0003090606 0.02085077
0.0003106606 0.02073313
0.0003122606 0.02096841
0.0003138606 0.01990962
0.0003154606 0.0203802
0.0003170606 0.02049784
0.0003186606 0.02096841
0.0003202606 0.02108606
0.0003218606 0.02179192
0.0003234606 0.02296836
0.0003250606 0.02390951
0.0003266606 0.02543889
0.0003282606 0.02626239
0.0003298606 0.0270859
0.0003314606 0.02826234
0.0003330606 0.02885056
0.0003346606 0.030027
0.0003362606 0.03085051
0.0003378606 0.0310858
0.0003394606 0.0310858
0.0003410606 0.03155637
0.0003426606 0.03179166
0.0003442606 0.03261517
0.0003458606 0.03320339
0.0003474606 0.03355632
0.0003490606 0.03367396
0.0003506606 0.03379161
0.0003522606 0.03308574
0.0003538606 0.03237988
0.0003554606 0.0319093
0.0003570606 0.0310858
0.0003586606 0.030027
0.0003602606 0.0289682
0.0003618606 0.02790941
0.0003634606 0.0270859
0.0003650606 0.02614475
0.0003666606 0.02614475
0.0003682606 0.02543889
0.0003698606 0.02555653
0.0003714606 0.02473302
0.0003730606 0.02438009
0.0003746606 0.02332129
0.0003762606 0.02296836
0.0003778606 0.02214485
0.0003794606 0.02214485
0.0003810606 0.02167428
0.0003826606 0.02202721
0.0003842606 0.02179192
0.0003858606 0.0222625
0.0003874606 0.0222625
0.0003890606 0.02308601
0.0003906606 0.02367423
0.0003922606 0.02426245
0.0003938606 0.02496831
0.0003954606 0.02602711
0.0003970606 0.02638004
0.0003986606 0.02743883
0.0004002606 0.02826234
0.0004018606 0.02920349
0.0004034606 0.030027
0.0004050606 0.0310858
0.0004066606 0.03167402
0.0004082606 0.03237988
0.0004098606 0.03285045
0.0004114606 0.03332103
0.0004130606 0.03343867
0.0004146606 0.03390925
0.0004162606 0.03343867
0.0004178606 0.03355632
0.0004194606 0.03273281
0.0004210606 0.03226223
0.0004226606 0.03132108
0.0004242606 0.03073286
0.0004258606 0.03014464
0.0004274606 0.02967407
0.0004290606 0.02873292
0.0004306606 0.02837998
0.0004322606 0.02696826
0.0004338606 0.02626239
0.0004354606 0.02485067
0.0004370606 0.0241448
0.0004386606 0.02261543
0.0004402606 0.02238014
0.0004418606 0.02167428
0.0004434606 0.02132135
0.0004450606 0.02085077
0.0004466606 0.02108606
0.0004482606 0.02049784
0.0004498606 0.0203802
0.0004514606 0.02014491
0.0004530606 0.01990962
0.0004546606 0.01920376
0.0004562606 0.01873318
0.0004578606 0.01767438
0.0004594606 0.01708616
0.0004610606 0.01649794
0.0004626606 0.01626266
0.0004642606 0.01590972
0.0004658606 0.01626266
0.0004674606 0.01661559
0.0004690606 0.01720381
0.0004706606 0.01814496
0.0004722606 0.01908611
0.0004738606 0.01943904
0.0004754606 0.02073313
0.0004770606 0.02073313
0.0004786606 0.02132135
0.0004802606 0.02073313
0.0004818606 0.02014491
0.0004834606 0.01967433
0.0004850606 0.01838025
0.0004866606 0.01755674
0.0004882606 0.01708616
0.0004898606 0.0163803
0.0004914606 0.01543915
0.0004930606 0.01485093
0.0004946606 0.01414507
0.0004962606 0.0134392
0.0004978606 0.01296863
0.0004994606 0.01214512
0.0005010606 0.01202747
0.0005026606 0.01167454
0.0005042606 0.01108632
0.0005058606 0.01073339
0.0005074606 0.009674595
0.0005090606 0.008851087
0.0005106606 0.007557004
0.0005122606 0.006027632
0.0005138606 0.004733549
0.0005154606 0.003439465
0.0005170606 0.002263026
0.0005186606 0.0006160101
0.0005202606 -0.0006780734
0.0005218606 -0.001383937
0.0005234606 -0.002207445
0.0005250606 -0.002560377
0.0005266606 -0.002325089
0.0005282606 -0.001619225
0.0005298606 -0.0006780734
0.0005314606 0.0002630782
0.0005330606 0.002145382
0.0005346606 0.004027685
0.0005362606 0.005792344
0.0005378606 0.007792292
0.0005394606 0.009204019
0.0005410606 0.01002753
0.0005426606 0.01120397
0.0005442606 0.01143925
0.0005458606 0.01167454
0.0005474606 0.01132161
0.0005490606 0.01108632
0.0005506606 0.01026281
0.0005522606 0.0104981
0.0005538606 0.009321663
0.0005554606 0.008851087
0.0005570606 0.007674648
0.0005586606 0.006498208
0.0005602606 0.004968837
0.0005618606 0.004145329
0.0005634606 0.003321821
0.0005650606 0.002145382
0.0005666606 0.001321874
0.0005682606 0.0007336541
0.0005698606 0.0001454343
0.0005714606 -0.0006780734
0.0005730606 -0.0005604295
0.0005746606 -8.985363e-005
0.0005762606 0.0004983662
0.0005778606 0.001910094
0.0005794606 0.002968889
0.0005810606 0.003439465
0.0005826606 0.004615905
0.0005842606 0.005557056
0.0005858606 0.00626292
0.0005874606 0.007086428
0.0005890606 0.008145223
0.0005906606 0.009204019
0.0005922606 0.01002753
0.0005938606 0.01085103
0.0005954606 0.01120397
0.0005970606 0.01143925
0.0005986606 0.01108632
0.0006002606 0.01073339
0.0006018606 0.01026281
0.0006034606 0.009321663
0.0006050606 0.008615799
0.0006066606 0.007321716
0.0006082606 0.005792344
0.0006098606 0.004615905
0.0006114606 0.002733601
0.0006130606 0.001910094
0.0006146606 2.779033e-005
0.0006162606 -0.001148649
0.0006178606 -0.001972157
0.0006194606 -0.003148597
0.0006210606 -0.004325036
0.0006226606 -0.005148544
0.0006242606 -0.005972052
0.0006258606 -0.006677915
0.0006274606 -0.007148491
0.0006290606 -0.006913203
0.0006306606 -0.007383779
0.0006322606 -0.006324983
0.0006338606 -0.005501476
0.0006354606 -0.00444268
0.0006370606 -0.003030953
0.0006386606 -0.001383937
0.0006402606 0.001086586
0.0006418606 0.003204177
0.0006434606 0.004968837
0.0006450606 0.007086428
0.0006466606 0.008380511
0.0006482606 0.009439307
0.0006498606 0.01014517
0.0006514606 0.01085103
0.0006530606 0.01073339
0.0006546606 0.01073339
0.0006562606 0.009674595
0.0006578606 0.008968731
0.0006594606 0.008262867
0.0006610606 0.006615852
0.0006626606 0.005321768
0.0006642606 0.003439465
0.0006658606 0.002263026
0.0006674606 0.001086586
0.0006690606 0.0002630782
0.0006706606 -8.985363e-005
0.0006722606 -0.0006780734
0.0006738606 -0.0003251415
0.0006754606 -0.0006780734
0.0006770606 -8.985363e-005
0.0006786606 0.000851298
0.0006802606 0.001439518
0.0006818606 0.002263026
0.0006834606 0.003557109
0.0006850606 0.004380617
0.0006866606 0.005909988
0.0006882606 0.007321716
0.0006898606 0.008498155
0.0006914606 0.009792239
0.0006930606 0.01108632
0.0006946606 0.01226276
0.0006962606 0.01332156
0.0006978606 0.01402742
0.0006994606 0.01473329
0.0007010606 0.01543915
0.0007026606 0.01614501
0.0007042606 0.01661559
0.0007058606 0.01767438
0.0007074606 0.01802732
0.0007090606 0.01896847
0.0007106606 0.01943904
0.0007122606 0.01990962
0.0007138606 0.01979198
0.0007154606 0.02061548
0.0007170606 0.02073313
0.0007186606 0.02096841
0.0007202606 0.02061548
0.0007218606 0.02073313
0.0007234606 0.02061548
0.0007250606 0.02026255
0.0007266606 0.0203802
0.0007282606 0.02049784
0.0007298606 0.0203802
0.0007314606 0.02049784
0.0007330606 0.0203802
0.0007346606 0.02073313
0.0007362606 0.0203802
0.0007378606 0.02026255
0.0007394606 0.01967433
0.0007410606 0.01955669
0.0007426606 0.01849789
0.0007442606 0.01790967
0.0007458606 0.01755674
0.0007474606 0.0174391
0.0007490606 0.01732145
0.0007506606 0.0174391
0.0007522606 0.01720381
0.0007538606 0.0174391
0.0007554606 0.01708616
0.0007570606 0.01696852
0.0007586606 0.01661559
0.0007602606 0.01649794
0.0007618606 0.01602737
0.0007634606 0.01543915
0.0007650606 0.0153215
0.0007666606 0.014498
0.0007682606 0.01332156
0.0007698606 0.01261569
0.0007714606 0.01132161
0.0007730606 0.01108632
0.0007746606 0.01014517
0.0007762606 0.009909883
0.0007778606 0.009439307
0.0007794606 0.008968731
0.0007810606 0.008145223
0.0007826606 0.007792292
0.0007842606 0.007204072
0.0007858606 0.00685114
0.0007874606 0.006027632
0.0007890606 0.0056747
0.0007906606 0.004851193
0.0007922606 0.004733549
0.0007938606 0.003792397
0.0007954606 0.003792397
0.0007970606 0.003792397
0.0007986606 0.004262973
0.0008002606 0.004380617
0.0008018606 0.004968837
0.0008034606 0.005439412
0.0008050606 0.0056747
0.0008066606 0.005792344
0.0008082606 0.005909988
0.0008098606 0.005557056
0.0008114606 0.006027632
0.0008130606 0.0056747
0.0008146606 0.006498208
0.0008162606 0.006380564
0.0008178606 0.006615852
0.0008194606 0.006498208
0.0008210606 0.00685114
0.0008226606 0.006968784
0.0008242606 0.007321716
0.0008258606 0.007792292
0.0008274606 0.008615799
0.0008290606 0.008968731
0.0008306606 0.009439307
0.0008322606 0.01014517
0.0008338606 0.01108632
0.0008354606 0.01120397
0.0008370606 0.01214512
0.0008386606 0.01285098
0.0008402606 0.01367449
0.0008418606 0.01355685
0.0008434606 0.01461564
0.0008450606 0.01461564
0.0008466606 0.0153215
0.0008482606 0.0153215
0.0008498606 0.01579208
0.0008514606 0.01579208
0.0008530606 0.01614501
0.0008546606 0.01567444
0.0008562606 0.01626266
0.0008578606 0.01579208
0.0008594606 0.01626266
0.0008610606 0.01567444
0.0008626606 0.01579208
0.0008642606 0.0153215
0.0008658606 0.01473329
0.0008674606 0.01426271
0.0008690606 0.01426271
0.0008706606 0.01379213
0.0008722606 0.0134392
0.0008738606 0.01308627
0.0008754606 0.01226276
0.0008770606 0.01132161
0.0008786606 0.01085103
0.0008802606 0.0104981
0.0008818606 0.009909883
0.0008834606 0.009674595
0.0008850606 0.009204019
0.0008866606 0.008733443
0.0008882606 0.007909936
0.0008898606 0.00743936
0.0008914606 0.007321716
0.0008930606 0.006380564
0.0008946606 0.006145276
0.0008962606 0.005439412
0.0008978606 0.004498261
0.0008994606 0.003557109
0.0009010606 0.003674753
0.0009026606 0.003557109
0.0009042606 0.003792397
0.0009058606 0.004262973
0.0009074606 0.005086481
0.0009090606 0.005909988
0.0009106606 0.007086428
0.0009122606 0.007321716
0.0009138606 0.008380511
0.0009154606 0.008851087
0.0009170606 0.009792239
0.0009186606 0.009674595
0.0009202606 0.01073339
0.0009218606 0.01096868
0.0009234606 0.01143925
0.0009250606 0.01167454
0.0009266606 0.01167454
0.0009282606 0.01179219
0.0009298606 0.01238041
0.0009314606 0.01238041
0.0009330606 0.01285098
0.0009346606 0.01308627
0.0009362606 0.01273334
0.0009378606 0.01285098
0.0009394606 0.01249805
0.0009410606 0.01190983
0.0009426606 0.01179219
0.0009442606 0.01085103
0.0009458606 0.0104981
0.0009474606 0.009674595
0.0009490606 0.009086375
0.0009506606 0.008145223
0.0009522606 0.007321716
0.0009538606 0.006380564
0.0009554606 0.005792344
0.0009570606 0.004968837
0.0009586606 0.004968837
0.0009602606 0.004145329
0.0009618606 0.004027685
0.0009634606 0.003910041
0.0009650606 0.004262973
0.0009666606 0.004615905
0.0009682606 0.005792344
0.0009698606 0.00626292
0.0009714606 0.007674648
0.0009730606 0.00802758
0.0009746606 0.008733443
0.0009762606 0.009556951
0.0009778606 0.01038046
0.0009794606 0.01120397
0.0009810606 0.01132161
0.0009826606 0.01190983
0.0009842606 0.01261569
0.0009858606 0.01249805
0.0009874606 0.01308627
0.0009890606 0.01226276
0.0009906606 0.01273334
0.0009922606 0.01226276
0.0009938606 0.01214512
0.0009954606 0.01096868
0.0009970606 0.01096868
0.0009986606 0.009792239
0.001000261 0.008851087
0.001001861 0.007792292
0.001003461 0.00685114
0.001005061 0.005792344
0.001006661 0.004262973
0.001008261 0.003321821
0.001009861 0.002615957
0.001011461 0.00179245
0.001013061 0.001086586
0.001014661 0.0007336541
0.001016261 0.0006160101
0.001017861 0.0002630782
0.001019461 0.0002630782
0.001021061 -8.985363e-005
0.001022661 0.0002630782
0.001024261 0.0001454343
0.001025861 0.0003807222
0.001027461 0.000968942
0.001029061 0.00179245
0.001030661 0.001910094
0.001032261 0.002733601
0.001033861 0.002968889
0.001035461 0.003910041
0.001037061 0.004733549
0.001038661 0.005321768
0.001040261 0.005557056
0.001041861 0.006615852
0.001043461 0.00743936
0.001045061 0.00802758
0.001046661 0.008498155
0.001048261 0.009439307
0.001049861 0.009204019
0.001051461 0.01002753
0.001053061 0.01014517
0.001054661 0.009556951
0.001056261 0.008851087
0.001057861 0.008380511
0.001059461 0.007204072
0.001061061 0.006027632
0.001062661 0.004968837
0.001064261 0.004145329
0.001065861 0.002498313
0.001067461 0.001910094
0.001069061 0.0003807222
0.001070661 0.0002630782
0.001072261 -0.0003251415
0.001073861 -0.0006780734
0.001075461 -0.0009133613
0.001077061 -0.001148649
0.001078661 -0.0004427855
0.001080261 -0.0002074976
0.001081861 0.0002630782
0.001083461 0.00120423
0.001085061 0.001086586
0.001086661 0.001910094
0.001088261 0.002027738
0.001089861 0.002263026
0.001091461 0.002145382
0.001093061 0.002498313
0.001094661 0.002733601
0.001096261 0.002498313
0.001097861 0.002498313
0.001099461 0.002380669
0.001101061 0.002263026
0.001102661 0.002263026
0.001104261 0.002145382
0.001105861 0.002380669
0.001107461 0.002498313
0.001109061 0.002498313
0.001110661 0.002615957
0.001112261 0.003086533
0.001113861 0.002851245
0.001115461 0.003086533
0.001117061 0.003086533
0.001118661 0.003910041
0.001120261 0.004380617
0.001121861 0.004968837
0.001123461 0.005439412
0.001125061 0.006027632
0.001126661 0.00626292
0.001128261 0.006380564
0.001129861 0.006733496
0.001131461 0.006380564
0.001133061 0.006498208
0.001134661 0.006615852
0.001136261 0.005792344
0.001137861 0.005204125
0.001139461 0.004380617
0.001141061 0.003792397
0.001142661 0.003204177
0.001144261 0.003321821
0.001145861 0.002733601
0.001147461 0.002851245
0.001149061 0.002498313
0.001150661 0.002380669
0.001152261 0.001674806
0.001153861 0.00179245
0.001155461 0.001086586
0.001157061 0.000968942
0.001158661 0.0003807222
0.001160261 0.0001454343
0.001161861 -0.0004427855
0.001163461 -0.001031005
0.001165061 -0.001501581
0.001166661 -0.001854513
0.001168261 -0.003030953
0.001169861 -0.002795665
0.001171461 -0.003148597
0.001173061 -0.004207392
0.001174661 -0.004207392
0.001176261 -0.00444268
0.001177861 -0.005266188
0.001179461 -0.006089696
0.001181061 -0.006795559
0.001182661 -0.006795559
0.001184261 -0.007501423
0.001185861 -0.008089643
0.001187461 -0.008207287
0.001189061 -0.008677863
0.001190661 -0.009030794
0.001192261 -0.009383726
0.001193861 -0.009619014
0.001195461 -0.009383726
0.001197061 -0.009383726
0.001198661 -0.009266082
0.001200261 -0.009266082
0.001201861 -0.009030794
0.001203461 -0.009383726
0.001205061 -0.00950137
0.001206661 -0.009971946
0.001208261 -0.009971946
0.001209861 -0.01079545
0.001211461 -0.01103074
0.001213061 -0.01173661
0.001214661 -0.01244247
0.001216261 -0.01291305
0.001217861 -0.01303069
0.001219461 -0.0138542
0.001221061 -0.0138542
0.001222661 -0.0138542
0.001224261 -0.01432477
0.001225861 -0.01420713
0.001227461 -0.01420713
0.001229061 -0.01444242
0.001230661 -0.01456006
0.001232261 -0.01479535
0.001233861 -0.0146777
0.001235461 -0.01503064
0.001237061 -0.01491299
0.001238661 -0.01503064
0.001240261 -0.01503064
0.001241861 -0.01538357
0.001243461 -0.01597179
0.001245061 -0.01597179
0.001246661 -0.01608943
0.001248261 -0.01632472
0.001249861 -0.01632472
0.001251461 -0.01667765
0.001253061 -0.01691294
0.001254661 -0.01703058
0.001256261 -0.01667765
0.001257861 -0.01714823
0.001259461 -0.01750116
0.001261061 -0.01726587
0.001262661 -0.01726587
0.001264261 -0.01750116
0.001265861 -0.0176188
0.001267461 -0.01738352
0.001269061 -0.01738352
0.001270661 -0.01750116
0.001272261 -0.0167953
0.001273861 -0.0167953
0.001275461 -0.01597179
0.001277061 -0.01585414
0.001278661 -0.01526592
0.001280261 -0.01538357
0.001281861 -0.01526592
0.001283461 -0.01526592
0.001285061 -0.01561886
0.001286661 -0.0157365
0.001288261 -0.01561886
0.001289861 -0.01608943
0.001291461 -0.01608943
0.001293061 -0.0167953
0.001294661 -0.0167953
0.001296261 -0.01726587
0.001297861 -0.01726587
0.001299461 -0.01750116
0.001301061 -0.01820702
0.001302661 -0.01832467
0.001304261 -0.01855996
0.001305861 -0.01891289
0.001307461 -0.01914817
0.001309061 -0.01926582
0.001310661 -0.01938346
0.001312261 -0.01961875
0.001313861 -0.01926582
0.001315461 -0.01938346
0.001317061 -0.01903053
0.001318661 -0.01879524
0.001320261 -0.01844231
0.001321861 -0.01832467
0.001323461 -0.01785409
0.001325061 -0.01808938
0.001326661 -0.01797174
0.001328261 -0.01832467
0.001329861 -0.01808938
0.001331461 -0.0186776
0.001333061 -0.01903053
0.001334661 -0.01985404
0.001336261 -0.0205599
0.001337861 -0.02114812
0.001339461 -0.02197163
0.001341061 -0.02291278
0.001342661 -0.02338336
0.001344261 -0.02420687
0.001345861 -0.02491273
0.001347461 -0.0253833
0.001349061 -0.02585388
0.001350661 -0.02597152
0.001352261 -0.02620681
0.001353861 -0.02585388
0.001355461 -0.02550095
0.001357061 -0.02573624
0.001358661 -0.02561859
0.001360261 -0.02526566
0.001361861 -0.02503037
0.001363461 -0.0245598
0.001365061 -0.02467744
0.001366661 -0.02408922
0.001368261 -0.023501
0.001369861 -0.02338336
0.001371461 -0.02267749
0.001373061 -0.02208927
0.001374661 -0.0216187
0.001376261 -0.02173634
0.001377861 -0.02138341
0.001379461 -0.02091283
0.001381061 -0.02044226
0.001382661 -0.02020697
0.001384261 -0.01973639
0.001385861 -0.01950111
0.001387461 -0.01914817
0.001389061 -0.01938346
0.001390661 -0.01950111
0.001392261 -0.01938346
0.001393861 -0.01938346
0.001395461 -0.01903053
0.001397061 -0.01985404
0.001398661 -0.01938346
0.001400261 -0.01914817
0.001401861 -0.01938346
0.001403461 -0.01938346
0.001405061 -0.01926582
0.001406661 -0.01926582
0.001408261 -0.01950111
0.001409861 -0.01938346
0.001411461 -0.01973639
0.001413061 -0.01926582
0.001414661 -0.01985404
0.001416261 -0.01961875
0.001417861 -0.02020697
0.001419461 -0.02020697
0.001421061 -0.02008933
0.001422661 -0.01997168
0.001424261 -0.01961875
0.001425861 -0.01926582
0.001427461 -0.01914817
0.001429061 -0.01832467
0.001430661 -0.0176188
0.001432261 -0.01714823
0.001433861 -0.01608943
0.001435461 -0.01561886
0.001437061 -0.0146777
0.001438661 -0.01408948
0.001440261 -0.01326598
0.001441861 -0.0127954
0.001443461 -0.01197189
0.001445061 -0.01197189
0.001446661 -0.01173661
0.001448261 -0.01161896
0.001449861 -0.01173661
0.001451461 -0.01173661
0.001453061 -0.01220718
0.001454661 -0.01232483
0.001456261 -0.0127954
0.001457861 -0.01291305
0.001459461 -0.01373655
0.001461061 -0.01373655
0.001462661 -0.01432477
0.001464261 -0.01444242
0.001465861 -0.01444242
0.001467461 -0.01420713
0.001469061 -0.01514828
0.001470661 -0.01491299
0.001472261 -0.0157365
0.001473861 -0.01550121
0.001475461 -0.01526592
0.001477061 -0.0146777
0.001478661 -0.01479535
0.001480261 -0.01479535
0.001481861 -0.01432477
0.001483461 -0.01444242
0.001485061 -0.01397184
0.001486661 -0.01408948
0.001488261 -0.01397184
0.001489861 -0.0138542
0.001491461 -0.01397184
0.001493061 -0.01338362
0.001494661 -0.01326598
0.001496261 -0.01338362
0.001497861 -0.01361891
0.001499461 -0.01326598
0.001501061 -0.01326598
0.001502661 -0.01314833
0.001504261 -0.01338362
0.001505861 -0.01361891
0.001507461 -0.01397184
0.001509061 -0.01479535
0.001510661 -0.01514828
0.001512261 -0.01550121
0.001513861 -0.01644236
0.001515461 -0.01656001
0.001517061 -0.01726587
0.001518661 -0.01691294
0.001520261 -0.01691294
0.001521861 -0.01644236
0.001523461 -0.01620708
0.001525061 -0.01538357
0.001526661 -0.01503064
0.001528261 -0.01444242
0.001529861 -0.0138542
0.001531461 -0.01350126
0.001533061 -0.01256011
0.001534661 -0.01173661
0.001536261 -0.01138367
0.001537861 -0.01126603
0.001539461 -0.01056017
0.001541061 -0.009736658
0.001542661 -0.008795507
0.001544261 -0.008089643
0.001545861 -0.007854355
0.001547461 -0.007266135
0.001549061 -0.006795559
0.001550661 -0.00561912
0.001552261 -0.00561912
0.001553861 -0.00444268
0.001555461 -0.004207392
0.001557061 -0.003619172
0.001558661 -0.003266241
0.001560261 -0.002913309
0.001561861 -0.002913309
0.001563461 -0.002678021
0.001565061 -0.002913309
0.001566661 -0.003619172
0.001568261 -0.003501528
0.001569861 -0.004207392
0.001571461 -0.00444268
0.001573061 -0.004560324
0.001574661 -0.0050309
0.001576261 -0.00561912
0.001577861 -0.005854408
0.001579461 -0.006089696
0.001581061 -0.00561912
0.001582661 -0.006089696
0.001584261 -0.00561912
0.001585861 -0.005736764
0.001587461 -0.005501476
0.001589061 -0.0050309
0.001590661 -0.004913256
0.001592261 -0.004913256
0.001593861 -0.003972104
0.001595461 -0.004325036
0.001597061 -0.004207392
0.001598661 -0.004325036
0.001600261 -0.00385446
0.001601861 -0.003972104
0.001603461 -0.00385446
0.001605061 -0.003619172
0.001606661 -0.003383884
0.001608261 -0.002560377
0.001609861 -0.002678021
0.001611461 -0.002325089
0.001613061 -0.002089801
0.001614661 -0.001619225
0.001616261 -0.001619225
0.001617861 -0.001619225
0.001619461 -0.001148649
0.001621061 -0.001148649
0.001622661 -0.0007957174
0.001624261 -0.0004427855
0.001625861 -0.0003251415
0.001627461 2.779033e-005
0.001629061 -0.0003251415
0.001630661 -8.985363e-005
0.001632261 2.779033e-005
0.001633861 0.0006160101
0.001635461 0.0002630782
0.001637061 0.0007336541
0.001638661 0.0004983662
0.001640261 0.0007336541
0.001641861 0.0001454343
0.001643461 0.0006160101
0.001645061 0.0006160101
0.001646661 0.000968942
0.001648261 0.001439518
0.001649861 0.00120423
0.001651461 0.00120423
0.001653061 0.001321874
0.001654661 0.001086586
0.001656261 0.001674806
0.001657861 0.001674806
0.001659461 0.00179245
0.001661061 0.001674806
0.001662661 0.002027738
0.001664261 0.001321874
0.001665861 0.002027738
0.001667461 0.00179245
0.001669061 0.002145382
0.001670661 0.002145382
0.001672261 0.002615957
0.001673861 0.002498313
0.001675461 0.002615957
0.001677061 0.002380669
0.001678661 0.002968889
0.001680261 0.002380669
0.001681861 0.002380669
0.001683461 0.001910094
0.001685061 0.001910094
0.001686661 0.001439518
0.001688261 0.001557162
0.001689861 0.00120423
0.001691461 0.001321874
0.001693061 0.001086586
0.001694661 0.001321874
0.001696261 0.001321874
0.001697861 0.00120423
0.001699461 0.001439518
0.001701061 0.001910094
0.001702661 0.001674806
0.001704261 0.001910094
0.001705861 0.002380669
0.001707461 0.002615957
0.001709061 0.002498313
0.001710661 0.002851245
0.001712261 0.002498313
0.001713861 0.002733601
0.001715461 0.003086533
0.001717061 0.003086533
0.001718661 0.003439465
0.001720261 0.003321821
0.001721861 0.003910041
0.001723461 0.004145329
0.001725061 0.004027685
0.001726661 0.004615905
0.001728261 0.004380617
0.001729861 0.004615905
0.001731461 0.004615905
0.001733061 0.005204125
0.001734661 0.005557056
0.001736261 0.005321768
0.001737861 0.005321768
0.001739461 0.006027632
0.001741061 0.006145276
0.001742661 0.006380564
0.001744261 0.006498208
0.001745861 0.006968784
0.001747461 0.007086428
0.001749061 0.007557004
0.001750661 0.007792292
0.001752261 0.008380511
0.001753861 0.008733443
0.001755461 0.009204019
0.001757061 0.009086375
0.001758661 0.01002753
0.001760261 0.01038046
0.001761861 0.01085103
0.001763461 0.01132161
0.001765061 0.01190983
0.001766661 0.01143925
0.001768261 0.01226276
0.001769861 0.01202747
0.001771461 0.01273334
0.001773061 0.01226276
0.001774661 0.01238041
0.001776261 0.01167454
0.001777861 0.01190983
0.001779461 0.01132161
0.001781061 0.01132161
0.001782661 0.01061575
0.001784261 0.009792239
0.001785861 0.009909883
0.001787461 0.009086375
0.001789061 0.008851087
0.001790661 0.008851087
0.001792261 0.008262867
0.001793861 0.008498155
0.001795461 0.007909936
0.001797061 0.008262867
0.001798661 0.008380511
0.001800261 0.008968731
0.001801861 0.009086375
0.001803461 0.009674595
0.001805061 0.01096868
0.001806661 0.01026281
0.001808261 0.01061575
0.001809861 0.01096868
0.001811461 0.01108632
0.001813061 0.01167454
0.001814661 0.01167454
0.001816261 0.01202747
0.001817861 0.01214512
0.001819461 0.01238041
0.001821061 0.01249805
0.001822661 0.01285098
0.001824261 0.01308627
0.001825861 0.01320391
0.001827461 0.0134392
0.001829061 0.01390978
0.001830661 0.01390978
0.001832261 0.01438035
0.001833861 0.014498
0.001835461 0.01496857
0.001837061 0.01438035
0.001838661 0.01508622
0.001840261 0.01485093
0.001841861 0.01508622
0.001843461 0.01520386
0.001845061 0.01543915
0.001846661 0.01496857
0.001848261 0.01520386
0.001849861 0.01485093
0.001851461 0.01590972
0.001853061 0.01520386
0.001854661 0.01543915
0.001856261 0.01485093
0.001857861 0.01473329
0.001859461 0.014498
0.001861061 0.014498
0.001862661 0.01390978
0.001864261 0.01414507
0.001865861 0.01355685
0.001867461 0.01390978
0.001869061 0.01320391
0.001870661 0.01320391
0.001872261 0.01285098
0.001873861 0.01355685
0.001875461 0.01296863
0.001877061 0.01249805
0.001878661 0.01190983
0.001880261 0.01190983
0.001881861 0.0115569
0.001883461 0.01202747
0.001885061 0.01167454
0.001886661 0.01179219
0.001888261 0.01179219
0.001889861 0.01143925
0.001891461 0.01143925
0.001893061 0.01179219
0.001894661 0.01096868
0.001896261 0.01108632
0.001897861 0.0104981
0.001899461 0.009792239
0.001901061 0.009556951
0.001902661 0.009204019
0.001904261 0.008968731
0.001905861 0.008262867
0.001907461 0.007792292
0.001909061 0.00743936
0.001910661 0.00685114
0.001912261 0.00685114
0.001913861 0.006145276
0.001915461 0.0056747
0.001917061 0.005204125
0.001918661 0.004733549
0.001920261 0.004145329
0.001921861 0.004027685
0.001923461 0.003086533
0.001925061 0.002968889
0.001926661 0.003086533
0.001928261 0.002851245
0.001929861 0.002615957
0.001931461 0.002498313
0.001933061 0.002145382
0.001934661 0.002733601
0.001936261 0.002380669
0.001937861 0.002851245
0.001939461 0.002733601
0.001941061 0.002733601
0.001942661 0.002968889
0.001944261 0.003204177
0.001945861 0.001674806
0.001947461 0.002615957
0.001949061 0.002380669
0.001950661 0.002498313
0.001952261 0.002027738
0.001953861 0.00179245
0.001955461 0.001321874
0.001957061 0.001086586
0.001958661 0.0007336541
0.001960261 0.0007336541
0.001961861 -0.0003251415
0.001963461 -8.985363e-005
0.001965061 -0.0007957174
0.001966661 -0.001031005
0.001968261 -0.001266293
0.001969861 -0.001501581
0.001971461 -0.001736869
0.001973061 -0.002207445
0.001974661 -0.002560377
0.001976261 -0.002913309
0.001977861 -0.002795665
0.001979461 -0.003383884
0.001981061 -0.003619172
0.001982661 -0.003619172
0.001984261 -0.004560324
0.001985861 -0.004325036
0.001987461 -0.004560324
0.001989061 -0.00444268
0.001990661 -0.004677968
0.001992261 -0.004325036
0.001993861 -0.004325036
0.001995461 -0.004325036
0.001997061 -0.004207392
0.001998661 -0.004089748
0.002000261 -0.004207392
0.002001861 -0.004325036
0.002003461 -0.004325036
0.002005061 -0.003972104
0.002006661 -0.004089748
0.002008261 -0.004089748
0.002009861 -0.004089748
0.002011461 -0.003972104
0.002013061 -0.00385446
0.002014661 -0.003619172
0.002016261 -0.003736816
0.002017861 -0.003266241
0.002019461 -0.002678021
0.002021061 -0.002442733
0.002022661 -0.002207445
0.002024261 -0.002089801
0.002025861 -0.002089801
0.002027461 -0.001619225
0.002029061 -0.001619225
0.002030661 -0.001501581
0.002032261 -0.001501581
0.002033861 -0.0009133613
0.002035461 -0.001383937
0.002037061 -0.001031005
0.002038661 -0.0006780734
0.002040261 -0.0004427855
0.002041861 2.779033e-005
0.002043461 -8.985363e-005
0.002045061 -8.985363e-005
0.002046661 0.0002630782
0.002048261 0.0002630782
0.002049861 0.000851298
0.002051461 0.0007336541
0.002053061 0.001557162
0.002054661 0.001086586
0.002056261 0.001321874
0.002057861 0.001557162
0.002059461 0.002380669
0.002061061 0.001910094
0.002062661 0.002498313
0.002064261 0.002968889
0.002065861 0.003321821
0.002067461 0.003557109
0.002069061 0.004027685
0.002070661 0.004145329
0.002072261 0.004851193
0.002073861 0.004968837
0.002075461 0.005439412
0.002077061 0.005909988
0.002078661 0.006615852
0.002080261 0.006968784
0.002081861 0.00743936
0.002083461 0.007674648
0.002085061 0.00802758
0.002086661 0.008145223
0.002088261 0.008498155
0.002089861 0.008733443
0.002091461 0.008851087
0.002093061 0.008968731
0.002094661 0.009439307
0.002096261 0.009321663
0.002097861 0.009674595
0.002099461 0.009556951
0.002101061 0.01014517
0.002102661 0.01014517
0.002104261 0.01026281
0.002105861 0.01061575
0.002107461 0.01073339
0.002109061 0.01108632
0.002110661 0.01132161
0.002112261 0.01143925
0.002113861 0.01179219
0.002115461 0.01214512
0.002117061 0.01226276
0.002118661 0.01226276
0.002120261 0.01249805
0.002121861 0.01238041
0.002123461 0.01249805
0.002125061 0.01261569
0.002126661 0.01285098
0.002128261 0.01179219
0.002129861 0.01214512
0.002131461 0.0115569
0.002133061 0.01190983
0.002134661 0.01167454
0.002136261 0.01179219
0.002137861 0.01167454
0.002139461 0.0115569
0.002141061 0.01167454
0.002142661 0.01226276
0.002144261 0.01108632
0.002145861 0.01096868
0.002147461 0.01038046
0.002149061 0.01014517
0.002150661 0.01002753
0.002152261 0.009439307
0.002153861 0.008615799
0.002155461 0.008498155
0.002157061 0.007557004
0.002158661 0.007204072
0.002160261 0.00685114
0.002161861 0.00685114
0.002163461 0.006027632
0.002165061 0.006145276
0.002166661 0.005086481
0.002168261 0.005321768
0.002169861 0.004498261
0.002171461 0.004615905
0.002173061 0.004262973
0.002174661 0.004145329
0.002176261 0.003321821
0.002177861 0.003674753
0.002179461 0.003204177
0.002181061 0.003204177
0.002182661 0.002733601
0.002184261 0.002733601
0.002185861 0.002733601
0.002187461 0.002851245
0.002189061 0.002498313
0.002190661 0.002498313
0.002192261 0.002027738
0.002193861 0.002498313
0.002195461 0.002027738
0.002197061 0.002263026
0.002198661 0.00179245
0.002200261 0.001674806
0.002201861 0.001086586
0.002203461 0.00120423
0.002205061 0.0007336541
0.002206661 0.0006160101
0.002208261 0.0001454343
0.002209861 -0.0002074976
0.002211461 -0.0002074976
0.002213061 0.0006160101
0.002214661 -0.0009133613
0.002216261 -0.001031005
0.002217861 -0.001266293
0.002219461 -0.001148649
0.002221061 -0.001383937
0.002222661 -0.001619225
0.002224261 -0.001736869
0.002225861 -0.001972157
0.002227461 -0.001972157
0.002229061 -0.001972157
0.002230661 -0.002089801
0.002232261 -0.001736869
0.002233861 -0.001972157
0.002235461 -0.001736869
0.002237061 -0.002325089
0.002238661 -0.001736869
0.002240261 -0.001972157
0.002241861 -0.001972157
0.002243461 -0.002325089
0.002245061 -0.001972157
0.002246661 -0.002560377
0.002248261 -0.002325089
0.002249861 -0.002795665
0.002251461 -0.002913309
0.002253061 -0.003383884
0.002254661 -0.003501528
0.002256261 -0.003619172
0.002257861 -0.003736816
0.002259461 -0.003972104
0.002261061 -0.00385446
0.002262661 -0.004325036
0.002264261 -0.00385446
0.002265861 -0.004207392
0.002267461 -0.00385446
0.002269061 -0.004207392
0.002270661 -0.00444268
0.002272261 -0.00444268
0.002273861 -0.004795612
0.002275461 -0.004795612
0.002277061 -0.004913256
0.002278661 -0.005383832
0.002280261 -0.005383832
0.002281861 -0.005383832
0.002283461 -0.006207339
0.002285061 -0.00561912
0.002286661 -0.005501476
0.002288261 -0.00561912
0.002289861 -0.0050309
0.002291461 -0.0050309
0.002293061 -0.00444268
0.002294661 -0.00444268
0.002296261 -0.00385446
0.002297861 -0.003266241
0.002299461 -0.002913309
0.002301061 -0.002207445
0.002302661 -0.001266293
0.002304261 -0.0007957174
0.002305861 0.0002630782
0.002307461 0.0001454343
0.002309061 0.000968942
0.002310661 0.001557162
0.002312261 0.002615957
0.002313861 0.002851245
0.002315461 0.003674753
0.002317061 0.003674753
0.002318661 0.004498261
0.002320261 0.004615905
0.002321861 0.004968837
0.002323461 0.005321768
0.002325061 0.005792344
0.002326661 0.0056747
0.002328261 0.006145276
0.002329861 0.006027632
0.002331461 0.006380564
0.002333061 0.006733496
0.002334661 0.006968784
0.002336261 0.006968784
0.002337861 0.007321716
0.002339461 0.007557004
0.002341061 0.007792292
0.002342661 0.008380511
0.002344261 0.008733443
0.002345861 0.008851087
0.002347461 0.009556951
0.002349061 0.009909883
0.002350661 0.01038046
0.002352261 0.01108632
0.002353861 0.01296863
0.002355461 0.01238041
0.002357061 0.01320391
0.002358661 0.01367449
0.002360261 0.01485093
0.002361861 0.01496857
0.002363461 0.01626266
0.002365061 0.01673323
0.002366661 0.01802732
0.002368261 0.01838025
0.002369861 0.0193214
0.002371461 0.01979198
0.002373061 0.02061548
0.002374661 0.02096841
0.002376261 0.02132135
0.002377861 0.02190957
0.002379461 0.0222625
0.002381061 0.02249779
0.002382661 0.02308601
0.002384261 0.02320365
0.002385861 0.02355658
0.002387461 0.02379187
0.002389061 0.02438009
0.002390661 0.02438009
0.002392261 0.02473302
0.002393861 0.02485067
0.002395461 0.02543889
0.002397061 0.0252036
0.002398661 0.02590946
0.002400261 0.02579182
0.002401861 0.02661532
0.002403461 0.02685061
0.002405061 0.02743883
0.002406661 0.02802705
0.002408261 0.0281447
0.002409861 0.02849763
0.002411461 0.02920349
0.002413061 0.02990936
0.002414661 0.03049758
0.002416261 0.03049758
0.002417861 0.0310858
0.002419461 0.03132108
0.002421061 0.03167402
0.002422661 0.03214459
0.002424261 0.03249752
0.002425861 0.03226223
0.002427461 0.03261517
0.002429061 0.03249752
0.002430661 0.0329681
0.002432261 0.03249752
0.002433861 0.03285045
0.002435461 0.03226223
0.002437061 0.03249752
0.002438661 0.03155637
0.002440261 0.03179166
0.002441861 0.03143873
0.002443461 0.03132108
0.002445061 0.03073286
0.002446661 0.03037993
0.002448261 0.03061522
0.002449861 0.03037993
0.002451461 0.02979171
0.002453061 0.02979171
0.002454661 0.02943878
0.002456261 0.02943878
0.002457861 0.0289682
0.002459461 0.02873292
0.002461061 0.0281447
0.002462661 0.0281447
0.002464261 0.02790941
0.002465861 0.02802705
0.002467461 0.0270859
0.002469061 0.02732119
0.002470661 0.02732119
0.002472261 0.0270859
0.002473861 0.02673297
0.002475461 0.02638004
0.002477061 0.02555653
0.002478661 0.02532124
0.002480261 0.02438009
0.002481861 0.02426245
0.002483461 0.02367423
0.002485061 0.02379187
0.002486661 0.02285072
0.002488261 0.02249779
0.002489861 0.02179192
0.002491461 0.02190957
0.002493061 0.02143899
0.002494661 0.0203802
0.002496261 0.02061548
0.002497861 0.02061548
0.002499461 0.02002726
0.002501061 0.02002726
0.002502661 0.01943904
0.002504261 0.01896847
0.002505861 0.0182626
0.002507461 0.0182626
0.002509061 0.0174391
0.002510661 0.0174391
0.002512261 0.01696852
0.002513861 0.01673323
0.002515461 0.01590972
0.002517061 0.01590972
0.002518661 0.01555679
0.002520261 0.01508622
0.002521861 0.01461564
0.002523461 0.01461564
0.002525061 0.01438035
0.002526661 0.01438035
0.002528261 0.01379213
0.002529861 0.01414507
0.002531461 0.01332156
0.002533061 0.01320391
0.002534661 0.01285098
0.002536261 0.01285098
0.002537861 0.01238041
0.002539461 0.01273334
0.002541061 0.01226276
0.002542661 0.01249805
0.002544261 0.01202747
0.002545861 0.01202747
0.002547461 0.01190983
0.002549061 0.01167454
0.002550661 0.01179219
0.002552261 0.01108632
0.002553861 0.01026281
0.002555461 0.009909883
0.002557061 0.009439307
0.002558661 0.009204019
0.002560261 0.008851087
0.002561861 0.008380511
0.002563461 0.007792292
0.002565061 0.007086428
0.002566661 0.006968784
0.002568261 0.007204072
0.002569861 0.006615852
0.002571461 0.006380564
0.002573061 0.0056747
0.002574661 0.005792344
0.002576261 0.005557056
0.002577861 0.005557056
0.002579461 0.005204125
0.002581061 0.005557056
0.002582661 0.005204125
0.002584261 0.005321768
0.002585861 0.004851193
0.002587461 0.005086481
0.002589061 0.004733549
0.002590661 0.004733549
0.002592261 0.004498261
0.002593861 0.004380617
0.002595461 0.004262973
0.002597061 0.004027685
0.002598661 0.003674753
0.002600261 0.003557109
0.002601861 0.003321821
0.002603461 0.002968889
0.002605061 0.002615957
0.002606661 0.002615957
0.002608261 0.002145382
0.002609861 0.002263026
0.002611461 0.001910094
0.002613061 0.001674806
0.002614661 0.001674806
0.002616261 0.001557162
0.002617861 0.001086586
0.002619461 0.00120423
0.002621061 0.000968942
0.002622661 0.0006160101
0.002624261 0.0002630782
0.002625861 -8.985363e-005
0.002627461 -8.985363e-005
0.002629061 -0.0005604295
0.002630661 -0.0005604295
0.002632261 -0.0009133613
0.002633861 -0.001501581
0.002635461 -0.001854513
0.002637061 -0.001619225
0.002638661 -0.001619225
0.002640261 -0.001736869
0.002641861 -0.001736869
0.002643461 -0.001383937
0.002645061 -0.001383937
0.002646661 -0.001148649
0.002648261 -0.0009133613
0.002649861 -0.001031005
0.002651461 -0.0004427855
0.002653061 -0.0005604295
0.002654661 -0.0004427855
0.002656261 -0.0002074976
0.002657861 2.779033e-005
0.002659461 0.0002630782
0.002661061 0.0006160101
0.002662661 0.0007336541
0.002664261 0.00120423
0.002665861 0.00120423
0.002667461 0.001557162
0.002669061 0.001557162
0.002670661 0.002145382
0.002672261 0.001674806
0.002673861 0.002498313
0.002675461 0.002380669
0.002677061 0.002851245
0.002678661 0.002851245
0.002680261 0.003086533
0.002681861 0.002968889
0.002683461 0.003439465
0.002685061 0.003204177
0.002686661 0.003204177
0.002688261 0.003321821
0.002689861 0.002733601
0.002691461 0.003204177
0.002693061 0.002851245
0.002694661 0.002615957
0.002696261 0.002263026
0.002697861 0.002027738
0.002699461 0.002968889
0.002701061 0.002027738
0.002702661 0.002380669
0.002704261 0.002263026
0.002705861 0.002615957
0.002707461 0.002263026
0.002709061 0.002733601
0.002710661 0.002851245
0.002712261 0.002851245
0.002713861 0.002733601
0.002715461 0.002968889
0.002717061 0.003321821
0.002718661 0.003439465
0.002720261 0.003439465
0.002721861 0.003204177
0.002723461 0.002968889
0.002725061 0.003204177
0.002726661 0.003674753
0.002728261 0.002968889
0.002729861 0.002733601
0.002731461 0.002380669
0.002733061 0.002380669
0.002734661 0.001910094
0.002736261 0.00179245
0.002737861 0.001439518
0.002739461 0.001557162
0.002741061 0.00120423
0.002742661 0.00120423
0.002744261 0.000968942
0.002745861 0.0004983662
0.002747461 0.0006160101
0.002749061 0.0003807222
0.002750661 0.0004983662
0.002752261 0.0004983662
0.002753861 0.0002630782
0.002755461 0.0004983662
0.002757061 0.0002630782
0.002758661 0.0002630782
0.002760261 0.0001454343
0.002761861 -0.0009133613
0.002763461 -0.0007957174
0.002765061 -0.0004427855
0.002766661 -0.0002074976
0.002768261 -0.0005604295
0.002769861 -0.0004427855
0.002771461 -0.0009133613
0.002773061 -0.001031005
0.002774661 -0.001148649
0.002776261 -0.001148649
0.002777861 -0.001383937
0.002779461 -0.001383937
0.002781061 -0.001619225
0.002782661 -0.001501581
0.002784261 -0.001854513
0.002785861 -0.001619225
0.002787461 -0.002207445
0.002789061 -0.001736869
0.002790661 -0.002089801
0.002792261 -0.001619225
0.002793861 -0.001972157
0.002795461 -0.001854513
0.002797061 -0.002325089
0.002798661 -0.001972157
0.002800261 -0.002089801
0.002801861 -0.002089801
0.002803461 -0.002089801
0.002805061 -0.001972157
0.002806661 -0.002207445
0.002808261 -0.002442733
0.002809861 -0.002913309
0.002811461 -0.003030953
0.002813061 -0.002795665
0.002814661 -0.003148597
0.002816261 -0.003736816
0.002817861 -0.00385446
0.002819461 -0.004207392
0.002821061 -0.004325036
0.002822661 -0.004913256
0.002824261 -0.005383832
0.002825861 -0.00561912
0.002827461 -0.006442627
0.002829061 -0.006795559
0.002830661 -0.007266135
0.002832261 -0.007501423
0.002833861 -0.008677863
0.002835461 -0.009619014
0.002837061 -0.01020723
0.002838661 -0.0109131
0.002840261 -0.01138367
0.002841861 -0.01244247
0.002843461 -0.01291305
0.002845061 -0.01350126
0.002846661 -0.01397184
0.002848261 -0.0146777
0.002849861 -0.01491299
0.002851461 -0.01538357
0.002853061 -0.0157365
0.002854661 -0.01597179
0.002856261 -0.01632472
0.002857861 -0.01667765
0.002859461 -0.0167953
0.002861061 -0.01667765
0.002862661 -0.01738352
0.002864261 -0.01750116
0.002865861 -0.01773645
0.002867461 -0.01797174
0.002869061 -0.01808938
0.002870661 -0.01808938
0.002872261 -0.01832467
0.002873861 -0.01903053
0.002875461 -0.01891289
0.002877061 -0.01950111
0.002878661 -0.01938346
0.002880261 -0.01950111
0.002881861 -0.01973639
0.002883461 -0.02067755
0.002885061 -0.0205599
0.002886661 -0.02103048
0.002888261 -0.02185399
0.002889861 -0.02185399
0.002891461 -0.02232456
0.002893061 -0.02267749
0.002894661 -0.02303043
0.002896261 -0.02314807
0.002897861 -0.02338336
0.002899461 -0.02314807
0.002901061 -0.02361865
0.002902661 -0.02338336
0.002904261 -0.02338336
0.002905861 -0.02326571
0.002907461 -0.02326571
0.002909061 -0.02314807
0.002910661 -0.02338336
0.002912261 -0.02255985
0.002913861 -0.02255985
0.002915461 -0.02232456
0.002917061 -0.02208927
0.002918661 -0.02150105
0.002920261 -0.02114812
0.002921861 -0.02114812
0.002923461 -0.02079519
0.002925061 -0.02067755
0.002926661 -0.02032461
0.002928261 -0.02020697
0.002929861 -0.01973639
0.002931461 -0.01973639
0.002933061 -0.01950111
0.002934661 -0.01926582
0.002936261 -0.01926582
0.002937861 -0.01926582
0.002939461 -0.01950111
0.002941061 -0.01950111
0.002942661 -0.01891289
0.002944261 -0.01985404
0.002945861 -0.01950111
0.002947461 -0.01973639
0.002949061 -0.02008933
0.002950661 -0.01997168
0.002952261 -0.02020697
0.002953861 -0.0205599
0.002955461 -0.02008933
0.002957061 -0.02032461
0.002958661 -0.01938346
0.002960261 -0.0205599
0.002961861 -0.02032461
0.002963461 -0.02067755
0.002965061 -0.02032461
0.002966661 -0.02032461
0.002968261 -0.02008933
0.002969861 -0.01985404
0.002971461 -0.01950111
0.002973061 -0.01961875
0.002974661 -0.01914817
0.002976261 -0.01914817
0.002977861 -0.01891289
0.002979461 -0.01832467
0.002981061 -0.01797174
0.002982661 -0.01773645
0.002984261 -0.01750116
0.002985861 -0.01714823
0.002987461 -0.01691294
0.002989061 -0.01667765
0.002990661 -0.01620708
0.002992261 -0.01644236
0.002993861 -0.01620708
0.002995461 -0.01620708
0.002997061 -0.01561886
0.002998661 -0.01585414
0.003000261 -0.01561886
0.003001861 -0.0157365
0.003003461 -0.01561886
0.003005061 -0.0157365
0.003006661 -0.01561886
0.003008261 -0.01561886
0.003009861 -0.01585414
0.003011461 -0.01561886
0.003013061 -0.01550121
0.003014661 -0.01550121
0.003016261 -0.01479535
0.003017861 -0.01503064
0.003019461 -0.0146777
0.003021061 -0.01491299
0.003022661 -0.01408948
0.003024261 -0.01361891
0.003025861 -0.01361891
0.003027461 -0.01326598
0.003029061 -0.01338362
0.003030661 -0.01244247
0.003032261 -0.01208954
0.003033861 -0.01185425
0.003035461 -0.01126603
0.003037061 -0.01079545
0.003038661 -0.01079545
0.003040261 -0.01044252
0.003041861 -0.00950137
0.003043461 -0.009383726
0.003045061 -0.009148438
0.003046661 -0.009148438
0.003048261 -0.008442575
0.003049861 -0.008324931
0.003051461 -0.007148491
0.003053061 -0.007854355
0.003054661 -0.007383779
0.003056261 -0.007501423
0.003057861 -0.006913203
0.003059461 -0.007148491
0.003061061 -0.006324983
0.003062661 -0.006677915
0.003064261 -0.006089696
0.003065861 -0.005501476
0.003067461 -0.005266188
0.003069061 -0.005501476
0.003070661 -0.004795612
0.003072261 -0.004677968
0.003073861 -0.00444268
0.003075461 -0.004089748
0.003077061 -0.003972104
0.003078661 -0.003501528
0.003080261 -0.002795665
0.003081861 -0.002678021
0.003083461 -0.002325089
0.003085061 -0.002207445
0.003086661 -0.001619225
0.003088261 -0.001266293
0.003089861 -0.0009133613
0.003091461 -0.0009133613
0.003093061 -0.0005604295
0.003094661 -0.0006780734
0.003096261 -0.0004427855
0.003097861 -0.001148649
0.003099461 -0.0002074976
0.003101061 -0.0006780734
0.003102661 -0.0007957174
0.003104261 -0.0009133613
0.003105861 -0.0005604295
0.003107461 -0.0006780734
0.003109061 -0.0005604295
0.003110661 -0.0006780734
0.003112261 -0.0005604295
0.003113861 -0.0006780734
0.003115461 -0.0007957174
0.003117061 -0.001266293
0.003118661 -0.001266293
0.003120261 -0.001972157
0.003121861 -0.002560377
0.003123461 -0.002795665
0.003125061 -0.002913309
0.003126661 -0.003619172
0.003128261 -0.00385446
0.003129861 -0.004207392
0.003131461 -0.004677968
0.003133061 -0.005148544
0.003134661 -0.005736764
0.003136261 -0.006207339
0.003137861 -0.006913203
0.003139461 -0.007854355
0.003141061 -0.007854355
0.003142661 -0.008560219
0.003144261 -0.008795507
0.003145861 -0.00950137
0.003147461 -0.009266082
0.003149061 -0.01020723
0.003150661 -0.01056017
0.003152261 -0.0109131
0.003153861 -0.01114839
0.003155461 -0.01126603
0.003157061 -0.01173661
0.003158661 -0.01232483
0.003160261 -0.01244247
0.003161861 -0.01291305
0.003163461 -0.0127954
0.003165061 -0.01291305
0.003166661 -0.01314833
0.003168261 -0.01361891
0.003169861 -0.01314833
0.003171461 -0.01373655
0.003173061 -0.0138542
0.003174661 -0.0138542
0.003176261 -0.01373655
0.003177861 -0.01408948
0.003179461 -0.01456006
0.003181061 -0.01491299
0.003182661 -0.01491299
0.003184261 -0.01526592
0.003185861 -0.01514828
0.003187461 -0.01526592
0.003189061 -0.01526592
0.003190661 -0.01550121
0.003192261 -0.01561886
0.003193861 -0.0157365
0.003195461 -0.01585414
0.003197061 -0.0157365
0.003198661 -0.0157365
0.003200261 -0.01538357
0.003201861 -0.01538357
0.003203461 -0.01526592
0.003205061 -0.01503064
0.003206661 -0.01503064
0.003208261 -0.01456006
0.003209861 -0.0146777
0.003211461 -0.01444242
0.003213061 -0.01479535
0.003214661 -0.01444242
0.003216261 -0.01408948
0.003217861 -0.01420713
0.003219461 -0.01408948
0.003221061 -0.0138542
0.003222661 -0.01420713
0.003224261 -0.0138542
0.003225861 -0.01373655
0.003227461 -0.01408948
0.003229061 -0.01444242
0.003230661 -0.0146777
0.003232261 -0.01491299
0.003233861 -0.01526592
0.003235461 -0.01585414
0.003237061 -0.01585414
0.003238661 -0.01608943
0.003240261 -0.0167953
0.003241861 -0.01632472
0.003243461 -0.01703058
0.003245061 -0.01703058
0.003246661 -0.01714823
0.003248261 -0.01691294
0.003249861 -0.0176188
0.003251461 -0.0176188
0.003253061 -0.01773645
0.003254661 -0.01785409
0.003256261 -0.01785409
0.003257861 -0.01808938
0.003259461 -0.01797174
0.003261061 -0.01785409
0.003262661 -0.01820702
0.003264261 -0.01785409
0.003265861 -0.01832467
0.003267461 -0.01797174
0.003269061 -0.01820702
0.003270661 -0.01855996
0.003272261 -0.01855996
0.003273861 -0.0186776
0.003275461 -0.0186776
0.003277061 -0.01938346
0.003278661 -0.01938346
0.003280261 -0.01961875
0.003281861 -0.01950111
0.003283461 -0.01973639
0.003285061 -0.01985404
0.003286661 -0.02032461
0.003288261 -0.02032461
0.003289861 -0.02032461
0.003291461 -0.0205599
0.003293061 -0.02044226
0.003294661 -0.02044226
0.003296261 -0.02103048
0.003297861 -0.02067755
0.003299461 -0.02079519
0.003301061 -0.02079519
0.003302661 -0.02032461
0.003304261 -0.01985404
0.003305861 -0.0205599
0.003307461 -0.02008933
0.003309061 -0.02020697
0.003310661 -0.01961875
0.003312261 -0.01985404
0.003313861 -0.01973639
0.003315461 -0.01997168
0.003317061 -0.01950111
0.003318661 -0.01961875
0.003320261 -0.01973639
0.003321861 -0.02008933
0.003323461 -0.01961875
0.003325061 -0.01985404
0.003326661 -0.01985404
0.003328261 -0.02032461
0.003329861 -0.01961875
0.003331461 -0.01973639
0.003333061 -0.01938346
0.003334661 -0.01926582
0.003336261 -0.01903053
0.003337861 -0.01914817
0.003339461 -0.01891289
0.003341061 -0.0186776
0.003342661 -0.01808938
0.003344261 -0.01808938
0.003345861 -0.0176188
0.003347461 -0.01726587
0.003349061 -0.0167953
0.003350661 -0.01620708
0.003352261 -0.01608943
0.003353861 -0.0157365
0.003355461 -0.01538357
0.003357061 -0.01456006
0.003358661 -0.0146777
0.003360261 -0.01361891
0.003361861 -0.01373655
0.003363461 -0.01291305
0.003365061 -0.01256011
0.003366661 -0.01150132
0.003368261 -0.01138367
0.003369861 -0.01067781
0.003371461 -0.009736658
0.003373061 -0.009266082
0.003374661 -0.008560219
0.003376261 -0.007736711
0.003377861 -0.007030847
0.003379461 -0.006324983
0.003381061 -0.005266188
0.003382661 -0.005148544
0.003384261 -0.004325036
0.003385861 -0.003972104
0.003387461 -0.003266241
0.003389061 -0.002913309
0.003390661 -0.002795665
0.003392261 -0.002678021
0.003393861 -0.002442733
0.003395461 -0.002325089
0.003397061 -0.002325089
0.003398661 -0.002560377
0.003400261 -0.002089801
0.003401861 -0.002207445
0.003403461 -0.002442733
0.003405061 -0.002325089
0.003406661 -0.002325089
0.003408261 -0.002325089
0.003409861 -0.002089801
0.003411461 -0.002560377
0.003413061 -0.002089801
0.003414661 -0.002089801
0.003416261 -0.001619225
0.003417861 -0.001619225
0.003419461 -0.001383937
0.003421061 -0.001266293
0.003422661 -0.0009133613
0.003424261 -0.001854513
0.003425861 -0.001148649
0.003427461 -0.0009133613
0.003429061 -0.0006780734
0.003430661 -0.001031005
0.003432261 -0.0006780734
0.003433861 -0.0005604295
0.003435461 -0.0004427855
0.003437061 -0.0002074976
0.003438661 -8.985363e-005
0.003440261 0.0001454343
0.003441861 0.0002630782
0.003443461 0.0003807222
0.003445061 0.000968942
0.003446661 0.000968942
0.003448261 0.001321874
0.003449861 0.001086586
0.003451461 0.00179245
0.003453061 0.001557162
0.003454661 0.001910094
0.003456261 0.001674806
0.003457861 0.002145382
0.003459461 0.001439518
0.003461061 0.001910094
0.003462661 0.00120423
0.003464261 0.001557162
0.003465861 0.00120423
0.003467461 0.00120423
0.003469061 0.0007336541
0.003470661 0.0004983662
0.003472261 0.0003807222
0.003473861 0.0003807222
0.003475461 -8.985363e-005
0.003477061 -0.0002074976
0.003478661 -0.0005604295
0.003480261 -0.0002074976
0.003481861 -0.0003251415
0.003483461 -0.0003251415
0.003485061 2.779033e-005
0.003486661 0.0001454343
0.003488261 0.0001454343
0.003489861 2.779033e-005
0.003491461 2.779033e-005
0.003493061 -0.0003251415
0.003494661 0.0007336541
0.003496261 0.001086586
0.003497861 0.00120423
0.003499461 0.001557162
0.003501061 0.00120423
0.003502661 0.001321874
0.003504261 0.001321874
0.003505861 0.001557162
0.003507461 0.00179245
0.003509061 0.002027738
0.003510661 0.001557162
0.003512261 0.001910094
0.003513861 0.001321874
0.003515461 0.001439518
0.003517061 0.001321874
0.003518661 0.001321874
0.003520261 0.001086586
0.003521861 0.0007336541
0.003523461 0.0007336541
0.003525061 0.0002630782
0.003526661 2.779033e-005
0.003528261 -0.0002074976
0.003529861 -0.0004427855
0.003531461 -0.0004427855
0.003533061 -0.0005604295
0.003534661 -0.0005604295
0.003536261 -0.0006780734
0.003537861 -0.0005604295
0.003539461 -0.001148649
0.003541061 -0.0009133613
0.003542661 -0.001383937
0.003544261 -0.001501581
0.003545861 -0.001501581
0.003547461 -0.001736869
0.003549061 -0.002207445
0.003550661 -0.001854513
0.003552261 -0.001972157
0.003553861 -0.002207445
0.003555461 -0.002442733
0.003557061 -0.002442733
0.003558661 -0.002678021
0.003560261 -0.002678021
0.003561861 -0.002678021
0.003563461 -0.003266241
0.003565061 -0.002913309
0.003566661 -0.002913309
0.003568261 -0.003501528
0.003569861 -0.003383884
0.003571461 -0.003148597
0.003573061 -0.00385446
0.003574661 -0.00444268
0.003576261 -0.00444268
0.003577861 -0.005266188
0.003579461 -0.005148544
0.003581061 -0.005736764
0.003582661 -0.006089696
0.003584261 -0.006324983
0.003585861 -0.006207339
0.003587461 -0.006795559
0.003589061 -0.006560271
0.003590661 -0.006795559
0.003592261 -0.006795559
0.003593861 -0.006795559
0.003595461 -0.006913203
0.003597061 -0.006795559
0.003598661 -0.006795559
0.003600261 -0.007030847
0.003601861 -0.006677915
0.003603461 -0.007030847
0.003605061 -0.006677915
0.003606661 -0.007266135
0.003608261 -0.006913203
0.003609861 -0.007148491
0.003611461 -0.007030847
0.003613061 -0.007501423
0.003614661 -0.007266135
0.003616261 -0.007148491
0.003617861 -0.007030847
0.003619461 -0.007383779
0.003621061 -0.006913203
0.003622661 -0.007148491
0.003624261 -0.006677915
0.003625861 -0.007266135
0.003627461 -0.006795559
0.003629061 -0.007266135
0.003630661 -0.007030847
0.003632261 -0.006913203
0.003633861 -0.006677915
0.003635461 -0.006795559
0.003637061 -0.006677915
0.003638661 -0.006795559
0.003640261 -0.006677915
0.003641861 -0.006089696
0.003643461 -0.006324983
0.003645061 -0.005854408
0.003646661 -0.005501476
0.003648261 -0.00561912
0.003649861 -0.0050309
0.003651461 -0.004795612
0.003653061 -0.004325036
0.003654661 -0.004325036
0.003656261 -0.00385446
0.003657861 -0.003501528
0.003659461 -0.003266241
0.003661061 -0.002913309
0.003662661 -0.002442733
0.003664261 -0.002442733
0.003665861 -0.002325089
0.003667461 -0.001972157
0.003669061 -0.001501581
0.003670661 -0.001501581
0.003672261 -0.001383937
0.003673861 -0.001148649
0.003675461 -0.001031005
0.003677061 -0.001501581
0.003678661 -0.0006780734
0.003680261 -0.001031005
0.003681861 -0.001148649
0.003683461 -0.001383937
0.003685061 -0.001148649
0.003686661 -0.001266293
0.003688261 -0.001383937
0.003689861 -0.001501581
0.003691461 -0.001266293
0.003693061 -0.001501581
0.003694661 -0.001266293
0.003696261 -0.0007957174
0.003697861 -0.0005604295
0.003699461 -0.0005604295
0.003701061 -8.985363e-005
0.003702661 2.779033e-005
0.003704261 -0.0002074976
0.003705861 0.0004983662
0.003707461 0.001439518
0.003709061 0.001674806
0.003710661 0.002498313
0.003712261 0.003204177
0.003713861 0.003439465
0.003715461 0.004145329
0.003717061 0.004615905
0.003718661 0.004968837
0.003720261 0.005557056
0.003721861 0.0056747
0.003723461 0.006615852
0.003725061 0.006615852
0.003726661 0.007674648
0.003728261 0.007674648
0.003729861 0.008262867
0.003731461 0.008615799
0.003733061 0.008968731
0.003734661 0.008968731
0.003736261 0.009909883
0.003737861 0.01014517
0.003739461 0.01096868
0.003741061 0.01108632
0.003742661 0.01167454
0.003744261 0.01190983
0.003745861 0.01285098
0.003747461 0.01320391
0.003749061 0.01402742
0.003750661 0.01414507
0.003752261 0.01485093
0.003753861 0.0153215
0.003755461 0.01590972
0.003757061 0.01661559
0.003758661 0.01696852
0.003760261 0.01649794
0.003761861 0.0182626
0.003763461 0.01838025
0.003765061 0.01885082
0.003766661 0.0193214
0.003768261 0.01979198
0.003769861 0.02026255
0.003771461 0.02061548
0.003773061 0.02132135
0.003774661 0.02167428
0.003776261 0.02179192
0.003777861 0.02238014
0.003779461 0.02273307
0.003781061 0.02332129
0.003782661 0.02320365
0.003784261 0.02379187
0.003785861 0.02367423
0.003787461 0.02390951
0.003789061 0.02426245
0.003790661 0.02438009
0.003792261 0.0241448
0.003793861 0.02438009
0.003795461 0.0241448
0.003797061 0.02426245
0.003798661 0.02402716
0.003800261 0.02473302
0.003801861 0.02426245
0.003803461 0.02485067
0.003805061 0.02438009
0.003806661 0.02485067
0.003808261 0.02438009
0.003809861 0.02461538
0.003811461 0.02426245
0.003813061 0.02438009
0.003814661 0.02449773
0.003816261 0.02496831
0.003817861 0.02449773
0.003819461 0.02426245
0.003821061 0.02449773
0.003822661 0.02449773
0.003824261 0.02402716
0.003825861 0.02438009
0.003827461 0.02402716
0.003829061 0.02402716
0.003830661 0.02332129
0.003832261 0.02308601
0.003833861 0.02261543
0.003835461 0.02308601
0.003837061 0.02214485
0.003838661 0.02261543
0.003840261 0.02202721
0.003841861 0.02214485
0.003843461 0.02190957
0.003845061 0.02167428
0.003846661 0.02143899
0.003848261 0.02190957
0.003849861 0.02132135
0.003851461 0.02108606
0.003853061 0.02143899
0.003854661 0.0212037
0.003856261 0.02073313
0.003857861 0.02108606
0.003859461 0.02085077
0.003861061 0.02073313
0.003862661 0.02132135
0.003864261 0.02085077
0.003865861 0.02096841
0.003867461 0.02096841
0.003869061 0.02096841
0.003870661 0.02132135
0.003872261 0.0212037
0.003873861 0.02108606
0.003875461 0.02132135
0.003877061 0.0212037
0.003878661 0.02143899
0.003880261 0.02143899
0.003881861 0.02108606
0.003883461 0.0212037
0.003885061 0.02132135
0.003886661 0.0212037
0.003888261 0.02108606
0.003889861 0.02132135
0.003891461 0.02132135
0.003893061 0.02143899
0.003894661 0.02132135
0.003896261 0.0212037
0.003897861 0.02155663
0.003899461 0.02155663
0.003901061 0.02073313
0.003902661 0.02155663
0.003904261 0.02132135
0.003905861 0.02179192
0.003907461 0.0212037
0.003909061 0.02214485
0.003910661 0.02143899
0.003912261 0.02167428
0.003913861 0.02132135
0.003915461 0.02143899
0.003917061 0.0212037
0.003918661 0.02143899
0.003920261 0.02096841
0.003921861 0.02085077
0.003923461 0.02096841
0.003925061 0.02061548
0.003926661 0.02014491
0.003928261 0.01979198
0.003929861 0.01967433
0.003931461 0.01885082
0.003933061 0.01873318
0.003934661 0.01838025
0.003936261 0.01790967
0.003937861 0.01767438
0.003939461 0.01673323
0.003941061 0.01661559
0.003942661 0.0163803
0.003944261 0.01614501
0.003945861 0.0153215
0.003947461 0.01567444
0.003949061 0.01496857
0.003950661 0.01461564
0.003952261 0.014498
0.003953861 0.01426271
0.003955461 0.01390978
0.003957061 0.01402742
0.003958661 0.01332156
0.003960261 0.01355685
0.003961861 0.01308627
0.003963461 0.01308627
0.003965061 0.01249805
0.003966661 0.01261569
0.003968261 0.01214512
0.003969861 0.01226276
0.003971461 0.01132161
0.003973061 0.0115569
0.003974661 0.01120397
0.003976261 0.01143925
0.003977861 0.01096868
0.003979461 0.0104981
0.003981061 0.01061575
0.003982661 0.01038046
0.003984261 0.01026281
0.003985861 0.01002753
0.003987461 0.01014517
0.003989061 0.01002753
0.003990661 0.009909883
0.003992261 0.01002753
0.003993861 0.009909883
0.003995461 0.009909883
0.003997061 0.01002753
0.003998661 0.009792239
0.004000261 0.009674595
0.004001861 0.01002753
0.004003461 0.01026281
0.004005061 0.01061575
0.004006661 0.01085103
0.004008261 0.01085103
0.004009861 0.01108632
0.004011461 0.01132161
0.004013061 0.0115569
0.004014661 0.01167454
0.004016261 0.01167454
0.004017861 0.01190983
0.004019461 0.0115569
0.004021061 0.01190983
0.004022661 0.01202747
0.004024261 0.01238041
0.004025861 0.01202747
0.004027461 0.0134392
0.004029061 0.01238041
0.004030661 0.01273334
0.004032261 0.01261569
0.004033861 0.01273334
0.004035461 0.01308627
0.004037061 0.01285098
0.004038661 0.01320391
0.004040261 0.0134392
0.004041861 0.01355685
0.004043461 0.01379213
0.004045061 0.01390978
0.004046661 0.01414507
0.004048261 0.01402742
0.004049861 0.01461564
0.004051461 0.01402742
0.004053061 0.01426271
0.004054661 0.01426271
0.004056261 0.01426271
0.004057861 0.01438035
0.004059461 0.01461564
0.004061061 0.01461564
0.004062661 0.01496857
0.004064261 0.01485093
0.004065861 0.01485093
0.004067461 0.0153215
0.004069061 0.01520386
0.004070661 0.01485093
0.004072261 0.01543915
0.004073861 0.01543915
0.004075461 0.01555679
0.004077061 0.01567444
0.004078661 0.01567444
0.004080261 0.01579208
0.004081861 0.01579208
0.004083461 0.01555679
0.004085061 0.01567444
0.004086661 0.01579208
0.004088261 0.01590972
0.004089861 0.01590972
0.004091461 0.01590972
0.004093061 0.01579208
0.004094661 0.01579208
0.004096261 0.01626266
0.004097861 0.01696852
0.004099461 0.01567444
0.004101061 0.01590972
0.004102661 0.01579208
0.004104261 0.01579208
0.004105861 0.01567444
0.004107461 0.01602737
0.004109061 0.01567444
0.004110661 0.01567444
0.004112261 0.01508622
0.004113861 0.0153215
0.004115461 0.01485093
0.004117061 0.01496857
0.004118661 0.01438035
0.004120261 0.01485093
0.004121861 0.01402742
0.004123461 0.01414507
0.004125061 0.01367449
0.004126661 0.01414507
0.004128261 0.01320391
0.004129861 0.01332156
0.004131461 0.01296863
0.004133061 0.01332156
0.004134661 0.01273334
0.004136261 0.01285098
0.004137861 0.01285098
0.004139461 0.01296863
0.004141061 0.01273334
0.004142661 0.01285098
0.004144261 0.01238041
0.004145861 0.01320391
0.004147461 0.01273334
0.004149061 0.0134392
0.004150661 0.01273334
0.004152261 0.01355685
0.004153861 0.01332156
0.004155461 0.01332156
0.004157061 0.0134392
0.004158661 0.01332156
0.004160261 0.0134392
0.004161861 0.01332156
0.004163461 0.0134392
0.004165061 0.0134392
0.004166661 0.01332156
0.004168261 0.0134392
0.004169861 0.01332156
0.004171461 0.01390978
0.004173061 0.0134392
0.004174661 0.01367449
0.004176261 0.01355685
0.004177861 0.01390978
0.004179461 0.01367449
0.004181061 0.01414507
0.004182661 0.01332156
0.004184261 0.01426271
0.004185861 0.01414507
0.004187461 0.01402742
0.004189061 0.01402742
0.004190661 0.01426271
0.004192261 0.01390978
0.004193861 0.01402742
0.004195461 0.01379213
0.004197061 0.01390978
0.004198661 0.01402742
0.004200261 0.01426271
