LECROYWS4024HD 19320 Waveform
Segments 1 SegmentSize 3127
Segment TrigTime TimeSinceSegment1
#1 23-Jun-2024 16:59:06 0                 
Time Ampl
-0.0008004154 -8.985363e-005
-0.0007988154 0.0002630782
-0.0007972154 -8.985363e-005
-0.0007956154 0.0001454343
-0.0007940154 2.779033e-005
-0.0007924154 0.0002630782
-0.0007908154 0.0001454343
-0.0007892154 0.0001454343
-0.0007876154 0.0001454343
-0.0007860154 0.0001454343
-0.0007844154 -8.985363e-005
-0.0007828154 0.0001454343
-0.0007812154 0.0002630782
-0.0007796154 0.0003807222
-0.0007780154 -0.0004427855
-0.0007764154 2.779033e-005
-0.0007748154 -0.0002074976
-0.0007732154 0.0002630782
-0.0007716154 2.779033e-005
-0.0007700154 0.0001454343
-0.0007684154 -8.985363e-005
-0.0007668154 0.0004983662
-0.0007652154 -0.0003251415
-0.0007636154 0.0003807222
-0.0007620154 0.0004983662
-0.0007604154 0.0001454343
-0.0007588154 0.0002630782
-0.0007572154 0.0003807222
-0.0007556154 0.0001454343
-0.0007540154 0.0001454343
-0.0007524154 0.0002630782
-0.0007508154 0.0004983662
-0.0007492154 2.779033e-005
-0.0007476154 0.0002630782
-0.0007460154 2.779033e-005
-0.0007444154 0.0002630782
-0.0007428154 -8.985363e-005
-0.0007412154 0.0001454343
-0.0007396154 0.0001454343
-0.0007380154 2.779033e-005
-0.0007364154 2.779033e-005
-0.0007348154 2.779033e-005
-0.0007332154 2.779033e-005
-0.0007316154 -8.985363e-005
-0.0007300154 0.0002630782
-0.0007284154 -8.985363e-005
-0.0007268154 2.779033e-005
-0.0007252154 -0.0003251415
-0.0007236154 2.779033e-005
-0.0007220154 0.0003807222
-0.0007204154 0.0004983662
-0.0007188154 0.0001454343
-0.0007172154 0.0001454343
-0.0007156154 0.0003807222
-0.0007140154 2.779033e-005
-0.0007124154 0.0003807222
-0.0007108154 2.779033e-005
-0.0007092154 0.0003807222
-0.0007076154 0.0007336541
-0.0007060154 0.0002630782
-0.0007044154 0.0002630782
-0.0007028154 2.779033e-005
-0.0007012154 0.0003807222
-0.0006996154 2.779033e-005
-0.0006980154 2.779033e-005
-0.0006964154 -0.0002074976
-0.0006948154 2.779033e-005
-0.0006932154 -0.0003251415
-0.0006916154 -8.985363e-005
-0.0006900154 0.0002630782
-0.0006884154 -0.0002074976
-0.0006868154 0.0002630782
-0.0006852154 2.779033e-005
-0.0006836154 -8.985363e-005
-0.0006820154 0.0001454343
-0.0006804154 0.0001454343
-0.0006788154 0.0001454343
-0.0006772154 0.0003807222
-0.0006756154 0.0002630782
-0.0006740154 0.0001454343
-0.0006724154 0.0001454343
-0.0006708154 0.0007336541
-0.0006692154 2.779033e-005
-0.0006676154 0.0003807222
-0.0006660154 0.0003807222
-0.0006644154 2.779033e-005
-0.0006628154 0.0002630782
-0.0006612154 0.0001454343
-0.0006596154 0.0001454343
-0.0006580154 -8.985363e-005
-0.0006564154 -8.985363e-005
-0.0006548154 -0.0002074976
-0.0006532154 0.0001454343
-0.0006516154 -8.985363e-005
-0.0006500154 0.0001454343
-0.0006484154 0.0003807222
-0.0006468154 -8.985363e-005
-0.0006452154 0.0003807222
-0.0006436154 2.779033e-005
-0.0006420154 0.0001454343
-0.0006404154 0.0002630782
-0.0006388154 0.0002630782
-0.0006372154 -0.0007957174
-0.0006356154 2.779033e-005
-0.0006340154 0.0002630782
-0.0006324154 0.0003807222
-0.0006308154 0.0001454343
-0.0006292154 0.0001454343
-0.0006276154 -8.985363e-005
-0.0006260154 -8.985363e-005
-0.0006244154 2.779033e-005
-0.0006228154 -0.0005604295
-0.0006212154 0.0001454343
-0.0006196154 2.779033e-005
-0.0006180154 0.0001454343
-0.0006164154 0.0002630782
-0.0006148154 -8.985363e-005
-0.0006132154 0.0003807222
-0.0006116154 -0.0003251415
-0.0006100154 0.0004983662
-0.0006084154 0.0001454343
-0.0006068154 0.0004983662
-0.0006052154 0.0003807222
-0.0006036154 0.0001454343
-0.0006020154 0.0002630782
-0.0006004154 0.0003807222
-0.0005988154 -8.985363e-005
-0.0005972154 0.0002630782
-0.0005956154 -8.985363e-005
-0.0005940154 0.0002630782
-0.0005924154 2.779033e-005
-0.0005908154 0.0001454343
-0.0005892154 -0.0003251415
-0.0005876154 0.0001454343
-0.0005860154 -0.0002074976
-0.0005844154 -0.0002074976
-0.0005828154 2.779033e-005
-0.0005812154 0.0002630782
-0.0005796154 -8.985363e-005
-0.0005780154 0.0002630782
-0.0005764154 -0.0002074976
-0.0005748154 -8.985363e-005
-0.0005732154 -8.985363e-005
-0.0005716154 0.0001454343
-0.0005700154 2.779033e-005
-0.0005684154 0.0001454343
-0.0005668154 0.0002630782
-0.0005652154 0.0002630782
-0.0005636154 2.779033e-005
-0.0005620154 0.0006160101
-0.0005604154 -8.985363e-005
-0.0005588154 0.0002630782
-0.0005572154 0.0002630782
-0.0005556154 0.0002630782
-0.0005540154 2.779033e-005
-0.0005524154 0.0001454343
-0.0005508154 0.0003807222
-0.0005492154 0.0004983662
-0.0005476154 0.0001454343
-0.0005460154 0.0003807222
-0.0005444154 0.0002630782
-0.0005428154 0.0003807222
-0.0005412154 0.0001454343
-0.0005396154 0.0001454343
-0.0005380154 2.779033e-005
-0.0005364154 0.0003807222
-0.0005348154 0.0002630782
-0.0005332154 0.0001454343
-0.0005316154 0.0001454343
-0.0005300154 0.0002630782
-0.0005284154 0.0001454343
-0.0005268154 2.779033e-005
-0.0005252154 2.779033e-005
-0.0005236154 0.0003807222
-0.0005220154 2.779033e-005
-0.0005204154 0.0002630782
-0.0005188154 0.0002630782
-0.0005172154 0.0003807222
-0.0005156154 -8.985363e-005
-0.0005140154 2.779033e-005
-0.0005124154 0.0001454343
-0.0005108154 -0.0002074976
-0.0005092154 -8.985363e-005
-0.0005076154 2.779033e-005
-0.0005060154 -0.0002074976
-0.0005044154 -8.985363e-005
-0.0005028154 -8.985363e-005
-0.0005012154 -8.985363e-005
-0.0004996154 -0.0004427855
-0.0004980154 -8.985363e-005
-0.0004964154 0.0007336541
-0.0004948154 0.0001454343
-0.0004932154 -8.985363e-005
-0.0004916154 -8.985363e-005
-0.0004900154 2.779033e-005
-0.0004884154 0.0004983662
-0.0004868154 0.0004983662
-0.0004852154 0.0003807222
-0.0004836154 -0.0003251415
-0.0004820154 0.0001454343
-0.0004804154 2.779033e-005
-0.0004788154 0.0001454343
-0.0004772154 0.0001454343
-0.0004756154 -8.985363e-005
-0.0004740154 0.0004983662
-0.0004724154 0.0001454343
-0.0004708154 -8.985363e-005
-0.0004692154 0.0002630782
-0.0004676154 2.779033e-005
-0.0004660154 0.0001454343
-0.0004644154 0.0001454343
-0.0004628154 0.0002630782
-0.0004612154 -8.985363e-005
-0.0004596154 2.779033e-005
-0.0004580154 0.0006160101
-0.0004564154 0.0002630782
-0.0004548154 0.0001454343
-0.0004532154 0.0002630782
-0.0004516154 2.779033e-005
-0.0004500154 -8.985363e-005
-0.0004484154 0.0003807222
-0.0004468154 0.0002630782
-0.0004452154 2.779033e-005
-0.0004436154 0.0004983662
-0.0004420154 2.779033e-005
-0.0004404154 0.001086586
-0.0004388154 0.0001454343
-0.0004372154 0.0001454343
-0.0004356154 -0.0004427855
-0.0004340154 0.0001454343
-0.0004324154 0.0002630782
-0.0004308154 -8.985363e-005
-0.0004292154 2.779033e-005
-0.0004276154 -8.985363e-005
-0.0004260154 0.0004983662
-0.0004244154 0.0003807222
-0.0004228154 0.0002630782
-0.0004212154 0.0002630782
-0.0004196154 0.0003807222
-0.0004180154 0.0002630782
-0.0004164154 2.779033e-005
-0.0004148154 0.000851298
-0.0004132154 0.0001454343
-0.0004116154 0.0003807222
-0.0004100154 0.0001454343
-0.0004084154 0.0004983662
-0.0004068154 0.0001454343
-0.0004052154 2.779033e-005
-0.0004036154 2.779033e-005
-0.0004020154 0.0001454343
-0.0004004154 0.0001454343
-0.0003988154 0.0004983662
-0.0003972154 -8.985363e-005
-0.0003956154 -8.985363e-005
-0.0003940154 -8.985363e-005
-0.0003924154 0.0001454343
-0.0003908154 -0.0002074976
-0.0003892154 2.779033e-005
-0.0003876154 -8.985363e-005
-0.0003860154 2.779033e-005
-0.0003844154 2.779033e-005
-0.0003828154 0.0001454343
-0.0003812154 0.0001454343
-0.0003796154 0.0001454343
-0.0003780154 0.0003807222
-0.0003764154 0.0004983662
-0.0003748154 0.0002630782
-0.0003732154 0.0004983662
-0.0003716154 0.0002630782
-0.0003700154 0.000851298
-0.0003684154 2.779033e-005
-0.0003668154 0.0002630782
-0.0003652154 2.779033e-005
-0.0003636154 0.0002630782
-0.0003620154 2.779033e-005
-0.0003604154 0.0001454343
-0.0003588154 0.0002630782
-0.0003572154 -8.985363e-005
-0.0003556154 -0.0005604295
-0.0003540154 -8.985363e-005
-0.0003524154 0.0002630782
-0.0003508154 2.779033e-005
-0.0003492154 0.0001454343
-0.0003476154 0.0004983662
-0.0003460154 0.0001454343
-0.0003444154 0.0001454343
-0.0003428154 2.779033e-005
-0.0003412154 0.0001454343
-0.0003396154 0.0002630782
-0.0003380154 0.0001454343
-0.0003364154 2.779033e-005
-0.0003348154 0.0002630782
-0.0003332154 0.0001454343
-0.0003316154 0.0002630782
-0.0003300154 0.0004983662
-0.0003284154 0.0002630782
-0.0003268154 2.779033e-005
-0.0003252154 0.0004983662
-0.0003236154 -0.0002074976
-0.0003220154 0.0001454343
-0.0003204154 -8.985363e-005
-0.0003188154 2.779033e-005
-0.0003172154 -0.0002074976
-0.0003156154 0.0003807222
-0.0003140154 0.0001454343
-0.0003124154 0.0006160101
-0.0003108154 0.0004983662
-0.0003092154 -8.985363e-005
-0.0003076154 2.779033e-005
-0.0003060154 0.0002630782
-0.0003044154 0.0001454343
-0.0003028154 0.0003807222
-0.0003012154 0.0001454343
-0.0002996154 2.779033e-005
-0.0002980154 0.0002630782
-0.0002964154 0.0003807222
-0.0002948154 0.0004983662
-0.0002932154 0.0002630782
-0.0002916154 0.0003807222
-0.0002900154 0.0003807222
-0.0002884154 0.0001454343
-0.0002868154 -8.985363e-005
-0.0002852154 2.779033e-005
-0.0002836154 2.779033e-005
-0.0002820154 0.0002630782
-0.0002804154 0.0003807222
-0.0002788154 2.779033e-005
-0.0002772154 0.0003807222
-0.0002756154 -8.985363e-005
-0.0002740154 0.0001454343
-0.0002724154 0.0001454343
-0.0002708154 0.0003807222
-0.0002692154 0.0003807222
-0.0002676154 0.0006160101
-0.0002660154 0.0001454343
-0.0002644154 0.0004983662
-0.0002628154 0.0001454343
-0.0002612154 0.0004983662
-0.0002596154 0.0002630782
-0.0002580154 0.0003807222
-0.0002564154 0.0002630782
-0.0002548154 0.0002630782
-0.0002532154 0.0002630782
-0.0002516154 0.0001454343
-0.0002500154 0.0001454343
-0.0002484154 0.0006160101
-0.0002468154 0.0001454343
-0.0002452154 0.0002630782
-0.0002436154 -8.985363e-005
-0.0002420154 0.0003807222
-0.0002404154 -8.985363e-005
-0.0002388154 -8.985363e-005
-0.0002372154 0.0001454343
-0.0002356154 2.779033e-005
-0.0002340154 -8.985363e-005
-0.0002324154 2.779033e-005
-0.0002308154 0.0002630782
-0.0002292154 0.001321874
-0.0002276154 -8.985363e-005
-0.0002260154 0.0004983662
-0.0002244154 0.0001454343
-0.0002228154 0.0006160101
-0.0002212154 2.779033e-005
-0.0002196154 0.0004983662
-0.0002180154 2.779033e-005
-0.0002164154 0.0003807222
-0.0002148154 -0.0003251415
-0.0002132154 0.0002630782
-0.0002116154 0.0001454343
-0.0002100154 2.779033e-005
-0.0002084154 0.0001454343
-0.0002068154 0.0004983662
-0.0002052154 0.0006160101
-0.0002036154 0.0002630782
-0.0002020154 2.779033e-005
-0.0002004154 0.0001454343
-0.0001988154 2.779033e-005
-0.0001972154 0.0001454343
-0.0001956154 0.0003807222
-0.0001940154 0.0002630782
-0.0001924154 2.779033e-005
-0.0001908154 0.0003807222
-0.0001892154 0.0001454343
-0.0001876154 0.0002630782
-0.0001860154 0.0001454343
-0.0001844154 0.0002630782
-0.0001828154 0.0002630782
-0.0001812154 0.0003807222
-0.0001796154 0.0001454343
-0.0001780154 0.0004983662
-0.0001764154 0.0002630782
-0.0001748154 0.0003807222
-0.0001732154 2.779033e-005
-0.0001716154 0.0007336541
-0.0001700154 2.779033e-005
-0.0001684154 0.0002630782
-0.0001668154 0.0002630782
-0.0001652154 0.0002630782
-0.0001636154 2.779033e-005
-0.0001620154 0.0002630782
-0.0001604154 0.0001454343
-0.0001588154 0.001086586
-0.0001572154 2.779033e-005
-0.0001556154 0.0006160101
-0.0001540154 2.779033e-005
-0.0001524154 0.0001454343
-0.0001508154 0.0002630782
-0.0001492154 0.0006160101
-0.0001476154 0.0001454343
-0.0001460154 0.0003807222
-0.0001444154 0.0004983662
-0.0001428154 0.0003807222
-0.0001412154 0.0001454343
-0.0001396154 0.0002630782
-0.0001380154 2.779033e-005
-0.0001364154 0.0001454343
-0.0001348154 0.0002630782
-0.0001332154 0.0004983662
-0.0001316154 0.0002630782
-0.0001300154 0.0004983662
-0.0001284154 2.779033e-005
-0.0001268154 0.0001454343
-0.0001252154 -0.0002074976
-0.0001236154 0.0006160101
-0.0001220154 -8.985363e-005
-0.0001204154 0.0001454343
-0.0001188154 0.0001454343
-0.0001172154 0.0003807222
-0.0001156154 2.779033e-005
-0.0001140154 0.0006160101
-0.0001124154 0.0002630782
-0.0001108154 0.0003807222
-0.0001092154 0.0001454343
-0.0001076154 0.0004983662
-0.0001060154 0.0001454343
-0.0001044154 0.0002630782
-0.0001028154 0.0003807222
-0.0001012154 0.0004983662
-9.96154e-005 0.0002630782
-9.80154e-005 0.0004983662
-9.64154e-005 2.779033e-005
-9.48154e-005 0.0006160101
-9.32154e-005 0.0003807222
-9.16154e-005 2.779033e-005
-9.00154e-005 0.0002630782
-8.84154e-005 -0.0007957174
-8.68154e-005 0.0002630782
-8.52154e-005 0.0001454343
-8.36154e-005 0.0001454343
-8.20154e-005 0.0004983662
-8.04154e-005 0.0002630782
-7.88154e-005 2.779033e-005
-7.72154e-005 0.0001454343
-7.56154e-005 0.0003807222
-7.40154e-005 0.0002630782
-7.24154e-005 0.0003807222
-7.08154e-005 0.0001454343
-6.92154e-005 0.0002630782
-6.76154e-005 -8.985363e-005
-6.60154e-005 2.779033e-005
-6.44154e-005 -8.985363e-005
-6.28154e-005 0.0004983662
-6.12154e-005 0.0003807222
-5.96154e-005 0.0006160101
-5.80154e-005 0.0003807222
-5.64154e-005 0.0004983662
-5.48154e-005 0.0002630782
-5.32154e-005 0.0004983662
-5.16154e-005 0.0001454343
-5.00154e-005 0.0007336541
-4.84154e-005 0.0007336541
-4.68154e-005 0.001439518
-4.52154e-005 0.00179245
-4.36154e-005 0.001910094
-4.20154e-005 0.002027738
-4.04154e-005 0.000968942
-3.88154e-005 -0.001854513
-3.72154e-005 -0.004913256
-3.56154e-005 -0.009971946
-3.40154e-005 -0.0167953
-3.24154e-005 -0.02691268
-3.08154e-005 -0.03914765
-2.92154e-005 -0.0526767
-2.76154e-005 -0.06820571
-2.60154e-005 -0.08573466
-2.44154e-005 -0.1040871
-2.28154e-005 -0.1202043
-2.12154e-005 -0.1316158
-1.96154e-005 -0.1382039
-1.80154e-005 -0.1417332
-1.64154e-005 -0.1423214
-1.48154e-005 -0.1446743
-1.32154e-005 -0.1471448
-1.16154e-005 -0.1483212
-1.00154e-005 -0.1446743
-8.4154e-006 -0.132204
-6.8154e-006 -0.111734
-5.2154e-006 -0.08549937
-3.6154e-006 -0.05808833
-2.0154e-006 -0.03032435
-4.154e-007 -0.007383779
1.1846e-006 0.009086375
2.7846e-006 0.01802732
4.3846e-006 0.01755674
5.9846e-006 0.007321716
7.5846e-006 -0.009266082
9.1846e-006 -0.02926556
1.07846e-005 -0.04667686
1.23846e-005 -0.06232351
1.39846e-005 -0.07385262
1.55846e-005 -0.08091125
1.71846e-005 -0.08538172
1.87846e-005 -0.08867575
2.03846e-005 -0.09079335
2.19846e-005 -0.09291094
2.35846e-005 -0.09455795
2.51846e-005 -0.09585204
2.67846e-005 -0.09585204
2.83846e-005 -0.09385209
2.99846e-005 -0.08985219
3.15846e-005 -0.08444057
3.31846e-005 -0.07749958
3.47846e-005 -0.07020565
3.63846e-005 -0.06314702
3.79846e-005 -0.05997063
3.95846e-005 -0.05691189
4.11846e-005 -0.05526487
4.27846e-005 -0.05338257
4.43846e-005 -0.05126498
4.59846e-005 -0.04797094
4.75846e-005 -0.04561807
4.91846e-005 -0.04255932
5.07846e-005 -0.03891236
5.23846e-005 -0.03491247
5.39846e-005 -0.02855969
5.55846e-005 -0.02244221
5.71846e-005 -0.01667765
5.87846e-005 -0.0127954
6.03846e-005 -0.008795507
6.19846e-005 -0.007030847
6.35846e-005 -0.006913203
6.51846e-005 -0.008560219
6.67846e-005 -0.01244247
6.83846e-005 -0.01703058
6.99846e-005 -0.02361865
7.15846e-005 -0.03044199
7.31846e-005 -0.03726534
7.47846e-005 -0.04314754
7.63846e-005 -0.04808859
7.79846e-005 -0.05279435
7.95846e-005 -0.05750011
8.11846e-005 -0.06279408
8.27846e-005 -0.06867628
8.43846e-005 -0.07385262
8.59846e-005 -0.07785251
8.75846e-005 -0.08079361
8.91846e-005 -0.0829112
9.07846e-005 -0.08173476
9.23846e-005 -0.07832309
9.39846e-005 -0.07279382
9.55846e-005 -0.06432346
9.71846e-005 -0.05397079
9.87846e-005 -0.04185346
0.0001003846 -0.02926556
0.0001019846 -0.01726587
0.0001035846 -0.006089696
0.0001051846 0.002851245
0.0001067846 0.008968731
0.0001083846 0.01273334
0.0001099846 0.01296863
0.0001115846 0.01108632
0.0001131846 0.008733443
0.0001147846 0.005086481
0.0001163846 0.001557162
0.0001179846 -0.003383884
0.0001195846 -0.008795507
0.0001211846 -0.0146777
0.0001227846 -0.0205599
0.0001243846 -0.02503037
0.0001259846 -0.02867734
0.0001275846 -0.03161843
0.0001291846 -0.03361838
0.0001307846 -0.03503011
0.0001323846 -0.03455953
0.0001339846 -0.03361838
0.0001355846 -0.03291252
0.0001371846 -0.0342066
0.0001387846 -0.03561833
0.0001403846 -0.0382065
0.0001419846 -0.04055938
0.0001435846 -0.04220639
0.0001451846 -0.04279461
0.0001467846 -0.04220639
0.0001483846 -0.0400888
0.0001499846 -0.03632419
0.0001515846 -0.03114786
0.0001531846 -0.02585388
0.0001547846 -0.02067755
0.0001563846 -0.01632472
0.0001579846 -0.01208954
0.0001595846 -0.008442575
0.0001611846 -0.003736816
0.0001627846 0.0006160101
0.0001643846 0.00626292
0.0001659846 0.01190983
0.0001675846 0.01755674
0.0001691846 0.02155663
0.0001707846 0.02449773
0.0001723846 0.02579182
0.0001739846 0.02649768
0.0001755846 0.02673297
0.0001771846 0.02755648
0.0001787846 0.02920349
0.0001803846 0.0289682
0.0001819846 0.02861527
0.0001835846 0.02685061
0.0001851846 0.02390951
0.0001867846 0.02061548
0.0001883846 0.01673323
0.0001899846 0.0134392
0.0001915846 0.01108632
0.0001931846 0.009556951
0.0001947846 0.006380564
0.0001963846 0.004498261
0.0001979846 0.002615957
0.0001995846 0.001321874
0.0002011846 -0.0002074976
0.0002027846 -0.002325089
0.0002043846 -0.004325036
0.0002059846 -0.006089696
0.0002075846 -0.006795559
0.0002091846 -0.004560324
0.0002107846 -0.0004427855
0.0002123846 0.006380564
0.0002139846 0.01367449
0.0002155846 0.02179192
0.0002171846 0.02861527
0.0002187846 0.03520333
0.0002203846 0.04167375
0.0002219846 0.04790888
0.0002235846 0.05343815
0.0002251846 0.05861448
0.0002267846 0.06332024
0.0002283846 0.06743778
0.0002299846 0.07132003
0.0002315846 0.07379055
0.0002331846 0.07355526
0.0002347846 0.07214354
0.0002363846 0.06767307
0.0002379846 0.06202616
0.0002395846 0.05555574
0.0002411846 0.05014412
0.0002427846 0.04461485
0.0002443846 0.04014438
0.0002459846 0.03520333
0.0002475846 0.03037993
0.0002491846 0.02438009
0.0002507846 0.02167428
0.0002523846 0.01861554
0.0002539846 0.0163803
0.0002555846 0.01414507
0.0002571846 0.01332156
0.0002587846 0.0134392
0.0002603846 0.01614501
0.0002619846 0.01861554
0.0002635846 0.02108606
0.0002651846 0.02320365
0.0002667846 0.02473302
0.0002683846 0.02449773
0.0002699846 0.02402716
0.0002715846 0.02402716
0.0002731846 0.02461538
0.0002747846 0.02426245
0.0002763846 0.0252036
0.0002779846 0.02508595
0.0002795846 0.02590946
0.0002811846 0.02579182
0.0002827846 0.02508595
0.0002843846 0.02379187
0.0002859846 0.0222625
0.0002875846 0.01967433
0.0002891846 0.01696852
0.0002907846 0.01496857
0.0002923846 0.01402742
0.0002939846 0.01320391
0.0002955846 0.01249805
0.0002971846 0.01085103
0.0002987846 0.009439307
0.0003003846 0.00743936
0.0003019846 0.004851193
0.0003035846 0.002498313
0.0003051846 0.0007336541
0.0003067846 -0.002089801
0.0003083846 -0.004677968
0.0003099846 -0.006442627
0.0003115846 -0.007736711
0.0003131846 -0.008560219
0.0003147846 -0.008913151
0.0003163846 -0.009266082
0.0003179846 -0.009619014
0.0003195846 -0.009854302
0.0003211846 -0.01067781
0.0003227846 -0.0109131
0.0003243846 -0.01103074
0.0003259846 -0.01032488
0.0003275846 -0.009266082
0.0003291846 -0.007030847
0.0003307846 -0.004560324
0.0003323846 -0.002325089
0.0003339846 0.000851298
0.0003355846 0.003321821
0.0003371846 0.005204125
0.0003387846 0.006968784
0.0003403846 0.008615799
0.0003419846 0.009909883
0.0003435846 0.01061575
0.0003451846 0.0104981
0.0003467846 0.01061575
0.0003483846 0.01026281
0.0003499846 0.009674595
0.0003515846 0.008262867
0.0003531846 0.006968784
0.0003547846 0.005321768
0.0003563846 0.004262973
0.0003579846 0.003086533
0.0003595846 0.001674806
0.0003611846 0.0001454343
0.0003627846 -0.0006780734
0.0003643846 -0.003030953
0.0003659846 -0.005266188
0.0003675846 -0.008089643
0.0003691846 -0.01067781
0.0003707846 -0.01350126
0.0003723846 -0.01608943
0.0003739846 -0.01820702
0.0003755846 -0.01985404
0.0003771846 -0.02114812
0.0003787846 -0.02138341
0.0003803846 -0.0216187
0.0003819846 -0.01985404
0.0003835846 -0.01832467
0.0003851846 -0.01550121
0.0003867846 -0.01256011
0.0003883846 -0.009383726
0.0003899846 -0.005972052
0.0003915846 -0.0006780734
0.0003931846 0.003321821
0.0003947846 0.00685114
0.0003963846 0.009674595
0.0003979846 0.01143925
0.0003995846 0.01179219
0.0004011846 0.01214512
0.0004027846 0.01143925
0.0004043846 0.0104981
0.0004059846 0.008615799
0.0004075846 0.00685114
0.0004091846 0.004733549
0.0004107846 0.004262973
0.0004123846 0.002851245
0.0004139846 0.002027738
0.0004155846 0.0002630782
0.0004171846 -0.001031005
0.0004187846 -0.002560377
0.0004203846 -0.002913309
0.0004219846 -0.002913309
0.0004235846 -0.002089801
0.0004251846 -0.001031005
0.0004267846 0.0003807222
0.0004283846 0.001674806
0.0004299846 0.004262973
0.0004315846 0.006733496
0.0004331846 0.009792239
0.0004347846 0.01320391
0.0004363846 0.01649794
0.0004379846 0.01955669
0.0004395846 0.02261543
0.0004411846 0.0252036
0.0004427846 0.02720354
0.0004443846 0.0289682
0.0004459846 0.03026229
0.0004475846 0.03132108
0.0004491846 0.03226223
0.0004507846 0.03214459
0.0004523846 0.03214459
0.0004539846 0.03214459
0.0004555846 0.03049758
0.0004571846 0.02802705
0.0004587846 0.02485067
0.0004603846 0.02132135
0.0004619846 0.01732145
0.0004635846 0.0134392
0.0004651846 0.0104981
0.0004667846 0.007674648
0.0004683846 0.006027632
0.0004699846 0.003439465
0.0004715846 0.001557162
0.0004731846 -0.0005604295
0.0004747846 -0.001031005
0.0004763846 -0.002207445
0.0004779846 -0.003266241
0.0004795846 -0.0050309
0.0004811846 -0.006442627
0.0004827846 -0.007619067
0.0004843846 -0.008089643
0.0004859846 -0.008324931
0.0004875846 -0.007736711
0.0004891846 -0.007266135
0.0004907846 -0.005972052
0.0004923846 -0.003736816
0.0004939846 -0.001148649
0.0004955846 0.001910094
0.0004971846 0.005204125
0.0004987846 0.008498155
0.0005003846 0.01226276
0.0005019846 0.0153215
0.0005035846 0.01896847
0.0005051846 0.02167428
0.0005067846 0.02461538
0.0005083846 0.02685061
0.0005099846 0.02943878
0.0005115846 0.03132108
0.0005131846 0.03343867
0.0005147846 0.03520333
0.0005163846 0.03861501
0.0005179846 0.03979145
0.0005195846 0.04143846
0.0005211846 0.0426149
0.0005227846 0.04414427
0.0005243846 0.04532071
0.0005259846 0.04602658
0.0005275846 0.04602658
0.0005291846 0.04543836
0.0005307846 0.04520307
0.0005323846 0.04437956
0.0005339846 0.04296784
0.0005355846 0.0417914
0.0005371846 0.03990909
0.0005387846 0.03896794
0.0005403846 0.03696799
0.0005419846 0.03473276
0.0005435846 0.03226223
0.0005451846 0.03073286
0.0005467846 0.02837998
0.0005483846 0.02696826
0.0005499846 0.02638004
0.0005515846 0.0270859
0.0005531846 0.02861527
0.0005547846 0.03049758
0.0005563846 0.03308574
0.0005579846 0.03614449
0.0005595846 0.03932087
0.0005611846 0.04273255
0.0005627846 0.04543836
0.0005643846 0.0484971
0.0005659846 0.05061469
0.0005675846 0.05237935
0.0005691846 0.05390872
0.0005707846 0.05473223
0.0005723846 0.05461459
0.0005739846 0.0543793
0.0005755846 0.05379108
0.0005771846 0.05296757
0.0005787846 0.05214406
0.0005803846 0.05096762
0.0005819846 0.0484971
0.0005835846 0.04614422
0.0005851846 0.04308548
0.0005867846 0.04026202
0.0005883846 0.03637977
0.0005899846 0.03367396
0.0005915846 0.03026229
0.0005931846 0.02743883
0.0005947846 0.02473302
0.0005963846 0.02320365
0.0005979846 0.02249779
0.0005995846 0.02238014
0.0006011846 0.02273307
0.0006027846 0.02249779
0.0006043846 0.02238014
0.0006059846 0.02285072
0.0006075846 0.02296836
0.0006091846 0.0241448
0.0006107846 0.02438009
0.0006123846 0.02485067
0.0006139846 0.02532124
0.0006155846 0.02567417
0.0006171846 0.02590946
0.0006187846 0.02638004
0.0006203846 0.0270859
0.0006219846 0.02767412
0.0006235846 0.02732119
0.0006251846 0.02732119
0.0006267846 0.02614475
0.0006283846 0.02438009
0.0006299846 0.02261543
0.0006315846 0.0203802
0.0006331846 0.01814496
0.0006347846 0.01626266
0.0006363846 0.01390978
0.0006379846 0.01320391
0.0006395846 0.01179219
0.0006411846 0.01132161
0.0006427846 0.01002753
0.0006443846 0.008615799
0.0006459846 0.00685114
0.0006475846 0.004498261
0.0006491846 0.00179245
0.0006507846 -0.0007957174
0.0006523846 -0.003030953
0.0006539846 -0.0050309
0.0006555846 -0.006324983
0.0006571846 -0.006442627
0.0006587846 -0.008089643
0.0006603846 -0.008442575
0.0006619846 -0.009383726
0.0006635846 -0.009971946
0.0006651846 -0.0109131
0.0006667846 -0.01138367
0.0006683846 -0.01232483
0.0006699846 -0.01256011
0.0006715846 -0.01256011
0.0006731846 -0.01361891
0.0006747846 -0.0138542
0.0006763846 -0.0138542
0.0006779846 -0.01397184
0.0006795846 -0.01361891
0.0006811846 -0.01314833
0.0006827846 -0.01267776
0.0006843846 -0.01267776
0.0006859846 -0.01220718
0.0006875846 -0.01173661
0.0006891846 -0.01067781
0.0006907846 -0.009971946
0.0006923846 -0.009030794
0.0006939846 -0.009148438
0.0006955846 -0.008913151
0.0006971846 -0.009148438
0.0006987846 -0.009030794
0.0007003846 -0.009619014
0.0007019846 -0.009148438
0.0007035846 -0.009619014
0.0007051846 -0.008913151
0.0007067846 -0.008560219
0.0007083846 -0.007266135
0.0007099846 -0.006324983
0.0007115846 -0.00444268
0.0007131846 -0.003619172
0.0007147846 -0.002089801
0.0007163846 -0.001031005
0.0007179846 0.0002630782
0.0007195846 0.00120423
0.0007211846 0.002498313
0.0007227846 0.003674753
0.0007243846 0.004498261
0.0007259846 0.0056747
0.0007275846 0.00626292
0.0007291846 0.00685114
0.0007307846 0.007204072
0.0007323846 0.007204072
0.0007339846 0.007321716
0.0007355846 0.00743936
0.0007371846 0.007086428
0.0007387846 0.006733496
0.0007403846 0.006615852
0.0007419846 0.007557004
0.0007435846 0.007909936
0.0007451846 0.009086375
0.0007467846 0.009909883
0.0007483846 0.01026281
0.0007499846 0.01108632
0.0007515846 0.01226276
0.0007531846 0.0134392
0.0007547846 0.014498
0.0007563846 0.01579208
0.0007579846 0.01673323
0.0007595846 0.01779203
0.0007611846 0.01814496
0.0007627846 0.0182626
0.0007643846 0.01767438
0.0007659846 0.01661559
0.0007675846 0.01496857
0.0007691846 0.0134392
0.0007707846 0.01120397
0.0007723846 0.009321663
0.0007739846 0.006968784
0.0007755846 0.004262973
0.0007771846 0.002380669
0.0007787846 0.0003807222
0.0007803846 -0.0007957174
0.0007819846 -0.001501581
0.0007835846 -0.002325089
0.0007851846 -0.002325089
0.0007867846 -0.003148597
0.0007883846 -0.002795665
0.0007899846 -0.003030953
0.0007915846 -0.002560377
0.0007931846 -0.002442733
0.0007947846 -0.002089801
0.0007963846 -0.001854513
0.0007979846 -0.0004427855
0.0007995846 -0.001148649
0.0008011846 2.779033e-005
0.0008027846 0.0001454343
0.0008043846 0.0006160101
0.0008059846 0.0007336541
0.0008075846 0.000968942
0.0008091846 0.0003807222
0.0008107846 0.000968942
0.0008123846 0.000968942
0.0008139846 0.00120423
0.0008155846 0.001321874
0.0008171846 0.001910094
0.0008187846 0.002027738
0.0008203846 0.002145382
0.0008219846 0.001439518
0.0008235846 0.001086586
0.0008251846 0.000851298
0.0008267846 0.00120423
0.0008283846 0.001321874
0.0008299846 0.002733601
0.0008315846 0.004145329
0.0008331846 0.006498208
0.0008347846 0.007909936
0.0008363846 0.01061575
0.0008379846 0.01273334
0.0008395846 0.01473329
0.0008411846 0.01649794
0.0008427846 0.01814496
0.0008443846 0.01908611
0.0008459846 0.0203802
0.0008475846 0.02096841
0.0008491846 0.02167428
0.0008507846 0.02214485
0.0008523846 0.0222625
0.0008539846 0.02273307
0.0008555846 0.02273307
0.0008571846 0.0222625
0.0008587846 0.02261543
0.0008603846 0.0222625
0.0008619846 0.02179192
0.0008635846 0.02132135
0.0008651846 0.02132135
0.0008667846 0.02108606
0.0008683846 0.02096841
0.0008699846 0.02073313
0.0008715846 0.0212037
0.0008731846 0.02155663
0.0008747846 0.02214485
0.0008763846 0.02273307
0.0008779846 0.02390951
0.0008795846 0.02426245
0.0008811846 0.02496831
0.0008827846 0.02567417
0.0008843846 0.02590946
0.0008859846 0.02638004
0.0008875846 0.02638004
0.0008891846 0.02602711
0.0008907846 0.02638004
0.0008923846 0.02579182
0.0008939846 0.02532124
0.0008955846 0.02508595
0.0008971846 0.02449773
0.0008987846 0.02343894
0.0009003846 0.02261543
0.0009019846 0.02073313
0.0009035846 0.01979198
0.0009051846 0.01790967
0.0009067846 0.01590972
0.0009083846 0.01414507
0.0009099846 0.01308627
0.0009115846 0.01167454
0.0009131846 0.01143925
0.0009147846 0.01132161
0.0009163846 0.0115569
0.0009179846 0.01202747
0.0009195846 0.01296863
0.0009211846 0.01367449
0.0009227846 0.01508622
0.0009243846 0.01661559
0.0009259846 0.01802732
0.0009275846 0.02014491
0.0009291846 0.02273307
0.0009307846 0.02485067
0.0009323846 0.02767412
0.0009339846 0.02979171
0.0009355846 0.0319093
0.0009371846 0.03320339
0.0009387846 0.03437983
0.0009403846 0.03437983
0.0009419846 0.03426218
0.0009435846 0.03308574
0.0009451846 0.03179166
0.0009467846 0.02979171
0.0009483846 0.02767412
0.0009499846 0.02532124
0.0009515846 0.02332129
0.0009531846 0.02108606
0.0009547846 0.01943904
0.0009563846 0.01838025
0.0009579846 0.01732145
0.0009595846 0.01685088
0.0009611846 0.01673323
0.0009627846 0.01626266
0.0009643846 0.01590972
0.0009659846 0.01567444
0.0009675846 0.01520386
0.0009691846 0.014498
0.0009707846 0.01438035
0.0009723846 0.01402742
0.0009739846 0.01355685
0.0009755846 0.01261569
0.0009771846 0.01273334
0.0009787846 0.01202747
0.0009803846 0.01190983
0.0009819846 0.01143925
0.0009835846 0.01108632
0.0009851846 0.01096868
0.0009867846 0.01096868
0.0009883846 0.01096868
0.0009899846 0.01108632
0.0009915846 0.01132161
0.0009931846 0.01120397
0.0009947846 0.0115569
0.0009963846 0.01226276
0.0009979846 0.01226276
0.0009995846 0.01261569
0.001001185 0.01226276
0.001002785 0.01261569
0.001004385 0.01179219
0.001005985 0.01132161
0.001007585 0.01026281
0.001009185 0.009439307
0.001010785 0.008851087
0.001012385 0.008262867
0.001013985 0.007792292
0.001015585 0.008262867
0.001017185 0.008380511
0.001018785 0.008145223
0.001020385 0.008262867
0.001021985 0.008615799
0.001023585 0.009086375
0.001025185 0.009439307
0.001026785 0.009909883
0.001028385 0.01038046
0.001029985 0.01085103
0.001031585 0.01202747
0.001033185 0.01296863
0.001034785 0.01438035
0.001036385 0.01520386
0.001037985 0.01661559
0.001039585 0.01767438
0.001041185 0.01885082
0.001042785 0.01920376
0.001044385 0.01990962
0.001045985 0.01990962
0.001047585 0.01955669
0.001049185 0.01896847
0.001050785 0.0182626
0.001052385 0.01685088
0.001053985 0.01567444
0.001055585 0.01426271
0.001057185 0.01308627
0.001058785 0.01167454
0.001060385 0.01038046
0.001061985 0.009556951
0.001063585 0.008498155
0.001065185 0.007557004
0.001066785 0.007204072
0.001068385 0.006968784
0.001069985 0.00685114
0.001071585 0.00685114
0.001073185 0.00743936
0.001074785 0.007557004
0.001076385 0.007557004
0.001077985 0.00802758
0.001079585 0.00743936
0.001081185 0.007557004
0.001082785 0.007086428
0.001084385 0.006615852
0.001085985 0.005909988
0.001087585 0.005321768
0.001089185 0.004733549
0.001090785 0.004027685
0.001092385 0.003321821
0.001093985 0.002145382
0.001095585 0.001086586
0.001097185 0.0003807222
0.001098785 -0.0003251415
0.001100385 -0.0004427855
0.001101985 -0.0003251415
0.001103585 -0.0005604295
0.001105185 2.779033e-005
0.001106785 0.0003807222
0.001108385 0.001439518
0.001109985 0.002145382
0.001111585 0.002615957
0.001113185 0.003321821
0.001114785 0.004027685
0.001116385 0.004145329
0.001117985 0.005086481
0.001119585 0.005321768
0.001121185 0.005557056
0.001122785 0.005909988
0.001124385 0.006027632
0.001125985 0.005321768
0.001127585 0.005557056
0.001129185 0.004615905
0.001130785 0.004262973
0.001132385 0.003557109
0.001133985 0.002498313
0.001135585 0.002145382
0.001137185 0.0004983662
0.001138785 -8.985363e-005
0.001140385 -0.0006780734
0.001141985 -0.0007957174
0.001143585 -0.0002074976
0.001145185 -0.0005604295
0.001146785 -0.0003251415
0.001148385 -8.985363e-005
0.001149985 0.0007336541
0.001151585 0.0004983662
0.001153185 0.001086586
0.001154785 0.0002630782
0.001156385 2.779033e-005
0.001157985 -0.0007957174
0.001159585 -0.001148649
0.001161185 -0.001501581
0.001162785 -0.001736869
0.001164385 -0.001854513
0.001165985 -0.002678021
0.001167585 -0.002795665
0.001169185 -0.002795665
0.001170785 -0.003148597
0.001172385 -0.003383884
0.001173985 -0.004089748
0.001175585 -0.004677968
0.001177185 -0.004677968
0.001178785 -0.004913256
0.001180385 -0.005148544
0.001181985 -0.005266188
0.001183585 -0.005854408
0.001185185 -0.006207339
0.001186785 -0.006207339
0.001188385 -0.006560271
0.001189985 -0.007383779
0.001191585 -0.007030847
0.001193185 -0.008913151
0.001194785 -0.009266082
0.001196385 -0.009736658
0.001197985 -0.009971946
0.001199585 -0.01044252
0.001201185 -0.01067781
0.001202785 -0.01044252
0.001204385 -0.01008959
0.001205985 -0.009383726
0.001207585 -0.009383726
0.001209185 -0.009030794
0.001210785 -0.008207287
0.001212385 -0.007854355
0.001213985 -0.007266135
0.001215585 -0.007148491
0.001217185 -0.005972052
0.001218785 -0.0050309
0.001220385 -0.004089748
0.001221985 -0.003266241
0.001223585 -0.002089801
0.001225185 -0.0005604295
0.001226785 0.0004983662
0.001228385 0.001086586
0.001229985 0.002498313
0.001231585 0.003910041
0.001233185 0.004968837
0.001234785 0.00626292
0.001236385 0.007792292
0.001237985 0.008968731
0.001239585 0.01061575
0.001241185 0.01190983
0.001242785 0.01414507
0.001244385 0.01567444
0.001245985 0.01755674
0.001247585 0.0193214
0.001249185 0.02049784
0.001250785 0.02190957
0.001252385 0.02332129
0.001253985 0.02332129
0.001255585 0.02402716
0.001257185 0.02343894
0.001258785 0.02355658
0.001260385 0.02249779
0.001261985 0.02073313
0.001263585 0.02061548
0.001265185 0.01955669
0.001266785 0.01873318
0.001268385 0.01790967
0.001269985 0.0174391
0.001271585 0.01673323
0.001273185 0.01626266
0.001274785 0.01626266
0.001276385 0.01555679
0.001277985 0.01590972
0.001279585 0.0153215
0.001281185 0.01520386
0.001282785 0.01461564
0.001284385 0.01508622
0.001285985 0.01473329
0.001287585 0.01485093
0.001289185 0.01508622
0.001290785 0.01543915
0.001292385 0.01626266
0.001293985 0.01696852
0.001295585 0.01720381
0.001297185 0.01790967
0.001298785 0.0182626
0.001300385 0.0182626
0.001301985 0.01767438
0.001303585 0.01720381
0.001305185 0.01614501
0.001306785 0.01555679
0.001308385 0.01414507
0.001309985 0.01285098
0.001311585 0.01143925
0.001313185 0.009792239
0.001314785 0.008262867
0.001316385 0.007086428
0.001317985 0.005321768
0.001319585 0.004262973
0.001321185 0.002851245
0.001322785 0.002027738
0.001324385 0.001086586
0.001325985 0.0007336541
0.001327585 -8.985363e-005
0.001329185 -8.985363e-005
0.001330785 -0.0002074976
0.001332385 0.0001454343
0.001333985 0.000851298
0.001335585 0.00179245
0.001337185 0.002498313
0.001338785 0.003674753
0.001340385 0.004262973
0.001341985 0.005439412
0.001343585 0.006145276
0.001345185 0.00743936
0.001346785 0.00743936
0.001348385 0.008733443
0.001349985 0.008733443
0.001351585 0.009086375
0.001353185 0.008733443
0.001354785 0.008733443
0.001356385 0.008380511
0.001357985 0.008380511
0.001359585 0.008380511
0.001361185 0.007909936
0.001362785 0.007792292
0.001364385 0.007674648
0.001365985 0.007557004
0.001367585 0.006968784
0.001369185 0.007086428
0.001370785 0.007204072
0.001372385 0.006968784
0.001373985 0.006968784
0.001375585 0.00626292
0.001377185 0.006380564
0.001378785 0.005792344
0.001380385 0.005321768
0.001381985 0.004262973
0.001383585 0.003792397
0.001385185 0.002498313
0.001386785 0.001674806
0.001388385 0.0002630782
0.001389985 0.0001454343
0.001391585 -0.001383937
0.001393185 -0.001972157
0.001394785 -0.002678021
0.001396385 -0.002795665
0.001397985 -0.002913309
0.001399585 -0.002089801
0.001401185 -0.001736869
0.001402785 -0.0005604295
0.001404385 0.0007336541
0.001405985 0.002263026
0.001407585 0.003439465
0.001409185 0.005321768
0.001410785 0.006145276
0.001412385 0.007204072
0.001413985 0.008262867
0.001415585 0.008851087
0.001417185 0.008968731
0.001418785 0.008968731
0.001420385 0.008733443
0.001421985 0.00802758
0.001423585 0.00743936
0.001425185 0.005909988
0.001426785 0.004851193
0.001428385 0.002851245
0.001429985 0.001321874
0.001431585 -0.0005604295
0.001433185 -0.002442733
0.001434785 -0.003619172
0.001436385 -0.005501476
0.001437985 -0.006677915
0.001439585 -0.007854355
0.001441185 -0.009148438
0.001442785 -0.009854302
0.001444385 -0.01067781
0.001445985 -0.01161896
0.001447585 -0.01232483
0.001449185 -0.01303069
0.001450785 -0.01361891
0.001452385 -0.01350126
0.001453985 -0.01338362
0.001455585 -0.01314833
0.001457185 -0.01267776
0.001458785 -0.0127954
0.001460385 -0.01161896
0.001461985 -0.01150132
0.001463585 -0.01067781
0.001465185 -0.01079545
0.001466785 -0.009854302
0.001468385 -0.009736658
0.001469985 -0.009030794
0.001471585 -0.009619014
0.001473185 -0.009266082
0.001474785 -0.009383726
0.001476385 -0.009736658
0.001477985 -0.01044252
0.001479585 -0.01114839
0.001481185 -0.01232483
0.001482785 -0.01326598
0.001484385 -0.0146777
0.001485985 -0.01550121
0.001487585 -0.0167953
0.001489185 -0.01820702
0.001490785 -0.01938346
0.001492385 -0.02020697
0.001493985 -0.02103048
0.001495585 -0.02208927
0.001497185 -0.02220692
0.001498785 -0.02267749
0.001500385 -0.02291278
0.001501985 -0.02338336
0.001503585 -0.02385393
0.001505185 -0.02420687
0.001506785 -0.0245598
0.001508385 -0.02432451
0.001509985 -0.02526566
0.001511585 -0.02597152
0.001513185 -0.02608917
0.001514785 -0.02655974
0.001516385 -0.02714796
0.001517985 -0.0275009
0.001519585 -0.02808912
0.001521185 -0.02844205
0.001522785 -0.02914791
0.001524385 -0.02950084
0.001525985 -0.02973613
0.001527585 -0.02985378
0.001529185 -0.02997142
0.001530785 -0.02891262
0.001532385 -0.02903027
0.001533985 -0.02797147
0.001535585 -0.02738325
0.001537185 -0.0264421
0.001538785 -0.02550095
0.001540385 -0.02491273
0.001541985 -0.02385393
0.001543585 -0.02338336
0.001545185 -0.02303043
0.001546785 -0.02267749
0.001548385 -0.02244221
0.001549985 -0.02185399
0.001551585 -0.02173634
0.001553185 -0.02126577
0.001554785 -0.02091283
0.001556385 -0.02079519
0.001557985 -0.0205599
0.001559585 -0.01973639
0.001561185 -0.01950111
0.001562785 -0.01891289
0.001564385 -0.01844231
0.001565985 -0.01808938
0.001567585 -0.01750116
0.001569185 -0.01667765
0.001570785 -0.01608943
0.001572385 -0.01491299
0.001573985 -0.01408948
0.001575585 -0.01303069
0.001577185 -0.01185425
0.001578785 -0.01103074
0.001580385 -0.01008959
0.001581985 -0.009148438
0.001583585 -0.008442575
0.001585185 -0.007148491
0.001586785 -0.007619067
0.001588385 -0.007030847
0.001589985 -0.006913203
0.001591585 -0.006207339
0.001593185 -0.006913203
0.001594785 -0.006207339
0.001596385 -0.006207339
0.001597985 -0.006324983
0.001599585 -0.006089696
0.001601185 -0.006324983
0.001602785 -0.006677915
0.001604385 -0.007148491
0.001605985 -0.007619067
0.001607585 -0.007971999
0.001609185 -0.008795507
0.001610785 -0.00950137
0.001612385 -0.01008959
0.001613985 -0.01126603
0.001615585 -0.01232483
0.001617185 -0.01326598
0.001618785 -0.01456006
0.001620385 -0.0157365
0.001621985 -0.01632472
0.001623585 -0.01726587
0.001625185 -0.01844231
0.001626785 -0.01903053
0.001628385 -0.01973639
0.001629985 -0.02032461
0.001631585 -0.0205599
0.001633185 -0.02079519
0.001634785 -0.0205599
0.001636385 -0.0205599
0.001637985 -0.01985404
0.001639585 -0.01961875
0.001641185 -0.01891289
0.001642785 -0.01808938
0.001644385 -0.0176188
0.001645985 -0.01656001
0.001647585 -0.01585414
0.001649185 -0.01503064
0.001650785 -0.01361891
0.001652385 -0.01267776
0.001653985 -0.01267776
0.001655585 -0.01291305
0.001657185 -0.01185425
0.001658785 -0.01197189
0.001660385 -0.01208954
0.001661985 -0.01267776
0.001663585 -0.01361891
0.001665185 -0.01397184
0.001666785 -0.01514828
0.001668385 -0.01620708
0.001669985 -0.01750116
0.001671585 -0.01832467
0.001673185 -0.01938346
0.001674785 -0.02008933
0.001676385 -0.02138341
0.001677985 -0.02244221
0.001679585 -0.02326571
0.001681185 -0.02326571
0.001682785 -0.023501
0.001684385 -0.02373629
0.001685985 -0.02326571
0.001687585 -0.02314807
0.001689185 -0.02244221
0.001690785 -0.02220692
0.001692385 -0.0216187
0.001693985 -0.02091283
0.001695585 -0.02032461
0.001697185 -0.01985404
0.001698785 -0.01938346
0.001700385 -0.01879524
0.001701985 -0.01844231
0.001703585 -0.01773645
0.001705185 -0.01738352
0.001706785 -0.0167953
0.001708385 -0.01608943
0.001709985 -0.01514828
0.001711585 -0.01526592
0.001713185 -0.01503064
0.001714785 -0.01514828
0.001716385 -0.01479535
0.001717985 -0.01503064
0.001719585 -0.01526592
0.001721185 -0.01538357
0.001722785 -0.01656001
0.001724385 -0.01632472
0.001725985 -0.01714823
0.001727585 -0.01714823
0.001729185 -0.01703058
0.001730785 -0.01703058
0.001732385 -0.01691294
0.001733985 -0.0167953
0.001735585 -0.01632472
0.001737185 -0.01608943
0.001738785 -0.01550121
0.001740385 -0.01503064
0.001741985 -0.01408948
0.001743585 -0.01326598
0.001745185 -0.01267776
0.001746785 -0.01185425
0.001748385 -0.01114839
0.001749985 -0.0109131
0.001751585 -0.009971946
0.001753185 -0.01020723
0.001754785 -0.00950137
0.001756385 -0.009383726
0.001757985 -0.009148438
0.001759585 -0.008677863
0.001761185 -0.008677863
0.001762785 -0.007971999
0.001764385 -0.008089643
0.001765985 -0.007854355
0.001767585 -0.006913203
0.001769185 -0.006913203
0.001770785 -0.006089696
0.001772385 -0.00561912
0.001773985 -0.005148544
0.001775585 -0.0050309
0.001777185 -0.004325036
0.001778785 -0.004207392
0.001780385 -0.004089748
0.001781985 -0.004795612
0.001783585 -0.00444268
0.001785185 -0.0050309
0.001786785 -0.004913256
0.001788385 -0.005854408
0.001789985 -0.006677915
0.001791585 -0.007971999
0.001793185 -0.008324931
0.001794785 -0.009971946
0.001796385 -0.01150132
0.001797985 -0.01173661
0.001799585 -0.01291305
0.001801185 -0.01350126
0.001802785 -0.01456006
0.001804385 -0.01561886
0.001805985 -0.01620708
0.001807585 -0.01691294
0.001809185 -0.0167953
0.001810785 -0.01703058
0.001812385 -0.01667765
0.001813985 -0.01656001
0.001815585 -0.01608943
0.001817185 -0.01491299
0.001818785 -0.01420713
0.001820385 -0.01303069
0.001821985 -0.01185425
0.001823585 -0.01056017
0.001825185 -0.009148438
0.001826785 -0.008207287
0.001828385 -0.007148491
0.001829985 -0.005854408
0.001831585 -0.004913256
0.001833185 -0.004325036
0.001834785 -0.003148597
0.001836385 -0.003030953
0.001837985 -0.002795665
0.001839585 -0.002678021
0.001841185 -0.002442733
0.001842785 -0.002913309
0.001844385 -0.002678021
0.001845985 -0.003501528
0.001847585 -0.004089748
0.001849185 -0.004560324
0.001850785 -0.004913256
0.001852385 -0.0050309
0.001853985 -0.006207339
0.001855585 -0.006089696
0.001857185 -0.005854408
0.001858785 -0.005501476
0.001860385 -0.005501476
0.001861985 -0.005266188
0.001863585 -0.00444268
0.001865185 -0.003736816
0.001866785 -0.002207445
0.001868385 -0.001383937
0.001869985 2.779033e-005
0.001871585 0.001439518
0.001873185 0.002851245
0.001874785 0.004733549
0.001876385 0.006498208
0.001877985 0.00802758
0.001879585 0.009439307
0.001881185 0.01085103
0.001882785 0.01249805
0.001884385 0.01261569
0.001885985 0.01367449
0.001887585 0.0134392
0.001889185 0.01402742
0.001890785 0.01296863
0.001892385 0.01261569
0.001893985 0.01179219
0.001895585 0.01073339
0.001897185 0.009792239
0.001898785 0.008733443
0.001900385 0.007674648
0.001901985 0.006733496
0.001903585 0.005909988
0.001905185 0.005439412
0.001906785 0.004733549
0.001908385 0.005204125
0.001909985 0.004733549
0.001911585 0.004733549
0.001913185 0.005204125
0.001914785 0.006027632
0.001916385 0.007086428
0.001917985 0.008380511
0.001919585 0.009439307
0.001921185 0.01120397
0.001922785 0.01167454
0.001924385 0.01355685
0.001925985 0.01485093
0.001927585 0.01673323
0.001929185 0.01708616
0.001930785 0.01814496
0.001932385 0.01814496
0.001933985 0.01873318
0.001935585 0.01861554
0.001937185 0.01849789
0.001938785 0.01779203
0.001940385 0.01720381
0.001941985 0.0163803
0.001943585 0.01543915
0.001945185 0.01414507
0.001946785 0.01402742
0.001948385 0.01261569
0.001949985 0.01214512
0.001951585 0.01120397
0.001953185 0.01073339
0.001954785 0.01014517
0.001956385 0.01014517
0.001957985 0.009556951
0.001959585 0.009556951
0.001961185 0.009321663
0.001962785 0.009439307
0.001964385 0.008733443
0.001965985 0.009086375
0.001967585 0.008968731
0.001969185 0.008733443
0.001970785 0.008498155
0.001972385 0.007909936
0.001973985 0.008145223
0.001975585 0.007557004
0.001977185 0.00802758
0.001978785 0.007557004
0.001980385 0.00802758
0.001981985 0.008615799
0.001983585 0.008615799
0.001985185 0.009204019
0.001986785 0.009086375
0.001988385 0.01002753
0.001989985 0.009909883
0.001991585 0.0104981
0.001993185 0.01132161
0.001994785 0.0104981
0.001996385 0.0104981
0.001997985 0.01108632
0.001999585 0.01073339
0.002001185 0.01073339
0.002002785 0.01073339
0.002004385 0.01026281
0.002005985 0.009674595
0.002007585 0.009674595
0.002009185 0.008733443
0.002010785 0.008498155
0.002012385 0.008145223
0.002013985 0.007321716
0.002015585 0.006733496
0.002017185 0.006027632
0.002018785 0.0056747
0.002020385 0.004851193
0.002021985 0.004027685
0.002023585 0.003321821
0.002025185 0.002145382
0.002026785 0.001557162
0.002028385 0.0003807222
0.002029985 -0.0004427855
0.002031585 -0.001266293
0.002033185 -0.001501581
0.002034785 -0.002325089
0.002036385 -0.002560377
0.002037985 -0.002913309
0.002039585 -0.002325089
0.002041185 -0.002560377
0.002042785 -0.001972157
0.002044385 -0.001383937
0.002045985 -0.0007957174
0.002047585 0.0001454343
0.002049185 0.0006160101
0.002050785 0.002027738
0.002052385 0.002968889
0.002053985 0.003557109
0.002055585 0.004262973
0.002057185 0.004615905
0.002058785 0.004968837
0.002060385 0.004615905
0.002061985 0.004498261
0.002063585 0.003674753
0.002065185 0.002968889
0.002066785 0.002615957
0.002068385 0.002027738
0.002069985 0.0007336541
0.002071585 -0.0002074976
0.002073185 -0.0005604295
0.002074785 -0.0007957174
0.002076385 -0.001383937
0.002077985 -0.001501581
0.002079585 -0.001972157
0.002081185 -0.002089801
0.002082785 -0.001972157
0.002084385 -0.001501581
0.002085985 -0.001854513
0.002087585 -0.001148649
0.002089185 -0.001501581
0.002090785 -0.001383937
0.002092385 -0.001501581
0.002093985 -0.001266293
0.002095585 -0.001031005
0.002097185 -0.001501581
0.002098785 -0.001501581
0.002100385 -0.001148649
0.002101985 -0.001619225
0.002103585 -0.001383937
0.002105185 -0.001972157
0.002106785 -0.002207445
0.002108385 -0.002678021
0.002109985 -0.003030953
0.002111585 -0.003736816
0.002113185 -0.00444268
0.002114785 -0.0050309
0.002116385 -0.006207339
0.002117985 -0.006560271
0.002119585 -0.007736711
0.002121185 -0.007030847
0.002122785 -0.007501423
0.002124385 -0.007854355
0.002125985 -0.007971999
0.002127585 -0.008089643
0.002129185 -0.008207287
0.002130785 -0.008560219
0.002132385 -0.008089643
0.002133985 -0.008677863
0.002135585 -0.007971999
0.002137185 -0.007619067
0.002138785 -0.007383779
0.002140385 -0.006913203
0.002141985 -0.006442627
0.002143585 -0.005854408
0.002145185 -0.0050309
0.002146785 -0.004560324
0.002148385 -0.004325036
0.002149985 -0.004089748
0.002151585 -0.003501528
0.002153185 -0.003266241
0.002154785 -0.003030953
0.002156385 -0.003030953
0.002157985 -0.002795665
0.002159585 -0.002795665
0.002161185 -0.002795665
0.002162785 -0.002913309
0.002164385 -0.002442733
0.002165985 -0.002442733
0.002167585 -0.001972157
0.002169185 -0.002089801
0.002170785 -0.001501581
0.002172385 -0.001266293
0.002173985 -0.0002074976
0.002175585 0.0006160101
0.002177185 0.00179245
0.002178785 0.002498313
0.002180385 0.003910041
0.002181985 0.004851193
0.002183585 0.005909988
0.002185185 0.006615852
0.002186785 0.007321716
0.002188385 0.00743936
0.002189985 0.007204072
0.002191585 0.007792292
0.002193185 0.007557004
0.002194785 0.007204072
0.002196385 0.006615852
0.002197985 0.006027632
0.002199585 0.005557056
0.002201185 0.004851193
0.002202785 0.004380617
0.002204385 0.003674753
0.002205985 0.003439465
0.002207585 0.002380669
0.002209185 0.002498313
0.002210785 0.002145382
0.002212385 0.002145382
0.002213985 0.00179245
0.002215585 0.002263026
0.002217185 0.002615957
0.002218785 0.002968889
0.002220385 0.003557109
0.002221985 0.004262973
0.002223585 0.004851193
0.002225185 0.005439412
0.002226785 0.00626292
0.002228385 0.007792292
0.002229985 0.008380511
0.002231585 0.009321663
0.002233185 0.01002753
0.002234785 0.01108632
0.002236385 0.01167454
0.002237985 0.01238041
0.002239585 0.01249805
0.002241185 0.01296863
0.002242785 0.01320391
0.002244385 0.0134392
0.002245985 0.01390978
0.002247585 0.01355685
0.002249185 0.01285098
0.002250785 0.01285098
0.002252385 0.01202747
0.002253985 0.01167454
0.002255585 0.01096868
0.002257185 0.01096868
0.002258785 0.01026281
0.002260385 0.009909883
0.002261985 0.009086375
0.002263585 0.008733443
0.002265185 0.00802758
0.002266785 0.007557004
0.002268385 0.007204072
0.002269985 0.007321716
0.002271585 0.007086428
0.002273185 0.006968784
0.002274785 0.007086428
0.002276385 0.007204072
0.002277985 0.007086428
0.002279585 0.007086428
0.002281185 0.007321716
0.002282785 0.007557004
0.002284385 0.007321716
0.002285985 0.007321716
0.002287585 0.007086428
0.002289185 0.007086428
0.002290785 0.006615852
0.002292385 0.006145276
0.002293985 0.005909988
0.002295585 0.005204125
0.002297185 0.004498261
0.002298785 0.004027685
0.002300385 0.003204177
0.002301985 0.002968889
0.002303585 0.00179245
0.002305185 0.001557162
0.002306785 0.0006160101
0.002308385 0.0001454343
0.002309985 -0.0007957174
0.002311585 -0.001383937
0.002313185 -0.001619225
0.002314785 -0.002678021
0.002316385 -0.002207445
0.002317985 -0.003266241
0.002319585 -0.004325036
0.002321185 -0.004913256
0.002322785 -0.005736764
0.002324385 -0.006324983
0.002325985 -0.007501423
0.002327585 -0.007971999
0.002329185 -0.008560219
0.002330785 -0.009148438
0.002332385 -0.00950137
0.002333985 -0.009383726
0.002335585 -0.009736658
0.002337185 -0.01008959
0.002338785 -0.009854302
0.002340385 -0.01008959
0.002341985 -0.009619014
0.002343585 -0.009619014
0.002345185 -0.009619014
0.002346785 -0.009148438
0.002348385 -0.008913151
0.002349985 -0.008442575
0.002351585 -0.008442575
0.002353185 -0.007736711
0.002354785 -0.007619067
0.002356385 -0.007501423
0.002357985 -0.007501423
0.002359585 -0.007383779
0.002361185 -0.007619067
0.002362785 -0.007854355
0.002364385 -0.008442575
0.002365985 -0.008677863
0.002367585 -0.009148438
0.002369185 -0.00950137
0.002370785 -0.00950137
0.002372385 -0.009971946
0.002373985 -0.01032488
0.002375585 -0.01032488
0.002377185 -0.01056017
0.002378785 -0.01079545
0.002380385 -0.0109131
0.002381985 -0.01103074
0.002383585 -0.01079545
0.002385185 -0.0109131
0.002386785 -0.01067781
0.002388385 -0.01067781
0.002389985 -0.01032488
0.002391585 -0.009736658
0.002393185 -0.00950137
0.002394785 -0.009148438
0.002396385 -0.008442575
0.002397985 -0.007971999
0.002399585 -0.007736711
0.002401185 -0.007383779
0.002402785 -0.007501423
0.002404385 -0.006913203
0.002405985 -0.007030847
0.002407585 -0.007030847
0.002409185 -0.007030847
0.002410785 -0.007030847
0.002412385 -0.007383779
0.002413985 -0.007030847
0.002415585 -0.007383779
0.002417185 -0.007383779
0.002418785 -0.008089643
0.002420385 -0.008089643
0.002421985 -0.008560219
0.002423585 -0.008677863
0.002425185 -0.009383726
0.002426785 -0.009383726
0.002428385 -0.009736658
0.002429985 -0.009736658
0.002431585 -0.01020723
0.002433185 -0.01044252
0.002434785 -0.01044252
0.002436385 -0.01079545
0.002437985 -0.0109131
0.002439585 -0.01044252
0.002441185 -0.01079545
0.002442785 -0.01044252
0.002444385 -0.009971946
0.002445985 -0.009266082
0.002447585 -0.008795507
0.002449185 -0.008207287
0.002450785 -0.007266135
0.002452385 -0.006089696
0.002453985 -0.00561912
0.002455585 -0.00444268
0.002457185 -0.004207392
0.002458785 -0.003030953
0.002460385 -0.002325089
0.002461985 -0.001383937
0.002463585 -0.0009133613
0.002465185 -0.0006780734
0.002466785 -0.0002074976
0.002468385 0.0001454343
0.002469985 0.0007336541
0.002471585 0.000851298
0.002473185 0.000968942
0.002474785 0.001557162
0.002476385 0.001557162
0.002477985 0.002027738
0.002479585 0.001439518
0.002481185 0.001910094
0.002482785 0.001557162
0.002484385 0.001321874
0.002485985 0.001674806
0.002487585 0.001674806
0.002489185 0.001321874
0.002490785 0.00179245
0.002492385 0.001674806
0.002493985 0.002027738
0.002495585 0.002263026
0.002497185 0.002733601
0.002498785 0.003910041
0.002500385 0.004733549
0.002501985 0.005321768
0.002503585 0.006380564
0.002505185 0.00743936
0.002506785 0.008733443
0.002508385 0.009792239
0.002509985 0.01096868
0.002511585 0.01190983
0.002513185 0.01179219
0.002514785 0.01355685
0.002516385 0.01438035
0.002517985 0.01496857
0.002519585 0.01567444
0.002521185 0.01567444
0.002522785 0.01649794
0.002524385 0.01602737
0.002525985 0.01696852
0.002527585 0.01673323
0.002529185 0.0174391
0.002530785 0.0174391
0.002532385 0.01814496
0.002533985 0.01885082
0.002535585 0.01920376
0.002537185 0.01990962
0.002538785 0.02085077
0.002540385 0.0212037
0.002541985 0.02249779
0.002543585 0.02320365
0.002545185 0.02402716
0.002546785 0.02508595
0.002548385 0.02602711
0.002549985 0.02696826
0.002551585 0.02826234
0.002553185 0.02873292
0.002554785 0.02990936
0.002556385 0.03049758
0.002557985 0.03132108
0.002559585 0.03179166
0.002561185 0.03237988
0.002562785 0.03273281
0.002564385 0.03320339
0.002565985 0.03332103
0.002567585 0.03379161
0.002569185 0.03390925
0.002570785 0.03414454
0.002572385 0.03473276
0.002573985 0.03555627
0.002575585 0.03520333
0.002577185 0.0359092
0.002578785 0.03579155
0.002580385 0.0359092
0.002581985 0.03637977
0.002583585 0.03661506
0.002585185 0.03649742
0.002586785 0.03696799
0.002588385 0.03685035
0.002589985 0.03696799
0.002591585 0.03708564
0.002593185 0.03673271
0.002594785 0.03685035
0.002596385 0.03614449
0.002597985 0.03579155
0.002599585 0.0348504
0.002601185 0.03390925
0.002602785 0.03367396
0.002604385 0.03261517
0.002605985 0.03179166
0.002607585 0.03085051
0.002609185 0.030027
0.002610785 0.02873292
0.002612385 0.0281447
0.002613985 0.02685061
0.002615585 0.02626239
0.002617185 0.02567417
0.002618785 0.0252036
0.002620385 0.02438009
0.002621985 0.0241448
0.002623585 0.02367423
0.002625185 0.02390951
0.002626785 0.02343894
0.002628385 0.02355658
0.002629985 0.02308601
0.002631585 0.02285072
0.002633185 0.02261543
0.002634785 0.02285072
0.002636385 0.02214485
0.002637985 0.02214485
0.002639585 0.02261543
0.002641185 0.02155663
0.002642785 0.02061548
0.002644385 0.02026255
0.002645985 0.0193214
0.002647585 0.01908611
0.002649185 0.01790967
0.002650785 0.0174391
0.002652385 0.01626266
0.002653985 0.01626266
0.002655585 0.0153215
0.002657185 0.01496857
0.002658785 0.01402742
0.002660385 0.01402742
0.002661985 0.01308627
0.002663585 0.01273334
0.002665185 0.01202747
0.002666785 0.01190983
0.002668385 0.01108632
0.002669985 0.01108632
0.002671585 0.01026281
0.002673185 0.01014517
0.002674785 0.009439307
0.002676385 0.008851087
0.002677985 0.008851087
0.002679585 0.008615799
0.002681185 0.008380511
0.002682785 0.008498155
0.002684385 0.00802758
0.002685985 0.00802758
0.002687585 0.007792292
0.002689185 0.007557004
0.002690785 0.007792292
0.002692385 0.00743936
0.002693985 0.007321716
0.002695585 0.007321716
0.002697185 0.007204072
0.002698785 0.006733496
0.002700385 0.006968784
0.002701985 0.006615852
0.002703585 0.006027632
0.002705185 0.005321768
0.002706785 0.004851193
0.002708385 0.004380617
0.002709985 0.002498313
0.002711585 0.002733601
0.002713185 0.001674806
0.002714785 0.000968942
0.002716385 -0.0006780734
0.002717985 -0.001031005
0.002719585 -0.002442733
0.002721185 -0.002913309
0.002722785 -0.003383884
0.002724385 -0.004325036
0.002725985 -0.004677968
0.002727585 -0.005266188
0.002729185 -0.005501476
0.002730785 -0.00561912
0.002732385 -0.005972052
0.002733985 -0.006207339
0.002735585 -0.006089696
0.002737185 -0.005972052
0.002738785 -0.005383832
0.002740385 -0.005148544
0.002741985 -0.004560324
0.002743585 -0.004207392
0.002745185 -0.003501528
0.002746785 -0.002678021
0.002748385 -0.002207445
0.002749985 -0.001501581
0.002751585 -0.001148649
0.002753185 -0.0003251415
0.002754785 -8.985363e-005
0.002756385 0.000851298
0.002757985 0.000851298
0.002759585 0.001439518
0.002761185 0.00120423
0.002762785 0.001439518
0.002764385 0.001086586
0.002765985 0.001557162
0.002767585 0.001086586
0.002769185 0.0006160101
0.002770785 0.0002630782
0.002772385 -8.985363e-005
0.002773985 -0.0009133613
0.002775585 -0.001619225
0.002777185 -0.002442733
0.002778785 -0.002913309
0.002780385 -0.002795665
0.002781985 -0.00385446
0.002783585 -0.004560324
0.002785185 -0.004913256
0.002786785 -0.005266188
0.002788385 -0.005148544
0.002789985 -0.005148544
0.002791585 -0.004677968
0.002793185 -0.004560324
0.002794785 -0.003619172
0.002796385 -0.003266241
0.002797985 -0.002089801
0.002799585 -0.001383937
0.002801185 -0.0005604295
0.002802785 0.0006160101
0.002804385 0.001557162
0.002805985 0.002145382
0.002807585 0.003086533
0.002809185 0.003557109
0.002810785 0.004615905
0.002812385 0.005086481
0.002813985 0.005204125
0.002815585 0.005557056
0.002817185 0.005909988
0.002818785 0.005909988
0.002820385 0.005557056
0.002821985 0.005792344
0.002823585 0.006027632
0.002825185 0.005321768
0.002826785 0.005439412
0.002828385 0.005086481
0.002829985 0.004968837
0.002831585 0.004733549
0.002833185 0.004968837
0.002834785 0.004733549
0.002836385 0.004380617
0.002837985 0.005204125
0.002839585 0.005792344
0.002841185 0.006027632
0.002842785 0.006498208
0.002844385 0.006968784
0.002845985 0.00743936
0.002847585 0.007674648
0.002849185 0.008145223
0.002850785 0.008262867
0.002852385 0.008968731
0.002853985 0.009204019
0.002855585 0.009439307
0.002857185 0.009321663
0.002858785 0.01002753
0.002860385 0.01014517
0.002861985 0.01073339
0.002863585 0.01085103
0.002865185 0.01167454
0.002866785 0.01190983
0.002868385 0.01296863
0.002869985 0.01332156
0.002871585 0.01379213
0.002873185 0.01426271
0.002874785 0.01461564
0.002876385 0.01520386
0.002877985 0.01590972
0.002879585 0.0163803
0.002881185 0.01649794
0.002882785 0.01685088
0.002884385 0.01708616
0.002885985 0.01755674
0.002887585 0.0182626
0.002889185 0.01790967
0.002890785 0.0182626
0.002892385 0.01849789
0.002893985 0.01873318
0.002895585 0.01885082
0.002897185 0.01885082
0.002898785 0.01896847
0.002900385 0.01920376
0.002901985 0.01896847
0.002903585 0.0193214
0.002905185 0.01908611
0.002906785 0.01908611
0.002908385 0.01838025
0.002909985 0.01838025
0.002911585 0.01814496
0.002913185 0.01814496
0.002914785 0.01767438
0.002916385 0.01755674
0.002917985 0.01755674
0.002919585 0.01732145
0.002921185 0.01708616
0.002922785 0.0174391
0.002924385 0.01673323
0.002925985 0.01685088
0.002927585 0.01626266
0.002929185 0.01590972
0.002930785 0.01567444
0.002932385 0.0153215
0.002933985 0.01438035
0.002935585 0.01426271
0.002937185 0.0134392
0.002938785 0.01296863
0.002940385 0.01226276
0.002941985 0.01202747
0.002943585 0.01143925
0.002945185 0.01096868
0.002946785 0.01038046
0.002948385 0.01073339
0.002949985 0.01014517
0.002951585 0.01014517
0.002953185 0.009792239
0.002954785 0.009792239
0.002956385 0.009792239
0.002957985 0.009556951
0.002959585 0.009792239
0.002961185 0.009086375
0.002962785 0.009439307
0.002964385 0.009204019
0.002965985 0.008380511
0.002967585 0.008380511
0.002969185 0.007792292
0.002970785 0.007674648
0.002972385 0.007557004
0.002973985 0.007204072
0.002975585 0.00685114
0.002977185 0.007204072
0.002978785 0.006027632
0.002980385 0.00626292
0.002981985 0.005439412
0.002983585 0.005557056
0.002985185 0.004968837
0.002986785 0.004733549
0.002988385 0.004262973
0.002989985 0.003792397
0.002991585 0.002733601
0.002993185 0.002851245
0.002994785 0.00179245
0.002996385 0.000851298
0.002997985 0.0004983662
0.002999585 -0.0002074976
0.003001185 -0.0007957174
0.003002785 -0.001383937
0.003004385 -0.002325089
0.003005985 -0.003030953
0.003007585 -0.003619172
0.003009185 -0.00444268
0.003010785 -0.004677968
0.003012385 -0.004677968
0.003013985 -0.005736764
0.003015585 -0.006089696
0.003017185 -0.006324983
0.003018785 -0.006442627
0.003020385 -0.007030847
0.003021985 -0.007030847
0.003023585 -0.007501423
0.003025185 -0.007266135
0.003026785 -0.007971999
0.003028385 -0.008089643
0.003029985 -0.008324931
0.003031585 -0.008913151
0.003033185 -0.008442575
0.003034785 -0.009619014
0.003036385 -0.01067781
0.003037985 -0.01126603
0.003039585 -0.01150132
0.003041185 -0.01161896
0.003042785 -0.01267776
0.003044385 -0.01267776
0.003045985 -0.01326598
0.003047585 -0.01303069
0.003049185 -0.01373655
0.003050785 -0.01361891
0.003052385 -0.01361891
0.003053985 -0.01338362
0.003055585 -0.01326598
0.003057185 -0.01326598
0.003058785 -0.01314833
0.003060385 -0.01326598
0.003061985 -0.01314833
0.003063585 -0.01350126
0.003065185 -0.01326598
0.003066785 -0.01361891
0.003068385 -0.01420713
0.003069985 -0.01432477
0.003071585 -0.0146777
0.003073185 -0.01503064
0.003074785 -0.01526592
0.003076385 -0.01561886
0.003077985 -0.01585414
0.003079585 -0.01608943
0.003081185 -0.01620708
0.003082785 -0.01597179
0.003084385 -0.01620708
0.003085985 -0.01585414
0.003087585 -0.0157365
0.003089185 -0.01526592
0.003090785 -0.01538357
0.003092385 -0.01503064
0.003093985 -0.01444242
0.003095585 -0.01420713
0.003097185 -0.01397184
0.003098785 -0.0138542
0.003100385 -0.01338362
0.003101985 -0.01326598
0.003103585 -0.01244247
0.003105185 -0.01291305
0.003106785 -0.01314833
0.003108385 -0.01303069
0.003109985 -0.01267776
0.003111585 -0.01291305
0.003113185 -0.01338362
0.003114785 -0.01361891
0.003116385 -0.01397184
0.003117985 -0.01373655
0.003119585 -0.01432477
0.003121185 -0.0146777
0.003122785 -0.01503064
0.003124385 -0.01550121
0.003125985 -0.01561886
0.003127585 -0.01608943
0.003129185 -0.01608943
0.003130785 -0.01597179
0.003132385 -0.01644236
0.003133985 -0.01620708
0.003135585 -0.01656001
0.003137185 -0.01644236
0.003138785 -0.01644236
0.003140385 -0.01632472
0.003141985 -0.01620708
0.003143585 -0.01608943
0.003145185 -0.01644236
0.003146785 -0.01585414
0.003148385 -0.01597179
0.003149985 -0.01561886
0.003151585 -0.01538357
0.003153185 -0.01491299
0.003154785 -0.0146777
0.003156385 -0.01408948
0.003157985 -0.01361891
0.003159585 -0.01244247
0.003161185 -0.01267776
0.003162785 -0.01232483
0.003164385 -0.01185425
0.003165985 -0.01150132
0.003167585 -0.01150132
0.003169185 -0.01103074
0.003170785 -0.01103074
0.003172385 -0.01067781
0.003173985 -0.009971946
0.003175585 -0.01044252
0.003177185 -0.01008959
0.003178785 -0.01020723
0.003180385 -0.01020723
0.003181985 -0.01008959
0.003183585 -0.009971946
0.003185185 -0.009619014
0.003186785 -0.009971946
0.003188385 -0.008913151
0.003189985 -0.008795507
0.003191585 -0.008560219
0.003193185 -0.007854355
0.003194785 -0.007383779
0.003196385 -0.007266135
0.003197985 -0.006089696
0.003199585 -0.005383832
0.003201185 -0.004795612
0.003202785 -0.003972104
0.003204385 -0.003030953
0.003205985 -0.002442733
0.003207585 -0.001031005
0.003209185 -0.0007957174
0.003210785 0.0006160101
0.003212385 0.001086586
0.003213985 0.002615957
0.003215585 0.002733601
0.003217185 0.003674753
0.003218785 0.004145329
0.003220385 0.004615905
0.003221985 0.005086481
0.003223585 0.0056747
0.003225185 0.0056747
0.003226785 0.006615852
0.003228385 0.006498208
0.003229985 0.007792292
0.003231585 0.00685114
0.003233185 0.006733496
0.003234785 0.00685114
0.003236385 0.00743936
0.003237985 0.007557004
0.003239585 0.00743936
0.003241185 0.007557004
0.003242785 0.007792292
0.003244385 0.007792292
0.003245985 0.00802758
0.003247585 0.008380511
0.003249185 0.008380511
0.003250785 0.008851087
0.003252385 0.008851087
0.003253985 0.009439307
0.003255585 0.009321663
0.003257185 0.009674595
0.003258785 0.01014517
0.003260385 0.01002753
0.003261985 0.01038046
0.003263585 0.01014517
0.003265185 0.0104981
0.003266785 0.01073339
0.003268385 0.01026281
0.003269985 0.0104981
0.003271585 0.01073339
0.003273185 0.01026281
0.003274785 0.01002753
0.003276385 0.009792239
0.003277985 0.009204019
0.003279585 0.008380511
0.003281185 0.008262867
0.003282785 0.007674648
0.003284385 0.007204072
0.003285985 0.007086428
0.003287585 0.005792344
0.003289185 0.005086481
0.003290785 0.004380617
0.003292385 0.003674753
0.003293985 0.003321821
0.003295585 0.002380669
0.003297185 0.00179245
0.003298785 0.000851298
0.003300385 0.001086586
0.003301985 -0.0002074976
0.003303585 -0.001031005
0.003305185 -0.001619225
0.003306785 -0.002089801
0.003308385 -0.002560377
0.003309985 -0.003501528
0.003311585 -0.00385446
0.003313185 -0.004325036
0.003314785 -0.004560324
0.003316385 -0.005148544
0.003317985 -0.00561912
0.003319585 -0.006207339
0.003321185 -0.006795559
0.003322785 -0.007148491
0.003324385 -0.007736711
0.003325985 -0.007971999
0.003327585 -0.008677863
0.003329185 -0.008795507
0.003330785 -0.009736658
0.003332385 -0.01008959
0.003333985 -0.01044252
0.003335585 -0.01138367
0.003337185 -0.01197189
0.003338785 -0.01232483
0.003340385 -0.01291305
0.003341985 -0.01373655
0.003343585 -0.0146777
0.003345185 -0.01479535
0.003346785 -0.01503064
0.003348385 -0.01561886
0.003349985 -0.01561886
0.003351585 -0.01550121
0.003353185 -0.01597179
0.003354785 -0.01561886
0.003356385 -0.01667765
0.003357985 -0.01561886
0.003359585 -0.01550121
0.003361185 -0.01514828
0.003362785 -0.01526592
0.003364385 -0.01526592
0.003365985 -0.01503064
0.003367585 -0.01479535
0.003369185 -0.01479535
0.003370785 -0.01514828
0.003372385 -0.01479535
0.003373985 -0.01444242
0.003375585 -0.01456006
0.003377185 -0.01432477
0.003378785 -0.01420713
0.003380385 -0.01432477
0.003381985 -0.0138542
0.003383585 -0.01350126
0.003385185 -0.01326598
0.003386785 -0.01291305
0.003388385 -0.01220718
0.003389985 -0.01138367
0.003391585 -0.01114839
0.003393185 -0.01056017
0.003394785 -0.01044252
0.003396385 -0.01032488
0.003397985 -0.01044252
0.003399585 -0.01032488
0.003401185 -0.01056017
0.003402785 -0.01032488
0.003404385 -0.01103074
0.003405985 -0.01103074
0.003407585 -0.01185425
0.003409185 -0.01244247
0.003410785 -0.01303069
0.003412385 -0.01373655
0.003413985 -0.01397184
0.003415585 -0.01456006
0.003417185 -0.01479535
0.003418785 -0.01538357
0.003420385 -0.01585414
0.003421985 -0.01632472
0.003423585 -0.01667765
0.003425185 -0.01703058
0.003426785 -0.01644236
0.003428385 -0.0176188
0.003429985 -0.01820702
0.003431585 -0.01832467
0.003433185 -0.0186776
0.003434785 -0.01879524
0.003436385 -0.01879524
0.003437985 -0.0186776
0.003439585 -0.01879524
0.003441185 -0.0186776
0.003442785 -0.01832467
0.003444385 -0.01808938
0.003445985 -0.0176188
0.003447585 -0.01738352
0.003449185 -0.0167953
0.003450785 -0.01667765
0.003452385 -0.01632472
0.003453985 -0.0157365
0.003455585 -0.01550121
0.003457185 -0.01491299
0.003458785 -0.0146777
0.003460385 -0.01479535
0.003461985 -0.01456006
0.003463585 -0.01444242
0.003465185 -0.01432477
0.003466785 -0.01444242
0.003468385 -0.01408948
0.003469985 -0.01420713
0.003471585 -0.01408948
0.003473185 -0.01432477
0.003474785 -0.01420713
0.003476385 -0.01420713
0.003477985 -0.01432477
0.003479585 -0.01420713
0.003481185 -0.01350126
0.003482785 -0.01456006
0.003484385 -0.0138542
0.003485985 -0.01314833
0.003487585 -0.01291305
0.003489185 -0.01291305
0.003490785 -0.01267776
0.003492385 -0.01220718
0.003493985 -0.01208954
0.003495585 -0.01173661
0.003497185 -0.01185425
0.003498785 -0.0109131
0.003500385 -0.01044252
0.003501985 -0.009854302
0.003503585 -0.009854302
0.003505185 -0.008913151
0.003506785 -0.008324931
0.003508385 -0.008089643
0.003509985 -0.007266135
0.003511585 -0.006324983
0.003513185 -0.005854408
0.003514785 -0.0050309
0.003516385 -0.004325036
0.003517985 -0.003619172
0.003519585 -0.003030953
0.003521185 -0.002678021
0.003522785 -0.002089801
0.003524385 -0.001736869
0.003525985 -0.001619225
0.003527585 -0.001383937
0.003529185 -0.0004427855
0.003530785 -0.0004427855
0.003532385 -0.0002074976
0.003533985 -8.985363e-005
0.003535585 0.0001454343
0.003537185 2.779033e-005
0.003538785 0.0004983662
0.003540385 0.000968942
0.003541985 0.00120423
0.003543585 0.00179245
0.003545185 0.00179245
0.003546785 0.002498313
0.003548385 0.002968889
0.003549985 0.003439465
0.003551585 0.003439465
0.003553185 0.003557109
0.003554785 0.004615905
0.003556385 0.005321768
0.003557985 0.005909988
0.003559585 0.006733496
0.003561185 0.006968784
0.003562785 0.007909936
0.003564385 0.008498155
0.003565985 0.009086375
0.003567585 0.009439307
0.003569185 0.01026281
0.003570785 0.01073339
0.003572385 0.01132161
0.003573985 0.01143925
0.003575585 0.01167454
0.003577185 0.01167454
0.003578785 0.01214512
0.003580385 0.01190983
0.003581985 0.01214512
0.003583585 0.01167454
0.003585185 0.01190983
0.003586785 0.01120397
0.003588385 0.01167454
0.003589985 0.01108632
0.003591585 0.01061575
0.003593185 0.0104981
0.003594785 0.0104981
0.003596385 0.01061575
0.003597985 0.01038046
0.003599585 0.01014517
0.003601185 0.0104981
0.003602785 0.01038046
0.003604385 0.01061575
0.003605985 0.0104981
0.003607585 0.01085103
0.003609185 0.01073339
0.003610785 0.01120397
0.003612385 0.01085103
0.003613985 0.01096868
0.003615585 0.01061575
0.003617185 0.01085103
0.003618785 0.0104981
0.003620385 0.01073339
0.003621985 0.01014517
0.003623585 0.009909883
0.003625185 0.009556951
0.003626785 0.008968731
0.003628385 0.009204019
0.003629985 0.00802758
0.003631585 0.007792292
0.003633185 0.007321716
0.003634785 0.006615852
0.003636385 0.006145276
0.003637985 0.005909988
0.003639585 0.004968837
0.003641185 0.004380617
0.003642785 0.004262973
0.003644385 0.003792397
0.003645985 0.003321821
0.003647585 0.002733601
0.003649185 0.002733601
0.003650785 0.001910094
0.003652385 0.002263026
0.003653985 0.001557162
0.003655585 0.00179245
0.003657185 0.001439518
0.003658785 0.002263026
0.003660385 0.001910094
0.003661985 0.002498313
0.003663585 0.002498313
0.003665185 0.002733601
0.003666785 0.003086533
0.003668385 0.003792397
0.003669985 0.003792397
0.003671585 0.004027685
0.003673185 0.004262973
0.003674785 0.004615905
0.003676385 0.004145329
0.003677985 0.004615905
0.003679585 0.005792344
0.003681185 0.004968837
0.003682785 0.004498261
0.003684385 0.004615905
0.003685985 0.004262973
0.003687585 0.004615905
0.003689185 0.004380617
0.003690785 0.004145329
0.003692385 0.004027685
0.003693985 0.004262973
0.003695585 0.003557109
0.003697185 0.003792397
0.003698785 0.003204177
0.003700385 0.003204177
0.003701985 0.003321821
0.003703585 0.003204177
0.003705185 0.002851245
0.003706785 0.002968889
0.003708385 0.002615957
0.003709985 0.002615957
0.003711585 0.002263026
0.003713185 0.002380669
0.003714785 0.00179245
0.003716385 0.001674806
0.003717985 0.001439518
0.003719585 0.001557162
0.003721185 0.001086586
0.003722785 0.001086586
0.003724385 0.0007336541
0.003725985 0.000968942
0.003727585 0.0003807222
0.003729185 0.0004983662
0.003730785 0.0002630782
0.003732385 0.0001454343
0.003733985 -0.0003251415
0.003735585 -0.0002074976
0.003737185 -0.0002074976
0.003738785 -8.985363e-005
0.003740385 -8.985363e-005
0.003741985 -0.0003251415
0.003743585 -0.0003251415
0.003745185 -0.0006780734
0.003746785 -0.0007957174
0.003748385 -0.001148649
0.003749985 -0.0004427855
0.003751585 -0.001736869
0.003753185 -0.002442733
0.003754785 -0.002795665
0.003756385 -0.003383884
0.003757985 -0.003972104
0.003759585 -0.004560324
0.003761185 -0.004795612
0.003762785 -0.00561912
0.003764385 -0.006089696
0.003765985 -0.006795559
0.003767585 -0.007030847
0.003769185 -0.007501423
0.003770785 -0.007971999
0.003772385 -0.008089643
0.003773985 -0.008089643
0.003775585 -0.008560219
0.003777185 -0.008442575
0.003778785 -0.008560219
0.003780385 -0.008677863
0.003781985 -0.008677863
0.003783585 -0.008913151
0.003785185 -0.009030794
0.003786785 -0.008913151
0.003788385 -0.009266082
0.003789985 -0.009383726
0.003791585 -0.009383726
0.003793185 -0.009619014
0.003794785 -0.01008959
0.003796385 -0.01044252
0.003797985 -0.01067781
0.003799585 -0.01138367
0.003801185 -0.01150132
0.003802785 -0.01208954
0.003804385 -0.0127954
0.003805985 -0.01291305
0.003807585 -0.01338362
0.003809185 -0.01408948
0.003810785 -0.01456006
0.003812385 -0.01444242
0.003813985 -0.01526592
0.003815585 -0.01550121
0.003817185 -0.01597179
0.003818785 -0.01608943
0.003820385 -0.01608943
0.003821985 -0.01632472
0.003823585 -0.01667765
0.003825185 -0.0167953
0.003826785 -0.01667765
0.003828385 -0.01714823
0.003829985 -0.01691294
0.003831585 -0.01738352
0.003833185 -0.01691294
0.003834785 -0.01691294
0.003836385 -0.01703058
0.003837985 -0.01726587
0.003839585 -0.01738352
0.003841185 -0.01703058
0.003842785 -0.01703058
0.003844385 -0.01714823
0.003845985 -0.01738352
0.003847585 -0.01691294
0.003849185 -0.01703058
0.003850785 -0.01691294
0.003852385 -0.01644236
0.003853985 -0.01667765
0.003855585 -0.01620708
0.003857185 -0.01644236
0.003858785 -0.0157365
0.003860385 -0.01550121
0.003861985 -0.01561886
0.003863585 -0.01514828
0.003865185 -0.01456006
0.003866785 -0.01420713
0.003868385 -0.01373655
0.003869985 -0.01338362
0.003871585 -0.01256011
0.003873185 -0.01197189
0.003874785 -0.01138367
0.003876385 -0.01056017
0.003877985 -0.009383726
0.003879585 -0.008795507
0.003881185 -0.008207287
0.003882785 -0.006677915
0.003884385 -0.006089696
0.003885985 -0.0050309
0.003887585 -0.004560324
0.003889185 -0.003619172
0.003890785 -0.002442733
0.003892385 -0.001736869
0.003893985 -0.001031005
0.003895585 2.779033e-005
0.003897185 0.0003807222
0.003898785 0.001439518
0.003900385 0.001439518
0.003901985 0.002498313
0.003903585 0.002498313
0.003905185 0.003439465
0.003906785 0.003674753
0.003908385 0.004380617
0.003909985 0.004262973
0.003911585 0.004851193
0.003913185 0.005439412
0.003914785 0.005792344
0.003916385 0.006027632
0.003917985 0.006615852
0.003919585 0.00685114
0.003921185 0.007204072
0.003922785 0.007674648
0.003924385 0.008733443
0.003925985 0.008851087
0.003927585 0.009439307
0.003929185 0.009792239
0.003930785 0.01014517
0.003932385 0.01108632
0.003933985 0.01132161
0.003935585 0.01167454
0.003937185 0.01238041
0.003938785 0.01226276
0.003940385 0.01249805
0.003941985 0.01296863
0.003943585 0.01320391
0.003945185 0.01320391
0.003946785 0.01379213
0.003948385 0.01320391
0.003949985 0.01367449
0.003951585 0.01379213
0.003953185 0.01355685
0.003954785 0.0134392
0.003956385 0.01355685
0.003957985 0.01367449
0.003959585 0.01355685
0.003961185 0.01285098
0.003962785 0.01308627
0.003964385 0.01285098
0.003965985 0.01308627
0.003967585 0.01273334
0.003969185 0.01273334
0.003970785 0.01285098
0.003972385 0.01249805
0.003973985 0.01273334
0.003975585 0.01296863
0.003977185 0.01261569
0.003978785 0.01308627
0.003980385 0.01308627
0.003981985 0.01367449
0.003983585 0.01367449
0.003985185 0.0134392
0.003986785 0.01379213
0.003988385 0.01426271
0.003989985 0.01390978
0.003991585 0.01438035
0.003993185 0.01438035
0.003994785 0.01485093
0.003996385 0.01485093
0.003997985 0.01508622
0.003999585 0.01461564
0.004001185 0.01508622
0.004002785 0.01555679
0.004004385 0.01520386
0.004005985 0.01473329
0.004007585 0.01496857
0.004009185 0.01496857
0.004010785 0.01508622
0.004012385 0.01485093
0.004013985 0.01485093
0.004015585 0.01438035
0.004017185 0.01520386
0.004018785 0.01426271
0.004020385 0.01414507
0.004021985 0.01355685
0.004023585 0.01390978
0.004025185 0.01367449
0.004026785 0.01379213
0.004028385 0.01320391
0.004029985 0.01320391
0.004031585 0.0134392
0.004033185 0.0134392
0.004034785 0.01355685
0.004036385 0.01367449
0.004037985 0.01332156
0.004039585 0.01355685
0.004041185 0.01379213
0.004042785 0.01414507
0.004044385 0.01379213
0.004045985 0.01414507
0.004047585 0.01414507
0.004049185 0.01426271
0.004050785 0.01390978
0.004052385 0.014498
0.004053985 0.01414507
0.004055585 0.01414507
0.004057185 0.01379213
0.004058785 0.01390978
0.004060385 0.01355685
0.004061985 0.0134392
0.004063585 0.01296863
0.004065185 0.01332156
0.004066785 0.01249805
0.004068385 0.01226276
0.004069985 0.01167454
0.004071585 0.0115569
0.004073185 0.0115569
0.004074785 0.01073339
0.004076385 0.01038046
0.004077985 0.009674595
0.004079585 0.009674595
0.004081185 0.009321663
0.004082785 0.008968731
0.004084385 0.008615799
0.004085985 0.008262867
0.004087585 0.008262867
0.004089185 0.007557004
0.004090785 0.007792292
0.004092385 0.007321716
0.004093985 0.006968784
0.004095585 0.00685114
0.004097185 0.006615852
0.004098785 0.006145276
0.004100385 0.00626292
0.004101985 0.005439412
0.004103585 0.005439412
0.004105185 0.004498261
0.004106785 0.004615905
0.004108385 0.003910041
0.004109985 0.003439465
0.004111585 0.003086533
0.004113185 0.002733601
0.004114785 0.002145382
0.004116385 0.002027738
0.004117985 0.001321874
0.004119585 0.000851298
0.004121185 0.0003807222
0.004122785 0.0001454343
0.004124385 -0.0006780734
0.004125985 -0.001148649
0.004127585 -0.001619225
0.004129185 -0.002325089
0.004130785 -0.002795665
0.004132385 -0.002913309
0.004133985 -0.003501528
0.004135585 -0.004089748
0.004137185 -0.004560324
0.004138785 -0.005148544
0.004140385 -0.005736764
0.004141985 -0.005972052
0.004143585 -0.007030847
0.004145185 -0.007030847
0.004146785 -0.007501423
0.004148385 -0.007383779
0.004149985 -0.007854355
0.004151585 -0.007971999
0.004153185 -0.007736711
0.004154785 -0.008207287
0.004156385 -0.007971999
0.004157985 -0.008324931
0.004159585 -0.008207287
0.004161185 -0.008089643
0.004162785 -0.008324931
0.004164385 -0.008089643
0.004165985 -0.008324931
0.004167585 -0.007971999
0.004169185 -0.008207287
0.004170785 -0.007854355
0.004172385 -0.007854355
0.004173985 -0.007854355
0.004175585 -0.008324931
0.004177185 -0.007854355
0.004178785 -0.008442575
0.004180385 -0.008560219
0.004181985 -0.008324931
0.004183585 -0.008324931
0.004185185 -0.008560219
0.004186785 -0.008913151
0.004188385 -0.009030794
0.004189985 -0.008913151
0.004191585 -0.009030794
0.004193185 -0.008795507
0.004194785 -0.008560219
0.004196385 -0.008560219
0.004197985 -0.008324931
0.004199585 -0.008795507
0.004201185 -0.008089643
