LECROYWS4024HD 19320 Waveform
Segments 1 SegmentSize 3127
Segment TrigTime TimeSinceSegment1
#1 23-Jun-2024 17:09:38 0                 
Time Ampl
-0.0008001774 0.0001454343
-0.0007985774 0.0001454343
-0.0007969774 0.0002630782
-0.0007953774 0.0004983662
-0.0007937774 2.779033e-005
-0.0007921774 -8.985363e-005
-0.0007905774 -0.0002074976
-0.0007889774 2.779033e-005
-0.0007873774 0.0002630782
-0.0007857774 2.779033e-005
-0.0007841774 0.0003807222
-0.0007825774 0.0002630782
-0.0007809774 0.0003807222
-0.0007793774 0.0003807222
-0.0007777774 0.0007336541
-0.0007761774 0.0001454343
-0.0007745774 0.0007336541
-0.0007729774 0.0002630782
-0.0007713774 0.0007336541
-0.0007697774 -0.0002074976
-0.0007681774 0.0001454343
-0.0007665774 0.0003807222
-0.0007649774 0.0002630782
-0.0007633774 -8.985363e-005
-0.0007617774 0.0003807222
-0.0007601774 0.0004983662
-0.0007585774 0.0002630782
-0.0007569774 0.0002630782
-0.0007553774 0.0003807222
-0.0007537774 0.0003807222
-0.0007521774 0.0003807222
-0.0007505774 0.0001454343
-0.0007489774 0.0006160101
-0.0007473774 0.0002630782
-0.0007457774 0.0003807222
-0.0007441774 0.0003807222
-0.0007425774 0.0001454343
-0.0007409774 0.0003807222
-0.0007393774 0.000851298
-0.0007377774 0.0007336541
-0.0007361774 0.0002630782
-0.0007345774 0.0003807222
-0.0007329774 0.0007336541
-0.0007313774 2.779033e-005
-0.0007297774 0.0004983662
-0.0007281774 0.0006160101
-0.0007265774 0.0002630782
-0.0007249774 0.0001454343
-0.0007233774 0.0003807222
-0.0007217774 -8.985363e-005
-0.0007201774 0.0001454343
-0.0007185774 0.0001454343
-0.0007169774 0.0006160101
-0.0007153774 0.0001454343
-0.0007137774 0.0006160101
-0.0007121774 0.0002630782
-0.0007105774 0.0003807222
-0.0007089774 0.0001454343
-0.0007073774 0.0002630782
-0.0007057774 0.0004983662
-0.0007041774 0.000851298
-0.0007025774 0.0001454343
-0.0007009774 0.0004983662
-0.0006993774 2.779033e-005
-0.0006977774 0.0002630782
-0.0006961774 0.0002630782
-0.0006945774 0.0001454343
-0.0006929774 0.0002630782
-0.0006913774 0.000851298
-0.0006897774 0.0006160101
-0.0006881774 0.0006160101
-0.0006865774 0.0002630782
-0.0006849774 0.0004983662
-0.0006833774 0.0002630782
-0.0006817774 0.000851298
-0.0006801774 0.0002630782
-0.0006785774 0.000851298
-0.0006769774 0.0002630782
-0.0006753774 0.0003807222
-0.0006737774 0.0002630782
-0.0006721774 0.0002630782
-0.0006705774 2.779033e-005
-0.0006689774 0.0002630782
-0.0006673774 2.779033e-005
-0.0006657774 0.0004983662
-0.0006641774 2.779033e-005
-0.0006625774 0.0002630782
-0.0006609774 2.779033e-005
-0.0006593774 0.0007336541
-0.0006577774 0.0006160101
-0.0006561774 0.0002630782
-0.0006545774 0.000968942
-0.0006529774 0.0004983662
-0.0006513774 0.0001454343
-0.0006497774 0.0001454343
-0.0006481774 0.0006160101
-0.0006465774 0.0004983662
-0.0006449774 0.0003807222
-0.0006433774 0.0002630782
-0.0006417774 -8.985363e-005
-0.0006401774 0.0003807222
-0.0006385774 0.0002630782
-0.0006369774 0.0003807222
-0.0006353774 0.0004983662
-0.0006337774 0.0007336541
-0.0006321774 0.0001454343
-0.0006305774 0.0003807222
-0.0006289774 0.0004983662
-0.0006273774 0.0002630782
-0.0006257774 0.0002630782
-0.0006241774 0.0007336541
-0.0006225774 -8.985363e-005
-0.0006209774 0.0004983662
-0.0006193774 0.0001454343
-0.0006177774 0.0002630782
-0.0006161774 0.0006160101
-0.0006145774 0.0006160101
-0.0006129774 0.0003807222
-0.0006113774 2.779033e-005
-0.0006097774 2.779033e-005
-0.0006081774 0.0006160101
-0.0006065774 0.0002630782
-0.0006049774 0.0002630782
-0.0006033774 -0.0002074976
-0.0006017774 0.0003807222
-0.0006001774 0.0003807222
-0.0005985774 0.0006160101
-0.0005969774 -8.985363e-005
-0.0005953774 0.0003807222
-0.0005937774 0.0004983662
-0.0005921774 2.779033e-005
-0.0005905774 0.0001454343
-0.0005889774 0.0001454343
-0.0005873774 2.779033e-005
-0.0005857774 0.0002630782
-0.0005841774 0.0001454343
-0.0005825774 0.0004983662
-0.0005809774 0.0003807222
-0.0005793774 0.0007336541
-0.0005777774 0.0002630782
-0.0005761774 0.0007336541
-0.0005745774 0.0003807222
-0.0005729774 0.0006160101
-0.0005713774 0.0001454343
-0.0005697774 0.0002630782
-0.0005681774 0.0001454343
-0.0005665774 0.0004983662
-0.0005649774 0.0002630782
-0.0005633774 0.0004983662
-0.0005617774 0.0001454343
-0.0005601774 0.0003807222
-0.0005585774 2.779033e-005
-0.0005569774 0.0002630782
-0.0005553774 0.0001454343
-0.0005537774 0.0003807222
-0.0005521774 0.0001454343
-0.0005505774 0.0003807222
-0.0005489774 0.0001454343
-0.0005473774 0.0004983662
-0.0005457774 -0.0002074976
-0.0005441774 0.0006160101
-0.0005425774 0.0003807222
-0.0005409774 0.0007336541
-0.0005393774 0.0002630782
-0.0005377774 0.0006160101
-0.0005361774 0.0003807222
-0.0005345774 0.0004983662
-0.0005329774 2.779033e-005
-0.0005313774 0.0002630782
-0.0005297774 0.0001454343
-0.0005281774 0.000851298
-0.0005265774 2.779033e-005
-0.0005249774 2.779033e-005
-0.0005233774 0.0002630782
-0.0005217774 0.0002630782
-0.0005201774 0.0007336541
-0.0005185774 0.0002630782
-0.0005169774 2.779033e-005
-0.0005153774 0.0003807222
-0.0005137774 0.0001454343
-0.0005121774 0.0002630782
-0.0005105774 0.0003807222
-0.0005089774 0.0004983662
-0.0005073774 0.0003807222
-0.0005057774 0.0002630782
-0.0005041774 2.779033e-005
-0.0005025774 0.0002630782
-0.0005009774 0.0002630782
-0.0004993774 0.0006160101
-0.0004977774 0.0001454343
-0.0004961774 0.0002630782
-0.0004945774 2.779033e-005
-0.0004929774 0.0001454343
-0.0004913774 0.0002630782
-0.0004897774 0.0002630782
-0.0004881774 0.0001454343
-0.0004865774 -0.0002074976
-0.0004849774 0.0001454343
-0.0004833774 -8.985363e-005
-0.0004817774 0.0003807222
-0.0004801774 0.0002630782
-0.0004785774 0.0001454343
-0.0004769774 0.0006160101
-0.0004753774 0.0004983662
-0.0004737774 0.0001454343
-0.0004721774 0.0002630782
-0.0004705774 0.0003807222
-0.0004689774 0.0001454343
-0.0004673774 0.0003807222
-0.0004657774 0.0001454343
-0.0004641774 0.0002630782
-0.0004625774 0.0004983662
-0.0004609774 0.0004983662
-0.0004593774 0.0001454343
-0.0004577774 0.0006160101
-0.0004561774 2.779033e-005
-0.0004545774 0.0004983662
-0.0004529774 0.0002630782
-0.0004513774 2.779033e-005
-0.0004497774 0.0001454343
-0.0004481774 0.0003807222
-0.0004465774 0.0001454343
-0.0004449774 0.0006160101
-0.0004433774 0.0002630782
-0.0004417774 0.0004983662
-0.0004401774 0.0002630782
-0.0004385774 0.0007336541
-0.0004369774 0.0001454343
-0.0004353774 0.0003807222
-0.0004337774 0.0001454343
-0.0004321774 0.0003807222
-0.0004305774 2.779033e-005
-0.0004289774 -0.0002074976
-0.0004273774 0.0002630782
-0.0004257774 0.0004983662
-0.0004241774 -8.985363e-005
-0.0004225774 0.0004983662
-0.0004209774 -8.985363e-005
-0.0004193774 2.779033e-005
-0.0004177774 0.0001454343
-0.0004161774 0.0003807222
-0.0004145774 0.0002630782
-0.0004129774 0.0001454343
-0.0004113774 0.0001454343
-0.0004097774 0.0002630782
-0.0004081774 0.0001454343
-0.0004065774 0.0002630782
-0.0004049774 0.0002630782
-0.0004033774 0.0007336541
-0.0004017774 0.0002630782
-0.0004001774 0.0007336541
-0.0003985774 0.0003807222
-0.0003969774 0.0004983662
-0.0003953774 2.779033e-005
-0.0003937774 0.0004983662
-0.0003921774 0.0001454343
-0.0003905774 0.0002630782
-0.0003889774 0.0001454343
-0.0003873774 0.0001454343
-0.0003857774 0.0002630782
-0.0003841774 0.0002630782
-0.0003825774 0.0002630782
-0.0003809774 0.0006160101
-0.0003793774 0.0003807222
-0.0003777774 0.0007336541
-0.0003761774 0.0003807222
-0.0003745774 0.0002630782
-0.0003729774 2.779033e-005
-0.0003713774 0.0006160101
-0.0003697774 2.779033e-005
-0.0003681774 0.0002630782
-0.0003665774 0.0002630782
-0.0003649774 -0.0003251415
-0.0003633774 0.0001454343
-0.0003617774 -8.985363e-005
-0.0003601774 0.0002630782
-0.0003585774 -0.0002074976
-0.0003569774 2.779033e-005
-0.0003553774 0.0001454343
-0.0003537774 0.0003807222
-0.0003521774 0.0003807222
-0.0003505774 0.0001454343
-0.0003489774 0.0004983662
-0.0003473774 0.0002630782
-0.0003457774 0.0003807222
-0.0003441774 -0.0003251415
-0.0003425774 0.0002630782
-0.0003409774 0.0003807222
-0.0003393774 0.0002630782
-0.0003377774 0.0006160101
-0.0003361774 0.0001454343
-0.0003345774 0.0004983662
-0.0003329774 0.0002630782
-0.0003313774 0.0002630782
-0.0003297774 0.0003807222
-0.0003281774 -0.0002074976
-0.0003265774 0.0001454343
-0.0003249774 -0.0003251415
-0.0003233774 2.779033e-005
-0.0003217774 0.0001454343
-0.0003201774 0.0004983662
-0.0003185774 -0.0002074976
-0.0003169774 0.0004983662
-0.0003153774 -8.985363e-005
-0.0003137774 0.0001454343
-0.0003121774 0.0003807222
-0.0003105774 0.0002630782
-0.0003089774 -8.985363e-005
-0.0003073774 0.0006160101
-0.0003057774 2.779033e-005
-0.0003041774 0.0004983662
-0.0003025774 0.0001454343
-0.0003009774 0.0002630782
-0.0002993774 -8.985363e-005
-0.0002977774 0.0003807222
-0.0002961774 0.0001454343
-0.0002945774 -8.985363e-005
-0.0002929774 0.0002630782
-0.0002913774 0.0002630782
-0.0002897774 2.779033e-005
-0.0002881774 0.0002630782
-0.0002865774 2.779033e-005
-0.0002849774 0.0004983662
-0.0002833774 0.0002630782
-0.0002817774 0.0007336541
-0.0002801774 0.00120423
-0.0002785774 0.002145382
-0.0002769774 0.002145382
-0.0002753774 0.003086533
-0.0002737774 0.003321821
-0.0002721774 0.002968889
-0.0002705774 0.002027738
-0.0002689774 -0.001266293
-0.0002673774 -0.006442627
-0.0002657774 -0.01444242
-0.0002641774 -0.02526566
-0.0002625774 -0.03785356
-0.0002609774 -0.05644131
-0.0002593774 -0.08126419
-0.0002577774 -0.1071459
-0.0002561774 -0.1258512
-0.0002545774 -0.1376156
-0.0002529774 -0.144439
-0.0002513774 -0.1529094
-0.0002497774 -0.164909
-0.0002481774 -0.170203
-0.0002465774 -0.1700854
-0.0002449774 -0.1622032
-0.0002433774 -0.1482036
-0.0002417774 -0.1267924
-0.0002401774 -0.10644
-0.0002385774 -0.08514644
-0.0002369774 -0.06691162
-0.0002353774 -0.06102942
-0.0002337774 -0.06408817
-0.0002321774 -0.07561728
-0.0002305774 -0.09279329
-0.0002289774 -0.1102046
-0.0002273774 -0.1242042
-0.0002257774 -0.135498
-0.0002241774 -0.1431449
-0.0002225774 -0.1494977
-0.0002209774 -0.1622032
-0.0002193774 -0.1732618
-0.0002177774 -0.1785557
-0.0002161774 -0.1759676
-0.0002145774 -0.1671443
-0.0002129774 -0.1578504
-0.0002113774 -0.14938
-0.0002097774 -0.134204
-0.0002081774 -0.1185573
-0.0002065774 -0.1020872
-0.0002049774 -0.08173476
-0.0002033774 -0.05997063
-0.0002017774 -0.04102995
-0.0002001774 -0.02903027
-0.0001985774 -0.02291278
-0.0001969774 -0.02561859
-0.0001953774 -0.03267723
-0.0001937774 -0.04432398
-0.0001921774 -0.06102942
-0.0001905774 -0.07691136
-0.0001889774 -0.09244036
-0.0001873774 -0.1090282
-0.0001857774 -0.1292629
-0.0001841774 -0.1447919
-0.0001825774 -0.1574975
-0.0001809774 -0.1696148
-0.0001793774 -0.1816145
-0.0001777774 -0.1862026
-0.0001761774 -0.1805557
-0.0001745774 -0.1679678
-0.0001729774 -0.1536152
-0.0001713774 -0.1413802
-0.0001697774 -0.1320864
-0.0001681774 -0.1251454
-0.0001665774 -0.120322
-0.0001649774 -0.1162044
-0.0001633774 -0.1098517
-0.0001617774 -0.1018519
-0.0001601774 -0.09714612
-0.0001585774 -0.09632261
-0.0001569774 -0.09667554
-0.0001553774 -0.09726376
-0.0001537774 -0.1029107
-0.0001521774 -0.1142045
-0.0001505774 -0.1303217
-0.0001489774 -0.1456154
-0.0001473774 -0.1537329
-0.0001457774 -0.1520858
-0.0001441774 -0.1473801
-0.0001425774 -0.1403215
-0.0001409774 -0.1313805
-0.0001393774 -0.123616
-0.0001377774 -0.1214984
-0.0001361774 -0.1245572
-0.0001345774 -0.1298511
-0.0001329774 -0.133851
-0.0001313774 -0.1383215
-0.0001297774 -0.1409097
-0.0001281774 -0.1410273
-0.0001265774 -0.137498
-0.0001249774 -0.1318511
-0.0001233774 -0.1287923
-0.0001217774 -0.1283218
-0.0001201774 -0.12691
-0.0001185774 -0.1242042
-0.0001169774 -0.1205573
-0.0001153774 -0.1184397
-0.0001137774 -0.1177338
-0.0001121774 -0.1156162
-0.0001105774 -0.1123222
-0.0001089774 -0.1063223
-0.0001073774 -0.1002049
-0.0001057774 -0.0954991
-0.0001041774 -0.09244036
-0.0001025774 -0.09102863
-0.0001009774 -0.09032277
-9.93774e-005 -0.08914633
-9.77774e-005 -0.08832282
-9.61774e-005 -0.08844047
-9.45774e-005 -0.08844047
-9.29774e-005 -0.08455822
-9.13774e-005 -0.07914659
-8.97774e-005 -0.0751467
-8.81774e-005 -0.07173502
-8.65774e-005 -0.06879393
-8.49774e-005 -0.06702927
-8.33774e-005 -0.0692645
-8.17774e-005 -0.07208796
-8.01774e-005 -0.0740879
-7.85774e-005 -0.07585256
-7.69774e-005 -0.07855837
-7.53774e-005 -0.07867602
-7.37774e-005 -0.07879366
-7.21774e-005 -0.07655843
-7.05774e-005 -0.07467612
-6.89774e-005 -0.07608785
-6.73774e-005 -0.07679371
-6.57774e-005 -0.07867602
-6.41774e-005 -0.08091125
-6.25774e-005 -0.08526408
-6.09774e-005 -0.08926397
-5.93774e-005 -0.09267565
-5.77774e-005 -0.0946756
-5.61774e-005 -0.09479324
-5.45774e-005 -0.09161685
-5.29774e-005 -0.08679345
-5.13774e-005 -0.08220534
-4.97774e-005 -0.07632314
-4.81774e-005 -0.06797042
-4.65774e-005 -0.05820597
-4.49774e-005 -0.04832388
-4.33774e-005 -0.03891236
-4.17774e-005 -0.03091257
-4.01774e-005 -0.02491273
-3.85774e-005 -0.02197163
-3.69774e-005 -0.01820702
-3.53774e-005 -0.01491299
-3.37774e-005 -0.01420713
-3.21774e-005 -0.01479535
-3.05774e-005 -0.01538357
-2.89774e-005 -0.01432477
-2.73774e-005 -0.01197189
-2.57774e-005 -0.009266082
-2.41774e-005 -0.008795507
-2.25774e-005 -0.009736658
-2.09774e-005 -0.0127954
-1.93774e-005 -0.01703058
-1.77774e-005 -0.02197163
-1.61774e-005 -0.02691268
-1.45774e-005 -0.03044199
-1.29774e-005 -0.03220665
-1.13774e-005 -0.03197137
-9.7774e-006 -0.03044199
-8.1774e-006 -0.02785383
-6.5774e-006 -0.02479508
-4.9774e-006 -0.02126577
-3.3774e-006 -0.01597179
-1.7774e-006 -0.01008959
-1.774e-007 -0.003501528
1.4226e-006 0.003910041
3.0226e-006 0.01026281
4.6226e-006 0.01590972
6.2226e-006 0.01920376
7.8226e-006 0.02190957
9.4226e-006 0.02485067
1.10226e-005 0.02567417
1.26226e-005 0.02767412
1.42226e-005 0.02885056
1.58226e-005 0.03085051
1.74226e-005 0.03249752
1.90226e-005 0.03285045
2.06226e-005 0.0319093
2.22226e-005 0.03237988
2.38226e-005 0.03355632
2.54226e-005 0.03649742
2.70226e-005 0.03908558
2.86226e-005 0.03932087
3.02226e-005 0.03790914
3.18226e-005 0.03696799
3.34226e-005 0.03496805
3.50226e-005 0.03414454
3.66226e-005 0.03343867
3.82226e-005 0.03155637
3.98226e-005 0.03037993
4.14226e-005 0.02932114
4.30226e-005 0.03132108
4.46226e-005 0.03367396
4.62226e-005 0.03685035
4.78226e-005 0.03932087
4.94226e-005 0.0407326
5.10226e-005 0.04402663
5.26226e-005 0.04649715
5.42226e-005 0.05108527
5.58226e-005 0.05484988
5.74226e-005 0.05884977
5.90226e-005 0.06014385
6.06226e-005 0.05943799
6.22226e-005 0.0602615
6.38226e-005 0.06155558
6.54226e-005 0.06355553
6.70226e-005 0.06567312
6.86226e-005 0.06779071
7.02226e-005 0.06826129
7.18226e-005 0.06896715
7.34226e-005 0.07226118
7.50226e-005 0.07367291
7.66226e-005 0.07555521
7.82226e-005 0.07661401
7.98226e-005 0.0776728
8.14226e-005 0.07990804
8.30226e-005 0.08155505
8.46226e-005 0.08214327
8.62226e-005 0.08284914
8.78226e-005 0.08308443
8.94226e-005 0.08367264
9.10226e-005 0.08390793
9.26226e-005 0.08473144
9.42226e-005 0.08437851
9.58226e-005 0.08296678
9.74226e-005 0.08143741
9.90226e-005 0.08084919
0.0001006226 0.08014333
0.0001022226 0.08073155
0.0001038226 0.08155505
0.0001054226 0.08214327
0.0001070226 0.08308443
0.0001086226 0.08520202
0.0001102226 0.0864961
0.0001118226 0.08896662
0.0001134226 0.09026071
0.0001150226 0.08955484
0.0001166226 0.08626081
0.0001182226 0.08402558
0.0001198226 0.08308443
0.0001214226 0.0846138
0.0001230226 0.08520202
0.0001246226 0.08567259
0.0001262226 0.08390793
0.0001278226 0.08237856
0.0001294226 0.08073155
0.0001310226 0.08049626
0.0001326226 0.08131977
0.0001342226 0.08343736
0.0001358226 0.08579024
0.0001374226 0.08802547
0.0001390226 0.09026071
0.0001406226 0.09120186
0.0001422226 0.09073128
0.0001438226 0.08955484
0.0001454226 0.08779018
0.0001470226 0.08743725
0.0001486226 0.08673139
0.0001502226 0.08626081
0.0001518226 0.08637846
0.0001534226 0.08684903
0.0001550226 0.08602552
0.0001566226 0.08390793
0.0001582226 0.08049626
0.0001598226 0.0768493
0.0001614226 0.07414348
0.0001630226 0.07261411
0.0001646226 0.07296704
0.0001662226 0.07367291
0.0001678226 0.07343762
0.0001694226 0.07508464
0.0001710226 0.07614343
0.0001726226 0.07861395
0.0001742226 0.08037861
0.0001758226 0.08261385
0.0001774226 0.08473144
0.0001790226 0.08802547
0.0001806226 0.09202537
0.0001822226 0.09402531
0.0001838226 0.09578997
0.0001854226 0.09778992
0.0001870226 0.09790756
0.0001886226 0.09649584
0.0001902226 0.09402531
0.0001918226 0.09108421
0.0001934226 0.08673139
0.0001950226 0.08414322
0.0001966226 0.08131977
0.0001982226 0.07931982
0.0001998226 0.07661401
0.0002014226 0.07367291
0.0002030226 0.07155532
0.0002046226 0.06967301
0.0002062226 0.06837893
0.0002078226 0.06920244
0.0002094226 0.07002595
0.0002110226 0.07249647
0.0002126226 0.07402584
0.0002142226 0.0768493
0.0002158226 0.07943746
0.0002174226 0.08379029
0.0002190226 0.0875549
0.0002206226 0.09108421
0.0002222226 0.09308416
0.0002238226 0.09390767
0.0002254226 0.09414296
0.0002270226 0.0942606
0.0002286226 0.09296652
0.0002302226 0.09179008
0.0002318226 0.08814312
0.0002334226 0.0875549
0.0002350226 0.08696668
0.0002366226 0.08708432
0.0002382226 0.08767254
0.0002398226 0.08779018
0.0002414226 0.08826076
0.0002430226 0.09014306
0.0002446226 0.09214301
0.0002462226 0.09414296
0.0002478226 0.09555468
0.0002494226 0.0972017
0.0002510226 0.09814285
0.0002526226 0.09990751
0.0002542226 0.1008487
0.0002558226 0.1016722
0.0002574226 0.102378
0.0002590226 0.1032015
0.0002606226 0.1022604
0.0002622226 0.102378
0.0002638226 0.1002604
0.0002654226 0.09767228
0.0002670226 0.09437825
0.0002686226 0.09108421
0.0002702226 0.08790783
0.0002718226 0.08414322
0.0002734226 0.0806139
0.0002750226 0.0776728
0.0002766226 0.07555521
0.0002782226 0.07590814
0.0002798226 0.07626108
0.0002814226 0.07814338
0.0002830226 0.08026097
0.0002846226 0.0816727
0.0002862226 0.08437851
0.0002878226 0.0875549
0.0002894226 0.08920191
0.0002910226 0.09084893
0.0002926226 0.09037835
0.0002942226 0.08931955
0.0002958226 0.08673139
0.0002974226 0.08555495
0.0002990226 0.08320207
0.0003006226 0.0816727
0.0003022226 0.07967275
0.0003038226 0.07637872
0.0003054226 0.07437877
0.0003070226 0.07037888
0.0003086226 0.06649663
0.0003102226 0.06226144
0.0003118226 0.05637925
0.0003134226 0.05308522
0.0003150226 0.05049705
0.0003166226 0.04979118
0.0003182226 0.05061469
0.0003198226 0.05084998
0.0003214226 0.05155584
0.0003230226 0.05226171
0.0003246226 0.05343815
0.0003262226 0.05402637
0.0003278226 0.05473223
0.0003294226 0.05520281
0.0003310226 0.05520281
0.0003326226 0.05708511
0.0003342226 0.05979092
0.0003358226 0.06273202
0.0003374226 0.06414375
0.0003390226 0.06426139
0.0003406226 0.06296731
0.0003422226 0.06120265
0.0003438226 0.05955563
0.0003454226 0.05837919
0.0003470226 0.05755569
0.0003486226 0.05779097
0.0003502226 0.0573204
0.0003518226 0.05908506
0.0003534226 0.06002621
0.0003550226 0.06273202
0.0003566226 0.06332024
0.0003582226 0.06437904
0.0003598226 0.06473197
0.0003614226 0.06414375
0.0003630226 0.06343788
0.0003646226 0.06202616
0.0003662226 0.05837919
0.0003678226 0.0562616
0.0003694226 0.05343815
0.0003710226 0.05179113
0.0003726226 0.04979118
0.0003742226 0.04885003
0.0003758226 0.04767359
0.0003774226 0.04790888
0.0003790226 0.04720302
0.0003806226 0.0484971
0.0003822226 0.0503794
0.0003838226 0.05179113
0.0003854226 0.05296757
0.0003870226 0.05402637
0.0003886226 0.05308522
0.0003902226 0.05367344
0.0003918226 0.05237935
0.0003934226 0.05167349
0.0003950226 0.04885003
0.0003966226 0.04637951
0.0003982226 0.04402663
0.0003998226 0.04214433
0.0004014226 0.03955616
0.0004030226 0.03696799
0.0004046226 0.03355632
0.0004062226 0.02955642
0.0004078226 0.02567417
0.0004094226 0.0212037
0.0004110226 0.0153215
0.0004126226 0.01026281
0.0004142226 0.003204177
0.0004158226 -0.003030953
0.0004174226 -0.01020723
0.0004190226 -0.01656001
0.0004206226 -0.02314807
0.0004222226 -0.02891262
0.0004238226 -0.03455953
0.0004254226 -0.0382065
0.0004270226 -0.04150053
0.0004286226 -0.04397105
0.0004302226 -0.04444163
0.0004318226 -0.04397105
0.0004334226 -0.04373576
0.0004350226 -0.04079466
0.0004366226 -0.0400888
0.0004382226 -0.03832414
0.0004398226 -0.03573597
0.0004414226 -0.03397131
0.0004430226 -0.03079493
0.0004446226 -0.02773618
0.0004462226 -0.02491273
0.0004478226 -0.02267749
0.0004494226 -0.02138341
0.0004510226 -0.01973639
0.0004526226 -0.01844231
0.0004542226 -0.01703058
0.0004558226 -0.01691294
0.0004574226 -0.01644236
0.0004590226 -0.01903053
0.0004606226 -0.02267749
0.0004622226 -0.02479508
0.0004638226 -0.0275009
0.0004654226 -0.02914791
0.0004670226 -0.0312655
0.0004686226 -0.03479482
0.0004702226 -0.03773592
0.0004718226 -0.04079466
0.0004734226 -0.0430299
0.0004750226 -0.04526513
0.0004766226 -0.04620629
0.0004782226 -0.04585335
0.0004798226 -0.04608864
0.0004814226 -0.04432398
0.0004830226 -0.04314754
0.0004846226 -0.04161817
0.0004862226 -0.04044173
0.0004878226 -0.03985351
0.0004894226 -0.03891236
0.0004910226 -0.03903
0.0004926226 -0.03855943
0.0004942226 -0.03891236
0.0004958226 -0.03903
0.0004974226 -0.03797121
0.0004990226 -0.03773592
0.0005006226 -0.03808885
0.0005022226 -0.03914765
0.0005038226 -0.04161817
0.0005054226 -0.04444163
0.0005070226 -0.04714744
0.0005086226 -0.04950032
0.0005102226 -0.05232377
0.0005118226 -0.05385314
0.0005134226 -0.05408843
0.0005150226 -0.05326492
0.0005166226 -0.05208848
0.0005182226 -0.04950032
0.0005198226 -0.04797094
0.0005214226 -0.045971
0.0005230226 -0.04432398
0.0005246226 -0.04338283
0.0005262226 -0.04373576
0.0005278226 -0.04455927
0.0005294226 -0.04538278
0.0005310226 -0.04655922
0.0005326226 -0.04832388
0.0005342226 -0.05008854
0.0005358226 -0.05173555
0.0005374226 -0.05361785
0.0005390226 -0.05408843
0.0005406226 -0.0556178
0.0005422226 -0.05620602
0.0005438226 -0.05891183
0.0005454226 -0.06020592
0.0005470226 -0.06220586
0.0005486226 -0.06455874
0.0005502226 -0.06561754
0.0005518226 -0.06644105
0.0005534226 -0.06702927
0.0005550226 -0.0673822
0.0005566226 -0.06844099
0.0005582226 -0.06832335
0.0005598226 -0.06761749
0.0005614226 -0.06655869
0.0005630226 -0.06479403
0.0005646226 -0.06314702
0.0005662226 -0.06079414
0.0005678226 -0.05902948
0.0005694226 -0.05679424
0.0005710226 -0.05632367
0.0005726226 -0.0556178
0.0005742226 -0.05632367
0.0005758226 -0.05691189
0.0005774226 -0.05902948
0.0005790226 -0.05973534
0.0005806226 -0.06032356
0.0005822226 -0.06267644
0.0005838226 -0.06326466
0.0005854226 -0.06349995
0.0005870226 -0.06326466
0.0005886226 -0.06279408
0.0005902226 -0.06479403
0.0005918226 -0.0604412
0.0005934226 -0.05914712
0.0005950226 -0.05714717
0.0005966226 -0.05608838
0.0005982226 -0.05479429
0.0005998226 -0.05291199
0.0006014226 -0.05208848
0.0006030226 -0.05055911
0.0006046226 -0.04902974
0.0006062226 -0.04691215
0.0006078226 -0.04479456
0.0006094226 -0.04255932
0.0006110226 -0.03961822
0.0006126226 -0.03797121
0.0006142226 -0.03479482
0.0006158226 -0.03279487
0.0006174226 -0.03091257
0.0006190226 -0.02961849
0.0006206226 -0.02891262
0.0006222226 -0.02879498
0.0006238226 -0.02844205
0.0006254226 -0.02879498
0.0006270226 -0.02926556
0.0006286226 -0.02926556
0.0006302226 -0.02879498
0.0006318226 -0.02797147
0.0006334226 -0.02714796
0.0006350226 -0.02550095
0.0006366226 -0.02361865
0.0006382226 -0.02185399
0.0006398226 -0.01891289
0.0006414226 -0.01585414
0.0006430226 -0.01267776
0.0006446226 -0.009736658
0.0006462226 -0.006677915
0.0006478226 -0.00385446
0.0006494226 -0.001501581
0.0006510226 0.00120423
0.0006526226 0.002733601
0.0006542226 0.003557109
0.0006558226 0.005086481
0.0006574226 0.005909988
0.0006590226 0.006380564
0.0006606226 0.006968784
0.0006622226 0.006027632
0.0006638226 0.006027632
0.0006654226 0.003557109
0.0006670226 0.001086586
0.0006686226 -0.0009133613
0.0006702226 -0.002560377
0.0006718226 -0.003030953
0.0006734226 -0.004325036
0.0006750226 -0.004560324
0.0006766226 -0.003383884
0.0006782226 -0.002560377
0.0006798226 0.0001454343
0.0006814226 0.002733601
0.0006830226 0.005321768
0.0006846226 0.008733443
0.0006862226 0.01226276
0.0006878226 0.0174391
0.0006894226 0.02155663
0.0006910226 0.02685061
0.0006926226 0.03085051
0.0006942226 0.03473276
0.0006958226 0.03814443
0.0006974226 0.04143846
0.0006990226 0.04414427
0.0007006226 0.04579129
0.0007022226 0.04802653
0.0007038226 0.04990883
0.0007054226 0.05049705
0.0007070226 0.05190878
0.0007086226 0.05214406
0.0007102226 0.05296757
0.0007118226 0.05296757
0.0007134226 0.0533205
0.0007150226 0.05296757
0.0007166226 0.05379108
0.0007182226 0.05367344
0.0007198226 0.05390872
0.0007214226 0.0533205
0.0007230226 0.0533205
0.0007246226 0.05226171
0.0007262226 0.05284993
0.0007278226 0.05261464
0.0007294226 0.05414401
0.0007310226 0.05461459
0.0007326226 0.05673218
0.0007342226 0.05567338
0.0007358226 0.05720275
0.0007374226 0.05720275
0.0007390226 0.05708511
0.0007406226 0.05708511
0.0007422226 0.05708511
0.0007438226 0.05755569
0.0007454226 0.05837919
0.0007470226 0.05990857
0.0007486226 0.06190851
0.0007502226 0.06379082
0.0007518226 0.06579076
0.0007534226 0.06684956
0.0007550226 0.06790835
0.0007566226 0.06896715
0.0007582226 0.07073181
0.0007598226 0.07190825
0.0007614226 0.07367291
0.0007630226 0.07461406
0.0007646226 0.0728494
0.0007662226 0.07755516
0.0007678226 0.07826102
0.0007694226 0.07861395
0.0007710226 0.07802573
0.0007726226 0.07720223
0.0007742226 0.0757905
0.0007758226 0.07449642
0.0007774226 0.0739082
0.0007790226 0.07273176
0.0007806226 0.07179061
0.0007822226 0.07037888
0.0007838226 0.06861422
0.0007854226 0.06708485
0.0007870226 0.06555548
0.0007886226 0.06414375
0.0007902226 0.0640261
0.0007918226 0.06379082
0.0007934226 0.06461432
0.0007950226 0.06543783
0.0007966226 0.06837893
0.0007982226 0.07108474
0.0007998226 0.07461406
0.0008014226 0.0768493
0.0008030226 0.07896689
0.0008046226 0.08049626
0.0008062226 0.08214327
0.0008078226 0.08331971
0.0008094226 0.08437851
0.0008110226 0.08531966
0.0008126226 0.08484908
0.0008142226 0.08379029
0.0008158226 0.083555
0.0008174226 0.08237856
0.0008190226 0.08108448
0.0008206226 0.07896689
0.0008222226 0.0768493
0.0008238226 0.07484935
0.0008254226 0.07273176
0.0008270226 0.07120239
0.0008286226 0.06908479
0.0008302226 0.06649663
0.0008318226 0.06390846
0.0008334226 0.06084972
0.0008350226 0.05684982
0.0008366226 0.05708511
0.0008382226 0.05637925
0.0008398226 0.05602631
0.0008414226 0.05590867
0.0008430226 0.05696747
0.0008446226 0.05755569
0.0008462226 0.05837919
0.0008478226 0.05967328
0.0008494226 0.06073207
0.0008510226 0.06249673
0.0008526226 0.06367317
0.0008542226 0.06461432
0.0008558226 0.06555548
0.0008574226 0.06637898
0.0008590226 0.06684956
0.0008606226 0.06708485
0.0008622226 0.06743778
0.0008638226 0.06767307
0.0008654226 0.06767307
0.0008670226 0.068026
0.0008686226 0.068026
0.0008702226 0.068026
0.0008718226 0.0669672
0.0008734226 0.06637898
0.0008750226 0.06437904
0.0008766226 0.06237909
0.0008782226 0.05979092
0.0008798226 0.05720275
0.0008814226 0.05355579
0.0008830226 0.05014412
0.0008846226 0.04685009
0.0008862226 0.04332077
0.0008878226 0.04061496
0.0008894226 0.0388503
0.0008910226 0.03661506
0.0008926226 0.03661506
0.0008942226 0.03720328
0.0008958226 0.03908558
0.0008974226 0.04155611
0.0008990226 0.04449721
0.0009006226 0.04673244
0.0009022226 0.0484971
0.0009038226 0.05167349
0.0009054226 0.05284993
0.0009070226 0.05673218
0.0009086226 0.05979092
0.0009102226 0.06120265
0.0009118226 0.0632026
0.0009134226 0.06390846
0.0009150226 0.06461432
0.0009166226 0.06379082
0.0009182226 0.06308495
0.0009198226 0.06143794
0.0009214226 0.06084972
0.0009230226 0.06049679
0.0009246226 0.05932035
0.0009262226 0.05884977
0.0009278226 0.05743804
0.0009294226 0.05590867
0.0009310226 0.05402637
0.0009326226 0.05167349
0.0009342226 0.04943825
0.0009358226 0.04696773
0.0009374226 0.04532071
0.0009390226 0.04273255
0.0009406226 0.0417914
0.0009422226 0.04026202
0.0009438226 0.03932087
0.0009454226 0.03955616
0.0009470226 0.03990909
0.0009486226 0.03955616
0.0009502226 0.0407326
0.0009518226 0.04120318
0.0009534226 0.04296784
0.0009550226 0.04426192
0.0009566226 0.04696773
0.0009582226 0.04932061
0.0009598226 0.05202642
0.0009614226 0.0543793
0.0009630226 0.05649689
0.0009646226 0.05896741
0.0009662226 0.061085
0.0009678226 0.06237909
0.0009694226 0.06355553
0.0009710226 0.06367317
0.0009726226 0.06461432
0.0009742226 0.06390846
0.0009758226 0.06132029
0.0009774226 0.06284966
0.0009790226 0.06237909
0.0009806226 0.06096736
0.0009822226 0.05967328
0.0009838226 0.05896741
0.0009854226 0.05720275
0.0009870226 0.05484988
0.0009886226 0.0533205
0.0009902226 0.05096762
0.0009918226 0.04979118
0.0009934226 0.04790888
0.0009950226 0.04743831
0.0009966226 0.04590893
0.0009982226 0.04520307
0.0009998226 0.04437956
0.001001423 0.04390899
0.001003023 0.04332077
0.001004623 0.04320312
0.001006223 0.04426192
0.001007823 0.04532071
0.001009423 0.04708537
0.001011023 0.04896768
0.001012623 0.05049705
0.001014223 0.05237935
0.001015823 0.05343815
0.001017423 0.05508516
0.001019023 0.05532045
0.001020623 0.05567338
0.001022223 0.05708511
0.001023823 0.05720275
0.001025423 0.05826155
0.001027023 0.05790862
0.001028623 0.05837919
0.001030223 0.05814391
0.001031823 0.0573204
0.001033423 0.05661453
0.001035023 0.05543809
0.001036623 0.05484988
0.001038223 0.05320286
0.001039823 0.05202642
0.001041423 0.04979118
0.001043023 0.04802653
0.001044623 0.04590893
0.001046223 0.04508543
0.001047823 0.04132082
0.001049423 0.03896794
0.001051023 0.03543862
0.001052623 0.03285045
0.001054223 0.03037993
0.001055823 0.02861527
0.001057423 0.02673297
0.001059023 0.02532124
0.001060623 0.02485067
0.001062223 0.02402716
0.001063823 0.02426245
0.001065423 0.02449773
0.001067023 0.02496831
0.001068623 0.02590946
0.001070223 0.02685061
0.001071823 0.02920349
0.001073423 0.03026229
0.001075023 0.03285045
0.001076623 0.03414454
0.001078223 0.03626213
0.001079823 0.0377915
0.001081423 0.03837972
0.001083023 0.03908558
0.001084623 0.04002674
0.001086223 0.03943852
0.001087823 0.03814443
0.001089423 0.03685035
0.001091023 0.0359092
0.001092623 0.0329681
0.001094223 0.03085051
0.001095823 0.02767412
0.001097423 0.02567417
0.001099023 0.02132135
0.001100623 0.01896847
0.001102223 0.01661559
0.001103823 0.01496857
0.001105423 0.01308627
0.001107023 0.01167454
0.001108623 0.01002753
0.001110223 0.008498155
0.001111823 0.006733496
0.001113423 0.005204125
0.001115023 0.003910041
0.001116623 0.002380669
0.001118223 0.00120423
0.001119823 0.000968942
0.001121423 -0.0002074976
0.001123023 -0.001148649
0.001124623 -0.002560377
0.001126223 -0.003972104
0.001127823 -0.006089696
0.001129423 -0.007030847
0.001131023 -0.009266082
0.001132623 -0.01067781
0.001134223 -0.01303069
0.001135823 -0.01456006
0.001137423 -0.0157365
0.001139023 -0.0176188
0.001140623 -0.01820702
0.001142223 -0.02008933
0.001143823 -0.02126577
0.001145423 -0.02244221
0.001147023 -0.02479508
0.001148623 -0.0264421
0.001150223 -0.02867734
0.001151823 -0.03044199
0.001153423 -0.03220665
0.001155023 -0.03314781
0.001156623 -0.03467718
0.001158223 -0.0352654
0.001159823 -0.03597126
0.001161423 -0.03644184
0.001163023 -0.03691241
0.001164623 -0.03855943
0.001166223 -0.03879472
0.001167823 -0.03855943
0.001169423 -0.03997116
0.001171023 -0.03891236
0.001172623 -0.03938294
0.001174223 -0.03926529
0.001175823 -0.03961822
0.001177423 -0.04032409
0.001179023 -0.04067702
0.001180623 -0.04150053
0.001182223 -0.04244168
0.001183823 -0.04244168
0.001185423 -0.0430299
0.001187023 -0.04279461
0.001188623 -0.04350047
0.001190223 -0.04420634
0.001191823 -0.04432398
0.001193423 -0.04479456
0.001195023 -0.04573571
0.001196623 -0.04655922
0.001198223 -0.04750037
0.001199823 -0.04867681
0.001201423 -0.04961796
0.001203023 -0.05102969
0.001204623 -0.05197084
0.001206223 -0.05338257
0.001207823 -0.05444136
0.001209423 -0.05620602
0.001211023 -0.05773539
0.001212623 -0.05867654
0.001214223 -0.05973534
0.001215823 -0.06091178
0.001217423 -0.06197058
0.001219023 -0.06349995
0.001220623 -0.06514696
0.001222223 -0.06620576
0.001223823 -0.06785277
0.001225423 -0.06973508
0.001227023 -0.07173502
0.001228623 -0.0732644
0.001230223 -0.07526434
0.001231823 -0.07714665
0.001233423 -0.07902895
0.001235023 -0.08114654
0.001236623 -0.08361706
0.001238223 -0.08526408
0.001239823 -0.08820518
0.001241423 -0.09055806
0.001243023 -0.0936168
0.001244623 -0.09644026
0.001246223 -0.09985193
0.001247823 -0.1024401
0.001249423 -0.1057341
0.001251023 -0.1078517
0.001252623 -0.1107928
0.001254223 -0.1120869
0.001255823 -0.1147927
0.001257423 -0.1147927
0.001259023 -0.1173809
0.001260623 -0.1184397
0.001262223 -0.1192632
0.001263823 -0.119969
0.001265423 -0.119969
0.001267023 -0.1204396
0.001268623 -0.1196161
0.001270223 -0.1196161
0.001271823 -0.1193808
0.001273423 -0.1197338
0.001275023 -0.1196161
0.001276623 -0.1206749
0.001278223 -0.1211455
0.001279823 -0.1222043
0.001281423 -0.1230278
0.001283023 -0.1238513
0.001284623 -0.1249101
0.001286223 -0.1253807
0.001287823 -0.125616
0.001289423 -0.1257336
0.001291023 -0.1262042
0.001292623 -0.1254983
0.001294223 -0.1239689
0.001295823 -0.1243219
0.001297423 -0.1237337
0.001299023 -0.1233807
0.001300623 -0.1230278
0.001302223 -0.1229101
0.001303823 -0.123616
0.001305423 -0.1242042
0.001307023 -0.1251454
0.001308623 -0.1257336
0.001310223 -0.1260865
0.001311823 -0.1270277
0.001313423 -0.127263
0.001315023 -0.1282041
0.001316623 -0.1293806
0.001318223 -0.1296159
0.001319823 -0.1299688
0.001321423 -0.1311452
0.001323023 -0.1309099
0.001324623 -0.1309099
0.001326223 -0.1310276
0.001327823 -0.1287923
0.001329423 -0.1290276
0.001331023 -0.1279688
0.001332623 -0.1258512
0.001334223 -0.1243219
0.001335823 -0.1227925
0.001337423 -0.1204396
0.001339023 -0.1185573
0.001340623 -0.1162044
0.001342223 -0.115028
0.001343823 -0.1142045
0.001345423 -0.1137339
0.001347023 -0.1136163
0.001348623 -0.1138516
0.001350223 -0.1143221
0.001351823 -0.1152633
0.001353423 -0.1157339
0.001355023 -0.1176162
0.001356623 -0.1184397
0.001358223 -0.1198514
0.001359823 -0.1210278
0.001361423 -0.1212631
0.001363023 -0.1217337
0.001364623 -0.1225572
0.001366223 -0.1223219
0.001367823 -0.1218514
0.001369423 -0.1225572
0.001371023 -0.1230278
0.001372623 -0.1229101
0.001374223 -0.1227925
0.001375823 -0.121969
0.001377423 -0.1226749
0.001379023 -0.1218514
0.001380623 -0.1217337
0.001382223 -0.1211455
0.001383823 -0.1229101
0.001385423 -0.1202043
0.001387023 -0.1200867
0.001388623 -0.1193808
0.001390223 -0.1197338
0.001391823 -0.118322
0.001393423 -0.1174985
0.001395023 -0.1170279
0.001396623 -0.1159692
0.001398223 -0.1152633
0.001399823 -0.1126751
0.001401423 -0.111734
0.001403023 -0.1099693
0.001404623 -0.1085576
0.001406223 -0.1070282
0.001407823 -0.1057341
0.001409423 -0.1045577
0.001411023 -0.1038518
0.001412623 -0.1042048
0.001414223 -0.1043224
0.001415823 -0.10444
0.001417423 -0.1045577
0.001419023 -0.1040871
0.001420623 -0.1049106
0.001422223 -0.104793
0.001423823 -0.1039695
0.001425423 -0.1034989
0.001427023 -0.1023225
0.001428623 -0.1013813
0.001430223 -0.09926371
0.001431823 -0.09749905
0.001433423 -0.09491088
0.001435023 -0.09291094
0.001436623 -0.08996984
0.001438223 -0.08726403
0.001439823 -0.08420528
0.001441423 -0.08079361
0.001443023 -0.07797015
0.001444623 -0.07467612
0.001446223 -0.07185267
0.001447823 -0.06844099
0.001449423 -0.06455874
0.001451023 -0.06185293
0.001452623 -0.05797068
0.001454223 -0.05338257
0.001455823 -0.05291199
0.001457423 -0.05161791
0.001459023 -0.04985325
0.001460623 -0.04808859
0.001462223 -0.04644157
0.001463823 -0.04526513
0.001465423 -0.04385341
0.001467023 -0.04314754
0.001468623 -0.04067702
0.001470223 -0.04055938
0.001471823 -0.03891236
0.001473423 -0.03726534
0.001475023 -0.03632419
0.001476623 -0.03561833
0.001478223 -0.03467718
0.001479823 -0.03314781
0.001481423 -0.03267723
0.001483023 -0.03150079
0.001484623 -0.03103021
0.001486223 -0.02985378
0.001487823 -0.02879498
0.001489423 -0.02761854
0.001491023 -0.02420687
0.001492623 -0.02326571
0.001494223 -0.0205599
0.001495823 -0.01785409
0.001497423 -0.0146777
0.001499023 -0.01114839
0.001500623 -0.007266135
0.001502223 -0.004207392
0.001503823 -0.0002074976
0.001505423 0.002851245
0.001507023 0.005909988
0.001508623 0.008380511
0.001510223 0.01143925
0.001511823 0.01308627
0.001513423 0.01520386
0.001515023 0.0163803
0.001516623 0.01779203
0.001518223 0.01873318
0.001519823 0.0193214
0.001521423 0.01896847
0.001523023 0.0193214
0.001524623 0.01790967
0.001526223 0.0193214
0.001527823 0.01885082
0.001529423 0.01979198
0.001531023 0.01885082
0.001532623 0.01920376
0.001534223 0.01920376
0.001535823 0.02014491
0.001537423 0.02073313
0.001539023 0.02108606
0.001540623 0.02296836
0.001542223 0.02426245
0.001543823 0.02602711
0.001545423 0.02885056
0.001547023 0.03073286
0.001548623 0.03367396
0.001550223 0.03579155
0.001551823 0.03908558
0.001553423 0.04096789
0.001555023 0.0436737
0.001556623 0.04567365
0.001558223 0.04814417
0.001559823 0.05026176
0.001561423 0.052497
0.001563023 0.05390872
0.001564623 0.05520281
0.001566223 0.05590867
0.001567823 0.05637925
0.001569423 0.05590867
0.001571023 0.05614396
0.001572623 0.05508516
0.001574223 0.05520281
0.001575823 0.05402637
0.001577423 0.05367344
0.001579023 0.05155584
0.001580623 0.05320286
0.001582223 0.05284993
0.001583823 0.0533205
0.001585423 0.05390872
0.001587023 0.05461459
0.001588623 0.05567338
0.001590223 0.05708511
0.001591823 0.05861448
0.001593423 0.05955563
0.001595023 0.05873213
0.001596623 0.06202616
0.001598223 0.0632026
0.001599823 0.06532019
0.001601423 0.06626134
0.001603023 0.068026
0.001604623 0.06932008
0.001606223 0.07073181
0.001607823 0.07108474
0.001609423 0.0728494
0.001611023 0.07308469
0.001612623 0.0739082
0.001614223 0.07496699
0.001615823 0.07508464
0.001617423 0.07555521
0.001619023 0.0757905
0.001620623 0.0757905
0.001622223 0.07567286
0.001623823 0.07614343
0.001625423 0.07637872
0.001627023 0.07614343
0.001628623 0.07731987
0.001630223 0.07720223
0.001631823 0.07861395
0.001633423 0.07814338
0.001635023 0.07884924
0.001636623 0.07884924
0.001638223 0.07943746
0.001639823 0.07955511
0.001641423 0.07990804
0.001643023 0.07990804
0.001644623 0.07979039
0.001646223 0.07967275
0.001647823 0.07955511
0.001649423 0.07790809
0.001651023 0.0776728
0.001652623 0.07720223
0.001654223 0.07637872
0.001655823 0.07590814
0.001657423 0.07567286
0.001659023 0.07508464
0.001660623 0.07567286
0.001662223 0.07567286
0.001663823 0.07696694
0.001665423 0.07884924
0.001667023 0.07837867
0.001668623 0.07896689
0.001670223 0.08026097
0.001671823 0.08084919
0.001673423 0.0816727
0.001675023 0.08249621
0.001676623 0.08331971
0.001678223 0.08320207
0.001679823 0.08343736
0.001681423 0.08320207
0.001683023 0.08261385
0.001684623 0.08202563
0.001686223 0.08143741
0.001687823 0.08049626
0.001689423 0.07943746
0.001691023 0.07790809
0.001692623 0.07743752
0.001694223 0.07720223
0.001695823 0.07614343
0.001697423 0.07508464
0.001699023 0.07508464
0.001700623 0.0747317
0.001702223 0.07496699
0.001703823 0.07484935
0.001705423 0.07520228
0.001707023 0.07496699
0.001708623 0.07567286
0.001710223 0.07567286
0.001711823 0.07614343
0.001713423 0.0757905
0.001715023 0.07555521
0.001716623 0.07637872
0.001718223 0.07567286
0.001719823 0.07567286
0.001721423 0.0757905
0.001723023 0.07508464
0.001724623 0.07567286
0.001726223 0.07590814
0.001727823 0.07614343
0.001729423 0.07626108
0.001731023 0.07661401
0.001732623 0.07602579
0.001734223 0.07614343
0.001735823 0.07661401
0.001737423 0.07602579
0.001739023 0.0757905
0.001740623 0.07626108
0.001742223 0.07614343
0.001743823 0.07614343
0.001745423 0.07637872
0.001747023 0.0768493
0.001748623 0.07661401
0.001750223 0.07743752
0.001751823 0.07708458
0.001753423 0.07731987
0.001755023 0.07755516
0.001756623 0.07720223
0.001758223 0.07708458
0.001759823 0.07626108
0.001761423 0.07567286
0.001763023 0.07543757
0.001764623 0.07355526
0.001766223 0.07261411
0.001767823 0.07120239
0.001769423 0.06896715
0.001771023 0.06732013
0.001772623 0.06496726
0.001774223 0.06332024
0.001775823 0.06120265
0.001777423 0.05943799
0.001779023 0.05826155
0.001780623 0.05708511
0.001782223 0.05590867
0.001783823 0.05532045
0.001785423 0.05426166
0.001787023 0.05379108
0.001788623 0.05320286
0.001790223 0.05355579
0.001791823 0.05343815
0.001793423 0.0533205
0.001795023 0.05402637
0.001796623 0.05402637
0.001798223 0.05426166
0.001799823 0.05390872
0.001801423 0.05390872
0.001803023 0.05320286
0.001804623 0.05284993
0.001806223 0.05273228
0.001807823 0.05167349
0.001809423 0.05049705
0.001811023 0.0495559
0.001812623 0.04732066
0.001814223 0.04579129
0.001815823 0.04390899
0.001817423 0.04214433
0.001819023 0.04002674
0.001820623 0.03849736
0.001822223 0.03673271
0.001823823 0.03543862
0.001825423 0.03367396
0.001827023 0.03214459
0.001828623 0.03049758
0.001830223 0.02861527
0.001831823 0.02661532
0.001833423 0.02438009
0.001835023 0.0222625
0.001836623 0.02085077
0.001838223 0.01873318
0.001839823 0.0174391
0.001841423 0.01567444
0.001843023 0.01426271
0.001844623 0.01320391
0.001846223 0.01249805
0.001847823 0.01096868
0.001849423 0.01014517
0.001851023 0.009556951
0.001852623 0.009086375
0.001854223 0.007909936
0.001855823 0.007792292
0.001857423 0.00743936
0.001859023 0.007204072
0.001860623 0.006968784
0.001862223 0.007321716
0.001863823 0.006145276
0.001865423 0.0056747
0.001867023 0.005086481
0.001868623 0.005086481
0.001870223 0.004380617
0.001871823 0.003557109
0.001873423 0.002733601
0.001875023 0.002498313
0.001876623 0.001674806
0.001878223 0.0004983662
0.001879823 -0.0005604295
0.001881423 -0.001148649
0.001883023 -0.001266293
0.001884623 -0.001501581
0.001886223 -0.002442733
0.001887823 -0.002442733
0.001889423 -0.003148597
0.001891023 -0.003266241
0.001892623 -0.00385446
0.001894223 -0.004089748
0.001895823 -0.005266188
0.001897423 -0.005501476
0.001899023 -0.007383779
0.001900623 -0.007148491
0.001902223 -0.008795507
0.001903823 -0.009266082
0.001905423 -0.009736658
0.001907023 -0.01103074
0.001908623 -0.01138367
0.001910223 -0.01138367
0.001911823 -0.01244247
0.001913423 -0.0127954
0.001915023 -0.01303069
0.001916623 -0.01350126
0.001918223 -0.01397184
0.001919823 -0.01479535
0.001921423 -0.01597179
0.001923023 -0.01608943
0.001924623 -0.01773645
0.001926223 -0.01855996
0.001927823 -0.02067755
0.001929423 -0.02173634
0.001931023 -0.023501
0.001932623 -0.0264421
0.001934223 -0.02632446
0.001935823 -0.02761854
0.001937423 -0.02903027
0.001939023 -0.02997142
0.001940623 -0.03150079
0.001942223 -0.03255959
0.001943823 -0.03385367
0.001945423 -0.0352654
0.001947023 -0.03597126
0.001948623 -0.03703006
0.001950223 -0.03832414
0.001951823 -0.03950058
0.001953423 -0.0400888
0.001955023 -0.0419711
0.001956623 -0.04185346
0.001958223 -0.04220639
0.001959823 -0.0430299
0.001961423 -0.04338283
0.001963023 -0.04420634
0.001964623 -0.04479456
0.001966223 -0.04502985
0.001967823 -0.045971
0.001969423 -0.04679451
0.001971023 -0.04644157
0.001972623 -0.04726508
0.001974223 -0.04714744
0.001975823 -0.04750037
0.001977423 -0.04738272
0.001979023 -0.04750037
0.001980623 -0.04750037
0.001982223 -0.04702979
0.001983823 -0.04632393
0.001985423 -0.04620629
0.001987023 -0.04526513
0.001988623 -0.04479456
0.001990223 -0.04420634
0.001991823 -0.04350047
0.001993423 -0.04350047
0.001995023 -0.04350047
0.001996623 -0.04361812
0.001998223 -0.04397105
0.001999823 -0.04361812
0.002001423 -0.04432398
0.002003023 -0.04526513
0.002004623 -0.04479456
0.002006223 -0.04502985
0.002007823 -0.04467691
0.002009423 -0.04573571
0.002011023 -0.04526513
0.002012623 -0.04526513
0.002014223 -0.04526513
0.002015823 -0.04479456
0.002017423 -0.045971
0.002019023 -0.04526513
0.002020623 -0.0449122
0.002022223 -0.04550042
0.002023823 -0.04573571
0.002025423 -0.04702979
0.002027023 -0.04608864
0.002028623 -0.04620629
0.002030223 -0.04679451
0.002031823 -0.04726508
0.002033423 -0.04679451
0.002035023 -0.04679451
0.002036623 -0.04714744
0.002038223 -0.04714744
0.002039823 -0.04773566
0.002041423 -0.04820623
0.002043023 -0.04832388
0.002044623 -0.04820623
0.002046223 -0.04926503
0.002047823 -0.04879445
0.002049423 -0.04914738
0.002051023 -0.04879445
0.002052623 -0.04855916
0.002054223 -0.0478533
0.002055823 -0.0478533
0.002057423 -0.04702979
0.002059023 -0.04702979
0.002060623 -0.04608864
0.002062223 -0.04585335
0.002063823 -0.04550042
0.002065423 -0.04526513
0.002067023 -0.04479456
0.002068623 -0.04514749
0.002070223 -0.04526513
0.002071823 -0.04526513
0.002073423 -0.04397105
0.002075023 -0.04585335
0.002076623 -0.04526513
0.002078223 -0.04550042
0.002079823 -0.04526513
0.002081423 -0.04514749
0.002083023 -0.04467691
0.002084623 -0.04432398
0.002086223 -0.04338283
0.002087823 -0.04267697
0.002089423 -0.04185346
0.002091023 -0.04138288
0.002092623 -0.04032409
0.002094223 -0.03997116
0.002095823 -0.0400888
0.002097423 -0.03879472
0.002099023 -0.0382065
0.002100623 -0.03738299
0.002102223 -0.03703006
0.002103823 -0.03597126
0.002105423 -0.0352654
0.002107023 -0.03432425
0.002108623 -0.03350074
0.002110223 -0.03255959
0.002111823 -0.03114786
0.002113423 -0.02997142
0.002115023 -0.02891262
0.002116623 -0.02761854
0.002118223 -0.02585388
0.002119823 -0.02467744
0.002121423 -0.02267749
0.002123023 -0.0216187
0.002124623 -0.02032461
0.002126223 -0.01938346
0.002127823 -0.01738352
0.002129423 -0.01620708
0.002131023 -0.01432477
0.002132623 -0.01326598
0.002134223 -0.01173661
0.002135823 -0.009736658
0.002137423 -0.008324931
0.002139023 -0.006207339
0.002140623 -0.004795612
0.002142223 -0.002207445
0.002143823 -8.985363e-005
0.002145423 0.0003807222
0.002147023 0.001910094
0.002148623 0.002968889
0.002150223 0.004380617
0.002151823 0.005204125
0.002153423 0.006615852
0.002155023 0.00743936
0.002156623 0.008262867
0.002158223 0.009086375
0.002159823 0.01026281
0.002161423 0.01132161
0.002163023 0.01249805
0.002164623 0.01261569
0.002166223 0.01390978
0.002167823 0.014498
0.002169423 0.01590972
0.002171023 0.01673323
0.002172623 0.01790967
0.002174223 0.01838025
0.002175823 0.01943904
0.002177423 0.01979198
0.002179023 0.02085077
0.002180623 0.02085077
0.002182223 0.02155663
0.002183823 0.02167428
0.002185423 0.02249779
0.002187023 0.02308601
0.002188623 0.02379187
0.002190223 0.0241448
0.002191823 0.02485067
0.002193423 0.0252036
0.002195023 0.02602711
0.002196623 0.02614475
0.002198223 0.02732119
0.002199823 0.02696826
0.002201423 0.02779176
0.002203023 0.02767412
0.002204623 0.02790941
0.002206223 0.02802705
0.002207823 0.02849763
0.002209423 0.02849763
0.002211023 0.02885056
0.002212623 0.0289682
0.002214223 0.03073286
0.002215823 0.03026229
0.002217423 0.03132108
0.002219023 0.03202695
0.002220623 0.03320339
0.002222223 0.03332103
0.002223823 0.03567391
0.002225423 0.03732093
0.002227023 0.03920323
0.002228623 0.04049731
0.002230223 0.04296784
0.002231823 0.0436737
0.002233423 0.04590893
0.002235023 0.04743831
0.002236623 0.05002647
0.002238223 0.05120291
0.002239823 0.0533205
0.002241423 0.0533205
0.002243023 0.05520281
0.002244623 0.05532045
0.002246223 0.05661453
0.002247823 0.0573204
0.002249423 0.05767333
0.002251023 0.05826155
0.002252623 0.0592027
0.002254223 0.05932035
0.002255823 0.05943799
0.002257423 0.05979092
0.002259023 0.05990857
0.002260623 0.05967328
0.002262223 0.05990857
0.002263823 0.06037914
0.002265423 0.06061443
0.002267023 0.06084972
0.002268623 0.061085
0.002270223 0.0602615
0.002271823 0.06249673
0.002273423 0.0632026
0.002275023 0.06414375
0.002276623 0.06567312
0.002278223 0.06708485
0.002279823 0.06837893
0.002281423 0.0699083
0.002283023 0.07167296
0.002284623 0.07249647
0.002286223 0.07437877
0.002287823 0.07637872
0.002289423 0.07743752
0.002291023 0.07920217
0.002292623 0.07896689
0.002294223 0.08108448
0.002295823 0.08073155
0.002297423 0.08226092
0.002299023 0.08131977
0.002300623 0.08284914
0.002302223 0.08249621
0.002303823 0.08296678
0.002305423 0.08273149
0.002307023 0.08331971
0.002308623 0.08237856
0.002310223 0.08296678
0.002311823 0.08284914
0.002313423 0.08331971
0.002315023 0.08331971
0.002316623 0.08331971
0.002318223 0.08343736
0.002319823 0.08331971
0.002321423 0.083555
0.002323023 0.08402558
0.002324623 0.08426086
0.002326223 0.08473144
0.002327823 0.08520202
0.002329423 0.08626081
0.002331023 0.08661374
0.002332623 0.08696668
0.002334223 0.08790783
0.002335823 0.08802547
0.002337423 0.0883784
0.002339023 0.08861369
0.002340623 0.08849605
0.002342223 0.0883784
0.002343823 0.0883784
0.002345423 0.08779018
0.002347023 0.08767254
0.002348623 0.0875549
0.002350223 0.08696668
0.002351823 0.08614317
0.002353423 0.08579024
0.002355023 0.08484908
0.002356623 0.08390793
0.002358223 0.08320207
0.002359823 0.08237856
0.002361423 0.08155505
0.002363023 0.08037861
0.002364623 0.07920217
0.002366223 0.07790809
0.002367823 0.0768493
0.002369423 0.07567286
0.002371023 0.07520228
0.002372623 0.07367291
0.002374223 0.0739082
0.002375823 0.07273176
0.002377423 0.07296704
0.002379023 0.0728494
0.002380623 0.07320233
0.002382223 0.07261411
0.002383823 0.07320233
0.002385423 0.07249647
0.002387023 0.07226118
0.002388623 0.07202589
0.002390223 0.07155532
0.002391823 0.07132003
0.002393423 0.07002595
0.002395023 0.06955537
0.002396623 0.06861422
0.002398223 0.06767307
0.002399823 0.0669672
0.002401423 0.06602605
0.002403023 0.0650849
0.002404623 0.06426139
0.002406223 0.06296731
0.002407823 0.06143794
0.002409423 0.06061443
0.002411023 0.05755569
0.002412623 0.05802626
0.002414223 0.05649689
0.002415823 0.05508516
0.002417423 0.05343815
0.002419023 0.05226171
0.002420623 0.05096762
0.002422223 0.05049705
0.002423823 0.04920297
0.002425423 0.0484971
0.002427023 0.04767359
0.002428623 0.04708537
0.002430223 0.04685009
0.002431823 0.04602658
0.002433423 0.04637951
0.002435023 0.04567365
0.002436623 0.04567365
0.002438223 0.04508543
0.002439823 0.04473249
0.002441423 0.04508543
0.002443023 0.04414427
0.002444623 0.04461485
0.002446223 0.04379134
0.002447823 0.04426192
0.002449423 0.04379134
0.002451023 0.04390899
0.002452623 0.04308548
0.002454223 0.04296784
0.002455823 0.04214433
0.002457423 0.04167375
0.002459023 0.04049731
0.002460623 0.03990909
0.002462223 0.03826208
0.002463823 0.03743857
0.002465423 0.03602684
0.002467023 0.03508569
0.002468623 0.03320339
0.002470223 0.0319093
0.002471823 0.03085051
0.002473423 0.02920349
0.002475023 0.02779176
0.002476623 0.02626239
0.002478223 0.02496831
0.002479823 0.02379187
0.002481423 0.02190957
0.002483023 0.02202721
0.002484623 0.02073313
0.002486223 0.01990962
0.002487823 0.01908611
0.002489423 0.01885082
0.002491023 0.01720381
0.002492623 0.01696852
0.002494223 0.01567444
0.002495823 0.01485093
0.002497423 0.014498
0.002499023 0.01390978
0.002500623 0.01320391
0.002502223 0.01273334
0.002503823 0.01214512
0.002505423 0.01226276
0.002507023 0.0115569
0.002508623 0.01179219
0.002510223 0.01143925
0.002511823 0.01143925
0.002513423 0.01108632
0.002515023 0.01096868
0.002516623 0.01108632
0.002518223 0.01202747
0.002519823 0.01108632
0.002521423 0.01179219
0.002523023 0.01179219
0.002524623 0.01226276
0.002526223 0.01132161
0.002527823 0.01202747
0.002529423 0.01179219
0.002531023 0.01073339
0.002532623 0.0104981
0.002534223 0.01002753
0.002535823 0.009204019
0.002537423 0.008615799
0.002539023 0.008145223
0.002540623 0.00743936
0.002542223 0.007204072
0.002543823 0.006380564
0.002545423 0.006145276
0.002547023 0.005792344
0.002548623 0.005909988
0.002550223 0.006380564
0.002551823 0.005439412
0.002553423 0.006498208
0.002555023 0.006615852
0.002556623 0.006968784
0.002558223 0.006615852
0.002559823 0.007204072
0.002561423 0.007674648
0.002563023 0.008145223
0.002564623 0.008615799
0.002566223 0.009321663
0.002567823 0.009439307
0.002569423 0.009909883
0.002571023 0.01026281
0.002572623 0.01061575
0.002574223 0.01061575
0.002575823 0.01038046
0.002577423 0.009792239
0.002579023 0.01014517
0.002580623 0.009792239
0.002582223 0.009909883
0.002583823 0.009204019
0.002585423 0.009674595
0.002587023 0.008615799
0.002588623 0.008615799
0.002590223 0.007909936
0.002591823 0.007557004
0.002593423 0.007557004
0.002595023 0.007204072
0.002596623 0.006733496
0.002598223 0.007321716
0.002599823 0.006968784
0.002601423 0.007086428
0.002603023 0.007204072
0.002604623 0.007204072
0.002606223 0.007792292
0.002607823 0.01355685
0.002609423 0.008733443
0.002611023 0.009909883
0.002612623 0.009909883
0.002614223 0.01073339
0.002615823 0.01108632
0.002617423 0.01167454
0.002619023 0.01167454
0.002620623 0.01238041
0.002622223 0.01167454
0.002623823 0.01249805
0.002625423 0.01238041
0.002627023 0.01202747
0.002628623 0.01073339
0.002630223 0.01026281
0.002631823 0.009204019
0.002633423 0.007792292
0.002635023 0.006733496
0.002636623 0.004851193
0.002638223 0.003910041
0.002639823 0.002263026
0.002641423 0.0007336541
0.002643023 -0.0002074976
0.002644623 -0.001736869
0.002646223 -0.003148597
0.002647823 -0.004089748
0.002649423 -0.005148544
0.002651023 -0.006442627
0.002652623 -0.007501423
0.002654223 -0.008324931
0.002655823 -0.008795507
0.002657423 -0.009854302
0.002659023 -0.01079545
0.002660623 -0.01256011
0.002662223 -0.01326598
0.002663823 -0.01420713
0.002665423 -0.01550121
0.002667023 -0.01691294
0.002668623 -0.0186776
0.002670223 -0.01914817
0.002671823 -0.02103048
0.002673423 -0.02244221
0.002675023 -0.02291278
0.002676623 -0.02420687
0.002678223 -0.02855969
0.002679823 -0.0253833
0.002681423 -0.02608917
0.002683023 -0.02632446
0.002684623 -0.02655974
0.002686223 -0.02714796
0.002687823 -0.02691268
0.002689423 -0.02785383
0.002691023 -0.02738325
0.002692623 -0.02761854
0.002694223 -0.02785383
0.002695823 -0.02808912
0.002697423 -0.02855969
0.002699023 -0.02903027
0.002700623 -0.0293832
0.002702223 -0.02950084
0.002703823 -0.02985378
0.002705423 -0.03055964
0.002707023 -0.03079493
0.002708623 -0.03114786
0.002710223 -0.03161843
0.002711823 -0.03255959
0.002713423 -0.03267723
0.002715023 -0.03326545
0.002716623 -0.03432425
0.002718223 -0.03385367
0.002719823 -0.03408896
0.002721423 -0.03467718
0.002723023 -0.0342066
0.002724623 -0.03491247
0.002726223 -0.03444189
0.002727823 -0.03491247
0.002729423 -0.03503011
0.002731023 -0.03491247
0.002732623 -0.03479482
0.002734223 -0.03550069
0.002735823 -0.03550069
0.002737423 -0.03561833
0.002739023 -0.03585362
0.002740623 -0.0360889
0.002742223 -0.0360889
0.002743823 -0.03667712
0.002745423 -0.03679477
0.002747023 -0.03750063
0.002748623 -0.03808885
0.002750223 -0.03832414
0.002751823 -0.03914765
0.002753423 -0.0400888
0.002755023 -0.0400888
0.002756623 -0.04385341
0.002758223 -0.04279461
0.002759823 -0.04373576
0.002761423 -0.04432398
0.002763023 -0.04561807
0.002764623 -0.04620629
0.002766223 -0.04750037
0.002767823 -0.04797094
0.002769423 -0.04914738
0.002771023 -0.04961796
0.002772623 -0.05114733
0.002774223 -0.05102969
0.002775823 -0.05255906
0.002777423 -0.05338257
0.002779023 -0.05397079
0.002780623 -0.05538251
0.002782223 -0.05608838
0.002783823 -0.0566766
0.002785423 -0.05726482
0.002787023 -0.05761775
0.002788623 -0.05785304
0.002790223 -0.05750011
0.002791823 -0.05832361
0.002793423 -0.05726482
0.002795023 -0.05726482
0.002796623 -0.05679424
0.002798223 -0.05632367
0.002799823 -0.05608838
0.002801423 -0.05514723
0.002803023 -0.05479429
0.002804623 -0.05444136
0.002806223 -0.05444136
0.002807823 -0.05408843
0.002809423 -0.05444136
0.002811023 -0.05420607
0.002812623 -0.05432372
0.002814223 -0.05455901
0.002815823 -0.05526487
0.002817423 -0.05550016
0.002819023 -0.05573545
0.002820623 -0.05679424
0.002822223 -0.05679424
0.002823823 -0.05797068
0.002825423 -0.05808833
0.002827023 -0.05950005
0.002828623 -0.0596177
0.002830223 -0.0604412
0.002831823 -0.06102942
0.002833423 -0.06197058
0.002835023 -0.06208822
0.002836623 -0.06279408
0.002838223 -0.06291173
0.002839823 -0.06361759
0.002841423 -0.0633823
0.002843023 -0.06373524
0.002844623 -0.06314702
0.002846223 -0.06314702
0.002847823 -0.06326466
0.002849423 -0.06314702
0.002851023 -0.0625588
0.002852623 -0.06232351
0.002854223 -0.06208822
0.002855823 -0.06232351
0.002857423 -0.06220586
0.002859023 -0.06173529
0.002860623 -0.06208822
0.002862223 -0.06302937
0.002863823 -0.06267644
0.002865423 -0.06361759
0.002867023 -0.06397052
0.002868623 -0.06432346
0.002870223 -0.06479403
0.002871823 -0.06561754
0.002873423 -0.06561754
0.002875023 -0.0663234
0.002876623 -0.06585283
0.002878223 -0.06644105
0.002879823 -0.0663234
0.002881423 -0.06608811
0.002883023 -0.06597047
0.002884623 -0.06597047
0.002886223 -0.06526461
0.002887823 -0.06526461
0.002889423 -0.06561754
0.002891023 -0.06479403
0.002892623 -0.0644411
0.002894223 -0.06467639
0.002895823 -0.06455874
0.002897423 -0.0644411
0.002899023 -0.06491167
0.002900623 -0.06526461
0.002902223 -0.06549989
0.002903823 -0.06585283
0.002905423 -0.06514696
0.002907023 -0.06573518
0.002908623 -0.06514696
0.002910223 -0.06573518
0.002911823 -0.06491167
0.002913423 -0.06467639
0.002915023 -0.06302937
0.002916623 -0.06314702
0.002918223 -0.06208822
0.002919823 -0.06220586
0.002921423 -0.06114707
0.002923023 -0.06079414
0.002924623 -0.0596177
0.002926223 -0.05914712
0.002927823 -0.05832361
0.002929423 -0.05832361
0.002931023 -0.05750011
0.002932623 -0.05750011
0.002934223 -0.05691189
0.002935823 -0.05597073
0.002937423 -0.05620602
0.002939023 -0.05538251
0.002940623 -0.05526487
0.002942223 -0.05467665
0.002943823 -0.05420607
0.002945423 -0.04926503
0.002947023 -0.05385314
0.002948623 -0.05361785
0.002950223 -0.05314728
0.002951823 -0.05291199
0.002953423 -0.0518532
0.002955023 -0.05126498
0.002956623 -0.05020618
0.002958223 -0.0497356
0.002959823 -0.04844152
0.002961423 -0.0478533
0.002963023 -0.04644157
0.002964623 -0.04561807
0.002966223 -0.04420634
0.002967823 -0.04350047
0.002969423 -0.0411476
0.002971023 -0.0400888
0.002972623 -0.03855943
0.002974223 -0.0371477
0.002975823 -0.03585362
0.002977423 -0.03503011
0.002979023 -0.03314781
0.002980623 -0.03208901
0.002982223 -0.03091257
0.002983823 -0.02973613
0.002985423 -0.02867734
0.002987023 -0.02785383
0.002988623 -0.02655974
0.002990223 -0.02550095
0.002991823 -0.02444215
0.002993423 -0.02361865
0.002995023 -0.02291278
0.002996623 -0.02220692
0.002998223 -0.02232456
0.002999823 -0.02079519
0.003001423 -0.02008933
0.003003023 -0.01997168
0.003004623 -0.01903053
0.003006223 -0.01844231
0.003007823 -0.01832467
0.003009423 -0.01703058
0.003011023 -0.0167953
0.003012623 -0.01597179
0.003014223 -0.01550121
0.003015823 -0.01232483
0.003017423 -0.01397184
0.003019023 -0.01314833
0.003020623 -0.01232483
0.003022223 -0.01103074
0.003023823 -0.01020723
0.003025423 -0.009030794
0.003027023 -0.008560219
0.003028623 -0.007736711
0.003030223 -0.006560271
0.003031823 -0.006207339
0.003033423 -0.004325036
0.003035023 -0.003972104
0.003036623 -0.002795665
0.003038223 -0.002089801
0.003039823 -0.001031005
0.003041423 0.0001454343
0.003043023 0.002027738
0.003044623 0.002145382
0.003046223 0.003557109
0.003047823 0.004498261
0.003049423 0.005909988
0.003051023 0.007321716
0.003052623 0.008498155
0.003054223 0.009204019
0.003055823 0.009909883
0.003057423 0.01061575
0.003059023 0.01167454
0.003060623 0.01179219
0.003062223 0.01273334
0.003063823 0.01296863
0.003065423 0.0134392
0.003067023 0.01355685
0.003068623 0.01414507
0.003070223 0.01414507
0.003071823 0.01402742
0.003073423 0.01426271
0.003075023 0.01438035
0.003076623 0.01402742
0.003078223 0.01390978
0.003079823 0.01426271
0.003081423 0.01367449
0.003083023 0.01367449
0.003084623 0.01390978
0.003086223 0.01543915
0.003087823 0.01367449
0.003089423 0.0134392
0.003091023 0.01390978
0.003092623 0.01367449
0.003094223 0.01567444
0.003095823 0.01520386
0.003097423 0.01567444
0.003099023 0.01649794
0.003100623 0.01708616
0.003102223 0.01767438
0.003103823 0.01838025
0.003105423 0.01896847
0.003107023 0.01943904
0.003108623 0.01979198
0.003110223 0.02026255
0.003111823 0.02026255
0.003113423 0.02073313
0.003115023 0.02073313
0.003116623 0.02155663
0.003118223 0.0212037
0.003119823 0.02108606
0.003121423 0.02143899
0.003123023 0.02108606
0.003124623 0.02108606
0.003126223 0.02132135
0.003127823 0.02132135
0.003129423 0.02132135
0.003131023 0.02202721
0.003132623 0.02085077
0.003134223 0.02014491
0.003135823 0.0203802
0.003137423 0.01990962
0.003139023 0.01967433
0.003140623 0.01979198
0.003142223 0.01920376
0.003143823 0.01849789
0.003145423 0.01896847
0.003147023 0.01838025
0.003148623 0.01838025
0.003150223 0.01814496
0.003151823 0.0174391
0.003153423 0.01755674
0.003155023 0.01790967
0.003156623 0.01720381
0.003158223 0.01696852
0.003159823 0.01708616
0.003161423 0.01708616
0.003163023 0.01696852
0.003164623 0.01779203
0.003166223 0.01720381
0.003167823 0.01708616
0.003169423 0.01814496
0.003171023 0.01790967
0.003172623 0.01779203
0.003174223 0.01814496
0.003175823 0.01814496
0.003177423 0.01755674
0.003179023 0.01790967
0.003180623 0.0174391
0.003182223 0.01708616
0.003183823 0.01708616
0.003185423 0.0163803
0.003187023 0.01590972
0.003188623 0.01567444
0.003190223 0.01520386
0.003191823 0.014498
0.003193423 0.01426271
0.003195023 0.0134392
0.003196623 0.01332156
0.003198223 0.01261569
0.003199823 0.01238041
0.003201423 0.01214512
0.003203023 0.01226276
0.003204623 0.01167454
0.003206223 0.01179219
0.003207823 0.01120397
0.003209423 0.01167454
0.003211023 0.01096868
0.003212623 0.01238041
0.003214223 0.01085103
0.003215823 0.0104981
0.003217423 0.01061575
0.003219023 0.01073339
0.003220623 0.01002753
0.003222223 0.01038046
0.003223823 0.009556951
0.003225423 0.009674595
0.003227023 0.01026281
0.003228623 0.009321663
0.003230223 0.008498155
0.003231823 0.008615799
0.003233423 0.008851087
0.003235023 0.007674648
0.003236623 0.007792292
0.003238223 0.007674648
0.003239823 0.007204072
0.003241423 0.007557004
0.003243023 0.007321716
0.003244623 0.007086428
0.003246223 0.006968784
0.003247823 0.00685114
0.003249423 0.006498208
0.003251023 0.006733496
0.003252623 0.00626292
0.003254223 0.00685114
0.003255823 0.00626292
0.003257423 0.006615852
0.003259023 0.006380564
0.003260623 0.006380564
0.003262223 0.00626292
0.003263823 0.005909988
0.003265423 0.0056747
0.003267023 0.005439412
0.003268623 0.004262973
0.003270223 0.005086481
0.003271823 0.004380617
0.003273423 0.004380617
0.003275023 0.004262973
0.003276623 0.003674753
0.003278223 0.003321821
0.003279823 0.003204177
0.003281423 0.002968889
0.003283023 0.006498208
0.003284623 0.002380669
0.003286223 0.002380669
0.003287823 0.001674806
0.003289423 0.002027738
0.003291023 0.001439518
0.003292623 0.001557162
0.003294223 0.0006160101
0.003295823 0.0002630782
0.003297423 -8.985363e-005
0.003299023 -0.0005604295
0.003300623 -0.001266293
0.003302223 -0.001501581
0.003303823 -0.001501581
0.003305423 -0.003266241
0.003307023 -0.002913309
0.003308623 -0.004325036
0.003310223 -0.004913256
0.003311823 -0.004325036
0.003313423 -0.0050309
0.003315023 -0.005383832
0.003316623 -0.005854408
0.003318223 -0.006089696
0.003319823 -0.006442627
0.003321423 -0.006913203
0.003323023 -0.007266135
0.003324623 -0.007854355
0.003326223 -0.008207287
0.003327823 -0.008795507
0.003329423 -0.008913151
0.003331023 -0.00950137
0.003332623 -0.009854302
0.003334223 -0.01032488
0.003335823 -0.01103074
0.003337423 -0.01103074
0.003339023 -0.01208954
0.003340623 -0.0127954
0.003342223 -0.01350126
0.003343823 -0.01408948
0.003345423 -0.01503064
0.003347023 -0.01550121
0.003348623 -0.01691294
0.003350223 -0.01738352
0.003351823 -0.01903053
0.003353423 -0.02114812
0.003355023 -0.02067755
0.003356623 -0.02244221
0.003358223 -0.02208927
0.003359823 -0.02291278
0.003361423 -0.02326571
0.003363023 -0.02408922
0.003364623 -0.02526566
0.003366223 -0.0253833
0.003367823 -0.02632446
0.003369423 -0.02655974
0.003371023 -0.02714796
0.003372623 -0.02761854
0.003374223 -0.02797147
0.003375823 -0.02820676
0.003377423 -0.0293832
0.003379023 -0.0293832
0.003380623 -0.03032435
0.003382223 -0.03067728
0.003383823 -0.03055964
0.003385423 -0.03185372
0.003387023 -0.03208901
0.003388623 -0.03291252
0.003390223 -0.03338309
0.003391823 -0.03326545
0.003393423 -0.03397131
0.003395023 -0.03432425
0.003396623 -0.03503011
0.003398223 -0.03467718
0.003399823 -0.03514775
0.003401423 -0.03503011
0.003403023 -0.03550069
0.003404623 -0.03550069
0.003406223 -0.03561833
0.003407823 -0.03550069
0.003409423 -0.03561833
0.003411023 -0.03573597
0.003412623 -0.03620655
0.003414223 -0.03655948
0.003415823 -0.03679477
0.003417423 -0.03679477
0.003419023 -0.03761828
0.003420623 -0.03761828
0.003422223 -0.03797121
0.003423823 -0.03914765
0.003425423 -0.03891236
0.003427023 -0.03879472
0.003428623 -0.03950058
0.003430223 -0.03961822
0.003431823 -0.04185346
0.003433423 -0.0400888
0.003435023 -0.04055938
0.003436623 -0.04067702
0.003438223 -0.04079466
0.003439823 -0.04079466
0.003441423 -0.04126524
0.003443023 -0.04055938
0.003444623 -0.04079466
0.003446223 -0.04150053
0.003447823 -0.04091231
0.003449423 -0.04138288
0.003451023 -0.04185346
0.003452623 -0.04173581
0.003454223 -0.04255932
0.003455823 -0.04255932
0.003457423 -0.04314754
0.003459023 -0.04420634
0.003460623 -0.04444163
0.003462223 -0.0449122
0.003463823 -0.04561807
0.003465423 -0.04655922
0.003467023 -0.04679451
0.003468623 -0.04761801
0.003470223 -0.04773566
0.003471823 -0.04867681
0.003473423 -0.04926503
0.003475023 -0.04938267
0.003476623 -0.04985325
0.003478223 -0.05091204
0.003479823 -0.05032382
0.003481423 -0.05173555
0.003483023 -0.05208848
0.003484623 -0.05232377
0.003486223 -0.05302963
0.003487823 -0.05302963
0.003489423 -0.05361785
0.003491023 -0.05314728
0.003492623 -0.0537355
0.003494223 -0.05467665
0.003495823 -0.05385314
0.003497423 -0.05408843
0.003499023 -0.05444136
0.003500623 -0.05420607
0.003502223 -0.05314728
0.003503823 -0.05455901
0.003505423 -0.05444136
0.003507023 -0.05514723
0.003508623 -0.05538251
0.003510223 -0.05526487
0.003511823 -0.05526487
0.003513423 -0.05573545
0.003515023 -0.05644131
0.003516623 -0.05655895
0.003518223 -0.05750011
0.003519823 -0.05702953
0.003521423 -0.05773539
0.003523023 -0.05820597
0.003524623 -0.05808833
0.003526223 -0.05844126
0.003527823 -0.05914712
0.003529423 -0.05844126
0.003531023 -0.0585589
0.003532623 -0.05773539
0.003534223 -0.05750011
0.003535823 -0.05702953
0.003537423 -0.05655895
0.003539023 -0.05585309
0.003540623 -0.05491194
0.003542223 -0.05420607
0.003543823 -0.05385314
0.003545423 -0.05338257
0.003547023 -0.05255906
0.003548623 -0.05220613
0.003550223 -0.05291199
0.003551823 -0.05138262
0.003553423 -0.05114733
0.003555023 -0.05055911
0.003556623 -0.05044147
0.003558223 -0.05008854
0.003559823 -0.04961796
0.003561423 -0.04961796
0.003563023 -0.0489121
0.003564623 -0.04879445
0.003566223 -0.04797094
0.003567823 -0.04714744
0.003569423 -0.04691215
0.003571023 -0.04608864
0.003572623 -0.04561807
0.003574223 -0.04444163
0.003575823 -0.04338283
0.003577423 -0.04314754
0.003579023 -0.0419711
0.003580623 -0.04138288
0.003582223 -0.04091231
0.003583823 -0.03961822
0.003585423 -0.03961822
0.003587023 -0.03903
0.003588623 -0.03844178
0.003590223 -0.03773592
0.003591823 -0.03667712
0.003593423 -0.0360889
0.003595023 -0.03491247
0.003596623 -0.03467718
0.003598223 -0.03338309
0.003599823 -0.03291252
0.003601423 -0.03244194
0.003603023 -0.03150079
0.003604623 -0.03079493
0.003606223 -0.03020671
0.003607823 -0.02950084
0.003609423 -0.02855969
0.003611023 -0.02820676
0.003612623 -0.02691268
0.003614223 -0.0264421
0.003615823 -0.02608917
0.003617423 -0.02514802
0.003619023 -0.02420687
0.003620623 -0.02361865
0.003622223 -0.02303043
0.003623823 -0.02138341
0.003625423 -0.02067755
0.003627023 -0.01997168
0.003628623 -0.01891289
0.003630223 -0.01797174
0.003631823 -0.01691294
0.003633423 -0.01644236
0.003635023 -0.01491299
0.003636623 -0.01444242
0.003638223 -0.01314833
0.003639823 -0.01208954
0.003641423 -0.0109131
0.003643023 -0.01032488
0.003644623 -0.009266082
0.003646223 -0.008207287
0.003647823 -0.006913203
0.003649423 -0.006442627
0.003651023 -0.004913256
0.003652623 -0.003736816
0.003654223 -0.003030953
0.003655823 -0.002089801
0.003657423 -0.001266293
0.003659023 0.0004983662
0.003660623 0.001439518
0.003662223 0.002380669
0.003663823 0.003321821
0.003665423 0.004145329
0.003667023 0.006027632
0.003668623 0.006733496
0.003670223 0.008145223
0.003671823 0.009321663
0.003673423 0.01002753
0.003675023 0.0115569
0.003676623 0.01814496
0.003678223 0.01402742
0.003679823 0.0153215
0.003681423 0.01649794
0.003683023 0.01790967
0.003684623 0.01861554
0.003686223 0.02026255
0.003687823 0.02143899
0.003689423 0.02285072
0.003691023 0.02438009
0.003692623 0.02532124
0.003694223 0.02661532
0.003695823 0.02802705
0.003697423 0.02885056
0.003699023 0.03049758
0.003700623 0.03202695
0.003702223 0.0329681
0.003703823 0.03390925
0.003705423 0.03567391
0.003707023 0.03649742
0.003708623 0.03767386
0.003710223 0.03873265
0.003711823 0.03861501
0.003713423 0.04026202
0.003715023 0.04049731
0.003716623 0.0407326
0.003718223 0.04120318
0.003719823 0.04155611
0.003721423 0.04214433
0.003723023 0.04202668
0.003724623 0.04285019
0.003726223 0.04320312
0.003727823 0.04379134
0.003729423 0.04414427
0.003731023 0.04449721
0.003732623 0.04567365
0.003734223 0.04649715
0.003735823 0.04708537
0.003737423 0.04790888
0.003739023 0.04920297
0.003740623 0.04990883
0.003742223 0.05026176
0.003743823 0.05120291
0.003745423 0.0514382
0.003747023 0.05532045
0.003748623 0.05367344
0.003750223 0.05461459
0.003751823 0.05555574
0.003753423 0.05590867
0.003755023 0.05708511
0.003756623 0.05790862
0.003758223 0.05802626
0.003759823 0.05873213
0.003761423 0.05861448
0.003763023 0.05979092
0.003764623 0.05979092
0.003766223 0.06084972
0.003767823 0.06096736
0.003769423 0.06190851
0.003771023 0.06190851
0.003772623 0.06273202
0.003774223 0.06355553
0.003775823 0.06355553
0.003777423 0.06461432
0.003779023 0.06449668
0.003780623 0.0650849
0.003782223 0.0650849
0.003783823 0.06567312
0.003785423 0.06602605
0.003787023 0.06602605
0.003788623 0.06673191
0.003790223 0.06708485
0.003791823 0.06661427
0.003793423 0.06732013
0.003795023 0.06743778
0.003796623 0.06767307
0.003798223 0.06779071
0.003799823 0.06755542
0.003801423 0.06790835
0.003803023 0.07108474
0.003804623 0.068026
0.003806223 0.06767307
0.003807823 0.06790835
0.003809423 0.06732013
0.003811023 0.068026
0.003812623 0.06755542
0.003814223 0.06790835
0.003815823 0.06767307
0.003817423 0.06779071
0.003819023 0.06732013
0.003820623 0.0669672
0.003822223 0.06755542
0.003823823 0.06743778
0.003825423 0.06661427
0.003827023 0.06720249
0.003828623 0.06637898
0.003830223 0.06649663
0.003831823 0.06673191
0.003833423 0.06626134
0.003835023 0.06602605
0.003836623 0.06590841
0.003838223 0.06543783
0.003839823 0.06590841
0.003841423 0.06484961
0.003843023 0.06543783
0.003844623 0.06426139
0.003846223 0.06496726
0.003847823 0.06449668
0.003849423 0.06484961
0.003851023 0.0632026
0.003852623 0.06390846
0.003854223 0.06343788
0.003855823 0.06343788
0.003857423 0.06308495
0.003859023 0.06296731
0.003860623 0.06296731
0.003862223 0.06249673
0.003863823 0.06143794
0.003865423 0.06167322
0.003867023 0.06084972
0.003868623 0.06037914
0.003870223 0.06049679
0.003871823 0.05943799
0.003873423 0.06061443
0.003875023 0.05790862
0.003876623 0.05814391
0.003878223 0.05743804
0.003879823 0.0562616
0.003881423 0.05579103
0.003883023 0.05508516
0.003884623 0.05484988
0.003886223 0.05343815
0.003887823 0.05379108
0.003889423 0.05261464
0.003891023 0.05214406
0.003892623 0.05155584
0.003894223 0.05061469
0.003895823 0.04990883
0.003897423 0.04885003
0.003899023 0.04873239
0.003900623 0.04790888
0.003902223 0.04720302
0.003903823 0.04685009
0.003905423 0.04543836
0.003907023 0.04543836
0.003908623 0.04461485
0.003910223 0.04520307
0.003911823 0.04320312
0.003913423 0.0426149
0.003915023 0.04190904
0.003916623 0.04096789
0.003918223 0.04049731
0.003919823 0.03979145
0.003921423 0.03896794
0.003923023 0.03873265
0.003924623 0.03767386
0.003926223 0.0377915
0.003927823 0.03708564
0.003929423 0.03626213
0.003931023 0.0359092
0.003932623 0.03532098
0.003934223 0.03532098
0.003935823 0.03449747
0.003937423 0.03402689
0.003939023 0.03437983
0.003940623 0.03332103
0.003942223 0.03237988
0.003943823 0.03202695
0.003945423 0.03132108
0.003947023 0.03014464
0.003948623 0.02967407
0.003950223 0.02908585
0.003951823 0.02849763
0.003953423 0.02743883
0.003955023 0.0270859
0.003956623 0.02590946
0.003958223 0.02555653
0.003959823 0.02461538
0.003961423 0.02426245
0.003963023 0.02320365
0.003964623 0.02285072
0.003966223 0.0222625
0.003967823 0.02143899
0.003969423 0.02155663
0.003971023 0.02026255
0.003972623 0.02026255
0.003974223 0.01990962
0.003975823 0.0193214
0.003977423 0.01885082
0.003979023 0.01802732
0.003980623 0.01790967
0.003982223 0.0174391
0.003983823 0.01720381
0.003985423 0.01673323
0.003987023 0.01602737
0.003988623 0.0153215
0.003990223 0.01508622
0.003991823 0.01367449
0.003993423 0.0134392
0.003995023 0.01273334
0.003996623 0.01261569
0.003998223 0.01214512
0.003999823 0.01026281
0.004001423 0.01108632
0.004003023 0.01061575
0.004004623 0.01038046
0.004006223 0.01014517
0.004007823 0.008968731
0.004009423 0.009204019
0.004011023 0.008733443
0.004012623 0.008380511
0.004014223 0.008498155
0.004015823 0.007557004
0.004017423 0.007086428
0.004019023 0.006615852
0.004020623 0.006145276
0.004022223 0.00626292
0.004023823 0.005204125
0.004025423 0.004968837
0.004027023 0.004615905
0.004028623 0.003910041
0.004030223 0.003792397
0.004031823 0.003557109
0.004033423 0.002498313
0.004035023 0.002380669
0.004036623 0.001557162
0.004038223 0.001910094
0.004039823 0.000851298
0.004041423 0.000851298
0.004043023 0.000851298
0.004044623 0.000851298
0.004046223 0.001086586
0.004047823 0.000851298
0.004049423 0.001086586
0.004051023 0.001557162
0.004052623 0.00120423
0.004054223 0.001557162
0.004055823 0.001321874
0.004057423 0.001910094
0.004059023 0.002027738
0.004060623 0.002263026
0.004062223 0.002263026
0.004063823 0.002263026
0.004065423 0.002027738
0.004067023 0.002263026
0.004068623 0.002027738
0.004070223 0.000851298
0.004071823 0.0007336541
0.004073423 0.00120423
0.004075023 -8.985363e-005
0.004076623 -0.0003251415
0.004078223 -0.0005604295
0.004079823 -0.001266293
0.004081423 -0.001619225
0.004083023 -0.002089801
0.004084623 -0.002207445
0.004086223 -0.002560377
0.004087823 -0.003030953
0.004089423 -0.003148597
0.004091023 -0.003266241
0.004092623 -0.003148597
0.004094223 -0.003030953
0.004095823 -0.003148597
0.004097423 -0.003383884
0.004099023 -0.003501528
0.004100623 -0.003030953
0.004102223 -0.003030953
0.004103823 -0.003030953
0.004105423 -0.003030953
0.004107023 -0.002678021
0.004108623 -0.002795665
0.004110223 -0.002442733
0.004111823 -0.002560377
0.004113423 -0.002913309
0.004115023 -0.002678021
0.004116623 -0.003030953
0.004118223 -0.003030953
0.004119823 -0.003148597
0.004121423 -0.003501528
0.004123023 -0.004207392
0.004124623 -0.004325036
0.004126223 -0.004913256
0.004127823 -0.0050309
0.004129423 -0.005736764
0.004131023 -0.006442627
0.004132623 -0.006677915
0.004134223 -0.007030847
0.004135823 -0.008442575
0.004137423 -0.008089643
0.004139023 -0.008795507
0.004140623 -0.008560219
0.004142223 -0.009266082
0.004143823 -0.009619014
0.004145423 -0.009619014
0.004147023 -0.009619014
0.004148623 -0.00950137
0.004150223 -0.00950137
0.004151823 -0.00950137
0.004153423 -0.008913151
0.004155023 -0.008560219
0.004156623 -0.008207287
0.004158223 -0.008089643
0.004159823 -0.007501423
0.004161423 -0.007501423
0.004163023 -0.006677915
0.004164623 -0.006677915
0.004166223 -0.00561912
0.004167823 -0.004913256
0.004169423 -0.00444268
0.004171023 -0.004207392
0.004172623 -0.004207392
0.004174223 -0.004325036
0.004175823 -0.00444268
0.004177423 -0.00385446
0.004179023 -0.004325036
0.004180623 -0.004325036
0.004182223 -0.004089748
0.004183823 -0.005266188
0.004185423 -0.005148544
0.004187023 -0.006089696
0.004188623 -0.005736764
0.004190223 -0.006913203
0.004191823 -0.006560271
0.004193423 -0.006560271
0.004195023 -0.007030847
0.004196623 -0.002913309
0.004198223 -0.007148491
0.004199823 -0.007383779
0.004201423 -0.007854355
