LECROYWS4024HD 19320 Waveform
Segments 1 SegmentSize 3127
Segment TrigTime TimeSinceSegment1
#1 23-Jun-2024 21:45:00 0                 
Time Ampl
-0.0008015478 0.0002630782
-0.0007999478 0.0001454343
-0.0007983478 0.0001454343
-0.0007967478 0.0004983662
-0.0007951478 0.0003807222
-0.0007935478 0.0004983662
-0.0007919478 0.0001454343
-0.0007903478 0.0006160101
-0.0007887478 0.0001454343
-0.0007871478 0.0004983662
-0.0007855478 0.0002630782
-0.0007839478 0.0004983662
-0.0007823478 0.0001454343
-0.0007807478 0.0004983662
-0.0007791478 0.0002630782
-0.0007775478 0.0007336541
-0.0007759478 0.0002630782
-0.0007743478 0.0003807222
-0.0007727478 0.0003807222
-0.0007711478 0.0004983662
-0.0007695478 0.0003807222
-0.0007679478 0.0001454343
-0.0007663478 0.0001454343
-0.0007647478 0.0004983662
-0.0007631478 0.0003807222
-0.0007615478 0.0004983662
-0.0007599478 0.0002630782
-0.0007583478 0.0003807222
-0.0007567478 0.0002630782
-0.0007551478 0.0001454343
-0.0007535478 0.0002630782
-0.0007519478 0.0003807222
-0.0007503478 0.0001454343
-0.0007487478 0.0004983662
-0.0007471478 0.0002630782
-0.0007455478 0.0002630782
-0.0007439478 0.0004983662
-0.0007423478 0.0004983662
-0.0007407478 0.0001454343
-0.0007391478 0.0002630782
-0.0007375478 2.779033e-005
-0.0007359478 0.0006160101
-0.0007343478 0.0003807222
-0.0007327478 0.0004983662
-0.0007311478 0.0004983662
-0.0007295478 0.0004983662
-0.0007279478 0.0001454343
-0.0007263478 0.0007336541
-0.0007247478 0.0002630782
-0.0007231478 0.0003807222
-0.0007215478 0.0003807222
-0.0007199478 0.0006160101
-0.0007183478 0.0006160101
-0.0007167478 0.0006160101
-0.0007151478 0.0001454343
-0.0007135478 0.0007336541
-0.0007119478 2.779033e-005
-0.0007103478 0.0003807222
-0.0007087478 0.0002630782
-0.0007071478 0.0006160101
-0.0007055478 0.0002630782
-0.0007039478 0.0003807222
-0.0007023478 0.0003807222
-0.0007007478 0.0002630782
-0.0006991478 0.0002630782
-0.0006975478 2.779033e-005
-0.0006959478 0.0002630782
-0.0006943478 0.0003807222
-0.0006927478 0.0002630782
-0.0006911478 0.0001454343
-0.0006895478 0.0003807222
-0.0006879478 0.0003807222
-0.0006863478 0.0004983662
-0.0006847478 0.0006160101
-0.0006831478 0.0002630782
-0.0006815478 0.0003807222
-0.0006799478 0.0003807222
-0.0006783478 0.0003807222
-0.0006767478 0.0003807222
-0.0006751478 0.0001454343
-0.0006735478 0.0003807222
-0.0006719478 0.0006160101
-0.0006703478 2.779033e-005
-0.0006687478 0.0001454343
-0.0006671478 0.0001454343
-0.0006655478 0.0001454343
-0.0006639478 0.0003807222
-0.0006623478 0.0003807222
-0.0006607478 -8.985363e-005
-0.0006591478 0.0003807222
-0.0006575478 0.0002630782
-0.0006559478 0.0002630782
-0.0006543478 0.0003807222
-0.0006527478 0.0002630782
-0.0006511478 0.0001454343
-0.0006495478 0.0001454343
-0.0006479478 0.0003807222
-0.0006463478 0.0007336541
-0.0006447478 0.0002630782
-0.0006431478 0.0003807222
-0.0006415478 -8.985363e-005
-0.0006399478 0.0004983662
-0.0006383478 0.0001454343
-0.0006367478 0.000851298
-0.0006351478 0.0002630782
-0.0006335478 0.0003807222
-0.0006319478 0.0002630782
-0.0006303478 0.0004983662
-0.0006287478 0.0001454343
-0.0006271478 0.0001454343
-0.0006255478 2.779033e-005
-0.0006239478 0.0004983662
-0.0006223478 -8.985363e-005
-0.0006207478 0.0001454343
-0.0006191478 0.0003807222
-0.0006175478 0.0002630782
-0.0006159478 2.779033e-005
-0.0006143478 0.0004983662
-0.0006127478 -8.985363e-005
-0.0006111478 0.0002630782
-0.0006095478 0.0001454343
-0.0006079478 0.0006160101
-0.0006063478 -0.0003251415
-0.0006047478 0.0004983662
-0.0006031478 0.0001454343
-0.0006015478 0.0002630782
-0.0005999478 0.0002630782
-0.0005983478 0.0003807222
-0.0005967478 0.0003807222
-0.0005951478 0.0006160101
-0.0005935478 2.779033e-005
-0.0005919478 2.779033e-005
-0.0005903478 0.0001454343
-0.0005887478 0.0002630782
-0.0005871478 0.0004983662
-0.0005855478 0.0004983662
-0.0005839478 0.0002630782
-0.0005823478 2.779033e-005
-0.0005807478 0.0002630782
-0.0005791478 0.0003807222
-0.0005775478 0.0001454343
-0.0005759478 0.0004983662
-0.0005743478 2.779033e-005
-0.0005727478 0.0002630782
-0.0005711478 0.0006160101
-0.0005695478 0.0004983662
-0.0005679478 0.0001454343
-0.0005663478 0.0003807222
-0.0005647478 2.779033e-005
-0.0005631478 0.0002630782
-0.0005615478 0.0001454343
-0.0005599478 0.0006160101
-0.0005583478 2.779033e-005
-0.0005567478 0.0006160101
-0.0005551478 2.779033e-005
-0.0005535478 0.0007336541
-0.0005519478 -8.985363e-005
-0.0005503478 0.0004983662
-0.0005487478 0.0001454343
-0.0005471478 0.0003807222
-0.0005455478 0.0001454343
-0.0005439478 0.0002630782
-0.0005423478 2.779033e-005
-0.0005407478 2.779033e-005
-0.0005391478 -8.985363e-005
-0.0005375478 2.779033e-005
-0.0005359478 2.779033e-005
-0.0005343478 0.0003807222
-0.0005327478 0.0001454343
-0.0005311478 0.0002630782
-0.0005295478 0.0003807222
-0.0005279478 0.0004983662
-0.0005263478 0.0003807222
-0.0005247478 0.0003807222
-0.0005231478 0.0001454343
-0.0005215478 0.0006160101
-0.0005199478 0.0002630782
-0.0005183478 0.0003807222
-0.0005167478 0.0001454343
-0.0005151478 0.0001454343
-0.0005135478 0.0001454343
-0.0005119478 0.0006160101
-0.0005103478 2.779033e-005
-0.0005087478 0.0003807222
-0.0005071478 0.0003807222
-0.0005055478 0.000851298
-0.0005039478 0.0002630782
-0.0005023478 0.0004983662
-0.0005007478 0.0004983662
-0.0004991478 0.0006160101
-0.0004975478 2.779033e-005
-0.0004959478 0.0003807222
-0.0004943478 0.0002630782
-0.0004927478 2.779033e-005
-0.0004911478 2.779033e-005
-0.0004895478 0.0002630782
-0.0004879478 0.0001454343
-0.0004863478 0.0001454343
-0.0004847478 2.779033e-005
-0.0004831478 0.0002630782
-0.0004815478 0.0002630782
-0.0004799478 0.0002630782
-0.0004783478 0.0001454343
-0.0004767478 0.0002630782
-0.0004751478 0.0002630782
-0.0004735478 0.0001454343
-0.0004719478 0.0003807222
-0.0004703478 0.0006160101
-0.0004687478 -0.0002074976
-0.0004671478 0.0001454343
-0.0004655478 0.0001454343
-0.0004639478 0.0003807222
-0.0004623478 0.0002630782
-0.0004607478 0.0006160101
-0.0004591478 0.0001454343
-0.0004575478 0.0003807222
-0.0004559478 0.0001454343
-0.0004543478 0.0002630782
-0.0004527478 2.779033e-005
-0.0004511478 0.0003807222
-0.0004495478 2.779033e-005
-0.0004479478 2.779033e-005
-0.0004463478 2.779033e-005
-0.0004447478 0.0001454343
-0.0004431478 0.0001454343
-0.0004415478 2.779033e-005
-0.0004399478 0.0001454343
-0.0004383478 0.0003807222
-0.0004367478 0.0003807222
-0.0004351478 0.0001454343
-0.0004335478 -8.985363e-005
-0.0004319478 0.0002630782
-0.0004303478 0.0006160101
-0.0004287478 2.779033e-005
-0.0004271478 0.0001454343
-0.0004255478 0.0003807222
-0.0004239478 -0.0004427855
-0.0004223478 0.0007336541
-0.0004207478 0.0002630782
-0.0004191478 0.0003807222
-0.0004175478 0.0003807222
-0.0004159478 0.0004983662
-0.0004143478 0.0001454343
-0.0004127478 0.0006160101
-0.0004111478 2.779033e-005
-0.0004095478 0.0006160101
-0.0004079478 0.0001454343
-0.0004063478 0.0003807222
-0.0004047478 0.0002630782
-0.0004031478 0.0004983662
-0.0004015478 0.0001454343
-0.0003999478 0.0003807222
-0.0003983478 0.0006160101
-0.0003967478 0.0003807222
-0.0003951478 -8.985363e-005
-0.0003935478 0.0004983662
-0.0003919478 2.779033e-005
-0.0003903478 0.0003807222
-0.0003887478 0.0001454343
-0.0003871478 0.0004983662
-0.0003855478 0.0002630782
-0.0003839478 0.0006160101
-0.0003823478 0.0004983662
-0.0003807478 0.0007336541
-0.0003791478 0.0002630782
-0.0003775478 0.0007336541
-0.0003759478 0.0001454343
-0.0003743478 0.0007336541
-0.0003727478 0.0002630782
-0.0003711478 0.0002630782
-0.0003695478 0.0003807222
-0.0003679478 0.0002630782
-0.0003663478 0.0001454343
-0.0003647478 0.0001454343
-0.0003631478 0.0002630782
-0.0003615478 0.0004983662
-0.0003599478 -8.985363e-005
-0.0003583478 0.0004983662
-0.0003567478 0.0003807222
-0.0003551478 0.0002630782
-0.0003535478 0.0002630782
-0.0003519478 0.0002630782
-0.0003503478 0.0001454343
-0.0003487478 0.0004983662
-0.0003471478 0.0001454343
-0.0003455478 0.0002630782
-0.0003439478 2.779033e-005
-0.0003423478 0.0004983662
-0.0003407478 0.0002630782
-0.0003391478 0.0004983662
-0.0003375478 0.0001454343
-0.0003359478 0.0006160101
-0.0003343478 0.0002630782
-0.0003327478 0.0006160101
-0.0003311478 2.779033e-005
-0.0003295478 0.0003807222
-0.0003279478 0.0004983662
-0.0003263478 0.0002630782
-0.0003247478 0.0003807222
-0.0003231478 0.0004983662
-0.0003215478 0.0003807222
-0.0003199478 0.0003807222
-0.0003183478 0.0001454343
-0.0003167478 0.0006160101
-0.0003151478 0.0001454343
-0.0003135478 0.0001454343
-0.0003119478 0.0004983662
-0.0003103478 0.0003807222
-0.0003087478 0.0001454343
-0.0003071478 0.0003807222
-0.0003055478 0.0002630782
-0.0003039478 2.779033e-005
-0.0003023478 0.0001454343
-0.0003007478 0.0004983662
-0.0002991478 2.779033e-005
-0.0002975478 0.0006160101
-0.0002959478 0.0001454343
-0.0002943478 0.0007336541
-0.0002927478 0.0002630782
-0.0002911478 0.0003807222
-0.0002895478 0.0003807222
-0.0002879478 0.0003807222
-0.0002863478 0.0002630782
-0.0002847478 0.0004983662
-0.0002831478 2.779033e-005
-0.0002815478 0.0006160101
-0.0002799478 0.0004983662
-0.0002783478 0.0003807222
-0.0002767478 0.0003807222
-0.0002751478 0.0007336541
-0.0002735478 0.0003807222
-0.0002719478 0.0003807222
-0.0002703478 0.0004983662
-0.0002687478 0.0007336541
-0.0002671478 0.0002630782
-0.0002655478 0.0007336541
-0.0002639478 0.0003807222
-0.0002623478 0.0004983662
-0.0002607478 0.0002630782
-0.0002591478 0.0004983662
-0.0002575478 0.0001454343
-0.0002559478 0.0004983662
-0.0002543478 0.0001454343
-0.0002527478 0.0007336541
-0.0002511478 0.0002630782
-0.0002495478 0.0004983662
-0.0002479478 0.0004983662
-0.0002463478 0.0006160101
-0.0002447478 0.0001454343
-0.0002431478 0.0003807222
-0.0002415478 0.0003807222
-0.0002399478 0.0001454343
-0.0002383478 0.0003807222
-0.0002367478 0.0001454343
-0.0002351478 0.0003807222
-0.0002335478 0.000968942
-0.0002319478 0.0004983662
-0.0002303478 0.0002630782
-0.0002287478 0.0006160101
-0.0002271478 0.0004983662
-0.0002255478 0.0002630782
-0.0002239478 0.0004983662
-0.0002223478 0.0001454343
-0.0002207478 0.0002630782
-0.0002191478 0.0003807222
-0.0002175478 0.000851298
-0.0002159478 0.0002630782
-0.0002143478 0.0003807222
-0.0002127478 0.0004983662
-0.0002111478 0.0006160101
-0.0002095478 0.0002630782
-0.0002079478 0.0007336541
-0.0002063478 0.0001454343
-0.0002047478 0.0006160101
-0.0002031478 0.0003807222
-0.0002015478 0.0004983662
-0.0001999478 0.0004983662
-0.0001983478 0.0003807222
-0.0001967478 0.0003807222
-0.0001951478 0.0007336541
-0.0001935478 0.0002630782
-0.0001919478 0.0002630782
-0.0001903478 0.0002630782
-0.0001887478 0.0002630782
-0.0001871478 0.0004983662
-0.0001855478 0.0002630782
-0.0001839478 0.0006160101
-0.0001823478 0.0006160101
-0.0001807478 2.779033e-005
-0.0001791478 0.0002630782
-0.0001775478 0.0001454343
-0.0001759478 0.0002630782
-0.0001743478 0.0004983662
-0.0001727478 0.0002630782
-0.0001711478 0.0004983662
-0.0001695478 0.0001454343
-0.0001679478 0.0007336541
-0.0001663478 0.0006160101
-0.0001647478 0.0001454343
-0.0001631478 0.0007336541
-0.0001615478 0.0003807222
-0.0001599478 0.0004983662
-0.0001583478 0.0002630782
-0.0001567478 0.0004983662
-0.0001551478 0.0004983662
-0.0001535478 0.0006160101
-0.0001519478 0.0001454343
-0.0001503478 0.0004983662
-0.0001487478 0.0002630782
-0.0001471478 0.0004983662
-0.0001455478 0.0001454343
-0.0001439478 0.0004983662
-0.0001423478 0.0001454343
-0.0001407478 0.0007336541
-0.0001391478 0.0006160101
-0.0001375478 0.0004983662
-0.0001359478 0.0006160101
-0.0001343478 0.000851298
-0.0001327478 0.000851298
-0.0001311478 0.0003807222
-0.0001295478 0.002380669
-0.0001279478 0.002027738
-0.0001263478 0.002263026
-0.0001247478 -0.002795665
-0.0001231478 -0.01008959
-0.0001215478 -0.007854355
-0.0001199478 -0.007030847
-0.0001183478 -0.009148438
-0.0001167478 -0.009266082
-0.0001151478 -0.01550121
-0.0001135478 -0.02608917
-0.0001119478 -0.04726508
-0.0001103478 -0.08032303
-0.0001087478 -0.115028
-0.0001071478 -0.1525564
-0.0001055478 -0.184085
-0.0001039478 -0.2122019
-0.0001023478 -0.2311426
-0.0001007478 -0.2446716
-9.91478e-005 -0.2573772
-9.75478e-005 -0.2657299
-9.59478e-005 -0.2677299
-9.43478e-005 -0.2651417
-9.27478e-005 -0.2585536
-9.11478e-005 -0.2393777
-8.95478e-005 -0.2063197
-8.79478e-005 -0.1611444
-8.63478e-005 -0.1130281
-8.47478e-005 -0.06914686
-8.31478e-005 -0.03255959
-8.15478e-005 -0.01244247
-7.99478e-005 -0.009854302
-7.83478e-005 -0.02208927
-7.67478e-005 -0.0419711
-7.51478e-005 -0.06432346
-7.35478e-005 -0.08302884
-7.19478e-005 -0.09679319
-7.03478e-005 -0.1118516
-6.87478e-005 -0.1291453
-6.71478e-005 -0.147733
-6.55478e-005 -0.1619679
-6.39478e-005 -0.1746735
-6.23478e-005 -0.1878496
-6.07478e-005 -0.1964376
-5.91478e-005 -0.2022022
-5.75478e-005 -0.2053786
-5.59478e-005 -0.2062021
-5.43478e-005 -0.203261
-5.27478e-005 -0.1964376
-5.11478e-005 -0.1836144
-4.95478e-005 -0.1670266
-4.79478e-005 -0.14938
-4.63478e-005 -0.1320864
-4.47478e-005 -0.1142045
-4.31478e-005 -0.0976167
-4.15478e-005 -0.08067597
-3.99478e-005 -0.06349995
-3.83478e-005 -0.04750037
-3.67478e-005 -0.0352654
-3.51478e-005 -0.02808912
-3.35478e-005 -0.02773618
-3.19478e-005 -0.03550069
-3.03478e-005 -0.04926503
-2.87478e-005 -0.06832335
-2.71478e-005 -0.08749931
-2.55478e-005 -0.1051459
-2.39478e-005 -0.1224396
-2.23478e-005 -0.1372627
-2.07478e-005 -0.1496153
-1.91478e-005 -0.1567916
-1.75478e-005 -0.1586739
-1.59478e-005 -0.1554975
-1.43478e-005 -0.1489095
-1.27478e-005 -0.1383215
-1.11478e-005 -0.1240866
-9.5478e-006 -0.1070282
-7.9478e-006 -0.08808753
-6.3478e-006 -0.06820571
-4.7478e-006 -0.04761801
-3.1478e-006 -0.02985378
-1.5478e-006 -0.0138542
5.22e-008 -0.001972157
1.6522e-006 0.00626292
3.2522e-006 0.01061575
4.8522e-006 0.01202747
6.4522e-006 0.01002753
8.0522e-006 0.004615905
9.6522e-006 -0.001501581
1.12522e-005 -0.009148438
1.28522e-005 -0.01538357
1.44522e-005 -0.02032461
1.60522e-005 -0.02103048
1.76522e-005 -0.01903053
1.92522e-005 -0.01620708
2.08522e-005 -0.01338362
2.24522e-005 -0.01138367
2.40522e-005 -0.01079545
2.56522e-005 -0.01103074
2.72522e-005 -0.01208954
2.88522e-005 -0.01361891
3.04522e-005 -0.01503064
3.20522e-005 -0.01691294
3.36522e-005 -0.01903053
3.52522e-005 -0.02326571
3.68522e-005 -0.02950084
3.84522e-005 -0.0400888
4.00522e-005 -0.05408843
4.16522e-005 -0.06902921
4.32522e-005 -0.08326413
4.48522e-005 -0.09385209
4.64522e-005 -0.09785198
4.80522e-005 -0.09585204
4.96522e-005 -0.08867575
5.12522e-005 -0.07797015
5.28522e-005 -0.06726455
5.44522e-005 -0.05632367
5.60522e-005 -0.04667686
5.76522e-005 -0.03726534
5.92522e-005 -0.02867734
6.08522e-005 -0.02032461
6.24522e-005 -0.01491299
6.40522e-005 -0.01208954
6.56522e-005 -0.0127954
6.72522e-005 -0.01632472
6.88522e-005 -0.02208927
7.04522e-005 -0.02879498
7.20522e-005 -0.03397131
7.36522e-005 -0.03773592
7.52522e-005 -0.04079466
7.68522e-005 -0.0430299
7.84522e-005 -0.04326519
8.00522e-005 -0.0430299
8.16522e-005 -0.04408869
8.32522e-005 -0.04644157
8.48522e-005 -0.04867681
8.64522e-005 -0.05173555
8.80522e-005 -0.05420607
8.96522e-005 -0.05538251
9.12522e-005 -0.05573545
9.28522e-005 -0.05514723
9.44522e-005 -0.05420607
9.60522e-005 -0.05161791
9.76522e-005 -0.04738272
9.92522e-005 -0.04032409
0.0001008522 -0.03291252
0.0001024522 -0.02397158
0.0001040522 -0.01420713
0.0001056522 -0.006324983
0.0001072522 -0.0002074976
0.0001088522 0.002733601
0.0001104522 0.003557109
0.0001120522 0.002851245
0.0001136522 0.000851298
0.0001152522 -0.0006780734
0.0001168522 -0.002795665
0.0001184522 -0.006324983
0.0001200522 -0.01044252
0.0001216522 -0.01444242
0.0001232522 -0.01891289
0.0001248522 -0.02197163
0.0001264522 -0.02397158
0.0001280522 -0.02526566
0.0001296522 -0.02655974
0.0001312522 -0.0283244
0.0001328522 -0.03008906
0.0001344522 -0.0312655
0.0001360522 -0.03279487
0.0001376522 -0.03432425
0.0001392522 -0.03491247
0.0001408522 -0.03455953
0.0001424522 -0.03361838
0.0001440522 -0.03185372
0.0001456522 -0.03020671
0.0001472522 -0.02679503
0.0001488522 -0.02408922
0.0001504522 -0.02103048
0.0001520522 -0.01738352
0.0001536522 -0.01326598
0.0001552522 -0.007971999
0.0001568522 -0.001383937
0.0001584522 0.004498261
0.0001600522 0.0115569
0.0001616522 0.01708616
0.0001632522 0.02026255
0.0001648522 0.02073313
0.0001664522 0.01861554
0.0001680522 0.01473329
0.0001696522 0.01108632
0.0001712522 0.00743936
0.0001728522 0.005086481
0.0001744522 0.002968889
0.0001760522 0.00120423
0.0001776522 -0.0005604295
0.0001792522 -0.0004427855
0.0001808522 2.779033e-005
0.0001824522 0.001086586
0.0001840522 0.002145382
0.0001856522 0.003910041
0.0001872522 0.005557056
0.0001888522 0.007674648
0.0001904522 0.008380511
0.0001920522 0.008615799
0.0001936522 0.00743936
0.0001952522 0.00626292
0.0001968522 0.005086481
0.0001984522 0.004380617
0.0002000522 0.003439465
0.0002016522 0.002851245
0.0002032522 0.003674753
0.0002048522 0.006027632
0.0002064522 0.009439307
0.0002080522 0.01520386
0.0002096522 0.0203802
0.0002112522 0.02614475
0.0002128522 0.03167402
0.0002144522 0.03567391
0.0002160522 0.03979145
0.0002176522 0.04214433
0.0002192522 0.04285019
0.0002208522 0.04285019
0.0002224522 0.04155611
0.0002240522 0.0396738
0.0002256522 0.03614449
0.0002272522 0.03167402
0.0002288522 0.02543889
0.0002304522 0.01955669
0.0002320522 0.01414507
0.0002336522 0.01073339
0.0002352522 0.008380511
0.0002368522 0.008262867
0.0002384522 0.009321663
0.0002400522 0.01296863
0.0002416522 0.0174391
0.0002432522 0.02379187
0.0002448522 0.03061522
0.0002464522 0.03755621
0.0002480522 0.0436737
0.0002496522 0.04943825
0.0002512522 0.05461459
0.0002528522 0.05884977
0.0002544522 0.06096736
0.0002560522 0.061085
0.0002576522 0.05896741
0.0002592522 0.05637925
0.0002608522 0.05284993
0.0002624522 0.0503794
0.0002640522 0.04802653
0.0002656522 0.04649715
0.0002672522 0.04496778
0.0002688522 0.04473249
0.0002704522 0.04496778
0.0002720522 0.0466148
0.0002736522 0.04720302
0.0002752522 0.04767359
0.0002768522 0.04885003
0.0002784522 0.05061469
0.0002800522 0.05167349
0.0002816522 0.05367344
0.0002832522 0.05402637
0.0002848522 0.05520281
0.0002864522 0.0562616
0.0002880522 0.05826155
0.0002896522 0.06049679
0.0002912522 0.06379082
0.0002928522 0.06708485
0.0002944522 0.07155532
0.0002960522 0.07508464
0.0002976522 0.07814338
0.0002992522 0.07943746
0.0003008522 0.08049626
0.0003024522 0.07979039
0.0003040522 0.07931982
0.0003056522 0.07708458
0.0003072522 0.07437877
0.0003088522 0.07037888
0.0003104522 0.06649663
0.0003120522 0.0621438
0.0003136522 0.05826155
0.0003152522 0.05461459
0.0003168522 0.05120291
0.0003184522 0.04814417
0.0003200522 0.04685009
0.0003216522 0.04614422
0.0003232522 0.04767359
0.0003248522 0.04920297
0.0003264522 0.05261464
0.0003280522 0.05684982
0.0003296522 0.06049679
0.0003312522 0.06473197
0.0003328522 0.06861422
0.0003344522 0.07190825
0.0003360522 0.0747317
0.0003376522 0.07626108
0.0003392522 0.07755516
0.0003408522 0.07920217
0.0003424522 0.08096683
0.0003440522 0.08237856
0.0003456522 0.08273149
0.0003472522 0.08390793
0.0003488522 0.08437851
0.0003504522 0.08531966
0.0003520522 0.08637846
0.0003536522 0.08626081
0.0003552522 0.08696668
0.0003568522 0.08626081
0.0003584522 0.08626081
0.0003600522 0.0854373
0.0003616522 0.08367264
0.0003632522 0.08049626
0.0003648522 0.07661401
0.0003664522 0.07273176
0.0003680522 0.06884951
0.0003696522 0.06555548
0.0003712522 0.0632026
0.0003728522 0.061085
0.0003744522 0.06049679
0.0003760522 0.06096736
0.0003776522 0.06202616
0.0003792522 0.06284966
0.0003808522 0.06414375
0.0003824522 0.06484961
0.0003840522 0.06649663
0.0003856522 0.068026
0.0003872522 0.07061417
0.0003888522 0.07308469
0.0003904522 0.07567286
0.0003920522 0.07743752
0.0003936522 0.0787316
0.0003952522 0.07849631
0.0003968522 0.07779045
0.0003984522 0.07614343
0.0004000522 0.07402584
0.0004016522 0.07026123
0.0004032522 0.0669672
0.0004048522 0.06261438
0.0004064522 0.05861448
0.0004080522 0.0543793
0.0004096522 0.05026176
0.0004112522 0.04626187
0.0004128522 0.04320312
0.0004144522 0.04096789
0.0004160522 0.04026202
0.0004176522 0.0407326
0.0004192522 0.04249726
0.0004208522 0.04449721
0.0004224522 0.04779124
0.0004240522 0.05096762
0.0004256522 0.05461459
0.0004272522 0.05767333
0.0004288522 0.06084972
0.0004304522 0.06355553
0.0004320522 0.06637898
0.0004336522 0.06849657
0.0004352522 0.07026123
0.0004368522 0.07061417
0.0004384522 0.0709671
0.0004400522 0.07049652
0.0004416522 0.06896715
0.0004432522 0.0669672
0.0004448522 0.0650849
0.0004464522 0.06179087
0.0004480522 0.05884977
0.0004496522 0.05590867
0.0004512522 0.05308522
0.0004528522 0.04943825
0.0004544522 0.04520307
0.0004560522 0.04085024
0.0004576522 0.03696799
0.0004592522 0.03308574
0.0004608522 0.02932114
0.0004624522 0.02496831
0.0004640522 0.02273307
0.0004656522 0.02002726
0.0004672522 0.01920376
0.0004688522 0.01967433
0.0004704522 0.02096841
0.0004720522 0.02308601
0.0004736522 0.02638004
0.0004752522 0.03049758
0.0004768522 0.03532098
0.0004784522 0.0407326
0.0004800522 0.04649715
0.0004816522 0.05226171
0.0004832522 0.05802626
0.0004848522 0.06426139
0.0004864522 0.06955537
0.0004880522 0.07461406
0.0004896522 0.07849631
0.0004912522 0.08096683
0.0004928522 0.08367264
0.0004944522 0.08367264
0.0004960522 0.08402558
0.0004976522 0.08284914
0.0004992522 0.08179034
0.0005008522 0.07920217
0.0005024522 0.07567286
0.0005040522 0.07167296
0.0005056522 0.06767307
0.0005072522 0.06273202
0.0005088522 0.05767333
0.0005104522 0.05226171
0.0005120522 0.04790888
0.0005136522 0.04390899
0.0005152522 0.04108553
0.0005168522 0.03861501
0.0005184522 0.0359092
0.0005200522 0.03355632
0.0005216522 0.03226223
0.0005232522 0.03143873
0.0005248522 0.03073286
0.0005264522 0.03096815
0.0005280522 0.03096815
0.0005296522 0.03120344
0.0005312522 0.03155637
0.0005328522 0.03061522
0.0005344522 0.02920349
0.0005360522 0.02673297
0.0005376522 0.02426245
0.0005392522 0.02167428
0.0005408522 0.01990962
0.0005424522 0.0182626
0.0005440522 0.01602737
0.0005456522 0.01332156
0.0005472522 0.01108632
0.0005488522 0.008615799
0.0005504522 0.006145276
0.0005520522 0.003674753
0.0005536522 0.001439518
0.0005552522 -0.001148649
0.0005568522 -0.004795612
0.0005584522 -0.008324931
0.0005600522 -0.01161896
0.0005616522 -0.01514828
0.0005632522 -0.01914817
0.0005648522 -0.02232456
0.0005664522 -0.02503037
0.0005680522 -0.02726561
0.0005696522 -0.02891262
0.0005712522 -0.03008906
0.0005728522 -0.03008906
0.0005744522 -0.03008906
0.0005760522 -0.02961849
0.0005776522 -0.02891262
0.0005792522 -0.02808912
0.0005808522 -0.02785383
0.0005824522 -0.02785383
0.0005840522 -0.02867734
0.0005856522 -0.02973613
0.0005872522 -0.03091257
0.0005888522 -0.03208901
0.0005904522 -0.03385367
0.0005920522 -0.03585362
0.0005936522 -0.03785356
0.0005952522 -0.03985351
0.0005968522 -0.04173581
0.0005984522 -0.04373576
0.0006000522 -0.04608864
0.0006016522 -0.04867681
0.0006032522 -0.05150026
0.0006048522 -0.0537355
0.0006064522 -0.05585309
0.0006080522 -0.05808833
0.0006096522 -0.05985298
0.0006112522 -0.06138236
0.0006128522 -0.06232351
0.0006144522 -0.06208822
0.0006160522 -0.06126471
0.0006176522 -0.05997063
0.0006192522 -0.0585589
0.0006208522 -0.05726482
0.0006224522 -0.05585309
0.0006240522 -0.05479429
0.0006256522 -0.05432372
0.0006272522 -0.05408843
0.0006288522 -0.05350021
0.0006304522 -0.05279435
0.0006320522 -0.05232377
0.0006336522 -0.05126498
0.0006352522 -0.04997089
0.0006368522 -0.04844152
0.0006384522 -0.04691215
0.0006400522 -0.04550042
0.0006416522 -0.04467691
0.0006432522 -0.04408869
0.0006448522 -0.04408869
0.0006464522 -0.04408869
0.0006480522 -0.04444163
0.0006496522 -0.0449122
0.0006512522 -0.04514749
0.0006528522 -0.04467691
0.0006544522 -0.04373576
0.0006560522 -0.04208875
0.0006576522 -0.04102995
0.0006592522 -0.03950058
0.0006608522 -0.03844178
0.0006624522 -0.03738299
0.0006640522 -0.03655948
0.0006656522 -0.03597126
0.0006672522 -0.0352654
0.0006688522 -0.03408896
0.0006704522 -0.03350074
0.0006720522 -0.03267723
0.0006736522 -0.03291252
0.0006752522 -0.03338309
0.0006768522 -0.03408896
0.0006784522 -0.03479482
0.0006800522 -0.0360889
0.0006816522 -0.03703006
0.0006832522 -0.03797121
0.0006848522 -0.03855943
0.0006864522 -0.03832414
0.0006880522 -0.0382065
0.0006896522 -0.03785356
0.0006912522 -0.03738299
0.0006928522 -0.0371477
0.0006944522 -0.03644184
0.0006960522 -0.03585362
0.0006976522 -0.03514775
0.0006992522 -0.03455953
0.0007008522 -0.03361838
0.0007024522 -0.03291252
0.0007040522 -0.03185372
0.0007056522 -0.03103021
0.0007072522 -0.03044199
0.0007088522 -0.02961849
0.0007104522 -0.02903027
0.0007120522 -0.02961849
0.0007136522 -0.0293832
0.0007152522 -0.03008906
0.0007168522 -0.03067728
0.0007184522 -0.03114786
0.0007200522 -0.03150079
0.0007216522 -0.03150079
0.0007232522 -0.03091257
0.0007248522 -0.02985378
0.0007264522 -0.02867734
0.0007280522 -0.02691268
0.0007296522 -0.0253833
0.0007312522 -0.02397158
0.0007328522 -0.02220692
0.0007344522 -0.02020697
0.0007360522 -0.01832467
0.0007376522 -0.01656001
0.0007392522 -0.01550121
0.0007408522 -0.01479535
0.0007424522 -0.01550121
0.0007440522 -0.01644236
0.0007456522 -0.01891289
0.0007472522 -0.02150105
0.0007488522 -0.02479508
0.0007504522 -0.02773618
0.0007520522 -0.03020671
0.0007536522 -0.03291252
0.0007552522 -0.03538304
0.0007568522 -0.03691241
0.0007584522 -0.03773592
0.0007600522 -0.03773592
0.0007616522 -0.03761828
0.0007632522 -0.03667712
0.0007648522 -0.03573597
0.0007664522 -0.0342066
0.0007680522 -0.03220665
0.0007696522 -0.03079493
0.0007712522 -0.02926556
0.0007728522 -0.02785383
0.0007744522 -0.02726561
0.0007760522 -0.02667739
0.0007776522 -0.02597152
0.0007792522 -0.02561859
0.0007808522 -0.02479508
0.0007824522 -0.02314807
0.0007840522 -0.02008933
0.0007856522 -0.01726587
0.0007872522 -0.01350126
0.0007888522 -0.009148438
0.0007904522 -0.0050309
0.0007920522 -0.001383937
0.0007936522 0.003086533
0.0007952522 0.00685114
0.0007968522 0.009674595
0.0007984522 0.01285098
0.0008000522 0.01555679
0.0008016522 0.01814496
0.0008032522 0.02085077
0.0008048522 0.02343894
0.0008064522 0.02638004
0.0008080522 0.02790941
0.0008096522 0.02990936
0.0008112522 0.0310858
0.0008128522 0.03237988
0.0008144522 0.03343867
0.0008160522 0.03414454
0.0008176522 0.0348504
0.0008192522 0.03520333
0.0008208522 0.03543862
0.0008224522 0.03696799
0.0008240522 0.03708564
0.0008256522 0.03837972
0.0008272522 0.03908558
0.0008288522 0.04002674
0.0008304522 0.0407326
0.0008320522 0.04226197
0.0008336522 0.04343841
0.0008352522 0.04461485
0.0008368522 0.04543836
0.0008384522 0.04614422
0.0008400522 0.04720302
0.0008416522 0.04779124
0.0008432522 0.04790888
0.0008448522 0.04743831
0.0008464522 0.04637951
0.0008480522 0.04520307
0.0008496522 0.04343841
0.0008512522 0.04214433
0.0008528522 0.04014438
0.0008544522 0.03790914
0.0008560522 0.03555627
0.0008576522 0.03332103
0.0008592522 0.03155637
0.0008608522 0.02955642
0.0008624522 0.02720354
0.0008640522 0.02602711
0.0008656522 0.02438009
0.0008672522 0.02379187
0.0008688522 0.02320365
0.0008704522 0.02390951
0.0008720522 0.02473302
0.0008736522 0.02567417
0.0008752522 0.0270859
0.0008768522 0.0289682
0.0008784522 0.03096815
0.0008800522 0.03343867
0.0008816522 0.03532098
0.0008832522 0.03708564
0.0008848522 0.0388503
0.0008864522 0.03979145
0.0008880522 0.04061496
0.0008896522 0.04037967
0.0008912522 0.0388503
0.0008928522 0.03720328
0.0008944522 0.03473276
0.0008960522 0.03261517
0.0008976522 0.02990936
0.0008992522 0.02790941
0.0009008522 0.02543889
0.0009024522 0.02343894
0.0009040522 0.0222625
0.0009056522 0.0212037
0.0009072522 0.02002726
0.0009088522 0.01967433
0.0009104522 0.0193214
0.0009120522 0.01990962
0.0009136522 0.02026255
0.0009152522 0.0212037
0.0009168522 0.02273307
0.0009184522 0.02473302
0.0009200522 0.02602711
0.0009216522 0.02908585
0.0009232522 0.03143873
0.0009248522 0.03449747
0.0009264522 0.03732093
0.0009280522 0.04049731
0.0009296522 0.04355605
0.0009312522 0.04720302
0.0009328522 0.05049705
0.0009344522 0.05402637
0.0009360522 0.05661453
0.0009376522 0.05861448
0.0009392522 0.06061443
0.0009408522 0.06143794
0.0009424522 0.06226144
0.0009440522 0.06308495
0.0009456522 0.0632026
0.0009472522 0.06390846
0.0009488522 0.06367317
0.0009504522 0.0640261
0.0009520522 0.06390846
0.0009536522 0.06426139
0.0009552522 0.06390846
0.0009568522 0.06343788
0.0009584522 0.0632026
0.0009600522 0.06249673
0.0009616522 0.06143794
0.0009632522 0.06014385
0.0009648522 0.05873213
0.0009664522 0.05708511
0.0009680522 0.05555574
0.0009696522 0.05461459
0.0009712522 0.0533205
0.0009728522 0.05261464
0.0009744522 0.05132056
0.0009760522 0.05120291
0.0009776522 0.05120291
0.0009792522 0.05190878
0.0009808522 0.05214406
0.0009824522 0.05320286
0.0009840522 0.05379108
0.0009856522 0.05473223
0.0009872522 0.05484988
0.0009888522 0.05484988
0.0009904522 0.05484988
0.0009920522 0.05426166
0.0009936522 0.05308522
0.0009952522 0.05214406
0.0009968522 0.0503794
0.0009984522 0.04873239
0.001000052 0.04685009
0.001001652 0.04579129
0.001003252 0.04437956
0.001004852 0.04402663
0.001006452 0.04320312
0.001008052 0.04296784
0.001009652 0.04308548
0.001011252 0.04414427
0.001012852 0.04567365
0.001014452 0.04720302
0.001016052 0.04967354
0.001017652 0.05214406
0.001019252 0.05496752
0.001020852 0.05826155
0.001022452 0.061085
0.001024052 0.06367317
0.001025652 0.06590841
0.001027252 0.06684956
0.001028852 0.06790835
0.001030452 0.06849657
0.001032052 0.06884951
0.001033652 0.06849657
0.001035252 0.06720249
0.001036852 0.06626134
0.001038452 0.06484961
0.001040052 0.06343788
0.001041652 0.06202616
0.001043252 0.06120265
0.001044852 0.05990857
0.001046452 0.05908506
0.001048052 0.05837919
0.001049652 0.05802626
0.001051252 0.05755569
0.001052852 0.0573204
0.001054452 0.05673218
0.001056052 0.05579103
0.001057652 0.05484988
0.001059252 0.05367344
0.001060852 0.0514382
0.001062452 0.05049705
0.001064052 0.04896768
0.001065652 0.04790888
0.001067252 0.0466148
0.001068852 0.04626187
0.001070452 0.04579129
0.001072052 0.04532071
0.001073652 0.04520307
0.001075252 0.04508543
0.001076852 0.04579129
0.001078452 0.04590893
0.001080052 0.04590893
0.001081652 0.0466148
0.001083252 0.04708537
0.001084852 0.04814417
0.001086452 0.04861475
0.001088052 0.04896768
0.001089652 0.04943825
0.001091252 0.04932061
0.001092852 0.04861475
0.001094452 0.04779124
0.001096052 0.04614422
0.001097652 0.04437956
0.001099252 0.04273255
0.001100852 0.04085024
0.001102452 0.03920323
0.001104052 0.03696799
0.001105652 0.03555627
0.001107252 0.03414454
0.001108852 0.0329681
0.001110452 0.0329681
0.001112052 0.03320339
0.001113652 0.03390925
0.001115252 0.03461511
0.001116852 0.03626213
0.001118452 0.0377915
0.001120052 0.03896794
0.001121652 0.03979145
0.001123252 0.04014438
0.001124852 0.0396738
0.001126452 0.0388503
0.001128052 0.03767386
0.001129652 0.03673271
0.001131252 0.03567391
0.001132852 0.03508569
0.001134452 0.03414454
0.001136052 0.03355632
0.001137652 0.03273281
0.001139252 0.03167402
0.001140852 0.03085051
0.001142452 0.030027
0.001144052 0.02885056
0.001145652 0.02837998
0.001147252 0.02743883
0.001148852 0.02673297
0.001150452 0.02614475
0.001152052 0.02579182
0.001153652 0.02532124
0.001155252 0.02496831
0.001156852 0.02449773
0.001158452 0.02402716
0.001160052 0.02343894
0.001161652 0.02285072
0.001163252 0.02214485
0.001164852 0.02214485
0.001166452 0.02202721
0.001168052 0.02214485
0.001169652 0.02143899
0.001171252 0.02214485
0.001172852 0.02143899
0.001174452 0.02179192
0.001176052 0.02190957
0.001177652 0.0222625
0.001179252 0.02238014
0.001180852 0.02308601
0.001182452 0.02355658
0.001184052 0.02426245
0.001185652 0.02496831
0.001187252 0.02567417
0.001188852 0.02590946
0.001190452 0.02673297
0.001192052 0.02767412
0.001193652 0.02849763
0.001195252 0.0281447
0.001196852 0.02861527
0.001198452 0.02873292
0.001200052 0.0289682
0.001201652 0.02908585
0.001203252 0.02920349
0.001204852 0.02920349
0.001206452 0.02979171
0.001208052 0.02920349
0.001209652 0.02885056
0.001211252 0.02873292
0.001212852 0.02837998
0.001214452 0.02779176
0.001216052 0.02720354
0.001217652 0.02649768
0.001219252 0.02602711
0.001220852 0.02532124
0.001222452 0.02496831
0.001224052 0.02438009
0.001225652 0.02402716
0.001227252 0.02308601
0.001228852 0.02285072
0.001230452 0.02179192
0.001232052 0.02108606
0.001233652 0.01943904
0.001235252 0.01885082
0.001236852 0.01708616
0.001238452 0.01590972
0.001240052 0.01390978
0.001241652 0.01238041
0.001243252 0.0104981
0.001244852 0.008145223
0.001246452 0.004968837
0.001248052 0.002498313
0.001249652 -0.001031005
0.001251252 -0.003501528
0.001252852 -0.007030847
0.001254452 -0.009854302
0.001256052 -0.01244247
0.001257652 -0.0146777
0.001259252 -0.01608943
0.001260852 -0.01714823
0.001262452 -0.0176188
0.001264052 -0.01832467
0.001265652 -0.01832467
0.001267252 -0.01855996
0.001268852 -0.01855996
0.001270452 -0.0186776
0.001272052 -0.01879524
0.001273652 -0.01938346
0.001275252 -0.01973639
0.001276852 -0.02079519
0.001278452 -0.02208927
0.001280052 -0.02314807
0.001281652 -0.02467744
0.001283252 -0.02679503
0.001284852 -0.02879498
0.001286452 -0.03055964
0.001288052 -0.03220665
0.001289652 -0.03432425
0.001291252 -0.03632419
0.001292852 -0.03785356
0.001294452 -0.03914765
0.001296052 -0.04044173
0.001297652 -0.04102995
0.001299252 -0.04102995
0.001300852 -0.04173581
0.001302452 -0.04150053
0.001304052 -0.04185346
0.001305652 -0.04161817
0.001307252 -0.04150053
0.001308852 -0.04208875
0.001310452 -0.04267697
0.001312052 -0.04232403
0.001313652 -0.04244168
0.001315252 -0.04314754
0.001316852 -0.04291225
0.001318452 -0.04291225
0.001320052 -0.04291225
0.001321652 -0.0430299
0.001323252 -0.0430299
0.001324852 -0.04314754
0.001326452 -0.04291225
0.001328052 -0.04314754
0.001329652 -0.04326519
0.001331252 -0.04420634
0.001332852 -0.04502985
0.001334452 -0.04538278
0.001336052 -0.04620629
0.001337652 -0.04679451
0.001339252 -0.0478533
0.001340852 -0.04820623
0.001342452 -0.04867681
0.001344052 -0.04867681
0.001345652 -0.04844152
0.001347252 -0.04726508
0.001348852 -0.04608864
0.001350452 -0.04467691
0.001352052 -0.04255932
0.001353652 -0.04032409
0.001355252 -0.03855943
0.001356852 -0.03620655
0.001358452 -0.03444189
0.001360052 -0.03244194
0.001361652 -0.03185372
0.001363252 -0.03020671
0.001364852 -0.02985378
0.001366452 -0.02914791
0.001368052 -0.02855969
0.001369652 -0.02879498
0.001371252 -0.02879498
0.001372852 -0.0293832
0.001374452 -0.02985378
0.001376052 -0.03020671
0.001377652 -0.03020671
0.001379252 -0.03044199
0.001380852 -0.03103021
0.001382452 -0.03208901
0.001384052 -0.03350074
0.001385652 -0.03467718
0.001387252 -0.03679477
0.001388852 -0.03844178
0.001390452 -0.0411476
0.001392052 -0.04338283
0.001393652 -0.04538278
0.001395252 -0.04702979
0.001396852 -0.04855916
0.001398452 -0.04997089
0.001400052 -0.0507944
0.001401652 -0.05173555
0.001403252 -0.05232377
0.001404852 -0.05302963
0.001406452 -0.05314728
0.001408052 -0.0526767
0.001409652 -0.05244142
0.001411252 -0.05102969
0.001412852 -0.04985325
0.001414452 -0.04867681
0.001416052 -0.04738272
0.001417652 -0.04620629
0.001419252 -0.04538278
0.001420852 -0.04467691
0.001422452 -0.04385341
0.001424052 -0.0430299
0.001425652 -0.04232403
0.001427252 -0.0419711
0.001428852 -0.04126524
0.001430452 -0.04067702
0.001432052 -0.04067702
0.001433652 -0.04044173
0.001435252 -0.04055938
0.001436852 -0.04138288
0.001438452 -0.04220639
0.001440052 -0.04267697
0.001441652 -0.04326519
0.001443252 -0.04479456
0.001444852 -0.04514749
0.001446452 -0.04679451
0.001448052 -0.0478533
0.001449652 -0.04855916
0.001451252 -0.04914738
0.001452852 -0.04985325
0.001454452 -0.05032382
0.001456052 -0.05008854
0.001457652 -0.04985325
0.001459252 -0.04938267
0.001460852 -0.0489121
0.001462452 -0.04844152
0.001464052 -0.04773566
0.001465652 -0.04761801
0.001467252 -0.04773566
0.001468852 -0.04832388
0.001470452 -0.0489121
0.001472052 -0.04997089
0.001473652 -0.05114733
0.001475252 -0.05314728
0.001476852 -0.05444136
0.001478452 -0.05585309
0.001480052 -0.05714717
0.001481652 -0.05797068
0.001483252 -0.05867654
0.001484852 -0.05914712
0.001486452 -0.05879419
0.001488052 -0.05844126
0.001489652 -0.05773539
0.001491252 -0.05655895
0.001492852 -0.05514723
0.001494452 -0.05467665
0.001496052 -0.05279435
0.001497652 -0.05150026
0.001499252 -0.05044147
0.001500852 -0.04938267
0.001502452 -0.04832388
0.001504052 -0.04738272
0.001505652 -0.04644157
0.001507252 -0.04538278
0.001508852 -0.04432398
0.001510452 -0.04232403
0.001512052 -0.04091231
0.001513652 -0.03926529
0.001515252 -0.03785356
0.001516852 -0.03620655
0.001518452 -0.03385367
0.001520052 -0.03220665
0.001521652 -0.03067728
0.001523252 -0.02903027
0.001524852 -0.02761854
0.001526452 -0.02655974
0.001528052 -0.02573624
0.001529652 -0.0253833
0.001531252 -0.02491273
0.001532852 -0.02467744
0.001534452 -0.02503037
0.001536052 -0.02573624
0.001537652 -0.02703032
0.001539252 -0.02820676
0.001540852 -0.02961849
0.001542452 -0.03114786
0.001544052 -0.03326545
0.001545652 -0.03514775
0.001547252 -0.03738299
0.001548852 -0.03926529
0.001550452 -0.04091231
0.001552052 -0.04173581
0.001553652 -0.0430299
0.001555252 -0.04408869
0.001556852 -0.04467691
0.001558452 -0.04479456
0.001560052 -0.04455927
0.001561652 -0.04432398
0.001563252 -0.04326519
0.001564852 -0.04232403
0.001566452 -0.04126524
0.001568052 -0.04020644
0.001569652 -0.03891236
0.001571252 -0.03773592
0.001572852 -0.03620655
0.001574452 -0.03514775
0.001576052 -0.0342066
0.001577652 -0.03361838
0.001579252 -0.03350074
0.001580852 -0.03255959
0.001582452 -0.03255959
0.001584052 -0.03267723
0.001585652 -0.03267723
0.001587252 -0.03279487
0.001588852 -0.03338309
0.001590452 -0.03397131
0.001592052 -0.0342066
0.001593652 -0.03444189
0.001595252 -0.03491247
0.001596852 -0.0352654
0.001598452 -0.03538304
0.001600052 -0.03585362
0.001601652 -0.03573597
0.001603252 -0.03585362
0.001604852 -0.03585362
0.001606452 -0.03479482
0.001608052 -0.03408896
0.001609652 -0.03303016
0.001611252 -0.03173608
0.001612852 -0.02973613
0.001614452 -0.02820676
0.001616052 -0.02585388
0.001617652 -0.02444215
0.001619252 -0.02208927
0.001620852 -0.0205599
0.001622452 -0.01844231
0.001624052 -0.01691294
0.001625652 -0.01538357
0.001627252 -0.01420713
0.001628852 -0.01314833
0.001630452 -0.01220718
0.001632052 -0.01150132
0.001633652 -0.01079545
0.001635252 -0.01056017
0.001636852 -0.01044252
0.001638452 -0.009736658
0.001640052 -0.00950137
0.001641652 -0.009736658
0.001643252 -0.00950137
0.001644852 -0.009383726
0.001646452 -0.009383726
0.001648052 -0.008677863
0.001649652 -0.008089643
0.001651252 -0.007030847
0.001652852 -0.006089696
0.001654452 -0.0050309
0.001656052 -0.003972104
0.001657652 -0.003148597
0.001659252 -0.002207445
0.001660852 -0.001383937
0.001662452 -0.0006780734
0.001664052 2.779033e-005
0.001665652 0.0002630782
0.001667252 0.000968942
0.001668852 0.000851298
0.001670452 0.001557162
0.001672052 0.002145382
0.001673652 0.002380669
0.001675252 0.003204177
0.001676852 0.004027685
0.001678452 0.005204125
0.001680052 0.006027632
0.001681652 0.006498208
0.001683252 0.00743936
0.001684852 0.008262867
0.001686452 0.008615799
0.001688052 0.008851087
0.001689652 0.008851087
0.001691252 0.008733443
0.001692852 0.008733443
0.001694452 0.008262867
0.001696052 0.008380511
0.001697652 0.007909936
0.001699252 0.007792292
0.001700852 0.007674648
0.001702452 0.007909936
0.001704052 0.00802758
0.001705652 0.008851087
0.001707252 0.009321663
0.001708852 0.0104981
0.001710452 0.01108632
0.001712052 0.01238041
0.001713652 0.01261569
0.001715252 0.01367449
0.001716852 0.01414507
0.001718452 0.01485093
0.001720052 0.01485093
0.001721652 0.01543915
0.001723252 0.01473329
0.001724852 0.01508622
0.001726452 0.01520386
0.001728052 0.01520386
0.001729652 0.01473329
0.001731252 0.01496857
0.001732852 0.01473329
0.001734452 0.01520386
0.001736052 0.01485093
0.001737652 0.0153215
0.001739252 0.0153215
0.001740852 0.0153215
0.001742452 0.01543915
0.001744052 0.01590972
0.001745652 0.01590972
0.001747252 0.01590972
0.001748852 0.01579208
0.001750452 0.01590972
0.001752052 0.01590972
0.001753652 0.01590972
0.001755252 0.01579208
0.001756852 0.01602737
0.001758452 0.01626266
0.001760052 0.01696852
0.001761652 0.01732145
0.001763252 0.01802732
0.001764852 0.01920376
0.001766452 0.0203802
0.001768052 0.02143899
0.001769652 0.02261543
0.001771252 0.02343894
0.001772852 0.02426245
0.001774452 0.02555653
0.001776052 0.02685061
0.001777652 0.02802705
0.001779252 0.0289682
0.001780852 0.02979171
0.001782452 0.03049758
0.001784052 0.03061522
0.001785652 0.03085051
0.001787252 0.03073286
0.001788852 0.03049758
0.001790452 0.02967407
0.001792052 0.0289682
0.001793652 0.02849763
0.001795252 0.02767412
0.001796852 0.02638004
0.001798452 0.02579182
0.001800052 0.02496831
0.001801652 0.02438009
0.001803252 0.02355658
0.001804852 0.02308601
0.001806452 0.02249779
0.001808052 0.02249779
0.001809652 0.02249779
0.001811252 0.02261543
0.001812852 0.02249779
0.001814452 0.02296836
0.001816052 0.02320365
0.001817652 0.02402716
0.001819252 0.0241448
0.001820852 0.02532124
0.001822452 0.02614475
0.001824052 0.02732119
0.001825652 0.02826234
0.001827252 0.02932114
0.001828852 0.03026229
0.001830452 0.03073286
0.001832052 0.0310858
0.001833652 0.03120344
0.001835252 0.03073286
0.001836852 0.030027
0.001838452 0.02932114
0.001840052 0.02849763
0.001841652 0.02743883
0.001843252 0.02626239
0.001844852 0.0252036
0.001846452 0.0241448
0.001848052 0.02285072
0.001849652 0.02202721
0.001851252 0.02085077
0.001852852 0.02061548
0.001854452 0.02002726
0.001856052 0.02026255
0.001857652 0.02014491
0.001859252 0.0203802
0.001860852 0.02073313
0.001862452 0.02155663
0.001864052 0.02190957
0.001865652 0.02261543
0.001867252 0.02273307
0.001868852 0.02343894
0.001870452 0.02379187
0.001872052 0.02426245
0.001873652 0.02426245
0.001875252 0.02449773
0.001876852 0.02438009
0.001878452 0.0241448
0.001880052 0.02390951
0.001881652 0.02426245
0.001883252 0.02426245
0.001884852 0.02426245
0.001886452 0.02390951
0.001888052 0.02461538
0.001889652 0.02379187
0.001891252 0.02402716
0.001892852 0.02355658
0.001894452 0.02343894
0.001896052 0.02343894
0.001897652 0.02355658
0.001899252 0.02273307
0.001900852 0.02296836
0.001902452 0.02249779
0.001904052 0.02261543
0.001905652 0.02214485
0.001907252 0.02179192
0.001908852 0.02085077
0.001910452 0.02049784
0.001912052 0.01979198
0.001913652 0.0193214
0.001915252 0.0193214
0.001916852 0.01873318
0.001918452 0.01849789
0.001920052 0.01849789
0.001921652 0.0174391
0.001923252 0.01732145
0.001924852 0.0163803
0.001926452 0.01579208
0.001928052 0.01461564
0.001929652 0.0134392
0.001931252 0.01214512
0.001932852 0.01073339
0.001934452 0.009439307
0.001936052 0.007909936
0.001937652 0.006027632
0.001939252 0.005439412
0.001940852 0.003910041
0.001942452 0.002968889
0.001944052 0.002027738
0.001945652 0.001674806
0.001947252 0.001086586
0.001948852 0.001086586
0.001950452 0.001086586
0.001952052 0.001321874
0.001953652 0.000968942
0.001955252 0.00120423
0.001956852 0.00120423
0.001958452 0.001086586
0.001960052 0.000851298
0.001961652 0.000851298
0.001963252 0.0002630782
0.001964852 -0.0009133613
0.001966452 -0.001736869
0.001968052 -0.003501528
0.001969652 -0.0050309
0.001971252 -0.007030847
0.001972852 -0.009148438
0.001974452 -0.01067781
0.001976052 -0.01232483
0.001977652 -0.0138542
0.001979252 -0.01561886
0.001980852 -0.01644236
0.001982452 -0.01750116
0.001984052 -0.01808938
0.001985652 -0.01844231
0.001987252 -0.01832467
0.001988852 -0.01855996
0.001990452 -0.01808938
0.001992052 -0.01773645
0.001993652 -0.01691294
0.001995252 -0.01620708
0.001996852 -0.01526592
0.001998452 -0.01432477
0.002000052 -0.01326598
0.002001652 -0.01244247
0.002003252 -0.01138367
0.002004852 -0.01114839
0.002006452 -0.009971946
0.002008052 -0.009619014
0.002009652 -0.009266082
0.002011252 -0.008677863
0.002012852 -0.008207287
0.002014452 -0.007736711
0.002016052 -0.007030847
0.002017652 -0.007030847
0.002019252 -0.006324983
0.002020852 -0.006207339
0.002022452 -0.005972052
0.002024052 -0.005854408
0.002025652 -0.006324983
0.002027252 -0.006677915
0.002028852 -0.007030847
0.002030452 -0.007854355
0.002032052 -0.008442575
0.002033652 -0.009266082
0.002035252 -0.009854302
0.002036852 -0.01032488
0.002038452 -0.01103074
0.002040052 -0.01126603
0.002041652 -0.01161896
0.002043252 -0.01185425
0.002044852 -0.01232483
0.002046452 -0.01267776
0.002048052 -0.01303069
0.002049652 -0.01361891
0.002051252 -0.01397184
0.002052852 -0.01373655
0.002054452 -0.01444242
0.002056052 -0.01491299
0.002057652 -0.01514828
0.002059252 -0.01561886
0.002060852 -0.0157365
0.002062452 -0.01620708
0.002064052 -0.01644236
0.002065652 -0.01703058
0.002067252 -0.01691294
0.002068852 -0.01785409
0.002070452 -0.01903053
0.002072052 -0.01926582
0.002073652 -0.01973639
0.002075252 -0.02103048
0.002076852 -0.02197163
0.002078452 -0.02326571
0.002080052 -0.0245598
0.002081652 -0.02585388
0.002083252 -0.02714796
0.002084852 -0.02808912
0.002086452 -0.02973613
0.002088052 -0.0312655
0.002089652 -0.0323243
0.002091252 -0.03408896
0.002092852 -0.03467718
0.002094452 -0.0360889
0.002096052 -0.03679477
0.002097652 -0.03738299
0.002099252 -0.0382065
0.002100852 -0.03879472
0.002102452 -0.03950058
0.002104052 -0.03973587
0.002105652 -0.04020644
0.002107252 -0.04067702
0.002108852 -0.04126524
0.002110452 -0.04079466
0.002112052 -0.04067702
0.002113652 -0.04102995
0.002115252 -0.04126524
0.002116852 -0.04138288
0.002118452 -0.04138288
0.002120052 -0.04150053
0.002121652 -0.04102995
0.002123252 -0.04138288
0.002124852 -0.04044173
0.002126452 -0.04032409
0.002128052 -0.03961822
0.002129652 -0.03903
0.002131252 -0.0382065
0.002132852 -0.0371477
0.002134452 -0.03573597
0.002136052 -0.03479482
0.002137652 -0.03291252
0.002139252 -0.03220665
0.002140852 -0.03067728
0.002142452 -0.02926556
0.002144052 -0.02808912
0.002145652 -0.02655974
0.002147252 -0.0253833
0.002148852 -0.02420687
0.002150452 -0.02291278
0.002152052 -0.02173634
0.002153652 -0.02020697
0.002155252 -0.01926582
0.002156852 -0.01832467
0.002158452 -0.0167953
0.002160052 -0.01550121
0.002161652 -0.01420713
0.002163252 -0.01326598
0.002164852 -0.01232483
0.002166452 -0.01150132
0.002168052 -0.01044252
0.002169652 -0.009971946
0.002171252 -0.009854302
0.002172852 -0.009854302
0.002174452 -0.01032488
0.002176052 -0.01056017
0.002177652 -0.01114839
0.002179252 -0.01232483
0.002180852 -0.01350126
0.002182452 -0.01432477
0.002184052 -0.01561886
0.002185652 -0.01714823
0.002187252 -0.0176188
0.002188852 -0.01820702
0.002190452 -0.01891289
0.002192052 -0.01914817
0.002193652 -0.01938346
0.002195252 -0.01926582
0.002196852 -0.01914817
0.002198452 -0.01903053
0.002200052 -0.01855996
0.002201652 -0.01785409
0.002203252 -0.01738352
0.002204852 -0.01656001
0.002206452 -0.01585414
0.002208052 -0.01491299
0.002209652 -0.0138542
0.002211252 -0.01350126
0.002212852 -0.01291305
0.002214452 -0.01208954
0.002216052 -0.01197189
0.002217652 -0.01150132
0.002219252 -0.01173661
0.002220852 -0.01173661
0.002222452 -0.01232483
0.002224052 -0.01267776
0.002225652 -0.01291305
0.002227252 -0.01350126
0.002228852 -0.01420713
0.002230452 -0.01503064
0.002232052 -0.01491299
0.002233652 -0.01561886
0.002235252 -0.01597179
0.002236852 -0.0157365
0.002238452 -0.01597179
0.002240052 -0.01526592
0.002241652 -0.01550121
0.002243252 -0.01456006
0.002244852 -0.01420713
0.002246452 -0.01326598
0.002248052 -0.01220718
0.002249652 -0.01161896
0.002251252 -0.01032488
0.002252852 -0.009266082
0.002254452 -0.008795507
0.002256052 -0.007971999
0.002257652 -0.007736711
0.002259252 -0.007501423
0.002260852 -0.007501423
0.002262452 -0.007501423
0.002264052 -0.008207287
0.002265652 -0.008677863
0.002267252 -0.009266082
0.002268852 -0.01044252
0.002270452 -0.01114839
0.002272052 -0.01185425
0.002273652 -0.01232483
0.002275252 -0.01291305
0.002276852 -0.01338362
0.002278452 -0.01338362
0.002280052 -0.01373655
0.002281652 -0.01326598
0.002283252 -0.01291305
0.002284852 -0.01150132
0.002286452 -0.01079545
0.002288052 -0.009148438
0.002289652 -0.007736711
0.002291252 -0.005972052
0.002292852 -0.004677968
0.002294452 -0.002442733
0.002296052 -0.0005604295
0.002297652 0.00120423
0.002299252 0.002733601
0.002300852 0.004615905
0.002302452 0.006027632
0.002304052 0.007674648
0.002305652 0.009086375
0.002307252 0.01038046
0.002308852 0.01120397
0.002310452 0.01226276
0.002312052 0.01320391
0.002313652 0.01414507
0.002315252 0.01473329
0.002316852 0.01520386
0.002318452 0.01590972
0.002320052 0.01661559
0.002321652 0.01661559
0.002323252 0.01755674
0.002324852 0.01732145
0.002326452 0.01767438
0.002328052 0.01802732
0.002329652 0.01861554
0.002331252 0.01849789
0.002332852 0.01908611
0.002334452 0.01908611
0.002336052 0.0193214
0.002337652 0.01979198
0.002339252 0.02085077
0.002340852 0.02155663
0.002342452 0.02285072
0.002344052 0.02367423
0.002345652 0.02496831
0.002347252 0.02579182
0.002348852 0.0270859
0.002350452 0.02802705
0.002352052 0.02861527
0.002353652 0.02943878
0.002355252 0.03014464
0.002356852 0.03061522
0.002358452 0.03096815
0.002360052 0.03143873
0.002361652 0.03120344
0.002363252 0.03120344
0.002364852 0.03155637
0.002366452 0.0310858
0.002368052 0.03096815
0.002369652 0.03073286
0.002371252 0.03120344
0.002372852 0.03085051
0.002374452 0.03096815
0.002376052 0.03096815
0.002377652 0.03120344
0.002379252 0.03143873
0.002380852 0.0319093
0.002382452 0.03237988
0.002384052 0.03273281
0.002385652 0.03355632
0.002387252 0.03402689
0.002388852 0.03496805
0.002390452 0.0359092
0.002392052 0.03696799
0.002393652 0.03814443
0.002395252 0.03908558
0.002396852 0.04014438
0.002398452 0.04037967
0.002400052 0.04143846
0.002401652 0.0417914
0.002403252 0.04214433
0.002404852 0.04202668
0.002406452 0.04249726
0.002408052 0.04237962
0.002409652 0.04249726
0.002411252 0.04237962
0.002412852 0.04273255
0.002414452 0.04308548
0.002416052 0.04343841
0.002417652 0.04379134
0.002419252 0.04414427
0.002420852 0.04485014
0.002422452 0.045556
0.002424052 0.04602658
0.002425652 0.04696773
0.002427252 0.04755595
0.002428852 0.0484971
0.002430452 0.04979118
0.002432052 0.05108527
0.002433652 0.0514382
0.002435252 0.05261464
0.002436852 0.05343815
0.002438452 0.05473223
0.002440052 0.05567338
0.002441652 0.05720275
0.002443252 0.05779097
0.002444852 0.05908506
0.002446452 0.0602615
0.002448052 0.06155558
0.002449652 0.06179087
0.002451252 0.06355553
0.002452852 0.06367317
0.002454452 0.06473197
0.002456052 0.06532019
0.002457652 0.06626134
0.002459252 0.06590841
0.002460852 0.06673191
0.002462452 0.06649663
0.002464052 0.06673191
0.002465652 0.06661427
0.002467252 0.06661427
0.002468852 0.06661427
0.002470452 0.06637898
0.002472052 0.06637898
0.002473652 0.06649663
0.002475252 0.06637898
0.002476852 0.06649663
0.002478452 0.06661427
0.002480052 0.06720249
0.002481652 0.06767307
0.002483252 0.06837893
0.002484852 0.06920244
0.002486452 0.07014359
0.002488052 0.07061417
0.002489652 0.07202589
0.002491252 0.07249647
0.002492852 0.07343762
0.002494452 0.07484935
0.002496052 0.07567286
0.002497652 0.07614343
0.002499252 0.0768493
0.002500852 0.07731987
0.002502452 0.07755516
0.002504052 0.0776728
0.002505652 0.07755516
0.002507252 0.07708458
0.002508852 0.0768493
0.002510452 0.07602579
0.002512052 0.07531992
0.002513652 0.07461406
0.002515252 0.0739082
0.002516852 0.07308469
0.002518452 0.07261411
0.002520052 0.07167296
0.002521652 0.07073181
0.002523252 0.07026123
0.002524852 0.06955537
0.002526452 0.06932008
0.002528052 0.06884951
0.002529652 0.06896715
0.002531252 0.06896715
0.002532852 0.06861422
0.002534452 0.06861422
0.002536052 0.06837893
0.002537652 0.06837893
0.002539252 0.068026
0.002540852 0.06814364
0.002542452 0.06755542
0.002544052 0.06732013
0.002545652 0.06684956
0.002547252 0.06637898
0.002548852 0.06590841
0.002550452 0.06532019
0.002552052 0.06437904
0.002553652 0.06379082
0.002555252 0.06249673
0.002556852 0.06179087
0.002558452 0.06073207
0.002560052 0.05967328
0.002561652 0.05849684
0.002563252 0.05743804
0.002564852 0.0562616
0.002566452 0.05508516
0.002568052 0.05426166
0.002569652 0.05367344
0.002571252 0.05261464
0.002572852 0.05214406
0.002574452 0.0514382
0.002576052 0.05108527
0.002577652 0.05061469
0.002579252 0.0503794
0.002580852 0.04979118
0.002582452 0.04943825
0.002584052 0.04943825
0.002585652 0.04873239
0.002587252 0.04826181
0.002588852 0.04779124
0.002590452 0.04732066
0.002592052 0.04649715
0.002593652 0.04567365
0.002595252 0.04473249
0.002596852 0.04390899
0.002598452 0.04332077
0.002600052 0.04237962
0.002601652 0.04167375
0.002603252 0.04026202
0.002604852 0.0396738
0.002606452 0.03826208
0.002608052 0.03732093
0.002609652 0.03626213
0.002611252 0.03555627
0.002612852 0.03426218
0.002614452 0.03379161
0.002616052 0.03261517
0.002617652 0.03155637
0.002619252 0.03037993
0.002620852 0.02979171
0.002622452 0.02885056
0.002624052 0.02779176
0.002625652 0.02696826
0.002627252 0.02649768
0.002628852 0.02567417
0.002630452 0.02473302
0.002632052 0.02367423
0.002633652 0.02320365
0.002635252 0.02249779
0.002636852 0.02261543
0.002638452 0.02132135
0.002640052 0.0212037
0.002641652 0.02026255
0.002643252 0.01967433
0.002644852 0.01896847
0.002646452 0.01861554
0.002648052 0.01755674
0.002649652 0.01779203
0.002651252 0.01720381
0.002652852 0.01696852
0.002654452 0.01673323
0.002656052 0.01661559
0.002657652 0.01626266
0.002659252 0.01590972
0.002660852 0.01626266
0.002662452 0.01649794
0.002664052 0.01626266
0.002665652 0.0163803
0.002667252 0.0163803
0.002668852 0.01708616
0.002670452 0.01685088
0.002672052 0.0174391
0.002673652 0.01732145
0.002675252 0.01708616
0.002676852 0.01779203
0.002678452 0.01838025
0.002680052 0.01838025
0.002681652 0.01838025
0.002683252 0.01802732
0.002684852 0.01838025
0.002686452 0.01755674
0.002688052 0.01779203
0.002689652 0.01708616
0.002691252 0.01708616
0.002692852 0.01626266
0.002694452 0.01602737
0.002696052 0.01543915
0.002697652 0.01555679
0.002699252 0.0153215
0.002700852 0.01508622
0.002702452 0.01485093
0.002704052 0.01473329
0.002705652 0.01485093
0.002707252 0.01485093
0.002708852 0.01461564
0.002710452 0.01496857
0.002712052 0.01496857
0.002713652 0.01496857
0.002715252 0.01485093
0.002716852 0.01520386
0.002718452 0.0153215
0.002720052 0.01567444
0.002721652 0.01579208
0.002723252 0.01614501
0.002724852 0.01626266
0.002726452 0.01649794
0.002728052 0.01649794
0.002729652 0.01649794
0.002731252 0.01626266
0.002732852 0.01614501
0.002734452 0.01555679
0.002736052 0.0153215
0.002737652 0.014498
0.002739252 0.01390978
0.002740852 0.01296863
0.002742452 0.01285098
0.002744052 0.0115569
0.002745652 0.01120397
0.002747252 0.01073339
0.002748852 0.01002753
0.002750452 0.009086375
0.002752052 0.008615799
0.002753652 0.008145223
0.002755252 0.00802758
0.002756852 0.007321716
0.002758452 0.006968784
0.002760052 0.00626292
0.002761652 0.005792344
0.002763252 0.005204125
0.002764852 0.005086481
0.002766452 0.004380617
0.002768052 0.004498261
0.002769652 0.003557109
0.002771252 0.003674753
0.002772852 0.002733601
0.002774452 0.002380669
0.002776052 0.001910094
0.002777652 0.00179245
0.002779252 0.00120423
0.002780852 0.001086586
0.002782452 0.000851298
0.002784052 0.0003807222
0.002785652 -0.0002074976
0.002787252 -0.0004427855
0.002788852 -0.0007957174
0.002790452 -0.001148649
0.002792052 -0.0009133613
0.002793652 -0.001736869
0.002795252 -0.002207445
0.002796852 -0.002560377
0.002798452 -0.003030953
0.002800052 -0.003266241
0.002801652 -0.00385446
0.002803252 -0.004207392
0.002804852 -0.00444268
0.002806452 -0.005501476
0.002808052 -0.005854408
0.002809652 -0.006324983
0.002811252 -0.006442627
0.002812852 -0.007266135
0.002814452 -0.008089643
0.002816052 -0.008207287
0.002817652 -0.009148438
0.002819252 -0.008795507
0.002820852 -0.01020723
0.002822452 -0.009971946
0.002824052 -0.01032488
0.002825652 -0.01044252
0.002827252 -0.01067781
0.002828852 -0.01114839
0.002830452 -0.01079545
0.002832052 -0.01079545
0.002833652 -0.01114839
0.002835252 -0.01114839
0.002836852 -0.01126603
0.002838452 -0.01150132
0.002840052 -0.01173661
0.002841652 -0.01244247
0.002843252 -0.0127954
0.002844852 -0.01338362
0.002846452 -0.01420713
0.002848052 -0.01491299
0.002849652 -0.01585414
0.002851252 -0.0167953
0.002852852 -0.01785409
0.002854452 -0.01879524
0.002856052 -0.01950111
0.002857652 -0.02032461
0.002859252 -0.0216187
0.002860852 -0.02185399
0.002862452 -0.02220692
0.002864052 -0.02244221
0.002865652 -0.02255985
0.002867252 -0.02255985
0.002868852 -0.02291278
0.002870452 -0.02244221
0.002872052 -0.02267749
0.002873652 -0.02255985
0.002875252 -0.02232456
0.002876852 -0.02232456
0.002878452 -0.02197163
0.002880052 -0.02220692
0.002881652 -0.02185399
0.002883252 -0.02220692
0.002884852 -0.02255985
0.002886452 -0.02279514
0.002888052 -0.02303043
0.002889652 -0.02314807
0.002891252 -0.02373629
0.002892852 -0.02420687
0.002894452 -0.02420687
0.002896052 -0.02514802
0.002897652 -0.02573624
0.002899252 -0.02620681
0.002900852 -0.02679503
0.002902452 -0.02738325
0.002904052 -0.02808912
0.002905652 -0.02867734
0.002907252 -0.02914791
0.002908852 -0.0293832
0.002910452 -0.02997142
0.002912052 -0.02997142
0.002913652 -0.03044199
0.002915252 -0.03020671
0.002916852 -0.03020671
0.002918452 -0.02997142
0.002920052 -0.02973613
0.002921652 -0.02903027
0.002923252 -0.02844205
0.002924852 -0.02785383
0.002926452 -0.02738325
0.002928052 -0.02667739
0.002929652 -0.02561859
0.002931252 -0.02526566
0.002932852 -0.0245598
0.002934452 -0.02373629
0.002936052 -0.02326571
0.002937652 -0.02326571
0.002939252 -0.02279514
0.002940852 -0.02244221
0.002942452 -0.02255985
0.002944052 -0.02255985
0.002945652 -0.02279514
0.002947252 -0.02314807
0.002948852 -0.02303043
0.002950452 -0.02314807
0.002952052 -0.02338336
0.002953652 -0.02373629
0.002955252 -0.02397158
0.002956852 -0.02338336
0.002958452 -0.02338336
0.002960052 -0.02291278
0.002961652 -0.02279514
0.002963252 -0.02244221
0.002964852 -0.02173634
0.002966452 -0.02114812
0.002968052 -0.02067755
0.002969652 -0.01961875
0.002971252 -0.01938346
0.002972852 -0.01844231
0.002974452 -0.01808938
0.002976052 -0.01797174
0.002977652 -0.01750116
0.002979252 -0.01714823
0.002980852 -0.01726587
0.002982452 -0.01726587
0.002984052 -0.01750116
0.002985652 -0.0176188
0.002987252 -0.01808938
0.002988852 -0.01844231
0.002990452 -0.0186776
0.002992052 -0.01950111
0.002993652 -0.01961875
0.002995252 -0.01985404
0.002996852 -0.02020697
0.002998452 -0.02032461
0.003000052 -0.0205599
0.003001652 -0.02114812
0.003003252 -0.02138341
0.003004852 -0.02150105
0.003006452 -0.02173634
0.003008052 -0.02173634
0.003009652 -0.02197163
0.003011252 -0.0216187
0.003012852 -0.02173634
0.003014452 -0.02150105
0.003016052 -0.02185399
0.003017652 -0.02103048
0.003019252 -0.02114812
0.003020852 -0.02103048
0.003022452 -0.02114812
0.003024052 -0.02103048
0.003025652 -0.02103048
0.003027252 -0.02067755
0.003028852 -0.02138341
0.003030452 -0.02138341
0.003032052 -0.02138341
0.003033652 -0.02197163
0.003035252 -0.02220692
0.003036852 -0.02267749
0.003038452 -0.02338336
0.003040052 -0.023501
0.003041652 -0.02408922
0.003043252 -0.02467744
0.003044852 -0.02503037
0.003046452 -0.02585388
0.003048052 -0.02585388
0.003049652 -0.02608917
0.003051252 -0.0264421
0.003052852 -0.02679503
0.003054452 -0.02703032
0.003056052 -0.02726561
0.003057652 -0.02691268
0.003059252 -0.02714796
0.003060852 -0.02667739
0.003062452 -0.02655974
0.003064052 -0.02573624
0.003065652 -0.02514802
0.003067252 -0.02491273
0.003068852 -0.02432451
0.003070452 -0.02385393
0.003072052 -0.023501
0.003073652 -0.02267749
0.003075252 -0.02255985
0.003076852 -0.02244221
0.003078452 -0.02244221
0.003080052 -0.02185399
0.003081652 -0.02150105
0.003083252 -0.0216187
0.003084852 -0.0216187
0.003086452 -0.0216187
0.003088052 -0.02114812
0.003089652 -0.02103048
0.003091252 -0.0205599
0.003092852 -0.02020697
0.003094452 -0.01950111
0.003096052 -0.01914817
0.003097652 -0.01855996
0.003099252 -0.01714823
0.003100852 -0.01620708
0.003102452 -0.01503064
0.003104052 -0.01373655
0.003105652 -0.01208954
0.003107252 -0.0109131
0.003108852 -0.009383726
0.003110452 -0.007736711
0.003112052 -0.006089696
0.003113652 -0.00444268
0.003115252 -0.003030953
0.003116852 -0.001266293
0.003118452 -8.985363e-005
0.003120052 0.001321874
0.003121652 0.002733601
0.003123252 0.004027685
0.003124852 0.005204125
0.003126452 0.006733496
0.003128052 0.007909936
0.003129652 0.008968731
0.003131252 0.009792239
0.003132852 0.01120397
0.003134452 0.01132161
0.003136052 0.01285098
0.003137652 0.01379213
0.003139252 0.01473329
0.003140852 0.0153215
0.003142452 0.0163803
0.003144052 0.01708616
0.003145652 0.01767438
0.003147252 0.01861554
0.003148852 0.01943904
0.003150452 0.01990962
0.003152052 0.0212037
0.003153652 0.02143899
0.003155252 0.02214485
0.003156852 0.02238014
0.003158452 0.02285072
0.003160052 0.02355658
0.003161652 0.0241448
0.003163252 0.02390951
0.003164852 0.02426245
0.003166452 0.02438009
0.003168052 0.02426245
0.003169652 0.02379187
0.003171252 0.02379187
0.003172852 0.02320365
0.003174452 0.02296836
0.003176052 0.02214485
0.003177652 0.02179192
0.003179252 0.02061548
0.003180852 0.02014491
0.003182452 0.01885082
0.003184052 0.01779203
0.003185652 0.01685088
0.003187252 0.01590972
0.003188852 0.01485093
0.003190452 0.01438035
0.003192052 0.01332156
0.003193652 0.01226276
0.003195252 0.01143925
0.003196852 0.01085103
0.003198452 0.01026281
0.003200052 0.009321663
0.003201652 0.008968731
0.003203252 0.008498155
0.003204852 0.008262867
0.003206452 0.00743936
0.003208052 0.00743936
0.003209652 0.006380564
0.003211252 0.006380564
0.003212852 0.005909988
0.003214452 0.005557056
0.003216052 0.005086481
0.003217652 0.004380617
0.003219252 0.004027685
0.003220852 0.003321821
0.003222452 0.002968889
0.003224052 0.002851245
0.003225652 0.002380669
0.003227252 0.001674806
0.003228852 0.001321874
0.003230452 0.001321874
0.003232052 0.0007336541
0.003233652 0.000851298
0.003235252 2.779033e-005
0.003236852 -0.0003251415
0.003238452 -0.0006780734
0.003240052 -0.0009133613
0.003241652 -0.001031005
0.003243252 -0.001854513
0.003244852 -0.002089801
0.003246452 -0.002325089
0.003248052 -0.002678021
0.003249652 -0.003030953
0.003251252 -0.002795665
0.003252852 -0.003030953
0.003254452 -0.002560377
0.003256052 -0.002678021
0.003257652 -0.002560377
0.003259252 -0.002207445
0.003260852 -0.002207445
0.003262452 -0.001972157
0.003264052 -0.001501581
0.003265652 -0.002089801
0.003267252 -0.001736869
0.003268852 -0.001972157
0.003270452 -0.001854513
0.003272052 -0.002207445
0.003273652 -0.002325089
0.003275252 -0.003030953
0.003276852 -0.003266241
0.003278452 -0.00385446
0.003280052 -0.004089748
0.003281652 -0.004325036
0.003283252 -0.004795612
0.003284852 -0.00561912
0.003286452 -0.005972052
0.003288052 -0.006324983
0.003289652 -0.006442627
0.003291252 -0.006560271
0.003292852 -0.006089696
0.003294452 -0.006089696
0.003296052 -0.005736764
0.003297652 -0.005383832
0.003299252 -0.004677968
0.003300852 -0.00385446
0.003302452 -0.003383884
0.003304052 -0.002795665
0.003305652 -0.002325089
0.003307252 -0.001619225
0.003308852 -0.001031005
0.003310452 -0.0006780734
0.003312052 -0.0003251415
0.003313652 -8.985363e-005
0.003315252 2.779033e-005
0.003316852 -0.0002074976
0.003318452 -0.0004427855
0.003320052 -0.0007957174
0.003321652 -0.0009133613
0.003323252 -0.001619225
0.003324852 -0.002207445
0.003326452 -0.003148597
0.003328052 -0.00385446
0.003329652 -0.005148544
0.003331252 -0.005736764
0.003332852 -0.006324983
0.003334452 -0.007383779
0.003336052 -0.008089643
0.003337652 -0.008207287
0.003339252 -0.009148438
0.003340852 -0.00950137
0.003342452 -0.01020723
0.003344052 -0.01032488
0.003345652 -0.01067781
0.003347252 -0.01056017
0.003348852 -0.01067781
0.003350452 -0.01044252
0.003352052 -0.0109131
0.003353652 -0.01067781
0.003355252 -0.01114839
0.003356852 -0.0109131
0.003358452 -0.01138367
0.003360052 -0.01103074
0.003361652 -0.01161896
0.003363252 -0.01161896
0.003364852 -0.01197189
0.003366452 -0.01244247
0.003368052 -0.01291305
0.003369652 -0.01361891
0.003371252 -0.01408948
0.003372852 -0.01456006
0.003374452 -0.01550121
0.003376052 -0.01632472
0.003377652 -0.0167953
0.003379252 -0.01773645
0.003380852 -0.01879524
0.003382452 -0.01879524
0.003384052 -0.01961875
0.003385652 -0.01997168
0.003387252 -0.02044226
0.003388852 -0.02079519
0.003390452 -0.02067755
0.003392052 -0.02067755
0.003393652 -0.02091283
0.003395252 -0.02032461
0.003396852 -0.02008933
0.003398452 -0.01961875
0.003400052 -0.01961875
0.003401652 -0.01926582
0.003403252 -0.01950111
0.003404852 -0.01891289
0.003406452 -0.01903053
0.003408052 -0.01950111
0.003409652 -0.01973639
0.003411252 -0.02032461
0.003412852 -0.02103048
0.003414452 -0.02208927
0.003416052 -0.02267749
0.003417652 -0.023501
0.003419252 -0.02420687
0.003420852 -0.02526566
0.003422452 -0.02608917
0.003424052 -0.02726561
0.003425652 -0.02797147
0.003427252 -0.02891262
0.003428852 -0.02973613
0.003430452 -0.03044199
0.003432052 -0.03079493
0.003433652 -0.0312655
0.003435252 -0.03150079
0.003436852 -0.03150079
0.003438452 -0.03185372
0.003440052 -0.03185372
0.003441652 -0.03208901
0.003443252 -0.03185372
0.003444852 -0.03220665
0.003446452 -0.0323243
0.003448052 -0.03267723
0.003449652 -0.03303016
0.003451252 -0.03361838
0.003452852 -0.0342066
0.003454452 -0.03479482
0.003456052 -0.03585362
0.003457652 -0.03644184
0.003459252 -0.03726534
0.003460852 -0.03855943
0.003462452 -0.03926529
0.003464052 -0.03985351
0.003465652 -0.04091231
0.003467252 -0.04173581
0.003468852 -0.04220639
0.003470452 -0.04267697
0.003472052 -0.04338283
0.003473652 -0.04350047
0.003475252 -0.04373576
0.003476852 -0.04373576
0.003478452 -0.04397105
0.003480052 -0.04397105
0.003481652 -0.04385341
0.003483252 -0.04385341
0.003484852 -0.04373576
0.003486452 -0.04373576
0.003488052 -0.04326519
0.003489652 -0.04326519
0.003491252 -0.04232403
0.003492852 -0.04232403
0.003494452 -0.0419711
0.003496052 -0.04150053
0.003497652 -0.04138288
0.003499252 -0.04102995
0.003500852 -0.04044173
0.003502452 -0.04032409
0.003504052 -0.0400888
0.003505652 -0.04032409
0.003507252 -0.03997116
0.003508852 -0.0400888
0.003510452 -0.0400888
0.003512052 -0.03997116
0.003513652 -0.04032409
0.003515252 -0.04055938
0.003516852 -0.04044173
0.003518452 -0.04067702
0.003520052 -0.04055938
0.003521652 -0.04067702
0.003523252 -0.04079466
0.003524852 -0.04102995
0.003526452 -0.04055938
0.003528052 -0.04079466
0.003529652 -0.04044173
0.003531252 -0.04020644
0.003532852 -0.03997116
0.003534452 -0.03950058
0.003536052 -0.03903
0.003537652 -0.03808885
0.003539252 -0.03761828
0.003540852 -0.03667712
0.003542452 -0.03585362
0.003544052 -0.03467718
0.003545652 -0.03408896
0.003547252 -0.03279487
0.003548852 -0.03208901
0.003550452 -0.03138315
0.003552052 -0.03091257
0.003553652 -0.02997142
0.003555252 -0.0293832
0.003556852 -0.02879498
0.003558452 -0.02867734
0.003560052 -0.02820676
0.003561652 -0.02785383
0.003563252 -0.02761854
0.003564852 -0.02761854
0.003566452 -0.02761854
0.003568052 -0.02797147
0.003569652 -0.02773618
0.003571252 -0.02761854
0.003572852 -0.02797147
0.003574452 -0.0283244
0.003576052 -0.02879498
0.003577652 -0.02844205
0.003579252 -0.02855969
0.003580852 -0.02855969
0.003582452 -0.02855969
0.003584052 -0.02867734
0.003585652 -0.02867734
0.003587252 -0.02879498
0.003588852 -0.02879498
0.003590452 -0.02879498
0.003592052 -0.02879498
0.003593652 -0.02879498
0.003595252 -0.02844205
0.003596852 -0.02808912
0.003598452 -0.02785383
0.003600052 -0.02773618
0.003601652 -0.0275009
0.003603252 -0.02726561
0.003604852 -0.02714796
0.003606452 -0.02655974
0.003608052 -0.02655974
0.003609652 -0.02667739
0.003611252 -0.02632446
0.003612852 -0.02620681
0.003614452 -0.02655974
0.003616052 -0.02667739
0.003617652 -0.02691268
0.003619252 -0.02714796
0.003620852 -0.02714796
0.003622452 -0.0275009
0.003624052 -0.02773618
0.003625652 -0.02820676
0.003627252 -0.0283244
0.003628852 -0.02820676
0.003630452 -0.02855969
0.003632052 -0.02867734
0.003633652 -0.02867734
0.003635252 -0.02867734
0.003636852 -0.02879498
0.003638452 -0.02820676
0.003640052 -0.02820676
0.003641652 -0.02808912
0.003643252 -0.02738325
0.003644852 -0.02679503
0.003646452 -0.02667739
0.003648052 -0.02620681
0.003649652 -0.02585388
0.003651252 -0.02561859
0.003652852 -0.02514802
0.003654452 -0.02503037
0.003656052 -0.0245598
0.003657652 -0.02503037
0.003659252 -0.02479508
0.003660852 -0.02467744
0.003662452 -0.02432451
0.003664052 -0.02467744
0.003665652 -0.02550095
0.003667252 -0.02526566
0.003668852 -0.02585388
0.003670452 -0.02573624
0.003672052 -0.02632446
0.003673652 -0.02691268
0.003675252 -0.0275009
0.003676852 -0.02785383
0.003678452 -0.02820676
0.003680052 -0.02879498
0.003681652 -0.02914791
0.003683252 -0.02985378
0.003684852 -0.03044199
0.003686452 -0.03020671
0.003688052 -0.03079493
0.003689652 -0.03079493
0.003691252 -0.03138315
0.003692852 -0.03138315
0.003694452 -0.03161843
0.003696052 -0.03220665
0.003697652 -0.03220665
0.003699252 -0.03208901
0.003700852 -0.03255959
0.003702452 -0.0323243
0.003704052 -0.03244194
0.003705652 -0.03279487
0.003707252 -0.03291252
0.003708852 -0.03279487
0.003710452 -0.03338309
0.003712052 -0.03326545
0.003713652 -0.03326545
0.003715252 -0.03373603
0.003716852 -0.03397131
0.003718452 -0.03408896
0.003720052 -0.03455953
0.003721652 -0.03444189
0.003723252 -0.03479482
0.003724852 -0.03503011
0.003726452 -0.03479482
0.003728052 -0.03491247
0.003729652 -0.03455953
0.003731252 -0.0342066
0.003732852 -0.03397131
0.003734452 -0.03338309
0.003736052 -0.03291252
0.003737652 -0.03197137
0.003739252 -0.03138315
0.003740852 -0.03020671
0.003742452 -0.02950084
0.003744052 -0.02867734
0.003745652 -0.02714796
0.003747252 -0.02608917
0.003748852 -0.02526566
0.003750452 -0.02420687
0.003752052 -0.02303043
0.003753652 -0.02232456
0.003755252 -0.02091283
0.003756852 -0.01985404
0.003758452 -0.01879524
0.003760052 -0.01797174
0.003761652 -0.01703058
0.003763252 -0.01620708
0.003764852 -0.01491299
0.003766452 -0.01373655
0.003768052 -0.01291305
0.003769652 -0.01173661
0.003771252 -0.0109131
0.003772852 -0.009619014
0.003774452 -0.008677863
0.003776052 -0.007266135
0.003777652 -0.006089696
0.003779252 -0.004560324
0.003780852 -0.003266241
0.003782452 -0.002325089
0.003784052 -0.001383937
0.003785652 0.0002630782
0.003787252 0.00179245
0.003788852 0.002851245
0.003790452 0.004145329
0.003792052 0.005321768
0.003793652 0.006615852
0.003795252 0.007909936
0.003796852 0.009674595
0.003798452 0.01061575
0.003800052 0.01226276
0.003801652 0.01390978
0.003803252 0.01520386
0.003804852 0.01661559
0.003806452 0.01790967
0.003808052 0.0193214
0.003809652 0.02014491
0.003811252 0.02155663
0.003812852 0.0222625
0.003814452 0.02320365
0.003816052 0.02390951
0.003817652 0.02508595
0.003819252 0.02567417
0.003820852 0.02638004
0.003822452 0.02696826
0.003824052 0.02743883
0.003825652 0.02837998
0.003827252 0.02908585
0.003828852 0.02967407
0.003830452 0.03049758
0.003832052 0.03143873
0.003833652 0.03237988
0.003835252 0.03320339
0.003836852 0.03379161
0.003838452 0.03461511
0.003840052 0.03567391
0.003841652 0.03614449
0.003843252 0.03720328
0.003844852 0.03755621
0.003846452 0.03861501
0.003848052 0.0396738
0.003849652 0.04037967
0.003851252 0.04049731
0.003852852 0.04120318
0.003854452 0.04120318
0.003856052 0.0417914
0.003857652 0.04190904
0.003859252 0.04190904
0.003860852 0.04202668
0.003862452 0.04249726
0.003864052 0.04202668
0.003865652 0.04237962
0.003867252 0.0417914
0.003868852 0.04226197
0.003870452 0.04214433
0.003872052 0.04214433
0.003873652 0.0417914
0.003875252 0.04202668
0.003876852 0.04155611
0.003878452 0.04190904
0.003880052 0.04155611
0.003881652 0.04108553
0.003883252 0.04132082
0.003884852 0.04132082
0.003886452 0.04120318
0.003888052 0.04120318
0.003889652 0.04096789
0.003891252 0.04096789
0.003892852 0.04037967
0.003894452 0.04037967
0.003896052 0.03979145
0.003897652 0.03932087
0.003899252 0.0388503
0.003900852 0.03849736
0.003902452 0.03790914
0.003904052 0.03732093
0.003905652 0.03685035
0.003907252 0.03637977
0.003908852 0.03579155
0.003910452 0.03567391
0.003912052 0.03449747
0.003913652 0.03402689
0.003915252 0.03332103
0.003916852 0.03285045
0.003918452 0.03226223
0.003920052 0.03155637
0.003921652 0.03085051
0.003923252 0.03026229
0.003924852 0.02955642
0.003926452 0.0289682
0.003928052 0.02826234
0.003929652 0.02779176
0.003931252 0.02720354
0.003932852 0.02720354
0.003934452 0.02673297
0.003936052 0.02614475
0.003937652 0.02567417
0.003939252 0.02508595
0.003940852 0.02473302
0.003942452 0.02426245
0.003944052 0.02343894
0.003945652 0.02320365
0.003947252 0.02202721
0.003948852 0.02202721
0.003950452 0.02179192
0.003952052 0.02108606
0.003953652 0.0203802
0.003955252 0.01955669
0.003956852 0.0193214
0.003958452 0.01861554
0.003960052 0.01802732
0.003961652 0.01755674
0.003963252 0.01685088
0.003964852 0.01673323
0.003966452 0.01614501
0.003968052 0.01567444
0.003969652 0.01543915
0.003971252 0.01543915
0.003972852 0.01485093
0.003974452 0.01461564
0.003976052 0.01426271
0.003977652 0.01461564
0.003979252 0.01367449
0.003980852 0.01379213
0.003982452 0.01296863
0.003984052 0.01320391
0.003985652 0.01261569
0.003987252 0.01226276
0.003988852 0.01202747
0.003990452 0.01190983
0.003992052 0.0115569
0.003993652 0.01179219
0.003995252 0.01108632
0.003996852 0.01132161
0.003998452 0.01061575
0.004000052 0.01061575
0.004001652 0.01061575
0.004003252 0.01073339
0.004004852 0.01038046
0.004006452 0.01014517
0.004008052 0.009792239
0.004009652 0.01002753
0.004011252 0.009086375
0.004012852 0.009556951
0.004014452 0.009439307
0.004016052 0.009321663
0.004017652 0.008733443
0.004019252 0.008498155
0.004020852 0.008380511
0.004022452 0.008380511
0.004024052 0.008262867
0.004025652 0.007792292
0.004027252 0.007792292
0.004028852 0.00802758
0.004030452 0.007674648
0.004032052 0.007674648
0.004033652 0.007792292
0.004035252 0.007909936
0.004036852 0.00802758
0.004038452 0.008380511
0.004040052 0.008733443
0.004041652 0.008851087
0.004043252 0.008851087
0.004044852 0.008968731
0.004046452 0.008851087
0.004048052 0.009204019
0.004049652 0.009204019
0.004051252 0.009086375
0.004052852 0.009204019
0.004054452 0.009086375
0.004056052 0.009204019
0.004057652 0.009086375
0.004059252 0.008851087
0.004060852 0.008498155
0.004062452 0.008733443
0.004064052 0.008262867
0.004065652 0.008145223
0.004067252 0.008380511
0.004068852 0.007792292
0.004070452 0.008262867
0.004072052 0.008380511
0.004073652 0.008262867
0.004075252 0.008615799
0.004076852 0.008733443
0.004078452 0.009086375
0.004080052 0.009439307
0.004081652 0.009439307
0.004083252 0.009792239
0.004084852 0.01026281
0.004086452 0.01002753
0.004088052 0.01014517
0.004089652 0.0104981
0.004091252 0.01073339
0.004092852 0.01108632
0.004094452 0.01096868
0.004096052 0.01120397
0.004097652 0.01143925
0.004099252 0.01179219
0.004100852 0.0115569
0.004102452 0.0115569
0.004104052 0.01143925
0.004105652 0.01179219
0.004107252 0.01190983
0.004108852 0.01202747
0.004110452 0.01190983
0.004112052 0.01190983
0.004113652 0.01190983
0.004115252 0.01214512
0.004116852 0.01202747
0.004118452 0.01190983
0.004120052 0.01179219
0.004121652 0.01179219
0.004123252 0.01167454
0.004124852 0.01179219
0.004126452 0.01108632
0.004128052 0.01143925
0.004129652 0.01096868
0.004131252 0.0104981
0.004132852 0.01038046
0.004134452 0.01026281
0.004136052 0.009674595
0.004137652 0.009556951
0.004139252 0.008851087
0.004140852 0.008498155
0.004142452 0.007909936
0.004144052 0.007674648
0.004145652 0.007204072
0.004147252 0.006498208
0.004148852 0.005909988
0.004150452 0.005321768
0.004152052 0.004851193
0.004153652 0.004380617
0.004155252 0.003557109
0.004156852 0.003204177
0.004158452 0.002733601
0.004160052 0.002380669
0.004161652 0.001674806
0.004163252 0.00120423
0.004164852 0.0006160101
0.004166452 -0.0002074976
0.004168052 -0.001383937
0.004169652 -0.001619225
0.004171252 -0.002913309
0.004172852 -0.003030953
0.004174452 -0.004207392
0.004176052 -0.004560324
0.004177652 -0.005736764
0.004179252 -0.006795559
0.004180852 -0.007501423
0.004182452 -0.008207287
0.004184052 -0.009148438
0.004185652 -0.009736658
0.004187252 -0.01056017
0.004188852 -0.01138367
0.004190452 -0.01185425
0.004192052 -0.01244247
0.004193652 -0.01314833
0.004195252 -0.01373655
0.004196852 -0.01444242
0.004198452 -0.01479535
0.004200052 -0.01538357
