LECROYWS4024HD 19320 Waveform
Segments 1 SegmentSize 3127
Segment TrigTime TimeSinceSegment1
#1 23-Jun-2024 21:42:35 0                 
Time Ampl
-0.0008003826 -8.985363e-005
-0.0007987826 0.0003807222
-0.0007971826 0.0003807222
-0.0007955826 0.0007336541
-0.0007939826 -8.985363e-005
-0.0007923826 0.0002630782
-0.0007907826 0.0002630782
-0.0007891826 0.0003807222
-0.0007875826 0.0001454343
-0.0007859826 -0.0002074976
-0.0007843826 -8.985363e-005
-0.0007827826 0.0003807222
-0.0007811826 -8.985363e-005
-0.0007795826 0.0001454343
-0.0007779826 0.0001454343
-0.0007763826 0.0001454343
-0.0007747826 -8.985363e-005
-0.0007731826 0.0002630782
-0.0007715826 -8.985363e-005
-0.0007699826 0.0002630782
-0.0007683826 0.0004983662
-0.0007667826 0.0004983662
-0.0007651826 0.0001454343
-0.0007635826 0.0003807222
-0.0007619826 0.0002630782
-0.0007603826 2.779033e-005
-0.0007587826 -0.0002074976
-0.0007571826 0.0002630782
-0.0007555826 0.0002630782
-0.0007539826 0.0001454343
-0.0007523826 0.0001454343
-0.0007507826 0.0001454343
-0.0007491826 -0.0002074976
-0.0007475826 0.0002630782
-0.0007459826 -8.985363e-005
-0.0007443826 -8.985363e-005
-0.0007427826 2.779033e-005
-0.0007411826 0.0001454343
-0.0007395826 -0.0002074976
-0.0007379826 -8.985363e-005
-0.0007363826 -0.0002074976
-0.0007347826 0.0002630782
-0.0007331826 -0.0002074976
-0.0007315826 0.0003807222
-0.0007299826 2.779033e-005
-0.0007283826 -8.985363e-005
-0.0007267826 0.0001454343
-0.0007251826 0.0001454343
-0.0007235826 2.779033e-005
-0.0007219826 0.0004983662
-0.0007203826 2.779033e-005
-0.0007187826 -0.0002074976
-0.0007171826 -0.0002074976
-0.0007155826 0.0002630782
-0.0007139826 2.779033e-005
-0.0007123826 0.0001454343
-0.0007107826 -8.985363e-005
-0.0007091826 0.0001454343
-0.0007075826 -0.0003251415
-0.0007059826 -8.985363e-005
-0.0007043826 2.779033e-005
-0.0007027826 0.0004983662
-0.0007011826 -8.985363e-005
-0.0006995826 2.779033e-005
-0.0006979826 0.0001454343
-0.0006963826 0.0002630782
-0.0006947826 -0.0002074976
-0.0006931826 0.0003807222
-0.0006915826 2.779033e-005
-0.0006899826 0.0003807222
-0.0006883826 0.0001454343
-0.0006867826 0.0001454343
-0.0006851826 0.0001454343
-0.0006835826 0.0003807222
-0.0006819826 0.0001454343
-0.0006803826 2.779033e-005
-0.0006787826 2.779033e-005
-0.0006771826 0.0002630782
-0.0006755826 -8.985363e-005
-0.0006739826 -0.0004427855
-0.0006723826 -8.985363e-005
-0.0006707826 2.779033e-005
-0.0006691826 0.0001454343
-0.0006675826 0.0002630782
-0.0006659826 2.779033e-005
-0.0006643826 2.779033e-005
-0.0006627826 -0.0002074976
-0.0006611826 2.779033e-005
-0.0006595826 0.0001454343
-0.0006579826 0.0003807222
-0.0006563826 0.0001454343
-0.0006547826 0.0003807222
-0.0006531826 0.0001454343
-0.0006515826 0.0001454343
-0.0006499826 2.779033e-005
-0.0006483826 2.779033e-005
-0.0006467826 2.779033e-005
-0.0006451826 0.0001454343
-0.0006435826 2.779033e-005
-0.0006419826 0.0004983662
-0.0006403826 0.0002630782
-0.0006387826 2.779033e-005
-0.0006371826 0.0002630782
-0.0006355826 0.0003807222
-0.0006339826 2.779033e-005
-0.0006323826 0.0003807222
-0.0006307826 -8.985363e-005
-0.0006291826 0.0002630782
-0.0006275826 0.0002630782
-0.0006259826 -0.0002074976
-0.0006243826 0.0002630782
-0.0006227826 2.779033e-005
-0.0006211826 -0.0002074976
-0.0006195826 2.779033e-005
-0.0006179826 0.0001454343
-0.0006163826 2.779033e-005
-0.0006147826 0.0001454343
-0.0006131826 2.779033e-005
-0.0006115826 0.0001454343
-0.0006099826 2.779033e-005
-0.0006083826 0.0001454343
-0.0006067826 0.0003807222
-0.0006051826 0.0001454343
-0.0006035826 0.0002630782
-0.0006019826 -8.985363e-005
-0.0006003826 2.779033e-005
-0.0005987826 2.779033e-005
-0.0005971826 0.0002630782
-0.0005955826 2.779033e-005
-0.0005939826 0.0001454343
-0.0005923826 -0.0003251415
-0.0005907826 -0.0002074976
-0.0005891826 2.779033e-005
-0.0005875826 0.0002630782
-0.0005859826 0.0002630782
-0.0005843826 -8.985363e-005
-0.0005827826 0.0001454343
-0.0005811826 0.0002630782
-0.0005795826 0.0001454343
-0.0005779826 0.0004983662
-0.0005763826 2.779033e-005
-0.0005747826 0.0004983662
-0.0005731826 2.779033e-005
-0.0005715826 -0.0002074976
-0.0005699826 0.0001454343
-0.0005683826 0.0002630782
-0.0005667826 -0.0003251415
-0.0005651826 0.0001454343
-0.0005635826 -0.0002074976
-0.0005619826 2.779033e-005
-0.0005603826 -8.985363e-005
-0.0005587826 0.0002630782
-0.0005571826 0.0001454343
-0.0005555826 -8.985363e-005
-0.0005539826 0.0001454343
-0.0005523826 2.779033e-005
-0.0005507826 2.779033e-005
-0.0005491826 0.0001454343
-0.0005475826 0.0001454343
-0.0005459826 -8.985363e-005
-0.0005443826 2.779033e-005
-0.0005427826 0.0003807222
-0.0005411826 0.0001454343
-0.0005395826 0.0003807222
-0.0005379826 2.779033e-005
-0.0005363826 0.0003807222
-0.0005347826 2.779033e-005
-0.0005331826 0.0003807222
-0.0005315826 0.0002630782
-0.0005299826 0.0002630782
-0.0005283826 0.0002630782
-0.0005267826 2.779033e-005
-0.0005251826 2.779033e-005
-0.0005235826 2.779033e-005
-0.0005219826 -0.0002074976
-0.0005203826 0.0002630782
-0.0005187826 -8.985363e-005
-0.0005171826 2.779033e-005
-0.0005155826 2.779033e-005
-0.0005139826 0.0002630782
-0.0005123826 0.0001454343
-0.0005107826 -0.0002074976
-0.0005091826 0.0003807222
-0.0005075826 0.0001454343
-0.0005059826 0.0001454343
-0.0005043826 0.0002630782
-0.0005027826 -0.0002074976
-0.0005011826 0.0002630782
-0.0004995826 0.0001454343
-0.0004979826 0.0003807222
-0.0004963826 0.0001454343
-0.0004947826 0.0001454343
-0.0004931826 2.779033e-005
-0.0004915826 2.779033e-005
-0.0004899826 0.0002630782
-0.0004883826 0.0001454343
-0.0004867826 0.0001454343
-0.0004851826 0.0003807222
-0.0004835826 0.0001454343
-0.0004819826 0.000851298
-0.0004803826 0.0001454343
-0.0004787826 0.0001454343
-0.0004771826 0.0002630782
-0.0004755826 0.0001454343
-0.0004739826 0.0001454343
-0.0004723826 0.0001454343
-0.0004707826 -8.985363e-005
-0.0004691826 0.0002630782
-0.0004675826 0.0001454343
-0.0004659826 2.779033e-005
-0.0004643826 2.779033e-005
-0.0004627826 0.0001454343
-0.0004611826 0.0002630782
-0.0004595826 0.0006160101
-0.0004579826 0.0001454343
-0.0004563826 0.0001454343
-0.0004547826 0.0003807222
-0.0004531826 0.0004983662
-0.0004515826 0.0004983662
-0.0004499826 0.0002630782
-0.0004483826 2.779033e-005
-0.0004467826 0.0004983662
-0.0004451826 0.0002630782
-0.0004435826 0.0003807222
-0.0004419826 0.0002630782
-0.0004403826 0.0002630782
-0.0004387826 0.0002630782
-0.0004371826 2.779033e-005
-0.0004355826 0.0001454343
-0.0004339826 2.779033e-005
-0.0004323826 0.0002630782
-0.0004307826 0.0002630782
-0.0004291826 0.0001454343
-0.0004275826 0.0004983662
-0.0004259826 2.779033e-005
-0.0004243826 -8.985363e-005
-0.0004227826 0.0001454343
-0.0004211826 2.779033e-005
-0.0004195826 0.0001454343
-0.0004179826 0.0002630782
-0.0004163826 2.779033e-005
-0.0004147826 0.0004983662
-0.0004131826 0.0001454343
-0.0004115826 0.0002630782
-0.0004099826 0.0002630782
-0.0004083826 0.0004983662
-0.0004067826 0.0003807222
-0.0004051826 0.0003807222
-0.0004035826 0.0001454343
-0.0004019826 0.0002630782
-0.0004003826 0.0002630782
-0.0003987826 0.0002630782
-0.0003971826 0.0002630782
-0.0003955826 0.0001454343
-0.0003939826 0.0002630782
-0.0003923826 0.0004983662
-0.0003907826 0.0001454343
-0.0003891826 0.0003807222
-0.0003875826 0.0002630782
-0.0003859826 0.0002630782
-0.0003843826 2.779033e-005
-0.0003827826 0.0001454343
-0.0003811826 0.0002630782
-0.0003795826 0.0004983662
-0.0003779826 0.0002630782
-0.0003763826 -0.0002074976
-0.0003747826 0.0001454343
-0.0003731826 0.0002630782
-0.0003715826 2.779033e-005
-0.0003699826 0.0002630782
-0.0003683826 0.0003807222
-0.0003667826 0.0001454343
-0.0003651826 2.779033e-005
-0.0003635826 0.0002630782
-0.0003619826 2.779033e-005
-0.0003603826 2.779033e-005
-0.0003587826 -0.0002074976
-0.0003571826 0.0001454343
-0.0003555826 0.0001454343
-0.0003539826 -0.0004427855
-0.0003523826 -8.985363e-005
-0.0003507826 2.779033e-005
-0.0003491826 2.779033e-005
-0.0003475826 0.0001454343
-0.0003459826 0.0001454343
-0.0003443826 2.779033e-005
-0.0003427826 0.0001454343
-0.0003411826 0.0001454343
-0.0003395826 0.0002630782
-0.0003379826 0.0006160101
-0.0003363826 2.779033e-005
-0.0003347826 -8.985363e-005
-0.0003331826 0.0001454343
-0.0003315826 0.0001454343
-0.0003299826 0.0001454343
-0.0003283826 0.0001454343
-0.0003267826 0.0002630782
-0.0003251826 2.779033e-005
-0.0003235826 0.0001454343
-0.0003219826 0.0001454343
-0.0003203826 0.0002630782
-0.0003187826 0.0001454343
-0.0003171826 0.0001454343
-0.0003155826 2.779033e-005
-0.0003139826 -8.985363e-005
-0.0003123826 0.0003807222
-0.0003107826 2.779033e-005
-0.0003091826 0.0003807222
-0.0003075826 0.0001454343
-0.0003059826 2.779033e-005
-0.0003043826 0.0002630782
-0.0003027826 0.0002630782
-0.0003011826 2.779033e-005
-0.0002995826 0.0001454343
-0.0002979826 0.0004983662
-0.0002963826 0.0001454343
-0.0002947826 0.0001454343
-0.0002931826 0.0002630782
-0.0002915826 0.0002630782
-0.0002899826 0.0001454343
-0.0002883826 0.0001454343
-0.0002867826 0.0003807222
-0.0002851826 0.0003807222
-0.0002835826 -8.985363e-005
-0.0002819826 0.0001454343
-0.0002803826 0.0003807222
-0.0002787826 2.779033e-005
-0.0002771826 0.0001454343
-0.0002755826 -8.985363e-005
-0.0002739826 0.0003807222
-0.0002723826 2.779033e-005
-0.0002707826 2.779033e-005
-0.0002691826 -8.985363e-005
-0.0002675826 0.0004983662
-0.0002659826 0.0002630782
-0.0002643826 2.779033e-005
-0.0002627826 2.779033e-005
-0.0002611826 0.0001454343
-0.0002595826 0.0001454343
-0.0002579826 0.0003807222
-0.0002563826 -0.0002074976
-0.0002547826 2.779033e-005
-0.0002531826 -8.985363e-005
-0.0002515826 0.0004983662
-0.0002499826 -8.985363e-005
-0.0002483826 -0.0002074976
-0.0002467826 0.0002630782
-0.0002451826 2.779033e-005
-0.0002435826 -0.0002074976
-0.0002419826 0.0001454343
-0.0002403826 -0.0002074976
-0.0002387826 2.779033e-005
-0.0002371826 2.779033e-005
-0.0002355826 2.779033e-005
-0.0002339826 2.779033e-005
-0.0002323826 2.779033e-005
-0.0002307826 0.0001454343
-0.0002291826 0.0001454343
-0.0002275826 -8.985363e-005
-0.0002259826 2.779033e-005
-0.0002243826 -0.0003251415
-0.0002227826 2.779033e-005
-0.0002211826 2.779033e-005
-0.0002195826 -8.985363e-005
-0.0002179826 2.779033e-005
-0.0002163826 -8.985363e-005
-0.0002147826 -8.985363e-005
-0.0002131826 -0.0002074976
-0.0002115826 0.0001454343
-0.0002099826 0.0001454343
-0.0002083826 2.779033e-005
-0.0002067826 0.0001454343
-0.0002051826 -0.0002074976
-0.0002035826 2.779033e-005
-0.0002019826 2.779033e-005
-0.0002003826 0.0002630782
-0.0001987826 0.0002630782
-0.0001971826 0.0001454343
-0.0001955826 0.0004983662
-0.0001939826 0.0002630782
-0.0001923826 -8.985363e-005
-0.0001907826 0.0003807222
-0.0001891826 0.0002630782
-0.0001875826 0.0002630782
-0.0001859826 2.779033e-005
-0.0001843826 -8.985363e-005
-0.0001827826 0.0001454343
-0.0001811826 0.0001454343
-0.0001795826 -0.0002074976
-0.0001779826 2.779033e-005
-0.0001763826 -0.0002074976
-0.0001747826 0.0002630782
-0.0001731826 -8.985363e-005
-0.0001715826 0.0003807222
-0.0001699826 -8.985363e-005
-0.0001683826 2.779033e-005
-0.0001667826 -8.985363e-005
-0.0001651826 0.0002630782
-0.0001635826 0.0001454343
-0.0001619826 0.0003807222
-0.0001603826 -0.0002074976
-0.0001587826 2.779033e-005
-0.0001571826 -0.0003251415
-0.0001555826 -8.985363e-005
-0.0001539826 -0.0002074976
-0.0001523826 0.0001454343
-0.0001507826 -8.985363e-005
-0.0001491826 2.779033e-005
-0.0001475826 -8.985363e-005
-0.0001459826 -8.985363e-005
-0.0001443826 -0.0002074976
-0.0001427826 0.0001454343
-0.0001411826 2.779033e-005
-0.0001395826 0.0002630782
-0.0001379826 0.0003807222
-0.0001363826 0.0003807222
-0.0001347826 2.779033e-005
-0.0001331826 0.0004983662
-0.0001315826 0.0001454343
-0.0001299826 0.0003807222
-0.0001283826 0.0001454343
-0.0001267826 0.0003807222
-0.0001251826 -8.985363e-005
-0.0001235826 0.0002630782
-0.0001219826 2.779033e-005
-0.0001203826 0.0001454343
-0.0001187826 0.0001454343
-0.0001171826 -8.985363e-005
-0.0001155826 0.0002630782
-0.0001139826 0.0004983662
-0.0001123826 -8.985363e-005
-0.0001107826 -0.0003251415
-0.0001091826 0.0002630782
-0.0001075826 0.0003807222
-0.0001059826 0.0002630782
-0.0001043826 2.779033e-005
-0.0001027826 0.0001454343
-0.0001011826 -8.985363e-005
-9.95826e-005 -8.985363e-005
-9.79826e-005 0.0001454343
-9.63826e-005 0.0001454343
-9.47826e-005 2.779033e-005
-9.31826e-005 2.779033e-005
-9.15826e-005 0.0002630782
-8.99826e-005 2.779033e-005
-8.83826e-005 0.0001454343
-8.67826e-005 0.0001454343
-8.51826e-005 2.779033e-005
-8.35826e-005 -0.0002074976
-8.19826e-005 0.0002630782
-8.03826e-005 0.0001454343
-7.87826e-005 0.0004983662
-7.71826e-005 2.779033e-005
-7.55826e-005 0.0001454343
-7.39826e-005 2.779033e-005
-7.23826e-005 -8.985363e-005
-7.07826e-005 0.0001454343
-6.91826e-005 0.0001454343
-6.75826e-005 0.0001454343
-6.59826e-005 0.0002630782
-6.43826e-005 -0.0002074976
-6.27826e-005 0.0001454343
-6.11826e-005 0.0001454343
-5.95826e-005 2.779033e-005
-5.79826e-005 0.0001454343
-5.63826e-005 0.0001454343
-5.47826e-005 2.779033e-005
-5.31826e-005 0.0001454343
-5.15826e-005 0.0003807222
-4.99826e-005 0.0001454343
-4.83826e-005 0.0003807222
-4.67826e-005 0.000851298
-4.51826e-005 0.0002630782
-4.35826e-005 0.0003807222
-4.19826e-005 0.0006160101
-4.03826e-005 0.0006160101
-3.87826e-005 0.0002630782
-3.71826e-005 -0.001501581
-3.55826e-005 -0.00385446
-3.39826e-005 -0.006324983
-3.23826e-005 -0.009383726
-3.07826e-005 -0.01267776
-2.91826e-005 -0.01738352
-2.75826e-005 -0.02373629
-2.59826e-005 -0.03055964
-2.43826e-005 -0.03855943
-2.27826e-005 -0.04667686
-2.11826e-005 -0.05502958
-1.95826e-005 -0.06467639
-1.79826e-005 -0.0751467
-1.63826e-005 -0.08444057
-1.47826e-005 -0.09208743
-1.31826e-005 -0.09667554
-1.15826e-005 -0.09714612
-9.9826e-006 -0.09444031
-8.3826e-006 -0.08832282
-6.7826e-006 -0.07902895
-5.1826e-006 -0.06561754
-3.5826e-006 -0.04691215
-1.9826e-006 -0.02573624
-3.826e-007 -0.006089696
1.2174e-006 0.00626292
2.8174e-006 0.009321663
4.4174e-006 0.003204177
6.0174e-006 -0.008089643
7.6174e-006 -0.02032461
9.2174e-006 -0.03008906
1.08174e-005 -0.03573597
1.24174e-005 -0.03997116
1.40174e-005 -0.04526513
1.56174e-005 -0.05114733
1.72174e-005 -0.05585309
1.88174e-005 -0.05832361
2.04174e-005 -0.05679424
2.20174e-005 -0.05314728
2.36174e-005 -0.04844152
2.52174e-005 -0.0449122
2.68174e-005 -0.0430299
2.84174e-005 -0.04291225
3.00174e-005 -0.04267697
3.16174e-005 -0.04232403
3.32174e-005 -0.04138288
3.48174e-005 -0.04150053
3.64174e-005 -0.04208875
3.80174e-005 -0.04291225
3.96174e-005 -0.04185346
4.12174e-005 -0.03950058
4.28174e-005 -0.03503011
4.44174e-005 -0.02950084
4.60174e-005 -0.02420687
4.76174e-005 -0.01997168
4.92174e-005 -0.0167953
5.08174e-005 -0.01408948
5.24174e-005 -0.01208954
5.40174e-005 -0.01044252
5.56174e-005 -0.009736658
5.72174e-005 -0.01008959
5.88174e-005 -0.01126603
6.04174e-005 -0.01208954
6.20174e-005 -0.01244247
6.36174e-005 -0.01161896
6.52174e-005 -0.01126603
6.68174e-005 -0.0127954
6.84174e-005 -0.01644236
7.00174e-005 -0.02150105
7.16174e-005 -0.02703032
7.32174e-005 -0.03303016
7.48174e-005 -0.03855943
7.64174e-005 -0.04385341
7.80174e-005 -0.04808859
7.96174e-005 -0.05008854
8.12174e-005 -0.0489121
8.28174e-005 -0.04502985
8.44174e-005 -0.0382065
8.60174e-005 -0.03103021
8.76174e-005 -0.02326571
8.92174e-005 -0.01597179
9.08174e-005 -0.008913151
9.24174e-005 -0.002207445
9.40174e-005 0.004262973
9.56174e-005 0.009204019
9.72174e-005 0.01285098
9.88174e-005 0.01379213
0.0001004174 0.01438035
0.0001020174 0.01379213
0.0001036174 0.01285098
0.0001052174 0.0115569
0.0001068174 0.01038046
0.0001084174 0.009086375
0.0001100174 0.007557004
0.0001116174 0.005792344
0.0001132174 0.003910041
0.0001148174 0.002263026
0.0001164174 0.001086586
0.0001180174 -0.001736869
0.0001196174 -0.004913256
0.0001212174 -0.008089643
0.0001228174 -0.01067781
0.0001244174 -0.01303069
0.0001260174 -0.01538357
0.0001276174 -0.0176188
0.0001292174 -0.01903053
0.0001308174 -0.02126577
0.0001324174 -0.02220692
0.0001340174 -0.0216187
0.0001356174 -0.01926582
0.0001372174 -0.01597179
0.0001388174 -0.01303069
0.0001404174 -0.01032488
0.0001420174 -0.007736711
0.0001436174 -0.005383832
0.0001452174 -0.002795665
0.0001468174 -0.0002074976
0.0001484174 0.002145382
0.0001500174 0.003439465
0.0001516174 0.004968837
0.0001532174 0.004968837
0.0001548174 0.005439412
0.0001564174 0.006145276
0.0001580174 0.007204072
0.0001596174 0.00802758
0.0001612174 0.008380511
0.0001628174 0.008380511
0.0001644174 0.008262867
0.0001660174 0.007674648
0.0001676174 0.007674648
0.0001692174 0.007557004
0.0001708174 0.006733496
0.0001724174 0.004498261
0.0001740174 0.001557162
0.0001756174 -0.002207445
0.0001772174 -0.005501476
0.0001788174 -0.008913151
0.0001804174 -0.01161896
0.0001820174 -0.01373655
0.0001836174 -0.01526592
0.0001852174 -0.01644236
0.0001868174 -0.01691294
0.0001884174 -0.01691294
0.0001900174 -0.01644236
0.0001916174 -0.01608943
0.0001932174 -0.01550121
0.0001948174 -0.01432477
0.0001964174 -0.01197189
0.0001980174 -0.008207287
0.0001996174 -0.004677968
0.0002012174 -0.0007957174
0.0002028174 0.002263026
0.0002044174 0.004027685
0.0002060174 0.005792344
0.0002076174 0.006968784
0.0002092174 0.008145223
0.0002108174 0.008733443
0.0002124174 0.008733443
0.0002140174 0.008380511
0.0002156174 0.008851087
0.0002172174 0.008615799
0.0002188174 0.008851087
0.0002204174 0.007674648
0.0002220174 0.005439412
0.0002236174 0.001557162
0.0002252174 -0.002325089
0.0002268174 -0.006089696
0.0002284174 -0.008913151
0.0002300174 -0.01138367
0.0002316174 -0.01303069
0.0002332174 -0.01479535
0.0002348174 -0.01632472
0.0002364174 -0.01773645
0.0002380174 -0.01750116
0.0002396174 -0.01644236
0.0002412174 -0.01526592
0.0002428174 -0.01373655
0.0002444174 -0.0127954
0.0002460174 -0.01220718
0.0002476174 -0.01126603
0.0002492174 -0.0109131
0.0002508174 -0.009854302
0.0002524174 -0.008560219
0.0002540174 -0.007619067
0.0002556174 -0.007030847
0.0002572174 -0.006089696
0.0002588174 -0.004913256
0.0002604174 -0.002795665
0.0002620174 -0.0006780734
0.0002636174 0.002027738
0.0002652174 0.004145329
0.0002668174 0.006380564
0.0002684174 0.007792292
0.0002700174 0.009321663
0.0002716174 0.01002753
0.0002732174 0.01061575
0.0002748174 0.01002753
0.0002764174 0.008851087
0.0002780174 0.007557004
0.0002796174 0.005557056
0.0002812174 0.003674753
0.0002828174 0.003204177
0.0002844174 0.003204177
0.0002860174 0.003792397
0.0002876174 0.005204125
0.0002892174 0.007792292
0.0002908174 0.009792239
0.0002924174 0.01179219
0.0002940174 0.01296863
0.0002956174 0.01379213
0.0002972174 0.01320391
0.0002988174 0.01249805
0.0003004174 0.01143925
0.0003020174 0.01061575
0.0003036174 0.009674595
0.0003052174 0.008615799
0.0003068174 0.008262867
0.0003084174 0.008498155
0.0003100174 0.008733443
0.0003116174 0.01026281
0.0003132174 0.01167454
0.0003148174 0.01402742
0.0003164174 0.01543915
0.0003180174 0.01720381
0.0003196174 0.01873318
0.0003212174 0.01979198
0.0003228174 0.02073313
0.0003244174 0.02132135
0.0003260174 0.02061548
0.0003276174 0.01849789
0.0003292174 0.01567444
0.0003308174 0.01261569
0.0003324174 0.01038046
0.0003340174 0.008851087
0.0003356174 0.008615799
0.0003372174 0.008498155
0.0003388174 0.008380511
0.0003404174 0.008615799
0.0003420174 0.008380511
0.0003436174 0.008498155
0.0003452174 0.008145223
0.0003468174 0.007909936
0.0003484174 0.007674648
0.0003500174 0.007204072
0.0003516174 0.007321716
0.0003532174 0.007204072
0.0003548174 0.00743936
0.0003564174 0.007909936
0.0003580174 0.008615799
0.0003596174 0.009909883
0.0003612174 0.01143925
0.0003628174 0.01367449
0.0003644174 0.01579208
0.0003660174 0.01849789
0.0003676174 0.0203802
0.0003692174 0.02261543
0.0003708174 0.02343894
0.0003724174 0.02379187
0.0003740174 0.02308601
0.0003756174 0.02073313
0.0003772174 0.01814496
0.0003788174 0.01567444
0.0003804174 0.01332156
0.0003820174 0.01167454
0.0003836174 0.01038046
0.0003852174 0.009674595
0.0003868174 0.008851087
0.0003884174 0.008380511
0.0003900174 0.007086428
0.0003916174 0.005909988
0.0003932174 0.004145329
0.0003948174 0.002498313
0.0003964174 0.0001454343
0.0003980174 -0.001736869
0.0003996174 -0.003972104
0.0004012174 -0.005266188
0.0004028174 -0.007736711
0.0004044174 -0.008442575
0.0004060174 -0.01056017
0.0004076174 -0.01173661
0.0004092174 -0.01326598
0.0004108174 -0.01397184
0.0004124174 -0.01503064
0.0004140174 -0.01561886
0.0004156174 -0.01597179
0.0004172174 -0.01561886
0.0004188174 -0.01479535
0.0004204174 -0.01350126
0.0004220174 -0.01197189
0.0004236174 -0.01067781
0.0004252174 -0.009383726
0.0004268174 -0.007266135
0.0004284174 -0.006089696
0.0004300174 -0.004325036
0.0004316174 -0.003030953
0.0004332174 -0.001972157
0.0004348174 -0.001736869
0.0004364174 -0.001501581
0.0004380174 -0.002442733
0.0004396174 -0.004207392
0.0004412174 -0.006560271
0.0004428174 -0.009619014
0.0004444174 -0.01256011
0.0004460174 -0.01503064
0.0004476174 -0.01691294
0.0004492174 -0.01785409
0.0004508174 -0.01785409
0.0004524174 -0.01714823
0.0004540174 -0.01585414
0.0004556174 -0.0138542
0.0004572174 -0.0109131
0.0004588174 -0.007383779
0.0004604174 -0.005148544
0.0004620174 -0.002325089
0.0004636174 -0.0009133613
0.0004652174 0.0002630782
0.0004668174 0.0003807222
0.0004684174 0.0007336541
0.0004700174 -0.0003251415
0.0004716174 -0.001148649
0.0004732174 -0.003148597
0.0004748174 -0.00561912
0.0004764174 -0.007971999
0.0004780174 -0.01032488
0.0004796174 -0.01267776
0.0004812174 -0.01444242
0.0004828174 -0.0146777
0.0004844174 -0.01514828
0.0004860174 -0.01444242
0.0004876174 -0.01326598
0.0004892174 -0.01185425
0.0004908174 -0.009266082
0.0004924174 -0.007501423
0.0004940174 -0.004913256
0.0004956174 -0.002678021
0.0004972174 -0.0002074976
0.0004988174 0.001086586
0.0005004174 0.002380669
0.0005020174 0.003204177
0.0005036174 0.003557109
0.0005052174 0.004262973
0.0005068174 0.004498261
0.0005084174 0.005321768
0.0005100174 0.006027632
0.0005116174 0.006733496
0.0005132174 0.007909936
0.0005148174 0.009321663
0.0005164174 0.01096868
0.0005180174 0.01202747
0.0005196174 0.01249805
0.0005212174 0.01296863
0.0005228174 0.01296863
0.0005244174 0.01238041
0.0005260174 0.01143925
0.0005276174 0.01026281
0.0005292174 0.009439307
0.0005308174 0.008145223
0.0005324174 0.007321716
0.0005340174 0.006615852
0.0005356174 0.005557056
0.0005372174 0.004380617
0.0005388174 0.003557109
0.0005404174 0.001674806
0.0005420174 -8.985363e-005
0.0005436174 -0.001266293
0.0005452174 -0.002678021
0.0005468174 -0.003736816
0.0005484174 -0.003501528
0.0005500174 -0.003383884
0.0005516174 -0.002560377
0.0005532174 -0.001736869
0.0005548174 -0.0006780734
0.0005564174 -0.0002074976
0.0005580174 0.0007336541
0.0005596174 0.000968942
0.0005612174 0.001910094
0.0005628174 0.002733601
0.0005644174 0.004262973
0.0005660174 0.005792344
0.0005676174 0.007909936
0.0005692174 0.009204019
0.0005708174 0.0115569
0.0005724174 0.01226276
0.0005740174 0.01438035
0.0005756174 0.01520386
0.0005772174 0.01661559
0.0005788174 0.01708616
0.0005804174 0.01732145
0.0005820174 0.01661559
0.0005836174 0.0153215
0.0005852174 0.01332156
0.0005868174 0.0104981
0.0005884174 0.007086428
0.0005900174 0.004027685
0.0005916174 -8.985363e-005
0.0005932174 -0.003619172
0.0005948174 -0.006795559
0.0005964174 -0.009030794
0.0005980174 -0.009736658
0.0005996174 -0.00950137
0.0006012174 -0.008677863
0.0006028174 -0.006795559
0.0006044174 -0.004207392
0.0006060174 -0.001619225
0.0006076174 0.0004983662
0.0006092174 0.002968889
0.0006108174 0.005204125
0.0006124174 0.007321716
0.0006140174 0.009204019
0.0006156174 0.01073339
0.0006172174 0.01120397
0.0006188174 0.0115569
0.0006204174 0.01143925
0.0006220174 0.01143925
0.0006236174 0.01014517
0.0006252174 0.008851087
0.0006268174 0.00685114
0.0006284174 0.005321768
0.0006300174 0.003086533
0.0006316174 0.000851298
0.0006332174 -0.001266293
0.0006348174 -0.003148597
0.0006364174 -0.004677968
0.0006380174 -0.00561912
0.0006396174 -0.007148491
0.0006412174 -0.007971999
0.0006428174 -0.009030794
0.0006444174 -0.009736658
0.0006460174 -0.01008959
0.0006476174 -0.01020723
0.0006492174 -0.01056017
0.0006508174 -0.01056017
0.0006524174 -0.01067781
0.0006540174 -0.0109131
0.0006556174 -0.01138367
0.0006572174 -0.01114839
0.0006588174 -0.01150132
0.0006604174 -0.01138367
0.0006620174 -0.01126603
0.0006636174 -0.01079545
0.0006652174 -0.01008959
0.0006668174 -0.009030794
0.0006684174 -0.008089643
0.0006700174 -0.006677915
0.0006716174 -0.005501476
0.0006732174 -0.004677968
0.0006748174 -0.00444268
0.0006764174 -0.003972104
0.0006780174 -0.003736816
0.0006796174 -0.00385446
0.0006812174 -0.004325036
0.0006828174 -0.004207392
0.0006844174 -0.00444268
0.0006860174 -0.004677968
0.0006876174 -0.005501476
0.0006892174 -0.005972052
0.0006908174 -0.007266135
0.0006924174 -0.008442575
0.0006940174 -0.009971946
0.0006956174 -0.01044252
0.0006972174 -0.01138367
0.0006988174 -0.01267776
0.0007004174 -0.01267776
0.0007020174 -0.01173661
0.0007036174 -0.0109131
0.0007052174 -0.009971946
0.0007068174 -0.008089643
0.0007084174 -0.0050309
0.0007100174 -0.002913309
0.0007116174 -0.0006780734
0.0007132174 0.001910094
0.0007148174 0.004380617
0.0007164174 0.006498208
0.0007180174 0.009086375
0.0007196174 0.01179219
0.0007212174 0.01426271
0.0007228174 0.01590972
0.0007244174 0.01755674
0.0007260174 0.01849789
0.0007276174 0.0193214
0.0007292174 0.01955669
0.0007308174 0.01979198
0.0007324174 0.0193214
0.0007340174 0.01896847
0.0007356174 0.01767438
0.0007372174 0.01696852
0.0007388174 0.01520386
0.0007404174 0.01390978
0.0007420174 0.01296863
0.0007436174 0.01179219
0.0007452174 0.01085103
0.0007468174 0.01026281
0.0007484174 0.009556951
0.0007500174 0.008733443
0.0007516174 0.008262867
0.0007532174 0.007674648
0.0007548174 0.007321716
0.0007564174 0.006968784
0.0007580174 0.007086428
0.0007596174 0.007204072
0.0007612174 0.007557004
0.0007628174 0.008615799
0.0007644174 0.01002753
0.0007660174 0.01167454
0.0007676174 0.01320391
0.0007692174 0.0153215
0.0007708174 0.01661559
0.0007724174 0.01885082
0.0007740174 0.02014491
0.0007756174 0.0222625
0.0007772174 0.02332129
0.0007788174 0.02402716
0.0007804174 0.02461538
0.0007820174 0.02496831
0.0007836174 0.02496831
0.0007852174 0.02438009
0.0007868174 0.02343894
0.0007884174 0.02214485
0.0007900174 0.02096841
0.0007916174 0.01979198
0.0007932174 0.01873318
0.0007948174 0.0174391
0.0007964174 0.01673323
0.0007980174 0.01590972
0.0007996174 0.01496857
0.0008012174 0.014498
0.0008028174 0.01285098
0.0008044174 0.01214512
0.0008060174 0.0104981
0.0008076174 0.009204019
0.0008092174 0.007204072
0.0008108174 0.007204072
0.0008124174 0.006498208
0.0008140174 0.00626292
0.0008156174 0.006498208
0.0008172174 0.006968784
0.0008188174 0.007674648
0.0008204174 0.008380511
0.0008220174 0.009674595
0.0008236174 0.01073339
0.0008252174 0.01120397
0.0008268174 0.01320391
0.0008284174 0.01402742
0.0008300174 0.0153215
0.0008316174 0.01626266
0.0008332174 0.01720381
0.0008348174 0.01767438
0.0008364174 0.01849789
0.0008380174 0.01896847
0.0008396174 0.01920376
0.0008412174 0.01896847
0.0008428174 0.01885082
0.0008444174 0.01838025
0.0008460174 0.01802732
0.0008476174 0.01732145
0.0008492174 0.01673323
0.0008508174 0.01614501
0.0008524174 0.01555679
0.0008540174 0.01402742
0.0008556174 0.01308627
0.0008572174 0.01108632
0.0008588174 0.009792239
0.0008604174 0.00802758
0.0008620174 0.007086428
0.0008636174 0.006380564
0.0008652174 0.005792344
0.0008668174 0.005204125
0.0008684174 0.005557056
0.0008700174 0.005792344
0.0008716174 0.00685114
0.0008732174 0.00743936
0.0008748174 0.009204019
0.0008764174 0.01014517
0.0008780174 0.01167454
0.0008796174 0.01261569
0.0008812174 0.01438035
0.0008828174 0.0153215
0.0008844174 0.01696852
0.0008860174 0.01814496
0.0008876174 0.01955669
0.0008892174 0.02073313
0.0008908174 0.02155663
0.0008924174 0.0222625
0.0008940174 0.02261543
0.0008956174 0.02320365
0.0008972174 0.02308601
0.0008988174 0.02273307
0.0009004174 0.02249779
0.0009020174 0.02155663
0.0009036174 0.02049784
0.0009052174 0.01955669
0.0009068174 0.01779203
0.0009084174 0.0163803
0.0009100174 0.01461564
0.0009116174 0.01367449
0.0009132174 0.01296863
0.0009148174 0.01132161
0.0009164174 0.01108632
0.0009180174 0.01073339
0.0009196174 0.01120397
0.0009212174 0.01096868
0.0009228174 0.01202747
0.0009244174 0.01273334
0.0009260174 0.01402742
0.0009276174 0.01508622
0.0009292174 0.01649794
0.0009308174 0.01790967
0.0009324174 0.0193214
0.0009340174 0.02085077
0.0009356174 0.02285072
0.0009372174 0.02367423
0.0009388174 0.02555653
0.0009404174 0.02638004
0.0009420174 0.02743883
0.0009436174 0.02802705
0.0009452174 0.02849763
0.0009468174 0.02837998
0.0009484174 0.02802705
0.0009500174 0.02779176
0.0009516174 0.02685061
0.0009532174 0.02590946
0.0009548174 0.02473302
0.0009564174 0.02367423
0.0009580174 0.02155663
0.0009596174 0.02014491
0.0009612174 0.01838025
0.0009628174 0.01661559
0.0009644174 0.0153215
0.0009660174 0.01414507
0.0009676174 0.01390978
0.0009692174 0.01308627
0.0009708174 0.01332156
0.0009724174 0.0134392
0.0009740174 0.01426271
0.0009756174 0.014498
0.0009772174 0.01579208
0.0009788174 0.01661559
0.0009804174 0.01732145
0.0009820174 0.01790967
0.0009836174 0.01920376
0.0009852174 0.01979198
0.0009868174 0.0212037
0.0009884174 0.02179192
0.0009900174 0.02273307
0.0009916174 0.02367423
0.0009932174 0.02555653
0.0009948174 0.02720354
0.0009964174 0.02920349
0.0009980174 0.03014464
0.0009996174 0.03143873
0.001001217 0.03202695
0.001002817 0.0329681
0.001004417 0.03343867
0.001006017 0.03355632
0.001007617 0.03308574
0.001009217 0.03261517
0.001010817 0.03132108
0.001012417 0.030027
0.001014017 0.02826234
0.001015617 0.02685061
0.001017217 0.02555653
0.001018817 0.02449773
0.001020417 0.02273307
0.001022017 0.02143899
0.001023617 0.01979198
0.001025217 0.01861554
0.001026817 0.01779203
0.001028417 0.01720381
0.001030017 0.01696852
0.001031617 0.01685088
0.001033217 0.01708616
0.001034817 0.01720381
0.001036417 0.01732145
0.001038017 0.0182626
0.001039617 0.01790967
0.001041217 0.0182626
0.001042817 0.01802732
0.001044417 0.0174391
0.001046017 0.01649794
0.001047617 0.01555679
0.001049217 0.01402742
0.001050817 0.0134392
0.001052417 0.01167454
0.001054017 0.0104981
0.001055617 0.008733443
0.001057217 0.007557004
0.001058817 0.006733496
0.001060417 0.005557056
0.001062017 0.004145329
0.001063617 0.003674753
0.001065217 0.002498313
0.001066817 0.00179245
0.001068417 0.000851298
0.001070017 -8.985363e-005
0.001071617 -0.0009133613
0.001073217 -0.001501581
0.001074817 -0.002089801
0.001076417 -0.002795665
0.001078017 -0.003030953
0.001079617 -0.003030953
0.001081217 -0.003266241
0.001082817 -0.003148597
0.001084417 -0.003030953
0.001086017 -0.002325089
0.001087617 -0.002325089
0.001089217 -0.001148649
0.001090817 -0.0007957174
0.001092417 -8.985363e-005
0.001094017 -0.0003251415
0.001095617 -0.0007957174
0.001097217 -0.001148649
0.001098817 -0.001266293
0.001100417 -0.001972157
0.001102017 -0.001972157
0.001103617 -0.001854513
0.001105217 -0.001972157
0.001106817 -0.001972157
0.001108417 -0.001619225
0.001110017 -0.001619225
0.001111617 -0.0006780734
0.001113217 -0.0003251415
0.001114817 -0.0002074976
0.001116417 0.0001454343
0.001118017 2.779033e-005
0.001119617 0.0001454343
0.001121217 -8.985363e-005
0.001122817 2.779033e-005
0.001124417 -0.0002074976
0.001126017 -0.0002074976
0.001127617 -0.0003251415
0.001129217 -0.0009133613
0.001130817 -0.001031005
0.001132417 -0.001031005
0.001134017 -0.001619225
0.001135617 -0.002089801
0.001137217 -0.002442733
0.001138817 -0.002560377
0.001140417 -0.003030953
0.001142017 -0.003266241
0.001143617 -0.003148597
0.001145217 -0.003030953
0.001146817 -0.002795665
0.001148417 -0.002678021
0.001150017 -0.001854513
0.001151617 -0.001619225
0.001153217 -0.001148649
0.001154817 -0.0003251415
0.001156417 0.0002630782
0.001158017 0.0006160101
0.001159617 0.00120423
0.001161217 0.001674806
0.001162817 0.002615957
0.001164417 0.003086533
0.001166017 0.003792397
0.001167617 0.003674753
0.001169217 0.004145329
0.001170817 0.003792397
0.001172417 0.003792397
0.001174017 0.003792397
0.001175617 0.003674753
0.001177217 0.003204177
0.001178817 0.003674753
0.001180417 0.003439465
0.001182017 0.003910041
0.001183617 0.003792397
0.001185217 0.004380617
0.001186817 0.004615905
0.001188417 0.004615905
0.001190017 0.004733549
0.001191617 0.004851193
0.001193217 0.004851193
0.001194817 0.005439412
0.001196417 0.005909988
0.001198017 0.006027632
0.001199617 0.006498208
0.001201217 0.00685114
0.001202817 0.00685114
0.001204417 0.007321716
0.001206017 0.007086428
0.001207617 0.00685114
0.001209217 0.007086428
0.001210817 0.007204072
0.001212417 0.007321716
0.001214017 0.007674648
0.001215617 0.007557004
0.001217217 0.007557004
0.001218817 0.007204072
0.001220417 0.007321716
0.001222017 0.006498208
0.001223617 0.005792344
0.001225217 0.004851193
0.001226817 0.004615905
0.001228417 0.003557109
0.001230017 0.002968889
0.001231617 0.00179245
0.001233217 0.001086586
0.001234817 -0.0002074976
0.001236417 -0.001383937
0.001238017 -0.002442733
0.001239617 -0.003383884
0.001241217 -0.00385446
0.001242817 -0.004795612
0.001244417 -0.005266188
0.001246017 -0.005736764
0.001247617 -0.006560271
0.001249217 -0.006913203
0.001250817 -0.007501423
0.001252417 -0.007266135
0.001254017 -0.007266135
0.001255617 -0.007148491
0.001257217 -0.006795559
0.001258817 -0.006324983
0.001260417 -0.005854408
0.001262017 -0.0050309
0.001263617 -0.004560324
0.001265217 -0.004560324
0.001266817 -0.004089748
0.001268417 -0.003736816
0.001270017 -0.00385446
0.001271617 -0.004089748
0.001273217 -0.004207392
0.001274817 -0.004089748
0.001276417 -0.003736816
0.001278017 -0.003736816
0.001279617 -0.003383884
0.001281217 -0.002913309
0.001282817 -0.003030953
0.001284417 -0.002795665
0.001286017 -0.002325089
0.001287617 -0.002207445
0.001289217 -0.001619225
0.001290817 -0.001619225
0.001292417 -0.002089801
0.001294017 -0.001619225
0.001295617 -0.001501581
0.001297217 -0.001383937
0.001298817 -0.001266293
0.001300417 -0.0007957174
0.001302017 -0.0007957174
0.001303617 -0.0004427855
0.001305217 -0.0005604295
0.001306817 -0.0003251415
0.001308417 -0.0004427855
0.001310017 -0.0006780734
0.001311617 -0.001501581
0.001313217 -0.001619225
0.001314817 -0.002325089
0.001316417 -0.002795665
0.001318017 -0.002795665
0.001319617 -0.003148597
0.001321217 -0.003619172
0.001322817 -0.003736816
0.001324417 -0.004089748
0.001326017 -0.004677968
0.001327617 -0.004795612
0.001329217 -0.004560324
0.001330817 -0.004325036
0.001332417 -0.004207392
0.001334017 -0.003619172
0.001335617 -0.003383884
0.001337217 -0.003030953
0.001338817 -0.002325089
0.001340417 -0.002089801
0.001342017 -0.001383937
0.001343617 -0.001383937
0.001345217 -0.0009133613
0.001346817 -0.001031005
0.001348417 -0.0004427855
0.001350017 -0.0005604295
0.001351617 -0.0005604295
0.001353217 -0.0007957174
0.001354817 -0.0004427855
0.001356417 -0.0009133613
0.001358017 -0.001148649
0.001359617 -0.001619225
0.001361217 -0.001148649
0.001362817 -0.001383937
0.001364417 -0.0006780734
0.001366017 -0.0005604295
0.001367617 -0.0002074976
0.001369217 -8.985363e-005
0.001370817 0.0002630782
0.001372417 2.779033e-005
0.001374017 0.0003807222
0.001375617 0.0002630782
0.001377217 -0.0004427855
0.001378817 -0.0007957174
0.001380417 -0.001266293
0.001382017 -0.001972157
0.001383617 -0.002560377
0.001385217 -0.002913309
0.001386817 -0.002913309
0.001388417 -0.003030953
0.001390017 -0.002678021
0.001391617 -0.002325089
0.001393217 -0.001736869
0.001394817 -0.001266293
0.001396417 -0.0005604295
0.001398017 0.0001454343
0.001399617 0.0004983662
0.001401217 0.0004983662
0.001402817 0.0007336541
0.001404417 0.0004983662
0.001406017 0.0007336541
0.001407617 2.779033e-005
0.001409217 0.0002630782
0.001410817 0.0001454343
0.001412417 0.0003807222
0.001414017 0.0001454343
0.001415617 0.001086586
0.001417217 0.0007336541
0.001418817 0.001321874
0.001420417 0.001321874
0.001422017 0.002263026
0.001423617 0.002145382
0.001425217 0.002733601
0.001426817 0.002263026
0.001428417 0.002733601
0.001430017 0.002733601
0.001431617 0.003204177
0.001433217 0.003086533
0.001434817 0.002968889
0.001436417 0.003086533
0.001438017 0.003086533
0.001439617 0.002615957
0.001441217 0.002263026
0.001442817 0.002145382
0.001444417 0.002145382
0.001446017 0.00179245
0.001447617 0.001557162
0.001449217 0.001439518
0.001450817 0.00120423
0.001452417 0.0006160101
0.001454017 0.0007336541
0.001455617 2.779033e-005
0.001457217 -0.0004427855
0.001458817 -0.001031005
0.001460417 -0.001736869
0.001462017 -0.002089801
0.001463617 -0.002442733
0.001465217 -0.003030953
0.001466817 -0.003736816
0.001468417 -0.004795612
0.001470017 -0.004913256
0.001471617 -0.006089696
0.001473217 -0.006795559
0.001474817 -0.007619067
0.001476417 -0.008442575
0.001478017 -0.008913151
0.001479617 -0.009383726
0.001481217 -0.01020723
0.001482817 -0.01056017
0.001484417 -0.01114839
0.001486017 -0.01114839
0.001487617 -0.01173661
0.001489217 -0.01150132
0.001490817 -0.01161896
0.001492417 -0.01197189
0.001494017 -0.01138367
0.001495617 -0.01126603
0.001497217 -0.01150132
0.001498817 -0.01126603
0.001500417 -0.01114839
0.001502017 -0.01161896
0.001503617 -0.01161896
0.001505217 -0.01161896
0.001506817 -0.01220718
0.001508417 -0.01244247
0.001510017 -0.01338362
0.001511617 -0.01303069
0.001513217 -0.01361891
0.001514817 -0.0138542
0.001516417 -0.01397184
0.001518017 -0.01373655
0.001519617 -0.01361891
0.001521217 -0.01326598
0.001522817 -0.01350126
0.001524417 -0.01350126
0.001526017 -0.01338362
0.001527617 -0.01326598
0.001529217 -0.01338362
0.001530817 -0.01314833
0.001532417 -0.0127954
0.001534017 -0.01267776
0.001535617 -0.01208954
0.001537217 -0.01220718
0.001538817 -0.01185425
0.001540417 -0.01161896
0.001542017 -0.01126603
0.001543617 -0.01126603
0.001545217 -0.01161896
0.001546817 -0.01161896
0.001548417 -0.01220718
0.001550017 -0.01208954
0.001551617 -0.01220718
0.001553217 -0.01220718
0.001554817 -0.01208954
0.001556417 -0.01173661
0.001558017 -0.01126603
0.001559617 -0.01044252
0.001561217 -0.00950137
0.001562817 -0.008913151
0.001564417 -0.007854355
0.001566017 -0.007383779
0.001567617 -0.006677915
0.001569217 -0.006207339
0.001570817 -0.005854408
0.001572417 -0.005266188
0.001574017 -0.005383832
0.001575617 -0.004677968
0.001577217 -0.004677968
0.001578817 -0.004795612
0.001580417 -0.004795612
0.001582017 -0.0050309
0.001583617 -0.005501476
0.001585217 -0.005854408
0.001586817 -0.005972052
0.001588417 -0.005854408
0.001590017 -0.006324983
0.001591617 -0.006207339
0.001593217 -0.006677915
0.001594817 -0.006677915
0.001596417 -0.006560271
0.001598017 -0.006913203
0.001599617 -0.006677915
0.001601217 -0.006442627
0.001602817 -0.006677915
0.001604417 -0.006324983
0.001606017 -0.006560271
0.001607617 -0.006324983
0.001609217 -0.006324983
0.001610817 -0.006207339
0.001612417 -0.005736764
0.001614017 -0.005854408
0.001615617 -0.005383832
0.001617217 -0.005266188
0.001618817 -0.005148544
0.001620417 -0.004795612
0.001622017 -0.004795612
0.001623617 -0.004325036
0.001625217 -0.004325036
0.001626817 -0.004560324
0.001628417 -0.004795612
0.001630017 -0.004325036
0.001631617 -0.004677968
0.001633217 -0.004795612
0.001634817 -0.004913256
0.001636417 -0.005383832
0.001638017 -0.005266188
0.001639617 -0.00561912
0.001641217 -0.005854408
0.001642817 -0.006207339
0.001644417 -0.006324983
0.001646017 -0.006442627
0.001647617 -0.006560271
0.001649217 -0.006560271
0.001650817 -0.006795559
0.001652417 -0.006795559
0.001654017 -0.006324983
0.001655617 -0.006677915
0.001657217 -0.006560271
0.001658817 -0.006442627
0.001660417 -0.006442627
0.001662017 -0.006089696
0.001663617 -0.005972052
0.001665217 -0.005972052
0.001666817 -0.005854408
0.001668417 -0.005972052
0.001670017 -0.006207339
0.001671617 -0.006089696
0.001673217 -0.006324983
0.001674817 -0.006324983
0.001676417 -0.006442627
0.001678017 -0.006677915
0.001679617 -0.007030847
0.001681217 -0.006677915
0.001682817 -0.006913203
0.001684417 -0.007148491
0.001686017 -0.007619067
0.001687617 -0.007619067
0.001689217 -0.007383779
0.001690817 -0.007148491
0.001692417 -0.007501423
0.001694017 -0.007148491
0.001695617 -0.006795559
0.001697217 -0.006324983
0.001698817 -0.005972052
0.001700417 -0.0050309
0.001702017 -0.004677968
0.001703617 -0.004325036
0.001705217 -0.003736816
0.001706817 -0.003383884
0.001708417 -0.003266241
0.001710017 -0.002913309
0.001711617 -0.003030953
0.001713217 -0.003148597
0.001714817 -0.003383884
0.001716417 -0.003619172
0.001718017 -0.004207392
0.001719617 -0.004560324
0.001721217 -0.005148544
0.001722817 -0.00561912
0.001724417 -0.006324983
0.001726017 -0.006795559
0.001727617 -0.007383779
0.001729217 -0.007501423
0.001730817 -0.007971999
0.001732417 -0.007383779
0.001734017 -0.007854355
0.001735617 -0.007619067
0.001737217 -0.007854355
0.001738817 -0.007383779
0.001740417 -0.007383779
0.001742017 -0.007148491
0.001743617 -0.007266135
0.001745217 -0.007266135
0.001746817 -0.007501423
0.001748417 -0.007383779
0.001750017 -0.007383779
0.001751617 -0.007619067
0.001753217 -0.007854355
0.001754817 -0.007971999
0.001756417 -0.008324931
0.001758017 -0.007971999
0.001759617 -0.008089643
0.001761217 -0.007971999
0.001762817 -0.007971999
0.001764417 -0.008324931
0.001766017 -0.008089643
0.001767617 -0.007619067
0.001769217 -0.007619067
0.001770817 -0.007148491
0.001772417 -0.007148491
0.001774017 -0.006560271
0.001775617 -0.006677915
0.001777217 -0.005854408
0.001778817 -0.00561912
0.001780417 -0.004795612
0.001782017 -0.003972104
0.001783617 -0.004089748
0.001785217 -0.003501528
0.001786817 -0.003148597
0.001788417 -0.002678021
0.001790017 -0.002207445
0.001791617 -0.001972157
0.001793217 -0.001383937
0.001794817 -0.0009133613
0.001796417 -0.0003251415
0.001798017 0.0001454343
0.001799617 0.000851298
0.001801217 0.000968942
0.001802817 0.001557162
0.001804417 0.002027738
0.001806017 0.002615957
0.001807617 0.002498313
0.001809217 0.002498313
0.001810817 0.002263026
0.001812417 0.001910094
0.001814017 0.001321874
0.001815617 0.001439518
0.001817217 0.0007336541
0.001818817 0.000851298
0.001820417 -8.985363e-005
0.001822017 0.0001454343
0.001823617 -8.985363e-005
0.001825217 2.779033e-005
0.001826817 0.0003807222
0.001828417 0.0006160101
0.001830017 0.000851298
0.001831617 0.001439518
0.001833217 0.001557162
0.001834817 0.002263026
0.001836417 0.002498313
0.001838017 0.002968889
0.001839617 0.003439465
0.001841217 0.004145329
0.001842817 0.004262973
0.001844417 0.004733549
0.001846017 0.004733549
0.001847617 0.005557056
0.001849217 0.0056747
0.001850817 0.00626292
0.001852417 0.006615852
0.001854017 0.00685114
0.001855617 0.006733496
0.001857217 0.006733496
0.001858817 0.006145276
0.001860417 0.005909988
0.001862017 0.0056747
0.001863617 0.005204125
0.001865217 0.004968837
0.001866817 0.004851193
0.001868417 0.004968837
0.001870017 0.005204125
0.001871617 0.004733549
0.001873217 0.004968837
0.001874817 0.005321768
0.001876417 0.005557056
0.001878017 0.006027632
0.001879617 0.006027632
0.001881217 0.006380564
0.001882817 0.006615852
0.001884417 0.006498208
0.001886017 0.007086428
0.001887617 0.007204072
0.001889217 0.007557004
0.001890817 0.007909936
0.001892417 0.00802758
0.001894017 0.008262867
0.001895617 0.008498155
0.001897217 0.008733443
0.001898817 0.008851087
0.001900417 0.008733443
0.001902017 0.009086375
0.001903617 0.008733443
0.001905217 0.008498155
0.001906817 0.008615799
0.001908417 0.008262867
0.001910017 0.008262867
0.001911617 0.008262867
0.001913217 0.008615799
0.001914817 0.008851087
0.001916417 0.008733443
0.001918017 0.008733443
0.001919617 0.008968731
0.001921217 0.009792239
0.001922817 0.009792239
0.001924417 0.01002753
0.001926017 0.009909883
0.001927617 0.01026281
0.001929217 0.01014517
0.001930817 0.009792239
0.001932417 0.009439307
0.001934017 0.009321663
0.001935617 0.008615799
0.001937217 0.008733443
0.001938817 0.008145223
0.001940417 0.008262867
0.001942017 0.007321716
0.001943617 0.00743936
0.001945217 0.007086428
0.001946817 0.007204072
0.001948417 0.006968784
0.001950017 0.007086428
0.001951617 0.007321716
0.001953217 0.00743936
0.001954817 0.00743936
0.001956417 0.008262867
0.001958017 0.008380511
0.001959617 0.009321663
0.001961217 0.01002753
0.001962817 0.01014517
0.001964417 0.01073339
0.001966017 0.0104981
0.001967617 0.0115569
0.001969217 0.01167454
0.001970817 0.01167454
0.001972417 0.01202747
0.001974017 0.01167454
0.001975617 0.01190983
0.001977217 0.0115569
0.001978817 0.01167454
0.001980417 0.01132161
0.001982017 0.0115569
0.001983617 0.01143925
0.001985217 0.01179219
0.001986817 0.01143925
0.001988417 0.01202747
0.001990017 0.01202747
0.001991617 0.01238041
0.001993217 0.01249805
0.001994817 0.01285098
0.001996417 0.01261569
0.001998017 0.01320391
0.001999617 0.01249805
0.002001217 0.01285098
0.002002817 0.01273334
0.002004417 0.01273334
0.002006017 0.01238041
0.002007617 0.01249805
0.002009217 0.01202747
0.002010817 0.01202747
0.002012417 0.01167454
0.002014017 0.0115569
0.002015617 0.01132161
0.002017217 0.01120397
0.002018817 0.01096868
0.002020417 0.0104981
0.002022017 0.01038046
0.002023617 0.01002753
0.002025217 0.009556951
0.002026817 0.009204019
0.002028417 0.008851087
0.002030017 0.008380511
0.002031617 0.007792292
0.002033217 0.00743936
0.002034817 0.00685114
0.002036417 0.006733496
0.002038017 0.006498208
0.002039617 0.005792344
0.002041217 0.005557056
0.002042817 0.005439412
0.002044417 0.004968837
0.002046017 0.005557056
0.002047617 0.005086481
0.002049217 0.005321768
0.002050817 0.005086481
0.002052417 0.005321768
0.002054017 0.005204125
0.002055617 0.005321768
0.002057217 0.005086481
0.002058817 0.005557056
0.002060417 0.005086481
0.002062017 0.004851193
0.002063617 0.004615905
0.002065217 0.004498261
0.002066817 0.003910041
0.002068417 0.004027685
0.002070017 0.003439465
0.002071617 0.003086533
0.002073217 0.002498313
0.002074817 0.002263026
0.002076417 0.001321874
0.002078017 0.001557162
0.002079617 0.000968942
0.002081217 0.000968942
0.002082817 0.0007336541
0.002084417 0.001086586
0.002086017 0.0006160101
0.002087617 0.0006160101
0.002089217 0.0003807222
0.002090817 0.0006160101
0.002092417 0.0004983662
0.002094017 0.0003807222
0.002095617 -0.0003251415
0.002097217 -0.0002074976
0.002098817 -8.985363e-005
0.002100417 2.779033e-005
0.002102017 -0.0005604295
0.002103617 -0.0005604295
0.002105217 -0.0005604295
0.002106817 -0.0002074976
0.002108417 -0.0003251415
0.002110017 -0.0004427855
0.002111617 -0.0002074976
0.002113217 2.779033e-005
0.002114817 2.779033e-005
0.002116417 0.0001454343
0.002118017 -0.0002074976
0.002119617 -0.0002074976
0.002121217 -8.985363e-005
0.002122817 -8.985363e-005
0.002124417 0.0001454343
0.002126017 0.0001454343
0.002127617 0.0002630782
0.002129217 0.000968942
0.002130817 0.001086586
0.002132417 0.001557162
0.002134017 0.00120423
0.002135617 0.001439518
0.002137217 0.001321874
0.002138817 0.001674806
0.002140417 0.001439518
0.002142017 0.00179245
0.002143617 0.001557162
0.002145217 0.001439518
0.002146817 0.001557162
0.002148417 0.001674806
0.002150017 0.001439518
0.002151617 0.001557162
0.002153217 0.000968942
0.002154817 0.0006160101
0.002156417 0.0006160101
0.002158017 0.0007336541
0.002159617 0.0001454343
0.002161217 0.0007336541
0.002162817 0.0004983662
0.002164417 0.000851298
0.002166017 0.0006160101
0.002167617 0.0004983662
0.002169217 0.0007336541
0.002170817 0.00120423
0.002172417 0.001086586
0.002174017 0.001086586
0.002175617 0.0006160101
0.002177217 0.000851298
0.002178817 0.0003807222
0.002180417 0.0004983662
0.002182017 2.779033e-005
0.002183617 -8.985363e-005
0.002185217 -0.0002074976
0.002186817 -0.0003251415
0.002188417 -0.0006780734
0.002190017 -0.0005604295
0.002191617 -0.0009133613
0.002193217 -0.001148649
0.002194817 -0.001736869
0.002196417 -0.001031005
0.002198017 -0.001383937
0.002199617 -0.001031005
0.002201217 -0.0005604295
0.002202817 -0.0009133613
0.002204417 0.0001454343
0.002206017 0.0002630782
0.002207617 0.0001454343
0.002209217 0.0006160101
0.002210817 0.0007336541
0.002212417 0.001321874
0.002214017 0.001439518
0.002215617 0.00179245
0.002217217 0.001557162
0.002218817 0.002380669
0.002220417 0.002380669
0.002222017 0.002733601
0.002223617 0.002380669
0.002225217 0.002968889
0.002226817 0.002498313
0.002228417 0.002733601
0.002230017 0.002615957
0.002231617 0.002851245
0.002233217 0.002733601
0.002234817 0.002733601
0.002236417 0.002615957
0.002238017 0.002733601
0.002239617 0.002498313
0.002241217 0.002733601
0.002242817 0.002733601
0.002244417 0.002733601
0.002246017 0.002968889
0.002247617 0.002968889
0.002249217 0.002851245
0.002250817 0.002968889
0.002252417 0.002733601
0.002254017 0.003321821
0.002255617 0.003321821
0.002257217 0.003439465
0.002258817 0.002733601
0.002260417 0.003439465
0.002262017 0.003674753
0.002263617 0.003910041
0.002265217 0.003792397
0.002266817 0.003910041
0.002268417 0.003792397
0.002270017 0.004027685
0.002271617 0.003792397
0.002273217 0.003557109
0.002274817 0.003204177
0.002276417 0.003204177
0.002278017 0.002615957
0.002279617 0.002615957
0.002281217 0.002615957
0.002282817 0.002498313
0.002284417 0.002615957
0.002286017 0.003204177
0.002287617 0.003204177
0.002289217 0.003557109
0.002290817 0.003910041
0.002292417 0.004027685
0.002294017 0.004027685
0.002295617 0.004380617
0.002297217 0.003557109
0.002298817 0.003674753
0.002300417 0.002851245
0.002302017 0.002851245
0.002303617 0.002263026
0.002305217 0.002145382
0.002306817 0.00179245
0.002308417 0.00120423
0.002310017 0.000968942
0.002311617 0.000851298
0.002313217 0.000851298
0.002314817 0.001086586
0.002316417 0.0007336541
0.002318017 0.001321874
0.002319617 0.001439518
0.002321217 0.001910094
0.002322817 0.002145382
0.002324417 0.002498313
0.002326017 0.002733601
0.002327617 0.003674753
0.002329217 0.003439465
0.002330817 0.004145329
0.002332417 0.004380617
0.002334017 0.004968837
0.002335617 0.004615905
0.002337217 0.005204125
0.002338817 0.004733549
0.002340417 0.005321768
0.002342017 0.005086481
0.002343617 0.005321768
0.002345217 0.005204125
0.002346817 0.005204125
0.002348417 0.004968837
0.002350017 0.005086481
0.002351617 0.004968837
0.002353217 0.005321768
0.002354817 0.005557056
0.002356417 0.005792344
0.002358017 0.0056747
0.002359617 0.006498208
0.002361217 0.006498208
0.002362817 0.006615852
0.002364417 0.006968784
0.002366017 0.007557004
0.002367617 0.00743936
0.002369217 0.007792292
0.002370817 0.007792292
0.002372417 0.007909936
0.002374017 0.008262867
0.002375617 0.008262867
0.002377217 0.008380511
0.002378817 0.008733443
0.002380417 0.008615799
0.002382017 0.008968731
0.002383617 0.008851087
0.002385217 0.009321663
0.002386817 0.009086375
0.002388417 0.009321663
0.002390017 0.009674595
0.002391617 0.009556951
0.002393217 0.009674595
0.002394817 0.01002753
0.002396417 0.009792239
0.002398017 0.01002753
0.002399617 0.01061575
0.002401217 0.0104981
0.002402817 0.01108632
0.002404417 0.01085103
0.002406017 0.01143925
0.002407617 0.01179219
0.002409217 0.0115569
0.002410817 0.01190983
0.002412417 0.0115569
0.002414017 0.01190983
0.002415617 0.01190983
0.002417217 0.01190983
0.002418817 0.01179219
0.002420417 0.0115569
0.002422017 0.01179219
0.002423617 0.01179219
0.002425217 0.0115569
0.002426817 0.01202747
0.002428417 0.01179219
0.002430017 0.01202747
0.002431617 0.01179219
0.002433217 0.01226276
0.002434817 0.01190983
0.002436417 0.01167454
0.002438017 0.01132161
0.002439617 0.01096868
0.002441217 0.01073339
0.002442817 0.01073339
0.002444417 0.01026281
0.002446017 0.01038046
0.002447617 0.01026281
0.002449217 0.01038046
0.002450817 0.01038046
0.002452417 0.0104981
0.002454017 0.01085103
0.002455617 0.01085103
0.002457217 0.01108632
0.002458817 0.0115569
0.002460417 0.01096868
0.002462017 0.01143925
0.002463617 0.01120397
0.002465217 0.01143925
0.002466817 0.01132161
0.002468417 0.01120397
0.002470017 0.01096868
0.002471617 0.01108632
0.002473217 0.01085103
0.002474817 0.01096868
0.002476417 0.01073339
0.002478017 0.01038046
0.002479617 0.01002753
0.002481217 0.009674595
0.002482817 0.008968731
0.002484417 0.008968731
0.002486017 0.008380511
0.002487617 0.008262867
0.002489217 0.007557004
0.002490817 0.007557004
0.002492417 0.007086428
0.002494017 0.007321716
0.002495617 0.007321716
0.002497217 0.007557004
0.002498817 0.007204072
0.002500417 0.007557004
0.002502017 0.007557004
0.002503617 0.007674648
0.002505217 0.00802758
0.002506817 0.007909936
0.002508417 0.008262867
0.002510017 0.008733443
0.002511617 0.008733443
0.002513217 0.008615799
0.002514817 0.008733443
0.002516417 0.008968731
0.002518017 0.008498155
0.002519617 0.008498155
0.002521217 0.008262867
0.002522817 0.008145223
0.002524417 0.007792292
0.002526017 0.007674648
0.002527617 0.007321716
0.002529217 0.007204072
0.002530817 0.007204072
0.002532417 0.007204072
0.002534017 0.00685114
0.002535617 0.007086428
0.002537217 0.006733496
0.002538817 0.006968784
0.002540417 0.007086428
0.002542017 0.006615852
0.002543617 0.006968784
0.002545217 0.00685114
0.002546817 0.007204072
0.002548417 0.006968784
0.002550017 0.007086428
0.002551617 0.00685114
0.002553217 0.006733496
0.002554817 0.00685114
0.002556417 0.00626292
0.002558017 0.006027632
0.002559617 0.0056747
0.002561217 0.005321768
0.002562817 0.004733549
0.002564417 0.004615905
0.002566017 0.004262973
0.002567617 0.004027685
0.002569217 0.003321821
0.002570817 0.003439465
0.002572417 0.002968889
0.002574017 0.002968889
0.002575617 0.002968889
0.002577217 0.003086533
0.002578817 0.002851245
0.002580417 0.002615957
0.002582017 0.002615957
0.002583617 0.002615957
0.002585217 0.002027738
0.002586817 0.002027738
0.002588417 0.001910094
0.002590017 0.00179245
0.002591617 0.001674806
0.002593217 0.001321874
0.002594817 0.001439518
0.002596417 0.00179245
0.002598017 0.001439518
0.002599617 0.002027738
0.002601217 0.002145382
0.002602817 0.002498313
0.002604417 0.002380669
0.002606017 0.002851245
0.002607617 0.002615957
0.002609217 0.003086533
0.002610817 0.002968889
0.002612417 0.002968889
0.002614017 0.002968889
0.002615617 0.002851245
0.002617217 0.002968889
0.002618817 0.002851245
0.002620417 0.002263026
0.002622017 0.002027738
0.002623617 0.001674806
0.002625217 0.001557162
0.002626817 0.001086586
0.002628417 0.000851298
0.002630017 0.0006160101
0.002631617 0.001086586
0.002633217 0.000968942
0.002634817 0.0007336541
0.002636417 0.000851298
0.002638017 0.000968942
0.002639617 0.00120423
0.002641217 0.00179245
0.002642817 0.00179245
0.002644417 0.002027738
0.002646017 0.001910094
0.002647617 0.002145382
0.002649217 0.002027738
0.002650817 0.002027738
0.002652417 0.001557162
0.002654017 0.001086586
0.002655617 0.000851298
0.002657217 0.00120423
0.002658817 0.0002630782
0.002660417 -0.0004427855
0.002662017 -0.0009133613
0.002663617 -0.001383937
0.002665217 -0.001854513
0.002666817 -0.002089801
0.002668417 -0.002442733
0.002670017 -0.002795665
0.002671617 -0.003030953
0.002673217 -0.003619172
0.002674817 -0.003501528
0.002676417 -0.003619172
0.002678017 -0.003619172
0.002679617 -0.003619172
0.002681217 -0.003972104
0.002682817 -0.003736816
0.002684417 -0.003972104
0.002686017 -0.003383884
0.002687617 -0.003501528
0.002689217 -0.003383884
0.002690817 -0.003619172
0.002692417 -0.003383884
0.002694017 -0.003501528
0.002695617 -0.003383884
0.002697217 -0.003736816
0.002698817 -0.003383884
0.002700417 -0.003619172
0.002702017 -0.003383884
0.002703617 -0.00385446
0.002705217 -0.004089748
0.002706817 -0.004325036
0.002708417 -0.004089748
0.002710017 -0.004795612
0.002711617 -0.005266188
0.002713217 -0.005501476
0.002714817 -0.006442627
0.002716417 -0.006795559
0.002718017 -0.007383779
0.002719617 -0.008089643
0.002721217 -0.008442575
0.002722817 -0.009266082
0.002724417 -0.009383726
0.002726017 -0.009971946
0.002727617 -0.01020723
0.002729217 -0.01044252
0.002730817 -0.01044252
0.002732417 -0.01103074
0.002734017 -0.01079545
0.002735617 -0.01114839
0.002737217 -0.01079545
0.002738817 -0.01126603
0.002740417 -0.01126603
0.002742017 -0.01161896
0.002743617 -0.01220718
0.002745217 -0.01197189
0.002746817 -0.01267776
0.002748417 -0.01291305
0.002750017 -0.01326598
0.002751617 -0.01350126
0.002753217 -0.01361891
0.002754817 -0.01432477
0.002756417 -0.01432477
0.002758017 -0.01432477
0.002759617 -0.0146777
0.002761217 -0.0146777
0.002762817 -0.01444242
0.002764417 -0.01456006
0.002766017 -0.0146777
0.002767617 -0.01420713
0.002769217 -0.01432477
0.002770817 -0.01408948
0.002772417 -0.01350126
0.002774017 -0.01338362
0.002775617 -0.01303069
0.002777217 -0.01244247
0.002778817 -0.01220718
0.002780417 -0.01185425
0.002782017 -0.01138367
0.002783617 -0.01114839
0.002785217 -0.01056017
0.002786817 -0.01008959
0.002788417 -0.009854302
0.002790017 -0.009854302
0.002791617 -0.009383726
0.002793217 -0.009854302
0.002794817 -0.00950137
0.002796417 -0.009619014
0.002798017 -0.009383726
0.002799617 -0.00950137
0.002801217 -0.00950137
0.002802817 -0.009854302
0.002804417 -0.009383726
0.002806017 -0.00950137
0.002807617 -0.008913151
0.002809217 -0.008913151
0.002810817 -0.008677863
0.002812417 -0.008324931
0.002814017 -0.008207287
0.002815617 -0.007854355
0.002817217 -0.007619067
0.002818817 -0.007266135
0.002820417 -0.006677915
0.002822017 -0.006795559
0.002823617 -0.006089696
0.002825217 -0.00561912
0.002826817 -0.005383832
0.002828417 -0.004560324
0.002830017 -0.004325036
0.002831617 -0.00385446
0.002833217 -0.003383884
0.002834817 -0.003383884
0.002836417 -0.003030953
0.002838017 -0.003266241
0.002839617 -0.003383884
0.002841217 -0.003148597
0.002842817 -0.002913309
0.002844417 -0.003148597
0.002846017 -0.003148597
0.002847617 -0.003501528
0.002849217 -0.003266241
0.002850817 -0.003736816
0.002852417 -0.003383884
0.002854017 -0.003972104
0.002855617 -0.004325036
0.002857217 -0.003972104
0.002858817 -0.003972104
0.002860417 -0.00444268
0.002862017 -0.004207392
0.002863617 -0.004207392
0.002865217 -0.004207392
0.002866817 -0.00444268
0.002868417 -0.00444268
0.002870017 -0.004089748
0.002871617 -0.003619172
0.002873217 -0.003736816
0.002874817 -0.003501528
0.002876417 -0.003030953
0.002878017 -0.002913309
0.002879617 -0.002678021
0.002881217 -0.002325089
0.002882817 -0.002325089
0.002884417 -0.002442733
0.002886017 -0.002207445
0.002887617 -0.002325089
0.002889217 -0.002089801
0.002890817 -0.001854513
0.002892417 -0.002325089
0.002894017 -0.001619225
0.002895617 -0.002442733
0.002897217 -0.001736869
0.002898817 -0.001736869
0.002900417 -0.002089801
0.002902017 -0.001619225
0.002903617 -0.001501581
0.002905217 -0.001619225
0.002906817 -0.001501581
0.002908417 -0.001266293
0.002910017 -0.001031005
0.002911617 -0.0007957174
0.002913217 -0.0006780734
0.002914817 -0.0004427855
0.002916417 -0.0002074976
0.002918017 -0.0002074976
0.002919617 0.0001454343
0.002921217 0.0001454343
0.002922817 0.0006160101
0.002924417 0.0006160101
0.002926017 0.0006160101
0.002927617 0.0006160101
0.002929217 0.001086586
0.002930817 0.0007336541
0.002932417 0.001086586
0.002934017 0.0004983662
0.002935617 0.0006160101
0.002937217 0.0004983662
0.002938817 0.0006160101
0.002940417 0.0004983662
0.002942017 0.0002630782
0.002943617 0.0003807222
0.002945217 0.0004983662
0.002946817 0.0001454343
0.002948417 0.0003807222
0.002950017 0.0001454343
0.002951617 0.0003807222
0.002953217 0.0004983662
0.002954817 0.0004983662
0.002956417 0.0006160101
0.002958017 0.0007336541
0.002959617 0.0007336541
0.002961217 0.0006160101
0.002962817 0.0003807222
0.002964417 0.000851298
0.002966017 0.0003807222
0.002967617 0.0002630782
0.002969217 0.0001454343
0.002970817 0.0004983662
0.002972417 -8.985363e-005
0.002974017 -8.985363e-005
0.002975617 -0.0003251415
0.002977217 -0.0003251415
0.002978817 -0.0004427855
0.002980417 -0.0007957174
0.002982017 -0.0007957174
0.002983617 -0.0006780734
0.002985217 -0.0009133613
0.002986817 -0.001031005
0.002988417 -0.001266293
0.002990017 -0.001148649
0.002991617 -0.001501581
0.002993217 -0.001619225
0.002994817 -0.001619225
0.002996417 -0.001501581
0.002998017 -0.001854513
0.002999617 -0.001736869
0.003001217 -0.001854513
0.003002817 -0.001854513
0.003004417 -0.002089801
0.003006017 -0.001972157
0.003007617 -0.002325089
0.003009217 -0.002089801
0.003010817 -0.002442733
0.003012417 -0.002325089
0.003014017 -0.003148597
0.003015617 -0.002795665
0.003017217 -0.003148597
0.003018817 -0.003383884
0.003020417 -0.003619172
0.003022017 -0.003383884
0.003023617 -0.003266241
0.003025217 -0.003383884
0.003026817 -0.003148597
0.003028417 -0.002913309
0.003030017 -0.003030953
0.003031617 -0.002795665
0.003033217 -0.002560377
0.003034817 -0.002089801
0.003036417 -0.002089801
0.003038017 -0.001501581
0.003039617 -0.001501581
0.003041217 -0.001148649
0.003042817 -0.0009133613
0.003044417 -0.0006780734
0.003046017 -0.0005604295
0.003047617 -0.0004427855
0.003049217 -0.0003251415
0.003050817 0.0001454343
0.003052417 -0.0002074976
0.003054017 0.0003807222
0.003055617 0.0004983662
0.003057217 0.000968942
0.003058817 0.00120423
0.003060417 0.001557162
0.003062017 0.001321874
0.003063617 0.002027738
0.003065217 0.00179245
0.003066817 0.001910094
0.003068417 0.00179245
0.003070017 0.002145382
0.003071617 0.002145382
0.003073217 0.002145382
0.003074817 0.002145382
0.003076417 0.002027738
0.003078017 0.001910094
0.003079617 0.002145382
0.003081217 0.002263026
0.003082817 0.002380669
0.003084417 0.002380669
0.003086017 0.002498313
0.003087617 0.002380669
0.003089217 0.002615957
0.003090817 0.002145382
0.003092417 0.002380669
0.003094017 0.002027738
0.003095617 0.002263026
0.003097217 0.00179245
0.003098817 0.001910094
0.003100417 0.001674806
0.003102017 0.001439518
0.003103617 0.00120423
0.003105217 0.00120423
0.003106817 0.00120423
0.003108417 0.001674806
0.003110017 0.001321874
0.003111617 0.001557162
0.003113217 0.001321874
0.003114817 0.002027738
0.003116417 0.002263026
0.003118017 0.002498313
0.003119617 0.002380669
0.003121217 0.002733601
0.003122817 0.002615957
0.003124417 0.002851245
0.003126017 0.003086533
0.003127617 0.003204177
0.003129217 0.002851245
0.003130817 0.002851245
0.003132417 0.002615957
0.003134017 0.002615957
0.003135617 0.002145382
0.003137217 0.002380669
0.003138817 0.00179245
0.003140417 0.00179245
0.003142017 0.001321874
0.003143617 0.00120423
0.003145217 0.0007336541
0.003146817 0.0003807222
0.003148417 -0.0003251415
0.003150017 -8.985363e-005
0.003151617 -0.0009133613
0.003153217 -0.001031005
0.003154817 -0.001854513
0.003156417 -0.002089801
0.003158017 -0.002913309
0.003159617 -0.003266241
0.003161217 -0.004089748
0.003162817 -0.004795612
0.003164417 -0.004913256
0.003166017 -0.0050309
0.003167617 -0.005854408
0.003169217 -0.005972052
0.003170817 -0.005972052
0.003172417 -0.005736764
0.003174017 -0.006207339
0.003175617 -0.006089696
0.003177217 -0.006324983
0.003178817 -0.005972052
0.003180417 -0.006795559
0.003182017 -0.006324983
0.003183617 -0.006089696
0.003185217 -0.006324983
0.003186817 -0.006324983
0.003188417 -0.005972052
0.003190017 -0.005854408
0.003191617 -0.005501476
0.003193217 -0.005736764
0.003194817 -0.005972052
0.003196417 -0.006207339
0.003198017 -0.005854408
0.003199617 -0.006677915
0.003201217 -0.006560271
0.003202817 -0.007030847
0.003204417 -0.006795559
0.003206017 -0.007148491
0.003207617 -0.007266135
0.003209217 -0.007971999
0.003210817 -0.007854355
0.003212417 -0.008089643
0.003214017 -0.007854355
0.003215617 -0.008324931
0.003217217 -0.007854355
0.003218817 -0.007971999
0.003220417 -0.007619067
0.003222017 -0.007736711
0.003223617 -0.007619067
0.003225217 -0.007501423
0.003226817 -0.006913203
0.003228417 -0.007030847
0.003230017 -0.006913203
0.003231617 -0.006677915
0.003233217 -0.006442627
0.003234817 -0.006089696
0.003236417 -0.006089696
0.003238017 -0.00561912
0.003239617 -0.004795612
0.003241217 -0.004795612
0.003242817 -0.004325036
0.003244417 -0.004325036
0.003246017 -0.003619172
0.003247617 -0.003619172
0.003249217 -0.003148597
0.003250817 -0.003030953
0.003252417 -0.002678021
0.003254017 -0.002913309
0.003255617 -0.002325089
0.003257217 -0.003030953
0.003258817 -0.002795665
0.003260417 -0.003266241
0.003262017 -0.003383884
0.003263617 -0.003972104
0.003265217 -0.003619172
0.003266817 -0.004089748
0.003268417 -0.004207392
0.003270017 -0.004325036
0.003271617 -0.004089748
0.003273217 -0.004207392
0.003274817 -0.00385446
0.003276417 -0.00385446
0.003278017 -0.003972104
0.003279617 -0.003501528
0.003281217 -0.003619172
0.003282817 -0.003383884
0.003284417 -0.003148597
0.003286017 -0.003030953
0.003287617 -0.002560377
0.003289217 -0.002089801
0.003290817 -0.002089801
0.003292417 -0.001972157
0.003294017 -0.001501581
0.003295617 -0.001501581
0.003297217 -0.0009133613
0.003298817 -0.0007957174
0.003300417 -0.0004427855
0.003302017 -0.0006780734
0.003303617 -0.0003251415
0.003305217 0.0002630782
0.003306817 0.0006160101
0.003308417 0.0004983662
0.003310017 0.0006160101
0.003311617 0.0006160101
0.003313217 0.000968942
0.003314817 0.0003807222
0.003316417 0.0007336541
0.003318017 0.000851298
0.003319617 0.001086586
0.003321217 0.000968942
0.003322817 0.001086586
0.003324417 0.001321874
0.003326017 0.001674806
0.003327617 0.001321874
0.003329217 0.001910094
0.003330817 0.001321874
0.003332417 0.001674806
0.003334017 0.001557162
0.003335617 0.001557162
0.003337217 0.001086586
0.003338817 0.001439518
0.003340417 0.001321874
0.003342017 0.001557162
0.003343617 0.00120423
0.003345217 0.002027738
0.003346817 0.001439518
0.003348417 0.00179245
0.003350017 0.001439518
0.003351617 0.002145382
0.003353217 0.001557162
0.003354817 0.002027738
0.003356417 0.00179245
0.003358017 0.001910094
0.003359617 0.001674806
0.003361217 0.001321874
0.003362817 0.000968942
0.003364417 0.0007336541
0.003366017 0.0002630782
0.003367617 0.0003807222
0.003369217 -0.0002074976
0.003370817 -0.0003251415
0.003372417 -0.001148649
0.003374017 -0.001383937
0.003375617 -0.001619225
0.003377217 -0.001972157
0.003378817 -0.001854513
0.003380417 -0.002089801
0.003382017 -0.002207445
0.003383617 -0.002678021
0.003385217 -0.002089801
0.003386817 -0.002207445
0.003388417 -0.001972157
0.003390017 -0.002089801
0.003391617 -0.002089801
0.003393217 -0.002089801
0.003394817 -0.001501581
0.003396417 -0.001266293
0.003398017 -0.001383937
0.003399617 -0.001031005
0.003401217 -0.0009133613
0.003402817 -0.0006780734
0.003404417 -0.001031005
0.003406017 -0.0003251415
0.003407617 -0.0009133613
0.003409217 -0.0007957174
0.003410817 -0.0009133613
0.003412417 -0.0006780734
0.003414017 -0.0005604295
0.003415617 -0.0009133613
0.003417217 -0.0006780734
0.003418817 -0.0003251415
0.003420417 -0.0006780734
0.003422017 -8.985363e-005
0.003423617 -8.985363e-005
0.003425217 -0.0002074976
0.003426817 -8.985363e-005
0.003428417 0.0002630782
0.003430017 0.0001454343
0.003431617 0.0003807222
0.003433217 0.0002630782
0.003434817 0.0004983662
0.003436417 0.0004983662
0.003438017 0.0007336541
0.003439617 0.000968942
0.003441217 0.001439518
0.003442817 0.001321874
0.003444417 0.001674806
0.003446017 0.00179245
0.003447617 0.001674806
0.003449217 0.001557162
0.003450817 0.002027738
0.003452417 0.002263026
0.003454017 0.002145382
0.003455617 0.001910094
0.003457217 0.002263026
0.003458817 0.001910094
0.003460417 0.002263026
0.003462017 0.002263026
0.003463617 0.002027738
0.003465217 0.001557162
0.003466817 0.001910094
0.003468417 0.001557162
0.003470017 0.001674806
0.003471617 0.001557162
0.003473217 0.001557162
0.003474817 0.001321874
0.003476417 0.001557162
0.003478017 0.001674806
0.003479617 0.001910094
0.003481217 0.002027738
0.003482817 0.002145382
0.003484417 0.002498313
0.003486017 0.002968889
0.003487617 0.003204177
0.003489217 0.003910041
0.003490817 0.003910041
0.003492417 0.004145329
0.003494017 0.004145329
0.003495617 0.004615905
0.003497217 0.004968837
0.003498817 0.005204125
0.003500417 0.005204125
0.003502017 0.0056747
0.003503617 0.005909988
0.003505217 0.006027632
0.003506817 0.006498208
0.003508417 0.006733496
0.003510017 0.006615852
0.003511617 0.007086428
0.003513217 0.007321716
0.003514817 0.007674648
0.003516417 0.008145223
0.003518017 0.007909936
0.003519617 0.008145223
0.003521217 0.008380511
0.003522817 0.008615799
0.003524417 0.008498155
0.003526017 0.008615799
0.003527617 0.008380511
0.003529217 0.008262867
0.003530817 0.008498155
0.003532417 0.00802758
0.003534017 0.00802758
0.003535617 0.007909936
0.003537217 0.00802758
0.003538817 0.007792292
0.003540417 0.007792292
0.003542017 0.007557004
0.003543617 0.007674648
0.003545217 0.006968784
0.003546817 0.006968784
0.003548417 0.007204072
0.003550017 0.00685114
0.003551617 0.006498208
0.003553217 0.006615852
0.003554817 0.006027632
0.003556417 0.006027632
0.003558017 0.005909988
0.003559617 0.005439412
0.003561217 0.005086481
0.003562817 0.004851193
0.003564417 0.004145329
0.003566017 0.004262973
0.003567617 0.003792397
0.003569217 0.003321821
0.003570817 0.002968889
0.003572417 0.002733601
0.003574017 0.002263026
0.003575617 0.001910094
0.003577217 0.001086586
0.003578817 0.001086586
0.003580417 0.0006160101
0.003582017 0.0003807222
0.003583617 -0.0002074976
0.003585217 -8.985363e-005
0.003586817 -0.0007957174
0.003588417 -0.0009133613
0.003590017 -0.001501581
0.003591617 -0.001619225
0.003593217 -0.001854513
0.003594817 -0.001972157
0.003596417 -0.001972157
0.003598017 -0.001854513
0.003599617 -0.002207445
0.003601217 -0.001972157
0.003602817 -0.001854513
0.003604417 -0.002089801
0.003606017 -0.001972157
0.003607617 -0.001619225
0.003609217 -0.001854513
0.003610817 -0.001619225
0.003612417 -0.001501581
0.003614017 -0.001148649
0.003615617 -0.001383937
0.003617217 -0.001383937
0.003618817 -0.001266293
0.003620417 -0.001501581
0.003622017 -0.001501581
0.003623617 -0.001266293
0.003625217 -0.001383937
0.003626817 -0.001736869
0.003628417 -0.002207445
0.003630017 -0.002325089
0.003631617 -0.002325089
0.003633217 -0.002442733
0.003634817 -0.002560377
0.003636417 -0.002678021
0.003638017 -0.003030953
0.003639617 -0.002795665
0.003641217 -0.003148597
0.003642817 -0.003148597
0.003644417 -0.003501528
0.003646017 -0.003501528
0.003647617 -0.003383884
0.003649217 -0.003501528
0.003650817 -0.003383884
0.003652417 -0.003383884
0.003654017 -0.003619172
0.003655617 -0.003383884
0.003657217 -0.003383884
0.003658817 -0.003266241
0.003660417 -0.003266241
0.003662017 -0.003266241
0.003663617 -0.003148597
0.003665217 -0.003148597
0.003666817 -0.003030953
0.003668417 -0.002913309
0.003670017 -0.002913309
0.003671617 -0.003148597
0.003673217 -0.003501528
0.003674817 -0.003266241
0.003676417 -0.003619172
0.003678017 -0.003736816
0.003679617 -0.003972104
0.003681217 -0.00444268
0.003682817 -0.004795612
0.003684417 -0.004795612
0.003686017 -0.0050309
0.003687617 -0.0050309
0.003689217 -0.005501476
0.003690817 -0.005501476
0.003692417 -0.005736764
0.003694017 -0.005501476
0.003695617 -0.00561912
0.003697217 -0.005383832
0.003698817 -0.005736764
0.003700417 -0.004795612
0.003702017 -0.0050309
0.003703617 -0.004677968
0.003705217 -0.004795612
0.003706817 -0.004325036
0.003708417 -0.00444268
0.003710017 -0.004325036
0.003711617 -0.004207392
0.003713217 -0.004089748
0.003714817 -0.004560324
0.003716417 -0.004207392
0.003718017 -0.004560324
0.003719617 -0.004560324
0.003721217 -0.004795612
0.003722817 -0.0050309
0.003724417 -0.005501476
0.003726017 -0.005736764
0.003727617 -0.005854408
0.003729217 -0.005854408
0.003730817 -0.006442627
0.003732417 -0.006324983
0.003734017 -0.006560271
0.003735617 -0.006560271
0.003737217 -0.006795559
0.003738817 -0.006677915
0.003740417 -0.007148491
0.003742017 -0.006677915
0.003743617 -0.006795559
0.003745217 -0.006442627
0.003746817 -0.006560271
0.003748417 -0.006442627
0.003750017 -0.006324983
0.003751617 -0.006560271
0.003753217 -0.006089696
0.003754817 -0.006207339
0.003756417 -0.006089696
0.003758017 -0.006207339
0.003759617 -0.005854408
0.003761217 -0.006089696
0.003762817 -0.006207339
0.003764417 -0.006089696
0.003766017 -0.006442627
0.003767617 -0.006324983
0.003769217 -0.006324983
0.003770817 -0.006324983
0.003772417 -0.006795559
0.003774017 -0.006677915
0.003775617 -0.007148491
0.003777217 -0.007266135
0.003778817 -0.007266135
0.003780417 -0.007501423
0.003782017 -0.007854355
0.003783617 -0.007971999
0.003785217 -0.007854355
0.003786817 -0.008207287
0.003788417 -0.008324931
0.003790017 -0.008442575
0.003791617 -0.008324931
0.003793217 -0.007854355
0.003794817 -0.007736711
0.003796417 -0.007854355
0.003798017 -0.007619067
0.003799617 -0.007619067
0.003801217 -0.007383779
0.003802817 -0.007266135
0.003804417 -0.007148491
0.003806017 -0.007383779
0.003807617 -0.007266135
0.003809217 -0.006795559
0.003810817 -0.007148491
0.003812417 -0.006795559
0.003814017 -0.007266135
0.003815617 -0.007148491
0.003817217 -0.007266135
0.003818817 -0.007619067
0.003820417 -0.007266135
0.003822017 -0.007619067
0.003823617 -0.007736711
0.003825217 -0.007854355
0.003826817 -0.008207287
0.003828417 -0.008089643
0.003830017 -0.008560219
0.003831617 -0.008442575
0.003833217 -0.008089643
0.003834817 -0.008324931
0.003836417 -0.008677863
0.003838017 -0.008089643
0.003839617 -0.008677863
0.003841217 -0.007971999
0.003842817 -0.008324931
0.003844417 -0.007619067
0.003846017 -0.007971999
0.003847617 -0.007148491
0.003849217 -0.007501423
0.003850817 -0.007148491
0.003852417 -0.006913203
0.003854017 -0.006677915
0.003855617 -0.006677915
0.003857217 -0.006442627
0.003858817 -0.006324983
0.003860417 -0.005854408
0.003862017 -0.006560271
0.003863617 -0.00561912
0.003865217 -0.005972052
0.003866817 -0.005854408
0.003868417 -0.005266188
0.003870017 -0.00561912
0.003871617 -0.005736764
0.003873217 -0.005972052
0.003874817 -0.005972052
0.003876417 -0.00561912
0.003878017 -0.005854408
0.003879617 -0.00561912
0.003881217 -0.006089696
0.003882817 -0.005736764
0.003884417 -0.005501476
0.003886017 -0.005383832
0.003887617 -0.005148544
0.003889217 -0.004913256
0.003890817 -0.004207392
0.003892417 -0.003736816
0.003894017 -0.00385446
0.003895617 -0.003148597
0.003897217 -0.002913309
0.003898817 -0.002442733
0.003900417 -0.001972157
0.003902017 -0.001383937
0.003903617 -0.001031005
0.003905217 -0.0005604295
0.003906817 -0.0002074976
0.003908417 0.0002630782
0.003910017 0.0004983662
0.003911617 0.000968942
0.003913217 0.00120423
0.003914817 0.001321874
0.003916417 0.001321874
0.003918017 0.001910094
0.003919617 0.001674806
0.003921217 0.002145382
0.003922817 0.002498313
0.003924417 0.002615957
0.003926017 0.002380669
0.003927617 0.002968889
0.003929217 0.003204177
0.003930817 0.003674753
0.003932417 0.003439465
0.003934017 0.004145329
0.003935617 0.004027685
0.003937217 0.004851193
0.003938817 0.004498261
0.003940417 0.005204125
0.003942017 0.005321768
0.003943617 0.005792344
0.003945217 0.005557056
0.003946817 0.00626292
0.003948417 0.006027632
0.003950017 0.006380564
0.003951617 0.00626292
0.003953217 0.006733496
0.003954817 0.006615852
0.003956417 0.007086428
0.003958017 0.006615852
0.003959617 0.006733496
0.003961217 0.006615852
0.003962817 0.007086428
0.003964417 0.006498208
0.003966017 0.006733496
0.003967617 0.006615852
0.003969217 0.006380564
0.003970817 0.006615852
0.003972417 0.00685114
0.003974017 0.006615852
0.003975617 0.006498208
0.003977217 0.006380564
0.003978817 0.006498208
0.003980417 0.006615852
0.003982017 0.00626292
0.003983617 0.006733496
0.003985217 0.006733496
0.003986817 0.006380564
0.003988417 0.006615852
0.003990017 0.006498208
0.003991617 0.006498208
0.003993217 0.006498208
0.003994817 0.00626292
0.003996417 0.00626292
0.003998017 0.006733496
0.003999617 0.006498208
0.004001217 0.006615852
0.004002817 0.00626292
0.004004417 0.00626292
0.004006017 0.006380564
0.004007617 0.006380564
0.004009217 0.006027632
0.004010817 0.006145276
0.004012417 0.005557056
0.004014017 0.006027632
0.004015617 0.005439412
0.004017217 0.005557056
0.004018817 0.005792344
0.004020417 0.005439412
0.004022017 0.005086481
0.004023617 0.005321768
0.004025217 0.005086481
0.004026817 0.005204125
0.004028417 0.004968837
0.004030017 0.004851193
0.004031617 0.004615905
0.004033217 0.004851193
0.004034817 0.004380617
0.004036417 0.004498261
0.004038017 0.004498261
0.004039617 0.004498261
0.004041217 0.004262973
0.004042817 0.004145329
0.004044417 0.003910041
0.004046017 0.004027685
0.004047617 0.003557109
0.004049217 0.003792397
0.004050817 0.002851245
0.004052417 0.002733601
0.004054017 0.002733601
0.004055617 0.002498313
0.004057217 0.002145382
0.004058817 0.002615957
0.004060417 0.001674806
0.004062017 0.002145382
0.004063617 0.001674806
0.004065217 0.001321874
0.004066817 0.001439518
0.004068417 0.001321874
0.004070017 0.001086586
0.004071617 0.00120423
0.004073217 0.000851298
0.004074817 0.0007336541
0.004076417 0.0003807222
0.004078017 0.0007336541
0.004079617 0.0002630782
0.004081217 2.779033e-005
0.004082817 -0.0005604295
0.004084417 -0.0007957174
0.004086017 -0.001383937
0.004087617 -0.001383937
0.004089217 -0.001736869
0.004090817 -0.001854513
0.004092417 -0.002560377
0.004094017 -0.002795665
0.004095617 -0.003266241
0.004097217 -0.003266241
0.004098817 -0.003501528
0.004100417 -0.003383884
0.004102017 -0.003619172
0.004103617 -0.003736816
0.004105217 -0.00385446
0.004106817 -0.003619172
0.004108417 -0.003501528
0.004110017 -0.003501528
0.004111617 -0.003736816
0.004113217 -0.003619172
0.004114817 -0.003501528
0.004116417 -0.003383884
0.004118017 -0.003736816
0.004119617 -0.003030953
0.004121217 -0.003148597
0.004122817 -0.002795665
0.004124417 -0.003148597
0.004126017 -0.002913309
0.004127617 -0.003148597
0.004129217 -0.002795665
0.004130817 -0.003148597
0.004132417 -0.003148597
0.004134017 -0.003030953
0.004135617 -0.002913309
0.004137217 -0.002795665
0.004138817 -0.003030953
0.004140417 -0.003030953
0.004142017 -0.002913309
0.004143617 -0.003030953
0.004145217 -0.002913309
0.004146817 -0.003148597
0.004148417 -0.003266241
0.004150017 -0.003266241
0.004151617 -0.003383884
0.004153217 -0.003736816
0.004154817 -0.003383884
0.004156417 -0.003501528
0.004158017 -0.00385446
0.004159617 -0.003619172
0.004161217 -0.003501528
0.004162817 -0.003619172
0.004164417 -0.003619172
0.004166017 -0.003383884
0.004167617 -0.003501528
0.004169217 -0.003383884
0.004170817 -0.002678021
0.004172417 -0.002678021
0.004174017 -0.002560377
0.004175617 -0.002678021
0.004177217 -0.002442733
0.004178817 -0.002442733
0.004180417 -0.002442733
0.004182017 -0.002442733
0.004183617 -0.002207445
0.004185217 -0.002442733
0.004186817 -0.002207445
0.004188417 -0.002089801
0.004190017 -0.002089801
0.004191617 -0.002089801
0.004193217 -0.001854513
0.004194817 -0.001972157
0.004196417 -0.001972157
0.004198017 -0.001854513
0.004199617 -0.001736869
0.004201217 -0.001736869
