LECROYWS4024HD 19320 Waveform
Segments 1 SegmentSize 3127
Segment TrigTime TimeSinceSegment1
#1 23-Jun-2024 21:44:15 0                 
Time Ampl
-0.0008012202 -0.0003251415
-0.0007996202 -0.0003251415
-0.0007980202 -0.0004427855
-0.0007964202 0.0001454343
-0.0007948202 -0.0003251415
-0.0007932202 -0.0004427855
-0.0007916202 -0.0002074976
-0.0007900202 -0.0002074976
-0.0007884202 -0.0003251415
-0.0007868202 -8.985363e-005
-0.0007852202 -0.0003251415
-0.0007836202 2.779033e-005
-0.0007820202 -0.0002074976
-0.0007804202 -0.0003251415
-0.0007788202 -0.0004427855
-0.0007772202 -8.985363e-005
-0.0007756202 -0.0003251415
-0.0007740202 -8.985363e-005
-0.0007724202 -0.0002074976
-0.0007708202 -0.0002074976
-0.0007692202 -0.0003251415
-0.0007676202 0.001439518
-0.0007660202 -8.985363e-005
-0.0007644202 -0.0003251415
-0.0007628202 -0.0002074976
-0.0007612202 -8.985363e-005
-0.0007596202 -8.985363e-005
-0.0007580202 2.779033e-005
-0.0007564202 -0.0002074976
-0.0007548202 -0.0002074976
-0.0007532202 -0.0003251415
-0.0007516202 -0.0007957174
-0.0007500202 -0.0003251415
-0.0007484202 -0.0004427855
-0.0007468202 0.0001454343
-0.0007452202 -0.0006780734
-0.0007436202 -0.0002074976
-0.0007420202 -0.0004427855
-0.0007404202 -0.0004427855
-0.0007388202 -0.0006780734
-0.0007372202 -0.0005604295
-0.0007356202 2.779033e-005
-0.0007340202 -0.0002074976
-0.0007324202 -0.0002074976
-0.0007308202 -0.0002074976
-0.0007292202 -0.0002074976
-0.0007276202 -0.0002074976
-0.0007260202 -0.0003251415
-0.0007244202 -0.0003251415
-0.0007228202 -0.0002074976
-0.0007212202 -0.0004427855
-0.0007196202 -0.0002074976
-0.0007180202 -0.0004427855
-0.0007164202 -8.985363e-005
-0.0007148202 -0.0003251415
-0.0007132202 -0.0002074976
-0.0007116202 -8.985363e-005
-0.0007100202 -0.0004427855
-0.0007084202 -8.985363e-005
-0.0007068202 -0.0004427855
-0.0007052202 2.779033e-005
-0.0007036202 -0.0003251415
-0.0007020202 2.779033e-005
-0.0007004202 -8.985363e-005
-0.0006988202 -8.985363e-005
-0.0006972202 -0.002325089
-0.0006956202 -0.0005604295
-0.0006940202 -0.0004427855
-0.0006924202 -0.0005604295
-0.0006908202 -0.0003251415
-0.0006892202 -0.0002074976
-0.0006876202 -0.0005604295
-0.0006860202 -0.0006780734
-0.0006844202 -0.0003251415
-0.0006828202 -0.001031005
-0.0006812202 -0.0002074976
-0.0006796202 2.779033e-005
-0.0006780202 -0.0003251415
-0.0006764202 -0.0002074976
-0.0006748202 -0.0003251415
-0.0006732202 -0.0004427855
-0.0006716202 -0.0003251415
-0.0006700202 -8.985363e-005
-0.0006684202 -0.0003251415
-0.0006668202 -8.985363e-005
-0.0006652202 -0.0005604295
-0.0006636202 2.779033e-005
-0.0006620202 -0.0003251415
-0.0006604202 0.0001454343
-0.0006588202 -8.985363e-005
-0.0006572202 -0.0005604295
-0.0006556202 -0.0002074976
-0.0006540202 -0.0004427855
-0.0006524202 -0.0003251415
-0.0006508202 -0.0004427855
-0.0006492202 -0.0002074976
-0.0006476202 -8.985363e-005
-0.0006460202 -0.0002074976
-0.0006444202 -0.0003251415
-0.0006428202 -0.0004427855
-0.0006412202 -0.0003251415
-0.0006396202 -0.0002074976
-0.0006380202 -0.0006780734
-0.0006364202 -0.0005604295
-0.0006348202 -0.0004427855
-0.0006332202 -8.985363e-005
-0.0006316202 -0.0009133613
-0.0006300202 -0.0004427855
-0.0006284202 -0.0003251415
-0.0006268202 -0.002089801
-0.0006252202 -0.0002074976
-0.0006236202 -8.985363e-005
-0.0006220202 -0.0002074976
-0.0006204202 -0.0002074976
-0.0006188202 -0.0004427855
-0.0006172202 -0.0004427855
-0.0006156202 -0.0003251415
-0.0006140202 -0.0003251415
-0.0006124202 -0.0009133613
-0.0006108202 -8.985363e-005
-0.0006092202 -8.985363e-005
-0.0006076202 -0.0003251415
-0.0006060202 0.0001454343
-0.0006044202 -0.0004427855
-0.0006028202 -0.0004427855
-0.0006012202 -0.0002074976
-0.0005996202 -0.0006780734
-0.0005980202 -0.0005604295
-0.0005964202 0.0001454343
-0.0005948202 -0.0005604295
-0.0005932202 -0.0005604295
-0.0005916202 -0.0005604295
-0.0005900202 -0.0007957174
-0.0005884202 -0.0004427855
-0.0005868202 -0.0004427855
-0.0005852202 -0.0003251415
-0.0005836202 -0.0004427855
-0.0005820202 -0.0002074976
-0.0005804202 -0.0005604295
-0.0005788202 -0.0005604295
-0.0005772202 -0.0005604295
-0.0005756202 -8.985363e-005
-0.0005740202 -0.0004427855
-0.0005724202 -0.0004427855
-0.0005708202 -8.985363e-005
-0.0005692202 -8.985363e-005
-0.0005676202 -0.0002074976
-0.0005660202 -0.0003251415
-0.0005644202 -0.0002074976
-0.0005628202 -0.0005604295
-0.0005612202 -0.0003251415
-0.0005596202 -0.0003251415
-0.0005580202 -8.985363e-005
-0.0005564202 -0.002442733
-0.0005548202 -8.985363e-005
-0.0005532202 -8.985363e-005
-0.0005516202 -0.0003251415
-0.0005500202 -0.0003251415
-0.0005484202 -0.0002074976
-0.0005468202 -0.0003251415
-0.0005452202 -0.0002074976
-0.0005436202 -0.0003251415
-0.0005420202 -0.0006780734
-0.0005404202 -0.0003251415
-0.0005388202 -8.985363e-005
-0.0005372202 -8.985363e-005
-0.0005356202 -0.0003251415
-0.0005340202 2.779033e-005
-0.0005324202 -0.0003251415
-0.0005308202 -0.0003251415
-0.0005292202 2.779033e-005
-0.0005276202 -0.0007957174
-0.0005260202 -0.0002074976
-0.0005244202 -0.0003251415
-0.0005228202 -8.985363e-005
-0.0005212202 -0.0004427855
-0.0005196202 -0.0003251415
-0.0005180202 -0.0003251415
-0.0005164202 2.779033e-005
-0.0005148202 0.0001454343
-0.0005132202 0.0001454343
-0.0005116202 2.779033e-005
-0.0005100202 -0.0003251415
-0.0005084202 -0.0003251415
-0.0005068202 0.0003807222
-0.0005052202 -0.0003251415
-0.0005036202 2.779033e-005
-0.0005020202 -0.0002074976
-0.0005004202 -0.0002074976
-0.0004988202 -0.0005604295
-0.0004972202 0.0001454343
-0.0004956202 2.779033e-005
-0.0004940202 2.779033e-005
-0.0004924202 -0.0005604295
-0.0004908202 -0.0002074976
-0.0004892202 -0.0002074976
-0.0004876202 -8.985363e-005
-0.0004860202 -0.0009133613
-0.0004844202 -0.0003251415
-0.0004828202 -8.985363e-005
-0.0004812202 -0.0004427855
-0.0004796202 -8.985363e-005
-0.0004780202 2.779033e-005
-0.0004764202 -0.0003251415
-0.0004748202 -0.0003251415
-0.0004732202 -8.985363e-005
-0.0004716202 -8.985363e-005
-0.0004700202 -0.0003251415
-0.0004684202 -8.985363e-005
-0.0004668202 -0.0005604295
-0.0004652202 -8.985363e-005
-0.0004636202 0.0002630782
-0.0004620202 -0.0004427855
-0.0004604202 2.779033e-005
-0.0004588202 -8.985363e-005
-0.0004572202 0.0002630782
-0.0004556202 -0.0002074976
-0.0004540202 -0.0004427855
-0.0004524202 -0.0003251415
-0.0004508202 -0.0003251415
-0.0004492202 0.0002630782
-0.0004476202 -0.0003251415
-0.0004460202 -0.0002074976
-0.0004444202 -0.0002074976
-0.0004428202 -8.985363e-005
-0.0004412202 -0.0002074976
-0.0004396202 -0.0003251415
-0.0004380202 -8.985363e-005
-0.0004364202 -0.0003251415
-0.0004348202 -0.0003251415
-0.0004332202 0.0002630782
-0.0004316202 -0.0002074976
-0.0004300202 -0.0003251415
-0.0004284202 -0.0006780734
-0.0004268202 -0.0003251415
-0.0004252202 -0.0003251415
-0.0004236202 2.779033e-005
-0.0004220202 -0.0003251415
-0.0004204202 -8.985363e-005
-0.0004188202 -0.0005604295
-0.0004172202 0.0001454343
-0.0004156202 -0.001501581
-0.0004140202 -0.0004427855
-0.0004124202 -8.985363e-005
-0.0004108202 2.779033e-005
-0.0004092202 -8.985363e-005
-0.0004076202 -0.0002074976
-0.0004060202 -8.985363e-005
-0.0004044202 2.779033e-005
-0.0004028202 -0.0003251415
-0.0004012202 -0.0007957174
-0.0003996202 2.779033e-005
-0.0003980202 -8.985363e-005
-0.0003964202 2.779033e-005
-0.0003948202 -0.0003251415
-0.0003932202 -0.001031005
-0.0003916202 -0.0005604295
-0.0003900202 -0.0002074976
-0.0003884202 -0.0003251415
-0.0003868202 -0.0002074976
-0.0003852202 0.0001454343
-0.0003836202 -0.0003251415
-0.0003820202 -0.0002074976
-0.0003804202 -0.0003251415
-0.0003788202 2.779033e-005
-0.0003772202 -8.985363e-005
-0.0003756202 -0.0002074976
-0.0003740202 2.779033e-005
-0.0003724202 0.0001454343
-0.0003708202 -0.0003251415
-0.0003692202 -8.985363e-005
-0.0003676202 -8.985363e-005
-0.0003660202 -0.0002074976
-0.0003644202 -0.0004427855
-0.0003628202 -8.985363e-005
-0.0003612202 -0.0002074976
-0.0003596202 -8.985363e-005
-0.0003580202 -0.0002074976
-0.0003564202 2.779033e-005
-0.0003548202 -0.0002074976
-0.0003532202 0.0001454343
-0.0003516202 -0.0004427855
-0.0003500202 0.0003807222
-0.0003484202 -0.0002074976
-0.0003468202 0.0002630782
-0.0003452202 0.001086586
-0.0003436202 0.0001454343
-0.0003420202 -0.0002074976
-0.0003404202 -0.0003251415
-0.0003388202 -8.985363e-005
-0.0003372202 -0.0003251415
-0.0003356202 -0.0003251415
-0.0003340202 -0.0003251415
-0.0003324202 2.779033e-005
-0.0003308202 -0.0007957174
-0.0003292202 -0.0004427855
-0.0003276202 -0.0003251415
-0.0003260202 -0.0003251415
-0.0003244202 2.779033e-005
-0.0003228202 -0.0004427855
-0.0003212202 -0.0002074976
-0.0003196202 -0.0002074976
-0.0003180202 -0.0003251415
-0.0003164202 2.779033e-005
-0.0003148202 0.0002630782
-0.0003132202 -0.0002074976
-0.0003116202 -0.0003251415
-0.0003100202 0.0001454343
-0.0003084202 0.0001454343
-0.0003068202 -0.0002074976
-0.0003052202 -0.0003251415
-0.0003036202 -0.0004427855
-0.0003020202 0.0001454343
-0.0003004202 -0.0002074976
-0.0002988202 0.0003807222
-0.0002972202 -0.0003251415
-0.0002956202 -0.0002074976
-0.0002940202 -0.0003251415
-0.0002924202 -0.0002074976
-0.0002908202 -0.0002074976
-0.0002892202 0.0001454343
-0.0002876202 -0.0004427855
-0.0002860202 2.779033e-005
-0.0002844202 -0.0002074976
-0.0002828202 -8.985363e-005
-0.0002812202 -0.0002074976
-0.0002796202 -0.0002074976
-0.0002780202 -0.0003251415
-0.0002764202 -0.0002074976
-0.0002748202 -0.001501581
-0.0002732202 2.779033e-005
-0.0002716202 0.0001454343
-0.0002700202 -8.985363e-005
-0.0002684202 -0.0004427855
-0.0002668202 0.0001454343
-0.0002652202 -8.985363e-005
-0.0002636202 -8.985363e-005
-0.0002620202 -8.985363e-005
-0.0002604202 0.0001454343
-0.0002588202 -0.0003251415
-0.0002572202 0.0006160101
-0.0002556202 -0.0002074976
-0.0002540202 -0.0002074976
-0.0002524202 -0.0004427855
-0.0002508202 0.0001454343
-0.0002492202 0.0001454343
-0.0002476202 -8.985363e-005
-0.0002460202 -0.0002074976
-0.0002444202 2.779033e-005
-0.0002428202 -0.0002074976
-0.0002412202 -0.0003251415
-0.0002396202 -0.0004427855
-0.0002380202 2.779033e-005
-0.0002364202 -0.0004427855
-0.0002348202 -0.0005604295
-0.0002332202 -0.0004427855
-0.0002316202 2.779033e-005
-0.0002300202 -8.985363e-005
-0.0002284202 -8.985363e-005
-0.0002268202 0.0001454343
-0.0002252202 -0.0003251415
-0.0002236202 2.779033e-005
-0.0002220202 0.0002630782
-0.0002204202 2.779033e-005
-0.0002188202 -0.001736869
-0.0002172202 2.779033e-005
-0.0002156202 -0.0002074976
-0.0002140202 0.0001454343
-0.0002124202 0.0001454343
-0.0002108202 -8.985363e-005
-0.0002092202 -0.0002074976
-0.0002076202 -8.985363e-005
-0.0002060202 -8.985363e-005
-0.0002044202 -0.001266293
-0.0002028202 0.0001454343
-0.0002012202 -0.0002074976
-0.0001996202 -8.985363e-005
-0.0001980202 -0.0003251415
-0.0001964202 -8.985363e-005
-0.0001948202 -0.0002074976
-0.0001932202 -8.985363e-005
-0.0001916202 2.779033e-005
-0.0001900202 -0.0003251415
-0.0001884202 -0.0003251415
-0.0001868202 -8.985363e-005
-0.0001852202 -8.985363e-005
-0.0001836202 0.0001454343
-0.0001820202 0.0001454343
-0.0001804202 -0.0002074976
-0.0001788202 -0.0004427855
-0.0001772202 -8.985363e-005
-0.0001756202 0.0002630782
-0.0001740202 -8.985363e-005
-0.0001724202 -0.0002074976
-0.0001708202 -8.985363e-005
-0.0001692202 -0.0003251415
-0.0001676202 -8.985363e-005
-0.0001660202 -8.985363e-005
-0.0001644202 -8.985363e-005
-0.0001628202 -0.0002074976
-0.0001612202 0.0002630782
-0.0001596202 -8.985363e-005
-0.0001580202 -0.0002074976
-0.0001564202 2.779033e-005
-0.0001548202 0.0002630782
-0.0001532202 -0.0002074976
-0.0001516202 -8.985363e-005
-0.0001500202 2.779033e-005
-0.0001484202 0.000968942
-0.0001468202 -0.0002074976
-0.0001452202 -8.985363e-005
-0.0001436202 -0.0009133613
-0.0001420202 -0.0003251415
-0.0001404202 -0.0002074976
-0.0001388202 0.0002630782
-0.0001372202 2.779033e-005
-0.0001356202 0.0001454343
-0.0001340202 0.000968942
-0.0001324202 -8.985363e-005
-0.0001308202 -8.985363e-005
-0.0001292202 -0.0002074976
-0.0001276202 0.00179245
-0.0001260202 0.003792397
-0.0001244202 0.002851245
-0.0001228202 0.001439518
-0.0001212202 -0.001736869
-0.0001196202 0.003321821
-0.0001180202 0.0134392
-0.0001164202 0.01696852
-0.0001148202 -0.004089748
-0.0001132202 -0.05338257
-0.0001116202 -0.1056165
-0.0001100202 -0.1418508
-0.0001084202 -0.1667913
-0.0001068202 -0.1917319
-0.0001052202 -0.2192605
-0.0001036202 -0.2439658
-0.0001020202 -0.2597301
-0.0001004202 -0.2711415
-9.88202e-005 -0.2672593
-9.72202e-005 -0.2503186
-9.56202e-005 -0.2196135
-9.40202e-005 -0.1753794
-9.24202e-005 -0.1280865
-9.08202e-005 -0.08267591
-8.92202e-005 -0.04561807
-8.76202e-005 -0.02126577
-8.60202e-005 -0.01632472
-8.44202e-005 -0.02867734
-8.28202e-005 -0.0566766
-8.12202e-005 -0.08573466
-7.96202e-005 -0.1062047
-7.80202e-005 -0.1163221
-7.64202e-005 -0.1284394
-7.48202e-005 -0.1384391
-7.32202e-005 -0.1454978
-7.16202e-005 -0.1478507
-7.00202e-005 -0.146086
-6.84202e-005 -0.139145
-6.68202e-005 -0.1385568
-6.52202e-005 -0.1405567
-6.36202e-005 -0.1432626
-6.20202e-005 -0.1483212
-6.04202e-005 -0.1512623
-5.88202e-005 -0.1559681
-5.72202e-005 -0.1565563
-5.56202e-005 -0.1554975
-5.40202e-005 -0.153027
-5.24202e-005 -0.1491447
-5.08202e-005 -0.1453801
-4.92202e-005 -0.1399685
-4.76202e-005 -0.1291453
-4.60202e-005 -0.1104399
-4.44202e-005 -0.08655816
-4.28202e-005 -0.06585283
-4.12202e-005 -0.05008854
-3.96202e-005 -0.0400888
-3.80202e-005 -0.02961849
-3.64202e-005 -0.01785409
-3.48202e-005 -0.008795507
-3.32202e-005 -0.003501528
-3.16202e-005 -0.005148544
-3.00202e-005 -0.01056017
-2.84202e-005 -0.01820702
-2.68202e-005 -0.02820676
-2.52202e-005 -0.04032409
-2.36202e-005 -0.05479429
-2.20202e-005 -0.06773513
-2.04202e-005 -0.07855837
-1.88202e-005 -0.08832282
-1.72202e-005 -0.09820492
-1.56202e-005 -0.1066753
-1.40202e-005 -0.1091458
-1.24202e-005 -0.1056165
-1.08202e-005 -0.09867549
-9.2202e-006 -0.08902869
-7.6202e-006 -0.07749958
-6.0202e-006 -0.05926476
-4.4202e-006 -0.04208875
-2.8202e-006 -0.02550095
-1.2202e-006 -0.0109131
3.798e-007 0.000851298
1.9798e-006 0.01179219
3.5798e-006 0.02096841
5.1798e-006 0.02826234
6.7798e-006 0.02861527
8.3798e-006 0.02614475
9.9798e-006 0.01920376
1.15798e-005 0.01167454
1.31798e-005 0.002145382
1.47798e-005 -0.008560219
1.63798e-005 -0.0205599
1.79798e-005 -0.0293832
1.95798e-005 -0.03503011
2.11798e-005 -0.03679477
2.27798e-005 -0.03491247
2.43798e-005 -0.03279487
2.59798e-005 -0.03067728
2.75798e-005 -0.02914791
2.91798e-005 -0.02973613
3.07798e-005 -0.03291252
3.23798e-005 -0.03950058
3.39798e-005 -0.04632393
3.55798e-005 -0.05126498
3.71798e-005 -0.05514723
3.87798e-005 -0.05844126
4.03798e-005 -0.06008827
4.19798e-005 -0.05891183
4.35798e-005 -0.05550016
4.51798e-005 -0.05208848
4.67798e-005 -0.0478533
4.83798e-005 -0.04173581
4.99798e-005 -0.02997142
5.15798e-005 -0.01291305
5.31798e-005 0.006145276
5.47798e-005 0.02438009
5.63798e-005 0.03932087
5.79798e-005 0.05073234
5.95798e-005 0.06132029
6.11798e-005 0.07084945
6.27798e-005 0.07955511
6.43798e-005 0.08073155
6.59798e-005 0.08026097
6.75798e-005 0.07673165
6.91798e-005 0.07179061
7.07798e-005 0.06649663
7.23798e-005 0.05932035
7.39798e-005 0.05108527
7.55798e-005 0.04214433
7.71798e-005 0.03402689
7.87798e-005 0.02661532
8.03798e-005 0.01908611
8.19798e-005 0.01238041
8.35798e-005 0.006733496
8.51798e-005 0.003439465
8.67798e-005 2.779033e-005
8.83798e-005 -0.001854513
8.99798e-005 -0.002089801
9.15798e-005 -0.0002074976
9.31798e-005 0.001674806
9.47798e-005 0.005439412
9.63798e-005 0.008145223
9.79798e-005 0.01179219
9.95798e-005 0.01590972
0.0001011798 0.02367423
0.0001027798 0.03202695
0.0001043798 0.04049731
0.0001059798 0.04802653
0.0001075798 0.05343815
0.0001091798 0.05590867
0.0001107798 0.05661453
0.0001123798 0.05496752
0.0001139798 0.05237935
0.0001155798 0.04896768
0.0001171798 0.04614422
0.0001187798 0.04320312
0.0001203798 0.04037967
0.0001219798 0.0329681
0.0001235798 0.02155663
0.0001251798 0.009674595
0.0001267798 0.0006160101
0.0001283798 -0.004795612
0.0001299798 -0.007619067
0.0001315798 -0.01185425
0.0001331798 -0.01773645
0.0001347798 -0.02314807
0.0001363798 -0.02855969
0.0001379798 -0.03067728
0.0001395798 -0.02914791
0.0001411798 -0.0245598
0.0001427798 -0.02173634
0.0001443798 -0.01997168
0.0001459798 -0.01738352
0.0001475798 -0.01150132
0.0001491798 -0.005266188
0.0001507798 0.002733601
0.0001523798 0.009086375
0.0001539798 0.01332156
0.0001555798 0.01438035
0.0001571798 0.01426271
0.0001587798 0.01543915
0.0001603798 0.01661559
0.0001619798 0.01873318
0.0001635798 0.01967433
0.0001651798 0.0193214
0.0001667798 0.01861554
0.0001683798 0.01838025
0.0001699798 0.01861554
0.0001715798 0.01967433
0.0001731798 0.02155663
0.0001747798 0.02426245
0.0001763798 0.02732119
0.0001779798 0.03155637
0.0001795798 0.03461511
0.0001811798 0.0359092
0.0001827798 0.03449747
0.0001843798 0.03249752
0.0001859798 0.02920349
0.0001875798 0.02626239
0.0001891798 0.02390951
0.0001907798 0.02132135
0.0001923798 0.01720381
0.0001939798 0.01273334
0.0001955798 0.006968784
0.0001971798 0.002733601
0.0001987798 0.000851298
0.0002003798 0.002027738
0.0002019798 0.003792397
0.0002035798 0.007909936
0.0002051798 0.008498155
0.0002067798 0.009556951
0.0002083798 0.009556951
0.0002099798 0.01038046
0.0002115798 0.01332156
0.0002131798 0.01732145
0.0002147798 0.02143899
0.0002163798 0.02543889
0.0002179798 0.02861527
0.0002195798 0.03179166
0.0002211798 0.03532098
0.0002227798 0.0388503
0.0002243798 0.04202668
0.0002259798 0.04461485
0.0002275798 0.04673244
0.0002291798 0.04873239
0.0002307798 0.04990883
0.0002323798 0.04896768
0.0002339798 0.045556
0.0002355798 0.0407326
0.0002371798 0.03508569
0.0002387798 0.02837998
0.0002403798 0.02202721
0.0002419798 0.014498
0.0002435798 0.008145223
0.0002451798 0.002380669
0.0002467798 -0.002089801
0.0002483798 -0.003501528
0.0002499798 -0.003619172
0.0002515798 -0.002325089
0.0002531798 -0.0005604295
0.0002547798 0.002498313
0.0002563798 0.007557004
0.0002579798 0.01379213
0.0002595798 0.0193214
0.0002611798 0.02379187
0.0002627798 0.02826234
0.0002643798 0.03355632
0.0002659798 0.04037967
0.0002675798 0.04779124
0.0002691798 0.0533205
0.0002707798 0.05637925
0.0002723798 0.05696747
0.0002739798 0.05932035
0.0002755798 0.05814391
0.0002771798 0.05708511
0.0002787798 0.05461459
0.0002803798 0.05167349
0.0002819798 0.04896768
0.0002835798 0.04637951
0.0002851798 0.0436737
0.0002867798 0.04061496
0.0002883798 0.0359092
0.0002899798 0.03120344
0.0002915798 0.02661532
0.0002931798 0.02308601
0.0002947798 0.01896847
0.0002963798 0.01485093
0.0002979798 0.01096868
0.0002995798 0.007557004
0.0003011798 0.004262973
0.0003027798 0.002615957
0.0003043798 0.002145382
0.0003059798 0.002733601
0.0003075798 0.002851245
0.0003091798 0.003439465
0.0003107798 0.003910041
0.0003123798 0.005792344
0.0003139798 0.01061575
0.0003155798 0.01555679
0.0003171798 0.01955669
0.0003187798 0.02085077
0.0003203798 0.02108606
0.0003219798 0.01990962
0.0003235798 0.01908611
0.0003251798 0.01873318
0.0003267798 0.01908611
0.0003283798 0.02108606
0.0003299798 0.02143899
0.0003315798 0.0212037
0.0003331798 0.02096841
0.0003347798 0.02049784
0.0003363798 0.01979198
0.0003379798 0.01802732
0.0003395798 0.01555679
0.0003411798 0.01214512
0.0003427798 0.00685114
0.0003443798 0.000851298
0.0003459798 -0.003501528
0.0003475798 -0.007971999
0.0003491798 -0.01338362
0.0003507798 -0.0186776
0.0003523798 -0.02279514
0.0003539798 -0.02338336
0.0003555798 -0.02126577
0.0003571798 -0.01738352
0.0003587798 -0.01185425
0.0003603798 -0.004677968
0.0003619798 0.002145382
0.0003635798 0.0104981
0.0003651798 0.01767438
0.0003667798 0.02438009
0.0003683798 0.02908585
0.0003699798 0.03355632
0.0003715798 0.03602684
0.0003731798 0.03637977
0.0003747798 0.03555627
0.0003763798 0.03402689
0.0003779798 0.03273281
0.0003795798 0.03132108
0.0003811798 0.02885056
0.0003827798 0.02579182
0.0003843798 0.02202721
0.0003859798 0.01967433
0.0003875798 0.01755674
0.0003891798 0.01732145
0.0003907798 0.01814496
0.0003923798 0.01920376
0.0003939798 0.0222625
0.0003955798 0.0270859
0.0003971798 0.03379161
0.0003987798 0.04226197
0.0004003798 0.0484971
0.0004019798 0.0602615
0.0004035798 0.06826129
0.0004051798 0.07531992
0.0004067798 0.08143741
0.0004083798 0.08661374
0.0004099798 0.09096657
0.0004115798 0.09402531
0.0004131798 0.0953194
0.0004147798 0.09343709
0.0004163798 0.09073128
0.0004179798 0.08602552
0.0004195798 0.07990804
0.0004211798 0.07331998
0.0004227798 0.06708485
0.0004243798 0.06343788
0.0004259798 0.0592027
0.0004275798 0.05579103
0.0004291798 0.05284993
0.0004307798 0.04990883
0.0004323798 0.04767359
0.0004339798 0.04590893
0.0004355798 0.04602658
0.0004371798 0.04649715
0.0004387798 0.0466148
0.0004403798 0.04732066
0.0004419798 0.04767359
0.0004435798 0.04837946
0.0004451798 0.04837946
0.0004467798 0.04755595
0.0004483798 0.04590893
0.0004499798 0.04308548
0.0004515798 0.04049731
0.0004531798 0.03673271
0.0004547798 0.03261517
0.0004563798 0.02755648
0.0004579798 0.02214485
0.0004595798 0.01849789
0.0004611798 0.01508622
0.0004627798 0.01238041
0.0004643798 0.01014517
0.0004659798 0.009792239
0.0004675798 0.009909883
0.0004691798 0.01108632
0.0004707798 0.01038046
0.0004723798 0.01379213
0.0004739798 0.0134392
0.0004755798 0.01320391
0.0004771798 0.01190983
0.0004787798 0.01096868
0.0004803798 0.01038046
0.0004819798 0.01014517
0.0004835798 0.009204019
0.0004851798 0.008851087
0.0004867798 0.007792292
0.0004883798 0.00802758
0.0004899798 0.008380511
0.0004915798 0.01026281
0.0004931798 0.01143925
0.0004947798 0.01238041
0.0004963798 0.01202747
0.0004979798 0.01179219
0.0004995798 0.01143925
0.0005011798 0.01061575
0.0005027798 0.01085103
0.0005043798 0.01073339
0.0005059798 0.009792239
0.0005075798 0.007674648
0.0005091798 0.006145276
0.0005107798 0.005439412
0.0005123798 0.004851193
0.0005139798 0.004968837
0.0005155798 0.004498261
0.0005171798 0.003204177
0.0005187798 0.001674806
0.0005203798 0.000968942
0.0005219798 -8.985363e-005
0.0005235798 -0.0006780734
0.0005251798 -0.001501581
0.0005267798 -0.001148649
0.0005283798 -0.0009133613
0.0005299798 0.0001454343
0.0005315798 0.001674806
0.0005331798 0.003792397
0.0005347798 0.005086481
0.0005363798 0.00685114
0.0005379798 0.00685114
0.0005395798 0.007557004
0.0005411798 0.00626292
0.0005427798 0.004262973
0.0005443798 0.002027738
0.0005459798 -0.001266293
0.0005475798 -0.003736816
0.0005491798 -0.006089696
0.0005507798 -0.009030794
0.0005523798 -0.01208954
0.0005539798 -0.01561886
0.0005555798 -0.01903053
0.0005571798 -0.02232456
0.0005587798 -0.02420687
0.0005603798 -0.02408922
0.0005619798 -0.02338336
0.0005635798 -0.02255985
0.0005651798 -0.02303043
0.0005667798 -0.02208927
0.0005683798 -0.0216187
0.0005699798 -0.01961875
0.0005715798 -0.01891289
0.0005731798 -0.01797174
0.0005747798 -0.01797174
0.0005763798 -0.01820702
0.0005779798 -0.01832467
0.0005795798 -0.01832467
0.0005811798 -0.01903053
0.0005827798 -0.01997168
0.0005843798 -0.02126577
0.0005859798 -0.02279514
0.0005875798 -0.02397158
0.0005891798 -0.02467744
0.0005907798 -0.02491273
0.0005923798 -0.02503037
0.0005939798 -0.02632446
0.0005955798 -0.02879498
0.0005971798 -0.03091257
0.0005987798 -0.03255959
0.0006003798 -0.03244194
0.0006019798 -0.0312655
0.0006035798 -0.03055964
0.0006051798 -0.03067728
0.0006067798 -0.03055964
0.0006083798 -0.0293832
0.0006099798 -0.02785383
0.0006115798 -0.02444215
0.0006131798 -0.02338336
0.0006147798 -0.0216187
0.0006163798 -0.01985404
0.0006179798 -0.01844231
0.0006195798 -0.01656001
0.0006211798 -0.01597179
0.0006227798 -0.01585414
0.0006243798 -0.01585414
0.0006259798 -0.0157365
0.0006275798 -0.0167953
0.0006291798 -0.0176188
0.0006307798 -0.01844231
0.0006323798 -0.01938346
0.0006339798 -0.02020697
0.0006355798 -0.02197163
0.0006371798 -0.02373629
0.0006387798 -0.02561859
0.0006403798 -0.02667739
0.0006419798 -0.02879498
0.0006435798 -0.03161843
0.0006451798 -0.03538304
0.0006467798 -0.03844178
0.0006483798 -0.04185346
0.0006499798 -0.04479456
0.0006515798 -0.04714744
0.0006531798 -0.04985325
0.0006547798 -0.05173555
0.0006563798 -0.05314728
0.0006579798 -0.05314728
0.0006595798 -0.05255906
0.0006611798 -0.05067676
0.0006627798 -0.04820623
0.0006643798 -0.04432398
0.0006659798 -0.0400888
0.0006675798 -0.03726534
0.0006691798 -0.03338309
0.0006707798 -0.03032435
0.0006723798 -0.02703032
0.0006739798 -0.02314807
0.0006755798 -0.02044226
0.0006771798 -0.01797174
0.0006787798 -0.01656001
0.0006803798 -0.01491299
0.0006819798 -0.01456006
0.0006835798 -0.01197189
0.0006851798 -0.01150132
0.0006867798 -0.01220718
0.0006883798 -0.01444242
0.0006899798 -0.01714823
0.0006915798 -0.02020697
0.0006931798 -0.02361865
0.0006947798 -0.02679503
0.0006963798 -0.0293832
0.0006979798 -0.03150079
0.0006995798 -0.03408896
0.0007011798 -0.03691241
0.0007027798 -0.03879472
0.0007043798 -0.03938294
0.0007059798 -0.03855943
0.0007075798 -0.03632419
0.0007091798 -0.03326545
0.0007107798 -0.02891262
0.0007123798 -0.02385393
0.0007139798 -0.01844231
0.0007155798 -0.01244247
0.0007171798 -0.007383779
0.0007187798 -0.002089801
0.0007203798 0.002498313
0.0007219798 0.006968784
0.0007235798 0.01038046
0.0007251798 0.01179219
0.0007267798 0.01226276
0.0007283798 0.01179219
0.0007299798 0.01014517
0.0007315798 0.007321716
0.0007331798 0.003321821
0.0007347798 -0.001031005
0.0007363798 -0.005266188
0.0007379798 -0.008089643
0.0007395798 -0.01303069
0.0007411798 -0.01585414
0.0007427798 -0.01914817
0.0007443798 -0.02138341
0.0007459798 -0.02232456
0.0007475798 -0.02173634
0.0007491798 -0.02138341
0.0007507798 -0.02008933
0.0007523798 -0.01738352
0.0007539798 -0.01550121
0.0007555798 -0.01150132
0.0007571798 -0.006913203
0.0007587798 -0.0007957174
0.0007603798 0.005439412
0.0007619798 0.0115569
0.0007635798 0.01802732
0.0007651798 0.02402716
0.0007667798 0.03085051
0.0007683798 0.03649742
0.0007699798 0.04226197
0.0007715798 0.04673244
0.0007731798 0.05026176
0.0007747798 0.05343815
0.0007763798 0.05614396
0.0007779798 0.05849684
0.0007795798 0.06014385
0.0007811798 0.06132029
0.0007827798 0.06155558
0.0007843798 0.06073207
0.0007859798 0.06014385
0.0007875798 0.05873213
0.0007891798 0.05743804
0.0007907798 0.05555574
0.0007923798 0.05414401
0.0007939798 0.05120291
0.0007955798 0.04885003
0.0007971798 0.04567365
0.0007987798 0.0417914
0.0008003798 0.03802679
0.0008019798 0.03426218
0.0008035798 0.03061522
0.0008051798 0.02826234
0.0008067798 0.02696826
0.0008083798 0.02426245
0.0008099798 0.02755648
0.0008115798 0.03014464
0.0008131798 0.03320339
0.0008147798 0.03732093
0.0008163798 0.04296784
0.0008179798 0.04767359
0.0008195798 0.05284993
0.0008211798 0.05684982
0.0008227798 0.06084972
0.0008243798 0.06226144
0.0008259798 0.06426139
0.0008275798 0.0650849
0.0008291798 0.06532019
0.0008307798 0.06437904
0.0008323798 0.06120265
0.0008339798 0.05767333
0.0008355798 0.05367344
0.0008371798 0.05026176
0.0008387798 0.04626187
0.0008403798 0.04190904
0.0008419798 0.03732093
0.0008435798 0.03214459
0.0008451798 0.02732119
0.0008467798 0.02249779
0.0008483798 0.01873318
0.0008499798 0.014498
0.0008515798 0.009556951
0.0008531798 0.0056747
0.0008547798 0.002145382
0.0008563798 0.0006160101
0.0008579798 0.0001454343
0.0008595798 0.0004983662
0.0008611798 0.001439518
0.0008627798 0.003439465
0.0008643798 0.005439412
0.0008659798 0.008851087
0.0008675798 0.01320391
0.0008691798 0.01873318
0.0008707798 0.02367423
0.0008723798 0.02943878
0.0008739798 0.03449747
0.0008755798 0.04014438
0.0008771798 0.04426192
0.0008787798 0.05049705
0.0008803798 0.05120291
0.0008819798 0.0533205
0.0008835798 0.05414401
0.0008851798 0.05449694
0.0008867798 0.05461459
0.0008883798 0.05167349
0.0008899798 0.04896768
0.0008915798 0.04567365
0.0008931798 0.04273255
0.0008947798 0.03932087
0.0008963798 0.03602684
0.0008979798 0.03320339
0.0008995798 0.02943878
0.0009011798 0.02696826
0.0009027798 0.02496831
0.0009043798 0.0241448
0.0009059798 0.02355658
0.0009075798 0.02296836
0.0009091798 0.02343894
0.0009107798 0.02367423
0.0009123798 0.0241448
0.0009139798 0.02508595
0.0009155798 0.02543889
0.0009171798 0.0270859
0.0009187798 0.0289682
0.0009203798 0.03167402
0.0009219798 0.03437983
0.0009235798 0.03814443
0.0009251798 0.04120318
0.0009267798 0.04496778
0.0009283798 0.04861475
0.0009299798 0.05308522
0.0009315798 0.05684982
0.0009331798 0.06084972
0.0009347798 0.06379082
0.0009363798 0.06567312
0.0009379798 0.06649663
0.0009395798 0.06684956
0.0009411798 0.06602605
0.0009427798 0.06520254
0.0009443798 0.06308495
0.0009459798 0.06120265
0.0009475798 0.05826155
0.0009491798 0.05532045
0.0009507798 0.05261464
0.0009523798 0.04943825
0.0009539798 0.04614422
0.0009555798 0.04320312
0.0009571798 0.04085024
0.0009587798 0.0377915
0.0009603798 0.03555627
0.0009619798 0.03285045
0.0009635798 0.03026229
0.0009651798 0.02790941
0.0009667798 0.02579182
0.0009683798 0.02485067
0.0009699798 0.02379187
0.0009715798 0.02355658
0.0009731798 0.0241448
0.0009747798 0.02590946
0.0009763798 0.02849763
0.0009779798 0.03167402
0.0009795798 0.03449747
0.0009811798 0.03802679
0.0009827798 0.04214433
0.0009843798 0.04590893
0.0009859798 0.04990883
0.0009875798 0.0533205
0.0009891798 0.0562616
0.0009907798 0.05884977
0.0009923798 0.06037914
0.0009939798 0.06143794
0.0009955798 0.06155558
0.0009971798 0.06120265
0.0009987798 0.05990857
0.00100038 0.05849684
0.00100198 0.05590867
0.00100358 0.05308522
0.00100518 0.04967354
0.00100678 0.04602658
0.00100838 0.04214433
0.00100998 0.0388503
0.00101158 0.0348504
0.00101318 0.03273281
0.00101478 0.03073286
0.00101638 0.03026229
0.00101798 0.03096815
0.00101958 0.0319093
0.00102118 0.03473276
0.00102278 0.03873265
0.00102438 0.04285019
0.00102598 0.04790888
0.00102758 0.05179113
0.00102918 0.05720275
0.00103078 0.06155558
0.00103238 0.06543783
0.00103398 0.06873186
0.00103558 0.07120239
0.00103718 0.07214354
0.00103878 0.07343762
0.00104038 0.07379055
0.00104198 0.07414348
0.00104358 0.07343762
0.00104518 0.07249647
0.00104678 0.0709671
0.00104838 0.06884951
0.00104998 0.06579076
0.00105158 0.0632026
0.00105318 0.05979092
0.00105478 0.05708511
0.00105638 0.05426166
0.00105798 0.05132056
0.00105958 0.04802653
0.00106118 0.04508543
0.00106278 0.04237962
0.00106438 0.04014438
0.00106598 0.03767386
0.00106758 0.03602684
0.00106918 0.03367396
0.00107078 0.03249752
0.00107238 0.0319093
0.00107398 0.03226223
0.00107558 0.03437983
0.00107718 0.03249752
0.00107878 0.03343867
0.00108038 0.0348504
0.00108198 0.03614449
0.00108358 0.03814443
0.00108518 0.03990909
0.00108678 0.04273255
0.00108838 0.04496778
0.00108998 0.04802653
0.00109158 0.05049705
0.00109318 0.05320286
0.00109478 0.05508516
0.00109638 0.05673218
0.00109798 0.05743804
0.00109958 0.05708511
0.00110118 0.05614396
0.00110278 0.05414401
0.00110438 0.0514382
0.00110598 0.04814417
0.00110758 0.04343841
0.00110918 0.03920323
0.00111078 0.03437983
0.00111238 0.03014464
0.00111398 0.02602711
0.00111558 0.02320365
0.00111718 0.02096841
0.00111878 0.02026255
0.00112038 0.02049784
0.00112198 0.02143899
0.00112358 0.0222625
0.00112518 0.02473302
0.00112678 0.0270859
0.00112838 0.02990936
0.00112998 0.0319093
0.00113158 0.03379161
0.00113318 0.03437983
0.00113478 0.03461511
0.00113638 0.03426218
0.00113798 0.03308574
0.00113958 0.03085051
0.00114118 0.02837998
0.00114278 0.02485067
0.00114438 0.02190957
0.00114598 0.01896847
0.00114758 0.01555679
0.00114918 0.01249805
0.00115078 0.01132161
0.00115238 0.01002753
0.00115398 0.008145223
0.00115558 0.007909936
0.00115718 0.007674648
0.00115878 0.007557004
0.00116038 0.007792292
0.00116198 0.007086428
0.00116358 0.007204072
0.00116518 0.00626292
0.00116678 0.005321768
0.00116838 0.004145329
0.00116998 0.002380669
0.00117158 -8.985363e-005
0.00117318 -0.001383937
0.00117478 -0.002795665
0.00117638 -0.002913309
0.00117798 -0.003266241
0.00117958 -0.003266241
0.00118118 -0.002678021
0.00118278 -0.001619225
0.00118438 0.0002630782
0.00118598 0.003439465
0.00118758 0.005909988
0.00118918 0.008968731
0.00119078 0.0115569
0.00119238 0.01367449
0.00119398 0.01508622
0.00119558 0.01696852
0.00119718 0.0182626
0.00119878 0.0193214
0.00120038 0.01990962
0.00120198 0.0203802
0.00120358 0.02061548
0.00120518 0.02049784
0.00120678 0.02014491
0.00120838 0.02014491
0.00120998 0.02026255
0.00121158 0.0203802
0.00121318 0.01979198
0.00121478 0.01920376
0.00121638 0.01790967
0.00121798 0.01767438
0.00121958 0.01614501
0.00122118 0.01508622
0.00122278 0.01332156
0.00122438 0.01179219
0.00122598 0.009321663
0.00122758 0.007792292
0.00122918 0.006615852
0.00123078 0.005204125
0.00123238 0.003086533
0.00123398 0.001321874
0.00123558 -0.0003251415
0.00123718 -0.001972157
0.00123878 -0.004325036
0.00124038 -0.005501476
0.00124198 -0.006795559
0.00124358 -0.008324931
0.00124518 -0.009619014
0.00124678 -0.01103074
0.00124838 -0.01232483
0.00124998 -0.01291305
0.00125158 -0.01338362
0.00125318 -0.01397184
0.00125478 -0.01526592
0.00125638 -0.0157365
0.00125798 -0.01620708
0.00125958 -0.01738352
0.00126118 -0.01808938
0.00126278 -0.01950111
0.00126438 -0.02150105
0.00126598 -0.02373629
0.00126758 -0.02620681
0.00126918 -0.02914791
0.00127078 -0.03267723
0.00127238 -0.03338309
0.00127398 -0.03961822
0.00127558 -0.04338283
0.00127718 -0.04702979
0.00127878 -0.04985325
0.00128038 -0.0526767
0.00128198 -0.05502958
0.00128358 -0.05679424
0.00128518 -0.05714717
0.00128678 -0.05738246
0.00128838 -0.05691189
0.00128998 -0.05585309
0.00129158 -0.05444136
0.00129318 -0.05279435
0.00129478 -0.0518532
0.00129638 -0.05055911
0.00129798 -0.04902974
0.00129958 -0.04820623
0.00130118 -0.04691215
0.00130278 -0.04632393
0.00130438 -0.04526513
0.00130598 -0.0449122
0.00130758 -0.04479456
0.00130918 -0.04444163
0.00131078 -0.04408869
0.00131238 -0.04350047
0.00131398 -0.04350047
0.00131558 -0.04420634
0.00131718 -0.04408869
0.00131878 -0.04502985
0.00132038 -0.04514749
0.00132198 -0.04585335
0.00132358 -0.04655922
0.00132518 -0.04691215
0.00132678 -0.04679451
0.00132838 -0.04702979
0.00132998 -0.04608864
0.00133158 -0.04502985
0.00133318 -0.04350047
0.00133478 -0.0419711
0.00133638 -0.04044173
0.00133798 -0.03867707
0.00133958 -0.03620655
0.00134118 -0.0342066
0.00134278 -0.03467718
0.00134438 -0.03091257
0.00134598 -0.02950084
0.00134758 -0.02844205
0.00134918 -0.02773618
0.00135078 -0.02726561
0.00135238 -0.02679503
0.00135398 -0.02761854
0.00135558 -0.0275009
0.00135718 -0.02714796
0.00135878 -0.0283244
0.00136038 -0.02891262
0.00136198 -0.0293832
0.00136358 -0.03008906
0.00136518 -0.03220665
0.00136678 -0.03303016
0.00136838 -0.03467718
0.00136998 -0.03597126
0.00137158 -0.03703006
0.00137318 -0.03855943
0.00137478 -0.03961822
0.00137638 -0.04079466
0.00137798 -0.04185346
0.00137958 -0.04255932
0.00138118 -0.04314754
0.00138278 -0.04326519
0.00138438 -0.04373576
0.00138598 -0.04361812
0.00138758 -0.04361812
0.00138918 -0.0430299
0.00139078 -0.04232403
0.00139238 -0.0419711
0.00139398 -0.04102995
0.00139558 -0.04091231
0.00139718 -0.03985351
0.00139878 -0.03973587
0.00140038 -0.03879472
0.00140198 -0.0382065
0.00140358 -0.03785356
0.00140518 -0.03773592
0.00140678 -0.03797121
0.00140838 -0.03832414
0.00140998 -0.03961822
0.00141158 -0.04091231
0.00141318 -0.0400888
0.00141478 -0.04267697
0.00141638 -0.04420634
0.00141798 -0.04514749
0.00141958 -0.04608864
0.00142118 -0.045971
0.00142278 -0.04620629
0.00142438 -0.04573571
0.00142598 -0.04585335
0.00142758 -0.04550042
0.00142918 -0.04550042
0.00143078 -0.04550042
0.00143238 -0.045971
0.00143398 -0.04655922
0.00143558 -0.04644157
0.00143718 -0.0478533
0.00143878 -0.04797094
0.00144038 -0.04879445
0.00144198 -0.04997089
0.00144358 -0.04997089
0.00144518 -0.04961796
0.00144678 -0.04867681
0.00144838 -0.04702979
0.00144998 -0.04538278
0.00145158 -0.04326519
0.00145318 -0.0411476
0.00145478 -0.03855943
0.00145638 -0.0360889
0.00145798 -0.03467718
0.00145958 -0.03279487
0.00146118 -0.03150079
0.00146278 -0.03079493
0.00146438 -0.03032435
0.00146598 -0.03067728
0.00146758 -0.03067728
0.00146918 -0.03185372
0.00147078 -0.0312655
0.00147238 -0.03114786
0.00147398 -0.0312655
0.00147558 -0.03079493
0.00147718 -0.02985378
0.00147878 -0.02855969
0.00148038 -0.02679503
0.00148198 -0.02467744
0.00148358 -0.02326571
0.00148518 -0.01973639
0.00148678 -0.01644236
0.00148838 -0.01420713
0.00148998 -0.01232483
0.00149158 -0.01032488
0.00149318 -0.009148438
0.00149478 -0.007971999
0.00149638 -0.006913203
0.00149798 -0.007148491
0.00149958 -0.006677915
0.00150118 -0.006560271
0.00150278 -0.006324983
0.00150438 -0.007030847
0.00150598 -0.007383779
0.00150758 -0.006677915
0.00150918 -0.006089696
0.00151078 -0.005736764
0.00151238 -0.00385446
0.00151398 -0.002795665
0.00151558 -0.001501581
0.00151718 0.0001454343
0.00151878 0.001439518
0.00152038 0.002498313
0.00152198 0.002968889
0.00152358 0.002851245
0.00152518 0.002615957
0.00152678 0.00179245
0.00152838 0.0007336541
0.00152998 -0.0009133613
0.00153158 -0.003030953
0.00153318 -0.004795612
0.00153478 -0.006324983
0.00153638 -0.008207287
0.00153798 -0.00950137
0.00153958 -0.01079545
0.00154118 -0.01173661
0.00154278 -0.01173661
0.00154438 -0.01208954
0.00154598 -0.01173661
0.00154758 -0.01114839
0.00154918 -0.01126603
0.00155078 -0.01126603
0.00155238 -0.01197189
0.00155398 -0.01161896
0.00155558 -0.01220718
0.00155718 -0.0127954
0.00155878 -0.0127954
0.00156038 -0.01303069
0.00156198 -0.01373655
0.00156358 -0.01420713
0.00156518 -0.01503064
0.00156678 -0.01538357
0.00156838 -0.01514828
0.00156998 -0.01597179
0.00157158 -0.01620708
0.00157318 -0.01738352
0.00157478 -0.01785409
0.00157638 -0.0186776
0.00157798 -0.01961875
0.00157958 -0.02032461
0.00158118 -0.02150105
0.00158278 -0.02255985
0.00158438 -0.02326571
0.00158598 -0.02326571
0.00158758 -0.02432451
0.00158918 -0.02373629
0.00159078 -0.023501
0.00159238 -0.02279514
0.00159398 -0.02232456
0.00159558 -0.02126577
0.00159718 -0.02032461
0.00159878 -0.01891289
0.00160038 -0.01785409
0.00160198 -0.01644236
0.00160358 -0.0157365
0.00160518 -0.01550121
0.00160678 -0.01514828
0.00160838 -0.0138542
0.00160998 -0.0138542
0.00161158 -0.01256011
0.00161318 -0.01208954
0.00161478 -0.01150132
0.00161638 -0.01138367
0.00161798 -0.01056017
0.00161958 -0.01044252
0.00162118 -0.01044252
0.00162278 -0.0109131
0.00162438 -0.01173661
0.00162598 -0.01256011
0.00162758 -0.0138542
0.00162918 -0.01503064
0.00163078 -0.01656001
0.00163238 -0.01750116
0.00163398 -0.01914817
0.00163558 -0.0205599
0.00163718 -0.02197163
0.00163878 -0.02232456
0.00164038 -0.02244221
0.00164198 -0.02197163
0.00164358 -0.02067755
0.00164518 -0.01950111
0.00164678 -0.01785409
0.00164838 -0.01620708
0.00164998 -0.01373655
0.00165158 -0.01185425
0.00165318 -0.009854302
0.00165478 -0.008677863
0.00165638 -0.007383779
0.00165798 -0.005972052
0.00165958 -0.004913256
0.00166118 -0.00444268
0.00166278 -0.004677968
0.00166438 -0.005266188
0.00166598 -0.005736764
0.00166758 -0.007030847
0.00166918 -0.007736711
0.00167078 -0.009030794
0.00167238 -0.01008959
0.00167398 -0.01161896
0.00167558 -0.01244247
0.00167718 -0.01350126
0.00167878 -0.01456006
0.00168038 -0.01703058
0.00168198 -0.01608943
0.00168358 -0.01620708
0.00168518 -0.01667765
0.00168678 -0.01726587
0.00168838 -0.01750116
0.00168998 -0.01714823
0.00169158 -0.01667765
0.00169318 -0.0157365
0.00169478 -0.01503064
0.00169638 -0.01361891
0.00169798 -0.01185425
0.00169958 -0.009736658
0.00170118 -0.007619067
0.00170278 -0.005383832
0.00170438 -0.003148597
0.00170598 -0.001736869
0.00170758 0.0001454343
0.00170918 0.0007336541
0.00171078 0.001557162
0.00171238 0.002027738
0.00171398 0.002027738
0.00171558 0.001674806
0.00171718 0.0004983662
0.00171878 -0.0004427855
0.00172038 -0.001148649
0.00172198 -0.001854513
0.00172358 -0.002207445
0.00172518 -0.002560377
0.00172678 -0.002089801
0.00172838 -0.001854513
0.00172998 -0.0006780734
0.00173158 0.000851298
0.00173318 0.002263026
0.00173478 0.003439465
0.00173638 0.007086428
0.00173798 0.0056747
0.00173958 0.00685114
0.00174118 0.007086428
0.00174278 0.007204072
0.00174438 0.006615852
0.00174598 0.005909988
0.00174758 0.004733549
0.00174918 0.003321821
0.00175078 0.0004983662
0.00175238 0.0003807222
0.00175398 -0.001501581
0.00175558 -0.002325089
0.00175718 -0.003383884
0.00175878 -0.00444268
0.00176038 -0.004795612
0.00176198 -0.004795612
0.00176358 -0.0050309
0.00176518 -0.004560324
0.00176678 -0.00385446
0.00176838 -0.002795665
0.00176998 -0.002442733
0.00177158 -0.001266293
0.00177318 -0.0009133613
0.00177478 0.0001454343
0.00177638 0.000851298
0.00177798 0.001557162
0.00177958 0.002145382
0.00178118 0.002733601
0.00178278 0.002498313
0.00178438 0.003204177
0.00178598 0.002851245
0.00178758 0.002851245
0.00178918 0.002027738
0.00179078 0.001321874
0.00179238 0.0001454343
0.00179398 -0.0006780734
0.00179558 -0.001972157
0.00179718 -0.002913309
0.00179878 -0.004325036
0.00180038 -0.005736764
0.00180198 -0.007148491
0.00180358 -0.007148491
0.00180518 -0.007854355
0.00180678 -0.007030847
0.00180838 -0.007971999
0.00180998 -0.007148491
0.00181158 -0.006207339
0.00181318 -0.004677968
0.00181478 -0.003501528
0.00181638 -0.002207445
0.00181798 -0.0003251415
0.00181958 0.001086586
0.00182118 0.001321874
0.00182278 0.002851245
0.00182438 0.003439465
0.00182598 0.003674753
0.00182758 0.003086533
0.00182918 0.003086533
0.00183078 0.002027738
0.00183238 0.0004983662
0.00183398 -0.0009133613
0.00183558 -0.002207445
0.00183718 -0.003148597
0.00183878 -0.004677968
0.00184038 -0.005736764
0.00184198 -0.006442627
0.00184358 -0.007501423
0.00184518 -0.007854355
0.00184678 -0.008089643
0.00184838 -0.008442575
0.00184998 -0.008677863
0.00185158 -0.00950137
0.00185318 -0.00950137
0.00185478 -0.009619014
0.00185638 -0.01008959
0.00185798 -0.01008959
0.00185958 -0.01056017
0.00186118 -0.01067781
0.00186278 -0.01044252
0.00186438 -0.009619014
0.00186598 -0.009383726
0.00186758 -0.008207287
0.00186918 -0.007266135
0.00187078 -0.006324983
0.00187238 -0.005383832
0.00187398 -0.00385446
0.00187558 -0.002913309
0.00187718 0.0004983662
0.00187878 -0.0006780734
0.00188038 2.779033e-005
0.00188198 0.0007336541
0.00188358 0.001439518
0.00188518 0.002263026
0.00188678 0.003321821
0.00188838 0.004027685
0.00188998 0.004851193
0.00189158 0.004968837
0.00189318 0.005792344
0.00189478 0.006733496
0.00189638 0.007086428
0.00189798 0.007557004
0.00189958 0.008498155
0.00190118 0.008733443
0.00190278 0.009439307
0.00190438 0.01038046
0.00190598 0.0115569
0.00190758 0.01249805
0.00190918 0.01402742
0.00191078 0.01508622
0.00191238 0.01720381
0.00191398 0.01838025
0.00191558 0.0203802
0.00191718 0.0222625
0.00191878 0.02402716
0.00192038 0.02543889
0.00192198 0.02720354
0.00192358 0.02873292
0.00192518 0.03037993
0.00192678 0.03179166
0.00192838 0.03320339
0.00192998 0.03449747
0.00193158 0.03555627
0.00193318 0.03637977
0.00193478 0.03732093
0.00193638 0.03849736
0.00193798 0.03873265
0.00193958 0.03861501
0.00194118 0.03943852
0.00194278 0.03873265
0.00194438 0.0388503
0.00194598 0.03861501
0.00194758 0.04002674
0.00194918 0.03790914
0.00195078 0.03755621
0.00195238 0.03649742
0.00195398 0.03543862
0.00195558 0.03390925
0.00195718 0.03273281
0.00195878 0.03143873
0.00196038 0.03014464
0.00196198 0.0289682
0.00196358 0.02755648
0.00196518 0.02590946
0.00196678 0.02543889
0.00196838 0.02426245
0.00196998 0.02355658
0.00197158 0.02296836
0.00197318 0.02296836
0.00197478 0.02285072
0.00197638 0.02296836
0.00197798 0.02238014
0.00197958 0.02190957
0.00198118 0.02096841
0.00198278 0.02026255
0.00198438 0.01885082
0.00198598 0.0174391
0.00198758 0.01508622
0.00198918 0.01390978
0.00199078 0.01108632
0.00199238 0.01002753
0.00199398 0.00743936
0.00199558 0.0056747
0.00199718 0.003086533
0.00199878 0.00120423
0.00200038 -0.0004427855
0.00200198 -0.002678021
0.00200358 -0.002795665
0.00200518 -0.006324983
0.00200678 -0.007854355
0.00200838 -0.009148438
0.00200998 -0.0109131
0.00201158 -0.01232483
0.00201318 -0.01314833
0.00201478 -0.01432477
0.00201638 -0.01479535
0.00201798 -0.01526592
0.00201958 -0.01691294
0.00202118 -0.0176188
0.00202278 -0.01808938
0.00202438 -0.01855996
0.00202598 -0.01961875
0.00202758 -0.01985404
0.00202918 -0.02091283
0.00203078 -0.0216187
0.00203238 -0.02314807
0.00203398 -0.02361865
0.00203558 -0.0245598
0.00203718 -0.02632446
0.00203878 -0.02714796
0.00204038 -0.02785383
0.00204198 -0.02950084
0.00204358 -0.02985378
0.00204518 -0.03079493
0.00204678 -0.03067728
0.00204838 -0.0312655
0.00204998 -0.03079493
0.00205158 -0.03103021
0.00205318 -0.03114786
0.00205478 -0.03055964
0.00205638 -0.03032435
0.00205798 -0.02973613
0.00205958 -0.02961849
0.00206118 -0.02973613
0.00206278 -0.03020671
0.00206438 -0.03032435
0.00206598 -0.0312655
0.00206758 -0.03279487
0.00206918 -0.03361838
0.00207078 -0.03491247
0.00207238 -0.03632419
0.00207398 -0.03597126
0.00207558 -0.03903
0.00207718 -0.03997116
0.00207878 -0.04067702
0.00208038 -0.04091231
0.00208198 -0.04126524
0.00208358 -0.04091231
0.00208518 -0.03973587
0.00208678 -0.03914765
0.00208838 -0.03844178
0.00208998 -0.03585362
0.00209158 -0.03455953
0.00209318 -0.03326545
0.00209478 -0.03185372
0.00209638 -0.03044199
0.00209798 -0.02973613
0.00209958 -0.02867734
0.00210118 -0.02820676
0.00210278 -0.0275009
0.00210438 -0.02738325
0.00210598 -0.02703032
0.00210758 -0.0264421
0.00210918 -0.02597152
0.00211078 -0.02526566
0.00211238 -0.02420687
0.00211398 -0.02279514
0.00211558 -0.02126577
0.00211718 -0.01973639
0.00211878 -0.0176188
0.00212038 -0.01585414
0.00212198 -0.01397184
0.00212358 -0.01208954
0.00212518 -0.01056017
0.00212678 -0.008442575
0.00212838 -0.007148491
0.00212998 -0.005148544
0.00213158 -0.003972104
0.00213318 -0.001854513
0.00213478 -0.0007957174
0.00213638 0.0001454343
0.00213798 0.001557162
0.00213958 0.002968889
0.00214118 0.003674753
0.00214278 0.004380617
0.00214438 0.004027685
0.00214598 0.006027632
0.00214758 0.0056747
0.00214918 0.006027632
0.00215078 0.0056747
0.00215238 0.005909988
0.00215398 0.006145276
0.00215558 0.00626292
0.00215718 0.006615852
0.00215878 0.00626292
0.00216038 0.007557004
0.00216198 0.008380511
0.00216358 0.008615799
0.00216518 0.009439307
0.00216678 0.009556951
0.00216838 0.01002753
0.00216998 0.01061575
0.00217158 0.01038046
0.00217318 0.01108632
0.00217478 0.01085103
0.00217638 0.01132161
0.00217798 0.01096868
0.00217958 0.0115569
0.00218118 0.0115569
0.00218278 0.01179219
0.00218438 0.01249805
0.00218598 0.01226276
0.00218758 0.01320391
0.00218918 0.01202747
0.00219078 0.01238041
0.00219238 0.01190983
0.00219398 0.01214512
0.00219558 0.01108632
0.00219718 0.01014517
0.00219878 0.009439307
0.00220038 0.008851087
0.00220198 0.008145223
0.00220358 0.007909936
0.00220518 0.007204072
0.00220678 0.00685114
0.00220838 0.006498208
0.00220998 0.006968784
0.00221158 0.006615852
0.00221318 0.006615852
0.00221478 0.006145276
0.00221638 0.006498208
0.00221798 0.006380564
0.00221958 0.006615852
0.00222118 0.006145276
0.00222278 0.005909988
0.00222438 0.005439412
0.00222598 0.005086481
0.00222758 0.004615905
0.00222918 0.003792397
0.00223078 0.003439465
0.00223238 0.002615957
0.00223398 0.001557162
0.00223558 0.0007336541
0.00223718 -0.0005604295
0.00223878 -0.001972157
0.00224038 -0.003266241
0.00224198 -0.004913256
0.00224358 -0.006677915
0.00224518 -0.007854355
0.00224678 -0.00950137
0.00224838 -0.01103074
0.00224998 -0.01220718
0.00225158 -0.01361891
0.00225318 -0.01491299
0.00225478 -0.01620708
0.00225638 -0.01750116
0.00225798 -0.01808938
0.00225958 -0.01903053
0.00226118 -0.01973639
0.00226278 -0.02067755
0.00226438 -0.02138341
0.00226598 -0.02220692
0.00226758 -0.02244221
0.00226918 -0.02255985
0.00227078 -0.02526566
0.00227238 -0.02314807
0.00227398 -0.02303043
0.00227558 -0.02291278
0.00227718 -0.02267749
0.00227878 -0.02197163
0.00228038 -0.02173634
0.00228198 -0.02138341
0.00228358 -0.02079519
0.00228518 -0.0205599
0.00228678 -0.01973639
0.00228838 -0.01926582
0.00228998 -0.01914817
0.00229158 -0.0186776
0.00229318 -0.0186776
0.00229478 -0.01808938
0.00229638 -0.01773645
0.00229798 -0.01714823
0.00229958 -0.01691294
0.00230118 -0.01644236
0.00230278 -0.01620708
0.00230438 -0.01620708
0.00230598 -0.01503064
0.00230758 -0.01503064
0.00230918 -0.01456006
0.00231078 -0.01456006
0.00231238 -0.01408948
0.00231398 -0.0138542
0.00231558 -0.01338362
0.00231718 -0.01256011
0.00231878 -0.01197189
0.00232038 -0.01138367
0.00232198 -0.01056017
0.00232358 -0.01020723
0.00232518 -0.00950137
0.00232678 -0.009383726
0.00232838 -0.009148438
0.00232998 -0.009266082
0.00233158 -0.009266082
0.00233318 -0.009971946
0.00233478 -0.009971946
0.00233638 -0.009854302
0.00233798 -0.009619014
0.00233958 -0.009971946
0.00234118 -0.01020723
0.00234278 -0.009148438
0.00234438 -0.008089643
0.00234598 -0.007736711
0.00234758 -0.006324983
0.00234918 -0.0050309
0.00235078 -0.003972104
0.00235238 -0.003148597
0.00235398 -0.002207445
0.00235558 -0.001736869
0.00235718 -0.0004427855
0.00235878 0.0007336541
0.00236038 0.00120423
0.00236198 0.001086586
0.00236358 0.001674806
0.00236518 0.002027738
0.00236678 0.002380669
0.00236838 0.003204177
0.00236998 0.003557109
0.00237158 0.004380617
0.00237318 0.005321768
0.00237478 0.00626292
0.00237638 0.007674648
0.00237798 0.008733443
0.00237958 0.01002753
0.00238118 0.01120397
0.00238278 0.01238041
0.00238438 0.0134392
0.00238598 0.01461564
0.00238758 0.01555679
0.00238918 0.01649794
0.00239078 0.01732145
0.00239238 0.01814496
0.00239398 0.01838025
0.00239558 0.01943904
0.00239718 0.0203802
0.00239878 0.02155663
0.00240038 0.02261543
0.00240198 0.02379187
0.00240358 0.02543889
0.00240518 0.02685061
0.00240678 0.02790941
0.00240838 0.02990936
0.00240998 0.03096815
0.00241158 0.03132108
0.00241318 0.03390925
0.00241478 0.03508569
0.00241638 0.03579155
0.00241798 0.03649742
0.00241958 0.03685035
0.00242118 0.03696799
0.00242278 0.03708564
0.00242438 0.03649742
0.00242598 0.03649742
0.00242758 0.03614449
0.00242918 0.03543862
0.00243078 0.03532098
0.00243238 0.03496805
0.00243398 0.03414454
0.00243558 0.03355632
0.00243718 0.03355632
0.00243878 0.03379161
0.00244038 0.03473276
0.00244198 0.0348504
0.00244358 0.03614449
0.00244518 0.03732093
0.00244678 0.03873265
0.00244838 0.04002674
0.00244998 0.04202668
0.00245158 0.04332077
0.00245318 0.04461485
0.00245478 0.04637951
0.00245638 0.04767359
0.00245798 0.04885003
0.00245958 0.05049705
0.00246118 0.05108527
0.00246278 0.05226171
0.00246438 0.05237935
0.00246598 0.05284993
0.00246758 0.05261464
0.00246918 0.05308522
0.00247078 0.05273228
0.00247238 0.05296757
0.00247398 0.05226171
0.00247558 0.05214406
0.00247718 0.0514382
0.00247878 0.05108527
0.00248038 0.04990883
0.00248198 0.04837946
0.00248358 0.04885003
0.00248518 0.04837946
0.00248678 0.04779124
0.00248838 0.04720302
0.00248998 0.04626187
0.00249158 0.04590893
0.00249318 0.04567365
0.00249478 0.04567365
0.00249638 0.04579129
0.00249798 0.04637951
0.00249958 0.04685009
0.00250118 0.04767359
0.00250278 0.0484971
0.00250438 0.04908532
0.00250598 0.04932061
0.00250758 0.0503794
0.00250918 0.05073234
0.00251078 0.05167349
0.00251238 0.052497
0.00251398 0.05355579
0.00251558 0.05379108
0.00251718 0.05520281
0.00251878 0.05602631
0.00252038 0.05720275
0.00252198 0.05790862
0.00252358 0.05932035
0.00252518 0.06002621
0.00252678 0.06096736
0.00252838 0.06143794
0.00252998 0.0621438
0.00253158 0.06249673
0.00253318 0.06273202
0.00253478 0.06332024
0.00253638 0.06296731
0.00253798 0.06084972
0.00253958 0.06190851
0.00254118 0.06155558
0.00254278 0.06120265
0.00254438 0.06049679
0.00254598 0.06014385
0.00254758 0.0592027
0.00254918 0.05896741
0.00255078 0.05814391
0.00255238 0.05696747
0.00255398 0.05720275
0.00255558 0.05684982
0.00255718 0.05614396
0.00255878 0.05567338
0.00256038 0.05473223
0.00256198 0.05461459
0.00256358 0.05484988
0.00256518 0.0543793
0.00256678 0.05390872
0.00256838 0.05390872
0.00256998 0.05367344
0.00257158 0.05343815
0.00257318 0.05273228
0.00257478 0.05261464
0.00257638 0.05214406
0.00257798 0.05120291
0.00257958 0.05014412
0.00258118 0.0495559
0.00258278 0.04814417
0.00258438 0.04743831
0.00258598 0.04567365
0.00258758 0.04449721
0.00258918 0.04355605
0.00259078 0.0426149
0.00259238 0.04155611
0.00259398 0.04108553
0.00259558 0.04037967
0.00259718 0.04049731
0.00259878 0.04049731
0.00260038 0.04061496
0.00260198 0.04132082
0.00260358 0.04167375
0.00260518 0.04237962
0.00260678 0.04332077
0.00260838 0.04496778
0.00260998 0.04485014
0.00261158 0.045556
0.00261318 0.04567365
0.00261478 0.04637951
0.00261638 0.04685009
0.00261798 0.04637951
0.00261958 0.045556
0.00262118 0.04473249
0.00262278 0.04437956
0.00262438 0.04167375
0.00262598 0.04049731
0.00262758 0.03790914
0.00262918 0.03579155
0.00263078 0.03285045
0.00263238 0.03073286
0.00263398 0.02873292
0.00263558 0.02614475
0.00263718 0.02402716
0.00263878 0.02202721
0.00264038 0.01967433
0.00264198 0.01802732
0.00264358 0.01649794
0.00264518 0.01520386
0.00264678 0.01296863
0.00264838 0.01179219
0.00264998 0.01061575
0.00265158 0.008968731
0.00265318 0.007674648
0.00265478 0.006615852
0.00265638 0.005204125
0.00265798 0.003321821
0.00265958 0.002263026
0.00266118 0.001086586
0.00266278 -8.985363e-005
0.00266438 -0.001031005
0.00266598 -0.001972157
0.00266758 -0.003030953
0.00266918 -0.003736816
0.00267078 -0.004677968
0.00267238 -0.005148544
0.00267398 -0.00561912
0.00267558 -0.006324983
0.00267718 -0.006913203
0.00267878 -0.008089643
0.00268038 -0.008913151
0.00268198 -0.01020723
0.00268358 -0.01067781
0.00268518 -0.01185425
0.00268678 -0.01220718
0.00268838 -0.01303069
0.00268998 -0.0138542
0.00269158 -0.01432477
0.00269318 -0.01479535
0.00269478 -0.01538357
0.00269638 -0.01526592
0.00269798 -0.01561886
0.00269958 -0.01608943
0.00270118 -0.0157365
0.00270278 -0.01620708
0.00270438 -0.0157365
0.00270598 -0.01526592
0.00270758 -0.01526592
0.00270918 -0.01479535
0.00271078 -0.01408948
0.00271238 -0.01361891
0.00271398 -0.01232483
0.00271558 -0.01126603
0.00271718 -0.01056017
0.00271878 -0.00950137
0.00272038 -0.008089643
0.00272198 -0.006795559
0.00272358 -0.00561912
0.00272518 -0.003972104
0.00272678 -0.002795665
0.00272838 -0.001501581
0.00272998 -0.0002074976
0.00273158 0.001321874
0.00273318 0.002145382
0.00273478 0.004262973
0.00273638 0.004262973
0.00273798 0.004851193
0.00273958 0.005204125
0.00274118 0.006027632
0.00274278 0.005909988
0.00274438 0.00626292
0.00274598 0.005792344
0.00274758 0.006027632
0.00274918 0.006498208
0.00275078 0.005321768
0.00275238 0.004968837
0.00275398 0.004615905
0.00275558 0.004145329
0.00275718 0.003674753
0.00275878 0.003204177
0.00276038 0.003204177
0.00276198 0.002615957
0.00276358 0.002968889
0.00276518 0.002733601
0.00276678 0.003204177
0.00276838 0.003204177
0.00276998 0.003439465
0.00277158 0.003792397
0.00277318 0.003910041
0.00277478 0.004027685
0.00277638 0.004145329
0.00277798 0.004262973
0.00277958 0.004615905
0.00278118 0.004145329
0.00278278 0.004027685
0.00278438 0.003321821
0.00278598 0.002733601
0.00278758 0.001674806
0.00278918 0.0007336541
0.00279078 -0.0004427855
0.00279238 -0.001619225
0.00279398 -0.003148597
0.00279558 -0.00444268
0.00279718 -0.005501476
0.00279878 -0.006795559
0.00280038 -0.007971999
0.00280198 -0.008560219
0.00280358 -0.009736658
0.00280518 -0.008913151
0.00280678 -0.0109131
0.00280838 -0.01067781
0.00280998 -0.01114839
0.00281158 -0.01056017
0.00281318 -0.01020723
0.00281478 -0.009854302
0.00281638 -0.00950137
0.00281798 -0.008913151
0.00281958 -0.008560219
0.00282118 -0.008795507
0.00282278 -0.009383726
0.00282438 -0.008795507
0.00282598 -0.00950137
0.00282758 -0.008913151
0.00282918 -0.009266082
0.00283078 -0.009383726
0.00283238 -0.009854302
0.00283398 -0.009736658
0.00283558 -0.009854302
0.00283718 -0.009736658
0.00283878 -0.009736658
0.00284038 -0.01032488
0.00284198 -0.01032488
0.00284358 -0.01008959
0.00284518 -0.01161896
0.00284678 -0.01114839
0.00284838 -0.01208954
0.00284998 -0.01314833
0.00285158 -0.01373655
0.00285318 -0.01491299
0.00285478 -0.01585414
0.00285638 -0.01608943
0.00285798 -0.01632472
0.00285958 -0.01656001
0.00286118 -0.01726587
0.00286278 -0.01714823
0.00286438 -0.01714823
0.00286598 -0.01620708
0.00286758 -0.01585414
0.00286918 -0.01561886
0.00287078 -0.01456006
0.00287238 -0.01350126
0.00287398 -0.01303069
0.00287558 -0.01232483
0.00287718 -0.01150132
0.00287878 -0.0109131
0.00288038 -0.01056017
0.00288198 -0.01032488
0.00288358 -0.01044252
0.00288518 -0.009971946
0.00288678 -0.01020723
0.00288838 -0.009854302
0.00288998 -0.01044252
0.00289158 -0.01067781
0.00289318 -0.01114839
0.00289478 -0.01244247
0.00289638 -0.01303069
0.00289798 -0.01373655
0.00289958 -0.01503064
0.00290118 -0.01632472
0.00290278 -0.01750116
0.00290438 -0.01820702
0.00290598 -0.01973639
0.00290758 -0.02079519
0.00290918 -0.02173634
0.00291078 -0.02267749
0.00291238 -0.023501
0.00291398 -0.02338336
0.00291558 -0.02385393
0.00291718 -0.02373629
0.00291878 -0.02361865
0.00292038 -0.02326571
0.00292198 -0.02291278
0.00292358 -0.02220692
0.00292518 -0.02185399
0.00292678 -0.02079519
0.00292838 -0.02067755
0.00292998 -0.01961875
0.00293158 -0.02185399
0.00293318 -0.01914817
0.00293478 -0.01903053
0.00293638 -0.01914817
0.00293798 -0.01891289
0.00293958 -0.01891289
0.00294118 -0.01891289
0.00294278 -0.01961875
0.00294438 -0.02008933
0.00294598 -0.02091283
0.00294758 -0.0205599
0.00294918 -0.02079519
0.00295078 -0.02185399
0.00295238 -0.02208927
0.00295398 -0.02255985
0.00295558 -0.02338336
0.00295718 -0.02408922
0.00295878 -0.02491273
0.00296038 -0.02620681
0.00296198 -0.02632446
0.00296358 -0.02703032
0.00296518 -0.02761854
0.00296678 -0.02808912
0.00296838 -0.02891262
0.00296998 -0.02879498
0.00297158 -0.02950084
0.00297318 -0.02950084
0.00297478 -0.02973613
0.00297638 -0.02997142
0.00297798 -0.02997142
0.00297958 -0.02985378
0.00298118 -0.02926556
0.00298278 -0.02891262
0.00298438 -0.02773618
0.00298598 -0.02703032
0.00298758 -0.02620681
0.00298918 -0.02514802
0.00299078 -0.02420687
0.00299238 -0.02279514
0.00299398 -0.0216187
0.00299558 -0.02103048
0.00299718 -0.02032461
0.00299878 -0.01973639
0.00300038 -0.01926582
0.00300198 -0.02044226
0.00300358 -0.0186776
0.00300518 -0.0186776
0.00300678 -0.01832467
0.00300838 -0.01855996
0.00300998 -0.01855996
0.00301158 -0.01903053
0.00301318 -0.01891289
0.00301478 -0.01879524
0.00301638 -0.01879524
0.00301798 -0.01879524
0.00301958 -0.01820702
0.00302118 -0.01773645
0.00302278 -0.01691294
0.00302438 -0.01644236
0.00302598 -0.01526592
0.00302758 -0.01420713
0.00302918 -0.01303069
0.00303078 -0.01197189
0.00303238 -0.01067781
0.00303398 -0.009971946
0.00303558 -0.009030794
0.00303718 -0.007854355
0.00303878 -0.007030847
0.00304038 -0.006207339
0.00304198 -0.00561912
0.00304358 -0.005266188
0.00304518 -0.004795612
0.00304678 -0.004677968
0.00304838 -0.004913256
0.00304998 -0.005266188
0.00305158 -0.005854408
0.00305318 -0.005854408
0.00305478 -0.006442627
0.00305638 -0.007266135
0.00305798 -0.008207287
0.00305958 -0.008913151
0.00306118 -0.009736658
0.00306278 -0.01079545
0.00306438 -0.01185425
0.00306598 -0.0127954
0.00306758 -0.01350126
0.00306918 -0.01420713
0.00307078 -0.01456006
0.00307238 -0.01514828
0.00307398 -0.01550121
0.00307558 -0.0157365
0.00307718 -0.01597179
0.00307878 -0.01585414
0.00308038 -0.01514828
0.00308198 -0.01479535
0.00308358 -0.01408948
0.00308518 -0.01303069
0.00308678 -0.01126603
0.00308838 -0.01079545
0.00308998 -0.009266082
0.00309158 -0.008324931
0.00309318 -0.007030847
0.00309478 -0.005736764
0.00309638 -0.004913256
0.00309798 -0.004089748
0.00309958 -0.003383884
0.00310118 -0.003030953
0.00310278 -0.001736869
0.00310438 -0.001619225
0.00310598 -0.001383937
0.00310758 -0.001501581
0.00310918 -0.001619225
0.00311078 -0.001619225
0.00311238 -0.002089801
0.00311398 -0.002795665
0.00311558 -0.002913309
0.00311718 -0.003383884
0.00311878 -0.003619172
0.00312038 -0.00444268
0.00312198 -0.004207392
0.00312358 -0.004677968
0.00312518 -0.004560324
0.00312678 -0.004795612
0.00312838 -0.0050309
0.00312998 -0.00385446
0.00313158 -0.003383884
0.00313318 -0.002442733
0.00313478 -0.002207445
0.00313638 -0.0007957174
0.00313798 2.779033e-005
0.00313958 0.0007336541
0.00314118 0.002263026
0.00314278 0.004027685
0.00314438 0.004733549
0.00314598 0.0056747
0.00314758 0.006968784
0.00314918 0.007674648
0.00315078 0.008615799
0.00315238 0.009439307
0.00315398 0.009674595
0.00315558 0.01073339
0.00315718 0.0104981
0.00315878 0.01085103
0.00316038 0.0115569
0.00316198 0.01108632
0.00316358 0.01143925
0.00316518 0.01120397
0.00316678 0.0104981
0.00316838 0.01026281
0.00316998 0.009792239
0.00317158 0.009086375
0.00317318 0.008615799
0.00317478 0.007909936
0.00317638 0.007674648
0.00317798 0.007204072
0.00317958 0.006968784
0.00318118 0.006733496
0.00318278 0.006145276
0.00318438 0.006027632
0.00318598 0.006380564
0.00318758 0.00626292
0.00318918 0.006968784
0.00319078 0.007321716
0.00319238 0.00802758
0.00319398 0.008615799
0.00319558 0.009674595
0.00319718 0.0104981
0.00319878 0.008851087
0.00320038 0.01179219
0.00320198 0.01285098
0.00320358 0.01379213
0.00320518 0.01438035
0.00320678 0.01461564
0.00320838 0.01508622
0.00320998 0.01508622
0.00321158 0.01508622
0.00321318 0.0153215
0.00321478 0.014498
0.00321638 0.01426271
0.00321798 0.01355685
0.00321958 0.01249805
0.00322118 0.01179219
0.00322278 0.01026281
0.00322438 0.009321663
0.00322598 0.007674648
0.00322758 0.006498208
0.00322918 0.005204125
0.00323078 0.004262973
0.00323238 0.003321821
0.00323398 0.002498313
0.00323558 0.001910094
0.00323718 0.001439518
0.00323878 0.001674806
0.00324038 0.00179245
0.00324198 0.001674806
0.00324358 0.002851245
0.00324518 0.002498313
0.00324678 0.003792397
0.00324838 0.004145329
0.00324998 0.004380617
0.00325158 0.004733549
0.00325318 0.004851193
0.00325478 0.004615905
0.00325638 0.004027685
0.00325798 0.003439465
0.00325958 0.002615957
0.00326118 0.001674806
0.00326278 0.0002630782
0.00326438 -0.0009133613
0.00326598 -0.002560377
0.00326758 -0.004089748
0.00326918 -0.005266188
0.00327078 -0.007854355
0.00327238 -0.009266082
0.00327398 -0.01138367
0.00327558 -0.01303069
0.00327718 -0.01514828
0.00327878 -0.0167953
0.00328038 -0.01785409
0.00328198 -0.0186776
0.00328358 -0.02044226
0.00328518 -0.02067755
0.00328678 -0.02138341
0.00328838 -0.02138341
0.00328998 -0.02150105
0.00329158 -0.02150105
0.00329318 -0.02103048
0.00329478 -0.0205599
0.00329638 -0.02067755
0.00329798 -0.01950111
0.00329958 -0.01891289
0.00330118 -0.01808938
0.00330278 -0.0176188
0.00330438 -0.01750116
0.00330598 -0.01726587
0.00330758 -0.01726587
0.00330918 -0.0167953
0.00331078 -0.01691294
0.00331238 -0.01703058
0.00331398 -0.01797174
0.00331558 -0.01797174
0.00331718 -0.0186776
0.00331878 -0.01914817
0.00332038 -0.01903053
0.00332198 -0.02008933
0.00332358 -0.02020697
0.00332518 -0.01914817
0.00332678 -0.02032461
0.00332838 -0.02067755
0.00332998 -0.02044226
0.00333158 -0.02032461
0.00333318 -0.01997168
0.00333478 -0.02044226
0.00333638 -0.01973639
0.00333798 -0.01961875
0.00333958 -0.01855996
0.00334118 -0.01926582
0.00334278 -0.01903053
0.00334438 -0.01891289
0.00334598 -0.01820702
0.00334758 -0.01855996
0.00334918 -0.01844231
0.00335078 -0.01808938
0.00335238 -0.01808938
0.00335398 -0.01750116
0.00335558 -0.01773645
0.00335718 -0.01703058
0.00335878 -0.01714823
0.00336038 -0.01703058
0.00336198 -0.01738352
0.00336358 -0.01750116
0.00336518 -0.01750116
0.00336678 -0.01808938
0.00336838 -0.01832467
0.00336998 -0.01938346
0.00337158 -0.01950111
0.00337318 -0.02044226
0.00337478 -0.02126577
0.00337638 -0.02220692
0.00337798 -0.023501
0.00337958 -0.02432451
0.00338118 -0.02550095
0.00338278 -0.02620681
0.00338438 -0.02738325
0.00338598 -0.0283244
0.00338758 -0.02879498
0.00338918 -0.02914791
0.00339078 -0.02961849
0.00339238 -0.02997142
0.00339398 -0.02997142
0.00339558 -0.02844205
0.00339718 -0.02985378
0.00339878 -0.0293832
0.00340038 -0.02879498
0.00340198 -0.02785383
0.00340358 -0.02773618
0.00340518 -0.0264421
0.00340678 -0.02597152
0.00340838 -0.0253833
0.00340998 -0.02561859
0.00341158 -0.02408922
0.00341318 -0.02373629
0.00341478 -0.02385393
0.00341638 -0.02303043
0.00341798 -0.02314807
0.00341958 -0.02338336
0.00342118 -0.02420687
0.00342278 -0.02467744
0.00342438 -0.02561859
0.00342598 -0.02608917
0.00342758 -0.02667739
0.00342918 -0.02761854
0.00343078 -0.0283244
0.00343238 -0.02879498
0.00343398 -0.02867734
0.00343558 -0.02926556
0.00343718 -0.02950084
0.00343878 -0.02926556
0.00344038 -0.02891262
0.00344198 -0.02879498
0.00344358 -0.02844205
0.00344518 -0.02761854
0.00344678 -0.02655974
0.00344838 -0.02550095
0.00344998 -0.02479508
0.00345158 -0.02338336
0.00345318 -0.02232456
0.00345478 -0.02103048
0.00345638 -0.02008933
0.00345798 -0.01844231
0.00345958 -0.01773645
0.00346118 -0.01620708
0.00346278 -0.01550121
0.00346438 -0.01479535
0.00346598 -0.01420713
0.00346758 -0.01338362
0.00346918 -0.01244247
0.00347078 -0.01208954
0.00347238 -0.01197189
0.00347398 -0.01185425
0.00347558 -0.01197189
0.00347718 -0.01197189
0.00347878 -0.01220718
0.00348038 -0.01244247
0.00348198 -0.01256011
0.00348358 -0.01267776
0.00348518 -0.01267776
0.00348678 -0.01244247
0.00348838 -0.01244247
0.00348998 -0.01256011
0.00349158 -0.01244247
0.00349318 -0.01244247
0.00349478 -0.01161896
0.00349638 -0.01138367
0.00349798 -0.01114839
0.00349958 -0.01067781
0.00350118 -0.01032488
0.00350278 -0.01020723
0.00350438 -0.009854302
0.00350598 -0.009030794
0.00350758 -0.009266082
0.00350918 -0.008795507
0.00351078 -0.008560219
0.00351238 -0.007736711
0.00351398 -0.007501423
0.00351558 -0.006560271
0.00351718 -0.006324983
0.00351878 -0.005501476
0.00352038 -0.005266188
0.00352198 -0.005383832
0.00352358 -0.004325036
0.00352518 -0.003619172
0.00352678 -0.003619172
0.00352838 -0.003266241
0.00352998 -0.003266241
0.00353158 -0.003383884
0.00353318 -0.003501528
0.00353478 -0.003736816
0.00353638 -0.0050309
0.00353798 -0.00444268
0.00353958 -0.004913256
0.00354118 -0.004913256
0.00354278 -0.005383832
0.00354438 -0.005736764
0.00354598 -0.005972052
0.00354758 -0.006442627
0.00354918 -0.006324983
0.00355078 -0.006207339
0.00355238 -0.006207339
0.00355398 -0.006207339
0.00355558 -0.005736764
0.00355718 -0.005148544
0.00355878 -0.0050309
0.00356038 -0.004325036
0.00356198 -0.003972104
0.00356358 -0.003030953
0.00356518 -0.002325089
0.00356678 -0.001854513
0.00356838 -0.001619225
0.00356998 -0.0007957174
0.00357158 -0.0009133613
0.00357318 -0.0005604295
0.00357478 -0.0005604295
0.00357638 -0.0007957174
0.00357798 -0.0007957174
0.00357958 -0.001501581
0.00358118 -0.002442733
0.00358278 -0.002795665
0.00358438 -0.003972104
0.00358598 -0.004795612
0.00358758 -0.005972052
0.00358918 -0.006324983
0.00359078 -0.007501423
0.00359238 -0.01126603
0.00359398 -0.009148438
0.00359558 -0.009971946
0.00359718 -0.01044252
0.00359878 -0.01056017
0.00360038 -0.01079545
0.00360198 -0.01044252
0.00360358 -0.01044252
0.00360518 -0.009736658
0.00360678 -0.009030794
0.00360838 -0.009148438
0.00360998 -0.008677863
0.00361158 -0.008089643
0.00361318 -0.007266135
0.00361478 -0.006677915
0.00361638 -0.006089696
0.00361798 -0.005972052
0.00361958 -0.00561912
0.00362118 -0.006324983
0.00362278 -0.006677915
0.00362438 -0.007266135
0.00362598 -0.007501423
0.00362758 -0.008324931
0.00362918 -0.008795507
0.00363078 -0.009148438
0.00363238 -0.01032488
0.00363398 -0.01067781
0.00363558 -0.01161896
0.00363718 -0.01150132
0.00363878 -0.01244247
0.00364038 -0.0127954
0.00364198 -0.01314833
0.00364358 -0.01326598
0.00364518 -0.01326598
0.00364678 -0.01373655
0.00364838 -0.0138542
0.00364998 -0.01432477
0.00365158 -0.01444242
0.00365318 -0.01456006
0.00365478 -0.01456006
0.00365638 -0.01479535
0.00365798 -0.01491299
0.00365958 -0.0146777
0.00366118 -0.01503064
0.00366278 -0.01491299
0.00366438 -0.01514828
0.00366598 -0.01479535
0.00366758 -0.01479535
0.00366918 -0.01444242
0.00367078 -0.01444242
0.00367238 -0.01373655
0.00367398 -0.01361891
0.00367558 -0.01361891
0.00367718 -0.01350126
0.00367878 -0.01326598
0.00368038 -0.01338362
0.00368198 -0.01397184
0.00368358 -0.0138542
0.00368518 -0.01456006
0.00368678 -0.01491299
0.00368838 -0.01538357
0.00368998 -0.01620708
0.00369158 -0.01632472
0.00369318 -0.01714823
0.00369478 -0.01808938
0.00369638 -0.01832467
0.00369798 -0.01879524
0.00369958 -0.01832467
0.00370118 -0.01820702
0.00370278 -0.01808938
0.00370438 -0.0176188
0.00370598 -0.01726587
0.00370758 -0.01656001
0.00370918 -0.01632472
0.00371078 -0.01514828
0.00371238 -0.01456006
0.00371398 -0.0138542
0.00371558 -0.01326598
0.00371718 -0.01267776
0.00371878 -0.01197189
0.00372038 -0.01161896
0.00372198 -0.01126603
0.00372358 -0.01103074
0.00372518 -0.01079545
0.00372678 -0.01056017
0.00372838 -0.01044252
0.00372998 -0.01032488
0.00373158 -0.0109131
0.00373318 -0.009736658
0.00373478 -0.01044252
0.00373638 -0.01067781
0.00373798 -0.01079545
0.00373958 -0.01032488
0.00374118 -0.01056017
0.00374278 -0.009619014
0.00374438 -0.009736658
0.00374598 -0.008913151
0.00374758 -0.008560219
0.00374918 -0.008089643
0.00375078 -0.006913203
0.00375238 -0.006324983
0.00375398 -0.005383832
0.00375558 -0.004089748
0.00375718 -0.00385446
0.00375878 -0.002913309
0.00376038 -0.002089801
0.00376198 -0.001148649
0.00376358 -0.0004427855
0.00376518 0.0002630782
0.00376678 0.0003807222
0.00376838 0.0007336541
0.00376998 0.000851298
0.00377158 0.000851298
0.00377318 0.001086586
0.00377478 0.001674806
0.00377638 0.001086586
0.00377798 0.001439518
0.00377958 0.000851298
0.00378118 0.001674806
0.00378278 0.001321874
0.00378438 0.002263026
0.00378598 0.002380669
0.00378758 0.003321821
0.00378918 0.004145329
0.00379078 0.004498261
0.00379238 0.005086481
0.00379398 0.005909988
0.00379558 0.007204072
0.00379718 0.007792292
0.00379878 0.008733443
0.00380038 0.009439307
0.00380198 0.01014517
0.00380358 0.009792239
0.00380518 0.01143925
0.00380678 0.01214512
0.00380838 0.01261569
0.00380998 0.01355685
0.00381158 0.01379213
0.00381318 0.01485093
0.00381478 0.0153215
0.00381638 0.01579208
0.00381798 0.01649794
0.00381958 0.0174391
0.00382118 0.01755674
0.00382278 0.01838025
0.00382438 0.0193214
0.00382598 0.0203802
0.00382758 0.02061548
0.00382918 0.02155663
0.00383078 0.0222625
0.00383238 0.02308601
0.00383398 0.02355658
0.00383558 0.02426245
0.00383718 0.02496831
0.00383878 0.02567417
0.00384038 0.02555653
0.00384198 0.02649768
0.00384358 0.02720354
0.00384518 0.02755648
0.00384678 0.02826234
0.00384838 0.0281447
0.00384998 0.02837998
0.00385158 0.02908585
0.00385318 0.02908585
0.00385478 0.02990936
0.00385638 0.02967407
0.00385798 0.030027
0.00385958 0.02755648
0.00386118 0.02990936
0.00386278 0.02979171
0.00386438 0.03049758
0.00386598 0.02955642
0.00386758 0.02932114
0.00386918 0.0289682
0.00387078 0.02849763
0.00387238 0.02802705
0.00387398 0.02720354
0.00387558 0.02767412
0.00387718 0.02743883
0.00387878 0.02638004
0.00388038 0.02638004
0.00388198 0.02602711
0.00388358 0.02555653
0.00388518 0.02508595
0.00388678 0.02473302
0.00388838 0.02438009
0.00388998 0.02355658
0.00389158 0.02261543
0.00389318 0.02202721
0.00389478 0.02108606
0.00389638 0.02026255
0.00389798 0.0193214
0.00389958 0.01873318
0.00390118 0.01790967
0.00390278 0.01732145
0.00390438 0.01626266
0.00390598 0.0153215
0.00390758 0.014498
0.00390918 0.01426271
0.00391078 0.01332156
0.00391238 0.01296863
0.00391398 0.01190983
0.00391558 0.01190983
0.00391718 0.01120397
0.00391878 0.01120397
0.00392038 0.01096868
0.00392198 0.0104981
0.00392358 0.0104981
0.00392518 0.01002753
0.00392678 0.01014517
0.00392838 0.009792239
0.00392998 0.007792292
0.00393158 0.008968731
0.00393318 0.009204019
0.00393478 0.009204019
0.00393638 0.008615799
0.00393798 0.008968731
0.00393958 0.008380511
0.00394118 0.008498155
0.00394278 0.008145223
0.00394438 0.007792292
0.00394598 0.007557004
0.00394758 0.007086428
0.00394918 0.006380564
0.00395078 0.006380564
0.00395238 0.005204125
0.00395398 0.004615905
0.00395558 0.003557109
0.00395718 0.003557109
0.00395878 0.002145382
0.00396038 0.00179245
0.00396198 0.0007336541
0.00396358 0.0003807222
0.00396518 -0.0006780734
0.00396678 -0.0007957174
0.00396838 -0.001501581
0.00396998 -0.001266293
0.00397158 -0.002089801
0.00397318 -0.002678021
0.00397478 -0.002442733
0.00397638 -0.003148597
0.00397798 -0.003501528
0.00397958 -0.00385446
0.00398118 -0.003972104
0.00398278 -0.004089748
0.00398438 -0.0050309
0.00398598 -0.005148544
0.00398758 -0.005972052
0.00398918 -0.006560271
0.00399078 -0.007383779
0.00399238 -0.007971999
0.00399398 -0.009266082
0.00399558 -0.009383726
0.00399718 -0.01032488
0.00399878 -0.01067781
0.00400038 -0.01150132
0.00400198 -0.01232483
0.00400358 -0.01291305
0.00400518 -0.01314833
0.00400678 -0.01361891
0.00400838 -0.01408948
0.00400998 -0.01397184
0.00401158 -0.01408948
0.00401318 -0.01408948
0.00401478 -0.01444242
0.00401638 -0.01420713
0.00401798 -0.01373655
0.00401958 -0.01361891
0.00402118 -0.01314833
0.00402278 -0.01267776
0.00402438 -0.01232483
0.00402598 -0.01173661
0.00402758 -0.0109131
0.00402918 -0.01020723
0.00403078 -0.00950137
0.00403238 -0.009148438
0.00403398 -0.008677863
0.00403558 -0.008207287
0.00403718 -0.007383779
0.00403878 -0.006913203
0.00404038 -0.006089696
0.00404198 -0.006324983
0.00404358 -0.005501476
0.00404518 -0.0050309
0.00404678 -0.00444268
0.00404838 -0.004089748
0.00404998 -0.003383884
0.00405158 -0.003030953
0.00405318 -0.002325089
0.00405478 -0.002089801
0.00405638 0.0004983662
0.00405798 -0.0003251415
0.00405958 0.0004983662
0.00406118 0.0007336541
0.00406278 0.001910094
0.00406438 0.002263026
0.00406598 0.003204177
0.00406758 0.003557109
0.00406918 0.004145329
0.00407078 0.004380617
0.00407238 0.004968837
0.00407398 0.005204125
0.00407558 0.005557056
0.00407718 0.006145276
0.00407878 0.005909988
0.00408038 0.00626292
0.00408198 0.006380564
0.00408358 0.006498208
0.00408518 0.006615852
0.00408678 0.006615852
0.00408838 0.00685114
0.00408998 0.007086428
0.00409158 0.007321716
0.00409318 0.007321716
0.00409478 0.00743936
0.00409638 0.00743936
0.00409798 0.007792292
0.00409958 0.007674648
0.00410118 0.008145223
0.00410278 0.007909936
0.00410438 0.008262867
0.00410598 0.008262867
0.00410758 0.008733443
0.00410918 0.008498155
0.00411078 0.008498155
0.00411238 0.008380511
0.00411398 0.008498155
0.00411558 0.008380511
0.00411718 0.008498155
0.00411878 0.008498155
0.00412038 0.008498155
0.00412198 0.008380511
0.00412358 0.008733443
0.00412518 0.008145223
0.00412678 0.01085103
0.00412838 0.008262867
0.00412998 0.008615799
0.00413158 0.008380511
0.00413318 0.008380511
0.00413478 0.008380511
0.00413638 0.00802758
0.00413798 0.007557004
0.00413958 0.007674648
0.00414118 0.00802758
0.00414278 0.007557004
0.00414438 0.007204072
0.00414598 0.006615852
0.00414758 0.00685114
0.00414918 0.00626292
0.00415078 0.005792344
0.00415238 0.005557056
0.00415398 0.005086481
0.00415558 0.004968837
0.00415718 0.004145329
0.00415878 0.004145329
0.00416038 0.003321821
0.00416198 0.002851245
0.00416358 0.002615957
0.00416518 0.002733601
0.00416678 0.002145382
0.00416838 0.001910094
0.00416998 0.001439518
0.00417158 0.00179245
0.00417318 0.001557162
0.00417478 0.001557162
0.00417638 0.00120423
0.00417798 0.001086586
0.00417958 0.0006160101
0.00418118 0.0004983662
0.00418278 0.0004983662
0.00418438 0.0006160101
0.00418598 -8.985363e-005
0.00418758 -0.0005604295
0.00418918 -0.0007957174
0.00419078 -0.001619225
0.00419238 -0.002089801
0.00419398 -0.002442733
0.00419558 -0.003266241
0.00419718 -0.002089801
0.00419878 -0.003972104
0.00420038 -0.004325036
