LECROYWS4024HD 19320 Waveform
Segments 1 SegmentSize 3127
Segment TrigTime TimeSinceSegment1
#1 23-Jun-2024 21:46:47 0                 
Time Ampl
-0.0008000546 0.0003807222
-0.0007984546 0.0003807222
-0.0007968546 0.0001454343
-0.0007952546 0.0001454343
-0.0007936546 2.779033e-005
-0.0007920546 2.779033e-005
-0.0007904546 -8.985363e-005
-0.0007888546 -0.0002074976
-0.0007872546 2.779033e-005
-0.0007856546 0.0001454343
-0.0007840546 -0.0002074976
-0.0007824546 0.0003807222
-0.0007808546 2.779033e-005
-0.0007792546 2.779033e-005
-0.0007776546 0.0001454343
-0.0007760546 0.0001454343
-0.0007744546 2.779033e-005
-0.0007728546 0.0001454343
-0.0007712546 0.0002630782
-0.0007696546 2.779033e-005
-0.0007680546 2.779033e-005
-0.0007664546 -8.985363e-005
-0.0007648546 0.0004983662
-0.0007632546 -8.985363e-005
-0.0007616546 0.0001454343
-0.0007600546 0.0001454343
-0.0007584546 0.0001454343
-0.0007568546 0.0001454343
-0.0007552546 0.0001454343
-0.0007536546 -8.985363e-005
-0.0007520546 -0.0004427855
-0.0007504546 2.779033e-005
-0.0007488546 0.0002630782
-0.0007472546 2.779033e-005
-0.0007456546 0.0001454343
-0.0007440546 0.0001454343
-0.0007424546 0.0001454343
-0.0007408546 -0.0003251415
-0.0007392546 2.779033e-005
-0.0007376546 -8.985363e-005
-0.0007360546 2.779033e-005
-0.0007344546 0.0001454343
-0.0007328546 2.779033e-005
-0.0007312546 0.0001454343
-0.0007296546 2.779033e-005
-0.0007280546 -8.985363e-005
-0.0007264546 -8.985363e-005
-0.0007248546 0.0001454343
-0.0007232546 0.0002630782
-0.0007216546 2.779033e-005
-0.0007200546 0.0003807222
-0.0007184546 -8.985363e-005
-0.0007168546 2.779033e-005
-0.0007152546 -0.0003251415
-0.0007136546 0.0001454343
-0.0007120546 -8.985363e-005
-0.0007104546 -8.985363e-005
-0.0007088546 2.779033e-005
-0.0007072546 0.0002630782
-0.0007056546 -0.0002074976
-0.0007040546 -8.985363e-005
-0.0007024546 -0.0002074976
-0.0007008546 0.0003807222
-0.0006992546 0.0001454343
-0.0006976546 -8.985363e-005
-0.0006960546 2.779033e-005
-0.0006944546 0.0001454343
-0.0006928546 -8.985363e-005
-0.0006912546 0.0001454343
-0.0006896546 2.779033e-005
-0.0006880546 0.0001454343
-0.0006864546 -0.0002074976
-0.0006848546 0.0002630782
-0.0006832546 2.779033e-005
-0.0006816546 0.0003807222
-0.0006800546 0.0001454343
-0.0006784546 0.0001454343
-0.0006768546 0.0001454343
-0.0006752546 0.0001454343
-0.0006736546 0.0002630782
-0.0006720546 0.0004983662
-0.0006704546 0.0002630782
-0.0006688546 0.0003807222
-0.0006672546 0.0003807222
-0.0006656546 0.0001454343
-0.0006640546 2.779033e-005
-0.0006624546 -0.0003251415
-0.0006608546 -8.985363e-005
-0.0006592546 -0.0002074976
-0.0006576546 2.779033e-005
-0.0006560546 0.0001454343
-0.0006544546 2.779033e-005
-0.0006528546 -8.985363e-005
-0.0006512546 0.0001454343
-0.0006496546 -8.985363e-005
-0.0006480546 0.0001454343
-0.0006464546 0.0002630782
-0.0006448546 2.779033e-005
-0.0006432546 0.0002630782
-0.0006416546 0.0001454343
-0.0006400546 2.779033e-005
-0.0006384546 0.0001454343
-0.0006368546 2.779033e-005
-0.0006352546 -0.0002074976
-0.0006336546 2.779033e-005
-0.0006320546 0.0002630782
-0.0006304546 2.779033e-005
-0.0006288546 0.0001454343
-0.0006272546 0.0001454343
-0.0006256546 0.0003807222
-0.0006240546 0.0002630782
-0.0006224546 -0.0002074976
-0.0006208546 -0.0002074976
-0.0006192546 2.779033e-005
-0.0006176546 0.0001454343
-0.0006160546 2.779033e-005
-0.0006144546 0.0001454343
-0.0006128546 -8.985363e-005
-0.0006112546 0.0003807222
-0.0006096546 0.0001454343
-0.0006080546 0.0003807222
-0.0006064546 0.0001454343
-0.0006048546 0.0002630782
-0.0006032546 2.779033e-005
-0.0006016546 0.0003807222
-0.0006000546 2.779033e-005
-0.0005984546 0.0001454343
-0.0005968546 2.779033e-005
-0.0005952546 0.0001454343
-0.0005936546 2.779033e-005
-0.0005920546 0.0001454343
-0.0005904546 -8.985363e-005
-0.0005888546 0.0003807222
-0.0005872546 0.0001454343
-0.0005856546 0.0001454343
-0.0005840546 0.0001454343
-0.0005824546 0.0002630782
-0.0005808546 -8.985363e-005
-0.0005792546 -0.0002074976
-0.0005776546 -0.0002074976
-0.0005760546 0.0003807222
-0.0005744546 0.0001454343
-0.0005728546 0.0002630782
-0.0005712546 2.779033e-005
-0.0005696546 0.0002630782
-0.0005680546 -8.985363e-005
-0.0005664546 0.0001454343
-0.0005648546 0.0002630782
-0.0005632546 0.0002630782
-0.0005616546 2.779033e-005
-0.0005600546 0.0002630782
-0.0005584546 2.779033e-005
-0.0005568546 -8.985363e-005
-0.0005552546 -0.0002074976
-0.0005536546 0.0002630782
-0.0005520546 2.779033e-005
-0.0005504546 -0.0002074976
-0.0005488546 2.779033e-005
-0.0005472546 0.0003807222
-0.0005456546 2.779033e-005
-0.0005440546 0.0001454343
-0.0005424546 0.0001454343
-0.0005408546 -8.985363e-005
-0.0005392546 0.0002630782
-0.0005376546 -8.985363e-005
-0.0005360546 2.779033e-005
-0.0005344546 0.0002630782
-0.0005328546 0.0001454343
-0.0005312546 2.779033e-005
-0.0005296546 2.779033e-005
-0.0005280546 2.779033e-005
-0.0005264546 2.779033e-005
-0.0005248546 -0.0002074976
-0.0005232546 2.779033e-005
-0.0005216546 0.0001454343
-0.0005200546 0.0001454343
-0.0005184546 0.0002630782
-0.0005168546 -8.985363e-005
-0.0005152546 2.779033e-005
-0.0005136546 2.779033e-005
-0.0005120546 2.779033e-005
-0.0005104546 -8.985363e-005
-0.0005088546 0.0002630782
-0.0005072546 -0.0003251415
-0.0005056546 2.779033e-005
-0.0005040546 2.779033e-005
-0.0005024546 0.0001454343
-0.0005008546 -8.985363e-005
-0.0004992546 0.0001454343
-0.0004976546 -8.985363e-005
-0.0004960546 2.779033e-005
-0.0004944546 0.0001454343
-0.0004928546 -0.0002074976
-0.0004912546 0.0002630782
-0.0004896546 0.0006160101
-0.0004880546 0.0001454343
-0.0004864546 0.0002630782
-0.0004848546 2.779033e-005
-0.0004832546 0.0002630782
-0.0004816546 -8.985363e-005
-0.0004800546 0.0002630782
-0.0004784546 0.0001454343
-0.0004768546 0.0004983662
-0.0004752546 0.0001454343
-0.0004736546 0.0001454343
-0.0004720546 -8.985363e-005
-0.0004704546 0.0001454343
-0.0004688546 -8.985363e-005
-0.0004672546 0.0004983662
-0.0004656546 0.0002630782
-0.0004640546 0.0001454343
-0.0004624546 2.779033e-005
-0.0004608546 2.779033e-005
-0.0004592546 2.779033e-005
-0.0004576546 0.0001454343
-0.0004560546 2.779033e-005
-0.0004544546 0.0002630782
-0.0004528546 0.0002630782
-0.0004512546 0.0001454343
-0.0004496546 0.0004983662
-0.0004480546 2.779033e-005
-0.0004464546 0.0002630782
-0.0004448546 2.779033e-005
-0.0004432546 0.0001454343
-0.0004416546 0.0002630782
-0.0004400546 0.0003807222
-0.0004384546 0.0003807222
-0.0004368546 0.0001454343
-0.0004352546 0.0003807222
-0.0004336546 0.0003807222
-0.0004320546 0.0006160101
-0.0004304546 -8.985363e-005
-0.0004288546 0.0003807222
-0.0004272546 0.0003807222
-0.0004256546 0.0002630782
-0.0004240546 0.0001454343
-0.0004224546 0.0003807222
-0.0004208546 2.779033e-005
-0.0004192546 0.0001454343
-0.0004176546 0.0002630782
-0.0004160546 0.0001454343
-0.0004144546 0.0004983662
-0.0004128546 0.0003807222
-0.0004112546 0.0003807222
-0.0004096546 0.0002630782
-0.0004080546 -8.985363e-005
-0.0004064546 0.0002630782
-0.0004048546 0.0004983662
-0.0004032546 0.0004983662
-0.0004016546 0.0003807222
-0.0004000546 0.0002630782
-0.0003984546 2.779033e-005
-0.0003968546 0.0003807222
-0.0003952546 -0.0003251415
-0.0003936546 0.0001454343
-0.0003920546 0.0001454343
-0.0003904546 0.0001454343
-0.0003888546 0.0001454343
-0.0003872546 0.0006160101
-0.0003856546 0.0001454343
-0.0003840546 2.779033e-005
-0.0003824546 0.0002630782
-0.0003808546 2.779033e-005
-0.0003792546 2.779033e-005
-0.0003776546 -8.985363e-005
-0.0003760546 0.0001454343
-0.0003744546 0.0002630782
-0.0003728546 2.779033e-005
-0.0003712546 0.0002630782
-0.0003696546 0.0004983662
-0.0003680546 0.0004983662
-0.0003664546 0.0001454343
-0.0003648546 0.0002630782
-0.0003632546 2.779033e-005
-0.0003616546 0.0002630782
-0.0003600546 2.779033e-005
-0.0003584546 0.0003807222
-0.0003568546 2.779033e-005
-0.0003552546 0.0002630782
-0.0003536546 0.0001454343
-0.0003520546 0.0003807222
-0.0003504546 -8.985363e-005
-0.0003488546 -8.985363e-005
-0.0003472546 -0.0002074976
-0.0003456546 -8.985363e-005
-0.0003440546 -0.0005604295
-0.0003424546 0.0004983662
-0.0003408546 2.779033e-005
-0.0003392546 0.0002630782
-0.0003376546 -8.985363e-005
-0.0003360546 0.0004983662
-0.0003344546 0.0001454343
-0.0003328546 2.779033e-005
-0.0003312546 2.779033e-005
-0.0003296546 0.0007336541
-0.0003280546 2.779033e-005
-0.0003264546 -8.985363e-005
-0.0003248546 0.0001454343
-0.0003232546 0.0001454343
-0.0003216546 -0.0002074976
-0.0003200546 0.0001454343
-0.0003184546 -8.985363e-005
-0.0003168546 0.0003807222
-0.0003152546 -8.985363e-005
-0.0003136546 0.0001454343
-0.0003120546 -8.985363e-005
-0.0003104546 0.0003807222
-0.0003088546 -8.985363e-005
-0.0003072546 -0.0002074976
-0.0003056546 -8.985363e-005
-0.0003040546 2.779033e-005
-0.0003024546 0.0001454343
-0.0003008546 0.0003807222
-0.0002992546 -8.985363e-005
-0.0002976546 0.0001454343
-0.0002960546 2.779033e-005
-0.0002944546 2.779033e-005
-0.0002928546 -8.985363e-005
-0.0002912546 0.0002630782
-0.0002896546 0.0001454343
-0.0002880546 0.0003807222
-0.0002864546 0.0002630782
-0.0002848546 0.0003807222
-0.0002832546 2.779033e-005
-0.0002816546 0.0006160101
-0.0002800546 2.779033e-005
-0.0002784546 0.000851298
-0.0002768546 0.0006160101
-0.0002752546 0.0007336541
-0.0002736546 0.0007336541
-0.0002720546 0.000968942
-0.0002704546 0.000968942
-0.0002688546 0.0004983662
-0.0002672546 -0.0009133613
-0.0002656546 -0.003383884
-0.0002640546 -0.007030847
-0.0002624546 -0.01138367
-0.0002608546 -0.01503064
-0.0002592546 -0.01773645
-0.0002576546 -0.02138341
-0.0002560546 -0.02503037
-0.0002544546 -0.03467718
-0.0002528546 -0.0518532
-0.0002512546 -0.07526434
-0.0002496546 -0.1022048
-0.0002480546 -0.1276159
-0.0002464546 -0.1479683
-0.0002448546 -0.1638502
-0.0002432546 -0.1764381
-0.0002416546 -0.1883202
-0.0002400546 -0.2025551
-0.0002384546 -0.2147901
-0.0002368546 -0.2207899
-0.0002352546 -0.2146724
-0.0002336546 -0.1902025
-0.0002320546 -0.1487918
-0.0002304546 -0.1004402
-0.0002288546 -0.0596177
-0.0002272546 -0.04079466
-0.0002256546 -0.0489121
-0.0002240546 -0.07561728
-0.0002224546 -0.1054988
-0.0002208546 -0.1291453
-0.0002192546 -0.1400862
-0.0002176546 -0.1380862
-0.0002160546 -0.1331452
-0.0002144546 -0.1316158
-0.0002128546 -0.1349098
-0.0002112546 -0.1434978
-0.0002096546 -0.1518506
-0.0002080546 -0.1544387
-0.0002064546 -0.1507918
-0.0002048546 -0.1400862
-0.0002032546 -0.1244395
-0.0002016546 -0.1069106
-0.0002000546 -0.0906757
-0.0001984546 -0.07973481
-0.0001968546 -0.07338204
-0.0001952546 -0.06797042
-0.0001936546 -0.06197058
-0.0001920546 -0.05408843
-0.0001904546 -0.04573571
-0.0001888546 -0.04079466
-0.0001872546 -0.0382065
-0.0001856546 -0.04126524
-0.0001840546 -0.04608864
-0.0001824546 -0.04985325
-0.0001808546 -0.05502958
-0.0001792546 -0.06114707
-0.0001776546 -0.06820571
-0.0001760546 -0.07726429
-0.0001744546 -0.0858523
-0.0001728546 -0.08855811
-0.0001712546 -0.08702874
-0.0001696546 -0.07691136
-0.0001680546 -0.06067649
-0.0001664546 -0.04208875
-0.0001648546 -0.02761854
-0.0001632546 -0.01608943
-0.0001616546 -0.01256011
-0.0001600546 -0.01726587
-0.0001584546 -0.02526566
-0.0001568546 -0.03397131
-0.0001552546 -0.04397105
-0.0001536546 -0.05220613
-0.0001520546 -0.06079414
-0.0001504546 -0.06855864
-0.0001488546 -0.0722056
-0.0001472546 -0.0722056
-0.0001456546 -0.07102916
-0.0001440546 -0.0703233
-0.0001424546 -0.07502906
-0.0001408546 -0.08526408
-0.0001392546 -0.09879313
-0.0001376546 -0.1125575
-0.0001360546 -0.1229101
-0.0001344546 -0.125263
-0.0001328546 -0.1239689
-0.0001312546 -0.1182044
-0.0001296546 -0.1127928
-0.0001280546 -0.1084399
-0.0001264546 -0.103146
-0.0001248546 -0.09526382
-0.0001232546 -0.08467586
-0.0001216546 -0.07244089
-0.0001200546 -0.06314702
-0.0001184546 -0.05879419
-0.0001168546 -0.06232351
-0.0001152546 -0.07091152
-0.0001136546 -0.08020539
-0.0001120546 -0.08361706
-0.0001104546 -0.07961717
-0.0001088546 -0.06855864
-0.0001072546 -0.05197084
-0.0001056546 -0.03644184
-0.0001040546 -0.02550095
-0.0001024546 -0.02020697
-0.0001008546 -0.0216187
-9.92546e-005 -0.02585388
-9.76546e-005 -0.02961849
-9.60546e-005 -0.03138315
-9.44546e-005 -0.03008906
-9.28546e-005 -0.02479508
-9.12546e-005 -0.01938346
-8.96546e-005 -0.0167953
-8.80546e-005 -0.01844231
-8.64546e-005 -0.02408922
-8.48546e-005 -0.03291252
-8.32546e-005 -0.04255932
-8.16546e-005 -0.05055911
-8.00546e-005 -0.05773539
-7.84546e-005 -0.06361759
-7.68546e-005 -0.06820571
-7.52546e-005 -0.07161738
-7.36546e-005 -0.07185267
-7.20546e-005 -0.06949979
-7.04546e-005 -0.06432346
-6.88546e-005 -0.05750011
-6.72546e-005 -0.05102969
-6.56546e-005 -0.04573571
-6.40546e-005 -0.0430299
-6.24546e-005 -0.04220639
-6.08546e-005 -0.04291225
-5.92546e-005 -0.04255932
-5.76546e-005 -0.03867707
-5.60546e-005 -0.03161843
-5.44546e-005 -0.02397158
-5.28546e-005 -0.01667765
-5.12546e-005 -0.01314833
-4.96546e-005 -0.01197189
-4.80546e-005 -0.0146777
-4.64546e-005 -0.01950111
-4.48546e-005 -0.02385393
-4.32546e-005 -0.02714796
-4.16546e-005 -0.02844205
-4.00546e-005 -0.02726561
-3.84546e-005 -0.02373629
-3.68546e-005 -0.01985404
-3.52546e-005 -0.01526592
-3.36546e-005 -0.01256011
-3.20546e-005 -0.01114839
-3.04546e-005 -0.0109131
-2.88546e-005 -0.01185425
-2.72546e-005 -0.01456006
-2.56546e-005 -0.01926582
-2.40546e-005 -0.02491273
-2.24546e-005 -0.03208901
-2.08546e-005 -0.03997116
-1.92546e-005 -0.04797094
-1.76546e-005 -0.05502958
-1.60546e-005 -0.06008827
-1.44546e-005 -0.06232351
-1.28546e-005 -0.06091178
-1.12546e-005 -0.05679424
-9.6546e-006 -0.04985325
-8.0546e-006 -0.04232403
-6.4546e-006 -0.03444189
-4.8546e-006 -0.02667739
-3.2546e-006 -0.01808938
-1.6546e-006 -0.009971946
-5.46e-008 -0.002560377
1.5454e-006 0.0001454343
3.1454e-006 -0.001266293
4.7454e-006 -0.006089696
6.3454e-006 -0.01291305
7.9454e-006 -0.01785409
9.5454e-006 -0.02091283
1.11454e-005 -0.02220692
1.27454e-005 -0.0216187
1.43454e-005 -0.02020697
1.59454e-005 -0.0176188
1.75454e-005 -0.01561886
1.91454e-005 -0.01326598
2.07454e-005 -0.01232483
2.23454e-005 -0.01244247
2.39454e-005 -0.01350126
2.55454e-005 -0.01491299
2.71454e-005 -0.01750116
2.87454e-005 -0.01997168
3.03454e-005 -0.023501
3.19454e-005 -0.02691268
3.35454e-005 -0.02961849
3.51454e-005 -0.03114786
3.67454e-005 -0.03114786
3.83454e-005 -0.02985378
3.99454e-005 -0.02632446
4.15454e-005 -0.01961875
4.31454e-005 -0.009736658
4.47454e-005 0.001910094
4.63454e-005 0.01285098
4.79454e-005 0.02073313
4.95454e-005 0.02343894
5.11454e-005 0.02073313
5.27454e-005 0.01390978
5.43454e-005 0.0056747
5.59454e-005 -0.002207445
5.75454e-005 -0.007148491
5.91454e-005 -0.0109131
6.07454e-005 -0.01267776
6.23454e-005 -0.01444242
6.39454e-005 -0.01620708
6.55454e-005 -0.0186776
6.71454e-005 -0.02138341
6.87454e-005 -0.02314807
7.03454e-005 -0.02291278
7.19454e-005 -0.01985404
7.35454e-005 -0.01491299
7.51454e-005 -0.008795507
7.67454e-005 -0.003148597
7.83454e-005 0.002498313
7.99454e-005 0.007204072
8.15454e-005 0.01085103
8.31454e-005 0.01390978
8.47454e-005 0.01567444
8.63454e-005 0.01649794
8.79454e-005 0.01673323
8.95454e-005 0.01720381
9.11454e-005 0.01661559
9.27454e-005 0.01626266
9.43454e-005 0.01508622
9.59454e-005 0.01273334
9.75454e-005 0.01014517
9.91454e-005 0.00743936
0.0001007454 0.005204125
0.0001023454 0.004733549
0.0001039454 0.004733549
0.0001055454 0.005321768
0.0001071454 0.004145329
0.0001087454 0.001910094
0.0001103454 -0.002913309
0.0001119454 -0.007383779
0.0001135454 -0.01150132
0.0001151454 -0.0127954
0.0001167454 -0.01232483
0.0001183454 -0.01114839
0.0001199454 -0.009383726
0.0001215454 -0.008207287
0.0001231454 -0.007383779
0.0001247454 -0.0050309
0.0001263454 -0.0009133613
0.0001279454 0.004968837
0.0001295454 0.01179219
0.0001311454 0.01732145
0.0001327454 0.0212037
0.0001343454 0.02296836
0.0001359454 0.02449773
0.0001375454 0.02626239
0.0001391454 0.02837998
0.0001407454 0.03073286
0.0001423454 0.03473276
0.0001439454 0.03908558
0.0001455454 0.04320312
0.0001471454 0.045556
0.0001487454 0.04602658
0.0001503454 0.04485014
0.0001519454 0.04390899
0.0001535454 0.04355605
0.0001551454 0.04437956
0.0001567454 0.04637951
0.0001583454 0.04779124
0.0001599454 0.04814417
0.0001615454 0.04861475
0.0001631454 0.05049705
0.0001647454 0.05367344
0.0001663454 0.05849684
0.0001679454 0.06414375
0.0001695454 0.06955537
0.0001711454 0.07426113
0.0001727454 0.07696694
0.0001743454 0.07802573
0.0001759454 0.07790809
0.0001775454 0.07861395
0.0001791454 0.08037861
0.0001807454 0.08226092
0.0001823454 0.08555495
0.0001839454 0.08743725
0.0001855454 0.08849605
0.0001871454 0.08802547
0.0001887454 0.08720196
0.0001903454 0.08590788
0.0001919454 0.0864961
0.0001935454 0.0875549
0.0001951454 0.09026071
0.0001967454 0.09226065
0.0001983454 0.09449589
0.0001999454 0.09637819
0.0002015454 0.09708406
0.0002031454 0.09661348
0.0002047454 0.09496646
0.0002063454 0.09284887
0.0002079454 0.09096657
0.0002095454 0.08802547
0.0002111454 0.08590788
0.0002127454 0.08473144
0.0002143454 0.08414322
0.0002159454 0.08414322
0.0002175454 0.08484908
0.0002191454 0.08661374
0.0002207454 0.08861369
0.0002223454 0.08990777
0.0002239454 0.0913195
0.0002255454 0.09155479
0.0002271454 0.09155479
0.0002287454 0.09179008
0.0002303454 0.09284887
0.0002319454 0.09390767
0.0002335454 0.09626055
0.0002351454 0.09931929
0.0002367454 0.1024957
0.0002383454 0.1050838
0.0002399454 0.1067309
0.0002415454 0.1048486
0.0002431454 0.1015545
0.0002447454 0.09590762
0.0002463454 0.08826076
0.0002479454 0.08049626
0.0002495454 0.0728494
0.0002511454 0.06532019
0.0002527454 0.05955563
0.0002543454 0.05426166
0.0002559454 0.05014412
0.0002575454 0.04626187
0.0002591454 0.04343841
0.0002607454 0.04085024
0.0002623454 0.03990909
0.0002639454 0.03979145
0.0002655454 0.03990909
0.0002671454 0.04037967
0.0002687454 0.04061496
0.0002703454 0.04049731
0.0002719454 0.04061496
0.0002735454 0.03990909
0.0002751454 0.03990909
0.0002767454 0.03943852
0.0002783454 0.03873265
0.0002799454 0.03790914
0.0002815454 0.03673271
0.0002831454 0.03543862
0.0002847454 0.03414454
0.0002863454 0.03308574
0.0002879454 0.03237988
0.0002895454 0.03202695
0.0002911454 0.0329681
0.0002927454 0.03367396
0.0002943454 0.03390925
0.0002959454 0.03343867
0.0002975454 0.03285045
0.0002991454 0.03096815
0.0003007454 0.02908585
0.0003023454 0.02696826
0.0003039454 0.02496831
0.0003055454 0.02132135
0.0003071454 0.0182626
0.0003087454 0.01485093
0.0003103454 0.01238041
0.0003119454 0.01026281
0.0003135454 0.008733443
0.0003151454 0.007086428
0.0003167454 0.006145276
0.0003183454 0.006027632
0.0003199454 0.00685114
0.0003215454 0.008262867
0.0003231454 0.01132161
0.0003247454 0.01320391
0.0003263454 0.0153215
0.0003279454 0.01649794
0.0003295454 0.01649794
0.0003311454 0.01590972
0.0003327454 0.01367449
0.0003343454 0.01143925
0.0003359454 0.009674595
0.0003375454 0.008968731
0.0003391454 0.008615799
0.0003407454 0.008262867
0.0003423454 0.007909936
0.0003439454 0.007792292
0.0003455454 0.007321716
0.0003471454 0.006498208
0.0003487454 0.006380564
0.0003503454 0.006380564
0.0003519454 0.006380564
0.0003535454 0.006733496
0.0003551454 0.00743936
0.0003567454 0.008145223
0.0003583454 0.009439307
0.0003599454 0.01108632
0.0003615454 0.01320391
0.0003631454 0.01567444
0.0003647454 0.01861554
0.0003663454 0.02214485
0.0003679454 0.0252036
0.0003695454 0.0281447
0.0003711454 0.03061522
0.0003727454 0.03202695
0.0003743454 0.03402689
0.0003759454 0.03555627
0.0003775454 0.03802679
0.0003791454 0.04002674
0.0003807454 0.04190904
0.0003823454 0.04214433
0.0003839454 0.0426149
0.0003855454 0.04190904
0.0003871454 0.0407326
0.0003887454 0.04061496
0.0003903454 0.04061496
0.0003919454 0.0396738
0.0003935454 0.03908558
0.0003951454 0.03720328
0.0003967454 0.03496805
0.0003983454 0.03390925
0.0003999454 0.03320339
0.0004015454 0.0329681
0.0004031454 0.03414454
0.0004047454 0.03379161
0.0004063454 0.03308574
0.0004079454 0.03143873
0.0004095454 0.02920349
0.0004111454 0.0270859
0.0004127454 0.0252036
0.0004143454 0.02390951
0.0004159454 0.02273307
0.0004175454 0.02155663
0.0004191454 0.02061548
0.0004207454 0.01990962
0.0004223454 0.02026255
0.0004239454 0.02143899
0.0004255454 0.02285072
0.0004271454 0.02367423
0.0004287454 0.02496831
0.0004303454 0.02579182
0.0004319454 0.02685061
0.0004335454 0.02790941
0.0004351454 0.02908585
0.0004367454 0.02967407
0.0004383454 0.02943878
0.0004399454 0.02732119
0.0004415454 0.0241448
0.0004431454 0.01990962
0.0004447454 0.01685088
0.0004463454 0.01320391
0.0004479454 0.01014517
0.0004495454 0.007909936
0.0004511454 0.005321768
0.0004527454 0.003204177
0.0004543454 0.001439518
0.0004559454 0.0004983662
0.0004575454 0.001439518
0.0004591454 0.002498313
0.0004607454 0.005086481
0.0004623454 0.00685114
0.0004639454 0.007792292
0.0004655454 0.008262867
0.0004671454 0.008145223
0.0004687454 0.008733443
0.0004703454 0.009321663
0.0004719454 0.009321663
0.0004735454 0.009792239
0.0004751454 0.008733443
0.0004767454 0.007204072
0.0004783454 0.004380617
0.0004799454 0.002380669
0.0004815454 -0.0004427855
0.0004831454 -0.002913309
0.0004847454 -0.004560324
0.0004863454 -0.006089696
0.0004879454 -0.007030847
0.0004895454 -0.007501423
0.0004911454 -0.007383779
0.0004927454 -0.006324983
0.0004943454 -0.005266188
0.0004959454 -0.003972104
0.0004975454 -0.002560377
0.0004991454 -0.002089801
0.0005007454 -0.001266293
0.0005023454 -0.001031005
0.0005039454 -8.985363e-005
0.0005055454 0.001557162
0.0005071454 0.002851245
0.0005087454 0.004027685
0.0005103454 0.004380617
0.0005119454 0.004733549
0.0005135454 0.005204125
0.0005151454 0.006498208
0.0005167454 0.008851087
0.0005183454 0.01238041
0.0005199454 0.01567444
0.0005215454 0.01920376
0.0005231454 0.02167428
0.0005247454 0.02320365
0.0005263454 0.02343894
0.0005279454 0.02296836
0.0005295454 0.02143899
0.0005311454 0.01955669
0.0005327454 0.01767438
0.0005343454 0.01520386
0.0005359454 0.0134392
0.0005375454 0.01261569
0.0005391454 0.01179219
0.0005407454 0.01296863
0.0005423454 0.01508622
0.0005439454 0.01755674
0.0005455454 0.01955669
0.0005471454 0.02061548
0.0005487454 0.02026255
0.0005503454 0.01955669
0.0005519454 0.01896847
0.0005535454 0.01873318
0.0005551454 0.01814496
0.0005567454 0.0182626
0.0005583454 0.01696852
0.0005599454 0.01555679
0.0005615454 0.01332156
0.0005631454 0.01167454
0.0005647454 0.009909883
0.0005663454 0.009674595
0.0005679454 0.009086375
0.0005695454 0.008733443
0.0005711454 0.008968731
0.0005727454 0.009204019
0.0005743454 0.009909883
0.0005759454 0.01096868
0.0005775454 0.01143925
0.0005791454 0.01238041
0.0005807454 0.01273334
0.0005823454 0.01238041
0.0005839454 0.01190983
0.0005855454 0.01167454
0.0005871454 0.01085103
0.0005887454 0.01002753
0.0005903454 0.008615799
0.0005919454 0.00743936
0.0005935454 0.00626292
0.0005951454 0.005439412
0.0005967454 0.005204125
0.0005983454 0.005557056
0.0005999454 0.005557056
0.0006015454 0.005557056
0.0006031454 0.004851193
0.0006047454 0.004733549
0.0006063454 0.004851193
0.0006079454 0.005909988
0.0006095454 0.00802758
0.0006111454 0.009909883
0.0006127454 0.01238041
0.0006143454 0.01402742
0.0006159454 0.01473329
0.0006175454 0.01579208
0.0006191454 0.01696852
0.0006207454 0.01920376
0.0006223454 0.02179192
0.0006239454 0.0252036
0.0006255454 0.02849763
0.0006271454 0.03143873
0.0006287454 0.03390925
0.0006303454 0.03567391
0.0006319454 0.03649742
0.0006335454 0.03755621
0.0006351454 0.03849736
0.0006367454 0.04014438
0.0006383454 0.04120318
0.0006399454 0.0417914
0.0006415454 0.04096789
0.0006431454 0.03955616
0.0006447454 0.03732093
0.0006463454 0.03626213
0.0006479454 0.03543862
0.0006495454 0.0359092
0.0006511454 0.03720328
0.0006527454 0.03955616
0.0006543454 0.04202668
0.0006559454 0.04390899
0.0006575454 0.04543836
0.0006591454 0.0466148
0.0006607454 0.04732066
0.0006623454 0.04779124
0.0006639454 0.04790888
0.0006655454 0.04826181
0.0006671454 0.04885003
0.0006687454 0.04896768
0.0006703454 0.04802653
0.0006719454 0.04720302
0.0006735454 0.04579129
0.0006751454 0.04449721
0.0006767454 0.04249726
0.0006783454 0.04120318
0.0006799454 0.0388503
0.0006815454 0.03708564
0.0006831454 0.03461511
0.0006847454 0.03132108
0.0006863454 0.02755648
0.0006879454 0.02438009
0.0006895454 0.0212037
0.0006911454 0.01896847
0.0006927454 0.01767438
0.0006943454 0.01720381
0.0006959454 0.01661559
0.0006975454 0.01543915
0.0006991454 0.01426271
0.0007007454 0.01296863
0.0007023454 0.01214512
0.0007039454 0.01202747
0.0007055454 0.01226276
0.0007071454 0.01285098
0.0007087454 0.01285098
0.0007103454 0.0134392
0.0007119454 0.01238041
0.0007135454 0.01143925
0.0007151454 0.009909883
0.0007167454 0.008968731
0.0007183454 0.007909936
0.0007199454 0.006733496
0.0007215454 0.004733549
0.0007231454 0.003204177
0.0007247454 0.001086586
0.0007263454 -0.0003251415
0.0007279454 -0.001972157
0.0007295454 -0.001854513
0.0007311454 -0.001854513
0.0007327454 -0.001501581
0.0007343454 -0.0007957174
0.0007359454 0.0002630782
0.0007375454 0.000851298
0.0007391454 0.001557162
0.0007407454 0.002498313
0.0007423454 0.004027685
0.0007439454 0.0056747
0.0007455454 0.008380511
0.0007471454 0.01073339
0.0007487454 0.0134392
0.0007503454 0.01602737
0.0007519454 0.0182626
0.0007535454 0.01896847
0.0007551454 0.02014491
0.0007567454 0.02108606
0.0007583454 0.02214485
0.0007599454 0.02367423
0.0007615454 0.02532124
0.0007631454 0.02685061
0.0007647454 0.02885056
0.0007663454 0.03061522
0.0007679454 0.03320339
0.0007695454 0.03496805
0.0007711454 0.0377915
0.0007727454 0.04049731
0.0007743454 0.04355605
0.0007759454 0.04673244
0.0007775454 0.04908532
0.0007791454 0.05108527
0.0007807454 0.05273228
0.0007823454 0.05284993
0.0007839454 0.05308522
0.0007855454 0.05226171
0.0007871454 0.05179113
0.0007887454 0.05096762
0.0007903454 0.04990883
0.0007919454 0.04790888
0.0007935454 0.0466148
0.0007951454 0.04426192
0.0007967454 0.04155611
0.0007983454 0.03861501
0.0007999454 0.03637977
0.0008015454 0.03402689
0.0008031454 0.03237988
0.0008047454 0.03049758
0.0008063454 0.02967407
0.0008079454 0.02826234
0.0008095454 0.02755648
0.0008111454 0.02614475
0.0008127454 0.02638004
0.0008143454 0.02743883
0.0008159454 0.030027
0.0008175454 0.03308574
0.0008191454 0.03732093
0.0008207454 0.04096789
0.0008223454 0.04461485
0.0008239454 0.04685009
0.0008255454 0.04779124
0.0008271454 0.04779124
0.0008287454 0.04732066
0.0008303454 0.04520307
0.0008319454 0.04355605
0.0008335454 0.04108553
0.0008351454 0.03861501
0.0008367454 0.03567391
0.0008383454 0.03308574
0.0008399454 0.03014464
0.0008415454 0.02755648
0.0008431454 0.02532124
0.0008447454 0.02402716
0.0008463454 0.02308601
0.0008479454 0.02367423
0.0008495454 0.0241448
0.0008511454 0.02567417
0.0008527454 0.02696826
0.0008543454 0.02908585
0.0008559454 0.03167402
0.0008575454 0.03508569
0.0008591454 0.03755621
0.0008607454 0.04049731
0.0008623454 0.04190904
0.0008639454 0.0436737
0.0008655454 0.04485014
0.0008671454 0.04590893
0.0008687454 0.04626187
0.0008703454 0.04696773
0.0008719454 0.04696773
0.0008735454 0.0466148
0.0008751454 0.045556
0.0008767454 0.04437956
0.0008783454 0.0426149
0.0008799454 0.0417914
0.0008815454 0.04014438
0.0008831454 0.03955616
0.0008847454 0.03790914
0.0008863454 0.03661506
0.0008879454 0.03426218
0.0008895454 0.0319093
0.0008911454 0.02932114
0.0008927454 0.02626239
0.0008943454 0.02379187
0.0008959454 0.02202721
0.0008975454 0.02073313
0.0008991454 0.02061548
0.0009007454 0.02155663
0.0009023454 0.02308601
0.0009039454 0.0241448
0.0009055454 0.02532124
0.0009071454 0.02602711
0.0009087454 0.02696826
0.0009103454 0.0270859
0.0009119454 0.02755648
0.0009135454 0.02849763
0.0009151454 0.02920349
0.0009167454 0.02990936
0.0009183454 0.030027
0.0009199454 0.02920349
0.0009215454 0.02861527
0.0009231454 0.02790941
0.0009247454 0.02755648
0.0009263454 0.02743883
0.0009279454 0.02732119
0.0009295454 0.02732119
0.0009311454 0.02673297
0.0009327454 0.02543889
0.0009343454 0.02426245
0.0009359454 0.02261543
0.0009375454 0.02061548
0.0009391454 0.0174391
0.0009407454 0.01496857
0.0009423454 0.0115569
0.0009439454 0.008145223
0.0009455454 0.004262973
0.0009471454 0.001321874
0.0009487454 -0.002089801
0.0009503454 -0.004560324
0.0009519454 -0.006913203
0.0009535454 -0.008324931
0.0009551454 -0.009383726
0.0009567454 -0.009736658
0.0009583454 -0.009854302
0.0009599454 -0.00950137
0.0009615454 -0.008795507
0.0009631454 -0.008089643
0.0009647454 -0.007266135
0.0009663454 -0.006207339
0.0009679454 -0.005501476
0.0009695454 -0.00561912
0.0009711454 -0.00561912
0.0009727454 -0.005383832
0.0009743454 -0.0050309
0.0009759454 -0.004913256
0.0009775454 -0.00444268
0.0009791454 -0.003736816
0.0009807454 -0.003501528
0.0009823454 -0.002913309
0.0009839454 -0.002913309
0.0009855454 -0.002913309
0.0009871454 -0.002560377
0.0009887454 -0.002442733
0.0009903454 -0.003030953
0.0009919454 -0.003148597
0.0009935454 -0.00385446
0.0009951454 -0.004560324
0.0009967454 -0.00561912
0.0009983454 -0.006913203
0.0009999454 -0.008795507
0.001001545 -0.01008959
0.001003145 -0.01138367
0.001004745 -0.01185425
0.001006345 -0.01232483
0.001007945 -0.01244247
0.001009545 -0.01185425
0.001011145 -0.01138367
0.001012745 -0.009971946
0.001014345 -0.00950137
0.001015945 -0.008207287
0.001017545 -0.006795559
0.001019145 -0.006207339
0.001020745 -0.005148544
0.001022345 -0.005736764
0.001023945 -0.006089696
0.001025545 -0.007030847
0.001027145 -0.007619067
0.001028745 -0.008442575
0.001030345 -0.009030794
0.001031945 -0.01008959
0.001033545 -0.01103074
0.001035145 -0.01232483
0.001036745 -0.01361891
0.001038345 -0.0146777
0.001039945 -0.01608943
0.001041545 -0.01773645
0.001043145 -0.0186776
0.001044745 -0.02067755
0.001046345 -0.02185399
0.001047945 -0.02326571
0.001049545 -0.02420687
0.001051145 -0.02432451
0.001052745 -0.02397158
0.001054345 -0.02303043
0.001055945 -0.02197163
0.001057545 -0.02091283
0.001059145 -0.01985404
0.001060745 -0.01914817
0.001062345 -0.0186776
0.001063945 -0.01820702
0.001065545 -0.01738352
0.001067145 -0.0167953
0.001068745 -0.01608943
0.001070345 -0.01561886
0.001071945 -0.01491299
0.001073545 -0.01479535
0.001075145 -0.01479535
0.001076745 -0.01479535
0.001078345 -0.01432477
0.001079945 -0.01444242
0.001081545 -0.01503064
0.001083145 -0.01538357
0.001084745 -0.01585414
0.001086345 -0.01597179
0.001087945 -0.01632472
0.001089545 -0.01620708
0.001091145 -0.01550121
0.001092745 -0.0146777
0.001094345 -0.01361891
0.001095945 -0.01232483
0.001097545 -0.0109131
0.001099145 -0.009971946
0.001100745 -0.009266082
0.001102345 -0.009030794
0.001103945 -0.008560219
0.001105545 -0.008560219
0.001107145 -0.008560219
0.001108745 -0.008560219
0.001110345 -0.007501423
0.001111945 -0.007736711
0.001113545 -0.007736711
0.001115145 -0.008207287
0.001116745 -0.008442575
0.001118345 -0.008442575
0.001119945 -0.007619067
0.001121545 -0.007501423
0.001123145 -0.007148491
0.001124745 -0.007619067
0.001126345 -0.007736711
0.001127945 -0.008795507
0.001129545 -0.009266082
0.001131145 -0.009971946
0.001132745 -0.009266082
0.001134345 -0.009148438
0.001135945 -0.008089643
0.001137545 -0.008089643
0.001139145 -0.006795559
0.001140745 -0.006207339
0.001142345 -0.004677968
0.001143945 -0.002560377
0.001145545 0.0001454343
0.001147145 0.003086533
0.001148745 0.00626292
0.001150345 0.008498155
0.001151945 0.01061575
0.001153545 0.01132161
0.001155145 0.01179219
0.001156745 0.01214512
0.001158345 0.01226276
0.001159945 0.01132161
0.001161545 0.01096868
0.001163145 0.009909883
0.001164745 0.008851087
0.001166345 0.00802758
0.001167945 0.007674648
0.001169545 0.008380511
0.001171145 0.009792239
0.001172745 0.01143925
0.001174345 0.01426271
0.001175945 0.01602737
0.001177545 0.0182626
0.001179145 0.01955669
0.001180745 0.0203802
0.001182345 0.02085077
0.001183945 0.02085077
0.001185545 0.01990962
0.001187145 0.01896847
0.001188745 0.01755674
0.001190345 0.01626266
0.001191945 0.01379213
0.001193545 0.01214512
0.001195145 0.01014517
0.001196745 0.008498155
0.001198345 0.00685114
0.001199945 0.005792344
0.001201545 0.004851193
0.001203145 0.003792397
0.001204745 0.002968889
0.001206345 0.002027738
0.001207945 0.001086586
0.001209545 0.0004983662
0.001211145 0.0003807222
0.001212745 0.0004983662
0.001214345 0.0003807222
0.001215945 0.000851298
0.001217545 0.0007336541
0.001219145 0.000851298
0.001220745 0.0004983662
0.001222345 2.779033e-005
0.001223945 -0.0005604295
0.001225545 -0.001736869
0.001227145 -0.002678021
0.001228745 -0.004207392
0.001230345 -0.006089696
0.001231945 -0.007971999
0.001233545 -0.01044252
0.001235145 -0.01220718
0.001236745 -0.0138542
0.001238345 -0.01514828
0.001239945 -0.01608943
0.001241545 -0.0167953
0.001243145 -0.01703058
0.001244745 -0.01726587
0.001246345 -0.01750116
0.001247945 -0.01750116
0.001249545 -0.01773645
0.001251145 -0.01820702
0.001252745 -0.01891289
0.001254345 -0.01926582
0.001255945 -0.0205599
0.001257545 -0.02114812
0.001259145 -0.02185399
0.001260745 -0.02291278
0.001262345 -0.02279514
0.001263945 -0.02361865
0.001265545 -0.02361865
0.001267145 -0.02420687
0.001268745 -0.02479508
0.001270345 -0.02526566
0.001271945 -0.02597152
0.001273545 -0.02714796
0.001275145 -0.0283244
0.001276745 -0.02914791
0.001278345 -0.03067728
0.001279945 -0.03138315
0.001281545 -0.03220665
0.001283145 -0.03291252
0.001284745 -0.03326545
0.001286345 -0.03373603
0.001287945 -0.03385367
0.001289545 -0.03444189
0.001291145 -0.03514775
0.001292745 -0.03503011
0.001294345 -0.03514775
0.001295945 -0.03585362
0.001297545 -0.03573597
0.001299145 -0.0360889
0.001300745 -0.03655948
0.001302345 -0.03738299
0.001303945 -0.03750063
0.001305545 -0.03761828
0.001307145 -0.03785356
0.001308745 -0.03738299
0.001310345 -0.03691241
0.001311945 -0.03644184
0.001313545 -0.03597126
0.001315145 -0.0352654
0.001316745 -0.03444189
0.001318345 -0.03303016
0.001319945 -0.03197137
0.001321545 -0.03079493
0.001323145 -0.0293832
0.001324745 -0.02820676
0.001326345 -0.02691268
0.001327945 -0.02608917
0.001329545 -0.02514802
0.001331145 -0.02432451
0.001332745 -0.023501
0.001334345 -0.02338336
0.001335945 -0.02314807
0.001337545 -0.02291278
0.001339145 -0.02303043
0.001340745 -0.02326571
0.001342345 -0.02397158
0.001343945 -0.02432451
0.001345545 -0.0253833
0.001347145 -0.02597152
0.001348745 -0.02714796
0.001350345 -0.02797147
0.001351945 -0.02891262
0.001353545 -0.02867734
0.001355145 -0.0283244
0.001356745 -0.02820676
0.001358345 -0.02691268
0.001359945 -0.02632446
0.001361545 -0.02550095
0.001363145 -0.02408922
0.001364745 -0.02244221
0.001366345 -0.02079519
0.001367945 -0.01950111
0.001369545 -0.01832467
0.001371145 -0.0176188
0.001372745 -0.01750116
0.001374345 -0.01738352
0.001375945 -0.01750116
0.001377545 -0.01785409
0.001379145 -0.01808938
0.001380745 -0.01808938
0.001382345 -0.01926582
0.001383945 -0.02032461
0.001385545 -0.02103048
0.001387145 -0.02220692
0.001388745 -0.02326571
0.001390345 -0.02408922
0.001391945 -0.02491273
0.001393545 -0.02561859
0.001395145 -0.02632446
0.001396745 -0.02667739
0.001398345 -0.02785383
0.001399945 -0.02785383
0.001401545 -0.02844205
0.001403145 -0.02867734
0.001404745 -0.02914791
0.001406345 -0.02891262
0.001407945 -0.02926556
0.001409545 -0.02926556
0.001411145 -0.02997142
0.001412745 -0.03079493
0.001414345 -0.03103021
0.001415945 -0.03161843
0.001417545 -0.0323243
0.001419145 -0.03279487
0.001420745 -0.03255959
0.001422345 -0.03361838
0.001423945 -0.03467718
0.001425545 -0.03573597
0.001427145 -0.0371477
0.001428745 -0.03891236
0.001430345 -0.04055938
0.001431945 -0.04185346
0.001433545 -0.04279461
0.001435145 -0.04432398
0.001436745 -0.04479456
0.001438345 -0.04561807
0.001439945 -0.04550042
0.001441545 -0.04526513
0.001443145 -0.04420634
0.001444745 -0.04255932
0.001446345 -0.04044173
0.001447945 -0.0382065
0.001449545 -0.03667712
0.001451145 -0.03467718
0.001452745 -0.03326545
0.001454345 -0.03208901
0.001455945 -0.03114786
0.001457545 -0.03032435
0.001459145 -0.03020671
0.001460745 -0.0293832
0.001462345 -0.02891262
0.001463945 -0.02844205
0.001465545 -0.02738325
0.001467145 -0.02726561
0.001468745 -0.02691268
0.001470345 -0.02655974
0.001471945 -0.02655974
0.001473545 -0.02632446
0.001475145 -0.02655974
0.001476745 -0.02691268
0.001478345 -0.02714796
0.001479945 -0.02761854
0.001481545 -0.02738325
0.001483145 -0.02773618
0.001484745 -0.02761854
0.001486345 -0.02691268
0.001487945 -0.0264421
0.001489545 -0.02514802
0.001491145 -0.02408922
0.001492745 -0.02326571
0.001494345 -0.02197163
0.001495945 -0.02079519
0.001497545 -0.01961875
0.001499145 -0.01844231
0.001500745 -0.01738352
0.001502345 -0.01667765
0.001503945 -0.01561886
0.001505545 -0.0146777
0.001507145 -0.01432477
0.001508745 -0.01408948
0.001510345 -0.01420713
0.001511945 -0.01408948
0.001513545 -0.01456006
0.001515145 -0.01526592
0.001516745 -0.01526592
0.001518345 -0.01561886
0.001519945 -0.01561886
0.001521545 -0.01585414
0.001523145 -0.01632472
0.001524745 -0.0167953
0.001526345 -0.01726587
0.001527945 -0.01750116
0.001529545 -0.01738352
0.001531145 -0.0167953
0.001532745 -0.01585414
0.001534345 -0.01432477
0.001535945 -0.01291305
0.001537545 -0.01103074
0.001539145 -0.009383726
0.001540745 -0.007501423
0.001542345 -0.005972052
0.001543945 -0.004913256
0.001545545 -0.004089748
0.001547145 -0.003266241
0.001548745 -0.003030953
0.001550345 -0.003501528
0.001551945 -0.004089748
0.001553545 -0.005383832
0.001555145 -0.006913203
0.001556745 -0.008560219
0.001558345 -0.01008959
0.001559945 -0.01220718
0.001561545 -0.01373655
0.001563145 -0.01526592
0.001564745 -0.01632472
0.001566345 -0.01750116
0.001567945 -0.01797174
0.001569545 -0.01891289
0.001571145 -0.01914817
0.001572745 -0.01914817
0.001574345 -0.01832467
0.001575945 -0.01785409
0.001577545 -0.0167953
0.001579145 -0.01538357
0.001580745 -0.0146777
0.001582345 -0.01326598
0.001583945 -0.01232483
0.001585545 -0.01126603
0.001587145 -0.009736658
0.001588745 -0.008913151
0.001590345 -0.007854355
0.001591945 -0.007736711
0.001593545 -0.007383779
0.001595145 -0.007736711
0.001596745 -0.007501423
0.001598345 -0.008089643
0.001599945 -0.007971999
0.001601545 -0.008324931
0.001603145 -0.007971999
0.001604745 -0.008089643
0.001606345 -0.007971999
0.001607945 -0.008324931
0.001609545 -0.008207287
0.001611145 -0.008442575
0.001612745 -0.007619067
0.001614345 -0.007148491
0.001615945 -0.005854408
0.001617545 -0.004677968
0.001619145 -0.003148597
0.001620745 -0.001266293
0.001622345 0.0003807222
0.001623945 0.001674806
0.001625545 0.003204177
0.001627145 0.004262973
0.001628745 0.005557056
0.001630345 0.006498208
0.001631945 0.007086428
0.001633545 0.006615852
0.001635145 0.006498208
0.001636745 0.0056747
0.001638345 0.005086481
0.001639945 0.004027685
0.001641545 0.003321821
0.001643145 0.002145382
0.001644745 0.001321874
0.001646345 2.779033e-005
0.001647945 -0.001383937
0.001649545 -0.002795665
0.001651145 -0.003619172
0.001652745 -0.00444268
0.001654345 -0.005266188
0.001655945 -0.005266188
0.001657545 -0.005736764
0.001659145 -0.006089696
0.001660745 -0.00561912
0.001662345 -0.005736764
0.001663945 -0.005383832
0.001665545 -0.0050309
0.001667145 -0.004677968
0.001668745 -0.003972104
0.001670345 -0.003383884
0.001671945 -0.002678021
0.001673545 -0.002325089
0.001675145 -0.002089801
0.001676745 -0.001383937
0.001678345 -0.0007957174
0.001679945 0.0004983662
0.001681545 0.0006160101
0.001683145 0.001321874
0.001684745 0.002498313
0.001686345 0.003204177
0.001687945 0.004027685
0.001689545 0.004851193
0.001691145 0.0056747
0.001692745 0.006615852
0.001694345 0.007086428
0.001695945 0.00802758
0.001697545 0.008733443
0.001699145 0.009909883
0.001700745 0.01026281
0.001702345 0.01108632
0.001703945 0.01132161
0.001705545 0.01261569
0.001707145 0.01226276
0.001708745 0.01249805
0.001710345 0.01285098
0.001711945 0.01308627
0.001713545 0.01273334
0.001715145 0.01308627
0.001716745 0.01308627
0.001718345 0.0134392
0.001719945 0.01296863
0.001721545 0.01238041
0.001723145 0.01238041
0.001724745 0.01179219
0.001726345 0.01096868
0.001727945 0.0104981
0.001729545 0.01014517
0.001731145 0.009321663
0.001732745 0.009086375
0.001734345 0.008733443
0.001735945 0.00802758
0.001737545 0.007557004
0.001739145 0.007909936
0.001740745 0.007086428
0.001742345 0.00685114
0.001743945 0.00685114
0.001745545 0.006380564
0.001747145 0.00626292
0.001748745 0.006615852
0.001750345 0.00743936
0.001751945 0.007674648
0.001753545 0.008498155
0.001755145 0.009439307
0.001756745 0.01002753
0.001758345 0.01073339
0.001759945 0.0115569
0.001761545 0.01202747
0.001763145 0.01296863
0.001764745 0.01261569
0.001766345 0.01296863
0.001767945 0.01226276
0.001769545 0.01179219
0.001771145 0.01096868
0.001772745 0.009909883
0.001774345 0.008851087
0.001775945 0.00743936
0.001777545 0.005792344
0.001779145 0.004145329
0.001780745 0.002498313
0.001782345 0.001321874
0.001783945 -0.0003251415
0.001785545 -0.001266293
0.001787145 -0.002913309
0.001788745 -0.003383884
0.001790345 -0.004207392
0.001791945 -0.0050309
0.001793545 -0.00561912
0.001795145 -0.006089696
0.001796745 -0.006560271
0.001798345 -0.006324983
0.001799945 -0.007501423
0.001801545 -0.008089643
0.001803145 -0.008560219
0.001804745 -0.01008959
0.001806345 -0.01138367
0.001807945 -0.01267776
0.001809545 -0.01373655
0.001811145 -0.01491299
0.001812745 -0.01597179
0.001814345 -0.01667765
0.001815945 -0.01738352
0.001817545 -0.0176188
0.001819145 -0.01750116
0.001820745 -0.01726587
0.001822345 -0.01691294
0.001823945 -0.01620708
0.001825545 -0.01585414
0.001827145 -0.01514828
0.001828745 -0.01456006
0.001830345 -0.01397184
0.001831945 -0.01361891
0.001833545 -0.01326598
0.001835145 -0.0127954
0.001836745 -0.01267776
0.001838345 -0.01208954
0.001839945 -0.01244247
0.001841545 -0.01244247
0.001843145 -0.01291305
0.001844745 -0.01361891
0.001846345 -0.01479535
0.001847945 -0.0157365
0.001849545 -0.01667765
0.001851145 -0.01785409
0.001852745 -0.01855996
0.001854345 -0.01961875
0.001855945 -0.02008933
0.001857545 -0.02067755
0.001859145 -0.02079519
0.001860745 -0.02067755
0.001862345 -0.02044226
0.001863945 -0.02044226
0.001865545 -0.01985404
0.001867145 -0.01903053
0.001868745 -0.01832467
0.001870345 -0.01773645
0.001871945 -0.01738352
0.001873545 -0.01691294
0.001875145 -0.01667765
0.001876745 -0.01691294
0.001878345 -0.01738352
0.001879945 -0.01738352
0.001881545 -0.01808938
0.001883145 -0.0186776
0.001884745 -0.01938346
0.001886345 -0.02044226
0.001887945 -0.02079519
0.001889545 -0.02150105
0.001891145 -0.02185399
0.001892745 -0.02185399
0.001894345 -0.02114812
0.001895945 -0.0205599
0.001897545 -0.02032461
0.001899145 -0.01973639
0.001900745 -0.0186776
0.001902345 -0.01785409
0.001903945 -0.0167953
0.001905545 -0.01585414
0.001907145 -0.01538357
0.001908745 -0.01420713
0.001910345 -0.01373655
0.001911945 -0.01291305
0.001913545 -0.01267776
0.001915145 -0.0127954
0.001916745 -0.01291305
0.001918345 -0.01326598
0.001919945 -0.01361891
0.001921545 -0.01456006
0.001923145 -0.01585414
0.001924745 -0.01726587
0.001926345 -0.01785409
0.001927945 -0.01914817
0.001929545 -0.01961875
0.001931145 -0.02067755
0.001932745 -0.02079519
0.001934345 -0.02126577
0.001935945 -0.02114812
0.001937545 -0.02103048
0.001939145 -0.02020697
0.001940745 -0.01997168
0.001942345 -0.01903053
0.001943945 -0.0186776
0.001945545 -0.01820702
0.001947145 -0.01808938
0.001948745 -0.01820702
0.001950345 -0.01832467
0.001951945 -0.01855996
0.001953545 -0.01926582
0.001955145 -0.01985404
0.001956745 -0.02114812
0.001958345 -0.0216187
0.001959945 -0.02232456
0.001961545 -0.02444215
0.001963145 -0.02526566
0.001964745 -0.02679503
0.001966345 -0.02785383
0.001967945 -0.02903027
0.001969545 -0.02950084
0.001971145 -0.02997142
0.001972745 -0.03044199
0.001974345 -0.03067728
0.001975945 -0.03020671
0.001977545 -0.03008906
0.001979145 -0.02985378
0.001980745 -0.02926556
0.001982345 -0.02903027
0.001983945 -0.02879498
0.001985545 -0.0283244
0.001987145 -0.02785383
0.001988745 -0.0275009
0.001990345 -0.02738325
0.001991945 -0.02620681
0.001993545 -0.02597152
0.001995145 -0.02479508
0.001996745 -0.02432451
0.001998345 -0.02338336
0.001999945 -0.023501
0.002001545 -0.02267749
0.002003145 -0.02255985
0.002004745 -0.02244221
0.002006345 -0.02279514
0.002007945 -0.02267749
0.002009545 -0.02279514
0.002011145 -0.02279514
0.002012745 -0.02291278
0.002014345 -0.02326571
0.002015945 -0.023501
0.002017545 -0.02326571
0.002019145 -0.02314807
0.002020745 -0.02326571
0.002022345 -0.02279514
0.002023945 -0.02279514
0.002025545 -0.02232456
0.002027145 -0.02185399
0.002028745 -0.0216187
0.002030345 -0.02126577
0.002031945 -0.02032461
0.002033545 -0.0205599
0.002035145 -0.01985404
0.002036745 -0.01985404
0.002038345 -0.01961875
0.002039945 -0.01926582
0.002041545 -0.01926582
0.002043145 -0.01950111
0.002044745 -0.01985404
0.002046345 -0.01926582
0.002047945 -0.01997168
0.002049545 -0.0205599
0.002051145 -0.02091283
0.002052745 -0.02138341
0.002054345 -0.02232456
0.002055945 -0.02267749
0.002057545 -0.02314807
0.002059145 -0.02338336
0.002060745 -0.02303043
0.002062345 -0.02255985
0.002063945 -0.02255985
0.002065545 -0.02185399
0.002067145 -0.02079519
0.002068745 -0.02008933
0.002070345 -0.01855996
0.002071945 -0.01726587
0.002073545 -0.01585414
0.002075145 -0.01420713
0.002076745 -0.01303069
0.002078345 -0.01150132
0.002079945 -0.01056017
0.002081545 -0.009619014
0.002083145 -0.009030794
0.002084745 -0.008560219
0.002086345 -0.008089643
0.002087945 -0.007971999
0.002089545 -0.007736711
0.002091145 -0.007854355
0.002092745 -0.007383779
0.002094345 -0.007266135
0.002095945 -0.006913203
0.002097545 -0.007148491
0.002099145 -0.006442627
0.002100745 -0.006442627
0.002102345 -0.006442627
0.002103945 -0.006324983
0.002105545 -0.006089696
0.002107145 -0.006324983
0.002108745 -0.005854408
0.002110345 -0.006207339
0.002111945 -0.005972052
0.002113545 -0.006207339
0.002115145 -0.005854408
0.002116745 -0.006089696
0.002118345 -0.0050309
0.002119945 -0.004560324
0.002121545 -0.003619172
0.002123145 -0.003148597
0.002124745 -0.002560377
0.002126345 -0.001972157
0.002127945 -0.001266293
0.002129545 -0.001266293
0.002131145 -0.0007957174
0.002132745 -8.985363e-005
0.002134345 0.0003807222
0.002135945 0.0007336541
0.002137545 0.000968942
0.002139145 0.0006160101
0.002140745 0.001439518
0.002142345 0.001321874
0.002143945 0.001674806
0.002145545 0.002027738
0.002147145 0.002145382
0.002148745 0.002380669
0.002150345 0.002498313
0.002151945 0.002733601
0.002153545 0.003439465
0.002155145 0.003792397
0.002156745 0.004498261
0.002158345 0.005086481
0.002159945 0.006380564
0.002161545 0.007204072
0.002163145 0.008145223
0.002164745 0.009321663
0.002166345 0.01073339
0.002167945 0.01167454
0.002169545 0.01320391
0.002171145 0.01426271
0.002172745 0.0153215
0.002174345 0.01661559
0.002175945 0.01790967
0.002177545 0.01896847
0.002179145 0.02049784
0.002180745 0.02155663
0.002182345 0.02285072
0.002183945 0.02390951
0.002185545 0.02461538
0.002187145 0.02579182
0.002188745 0.02673297
0.002190345 0.02743883
0.002191945 0.02802705
0.002193545 0.0289682
0.002195145 0.02943878
0.002196745 0.03014464
0.002198345 0.03073286
0.002199945 0.03143873
0.002201545 0.03214459
0.002203145 0.03308574
0.002204745 0.03390925
0.002206345 0.0348504
0.002207945 0.03602684
0.002209545 0.03637977
0.002211145 0.03743857
0.002212745 0.0377915
0.002214345 0.03861501
0.002215945 0.03896794
0.002217545 0.03990909
0.002219145 0.04014438
0.002220745 0.04049731
0.002222345 0.04085024
0.002223945 0.04085024
0.002225545 0.04096789
0.002227145 0.04108553
0.002228745 0.04120318
0.002230345 0.04132082
0.002231945 0.04132082
0.002233545 0.04108553
0.002235145 0.0407326
0.002236745 0.04014438
0.002238345 0.03979145
0.002239945 0.0388503
0.002241545 0.03837972
0.002243145 0.03802679
0.002244745 0.03837972
0.002246345 0.03837972
0.002247945 0.03896794
0.002249545 0.03943852
0.002251145 0.03955616
0.002252745 0.04061496
0.002254345 0.04108553
0.002255945 0.04143846
0.002257545 0.04237962
0.002259145 0.04296784
0.002260745 0.04379134
0.002262345 0.04449721
0.002263945 0.04473249
0.002265545 0.045556
0.002267145 0.04579129
0.002268745 0.04626187
0.002270345 0.04649715
0.002271945 0.04637951
0.002273545 0.04579129
0.002275145 0.04579129
0.002276745 0.04532071
0.002278345 0.04520307
0.002279945 0.04461485
0.002281545 0.04437956
0.002283145 0.04414427
0.002284745 0.04426192
0.002286345 0.04426192
0.002287945 0.04449721
0.002289545 0.04437956
0.002291145 0.04508543
0.002292745 0.04496778
0.002294345 0.04508543
0.002295945 0.04449721
0.002297545 0.04449721
0.002299145 0.04390899
0.002300745 0.0436737
0.002302345 0.04308548
0.002303945 0.04237962
0.002305545 0.04190904
0.002307145 0.04167375
0.002308745 0.0407326
0.002310345 0.04002674
0.002311945 0.03955616
0.002313545 0.03943852
0.002315145 0.03920323
0.002316745 0.03932087
0.002318345 0.03943852
0.002319945 0.04014438
0.002321545 0.04037967
0.002323145 0.04132082
0.002324745 0.0417914
0.002326345 0.04285019
0.002327945 0.04320312
0.002329545 0.04402663
0.002331145 0.04508543
0.002332745 0.045556
0.002334345 0.04614422
0.002335945 0.04685009
0.002337545 0.04720302
0.002339145 0.04708537
0.002340745 0.04779124
0.002342345 0.04814417
0.002343945 0.04837946
0.002345545 0.04814417
0.002347145 0.0484971
0.002348745 0.04885003
0.002350345 0.04826181
0.002351945 0.0484971
0.002353545 0.04814417
0.002355145 0.04767359
0.002356745 0.04696773
0.002358345 0.0466148
0.002359945 0.04614422
0.002361545 0.04590893
0.002363145 0.04579129
0.002364745 0.04496778
0.002366345 0.04473249
0.002367945 0.04461485
0.002369545 0.04449721
0.002371145 0.04485014
0.002372745 0.04567365
0.002374345 0.04602658
0.002375945 0.0466148
0.002377545 0.04685009
0.002379145 0.04767359
0.002380745 0.04779124
0.002382345 0.04826181
0.002383945 0.04873239
0.002385545 0.04873239
0.002387145 0.04896768
0.002388745 0.04885003
0.002390345 0.04873239
0.002391945 0.0484971
0.002393545 0.04814417
0.002395145 0.04826181
0.002396745 0.04755595
0.002398345 0.04732066
0.002399945 0.04779124
0.002401545 0.04732066
0.002403145 0.04743831
0.002404745 0.04755595
0.002406345 0.04779124
0.002407945 0.04826181
0.002409545 0.04885003
0.002411145 0.0495559
0.002412745 0.05049705
0.002414345 0.05120291
0.002415945 0.05237935
0.002417545 0.05308522
0.002419145 0.05426166
0.002420745 0.05461459
0.002422345 0.05567338
0.002423945 0.0562616
0.002425545 0.05673218
0.002427145 0.05720275
0.002428745 0.05708511
0.002430345 0.05720275
0.002431945 0.05755569
0.002433545 0.05755569
0.002435145 0.05743804
0.002436745 0.05708511
0.002438345 0.05743804
0.002439945 0.05743804
0.002441545 0.05826155
0.002443145 0.05873213
0.002444745 0.05955563
0.002446345 0.06037914
0.002447945 0.061085
0.002449545 0.06190851
0.002451145 0.06273202
0.002452745 0.06296731
0.002454345 0.06332024
0.002455945 0.06390846
0.002457545 0.06367317
0.002459145 0.06367317
0.002460745 0.06367317
0.002462345 0.06332024
0.002463945 0.06308495
0.002465545 0.06261438
0.002467145 0.06202616
0.002468745 0.06132029
0.002470345 0.06084972
0.002471945 0.05990857
0.002473545 0.0592027
0.002475145 0.05849684
0.002476745 0.05802626
0.002478345 0.05743804
0.002479945 0.05684982
0.002481545 0.05637925
0.002483145 0.05637925
0.002484745 0.05602631
0.002486345 0.05579103
0.002487945 0.05508516
0.002489545 0.05484988
0.002491145 0.05414401
0.002492745 0.05367344
0.002494345 0.05261464
0.002495945 0.05167349
0.002497545 0.05049705
0.002499145 0.0495559
0.002500745 0.04814417
0.002502345 0.04743831
0.002503945 0.04579129
0.002505545 0.04473249
0.002507145 0.04343841
0.002508745 0.04285019
0.002510345 0.04237962
0.002511945 0.04167375
0.002513545 0.04120318
0.002515145 0.04108553
0.002516745 0.04026202
0.002518345 0.04049731
0.002519945 0.0396738
0.002521545 0.0396738
0.002523145 0.03896794
0.002524745 0.03837972
0.002526345 0.03814443
0.002527945 0.03708564
0.002529545 0.03649742
0.002531145 0.03543862
0.002532745 0.03437983
0.002534345 0.03355632
0.002535945 0.03261517
0.002537545 0.03214459
0.002539145 0.03085051
0.002540745 0.03014464
0.002542345 0.0289682
0.002543945 0.02849763
0.002545545 0.02767412
0.002547145 0.02720354
0.002548745 0.02626239
0.002550345 0.02614475
0.002551945 0.0252036
0.002553545 0.0252036
0.002555145 0.02438009
0.002556745 0.02402716
0.002558345 0.02343894
0.002559945 0.02308601
0.002561545 0.02249779
0.002563145 0.02202721
0.002564745 0.02143899
0.002566345 0.0212037
0.002567945 0.02002726
0.002569545 0.01943904
0.002571145 0.01861554
0.002572745 0.01802732
0.002574345 0.01708616
0.002575945 0.01602737
0.002577545 0.01461564
0.002579145 0.01402742
0.002580745 0.01238041
0.002582345 0.01143925
0.002583945 0.009321663
0.002585545 0.008380511
0.002587145 0.007204072
0.002588745 0.005792344
0.002590345 0.004851193
0.002591945 0.004145329
0.002593545 0.003674753
0.002595145 0.003321821
0.002596745 0.003204177
0.002598345 0.003674753
0.002599945 0.003674753
0.002601545 0.003792397
0.002603145 0.003674753
0.002604745 0.003910041
0.002606345 0.004027685
0.002607945 0.004027685
0.002609545 0.003439465
0.002611145 0.003439465
0.002612745 0.002145382
0.002614345 0.001910094
0.002615945 0.000851298
0.002617545 -0.0003251415
0.002619145 -0.001619225
0.002620745 -0.002678021
0.002622345 -0.00385446
0.002623945 -0.0050309
0.002625545 -0.005972052
0.002627145 -0.007148491
0.002628745 -0.007854355
0.002630345 -0.008795507
0.002631945 -0.009148438
0.002633545 -0.009030794
0.002635145 -0.008913151
0.002636745 -0.008442575
0.002638345 -0.008324931
0.002639945 -0.008207287
0.002641545 -0.007501423
0.002643145 -0.007383779
0.002644745 -0.007501423
0.002646345 -0.007030847
0.002647945 -0.007030847
0.002649545 -0.006677915
0.002651145 -0.007030847
0.002652745 -0.007148491
0.002654345 -0.007501423
0.002655945 -0.008207287
0.002657545 -0.008560219
0.002659145 -0.009266082
0.002660745 -0.009736658
0.002662345 -0.009971946
0.002663945 -0.01067781
0.002665545 -0.01138367
0.002667145 -0.01185425
0.002668745 -0.01185425
0.002670345 -0.01185425
0.002671945 -0.01173661
0.002673545 -0.01138367
0.002675145 -0.01114839
0.002676745 -0.01138367
0.002678345 -0.01079545
0.002679945 -0.01056017
0.002681545 -0.01056017
0.002683145 -0.01044252
0.002684745 -0.009854302
0.002686345 -0.01008959
0.002687945 -0.009971946
0.002689545 -0.00950137
0.002691145 -0.009030794
0.002692745 -0.008207287
0.002694345 -0.007736711
0.002695945 -0.007619067
0.002697545 -0.006677915
0.002699145 -0.006913203
0.002700745 -0.006324983
0.002702345 -0.006442627
0.002703945 -0.006324983
0.002705545 -0.006560271
0.002707145 -0.006089696
0.002708745 -0.006795559
0.002710345 -0.006560271
0.002711945 -0.007030847
0.002713545 -0.006324983
0.002715145 -0.006207339
0.002716745 -0.006207339
0.002718345 -0.005383832
0.002719945 -0.004913256
0.002721545 -0.004207392
0.002723145 -0.003501528
0.002724745 -0.003030953
0.002726345 -0.002560377
0.002727945 -0.002089801
0.002729545 -0.001619225
0.002731145 -0.001266293
0.002732745 -0.001031005
0.002734345 -0.001266293
0.002735945 -0.001383937
0.002737545 -0.002207445
0.002739145 -0.002442733
0.002740745 -0.003148597
0.002742345 -0.003736816
0.002743945 -0.004795612
0.002745545 -0.005383832
0.002747145 -0.006560271
0.002748745 -0.006560271
0.002750345 -0.007383779
0.002751945 -0.007854355
0.002753545 -0.008089643
0.002755145 -0.008089643
0.002756745 -0.008324931
0.002758345 -0.007971999
0.002759945 -0.007619067
0.002761545 -0.007383779
0.002763145 -0.007383779
0.002764745 -0.006913203
0.002766345 -0.006677915
0.002767945 -0.006324983
0.002769545 -0.006207339
0.002771145 -0.006207339
0.002772745 -0.005854408
0.002774345 -0.005501476
0.002775945 -0.005383832
0.002777545 -0.0050309
0.002779145 -0.004913256
0.002780745 -0.005148544
0.002782345 -0.004677968
0.002783945 -0.004913256
0.002785545 -0.005148544
0.002787145 -0.005383832
0.002788745 -0.006089696
0.002790345 -0.006677915
0.002791945 -0.007383779
0.002793545 -0.007736711
0.002795145 -0.008913151
0.002796745 -0.00950137
0.002798345 -0.01067781
0.002799945 -0.01079545
0.002801545 -0.01173661
0.002803145 -0.01232483
0.002804745 -0.01314833
0.002806345 -0.01361891
0.002807945 -0.01420713
0.002809545 -0.01503064
0.002811145 -0.01561886
0.002812745 -0.01585414
0.002814345 -0.01644236
0.002815945 -0.01714823
0.002817545 -0.01773645
0.002819145 -0.0186776
0.002820745 -0.01961875
0.002822345 -0.0205599
0.002823945 -0.0216187
0.002825545 -0.02291278
0.002827145 -0.02420687
0.002828745 -0.02526566
0.002830345 -0.02597152
0.002831945 -0.02667739
0.002833545 -0.02738325
0.002835145 -0.02808912
0.002836745 -0.0283244
0.002838345 -0.02867734
0.002839945 -0.02891262
0.002841545 -0.02903027
0.002843145 -0.0293832
0.002844745 -0.0293832
0.002846345 -0.02985378
0.002847945 -0.03008906
0.002849545 -0.03032435
0.002851145 -0.03044199
0.002852745 -0.03103021
0.002854345 -0.03150079
0.002855945 -0.03150079
0.002857545 -0.03197137
0.002859145 -0.0323243
0.002860745 -0.03208901
0.002862345 -0.03244194
0.002863945 -0.03244194
0.002865545 -0.03267723
0.002867145 -0.03291252
0.002868745 -0.03279487
0.002870345 -0.03244194
0.002871945 -0.03244194
0.002873545 -0.03197137
0.002875145 -0.0312655
0.002876745 -0.03055964
0.002878345 -0.03032435
0.002879945 -0.02973613
0.002881545 -0.02891262
0.002883145 -0.02808912
0.002884745 -0.02761854
0.002886345 -0.02703032
0.002887945 -0.02608917
0.002889545 -0.0253833
0.002891145 -0.02479508
0.002892745 -0.02432451
0.002894345 -0.02373629
0.002895945 -0.02361865
0.002897545 -0.02267749
0.002899145 -0.02185399
0.002900745 -0.02103048
0.002902345 -0.02044226
0.002903945 -0.01950111
0.002905545 -0.01855996
0.002907145 -0.0176188
0.002908745 -0.01703058
0.002910345 -0.01585414
0.002911945 -0.01561886
0.002913545 -0.01491299
0.002915145 -0.0138542
0.002916745 -0.01303069
0.002918345 -0.01244247
0.002919945 -0.01185425
0.002921545 -0.01126603
0.002923145 -0.01044252
0.002924745 -0.00950137
0.002926345 -0.009030794
0.002927945 -0.008089643
0.002929545 -0.007501423
0.002931145 -0.006795559
0.002932745 -0.006324983
0.002934345 -0.00561912
0.002935945 -0.005501476
0.002937545 -0.005383832
0.002939145 -0.0050309
0.002940745 -0.004325036
0.002942345 -0.004325036
0.002943945 -0.003266241
0.002945545 -0.003148597
0.002947145 -0.002089801
0.002948745 -0.001501581
0.002950345 -0.0007957174
0.002951945 -0.0004427855
0.002953545 0.0001454343
0.002955145 0.0007336541
0.002956745 0.00120423
0.002958345 0.00179245
0.002959945 0.002498313
0.002961545 0.002733601
0.002963145 0.003086533
0.002964745 0.003321821
0.002966345 0.003674753
0.002967945 0.003910041
0.002969545 0.004498261
0.002971145 0.004851193
0.002972745 0.005086481
0.002974345 0.005792344
0.002975945 0.005792344
0.002977545 0.006380564
0.002979145 0.00685114
0.002980745 0.007204072
0.002982345 0.007557004
0.002983945 0.008380511
0.002985545 0.008733443
0.002987145 0.009321663
0.002988745 0.009909883
0.002990345 0.009792239
0.002991945 0.01014517
0.002993545 0.01014517
0.002995145 0.01038046
0.002996745 0.0104981
0.002998345 0.01108632
0.002999945 0.01096868
0.003001545 0.01143925
0.003003145 0.01132161
0.003004745 0.01167454
0.003006345 0.0115569
0.003007945 0.01214512
0.003009545 0.01202747
0.003011145 0.01226276
0.003012745 0.01238041
0.003014345 0.01226276
0.003015945 0.01238041
0.003017545 0.01214512
0.003019145 0.01179219
0.003020745 0.01120397
0.003022345 0.01038046
0.003023945 0.01026281
0.003025545 0.009204019
0.003027145 0.008851087
0.003028745 0.00802758
0.003030345 0.007674648
0.003031945 0.006733496
0.003033545 0.005557056
0.003035145 0.005321768
0.003036745 0.004262973
0.003038345 0.003557109
0.003039945 0.003321821
0.003041545 0.002615957
0.003043145 0.002380669
0.003044745 0.002027738
0.003046345 0.00179245
0.003047945 0.001557162
0.003049545 0.001557162
0.003051145 0.001321874
0.003052745 0.001321874
0.003054345 0.000968942
0.003055945 0.001086586
0.003057545 0.0007336541
0.003059145 0.000851298
0.003060745 0.0004983662
0.003062345 0.0004983662
0.003063945 0.0002630782
0.003065545 0.0002630782
0.003067145 0.0002630782
0.003068745 -0.0003251415
0.003070345 -0.0004427855
0.003071945 -0.0009133613
0.003073545 -0.001148649
0.003075145 -0.001854513
0.003076745 -0.002560377
0.003078345 -0.003030953
0.003079945 -0.003383884
0.003081545 -0.004207392
0.003083145 -0.00444268
0.003084745 -0.004677968
0.003086345 -0.00444268
0.003087945 -0.004560324
0.003089545 -0.004677968
0.003091145 -0.004795612
0.003092745 -0.004677968
0.003094345 -0.00444268
0.003095945 -0.004913256
0.003097545 -0.004795612
0.003099145 -0.004677968
0.003100745 -0.004207392
0.003102345 -0.004325036
0.003103945 -0.00385446
0.003105545 -0.003383884
0.003107145 -0.003148597
0.003108745 -0.002678021
0.003110345 -0.002678021
0.003111945 -0.002207445
0.003113545 -0.001619225
0.003115145 -0.001383937
0.003116745 -0.001148649
0.003118345 -0.001148649
0.003119945 -0.0007957174
0.003121545 -0.0009133613
0.003123145 -0.0007957174
0.003124745 -0.0007957174
0.003126345 -0.0006780734
0.003127945 -0.0006780734
0.003129545 -0.0003251415
0.003131145 -8.985363e-005
0.003132745 0.0003807222
0.003134345 2.779033e-005
0.003135945 0.000851298
0.003137545 0.00120423
0.003139145 0.001910094
0.003140745 0.002145382
0.003142345 0.003086533
0.003143945 0.003439465
0.003145545 0.004262973
0.003147145 0.004733549
0.003148745 0.005557056
0.003150345 0.006027632
0.003151945 0.006615852
0.003153545 0.007086428
0.003155145 0.00685114
0.003156745 0.007204072
0.003158345 0.007086428
0.003159945 0.006615852
0.003161545 0.006733496
0.003163145 0.006380564
0.003164745 0.006027632
0.003166345 0.005909988
0.003167945 0.005557056
0.003169545 0.005557056
0.003171145 0.005439412
0.003172745 0.005204125
0.003174345 0.005792344
0.003175945 0.005792344
0.003177545 0.00626292
0.003179145 0.00626292
0.003180745 0.006498208
0.003182345 0.00685114
0.003183945 0.007321716
0.003185545 0.00743936
0.003187145 0.007792292
0.003188745 0.008380511
0.003190345 0.008498155
0.003191945 0.008968731
0.003193545 0.009321663
0.003195145 0.008968731
0.003196745 0.009439307
0.003198345 0.009439307
0.003199945 0.008851087
0.003201545 0.008733443
0.003203145 0.008615799
0.003204745 0.008145223
0.003206345 0.00802758
0.003207945 0.00743936
0.003209545 0.007557004
0.003211145 0.007321716
0.003212745 0.007086428
0.003214345 0.007086428
0.003215945 0.006733496
0.003217545 0.005792344
0.003219145 0.006027632
0.003220745 0.005321768
0.003222345 0.005086481
0.003223945 0.004498261
0.003225545 0.004262973
0.003227145 0.003674753
0.003228745 0.002968889
0.003230345 0.002380669
0.003231945 0.002027738
0.003233545 0.001439518
0.003235145 0.00120423
0.003236745 0.0003807222
0.003238345 -0.0002074976
0.003239945 -0.0009133613
0.003241545 -0.001266293
0.003243145 -0.001972157
0.003244745 -0.002560377
0.003246345 -0.003148597
0.003247945 -0.003619172
0.003249545 -0.004325036
0.003251145 -0.004677968
0.003252745 -0.005266188
0.003254345 -0.005854408
0.003255945 -0.006560271
0.003257545 -0.006795559
0.003259145 -0.007501423
0.003260745 -0.007030847
0.003262345 -0.007619067
0.003263945 -0.007266135
0.003265545 -0.007854355
0.003267145 -0.007501423
0.003268745 -0.007736711
0.003270345 -0.007266135
0.003271945 -0.007030847
0.003273545 -0.006442627
0.003275145 -0.006795559
0.003276745 -0.006795559
0.003278345 -0.006442627
0.003279945 -0.006795559
0.003281545 -0.006560271
0.003283145 -0.006560271
0.003284745 -0.007736711
0.003286345 -0.008089643
0.003287945 -0.008560219
0.003289545 -0.009383726
0.003291145 -0.009854302
0.003292745 -0.01020723
0.003294345 -0.01126603
0.003295945 -0.01138367
0.003297545 -0.01197189
0.003299145 -0.0127954
0.003300745 -0.01326598
0.003302345 -0.01373655
0.003303945 -0.01432477
0.003305545 -0.01514828
0.003307145 -0.01550121
0.003308745 -0.01585414
0.003310345 -0.01597179
0.003311945 -0.0167953
0.003313545 -0.01703058
0.003315145 -0.01726587
0.003316745 -0.01773645
0.003318345 -0.0176188
0.003319945 -0.0176188
0.003321545 -0.01773645
0.003323145 -0.01808938
0.003324745 -0.01820702
0.003326345 -0.01844231
0.003327945 -0.01844231
0.003329545 -0.01879524
0.003331145 -0.01855996
0.003332745 -0.01891289
0.003334345 -0.01891289
0.003335945 -0.01914817
0.003337545 -0.01914817
0.003339145 -0.01938346
0.003340745 -0.01973639
0.003342345 -0.01997168
0.003343945 -0.02044226
0.003345545 -0.02114812
0.003347145 -0.02138341
0.003348745 -0.02173634
0.003350345 -0.02255985
0.003351945 -0.02291278
0.003353545 -0.023501
0.003355145 -0.02420687
0.003356745 -0.02479508
0.003358345 -0.02503037
0.003359945 -0.02608917
0.003361545 -0.02655974
0.003363145 -0.02691268
0.003364745 -0.02714796
0.003366345 -0.02761854
0.003367945 -0.02797147
0.003369545 -0.02855969
0.003371145 -0.02855969
0.003372745 -0.02844205
0.003374345 -0.02903027
0.003375945 -0.02903027
0.003377545 -0.02914791
0.003379145 -0.02950084
0.003380745 -0.02973613
0.003382345 -0.02985378
0.003383945 -0.03055964
0.003385545 -0.03079493
0.003387145 -0.03103021
0.003388745 -0.03103021
0.003390345 -0.03138315
0.003391945 -0.03173608
0.003393545 -0.03208901
0.003395145 -0.03197137
0.003396745 -0.03244194
0.003398345 -0.03244194
0.003399945 -0.03267723
0.003401545 -0.03255959
0.003403145 -0.03267723
0.003404745 -0.03255959
0.003406345 -0.03267723
0.003407945 -0.03291252
0.003409545 -0.0323243
0.003411145 -0.03255959
0.003412745 -0.03244194
0.003414345 -0.03244194
0.003415945 -0.03185372
0.003417545 -0.03208901
0.003419145 -0.03208901
0.003420745 -0.03197137
0.003422345 -0.03220665
0.003423945 -0.03161843
0.003425545 -0.03185372
0.003427145 -0.03150079
0.003428745 -0.0312655
0.003430345 -0.03103021
0.003431945 -0.03103021
0.003433545 -0.03032435
0.003435145 -0.02985378
0.003436745 -0.03008906
0.003438345 -0.02961849
0.003439945 -0.02914791
0.003441545 -0.0293832
0.003443145 -0.02891262
0.003444745 -0.02891262
0.003446345 -0.02891262
0.003447945 -0.02903027
0.003449545 -0.02844205
0.003451145 -0.02891262
0.003452745 -0.02903027
0.003454345 -0.02926556
0.003455945 -0.02914791
0.003457545 -0.02950084
0.003459145 -0.0293832
0.003460745 -0.02997142
0.003462345 -0.03020671
0.003463945 -0.03044199
0.003465545 -0.0312655
0.003467145 -0.03091257
0.003468745 -0.0312655
0.003470345 -0.03114786
0.003471945 -0.0312655
0.003473545 -0.03103021
0.003475145 -0.03091257
0.003476745 -0.03079493
0.003478345 -0.03032435
0.003479945 -0.03067728
0.003481545 -0.03032435
0.003483145 -0.03044199
0.003484745 -0.03032435
0.003486345 -0.03032435
0.003487945 -0.03032435
0.003489545 -0.03079493
0.003491145 -0.03055964
0.003492745 -0.03044199
0.003494345 -0.03067728
0.003495945 -0.03079493
0.003497545 -0.03103021
0.003499145 -0.03079493
0.003500745 -0.03044199
0.003502345 -0.03091257
0.003503945 -0.03032435
0.003505545 -0.03079493
0.003507145 -0.03091257
0.003508745 -0.03079493
0.003510345 -0.03103021
0.003511945 -0.03067728
0.003513545 -0.03067728
0.003515145 -0.03067728
0.003516745 -0.03008906
0.003518345 -0.03044199
0.003519945 -0.02961849
0.003521545 -0.02950084
0.003523145 -0.02961849
0.003524745 -0.0293832
0.003526345 -0.02926556
0.003527945 -0.02914791
0.003529545 -0.02855969
0.003531145 -0.0283244
0.003532745 -0.02808912
0.003534345 -0.02797147
0.003535945 -0.02726561
0.003537545 -0.02691268
0.003539145 -0.02679503
0.003540745 -0.02667739
0.003542345 -0.02667739
0.003543945 -0.02667739
0.003545545 -0.02691268
0.003547145 -0.0275009
0.003548745 -0.02738325
0.003550345 -0.0275009
0.003551945 -0.02797147
0.003553545 -0.02808912
0.003555145 -0.0283244
0.003556745 -0.02879498
0.003558345 -0.02855969
0.003559945 -0.02855969
0.003561545 -0.02855969
0.003563145 -0.02855969
0.003564745 -0.0283244
0.003566345 -0.0283244
0.003567945 -0.0283244
0.003569545 -0.02808912
0.003571145 -0.02773618
0.003572745 -0.02703032
0.003574345 -0.02679503
0.003575945 -0.02667739
0.003577545 -0.02608917
0.003579145 -0.02561859
0.003580745 -0.02503037
0.003582345 -0.02479508
0.003583945 -0.02503037
0.003585545 -0.0245598
0.003587145 -0.02408922
0.003588745 -0.02408922
0.003590345 -0.02373629
0.003591945 -0.023501
0.003593545 -0.02326571
0.003595145 -0.02314807
0.003596745 -0.02291278
0.003598345 -0.02255985
0.003599945 -0.02220692
0.003601545 -0.02197163
0.003603145 -0.0216187
0.003604745 -0.02114812
0.003606345 -0.02091283
0.003607945 -0.02103048
0.003609545 -0.02008933
0.003611145 -0.02008933
0.003612745 -0.01961875
0.003614345 -0.01891289
0.003615945 -0.01797174
0.003617545 -0.01738352
0.003619145 -0.01632472
0.003620745 -0.01585414
0.003622345 -0.01503064
0.003623945 -0.01432477
0.003625545 -0.01361891
0.003627145 -0.01291305
0.003628745 -0.01220718
0.003630345 -0.01197189
0.003631945 -0.01114839
0.003633545 -0.01126603
0.003635145 -0.01079545
0.003636745 -0.01032488
0.003638345 -0.01056017
0.003639945 -0.01032488
0.003641545 -0.01008959
0.003643145 -0.01008959
0.003644745 -0.00950137
0.003646345 -0.00950137
0.003647945 -0.009266082
0.003649545 -0.01008959
0.003651145 -0.009266082
0.003652745 -0.009030794
0.003654345 -0.009030794
0.003655945 -0.008207287
0.003657545 -0.007736711
0.003659145 -0.007030847
0.003660745 -0.006207339
0.003662345 -0.004677968
0.003663945 -0.00444268
0.003665545 -0.003148597
0.003667145 -0.001972157
0.003668745 -0.001031005
0.003670345 0.0006160101
0.003671945 0.001321874
0.003673545 0.002733601
0.003675145 0.003910041
0.003676745 0.004968837
0.003678345 0.005557056
0.003679945 0.006733496
0.003681545 0.007557004
0.003683145 0.007792292
0.003684745 0.008733443
0.003686345 0.009086375
0.003687945 0.01002753
0.003689545 0.0104981
0.003691145 0.01085103
0.003692745 0.01143925
0.003694345 0.01167454
0.003695945 0.01226276
0.003697545 0.01238041
0.003699145 0.01332156
0.003700745 0.01355685
0.003702345 0.01414507
0.003703945 0.01461564
0.003705545 0.01543915
0.003707145 0.01567444
0.003708745 0.01661559
0.003710345 0.01708616
0.003711945 0.01779203
0.003713545 0.0182626
0.003715145 0.01896847
0.003716745 0.01896847
0.003718345 0.0193214
0.003719945 0.02002726
0.003721545 0.01979198
0.003723145 0.01990962
0.003724745 0.02026255
0.003726345 0.02026255
0.003727945 0.0203802
0.003729545 0.02049784
0.003731145 0.0203802
0.003732745 0.01967433
0.003734345 0.02002726
0.003735945 0.01979198
0.003737545 0.02002726
0.003739145 0.0193214
0.003740745 0.01920376
0.003742345 0.01908611
0.003743945 0.01920376
0.003745545 0.01920376
0.003747145 0.01885082
0.003748745 0.01861554
0.003750345 0.01885082
0.003751945 0.01861554
0.003753545 0.01885082
0.003755145 0.01861554
0.003756745 0.01849789
0.003758345 0.01838025
0.003759945 0.01849789
0.003761545 0.01849789
0.003763145 0.01849789
0.003764745 0.01849789
0.003766345 0.01838025
0.003767945 0.01814496
0.003769545 0.01790967
0.003771145 0.01802732
0.003772745 0.01767438
0.003774345 0.01732145
0.003775945 0.01661559
0.003777545 0.01626266
0.003779145 0.01602737
0.003780745 0.01555679
0.003782345 0.01473329
0.003783945 0.01426271
0.003785545 0.01390978
0.003787145 0.01379213
0.003788745 0.01308627
0.003790345 0.01261569
0.003791945 0.01296863
0.003793545 0.01226276
0.003795145 0.01179219
0.003796745 0.01132161
0.003798345 0.01120397
0.003799945 0.01085103
0.003801545 0.0104981
0.003803145 0.01061575
0.003804745 0.0104981
0.003806345 0.009909883
0.003807945 0.009909883
0.003809545 0.009556951
0.003811145 0.009086375
0.003812745 0.009439307
0.003814345 0.008968731
0.003815945 0.008733443
0.003817545 0.008851087
0.003819145 0.008262867
0.003820745 0.008262867
0.003822345 0.007557004
0.003823945 0.007792292
0.003825545 0.00743936
0.003827145 0.007674648
0.003828745 0.007204072
0.003830345 0.007086428
0.003831945 0.007086428
0.003833545 0.006615852
0.003835145 0.006380564
0.003836745 0.00626292
0.003838345 0.0056747
0.003839945 0.005439412
0.003841545 0.005086481
0.003843145 0.004851193
0.003844745 0.005204125
0.003846345 0.005086481
0.003847945 0.004615905
0.003849545 0.004968837
0.003851145 0.004851193
0.003852745 0.004733549
0.003854345 0.004615905
0.003855945 0.004380617
0.003857545 0.004851193
0.003859145 0.005204125
0.003860745 0.004380617
0.003862345 0.004968837
0.003863945 0.005204125
0.003865545 0.005204125
0.003867145 0.004968837
0.003868745 0.005557056
0.003870345 0.005204125
0.003871945 0.005204125
0.003873545 0.005792344
0.003875145 0.005792344
0.003876745 0.005792344
0.003878345 0.005909988
0.003879945 0.005792344
0.003881545 0.005909988
0.003883145 0.005909988
0.003884745 0.005909988
0.003886345 0.006027632
0.003887945 0.006027632
0.003889545 0.006145276
0.003891145 0.005909988
0.003892745 0.005792344
0.003894345 0.005792344
0.003895945 0.005204125
0.003897545 0.005204125
0.003899145 0.004851193
0.003900745 0.004733549
0.003902345 0.004145329
0.003903945 0.004380617
0.003905545 0.004145329
0.003907145 0.004380617
0.003908745 0.003910041
0.003910345 0.004145329
0.003911945 0.003792397
0.003913545 0.003792397
0.003915145 0.003321821
0.003916745 0.003321821
0.003918345 0.002851245
0.003919945 0.002851245
0.003921545 0.002145382
0.003923145 0.001910094
0.003924745 0.001321874
0.003926345 0.000968942
0.003927945 0.0006160101
0.003929545 0.0003807222
0.003931145 -0.0005604295
0.003932745 -0.001266293
0.003934345 -0.001736869
0.003935945 -0.001972157
0.003937545 -0.002795665
0.003939145 -0.002913309
0.003940745 -0.00385446
0.003942345 -0.004089748
0.003943945 -0.004325036
0.003945545 -0.005148544
0.003947145 -0.0050309
0.003948745 -0.005148544
0.003950345 -0.00561912
0.003951945 -0.005736764
0.003953545 -0.005501476
0.003955145 -0.005736764
0.003956745 -0.005854408
0.003958345 -0.005854408
0.003959945 -0.005972052
0.003961545 -0.005736764
0.003963145 -0.005736764
0.003964745 -0.00561912
0.003966345 -0.005736764
0.003967945 -0.005736764
0.003969545 -0.005972052
0.003971145 -0.006324983
0.003972745 -0.006795559
0.003974345 -0.007030847
0.003975945 -0.007501423
0.003977545 -0.007971999
0.003979145 -0.009030794
0.003980745 -0.009030794
0.003982345 -0.009854302
0.003983945 -0.01008959
0.003985545 -0.01079545
0.003987145 -0.01079545
0.003988745 -0.01138367
0.003990345 -0.01173661
0.003991945 -0.01173661
0.003993545 -0.01197189
0.003995145 -0.01232483
0.003996745 -0.01256011
0.003998345 -0.01267776
0.003999945 -0.01244247
0.004001545 -0.01256011
0.004003145 -0.01244247
0.004004745 -0.01244247
0.004006345 -0.01220718
0.004007945 -0.01267776
0.004009545 -0.01244247
0.004011145 -0.01232483
0.004012745 -0.01256011
0.004014345 -0.01267776
0.004015945 -0.01256011
0.004017545 -0.01232483
0.004019145 -0.0127954
0.004020745 -0.01314833
0.004022345 -0.01350126
0.004023945 -0.0138542
0.004025545 -0.01432477
0.004027145 -0.01491299
0.004028745 -0.01526592
0.004030345 -0.01608943
0.004031945 -0.01608943
0.004033545 -0.01667765
0.004035145 -0.0167953
0.004036745 -0.01726587
0.004038345 -0.01714823
0.004039945 -0.01750116
0.004041545 -0.01750116
0.004043145 -0.0176188
0.004044745 -0.01785409
0.004046345 -0.01726587
0.004047945 -0.0167953
0.004049545 -0.01691294
0.004051145 -0.01667765
0.004052745 -0.0167953
0.004054345 -0.0167953
0.004055945 -0.01667765
0.004057545 -0.0167953
0.004059145 -0.01691294
0.004060745 -0.01691294
0.004062345 -0.01703058
0.004063945 -0.01726587
0.004065545 -0.01773645
0.004067145 -0.01797174
0.004068745 -0.01797174
0.004070345 -0.01844231
0.004071945 -0.01879524
0.004073545 -0.01891289
0.004075145 -0.01926582
0.004076745 -0.01903053
0.004078345 -0.01891289
0.004079945 -0.01914817
0.004081545 -0.01914817
0.004083145 -0.01903053
0.004084745 -0.01914817
0.004086345 -0.01914817
0.004087945 -0.01832467
0.004089545 -0.01785409
0.004091145 -0.01773645
0.004092745 -0.0176188
0.004094345 -0.01714823
0.004095945 -0.01691294
0.004097545 -0.01620708
0.004099145 -0.01608943
0.004100745 -0.01585414
0.004102345 -0.01585414
0.004103945 -0.01550121
0.004105545 -0.01561886
0.004107145 -0.01538357
0.004108745 -0.01538357
0.004110345 -0.01514828
0.004111945 -0.0146777
0.004113545 -0.01491299
0.004115145 -0.0146777
0.004116745 -0.01479535
0.004118345 -0.01456006
0.004119945 -0.01456006
0.004121545 -0.01432477
0.004123145 -0.01420713
0.004124745 -0.01397184
0.004126345 -0.0138542
0.004127945 -0.0138542
0.004129545 -0.01350126
0.004131145 -0.01314833
0.004132745 -0.0127954
0.004134345 -0.01256011
0.004135945 -0.01185425
0.004137545 -0.01161896
0.004139145 -0.01150132
0.004140745 -0.01067781
0.004142345 -0.01044252
0.004143945 -0.01044252
0.004145545 -0.01008959
0.004147145 -0.009619014
0.004148745 -0.009854302
0.004150345 -0.009266082
0.004151945 -0.009148438
0.004153545 -0.009148438
0.004155145 -0.009030794
0.004156745 -0.009148438
0.004158345 -0.008913151
0.004159945 -0.009148438
0.004161545 -0.009148438
0.004163145 -0.00950137
0.004164745 -0.01008959
0.004166345 -0.009619014
0.004167945 -0.01044252
0.004169545 -0.01008959
0.004171145 -0.01056017
0.004172745 -0.009854302
0.004174345 -0.009854302
0.004175945 -0.009148438
0.004177545 -0.009266082
0.004179145 -0.008560219
0.004180745 -0.008207287
0.004182345 -0.007736711
0.004183945 -0.007030847
0.004185545 -0.006324983
0.004187145 -0.00561912
0.004188745 -0.004913256
0.004190345 -0.004325036
0.004191945 -0.003501528
0.004193545 -0.002560377
0.004195145 -0.001854513
0.004196745 -0.001266293
0.004198345 -0.0005604295
0.004199945 0.0001454343
0.004201545 0.0007336541
