LECROYWS4024HD 19320 Waveform
Segments 1 SegmentSize 3127
Segment TrigTime TimeSinceSegment1
#1 23-Jun-2024 21:56:23 0                 
Time Ampl
-0.0008006258 0.000851298
-0.0007990258 0.001321874
-0.0007974258 0.000968942
-0.0007958258 0.000968942
-0.0007942258 0.0006160101
-0.0007926258 0.001086586
-0.0007910258 0.000851298
-0.0007894258 0.001321874
-0.0007878258 0.00120423
-0.0007862258 0.0006160101
-0.0007846258 0.000851298
-0.0007830258 0.000851298
-0.0007814258 0.0007336541
-0.0007798258 0.000968942
-0.0007782258 0.0007336541
-0.0007766258 0.00120423
-0.0007750258 0.0007336541
-0.0007734258 0.000851298
-0.0007718258 0.0006160101
-0.0007702258 0.000851298
-0.0007686258 0.0007336541
-0.0007670258 0.000851298
-0.0007654258 0.0006160101
-0.0007638258 0.000968942
-0.0007622258 0.000968942
-0.0007606258 0.000968942
-0.0007590258 0.0006160101
-0.0007574258 0.000851298
-0.0007558258 0.0004983662
-0.0007542258 0.000968942
-0.0007526258 0.0007336541
-0.0007510258 0.001086586
-0.0007494258 0.000968942
-0.0007478258 0.001086586
-0.0007462258 0.001086586
-0.0007446258 0.0006160101
-0.0007430258 0.000968942
-0.0007414258 0.001086586
-0.0007398258 0.000968942
-0.0007382258 0.00120423
-0.0007366258 0.001321874
-0.0007350258 0.000968942
-0.0007334258 0.0007336541
-0.0007318258 0.001321874
-0.0007302258 0.000851298
-0.0007286258 0.001086586
-0.0007270258 0.0006160101
-0.0007254258 0.001086586
-0.0007238258 0.0006160101
-0.0007222258 0.001086586
-0.0007206258 0.0007336541
-0.0007190258 0.0007336541
-0.0007174258 0.0004983662
-0.0007158258 0.000968942
-0.0007142258 0.000851298
-0.0007126258 0.000851298
-0.0007110258 0.0007336541
-0.0007094258 0.001321874
-0.0007078258 0.001086586
-0.0007062258 0.000968942
-0.0007046258 0.0004983662
-0.0007030258 0.000851298
-0.0007014258 0.000968942
-0.0006998258 0.000851298
-0.0006982258 0.000968942
-0.0006966258 0.000851298
-0.0006950258 0.000851298
-0.0006934258 0.000851298
-0.0006918258 0.000851298
-0.0006902258 0.001086586
-0.0006886258 0.0007336541
-0.0006870258 0.001439518
-0.0006854258 0.001086586
-0.0006838258 0.000968942
-0.0006822258 0.0004983662
-0.0006806258 0.000968942
-0.0006790258 0.000968942
-0.0006774258 0.00120423
-0.0006758258 0.000851298
-0.0006742258 0.000968942
-0.0006726258 0.000851298
-0.0006710258 0.000851298
-0.0006694258 0.0007336541
-0.0006678258 0.000968942
-0.0006662258 0.0007336541
-0.0006646258 0.001086586
-0.0006630258 0.0007336541
-0.0006614258 0.000968942
-0.0006598258 0.001086586
-0.0006582258 0.001086586
-0.0006566258 0.000851298
-0.0006550258 0.0004983662
-0.0006534258 0.0004983662
-0.0006518258 0.000968942
-0.0006502258 0.000968942
-0.0006486258 0.001086586
-0.0006470258 0.000851298
-0.0006454258 0.001086586
-0.0006438258 0.0004983662
-0.0006422258 0.001086586
-0.0006406258 0.000851298
-0.0006390258 0.000968942
-0.0006374258 0.000851298
-0.0006358258 0.000968942
-0.0006342258 0.000968942
-0.0006326258 0.001086586
-0.0006310258 0.0004983662
-0.0006294258 0.0007336541
-0.0006278258 0.0004983662
-0.0006262258 0.000968942
-0.0006246258 0.0007336541
-0.0006230258 0.001086586
-0.0006214258 0.0007336541
-0.0006198258 0.000968942
-0.0006182258 0.001086586
-0.0006166258 0.001086586
-0.0006150258 0.000968942
-0.0006134258 0.0007336541
-0.0006118258 0.0006160101
-0.0006102258 0.0007336541
-0.0006086258 0.0007336541
-0.0006070258 0.000968942
-0.0006054258 0.0006160101
-0.0006038258 0.000968942
-0.0006022258 0.0006160101
-0.0006006258 0.000968942
-0.0005990258 0.000851298
-0.0005974258 0.0007336541
-0.0005958258 0.0004983662
-0.0005942258 0.0006160101
-0.0005926258 0.0007336541
-0.0005910258 0.000968942
-0.0005894258 0.0007336541
-0.0005878258 0.001086586
-0.0005862258 0.0004983662
-0.0005846258 0.0004983662
-0.0005830258 0.0006160101
-0.0005814258 0.0007336541
-0.0005798258 0.0007336541
-0.0005782258 0.001086586
-0.0005766258 0.0006160101
-0.0005750258 0.000851298
-0.0005734258 0.000851298
-0.0005718258 0.0007336541
-0.0005702258 0.0004983662
-0.0005686258 0.000851298
-0.0005670258 0.0007336541
-0.0005654258 0.000851298
-0.0005638258 0.000851298
-0.0005622258 0.0006160101
-0.0005606258 0.0006160101
-0.0005590258 0.000851298
-0.0005574258 0.0007336541
-0.0005558258 0.000968942
-0.0005542258 0.0007336541
-0.0005526258 0.000968942
-0.0005510258 0.000851298
-0.0005494258 0.000851298
-0.0005478258 0.0007336541
-0.0005462258 0.001086586
-0.0005446258 0.000968942
-0.0005430258 0.000851298
-0.0005414258 0.0007336541
-0.0005398258 0.000968942
-0.0005382258 0.001086586
-0.0005366258 0.0007336541
-0.0005350258 0.000851298
-0.0005334258 0.001086586
-0.0005318258 0.000851298
-0.0005302258 0.001086586
-0.0005286258 0.000968942
-0.0005270258 0.001086586
-0.0005254258 0.0007336541
-0.0005238258 0.0007336541
-0.0005222258 0.0007336541
-0.0005206258 0.000851298
-0.0005190258 0.0007336541
-0.0005174258 0.001086586
-0.0005158258 0.000851298
-0.0005142258 0.0007336541
-0.0005126258 0.0006160101
-0.0005110258 0.000851298
-0.0005094258 0.0007336541
-0.0005078258 0.0007336541
-0.0005062258 0.000851298
-0.0005046258 0.00120423
-0.0005030258 0.0006160101
-0.0005014258 0.000968942
-0.0004998258 0.000851298
-0.0004982258 0.001086586
-0.0004966258 0.0007336541
-0.0004950258 0.001086586
-0.0004934258 0.000851298
-0.0004918258 0.000968942
-0.0004902258 0.000851298
-0.0004886258 0.000968942
-0.0004870258 0.000968942
-0.0004854258 0.0007336541
-0.0004838258 0.00120423
-0.0004822258 0.001086586
-0.0004806258 0.000851298
-0.0004790258 0.000851298
-0.0004774258 0.001086586
-0.0004758258 0.001086586
-0.0004742258 0.000851298
-0.0004726258 0.001321874
-0.0004710258 0.0007336541
-0.0004694258 0.000968942
-0.0004678258 0.001086586
-0.0004662258 0.001086586
-0.0004646258 0.001086586
-0.0004630258 0.001086586
-0.0004614258 0.0004983662
-0.0004598258 0.000851298
-0.0004582258 0.000851298
-0.0004566258 0.0006160101
-0.0004550258 0.0007336541
-0.0004534258 0.000851298
-0.0004518258 0.0007336541
-0.0004502258 0.000968942
-0.0004486258 0.000851298
-0.0004470258 0.001086586
-0.0004454258 0.0007336541
-0.0004438258 0.000968942
-0.0004422258 0.000851298
-0.0004406258 0.0007336541
-0.0004390258 0.0004983662
-0.0004374258 0.000968942
-0.0004358258 0.000968942
-0.0004342258 0.001086586
-0.0004326258 0.000851298
-0.0004310258 0.000851298
-0.0004294258 0.000851298
-0.0004278258 0.000968942
-0.0004262258 0.000851298
-0.0004246258 0.001321874
-0.0004230258 0.0006160101
-0.0004214258 0.001086586
-0.0004198258 0.0004983662
-0.0004182258 0.001086586
-0.0004166258 0.000968942
-0.0004150258 0.000968942
-0.0004134258 0.0007336541
-0.0004118258 0.000968942
-0.0004102258 0.000851298
-0.0004086258 0.00120423
-0.0004070258 0.000968942
-0.0004054258 0.001321874
-0.0004038258 0.000851298
-0.0004022258 0.00120423
-0.0004006258 0.0007336541
-0.0003990258 0.000851298
-0.0003974258 0.00120423
-0.0003958258 0.001086586
-0.0003942258 0.000968942
-0.0003926258 0.001321874
-0.0003910258 0.0006160101
-0.0003894258 0.001086586
-0.0003878258 0.0004983662
-0.0003862258 0.000851298
-0.0003846258 0.000968942
-0.0003830258 0.001086586
-0.0003814258 0.000851298
-0.0003798258 0.000851298
-0.0003782258 0.001086586
-0.0003766258 0.000851298
-0.0003750258 0.0007336541
-0.0003734258 0.001321874
-0.0003718258 0.0007336541
-0.0003702258 0.0007336541
-0.0003686258 0.0007336541
-0.0003670258 0.001439518
-0.0003654258 0.0007336541
-0.0003638258 0.001321874
-0.0003622258 0.0007336541
-0.0003606258 0.000968942
-0.0003590258 0.0007336541
-0.0003574258 0.000968942
-0.0003558258 0.0007336541
-0.0003542258 0.000968942
-0.0003526258 0.000851298
-0.0003510258 0.000851298
-0.0003494258 0.000851298
-0.0003478258 0.000968942
-0.0003462258 0.0007336541
-0.0003446258 0.001086586
-0.0003430258 0.001086586
-0.0003414258 0.001086586
-0.0003398258 0.0007336541
-0.0003382258 0.00120423
-0.0003366258 0.000851298
-0.0003350258 0.000968942
-0.0003334258 0.000851298
-0.0003318258 0.001086586
-0.0003302258 0.0007336541
-0.0003286258 0.001086586
-0.0003270258 0.0006160101
-0.0003254258 0.001439518
-0.0003238258 0.00120423
-0.0003222258 0.001321874
-0.0003206258 0.001086586
-0.0003190258 0.00120423
-0.0003174258 0.001086586
-0.0003158258 0.001321874
-0.0003142258 0.001674806
-0.0003126258 0.002733601
-0.0003110258 0.002498313
-0.0003094258 0.002851245
-0.0003078258 0.001321874
-0.0003062258 0.001086586
-0.0003046258 0.001439518
-0.0003030258 0.004027685
-0.0003014258 0.004733549
-0.0002998258 0.002263026
-0.0002982258 -0.007854355
-0.0002966258 -0.02550095
-0.0002950258 -0.04867681
-0.0002934258 -0.07197031
-0.0002918258 -0.09008748
-0.0002902258 -0.1037342
-0.0002886258 -0.1193808
-0.0002870258 -0.1356157
-0.0002854258 -0.1492624
-0.0002838258 -0.163262
-0.0002822258 -0.1772617
-0.0002806258 -0.1900848
-0.0002790258 -0.1994964
-0.0002774258 -0.2070256
-0.0002758258 -0.2099667
-0.0002742258 -0.204908
-0.0002726258 -0.1949082
-0.0002710258 -0.1783205
-0.0002694258 -0.156321
-0.0002678258 -0.1337334
-0.0002662258 -0.1176162
-0.0002646258 -0.1094987
-0.0002630258 -0.1050283
-0.0002614258 -0.1065576
-0.0002598258 -0.1130281
-0.0002582258 -0.1198514
-0.0002566258 -0.1257336
-0.0002550258 -0.1324393
-0.0002534258 -0.1400862
-0.0002518258 -0.1483212
-0.0002502258 -0.1553799
-0.0002486258 -0.1593798
-0.0002470258 -0.1602033
-0.0002454258 -0.1598503
-0.0002438258 -0.1589092
-0.0002422258 -0.1571445
-0.0002406258 -0.1532623
-0.0002390258 -0.1487918
-0.0002374258 -0.1453801
-0.0002358258 -0.1405567
-0.0002342258 -0.1331452
-0.0002326258 -0.1260865
-0.0002310258 -0.119969
-0.0002294258 -0.1147927
-0.0002278258 -0.1122045
-0.0002262258 -0.1136163
-0.0002246258 -0.1214984
-0.0002230258 -0.1336157
-0.0002214258 -0.1472624
-0.0002198258 -0.1590268
-0.0002182258 -0.1684384
-0.0002166258 -0.1750264
-0.0002150258 -0.1800851
-0.0002134258 -0.1827909
-0.0002118258 -0.1834968
-0.0002102258 -0.1832615
-0.0002086258 -0.1809086
-0.0002070258 -0.1749088
-0.0002054258 -0.1640855
-0.0002038258 -0.1502035
-0.0002022258 -0.1333805
-0.0002006258 -0.1131457
-0.0001990258 -0.09091099
-0.0001974258 -0.06961743
-0.0001958258 -0.05197084
-0.0001942258 -0.03867707
-0.0001926258 -0.03067728
-0.0001910258 -0.02550095
-0.0001894258 -0.02314807
-0.0001878258 -0.0216187
-0.0001862258 -0.02150105
-0.0001846258 -0.02420687
-0.0001830258 -0.02926556
-0.0001814258 -0.03561833
-0.0001798258 -0.04291225
-0.0001782258 -0.04867681
-0.0001766258 -0.05244142
-0.0001750258 -0.05597073
-0.0001734258 -0.06126471
-0.0001718258 -0.06773513
-0.0001702258 -0.07361733
-0.0001686258 -0.07620549
-0.0001670258 -0.07585256
-0.0001654258 -0.07197031
-0.0001638258 -0.0673822
-0.0001622258 -0.06244115
-0.0001606258 -0.05550016
-0.0001590258 -0.0478533
-0.0001574258 -0.04055938
-0.0001558258 -0.0323243
-0.0001542258 -0.02373629
-0.0001526258 -0.01726587
-0.0001510258 -0.01232483
-0.0001494258 -0.007854355
-0.0001478258 -0.0050309
-0.0001462258 -0.003972104
-0.0001446258 -0.005266188
-0.0001430258 -0.007501423
-0.0001414258 -0.01044252
-0.0001398258 -0.01361891
-0.0001382258 -0.01691294
-0.0001366258 -0.02173634
-0.0001350258 -0.0264421
-0.0001334258 -0.03103021
-0.0001318258 -0.03503011
-0.0001302258 -0.03867707
-0.0001286258 -0.04185346
-0.0001270258 -0.04373576
-0.0001254258 -0.04420634
-0.0001238258 -0.0449122
-0.0001222258 -0.04467691
-0.0001206258 -0.04538278
-0.0001190258 -0.04550042
-0.0001174258 -0.04550042
-0.0001158258 -0.04538278
-0.0001142258 -0.04432398
-0.0001126258 -0.04138288
-0.0001110258 -0.03808885
-0.0001094258 -0.03467718
-0.0001078258 -0.03103021
-0.0001062258 -0.02867734
-0.0001046258 -0.02691268
-0.0001030258 -0.02761854
-0.0001014258 -0.03103021
-9.98258e-005 -0.03632419
-9.82258e-005 -0.04432398
-9.66258e-005 -0.05291199
-9.50258e-005 -0.06055885
-9.34258e-005 -0.06691162
-9.18258e-005 -0.06997037
-9.02258e-005 -0.07149974
-8.86258e-005 -0.07126445
-8.70258e-005 -0.07008801
-8.54258e-005 -0.06785277
-8.38258e-005 -0.06549989
-8.22258e-005 -0.06302937
-8.06258e-005 -0.06067649
-7.90258e-005 -0.0566766
-7.74258e-005 -0.05220613
-7.58258e-005 -0.04691215
-7.42258e-005 -0.04091231
-7.26258e-005 -0.03503011
-7.10258e-005 -0.02879498
-6.94258e-005 -0.0245598
-6.78258e-005 -0.02150105
-6.62258e-005 -0.01914817
-6.46258e-005 -0.01820702
-6.30258e-005 -0.01797174
-6.14258e-005 -0.01914817
-5.98258e-005 -0.0216187
-5.82258e-005 -0.02597152
-5.66258e-005 -0.03067728
-5.50258e-005 -0.03491247
-5.34258e-005 -0.03973587
-5.18258e-005 -0.04420634
-5.02258e-005 -0.04820623
-4.86258e-005 -0.0526767
-4.70258e-005 -0.05644131
-4.54258e-005 -0.05985298
-4.38258e-005 -0.06220586
-4.22258e-005 -0.06314702
-4.06258e-005 -0.06279408
-3.90258e-005 -0.06114707
-3.74258e-005 -0.05761775
-3.58258e-005 -0.05244142
-3.42258e-005 -0.04608864
-3.26258e-005 -0.03903
-3.10258e-005 -0.03114786
-2.94258e-005 -0.02432451
-2.78258e-005 -0.01785409
-2.62258e-005 -0.01256011
-2.46258e-005 -0.009148438
-2.30258e-005 -0.006913203
-2.14258e-005 -0.006324983
-1.98258e-005 -0.007030847
-1.82258e-005 -0.007501423
-1.66258e-005 -0.007854355
-1.50258e-005 -0.008324931
-1.34258e-005 -0.008560219
-1.18258e-005 -0.008324931
-1.02258e-005 -0.00950137
-8.6258e-006 -0.009619014
-7.0258e-006 -0.008677863
-5.4258e-006 -0.007383779
-3.8258e-006 -0.006089696
-2.2258e-006 -0.004089748
-6.258e-007 -0.003266241
9.742e-007 -0.001619225
2.5742e-006 -0.001031005
4.1742e-006 -0.001148649
5.7742e-006 -0.001972157
7.3742e-006 -0.003736816
8.9742e-006 -0.005148544
1.05742e-005 -0.006089696
1.21742e-005 -0.006324983
1.37742e-005 -0.005501476
1.53742e-005 -0.004325036
1.69742e-005 -0.002678021
1.85742e-005 -0.0007957174
2.01742e-005 0.00120423
2.17742e-005 0.001557162
2.33742e-005 0.00179245
2.49742e-005 0.0003807222
2.65742e-005 -0.001854513
2.81742e-005 -0.00444268
2.97742e-005 -0.006442627
3.13742e-005 -0.008207287
3.29742e-005 -0.008442575
3.45742e-005 -0.009148438
3.61742e-005 -0.009971946
3.77742e-005 -0.0109131
3.93742e-005 -0.01291305
4.09742e-005 -0.01491299
4.25742e-005 -0.01785409
4.41742e-005 -0.0205599
4.57742e-005 -0.02279514
4.73742e-005 -0.02361865
4.89742e-005 -0.02373629
5.05742e-005 -0.02220692
5.21742e-005 -0.02020697
5.37742e-005 -0.01797174
5.53742e-005 -0.01538357
5.69742e-005 -0.01267776
5.85742e-005 -0.01079545
6.01742e-005 -0.01056017
6.17742e-005 -0.01020723
6.33742e-005 -0.009854302
6.49742e-005 -0.009383726
6.65742e-005 -0.008442575
6.81742e-005 -0.009030794
6.97742e-005 -0.008795507
7.13742e-005 -0.009148438
7.29742e-005 -0.009854302
7.45742e-005 -0.009854302
7.61742e-005 -0.01079545
7.77742e-005 -0.01103074
7.93742e-005 -0.01103074
8.09742e-005 -0.01067781
8.25742e-005 -0.009619014
8.41742e-005 -0.007854355
8.57742e-005 -0.005383832
8.73742e-005 -0.003148597
8.89742e-005 -0.0007957174
9.05742e-005 0.002027738
9.21742e-005 0.004380617
9.37742e-005 0.006027632
9.53742e-005 0.006733496
9.69742e-005 0.007204072
9.85742e-005 0.007204072
0.0001001742 0.007674648
0.0001017742 0.008615799
0.0001033742 0.01038046
0.0001049742 0.01226276
0.0001065742 0.01367449
0.0001081742 0.01649794
0.0001097742 0.01802732
0.0001113742 0.02049784
0.0001129742 0.02238014
0.0001145742 0.02343894
0.0001161742 0.02508595
0.0001177742 0.02720354
0.0001193742 0.02955642
0.0001209742 0.03237988
0.0001225742 0.03532098
0.0001241742 0.03720328
0.0001257742 0.03908558
0.0001273742 0.04061496
0.0001289742 0.04214433
0.0001305742 0.0436737
0.0001321742 0.04496778
0.0001337742 0.04673244
0.0001353742 0.04908532
0.0001369742 0.0514382
0.0001385742 0.05496752
0.0001401742 0.05943799
0.0001417742 0.06390846
0.0001433742 0.06814364
0.0001449742 0.07296704
0.0001465742 0.07720223
0.0001481742 0.08190799
0.0001497742 0.08590788
0.0001513742 0.09014306
0.0001529742 0.09414296
0.0001545742 0.09814285
0.0001561742 0.1019075
0.0001577742 0.106025
0.0001593742 0.1101425
0.0001609742 0.1141424
0.0001625742 0.1180247
0.0001641742 0.1216716
0.0001657742 0.1242598
0.0001673742 0.126848
0.0001689742 0.1290832
0.0001705742 0.1308479
0.0001721742 0.1315537
0.0001737742 0.1322596
0.0001753742 0.1322596
0.0001769742 0.1319067
0.0001785742 0.1310832
0.0001801742 0.1308479
0.0001817742 0.130142
0.0001833742 0.1294361
0.0001849742 0.1282597
0.0001865742 0.1272009
0.0001881742 0.1263774
0.0001897742 0.1261421
0.0001913742 0.126495
0.0001929742 0.1267303
0.0001945742 0.126848
0.0001961742 0.1270833
0.0001977742 0.1257892
0.0001993742 0.124848
0.0002009742 0.1217893
0.0002025742 0.1189658
0.0002041742 0.1155542
0.0002057742 0.1117896
0.0002073742 0.1075544
0.0002089742 0.1036721
0.0002105742 0.09967222
0.0002121742 0.09602526
0.0002137742 0.09190772
0.0002153742 0.08767254
0.0002169742 0.08320207
0.0002185742 0.07896689
0.0002201742 0.07449642
0.0002217742 0.07014359
0.0002233742 0.06626134
0.0002249742 0.06249673
0.0002265742 0.05849684
0.0002281742 0.05461459
0.0002297742 0.05108527
0.0002313742 0.04814417
0.0002329742 0.04461485
0.0002345742 0.04167375
0.0002361742 0.03837972
0.0002377742 0.03496805
0.0002393742 0.03179166
0.0002409742 0.02885056
0.0002425742 0.02555653
0.0002441742 0.02343894
0.0002457742 0.02073313
0.0002473742 0.01885082
0.0002489742 0.0163803
0.0002505742 0.01438035
0.0002521742 0.01285098
0.0002537742 0.01132161
0.0002553742 0.009909883
0.0002569742 0.008380511
0.0002585742 0.006733496
0.0002601742 0.0056747
0.0002617742 0.004498261
0.0002633742 0.003674753
0.0002649742 0.002498313
0.0002665742 0.00120423
0.0002681742 -0.0009133613
0.0002697742 -0.002913309
0.0002713742 -0.004913256
0.0002729742 -0.006207339
0.0002745742 -0.007736711
0.0002761742 -0.008795507
0.0002777742 -0.008913151
0.0002793742 -0.009854302
0.0002809742 -0.009971946
0.0002825742 -0.009383726
0.0002841742 -0.008913151
0.0002857742 -0.007971999
0.0002873742 -0.007383779
0.0002889742 -0.006677915
0.0002905742 -0.006089696
0.0002921742 -0.005383832
0.0002937742 -0.0050309
0.0002953742 -0.004089748
0.0002969742 -0.002913309
0.0002985742 -0.001972157
0.0003001742 -0.001266293
0.0003017742 0.0001454343
0.0003033742 0.0006160101
0.0003049742 0.00120423
0.0003065742 0.001321874
0.0003081742 0.001439518
0.0003097742 0.0003807222
0.0003113742 0.0001454343
0.0003129742 -0.0006780734
0.0003145742 -0.0006780734
0.0003161742 2.779033e-005
0.0003177742 0.001439518
0.0003193742 0.002733601
0.0003209742 0.004145329
0.0003225742 0.005909988
0.0003241742 0.00685114
0.0003257742 0.007792292
0.0003273742 0.009204019
0.0003289742 0.009792239
0.0003305742 0.01061575
0.0003321742 0.01214512
0.0003337742 0.0134392
0.0003353742 0.01590972
0.0003369742 0.01814496
0.0003385742 0.02061548
0.0003401742 0.02367423
0.0003417742 0.02567417
0.0003433742 0.02861527
0.0003449742 0.03061522
0.0003465742 0.03249752
0.0003481742 0.03367396
0.0003497742 0.03496805
0.0003513742 0.03614449
0.0003529742 0.03720328
0.0003545742 0.0377915
0.0003561742 0.03873265
0.0003577742 0.03920323
0.0003593742 0.03920323
0.0003609742 0.0396738
0.0003625742 0.03990909
0.0003641742 0.04037967
0.0003657742 0.04132082
0.0003673742 0.04237962
0.0003689742 0.04379134
0.0003705742 0.045556
0.0003721742 0.04743831
0.0003737742 0.04920297
0.0003753742 0.05061469
0.0003769742 0.05214406
0.0003785742 0.05308522
0.0003801742 0.05343815
0.0003817742 0.05390872
0.0003833742 0.05320286
0.0003849742 0.05284993
0.0003865742 0.0514382
0.0003881742 0.05108527
0.0003897742 0.05026176
0.0003913742 0.05026176
0.0003929742 0.04967354
0.0003945742 0.0495559
0.0003961742 0.04920297
0.0003977742 0.04861475
0.0003993742 0.04826181
0.0004009742 0.04767359
0.0004025742 0.04696773
0.0004041742 0.04637951
0.0004057742 0.04579129
0.0004073742 0.04567365
0.0004089742 0.04579129
0.0004105742 0.04649715
0.0004121742 0.04720302
0.0004137742 0.04790888
0.0004153742 0.0484971
0.0004169742 0.04932061
0.0004185742 0.04967354
0.0004201742 0.04979118
0.0004217742 0.04932061
0.0004233742 0.0484971
0.0004249742 0.04720302
0.0004265742 0.04590893
0.0004281742 0.04437956
0.0004297742 0.04355605
0.0004313742 0.04214433
0.0004329742 0.04120318
0.0004345742 0.03990909
0.0004361742 0.03849736
0.0004377742 0.03743857
0.0004393742 0.03685035
0.0004409742 0.03649742
0.0004425742 0.03602684
0.0004441742 0.03532098
0.0004457742 0.03520333
0.0004473742 0.03449747
0.0004489742 0.03390925
0.0004505742 0.03343867
0.0004521742 0.03237988
0.0004537742 0.03096815
0.0004553742 0.02920349
0.0004569742 0.02732119
0.0004585742 0.02567417
0.0004601742 0.02402716
0.0004617742 0.02296836
0.0004633742 0.02155663
0.0004649742 0.02108606
0.0004665742 0.0203802
0.0004681742 0.01967433
0.0004697742 0.01885082
0.0004713742 0.01755674
0.0004729742 0.0163803
0.0004745742 0.01520386
0.0004761742 0.01379213
0.0004777742 0.01214512
0.0004793742 0.01061575
0.0004809742 0.009086375
0.0004825742 0.007674648
0.0004841742 0.00685114
0.0004857742 0.005204125
0.0004873742 0.004615905
0.0004889742 0.004027685
0.0004905742 0.004145329
0.0004921742 0.004498261
0.0004937742 0.005792344
0.0004953742 0.00743936
0.0004969742 0.01002753
0.0004985742 0.01308627
0.0005001742 0.01673323
0.0005017742 0.02049784
0.0005033742 0.02508595
0.0005049742 0.02908585
0.0005065742 0.03332103
0.0005081742 0.03649742
0.0005097742 0.03920323
0.0005113742 0.04120318
0.0005129742 0.04320312
0.0005145742 0.04343841
0.0005161742 0.04379134
0.0005177742 0.04320312
0.0005193742 0.04285019
0.0005209742 0.04285019
0.0005225742 0.04296784
0.0005241742 0.04249726
0.0005257742 0.04237962
0.0005273742 0.0417914
0.0005289742 0.04167375
0.0005305742 0.04155611
0.0005321742 0.04167375
0.0005337742 0.04202668
0.0005353742 0.0426149
0.0005369742 0.04332077
0.0005385742 0.04461485
0.0005401742 0.04649715
0.0005417742 0.04861475
0.0005433742 0.0514382
0.0005449742 0.05426166
0.0005465742 0.05767333
0.0005481742 0.06132029
0.0005497742 0.06473197
0.0005513742 0.068026
0.0005529742 0.0709671
0.0005545742 0.07414348
0.0005561742 0.07626108
0.0005577742 0.07849631
0.0005593742 0.07979039
0.0005609742 0.08096683
0.0005625742 0.08237856
0.0005641742 0.083555
0.0005657742 0.08414322
0.0005673742 0.08496673
0.0005689742 0.08555495
0.0005705742 0.08602552
0.0005721742 0.08602552
0.0005737742 0.08590788
0.0005753742 0.08449615
0.0005769742 0.08367264
0.0005785742 0.08120212
0.0005801742 0.07884924
0.0005817742 0.07602579
0.0005833742 0.07331998
0.0005849742 0.07014359
0.0005865742 0.0669672
0.0005881742 0.06473197
0.0005897742 0.06261438
0.0005913742 0.06073207
0.0005929742 0.05884977
0.0005945742 0.05814391
0.0005961742 0.05708511
0.0005977742 0.05684982
0.0005993742 0.05590867
0.0006009742 0.05567338
0.0006025742 0.05614396
0.0006041742 0.05614396
0.0006057742 0.05673218
0.0006073742 0.05673218
0.0006089742 0.05743804
0.0006105742 0.05720275
0.0006121742 0.05720275
0.0006137742 0.05673218
0.0006153742 0.05590867
0.0006169742 0.05449694
0.0006185742 0.05343815
0.0006201742 0.0514382
0.0006217742 0.05002647
0.0006233742 0.04837946
0.0006249742 0.04685009
0.0006265742 0.04532071
0.0006281742 0.04437956
0.0006297742 0.04273255
0.0006313742 0.04214433
0.0006329742 0.04120318
0.0006345742 0.04085024
0.0006361742 0.04061496
0.0006377742 0.04155611
0.0006393742 0.0417914
0.0006409742 0.04285019
0.0006425742 0.0436737
0.0006441742 0.04461485
0.0006457742 0.04567365
0.0006473742 0.04626187
0.0006489742 0.04696773
0.0006505742 0.04685009
0.0006521742 0.04649715
0.0006537742 0.04614422
0.0006553742 0.045556
0.0006569742 0.04461485
0.0006585742 0.04414427
0.0006601742 0.04355605
0.0006617742 0.04249726
0.0006633742 0.04202668
0.0006649742 0.0407326
0.0006665742 0.04061496
0.0006681742 0.03990909
0.0006697742 0.04002674
0.0006713742 0.0396738
0.0006729742 0.03990909
0.0006745742 0.04014438
0.0006761742 0.0407326
0.0006777742 0.04120318
0.0006793742 0.04237962
0.0006809742 0.04320312
0.0006825742 0.04473249
0.0006841742 0.04532071
0.0006857742 0.0466148
0.0006873742 0.04685009
0.0006889742 0.04720302
0.0006905742 0.04802653
0.0006921742 0.04861475
0.0006937742 0.04979118
0.0006953742 0.05108527
0.0006969742 0.05190878
0.0006985742 0.05320286
0.0007001742 0.05461459
0.0007017742 0.05579103
0.0007033742 0.05661453
0.0007049742 0.05708511
0.0007065742 0.05743804
0.0007081742 0.05767333
0.0007097742 0.05767333
0.0007113742 0.05767333
0.0007129742 0.05779097
0.0007145742 0.05779097
0.0007161742 0.05802626
0.0007177742 0.05884977
0.0007193742 0.05884977
0.0007209742 0.05932035
0.0007225742 0.05955563
0.0007241742 0.06002621
0.0007257742 0.0602615
0.0007273742 0.06096736
0.0007289742 0.06179087
0.0007305742 0.06261438
0.0007321742 0.06332024
0.0007337742 0.06379082
0.0007353742 0.06437904
0.0007369742 0.06555548
0.0007385742 0.06532019
0.0007401742 0.0650849
0.0007417742 0.06437904
0.0007433742 0.06308495
0.0007449742 0.06084972
0.0007465742 0.0592027
0.0007481742 0.05637925
0.0007497742 0.05414401
0.0007513742 0.05190878
0.0007529742 0.05002647
0.0007545742 0.0484971
0.0007561742 0.04720302
0.0007577742 0.04602658
0.0007593742 0.04532071
0.0007609742 0.04485014
0.0007625742 0.04473249
0.0007641742 0.04449721
0.0007657742 0.04532071
0.0007673742 0.045556
0.0007689742 0.04590893
0.0007705742 0.04637951
0.0007721742 0.04685009
0.0007737742 0.04720302
0.0007753742 0.04696773
0.0007769742 0.04614422
0.0007785742 0.04590893
0.0007801742 0.04496778
0.0007817742 0.04461485
0.0007833742 0.04402663
0.0007849742 0.04390899
0.0007865742 0.04426192
0.0007881742 0.04449721
0.0007897742 0.04485014
0.0007913742 0.04543836
0.0007929742 0.04532071
0.0007945742 0.04602658
0.0007961742 0.04579129
0.0007977742 0.0466148
0.0007993742 0.04685009
0.0008009742 0.04755595
0.0008025742 0.04743831
0.0008041742 0.04837946
0.0008057742 0.04979118
0.0008073742 0.05073234
0.0008089742 0.05167349
0.0008105742 0.052497
0.0008121742 0.05284993
0.0008137742 0.05284993
0.0008153742 0.052497
0.0008169742 0.052497
0.0008185742 0.05190878
0.0008201742 0.05167349
0.0008217742 0.0514382
0.0008233742 0.05179113
0.0008249742 0.05132056
0.0008265742 0.05179113
0.0008281742 0.05179113
0.0008297742 0.05132056
0.0008313742 0.05096762
0.0008329742 0.0503794
0.0008345742 0.04932061
0.0008361742 0.04861475
0.0008377742 0.04743831
0.0008393742 0.04685009
0.0008409742 0.04543836
0.0008425742 0.04414427
0.0008441742 0.04320312
0.0008457742 0.04226197
0.0008473742 0.04108553
0.0008489742 0.03943852
0.0008505742 0.03802679
0.0008521742 0.03626213
0.0008537742 0.03496805
0.0008553742 0.03367396
0.0008569742 0.03226223
0.0008585742 0.0310858
0.0008601742 0.02979171
0.0008617742 0.02979171
0.0008633742 0.02873292
0.0008649742 0.02873292
0.0008665742 0.0281447
0.0008681742 0.0281447
0.0008697742 0.02790941
0.0008713742 0.02743883
0.0008729742 0.02685061
0.0008745742 0.02661532
0.0008761742 0.02602711
0.0008777742 0.02649768
0.0008793742 0.02626239
0.0008809742 0.02649768
0.0008825742 0.02661532
0.0008841742 0.02661532
0.0008857742 0.02673297
0.0008873742 0.02696826
0.0008889742 0.02638004
0.0008905742 0.02638004
0.0008921742 0.02555653
0.0008937742 0.02508595
0.0008953742 0.02402716
0.0008969742 0.02308601
0.0008985742 0.02190957
0.0009001742 0.02049784
0.0009017742 0.01908611
0.0009033742 0.01720381
0.0009049742 0.01543915
0.0009065742 0.01438035
0.0009081742 0.01296863
0.0009097742 0.01214512
0.0009113742 0.01085103
0.0009129742 0.01026281
0.0009145742 0.01038046
0.0009161742 0.01002753
0.0009177742 0.009909883
0.0009193742 0.01002753
0.0009209742 0.009439307
0.0009225742 0.009439307
0.0009241742 0.008380511
0.0009257742 0.007674648
0.0009273742 0.00626292
0.0009289742 0.004498261
0.0009305742 0.002615957
0.0009321742 0.0004983662
0.0009337742 -0.002089801
0.0009353742 -0.004207392
0.0009369742 -0.006324983
0.0009385742 -0.007971999
0.0009401742 -0.01056017
0.0009417742 -0.01244247
0.0009433742 -0.01397184
0.0009449742 -0.01550121
0.0009465742 -0.0167953
0.0009481742 -0.01808938
0.0009497742 -0.01903053
0.0009513742 -0.02008933
0.0009529742 -0.02020697
0.0009545742 -0.02091283
0.0009561742 -0.02114812
0.0009577742 -0.02114812
0.0009593742 -0.02150105
0.0009609742 -0.02173634
0.0009625742 -0.02255985
0.0009641742 -0.02361865
0.0009657742 -0.02467744
0.0009673742 -0.02585388
0.0009689742 -0.02703032
0.0009705742 -0.02867734
0.0009721742 -0.03008906
0.0009737742 -0.03138315
0.0009753742 -0.03314781
0.0009769742 -0.03455953
0.0009785742 -0.03597126
0.0009801742 -0.03761828
0.0009817742 -0.03926529
0.0009833742 -0.04067702
0.0009849742 -0.0419711
0.0009865742 -0.0430299
0.0009881742 -0.04420634
0.0009897742 -0.04514749
0.0009913742 -0.04561807
0.0009929742 -0.04561807
0.0009945742 -0.04573571
0.0009961742 -0.045971
0.0009977742 -0.04573571
0.0009993742 -0.04561807
0.001000974 -0.04561807
0.001002574 -0.045971
0.001004174 -0.04585335
0.001005774 -0.045971
0.001007374 -0.04608864
0.001008974 -0.04608864
0.001010574 -0.04691215
0.001012174 -0.04738272
0.001013774 -0.04820623
0.001015374 -0.04879445
0.001016974 -0.04961796
0.001018574 -0.05032382
0.001020174 -0.05114733
0.001021774 -0.05232377
0.001023374 -0.05350021
0.001024974 -0.05455901
0.001026574 -0.05526487
0.001028174 -0.05585309
0.001029774 -0.0566766
0.001031374 -0.05738246
0.001032974 -0.05761775
0.001034574 -0.05761775
0.001036174 -0.05691189
0.001037774 -0.05573545
0.001039374 -0.05491194
0.001040974 -0.05408843
0.001042574 -0.0526767
0.001044174 -0.0507944
0.001045774 -0.04926503
0.001047374 -0.04726508
0.001048974 -0.04585335
0.001050574 -0.04444163
0.001052174 -0.04267697
0.001053774 -0.04079466
0.001055374 -0.03926529
0.001056974 -0.03761828
0.001058574 -0.0360889
0.001060174 -0.03491247
0.001061774 -0.03314781
0.001063374 -0.03197137
0.001064974 -0.03055964
0.001066574 -0.02926556
0.001068174 -0.02797147
0.001069774 -0.02667739
0.001071374 -0.02561859
0.001072974 -0.02444215
0.001074574 -0.02314807
0.001076174 -0.02232456
0.001077774 -0.02091283
0.001079374 -0.02008933
0.001080974 -0.01938346
0.001082574 -0.01844231
0.001084174 -0.01750116
0.001085774 -0.01644236
0.001087374 -0.01550121
0.001088974 -0.01456006
0.001090574 -0.01291305
0.001092174 -0.01232483
0.001093774 -0.0109131
0.001095374 -0.009971946
0.001096974 -0.008913151
0.001098574 -0.007736711
0.001100174 -0.006442627
0.001101774 -0.005736764
0.001103374 -0.004795612
0.001104974 -0.00444268
0.001106574 -0.00385446
0.001108174 -0.003266241
0.001109774 -0.003266241
0.001111374 -0.002913309
0.001112974 -0.003619172
0.001114574 -0.003266241
0.001116174 -0.003148597
0.001117774 -0.003030953
0.001119374 -0.003501528
0.001120974 -0.003148597
0.001122574 -0.002913309
0.001124174 -0.002795665
0.001125774 -0.002442733
0.001127374 -0.001619225
0.001128974 -0.001619225
0.001130574 -0.0009133613
0.001132174 -0.0002074976
0.001133774 0.000851298
0.001135374 0.001321874
0.001136974 0.002615957
0.001138574 0.003086533
0.001140174 0.004145329
0.001141774 0.004498261
0.001143374 0.005086481
0.001144974 0.004968837
0.001146574 0.005321768
0.001148174 0.004027685
0.001149774 0.003557109
0.001151374 0.002851245
0.001152974 0.001910094
0.001154574 0.0004983662
0.001156174 -0.0005604295
0.001157774 -0.001501581
0.001159374 -0.002678021
0.001160974 -0.003383884
0.001162574 -0.004325036
0.001164174 -0.0050309
0.001165774 -0.006560271
0.001167374 -0.007266135
0.001168974 -0.008442575
0.001170574 -0.008560219
0.001172174 -0.009030794
0.001173774 -0.009619014
0.001175374 -0.01020723
0.001176974 -0.01056017
0.001178574 -0.01103074
0.001180174 -0.01185425
0.001181774 -0.01291305
0.001183374 -0.01432477
0.001184974 -0.01585414
0.001186574 -0.01820702
0.001188174 -0.02032461
0.001189774 -0.02291278
0.001191374 -0.02561859
0.001192974 -0.02867734
0.001194574 -0.0312655
0.001196174 -0.0342066
0.001197774 -0.0371477
0.001199374 -0.03997116
0.001200974 -0.04267697
0.001202574 -0.04550042
0.001204174 -0.0478533
0.001205774 -0.05008854
0.001207374 -0.05208848
0.001208974 -0.05397079
0.001210574 -0.05573545
0.001212174 -0.05691189
0.001213774 -0.05773539
0.001215374 -0.05914712
0.001216974 -0.05914712
0.001218574 -0.06032356
0.001220174 -0.06102942
0.001221774 -0.06208822
0.001223374 -0.06232351
0.001224974 -0.06291173
0.001226574 -0.06408817
0.001228174 -0.06479403
0.001229774 -0.06620576
0.001231374 -0.06749984
0.001232974 -0.06867628
0.001234574 -0.0703233
0.001236174 -0.07149974
0.001237774 -0.07255853
0.001239374 -0.07361733
0.001240974 -0.07491141
0.001242574 -0.07502906
0.001244174 -0.0751467
0.001245774 -0.0751467
0.001247374 -0.0751467
0.001248974 -0.07479377
0.001250574 -0.07373497
0.001252174 -0.07302911
0.001253774 -0.0722056
0.001255374 -0.07149974
0.001256974 -0.07079387
0.001258574 -0.07044094
0.001260174 -0.06997037
0.001261774 -0.06973508
0.001263374 -0.06973508
0.001264974 -0.0692645
0.001266574 -0.06938215
0.001268174 -0.06914686
0.001269774 -0.0692645
0.001271374 -0.06914686
0.001272974 -0.06914686
0.001274574 -0.06902921
0.001276174 -0.06938215
0.001277774 -0.06891157
0.001279374 -0.06902921
0.001280974 -0.06891157
0.001282574 -0.06797042
0.001284174 -0.06773513
0.001285774 -0.06655869
0.001287374 -0.06573518
0.001288974 -0.06491167
0.001290574 -0.06420581
0.001292174 -0.06326466
0.001293774 -0.0625588
0.001295374 -0.06232351
0.001296974 -0.06173529
0.001298574 -0.06173529
0.001300174 -0.06114707
0.001301774 -0.06091178
0.001303374 -0.0604412
0.001304974 -0.0604412
0.001306574 -0.0596177
0.001308174 -0.05938241
0.001309774 -0.05926476
0.001311374 -0.05973534
0.001312974 -0.06008827
0.001314574 -0.06079414
0.001316174 -0.06114707
0.001317774 -0.06197058
0.001319374 -0.06232351
0.001320974 -0.06244115
0.001322574 -0.06279408
0.001324174 -0.06267644
0.001325774 -0.06244115
0.001327374 -0.06220586
0.001328974 -0.06126471
0.001330574 -0.06102942
0.001332174 -0.0604412
0.001333774 -0.06032356
0.001335374 -0.0596177
0.001336974 -0.05914712
0.001338574 -0.05867654
0.001340174 -0.05820597
0.001341774 -0.05808833
0.001343374 -0.05797068
0.001344974 -0.05726482
0.001346574 -0.05714717
0.001348174 -0.05632367
0.001349774 -0.05550016
0.001351374 -0.05514723
0.001352974 -0.05467665
0.001354574 -0.05420607
0.001356174 -0.05338257
0.001357774 -0.05302963
0.001359374 -0.0518532
0.001360974 -0.05067676
0.001362574 -0.04997089
0.001364174 -0.0489121
0.001365774 -0.04808859
0.001367374 -0.04726508
0.001368974 -0.04608864
0.001370574 -0.04502985
0.001372174 -0.04432398
0.001373774 -0.04385341
0.001375374 -0.04291225
0.001376974 -0.04255932
0.001378574 -0.04255932
0.001380174 -0.04267697
0.001381774 -0.04244168
0.001383374 -0.0430299
0.001384974 -0.04314754
0.001386574 -0.04373576
0.001388174 -0.04326519
0.001389774 -0.04373576
0.001391374 -0.04361812
0.001392974 -0.04350047
0.001394574 -0.04408869
0.001396174 -0.04385341
0.001397774 -0.04385341
0.001399374 -0.04432398
0.001400974 -0.04467691
0.001402574 -0.04514749
0.001404174 -0.04608864
0.001405774 -0.04714744
0.001407374 -0.04808859
0.001408974 -0.04950032
0.001410574 -0.05114733
0.001412174 -0.05279435
0.001413774 -0.05455901
0.001415374 -0.05608838
0.001416974 -0.05750011
0.001418574 -0.05891183
0.001420174 -0.06055885
0.001421774 -0.06173529
0.001423374 -0.06267644
0.001424974 -0.06373524
0.001426574 -0.06479403
0.001428174 -0.06585283
0.001429774 -0.06608811
0.001431374 -0.06667633
0.001432974 -0.06691162
0.001434574 -0.0673822
0.001436174 -0.06797042
0.001437774 -0.06808806
0.001439374 -0.06879393
0.001440974 -0.06879393
0.001442574 -0.06902921
0.001444174 -0.06902921
0.001445774 -0.0692645
0.001447374 -0.06914686
0.001448974 -0.06938215
0.001450574 -0.06938215
0.001452174 -0.06961743
0.001453774 -0.06973508
0.001455374 -0.0703233
0.001456974 -0.07020565
0.001458574 -0.07091152
0.001460174 -0.07079387
0.001461774 -0.07055858
0.001463374 -0.07020565
0.001464974 -0.06973508
0.001466574 -0.06902921
0.001468174 -0.06773513
0.001469774 -0.06691162
0.001471374 -0.06502932
0.001472974 -0.06432346
0.001474574 -0.06232351
0.001476174 -0.06067649
0.001477774 -0.05950005
0.001479374 -0.05785304
0.001480974 -0.05608838
0.001482574 -0.05467665
0.001484174 -0.05338257
0.001485774 -0.05255906
0.001487374 -0.05138262
0.001488974 -0.05067676
0.001490574 -0.04985325
0.001492174 -0.0497356
0.001493774 -0.0497356
0.001495374 -0.05020618
0.001496974 -0.05067676
0.001498574 -0.05102969
0.001500174 -0.05138262
0.001501774 -0.05197084
0.001503374 -0.05232377
0.001504974 -0.0526767
0.001506574 -0.05279435
0.001508174 -0.05326492
0.001509774 -0.05338257
0.001511374 -0.05291199
0.001512974 -0.05291199
0.001514574 -0.0526767
0.001516174 -0.05220613
0.001517774 -0.05161791
0.001519374 -0.05067676
0.001520974 -0.05008854
0.001522574 -0.04902974
0.001524174 -0.04820623
0.001525774 -0.04773566
0.001527374 -0.04691215
0.001528974 -0.04620629
0.001530574 -0.04526513
0.001532174 -0.04514749
0.001533774 -0.04420634
0.001535374 -0.04350047
0.001536974 -0.04232403
0.001538574 -0.04173581
0.001540174 -0.04091231
0.001541774 -0.03973587
0.001543374 -0.03926529
0.001544974 -0.03891236
0.001546574 -0.03785356
0.001548174 -0.03761828
0.001549774 -0.03726534
0.001551374 -0.0371477
0.001552974 -0.03679477
0.001554574 -0.03691241
0.001556174 -0.03691241
0.001557774 -0.03667712
0.001559374 -0.03679477
0.001560974 -0.03726534
0.001562574 -0.03726534
0.001564174 -0.0371477
0.001565774 -0.0371477
0.001567374 -0.03632419
0.001568974 -0.03573597
0.001570574 -0.03503011
0.001572174 -0.03373603
0.001573774 -0.03291252
0.001575374 -0.03161843
0.001576974 -0.03067728
0.001578574 -0.02961849
0.001580174 -0.02879498
0.001581774 -0.02867734
0.001583374 -0.02844205
0.001584974 -0.02808912
0.001586574 -0.02773618
0.001588174 -0.02785383
0.001589774 -0.02773618
0.001591374 -0.02785383
0.001592974 -0.0275009
0.001594574 -0.02738325
0.001596174 -0.02714796
0.001597774 -0.02714796
0.001599374 -0.02691268
0.001600974 -0.02679503
0.001602574 -0.02667739
0.001604174 -0.02667739
0.001605774 -0.02632446
0.001607374 -0.02585388
0.001608974 -0.02573624
0.001610574 -0.02503037
0.001612174 -0.02503037
0.001613774 -0.0245598
0.001615374 -0.02432451
0.001616974 -0.02385393
0.001618574 -0.02397158
0.001620174 -0.02338336
0.001621774 -0.02279514
0.001623374 -0.02232456
0.001624974 -0.0216187
0.001626574 -0.02020697
0.001628174 -0.01926582
0.001629774 -0.01797174
0.001631374 -0.01644236
0.001632974 -0.01456006
0.001634574 -0.01350126
0.001636174 -0.01185425
0.001637774 -0.01032488
0.001639374 -0.008560219
0.001640974 -0.007383779
0.001642574 -0.00561912
0.001644174 -0.00385446
0.001645774 -0.002207445
0.001647374 -0.001501581
0.001648974 -8.985363e-005
0.001650574 0.000968942
0.001652174 0.002380669
0.001653774 0.003086533
0.001655374 0.004380617
0.001656974 0.005086481
0.001658574 0.005909988
0.001660174 0.00685114
0.001661774 0.007674648
0.001663374 0.008262867
0.001664974 0.008968731
0.001666574 0.009556951
0.001668174 0.01014517
0.001669774 0.01038046
0.001671374 0.01038046
0.001672974 0.01085103
0.001674574 0.01096868
0.001676174 0.01143925
0.001677774 0.01143925
0.001679374 0.0115569
0.001680974 0.01202747
0.001682574 0.01238041
0.001684174 0.01332156
0.001685774 0.0134392
0.001687374 0.01390978
0.001688974 0.01414507
0.001690574 0.01438035
0.001692174 0.01426271
0.001693774 0.014498
0.001695374 0.014498
0.001696974 0.01473329
0.001698574 0.01485093
0.001700174 0.01473329
0.001701774 0.01438035
0.001703374 0.014498
0.001704974 0.01508622
0.001706574 0.01508622
0.001708174 0.01508622
0.001709774 0.01508622
0.001711374 0.01496857
0.001712974 0.01555679
0.001714574 0.01555679
0.001716174 0.01590972
0.001717774 0.01649794
0.001719374 0.01590972
0.001720974 0.01602737
0.001722574 0.01590972
0.001724174 0.01579208
0.001725774 0.01520386
0.001727374 0.01485093
0.001728974 0.01485093
0.001730574 0.01402742
0.001732174 0.01355685
0.001733774 0.01273334
0.001735374 0.01226276
0.001736974 0.01143925
0.001738574 0.0104981
0.001740174 0.01014517
0.001741774 0.008968731
0.001743374 0.008380511
0.001744974 0.00802758
0.001746574 0.007086428
0.001748174 0.006615852
0.001749774 0.005792344
0.001751374 0.005909988
0.001752974 0.004968837
0.001754574 0.004615905
0.001756174 0.004145329
0.001757774 0.003910041
0.001759374 0.002851245
0.001760974 0.002733601
0.001762574 0.001910094
0.001764174 0.001086586
0.001765774 0.0002630782
0.001767374 -0.0003251415
0.001768974 -0.001383937
0.001770574 -0.002089801
0.001772174 -0.002325089
0.001773774 -0.003148597
0.001775374 -0.003736816
0.001776974 -0.004325036
0.001778574 -0.0050309
0.001780174 -0.005266188
0.001781774 -0.006089696
0.001783374 -0.006089696
0.001784974 -0.006442627
0.001786574 -0.006442627
0.001788174 -0.006795559
0.001789774 -0.006207339
0.001791374 -0.006089696
0.001792974 -0.005501476
0.001794574 -0.005266188
0.001796174 -0.005266188
0.001797774 -0.005148544
0.001799374 -0.0050309
0.001800974 -0.005266188
0.001802574 -0.005383832
0.001804174 -0.005501476
0.001805774 -0.005266188
0.001807374 -0.005266188
0.001808974 -0.005383832
0.001810574 -0.0050309
0.001812174 -0.004677968
0.001813774 -0.004795612
0.001815374 -0.004089748
0.001816974 -0.003383884
0.001818574 -0.002913309
0.001820174 -0.002325089
0.001821774 -0.002325089
0.001823374 -0.001736869
0.001824974 -0.001619225
0.001826574 -0.001266293
0.001828174 -0.001736869
0.001829774 -0.001501581
0.001831374 -0.001266293
0.001832974 -0.001501581
0.001834574 -0.001383937
0.001836174 -0.001619225
0.001837774 -0.0009133613
0.001839374 -0.0005604295
0.001840974 -0.0003251415
0.001842574 0.0002630782
0.001844174 0.000968942
0.001845774 0.001321874
0.001847374 0.001910094
0.001848974 0.002733601
0.001850574 0.003792397
0.001852174 0.004498261
0.001853774 0.005204125
0.001855374 0.006027632
0.001856974 0.006968784
0.001858574 0.00743936
0.001860174 0.007674648
0.001861774 0.008262867
0.001863374 0.008380511
0.001864974 0.008380511
0.001866574 0.008733443
0.001868174 0.008851087
0.001869774 0.009086375
0.001871374 0.009086375
0.001872974 0.009204019
0.001874574 0.008968731
0.001876174 0.008733443
0.001877774 0.008968731
0.001879374 0.009204019
0.001880974 0.008968731
0.001882574 0.009321663
0.001884174 0.009439307
0.001885774 0.009556951
0.001887374 0.009321663
0.001888974 0.01002753
0.001890574 0.01014517
0.001892174 0.01061575
0.001893774 0.01108632
0.001895374 0.01190983
0.001896974 0.01214512
0.001898574 0.01296863
0.001900174 0.0134392
0.001901774 0.01438035
0.001903374 0.01496857
0.001904974 0.01555679
0.001906574 0.01567444
0.001908174 0.0163803
0.001909774 0.01614501
0.001911374 0.01649794
0.001912974 0.01649794
0.001914574 0.01614501
0.001916174 0.01590972
0.001917774 0.01579208
0.001919374 0.01567444
0.001920974 0.0153215
0.001922574 0.0153215
0.001924174 0.01473329
0.001925774 0.01414507
0.001927374 0.01438035
0.001928974 0.01414507
0.001930574 0.01438035
0.001932174 0.014498
0.001933774 0.01473329
0.001935374 0.01438035
0.001936974 0.01485093
0.001938574 0.01438035
0.001940174 0.01438035
0.001941774 0.01414507
0.001943374 0.01426271
0.001944974 0.01355685
0.001946574 0.01296863
0.001948174 0.01261569
0.001949774 0.01249805
0.001951374 0.01143925
0.001952974 0.01096868
0.001954574 0.01073339
0.001956174 0.01002753
0.001957774 0.009556951
0.001959374 0.009086375
0.001960974 0.009086375
0.001962574 0.008615799
0.001964174 0.008498155
0.001965774 0.00802758
0.001967374 0.008145223
0.001968974 0.007674648
0.001970574 0.007557004
0.001972174 0.00743936
0.001973774 0.007321716
0.001975374 0.007204072
0.001976974 0.00685114
0.001978574 0.006733496
0.001980174 0.00685114
0.001981774 0.00685114
0.001983374 0.00685114
0.001984974 0.006615852
0.001986574 0.006615852
0.001988174 0.006733496
0.001989774 0.006733496
0.001991374 0.006968784
0.001992974 0.007086428
0.001994574 0.007557004
0.001996174 0.007674648
0.001997774 0.00802758
0.001999374 0.008262867
0.002000974 0.008851087
0.002002574 0.009086375
0.002004174 0.009792239
0.002005774 0.01014517
0.002007374 0.01002753
0.002008974 0.01061575
0.002010574 0.01073339
0.002012174 0.01085103
0.002013774 0.01108632
0.002015374 0.01120397
0.002016974 0.0115569
0.002018574 0.01167454
0.002020174 0.01179219
0.002021774 0.01190983
0.002023374 0.01202747
0.002024974 0.01179219
0.002026574 0.01179219
0.002028174 0.01179219
0.002029774 0.0115569
0.002031374 0.0115569
0.002032974 0.01120397
0.002034574 0.0115569
0.002036174 0.01108632
0.002037774 0.01143925
0.002039374 0.0115569
0.002040974 0.01167454
0.002042574 0.0115569
0.002044174 0.01120397
0.002045774 0.0115569
0.002047374 0.0115569
0.002048974 0.01202747
0.002050574 0.01214512
0.002052174 0.01238041
0.002053774 0.01261569
0.002055374 0.01296863
0.002056974 0.01320391
0.002058574 0.0134392
0.002060174 0.01355685
0.002061774 0.01390978
0.002063374 0.01414507
0.002064974 0.01461564
0.002066574 0.0153215
0.002068174 0.01555679
0.002069774 0.01626266
0.002071374 0.01661559
0.002072974 0.01708616
0.002074574 0.01779203
0.002076174 0.01838025
0.002077774 0.01920376
0.002079374 0.01955669
0.002080974 0.02061548
0.002082574 0.02132135
0.002084174 0.02202721
0.002085774 0.02273307
0.002087374 0.02355658
0.002088974 0.02438009
0.002090574 0.02485067
0.002092174 0.02579182
0.002093774 0.02649768
0.002095374 0.02743883
0.002096974 0.02849763
0.002098574 0.02885056
0.002100174 0.03014464
0.002101774 0.03096815
0.002103374 0.03226223
0.002104974 0.03273281
0.002106574 0.03343867
0.002108174 0.03414454
0.002109774 0.03473276
0.002111374 0.03555627
0.002112974 0.03579155
0.002114574 0.03685035
0.002116174 0.03720328
0.002117774 0.03802679
0.002119374 0.03849736
0.002120974 0.0388503
0.002122574 0.03943852
0.002124174 0.03955616
0.002125774 0.04037967
0.002127374 0.04026202
0.002128974 0.04085024
0.002130574 0.04096789
0.002132174 0.04120318
0.002133774 0.04143846
0.002135374 0.04167375
0.002136974 0.04202668
0.002138574 0.04190904
0.002140174 0.04226197
0.002141774 0.04237962
0.002143374 0.04273255
0.002144974 0.0436737
0.002146574 0.04390899
0.002148174 0.04426192
0.002149774 0.04449721
0.002151374 0.04590893
0.002152974 0.04637951
0.002154574 0.04743831
0.002156174 0.04837946
0.002157774 0.04908532
0.002159374 0.0503794
0.002160974 0.05167349
0.002162574 0.05261464
0.002164174 0.05379108
0.002165774 0.05484988
0.002167374 0.05649689
0.002168974 0.05802626
0.002170574 0.05908506
0.002172174 0.06061443
0.002173774 0.06190851
0.002175374 0.0632026
0.002176974 0.06473197
0.002178574 0.06567312
0.002180174 0.06684956
0.002181774 0.06837893
0.002183374 0.06861422
0.002184974 0.06967301
0.002186574 0.07049652
0.002188174 0.07155532
0.002189774 0.07214354
0.002191374 0.07237882
0.002192974 0.07308469
0.002194574 0.07331998
0.002196174 0.07402584
0.002197774 0.07449642
0.002199374 0.0747317
0.002200974 0.07496699
0.002202574 0.07567286
0.002204174 0.0757905
0.002205774 0.07602579
0.002207374 0.0768493
0.002208974 0.07731987
0.002210574 0.07731987
0.002212174 0.07755516
0.002213774 0.0776728
0.002215374 0.0776728
0.002216974 0.07743752
0.002218574 0.07720223
0.002220174 0.07696694
0.002221774 0.07614343
0.002223374 0.07590814
0.002224974 0.07531992
0.002226574 0.07496699
0.002228174 0.07449642
0.002229774 0.07426113
0.002231374 0.07402584
0.002232974 0.07320233
0.002234574 0.07261411
0.002236174 0.07179061
0.002237774 0.0709671
0.002239374 0.07014359
0.002240974 0.06932008
0.002242574 0.06873186
0.002244174 0.06767307
0.002245774 0.06684956
0.002247374 0.06579076
0.002248974 0.06484961
0.002250574 0.06426139
0.002252174 0.06367317
0.002253774 0.0632026
0.002255374 0.06226144
0.002256974 0.0621438
0.002258574 0.06143794
0.002260174 0.06132029
0.002261774 0.061085
0.002263374 0.06049679
0.002264974 0.0602615
0.002266574 0.06002621
0.002268174 0.05967328
0.002269774 0.05908506
0.002271374 0.05884977
0.002272974 0.05826155
0.002274574 0.05790862
0.002276174 0.05743804
0.002277774 0.05708511
0.002279374 0.05590867
0.002280974 0.05579103
0.002282574 0.05496752
0.002284174 0.05449694
0.002285774 0.05449694
0.002287374 0.05414401
0.002288974 0.05379108
0.002290574 0.05343815
0.002292174 0.05367344
0.002293774 0.05367344
0.002295374 0.05426166
0.002296974 0.05426166
0.002298574 0.05461459
0.002300174 0.05508516
0.002301774 0.05567338
0.002303374 0.0562616
0.002304974 0.05696747
0.002306574 0.05802626
0.002308174 0.05861448
0.002309774 0.0592027
0.002311374 0.05990857
0.002312974 0.06073207
0.002314574 0.06143794
0.002316174 0.06202616
0.002317774 0.0632026
0.002319374 0.06355553
0.002320974 0.06426139
0.002322574 0.06449668
0.002324174 0.06520254
0.002325774 0.06590841
0.002327374 0.06708485
0.002328974 0.06790835
0.002330574 0.06896715
0.002332174 0.07014359
0.002333774 0.07108474
0.002335374 0.07202589
0.002336974 0.07320233
0.002338574 0.07414348
0.002340174 0.07508464
0.002341774 0.07590814
0.002343374 0.07720223
0.002344974 0.07755516
0.002346574 0.07814338
0.002348174 0.07884924
0.002349774 0.07931982
0.002351374 0.08002568
0.002352974 0.08026097
0.002354574 0.0806139
0.002356174 0.08096683
0.002357774 0.08131977
0.002359374 0.08143741
0.002360974 0.08202563
0.002362574 0.08296678
0.002364174 0.08331971
0.002365774 0.08426086
0.002367374 0.08496673
0.002368974 0.08579024
0.002370574 0.08661374
0.002372174 0.08767254
0.002373774 0.08802547
0.002375374 0.08896662
0.002376974 0.08990777
0.002378574 0.09073128
0.002380174 0.09155479
0.002381774 0.09249594
0.002383374 0.09308416
0.002384974 0.09379003
0.002386574 0.09414296
0.002388174 0.09437825
0.002389774 0.09508411
0.002391374 0.09520175
0.002392974 0.09555468
0.002394574 0.09508411
0.002396174 0.09496646
0.002397774 0.09508411
0.002399374 0.09414296
0.002400974 0.09379003
0.002402574 0.09343709
0.002404174 0.09296652
0.002405774 0.09202537
0.002407374 0.0913195
0.002408974 0.09014306
0.002410574 0.08931955
0.002412174 0.08849605
0.002413774 0.08779018
0.002415374 0.08684903
0.002416974 0.08590788
0.002418574 0.08496673
0.002420174 0.08414322
0.002421774 0.08343736
0.002423374 0.08237856
0.002424974 0.08179034
0.002426574 0.08073155
0.002428174 0.07979039
0.002429774 0.07955511
0.002431374 0.07837867
0.002432974 0.07743752
0.002434574 0.07649636
0.002436174 0.07567286
0.002437774 0.07449642
0.002439374 0.07379055
0.002440974 0.07308469
0.002442574 0.07214354
0.002444174 0.07108474
0.002445774 0.07037888
0.002447374 0.06920244
0.002448974 0.06849657
0.002450574 0.06732013
0.002452174 0.06661427
0.002453774 0.06590841
0.002455374 0.06520254
0.002456974 0.06414375
0.002458574 0.0632026
0.002460174 0.06226144
0.002461774 0.06155558
0.002463374 0.06073207
0.002464974 0.05932035
0.002466574 0.05814391
0.002468174 0.05696747
0.002469774 0.05590867
0.002471374 0.05473223
0.002472974 0.05379108
0.002474574 0.05296757
0.002476174 0.05214406
0.002477774 0.05179113
0.002479374 0.0503794
0.002480974 0.04979118
0.002482574 0.04908532
0.002484174 0.04873239
0.002485774 0.04802653
0.002487374 0.04732066
0.002488974 0.04696773
0.002490574 0.04614422
0.002492174 0.04543836
0.002493774 0.04473249
0.002495374 0.04379134
0.002496974 0.04320312
0.002498574 0.04214433
0.002500174 0.04096789
0.002501774 0.0396738
0.002503374 0.03873265
0.002504974 0.03732093
0.002506574 0.03637977
0.002508174 0.03532098
0.002509774 0.03449747
0.002511374 0.03343867
0.002512974 0.03249752
0.002514574 0.03132108
0.002516174 0.03096815
0.002517774 0.02979171
0.002519374 0.02920349
0.002520974 0.0281447
0.002522574 0.02720354
0.002524174 0.02602711
0.002525774 0.02532124
0.002527374 0.02379187
0.002528974 0.02296836
0.002530574 0.02143899
0.002532174 0.02026255
0.002533774 0.0193214
0.002535374 0.01838025
0.002536974 0.01696852
0.002538574 0.01614501
0.002540174 0.01520386
0.002541774 0.01461564
0.002543374 0.01367449
0.002544974 0.01355685
0.002546574 0.01261569
0.002548174 0.01238041
0.002549774 0.01167454
0.002551374 0.01108632
0.002552974 0.01073339
0.002554574 0.01014517
0.002556174 0.01002753
0.002557774 0.009204019
0.002559374 0.008968731
0.002560974 0.008262867
0.002562574 0.007674648
0.002564174 0.006733496
0.002565774 0.00626292
0.002567374 0.005439412
0.002568974 0.004498261
0.002570574 0.003792397
0.002572174 0.002968889
0.002573774 0.001910094
0.002575374 0.001086586
0.002576974 0.0006160101
0.002578574 -0.0003251415
0.002580174 -0.001031005
0.002581774 -0.002089801
0.002583374 -0.002678021
0.002584974 -0.003501528
0.002586574 -0.003736816
0.002588174 -0.004325036
0.002589774 -0.004325036
0.002591374 -0.005148544
0.002592974 -0.004913256
0.002594574 -0.005148544
0.002596174 -0.0050309
0.002597774 -0.005266188
0.002599374 -0.005736764
0.002600974 -0.006089696
0.002602574 -0.005854408
0.002604174 -0.006324983
0.002605774 -0.006442627
0.002607374 -0.007148491
0.002608974 -0.007148491
0.002610574 -0.007383779
0.002612174 -0.007736711
0.002613774 -0.007854355
0.002615374 -0.007971999
0.002616974 -0.008324931
0.002618574 -0.007736711
0.002620174 -0.007619067
0.002621774 -0.007971999
0.002623374 -0.007736711
0.002624974 -0.007619067
0.002626574 -0.007971999
0.002628174 -0.007501423
0.002629774 -0.007619067
0.002631374 -0.007148491
0.002632974 -0.007148491
0.002634574 -0.007030847
0.002636174 -0.006913203
0.002637774 -0.006560271
0.002639374 -0.006677915
0.002640974 -0.006442627
0.002642574 -0.006560271
0.002644174 -0.006560271
0.002645774 -0.006207339
0.002647374 -0.006207339
0.002648974 -0.006324983
0.002650574 -0.006324983
0.002652174 -0.006442627
0.002653774 -0.006089696
0.002655374 -0.006442627
0.002656974 -0.006324983
0.002658574 -0.005972052
0.002660174 -0.006089696
0.002661774 -0.005972052
0.002663374 -0.005972052
0.002664974 -0.005501476
0.002666574 -0.005501476
0.002668174 -0.005972052
0.002669774 -0.00561912
0.002671374 -0.005972052
0.002672974 -0.005854408
0.002674574 -0.005854408
0.002676174 -0.005501476
0.002677774 -0.005266188
0.002679374 -0.005383832
0.002680974 -0.005148544
0.002682574 -0.0050309
0.002684174 -0.004913256
0.002685774 -0.004795612
0.002687374 -0.0050309
0.002688974 -0.004677968
0.002690574 -0.004560324
0.002692174 -0.004089748
0.002693774 -0.003972104
0.002695374 -0.003266241
0.002696974 -0.003619172
0.002698574 -0.003501528
0.002700174 -0.00385446
0.002701774 -0.003266241
0.002703374 -0.003030953
0.002704974 -0.003148597
0.002706574 -0.002913309
0.002708174 -0.002795665
0.002709774 -0.002795665
0.002711374 -0.002795665
0.002712974 -0.002678021
0.002714574 -0.002795665
0.002716174 -0.002560377
0.002717774 -0.002089801
0.002719374 -0.002325089
0.002720974 -0.001972157
0.002722574 -0.001854513
0.002724174 -0.001736869
0.002725774 -0.001148649
0.002727374 -0.001148649
0.002728974 -0.001383937
0.002730574 -0.001266293
0.002732174 -0.001266293
0.002733774 -0.001148649
0.002735374 -0.001736869
0.002736974 -0.001854513
0.002738574 -0.002442733
0.002740174 -0.002913309
0.002741774 -0.004089748
0.002743374 -0.004325036
0.002744974 -0.0050309
0.002746574 -0.006207339
0.002748174 -0.007030847
0.002749774 -0.007736711
0.002751374 -0.008442575
0.002752974 -0.009148438
0.002754574 -0.009971946
0.002756174 -0.01056017
0.002757774 -0.01079545
0.002759374 -0.01150132
0.002760974 -0.01150132
0.002762574 -0.01197189
0.002764174 -0.01197189
0.002765774 -0.01232483
0.002767374 -0.01256011
0.002768974 -0.01244247
0.002770574 -0.01314833
0.002772174 -0.01350126
0.002773774 -0.01350126
0.002775374 -0.01408948
0.002776974 -0.01444242
0.002778574 -0.01514828
0.002780174 -0.0157365
0.002781774 -0.01620708
0.002783374 -0.01738352
0.002784974 -0.01785409
0.002786574 -0.01844231
0.002788174 -0.01950111
0.002789774 -0.02044226
0.002791374 -0.02044226
0.002792974 -0.02138341
0.002794574 -0.02208927
0.002796174 -0.02267749
0.002797774 -0.02303043
0.002799374 -0.02361865
0.002800974 -0.02361865
0.002802574 -0.02385393
0.002804174 -0.02420687
0.002805774 -0.02408922
0.002807374 -0.02420687
0.002808974 -0.02420687
0.002810574 -0.02432451
0.002812174 -0.02397158
0.002813774 -0.02432451
0.002815374 -0.02432451
0.002816974 -0.02432451
0.002818574 -0.02397158
0.002820174 -0.0245598
0.002821774 -0.02408922
0.002823374 -0.02420687
0.002824974 -0.02420687
0.002826574 -0.02432451
0.002828174 -0.02467744
0.002829774 -0.02444215
0.002831374 -0.02432451
0.002832974 -0.02444215
0.002834574 -0.02432451
0.002836174 -0.0245598
0.002837774 -0.0245598
0.002839374 -0.02479508
0.002840974 -0.02479508
0.002842574 -0.02467744
0.002844174 -0.02432451
0.002845774 -0.02432451
0.002847374 -0.02420687
0.002848974 -0.02397158
0.002850574 -0.02373629
0.002852174 -0.02303043
0.002853774 -0.02255985
0.002855374 -0.02197163
0.002856974 -0.02138341
0.002858574 -0.02020697
0.002860174 -0.01961875
0.002861774 -0.01832467
0.002863374 -0.01738352
0.002864974 -0.01597179
0.002866574 -0.01444242
0.002868174 -0.0127954
0.002869774 -0.01126603
0.002871374 -0.009383726
0.002872974 -0.007971999
0.002874574 -0.005736764
0.002876174 -0.004207392
0.002877774 -0.002795665
0.002879374 -0.0007957174
0.002880974 0.000968942
0.002882574 0.002615957
0.002884174 0.004145329
0.002885774 0.005557056
0.002887374 0.006498208
0.002888974 0.00802758
0.002890574 0.008968731
0.002892174 0.009674595
0.002893774 0.01073339
0.002895374 0.01132161
0.002896974 0.01214512
0.002898574 0.01238041
0.002900174 0.01296863
0.002901774 0.01320391
0.002903374 0.01379213
0.002904974 0.01379213
0.002906574 0.01473329
0.002908174 0.014498
0.002909774 0.01485093
0.002911374 0.01496857
0.002912974 0.01543915
0.002914574 0.01555679
0.002916174 0.01614501
0.002917774 0.01590972
0.002919374 0.01649794
0.002920974 0.01661559
0.002922574 0.01673323
0.002924174 0.01720381
0.002925774 0.01696852
0.002927374 0.0174391
0.002928974 0.01732145
0.002930574 0.01708616
0.002932174 0.01732145
0.002933774 0.01673323
0.002935374 0.0163803
0.002936974 0.01590972
0.002938574 0.0153215
0.002940174 0.01473329
0.002941774 0.01379213
0.002943374 0.01332156
0.002944974 0.01261569
0.002946574 0.01190983
0.002948174 0.01132161
0.002949774 0.0104981
0.002951374 0.01014517
0.002952974 0.009556951
0.002954574 0.009086375
0.002956174 0.008262867
0.002957774 0.007792292
0.002959374 0.007321716
0.002960974 0.006380564
0.002962574 0.005909988
0.002964174 0.005204125
0.002965774 0.004615905
0.002967374 0.003792397
0.002968974 0.002968889
0.002970574 0.002263026
0.002972174 0.001321874
0.002973774 0.0001454343
0.002975374 -0.0006780734
0.002976974 -0.001619225
0.002978574 -0.002678021
0.002980174 -0.003501528
0.002981774 -0.00444268
0.002983374 -0.005383832
0.002984974 -0.005854408
0.002986574 -0.006324983
0.002988174 -0.007030847
0.002989774 -0.007148491
0.002991374 -0.008207287
0.002992974 -0.008324931
0.002994574 -0.008677863
0.002996174 -0.008913151
0.002997774 -0.009030794
0.002999374 -0.009266082
0.003000974 -0.009619014
0.003002574 -0.009971946
0.003004174 -0.0109131
0.003005774 -0.01114839
0.003007374 -0.01138367
0.003008974 -0.01208954
0.003010574 -0.01244247
0.003012174 -0.01338362
0.003013774 -0.01397184
0.003015374 -0.01444242
0.003016974 -0.01514828
0.003018574 -0.01561886
0.003020174 -0.01620708
0.003021774 -0.01691294
0.003023374 -0.01691294
0.003024974 -0.01750116
0.003026574 -0.0176188
0.003028174 -0.0176188
0.003029774 -0.0176188
0.003031374 -0.0176188
0.003032974 -0.01785409
0.003034574 -0.0176188
0.003036174 -0.01738352
0.003037774 -0.01726587
0.003039374 -0.01703058
0.003040974 -0.01656001
0.003042574 -0.01620708
0.003044174 -0.01620708
0.003045774 -0.01608943
0.003047374 -0.0157365
0.003048974 -0.01585414
0.003050574 -0.01608943
0.003052174 -0.01608943
0.003053774 -0.01632472
0.003055374 -0.01620708
0.003056974 -0.01656001
0.003058574 -0.0167953
0.003060174 -0.01714823
0.003061774 -0.01738352
0.003063374 -0.01797174
0.003064974 -0.0176188
0.003066574 -0.01785409
0.003068174 -0.01797174
0.003069774 -0.0176188
0.003071374 -0.01797174
0.003072974 -0.01750116
0.003074574 -0.01773645
0.003076174 -0.01750116
0.003077774 -0.01738352
0.003079374 -0.01691294
0.003080974 -0.01714823
0.003082574 -0.0167953
0.003084174 -0.0167953
0.003085774 -0.0167953
0.003087374 -0.01667765
0.003088974 -0.0167953
0.003090574 -0.01667765
0.003092174 -0.01703058
0.003093774 -0.0167953
0.003095374 -0.01738352
0.003096974 -0.01726587
0.003098574 -0.01738352
0.003100174 -0.01773645
0.003101774 -0.01773645
0.003103374 -0.01785409
0.003104974 -0.01808938
0.003106574 -0.01773645
0.003108174 -0.01808938
0.003109774 -0.01808938
0.003111374 -0.01797174
0.003112974 -0.01808938
0.003114574 -0.01844231
0.003116174 -0.01879524
0.003117774 -0.01879524
0.003119374 -0.01926582
0.003120974 -0.01950111
0.003122574 -0.01985404
0.003124174 -0.0205599
0.003125774 -0.02079519
0.003127374 -0.02103048
0.003128974 -0.02126577
0.003130574 -0.02220692
0.003132174 -0.02185399
0.003133774 -0.02185399
0.003135374 -0.02220692
0.003136974 -0.02220692
0.003138574 -0.02173634
0.003140174 -0.02220692
0.003141774 -0.02197163
0.003143374 -0.02208927
0.003144974 -0.02185399
0.003146574 -0.02185399
0.003148174 -0.02208927
0.003149774 -0.02220692
0.003151374 -0.02255985
0.003152974 -0.02303043
0.003154574 -0.02338336
0.003156174 -0.02373629
0.003157774 -0.02420687
0.003159374 -0.02467744
0.003160974 -0.02550095
0.003162574 -0.02620681
0.003164174 -0.02655974
0.003165774 -0.02738325
0.003167374 -0.02773618
0.003168974 -0.02867734
0.003170574 -0.02926556
0.003172174 -0.02961849
0.003173774 -0.02985378
0.003175374 -0.03091257
0.003176974 -0.03150079
0.003178574 -0.03185372
0.003180174 -0.0323243
0.003181774 -0.03279487
0.003183374 -0.03350074
0.003184974 -0.03373603
0.003186574 -0.03444189
0.003188174 -0.03479482
0.003189774 -0.03550069
0.003191374 -0.03597126
0.003192974 -0.03632419
0.003194574 -0.03691241
0.003196174 -0.03761828
0.003197774 -0.03844178
0.003199374 -0.03867707
0.003200974 -0.03926529
0.003202574 -0.03961822
0.003204174 -0.03938294
0.003205774 -0.04032409
0.003207374 -0.04044173
0.003208974 -0.04079466
0.003210574 -0.04138288
0.003212174 -0.04138288
0.003213774 -0.04208875
0.003215374 -0.04267697
0.003216974 -0.0430299
0.003218574 -0.04350047
0.003220174 -0.04432398
0.003221774 -0.0449122
0.003223374 -0.04561807
0.003224974 -0.04620629
0.003226574 -0.04679451
0.003228174 -0.04702979
0.003229774 -0.04797094
0.003231374 -0.04902974
0.003232974 -0.04938267
0.003234574 -0.05020618
0.003236174 -0.0507944
0.003237774 -0.05138262
0.003239374 -0.0518532
0.003240974 -0.05302963
0.003242574 -0.05338257
0.003244174 -0.05397079
0.003245774 -0.05444136
0.003247374 -0.05514723
0.003248974 -0.05538251
0.003250574 -0.05550016
0.003252174 -0.05608838
0.003253774 -0.05608838
0.003255374 -0.05644131
0.003256974 -0.05644131
0.003258574 -0.05655895
0.003260174 -0.05714717
0.003261774 -0.05750011
0.003263374 -0.05797068
0.003264974 -0.05797068
0.003266574 -0.05832361
0.003268174 -0.05938241
0.003269774 -0.05997063
0.003271374 -0.06055885
0.003272974 -0.0615
0.003274574 -0.06220586
0.003276174 -0.06314702
0.003277774 -0.06420581
0.003279374 -0.06502932
0.003280974 -0.06597047
0.003282574 -0.06655869
0.003284174 -0.06726455
0.003285774 -0.06832335
0.003287374 -0.06891157
0.003288974 -0.06949979
0.003290574 -0.06961743
0.003292174 -0.07020565
0.003293774 -0.07067623
0.003295374 -0.07079387
0.003296974 -0.07102916
0.003298574 -0.07149974
0.003300174 -0.07173502
0.003301774 -0.07197031
0.003303374 -0.07208796
0.003304974 -0.07255853
0.003306574 -0.07232324
0.003308174 -0.07255853
0.003309774 -0.07267618
0.003311374 -0.07255853
0.003312974 -0.07314675
0.003314574 -0.07291146
0.003316174 -0.07232324
0.003317774 -0.07314675
0.003319374 -0.07232324
0.003320974 -0.07244089
0.003322574 -0.07291146
0.003324174 -0.07255853
0.003325774 -0.0722056
0.003327374 -0.07244089
0.003328974 -0.0722056
0.003330574 -0.07244089
0.003332174 -0.0722056
0.003333774 -0.07232324
0.003335374 -0.0722056
0.003336974 -0.07232324
0.003338574 -0.07244089
0.003340174 -0.07267618
0.003341774 -0.07255853
0.003343374 -0.07279382
0.003344974 -0.07279382
0.003346574 -0.07302911
0.003348174 -0.0732644
0.003349774 -0.07314675
0.003351374 -0.07338204
0.003352974 -0.0732644
0.003354574 -0.07349968
0.003356174 -0.07338204
0.003357774 -0.0732644
0.003359374 -0.07314675
0.003360974 -0.0732644
0.003362574 -0.07373497
0.003364174 -0.07361733
0.003365774 -0.07385262
0.003367374 -0.0740879
0.003368974 -0.07432319
0.003370574 -0.07444084
0.003372174 -0.07444084
0.003373774 -0.07479377
0.003375374 -0.07502906
0.003376974 -0.0751467
0.003378574 -0.07526434
0.003380174 -0.07549963
0.003381774 -0.07561728
0.003383374 -0.07561728
0.003384974 -0.07526434
0.003386574 -0.07526434
0.003388174 -0.07526434
0.003389774 -0.07467612
0.003391374 -0.07467612
0.003392974 -0.07397026
0.003394574 -0.07397026
0.003396174 -0.07373497
0.003397774 -0.0732644
0.003399374 -0.0732644
0.003400974 -0.07279382
0.003402574 -0.0722056
0.003404174 -0.07255853
0.003405774 -0.07244089
0.003407374 -0.07244089
0.003408974 -0.07232324
0.003410574 -0.07232324
0.003412174 -0.07197031
0.003413774 -0.07185267
0.003415374 -0.0722056
0.003416974 -0.07197031
0.003418574 -0.07197031
0.003420174 -0.07126445
0.003421774 -0.07126445
0.003423374 -0.0711468
0.003424974 -0.07091152
0.003426574 -0.07067623
0.003428174 -0.07055858
0.003429774 -0.07055858
0.003431374 -0.07008801
0.003432974 -0.06973508
0.003434574 -0.06949979
0.003436174 -0.06891157
0.003437774 -0.06855864
0.003439374 -0.06797042
0.003440974 -0.06761749
0.003442574 -0.06714691
0.003444174 -0.06714691
0.003445774 -0.06644105
0.003447374 -0.06597047
0.003448974 -0.06549989
0.003450574 -0.06526461
0.003452174 -0.06467639
0.003453774 -0.06432346
0.003455374 -0.06397052
0.003456974 -0.06361759
0.003458574 -0.0633823
0.003460174 -0.0633823
0.003461774 -0.06291173
0.003463374 -0.06267644
0.003464974 -0.06232351
0.003466574 -0.06208822
0.003468174 -0.06197058
0.003469774 -0.06185293
0.003471374 -0.06138236
0.003472974 -0.06114707
0.003474574 -0.06055885
0.003476174 -0.06079414
0.003477774 -0.06020592
0.003479374 -0.05997063
0.003480974 -0.05997063
0.003482574 -0.05938241
0.003484174 -0.05914712
0.003485774 -0.05891183
0.003487374 -0.05867654
0.003488974 -0.05820597
0.003490574 -0.05785304
0.003492174 -0.05797068
0.003493774 -0.05750011
0.003495374 -0.05702953
0.003496974 -0.05691189
0.003498574 -0.05655895
0.003500174 -0.05644131
0.003501774 -0.05608838
0.003503374 -0.05573545
0.003504974 -0.05550016
0.003506574 -0.05526487
0.003508174 -0.05502958
0.003509774 -0.05467665
0.003511374 -0.05467665
0.003512974 -0.05444136
0.003514574 -0.05420607
0.003516174 -0.05420607
0.003517774 -0.05420607
0.003519374 -0.05444136
0.003520974 -0.05455901
0.003522574 -0.05467665
0.003524174 -0.05467665
0.003525774 -0.05479429
0.003527374 -0.05526487
0.003528974 -0.05538251
0.003530574 -0.05573545
0.003532174 -0.05573545
0.003533774 -0.05620602
0.003535374 -0.05597073
0.003536974 -0.05644131
0.003538574 -0.05655895
0.003540174 -0.05655895
0.003541774 -0.05702953
0.003543374 -0.05679424
0.003544974 -0.0566766
0.003546574 -0.05702953
0.003548174 -0.05655895
0.003549774 -0.05597073
0.003551374 -0.05585309
0.003552974 -0.0556178
0.003554574 -0.05514723
0.003556174 -0.05467665
0.003557774 -0.05432372
0.003559374 -0.05420607
0.003560974 -0.05338257
0.003562574 -0.05279435
0.003564174 -0.0518532
0.003565774 -0.05126498
0.003567374 -0.05067676
0.003568974 -0.05008854
0.003570574 -0.04902974
0.003572174 -0.04855916
0.003573774 -0.04738272
0.003575374 -0.04632393
0.003576974 -0.04573571
0.003578574 -0.04444163
0.003580174 -0.04314754
0.003581774 -0.0419711
0.003583374 -0.0411476
0.003584974 -0.03961822
0.003586574 -0.03832414
0.003588174 -0.03726534
0.003589774 -0.03620655
0.003591374 -0.03503011
0.003592974 -0.03397131
0.003594574 -0.0323243
0.003596174 -0.03150079
0.003597774 -0.03020671
0.003599374 -0.02891262
0.003600974 -0.02738325
0.003602574 -0.02655974
0.003604174 -0.0253833
0.003605774 -0.02432451
0.003607374 -0.02303043
0.003608974 -0.02197163
0.003610574 -0.02079519
0.003612174 -0.01973639
0.003613774 -0.01891289
0.003615374 -0.01773645
0.003616974 -0.01667765
0.003618574 -0.0157365
0.003620174 -0.0146777
0.003621774 -0.01397184
0.003623374 -0.01291305
0.003624974 -0.01232483
0.003626574 -0.01126603
0.003628174 -0.01044252
0.003629774 -0.009148438
0.003631374 -0.009148438
0.003632974 -0.008324931
0.003634574 -0.007266135
0.003636174 -0.006913203
0.003637774 -0.006207339
0.003639374 -0.005383832
0.003640974 -0.004677968
0.003642574 -0.003736816
0.003644174 -0.003030953
0.003645774 -0.002325089
0.003647374 -0.001736869
0.003648974 -0.0007957174
0.003650574 0.0001454343
0.003652174 0.0007336541
0.003653774 0.001557162
0.003655374 0.002615957
0.003656974 0.003321821
0.003658574 0.004027685
0.003660174 0.004733549
0.003661774 0.005909988
0.003663374 0.006615852
0.003664974 0.007557004
0.003666574 0.008380511
0.003668174 0.008851087
0.003669774 0.009556951
0.003671374 0.01038046
0.003672974 0.01096868
0.003674574 0.01190983
0.003676174 0.01249805
0.003677774 0.01320391
0.003679374 0.01379213
0.003680974 0.01426271
0.003682574 0.01485093
0.003684174 0.01567444
0.003685774 0.01614501
0.003687374 0.01649794
0.003688974 0.01685088
0.003690574 0.0174391
0.003692174 0.01779203
0.003693774 0.01849789
0.003695374 0.01896847
0.003696974 0.01908611
0.003698574 0.01967433
0.003700174 0.02014491
0.003701774 0.02026255
0.003703374 0.02108606
0.003704974 0.0212037
0.003706574 0.02202721
0.003708174 0.02202721
0.003709774 0.02273307
0.003711374 0.02285072
0.003712974 0.02320365
0.003714574 0.02355658
0.003716174 0.0241448
0.003717774 0.02379187
0.003719374 0.0241448
0.003720974 0.02379187
0.003722574 0.02390951
0.003724174 0.02390951
0.003725774 0.02367423
0.003727374 0.02273307
0.003728974 0.02296836
0.003730574 0.0222625
0.003732174 0.02214485
0.003733774 0.02179192
0.003735374 0.02132135
0.003736974 0.02061548
0.003738574 0.02014491
0.003740174 0.01955669
0.003741774 0.0193214
0.003743374 0.01873318
0.003744974 0.01838025
0.003746574 0.01790967
0.003748174 0.0174391
0.003749774 0.01708616
0.003751374 0.01696852
0.003752974 0.01614501
0.003754574 0.01590972
0.003756174 0.01543915
0.003757774 0.01496857
0.003759374 0.01426271
0.003760974 0.01438035
0.003762574 0.01379213
0.003764174 0.01355685
0.003765774 0.01285098
0.003767374 0.01249805
0.003768974 0.01214512
0.003770574 0.01202747
0.003772174 0.01167454
0.003773774 0.0115569
0.003775374 0.01096868
0.003776974 0.01132161
0.003778574 0.01120397
0.003780174 0.01143925
0.003781774 0.01167454
0.003783374 0.01179219
0.003784974 0.01190983
0.003786574 0.01285098
0.003788174 0.01249805
0.003789774 0.01308627
0.003791374 0.0134392
0.003792974 0.01414507
0.003794574 0.01461564
0.003796174 0.014498
0.003797774 0.01520386
0.003799374 0.01567444
0.003800974 0.01590972
0.003802574 0.01626266
0.003804174 0.01661559
0.003805774 0.01696852
0.003807374 0.01696852
0.003808974 0.01708616
0.003810574 0.0174391
0.003812174 0.01708616
0.003813774 0.01720381
0.003815374 0.01732145
0.003816974 0.01720381
0.003818574 0.0174391
0.003820174 0.01732145
0.003821774 0.0174391
0.003823374 0.0174391
0.003824974 0.01732145
0.003826574 0.01779203
0.003828174 0.01732145
0.003829774 0.01767438
0.003831374 0.01755674
0.003832974 0.0174391
0.003834574 0.01767438
0.003836174 0.01755674
0.003837774 0.01767438
0.003839374 0.01767438
0.003840974 0.01767438
0.003842574 0.01779203
0.003844174 0.01802732
0.003845774 0.0182626
0.003847374 0.01838025
0.003848974 0.01838025
0.003850574 0.0182626
0.003852174 0.01849789
0.003853774 0.01885082
0.003855374 0.01873318
0.003856974 0.01896847
0.003858574 0.01908611
0.003860174 0.0193214
0.003861774 0.01908611
0.003863374 0.01967433
0.003864974 0.01990962
0.003866574 0.01979198
0.003868174 0.01990962
0.003869774 0.02014491
0.003871374 0.02049784
0.003872974 0.02073313
0.003874574 0.0212037
0.003876174 0.0212037
0.003877774 0.02155663
0.003879374 0.02179192
0.003880974 0.02190957
0.003882574 0.02285072
0.003884174 0.02296836
0.003885774 0.02390951
0.003887374 0.0241448
0.003888974 0.02461538
0.003890574 0.02508595
0.003892174 0.02543889
0.003893774 0.02567417
0.003895374 0.02661532
0.003896974 0.02661532
0.003898574 0.02696826
0.003900174 0.02755648
0.003901774 0.02767412
0.003903374 0.02802705
0.003904974 0.02837998
0.003906574 0.02849763
0.003908174 0.02861527
0.003909774 0.02873292
0.003911374 0.02885056
0.003912974 0.02920349
0.003914574 0.02932114
0.003916174 0.02943878
0.003917774 0.02943878
0.003919374 0.02932114
0.003920974 0.02955642
0.003922574 0.02955642
0.003924174 0.02979171
0.003925774 0.02979171
0.003927374 0.02979171
0.003928974 0.02990936
0.003930574 0.03037993
0.003932174 0.03014464
0.003933774 0.03014464
0.003935374 0.03014464
0.003936974 0.03037993
0.003938574 0.03026229
0.003940174 0.03049758
0.003941774 0.03037993
0.003943374 0.03049758
0.003944974 0.03061522
0.003946574 0.03085051
0.003948174 0.03096815
0.003949774 0.0310858
0.003951374 0.03096815
0.003952974 0.03132108
0.003954574 0.03143873
0.003956174 0.03155637
0.003957774 0.0319093
0.003959374 0.03202695
0.003960974 0.03202695
0.003962574 0.03237988
0.003964174 0.03273281
0.003965774 0.03273281
0.003967374 0.03261517
0.003968974 0.0329681
0.003970574 0.03308574
0.003972174 0.03343867
0.003973774 0.03355632
0.003975374 0.03367396
0.003976974 0.03390925
0.003978574 0.03379161
0.003980174 0.03390925
0.003981774 0.03379161
0.003983374 0.03355632
0.003984974 0.03379161
0.003986574 0.03355632
0.003988174 0.03332103
0.003989774 0.03320339
0.003991374 0.03332103
0.003992974 0.03285045
0.003994574 0.03308574
0.003996174 0.03285045
0.003997774 0.03285045
0.003999374 0.03249752
0.004000974 0.0329681
0.004002574 0.03261517
0.004004174 0.03285045
0.004005774 0.03273281
0.004007374 0.03320339
0.004008974 0.03332103
0.004010574 0.03379161
0.004012174 0.03402689
0.004013774 0.03414454
0.004015374 0.03496805
0.004016974 0.03496805
0.004018574 0.03567391
0.004020174 0.03614449
0.004021774 0.03626213
0.004023374 0.03685035
0.004024974 0.03720328
0.004026574 0.03732093
0.004028174 0.03790914
0.004029774 0.03814443
0.004031374 0.03861501
0.004032974 0.03873265
0.004034574 0.03896794
0.004036174 0.03955616
0.004037774 0.03955616
0.004039374 0.03955616
0.004040974 0.0396738
0.004042574 0.03979145
0.004044174 0.03990909
0.004045774 0.04049731
0.004047374 0.04061496
0.004048974 0.0407326
0.004050574 0.0407326
0.004052174 0.04096789
0.004053774 0.04143846
0.004055374 0.04167375
0.004056974 0.04155611
0.004058574 0.04214433
0.004060174 0.04214433
0.004061774 0.04226197
0.004063374 0.04237962
0.004064974 0.04273255
0.004066574 0.0426149
0.004068174 0.04273255
0.004069774 0.04296784
0.004071374 0.04320312
0.004072974 0.04308548
0.004074574 0.04308548
0.004076174 0.04296784
0.004077774 0.04332077
0.004079374 0.04355605
0.004080974 0.04308548
0.004082574 0.04332077
0.004084174 0.04343841
0.004085774 0.04308548
0.004087374 0.04343841
0.004088974 0.04308548
0.004090574 0.04308548
0.004092174 0.0426149
0.004093774 0.04273255
0.004095374 0.04249726
0.004096974 0.0426149
0.004098574 0.04237962
0.004100174 0.04214433
0.004101774 0.04214433
0.004103374 0.04202668
0.004104974 0.04202668
0.004106574 0.04202668
0.004108174 0.0417914
0.004109774 0.04214433
0.004111374 0.0417914
0.004112974 0.04237962
0.004114574 0.04202668
0.004116174 0.04249726
0.004117774 0.04214433
0.004119374 0.04308548
0.004120974 0.04285019
0.004122574 0.04332077
0.004124174 0.04320312
0.004125774 0.0436737
0.004127374 0.04390899
0.004128974 0.04426192
0.004130574 0.04426192
0.004132174 0.04426192
0.004133774 0.04426192
0.004135374 0.04473249
0.004136974 0.04496778
0.004138574 0.04520307
0.004140174 0.04543836
0.004141774 0.04543836
0.004143374 0.04602658
0.004144974 0.04602658
0.004146574 0.04614422
0.004148174 0.04673244
0.004149774 0.04673244
0.004151374 0.04720302
0.004152974 0.04767359
0.004154574 0.04814417
0.004156174 0.04837946
0.004157774 0.04885003
0.004159374 0.04920297
0.004160974 0.04967354
0.004162574 0.05049705
0.004164174 0.05120291
0.004165774 0.05155584
0.004167374 0.05214406
0.004168974 0.052497
0.004170574 0.05284993
0.004172174 0.05343815
0.004173774 0.0543793
0.004175374 0.05426166
0.004176974 0.05473223
0.004178574 0.05532045
0.004180174 0.05614396
0.004181774 0.05649689
0.004183374 0.05684982
0.004184974 0.05767333
0.004186574 0.05837919
0.004188174 0.05873213
0.004189774 0.05908506
0.004191374 0.05979092
0.004192974 0.0602615
0.004194574 0.06061443
0.004196174 0.06143794
0.004197774 0.06167322
0.004199374 0.06226144
0.004200974 0.06249673
