LECROYWS4024HD 19320 Waveform
Segments 1 SegmentSize 3127
Segment TrigTime TimeSinceSegment1
#1 23-Jun-2024 22:30:07 0                 
Time Ampl
-0.0008002758 -0.0006780734
-0.0007986758 -0.0002074976
-0.0007970758 -0.0002074976
-0.0007954758 -0.0004427855
-0.0007938758 -8.985363e-005
-0.0007922758 -0.0002074976
-0.0007906758 -0.0003251415
-0.0007890758 -8.985363e-005
-0.0007874758 2.779033e-005
-0.0007858758 -0.0003251415
-0.0007842758 -0.0005604295
-0.0007826758 -0.0005604295
-0.0007810758 -0.0005604295
-0.0007794758 -0.0004427855
-0.0007778758 -0.0003251415
-0.0007762758 -0.0004427855
-0.0007746758 -0.0002074976
-0.0007730758 -0.0003251415
-0.0007714758 -0.0004427855
-0.0007698758 -0.0002074976
-0.0007682758 -8.985363e-005
-0.0007666758 -0.0004427855
-0.0007650758 -8.985363e-005
-0.0007634758 -0.0003251415
-0.0007618758 -0.0002074976
-0.0007602758 -0.0003251415
-0.0007586758 -0.0002074976
-0.0007570758 -0.0006780734
-0.0007554758 -0.0003251415
-0.0007538758 -0.0003251415
-0.0007522758 -0.0002074976
-0.0007506758 -0.0004427855
-0.0007490758 -0.0003251415
-0.0007474758 -0.0003251415
-0.0007458758 -0.0003251415
-0.0007442758 2.779033e-005
-0.0007426758 -0.0005604295
-0.0007410758 -0.0003251415
-0.0007394758 -0.0005604295
-0.0007378758 -8.985363e-005
-0.0007362758 -0.0003251415
-0.0007346758 -0.0003251415
-0.0007330758 -0.0003251415
-0.0007314758 -0.0003251415
-0.0007298758 -0.0004427855
-0.0007282758 -0.0003251415
-0.0007266758 -0.0002074976
-0.0007250758 -0.0002074976
-0.0007234758 -0.0003251415
-0.0007218758 -0.0004427855
-0.0007202758 -0.0003251415
-0.0007186758 -0.0004427855
-0.0007170758 -0.0002074976
-0.0007154758 -0.0002074976
-0.0007138758 -0.0006780734
-0.0007122758 -0.0005604295
-0.0007106758 -0.0003251415
-0.0007090758 -0.0003251415
-0.0007074758 -0.0002074976
-0.0007058758 -0.0003251415
-0.0007042758 -0.0002074976
-0.0007026758 -0.0002074976
-0.0007010758 -0.0003251415
-0.0006994758 -0.0003251415
-0.0006978758 -0.0002074976
-0.0006962758 -0.0004427855
-0.0006946758 -0.0003251415
-0.0006930758 -8.985363e-005
-0.0006914758 -0.0004427855
-0.0006898758 -0.0004427855
-0.0006882758 2.779033e-005
-0.0006866758 -0.0002074976
-0.0006850758 -0.0004427855
-0.0006834758 -0.0004427855
-0.0006818758 -0.0004427855
-0.0006802758 -8.985363e-005
-0.0006786758 -0.0003251415
-0.0006770758 -0.0003251415
-0.0006754758 -0.0003251415
-0.0006738758 -0.0004427855
-0.0006722758 -0.0007957174
-0.0006706758 -0.0005604295
-0.0006690758 -0.0002074976
-0.0006674758 -0.0002074976
-0.0006658758 -0.0002074976
-0.0006642758 -8.985363e-005
-0.0006626758 -0.0005604295
-0.0006610758 -0.0006780734
-0.0006594758 -0.0003251415
-0.0006578758 -0.0004427855
-0.0006562758 -0.0002074976
-0.0006546758 2.779033e-005
-0.0006530758 -0.0004427855
-0.0006514758 -0.0002074976
-0.0006498758 -0.0003251415
-0.0006482758 -0.0004427855
-0.0006466758 -0.0004427855
-0.0006450758 -0.0002074976
-0.0006434758 -0.0004427855
-0.0006418758 -0.0003251415
-0.0006402758 -0.0003251415
-0.0006386758 -0.0003251415
-0.0006370758 -0.0005604295
-0.0006354758 2.779033e-005
-0.0006338758 -0.0005604295
-0.0006322758 2.779033e-005
-0.0006306758 -8.985363e-005
-0.0006290758 -0.0004427855
-0.0006274758 -8.985363e-005
-0.0006258758 -0.0003251415
-0.0006242758 -0.0002074976
-0.0006226758 2.779033e-005
-0.0006210758 -0.0003251415
-0.0006194758 -0.0005604295
-0.0006178758 -0.0002074976
-0.0006162758 2.779033e-005
-0.0006146758 -0.0003251415
-0.0006130758 -0.0003251415
-0.0006114758 -0.0002074976
-0.0006098758 -0.0004427855
-0.0006082758 -0.0004427855
-0.0006066758 -0.0002074976
-0.0006050758 -0.0002074976
-0.0006034758 -0.0003251415
-0.0006018758 -0.0002074976
-0.0006002758 -0.0004427855
-0.0005986758 -0.0003251415
-0.0005970758 -0.0006780734
-0.0005954758 -0.0005604295
-0.0005938758 -0.0002074976
-0.0005922758 -0.0002074976
-0.0005906758 -8.985363e-005
-0.0005890758 -0.0002074976
-0.0005874758 -0.0004427855
-0.0005858758 -0.0002074976
-0.0005842758 -8.985363e-005
-0.0005826758 -0.0003251415
-0.0005810758 -0.0003251415
-0.0005794758 -0.0003251415
-0.0005778758 -0.0005604295
-0.0005762758 -0.0004427855
-0.0005746758 -8.985363e-005
-0.0005730758 -0.0004427855
-0.0005714758 -0.0002074976
-0.0005698758 -0.0002074976
-0.0005682758 -0.0002074976
-0.0005666758 -0.0003251415
-0.0005650758 -0.0004427855
-0.0005634758 -0.0003251415
-0.0005618758 -0.0003251415
-0.0005602758 -0.0004427855
-0.0005586758 -0.0002074976
-0.0005570758 -0.0005604295
-0.0005554758 -0.0002074976
-0.0005538758 -0.0004427855
-0.0005522758 -0.0003251415
-0.0005506758 -0.0002074976
-0.0005490758 -0.0004427855
-0.0005474758 -0.0005604295
-0.0005458758 -0.0004427855
-0.0005442758 -0.0002074976
-0.0005426758 -0.0005604295
-0.0005410758 -0.0004427855
-0.0005394758 -0.0003251415
-0.0005378758 -0.0004427855
-0.0005362758 -0.0003251415
-0.0005346758 -0.0005604295
-0.0005330758 -0.0004427855
-0.0005314758 -0.0004427855
-0.0005298758 -0.0002074976
-0.0005282758 -0.0003251415
-0.0005266758 -0.0003251415
-0.0005250758 -0.0004427855
-0.0005234758 -0.0004427855
-0.0005218758 -0.0004427855
-0.0005202758 -0.0006780734
-0.0005186758 -0.0005604295
-0.0005170758 -0.0003251415
-0.0005154758 -0.0005604295
-0.0005138758 -0.0005604295
-0.0005122758 -0.0003251415
-0.0005106758 -0.0003251415
-0.0005090758 -0.0005604295
-0.0005074758 -0.0006780734
-0.0005058758 -0.0002074976
-0.0005042758 -8.985363e-005
-0.0005026758 -8.985363e-005
-0.0005010758 -0.0003251415
-0.0004994758 -0.0002074976
-0.0004978758 -0.0004427855
-0.0004962758 -0.0003251415
-0.0004946758 -0.0004427855
-0.0004930758 -0.0002074976
-0.0004914758 -0.0005604295
-0.0004898758 -0.0002074976
-0.0004882758 -0.0004427855
-0.0004866758 -0.0004427855
-0.0004850758 -0.0004427855
-0.0004834758 -0.0004427855
-0.0004818758 -0.0005604295
-0.0004802758 -0.0002074976
-0.0004786758 -0.0002074976
-0.0004770758 -0.0006780734
-0.0004754758 -0.0004427855
-0.0004738758 -0.0004427855
-0.0004722758 -0.0004427855
-0.0004706758 -8.985363e-005
-0.0004690758 -0.0003251415
-0.0004674758 -0.0002074976
-0.0004658758 -8.985363e-005
-0.0004642758 -0.0005604295
-0.0004626758 -0.0003251415
-0.0004610758 -8.985363e-005
-0.0004594758 -0.0003251415
-0.0004578758 -8.985363e-005
-0.0004562758 -0.0002074976
-0.0004546758 -0.0005604295
-0.0004530758 0.0001454343
-0.0004514758 -0.0002074976
-0.0004498758 -0.0003251415
-0.0004482758 -0.0005604295
-0.0004466758 -0.0002074976
-0.0004450758 -0.0004427855
-0.0004434758 -0.0004427855
-0.0004418758 -0.0002074976
-0.0004402758 -0.0002074976
-0.0004386758 -0.0002074976
-0.0004370758 -0.0005604295
-0.0004354758 -0.0002074976
-0.0004338758 -0.0003251415
-0.0004322758 -0.0003251415
-0.0004306758 -0.0003251415
-0.0004290758 -0.0002074976
-0.0004274758 -0.0003251415
-0.0004258758 -0.0004427855
-0.0004242758 -0.0005604295
-0.0004226758 -0.0006780734
-0.0004210758 -8.985363e-005
-0.0004194758 -0.0003251415
-0.0004178758 -0.0004427855
-0.0004162758 -0.0006780734
-0.0004146758 -0.0003251415
-0.0004130758 -8.985363e-005
-0.0004114758 2.779033e-005
-0.0004098758 -0.0002074976
-0.0004082758 0.0001454343
-0.0004066758 -0.0002074976
-0.0004050758 -0.0003251415
-0.0004034758 -0.0002074976
-0.0004018758 -0.0003251415
-0.0004002758 -0.0002074976
-0.0003986758 -0.0004427855
-0.0003970758 -0.0003251415
-0.0003954758 -0.0003251415
-0.0003938758 -0.0002074976
-0.0003922758 -8.985363e-005
-0.0003906758 -0.0002074976
-0.0003890758 -8.985363e-005
-0.0003874758 -0.0003251415
-0.0003858758 -0.0004427855
-0.0003842758 -0.0003251415
-0.0003826758 -8.985363e-005
-0.0003810758 -0.0004427855
-0.0003794758 -0.0003251415
-0.0003778758 -0.0007957174
-0.0003762758 -0.0005604295
-0.0003746758 -0.0003251415
-0.0003730758 -0.0005604295
-0.0003714758 2.779033e-005
-0.0003698758 -0.0004427855
-0.0003682758 -0.0002074976
-0.0003666758 -0.0002074976
-0.0003650758 -0.0003251415
-0.0003634758 -0.0003251415
-0.0003618758 -0.0002074976
-0.0003602758 -0.0003251415
-0.0003586758 -0.0002074976
-0.0003570758 -0.0002074976
-0.0003554758 -0.0003251415
-0.0003538758 -0.0004427855
-0.0003522758 -0.0004427855
-0.0003506758 -0.0005604295
-0.0003490758 -0.0004427855
-0.0003474758 -8.985363e-005
-0.0003458758 -0.0003251415
-0.0003442758 -0.0004427855
-0.0003426758 -0.0002074976
-0.0003410758 -0.0004427855
-0.0003394758 -0.0002074976
-0.0003378758 -8.985363e-005
-0.0003362758 -0.0003251415
-0.0003346758 -0.0004427855
-0.0003330758 -0.0003251415
-0.0003314758 -0.0002074976
-0.0003298758 -0.0003251415
-0.0003282758 2.779033e-005
-0.0003266758 -0.0007957174
-0.0003250758 -0.0004427855
-0.0003234758 -0.0009133613
-0.0003218758 -0.0004427855
-0.0003202758 -0.0002074976
-0.0003186758 -0.0003251415
-0.0003170758 -8.985363e-005
-0.0003154758 -0.0002074976
-0.0003138758 -0.0006780734
-0.0003122758 -0.0004427855
-0.0003106758 -0.0002074976
-0.0003090758 -0.0002074976
-0.0003074758 -0.0004427855
-0.0003058758 -0.0003251415
-0.0003042758 -8.985363e-005
-0.0003026758 -0.0005604295
-0.0003010758 -0.0004427855
-0.0002994758 -0.0004427855
-0.0002978758 -0.0004427855
-0.0002962758 2.779033e-005
-0.0002946758 -0.0002074976
-0.0002930758 -0.0002074976
-0.0002914758 -0.0005604295
-0.0002898758 -0.0004427855
-0.0002882758 -8.985363e-005
-0.0002866758 -0.0002074976
-0.0002850758 -0.0004427855
-0.0002834758 -0.0002074976
-0.0002818758 -0.0003251415
-0.0002802758 -0.0003251415
-0.0002786758 -8.985363e-005
-0.0002770758 -0.0004427855
-0.0002754758 -0.0004427855
-0.0002738758 -0.0006780734
-0.0002722758 -0.0004427855
-0.0002706758 -0.0002074976
-0.0002690758 -0.0004427855
-0.0002674758 -0.0003251415
-0.0002658758 -0.0005604295
-0.0002642758 -0.0005604295
-0.0002626758 -0.0002074976
-0.0002610758 -0.0003251415
-0.0002594758 -0.0002074976
-0.0002578758 -0.0004427855
-0.0002562758 -0.0005604295
-0.0002546758 -0.0003251415
-0.0002530758 -0.0006780734
-0.0002514758 -0.0003251415
-0.0002498758 -0.0005604295
-0.0002482758 -0.0005604295
-0.0002466758 -0.0003251415
-0.0002450758 -0.0004427855
-0.0002434758 -0.0006780734
-0.0002418758 -0.0005604295
-0.0002402758 -0.0005604295
-0.0002386758 -0.0004427855
-0.0002370758 -0.0003251415
-0.0002354758 -0.0004427855
-0.0002338758 -0.0004427855
-0.0002322758 -0.0003251415
-0.0002306758 -0.0004427855
-0.0002290758 -0.0005604295
-0.0002274758 -0.0005604295
-0.0002258758 -0.0003251415
-0.0002242758 -0.0004427855
-0.0002226758 -0.0003251415
-0.0002210758 -0.0005604295
-0.0002194758 -0.0002074976
-0.0002178758 2.779033e-005
-0.0002162758 -0.0005604295
-0.0002146758 -0.0003251415
-0.0002130758 -0.0003251415
-0.0002114758 -0.0004427855
-0.0002098758 -0.0004427855
-0.0002082758 -8.985363e-005
-0.0002066758 -0.0004427855
-0.0002050758 -0.0005604295
-0.0002034758 -0.0009133613
-0.0002018758 -0.0004427855
-0.0002002758 -8.985363e-005
-0.0001986758 -0.0007957174
-0.0001970758 -0.0004427855
-0.0001954758 -8.985363e-005
-0.0001938758 -0.0003251415
-0.0001922758 -8.985363e-005
-0.0001906758 -0.0004427855
-0.0001890758 -0.0005604295
-0.0001874758 -0.0003251415
-0.0001858758 -0.0003251415
-0.0001842758 0.0001454343
-0.0001826758 -0.0004427855
-0.0001810758 -0.0004427855
-0.0001794758 -0.0006780734
-0.0001778758 -8.985363e-005
-0.0001762758 -0.0003251415
-0.0001746758 -0.0004427855
-0.0001730758 -0.0002074976
-0.0001714758 -0.0003251415
-0.0001698758 -0.0007957174
-0.0001682758 -0.0005604295
-0.0001666758 -0.0002074976
-0.0001650758 2.779033e-005
-0.0001634758 -0.0003251415
-0.0001618758 -0.0003251415
-0.0001602758 -0.0002074976
-0.0001586758 -0.0004427855
-0.0001570758 -0.0005604295
-0.0001554758 -0.0003251415
-0.0001538758 -0.0006780734
-0.0001522758 -0.0003251415
-0.0001506758 -0.0004427855
-0.0001490758 -0.0004427855
-0.0001474758 -0.0003251415
-0.0001458758 -0.0004427855
-0.0001442758 -0.0002074976
-0.0001426758 -0.0002074976
-0.0001410758 -0.0002074976
-0.0001394758 -8.985363e-005
-0.0001378758 -0.0005604295
-0.0001362758 -0.0003251415
-0.0001346758 -0.0002074976
-0.0001330758 -0.0005604295
-0.0001314758 -0.0002074976
-0.0001298758 -0.0005604295
-0.0001282758 -0.0003251415
-0.0001266758 -0.0003251415
-0.0001250758 -0.0003251415
-0.0001234758 -0.0002074976
-0.0001218758 2.779033e-005
-0.0001202758 -0.0004427855
-0.0001186758 -0.0004427855
-0.0001170758 -0.0006780734
-0.0001154758 -0.0002074976
-0.0001138758 -0.0004427855
-0.0001122758 -0.0003251415
-0.0001106758 -0.0004427855
-0.0001090758 -0.0003251415
-0.0001074758 -0.0004427855
-0.0001058758 -0.0005604295
-0.0001042758 -0.0004427855
-0.0001026758 -0.0002074976
-0.0001010758 -0.0005604295
-9.94758e-005 -8.985363e-005
-9.78758e-005 -0.0003251415
-9.62758e-005 -0.0005604295
-9.46758e-005 -8.985363e-005
-9.30758e-005 -0.0002074976
-9.14758e-005 -0.0003251415
-8.98758e-005 -0.0003251415
-8.82758e-005 -8.985363e-005
-8.66758e-005 -0.0003251415
-8.50758e-005 -8.985363e-005
-8.34758e-005 -0.0004427855
-8.18758e-005 -8.985363e-005
-8.02758e-005 2.779033e-005
-7.86758e-005 -0.0004427855
-7.70758e-005 -8.985363e-005
-7.54758e-005 -0.0002074976
-7.38758e-005 2.779033e-005
-7.22758e-005 -8.985363e-005
-7.06758e-005 -0.0002074976
-6.90758e-005 -8.985363e-005
-6.74758e-005 -0.0003251415
-6.58758e-005 -0.0005604295
-6.42758e-005 -0.0004427855
-6.26758e-005 -0.0003251415
-6.10758e-005 -0.0004427855
-5.94758e-005 -0.0002074976
-5.78758e-005 -0.0003251415
-5.62758e-005 -0.0002074976
-5.46758e-005 -0.0007957174
-5.30758e-005 -0.0007957174
-5.14758e-005 -0.001266293
-4.98758e-005 -0.002560377
-4.82758e-005 -0.007854355
-4.66758e-005 -0.01503064
-4.50758e-005 -0.02479508
-4.34758e-005 -0.0360889
-4.18758e-005 -0.04714744
-4.02758e-005 -0.05632367
-3.86758e-005 -0.06573518
-3.70758e-005 -0.07526434
-3.54758e-005 -0.08514644
-3.38758e-005 -0.09408738
-3.22758e-005 -0.1030283
-3.06758e-005 -0.1107928
-2.90758e-005 -0.1162044
-2.74758e-005 -0.1207926
-2.58758e-005 -0.1277335
-2.42758e-005 -0.1367921
-2.26758e-005 -0.1464389
-2.10758e-005 -0.156674
-1.94758e-005 -0.163262
-1.78758e-005 -0.1677325
-1.62758e-005 -0.1700854
-1.46758e-005 -0.1696148
-1.30758e-005 -0.1664384
-1.14758e-005 -0.1639679
-9.8758e-006 -0.1585563
-8.2758e-006 -0.1470272
-6.6758e-006 -0.1282041
-5.0758e-006 -0.1013813
-3.4758e-006 -0.07008801
-1.8758e-006 -0.03620655
-2.758e-007 -0.006324983
1.3242e-006 0.01614501
2.9242e-006 0.02932114
4.5242e-006 0.03626213
6.1242e-006 0.0396738
7.7242e-006 0.04132082
9.3242e-006 0.04308548
1.09242e-005 0.04414427
1.25242e-005 0.04543836
1.41242e-005 0.04496778
1.57242e-005 0.04308548
1.73242e-005 0.03990909
1.89242e-005 0.03543862
2.05242e-005 0.02979171
2.21242e-005 0.02261543
2.37242e-005 0.0153215
2.53242e-005 0.007557004
2.69242e-005 0.00120423
2.85242e-005 -0.00385446
3.01242e-005 -0.005736764
3.17242e-005 -0.005501476
3.33242e-005 -0.00385446
3.49242e-005 -0.001736869
3.65242e-005 -0.0003251415
3.81242e-005 0.001557162
3.97242e-005 0.002263026
4.13242e-005 0.001910094
4.29242e-005 0.002027738
4.45242e-005 2.779033e-005
4.61242e-005 -0.003148597
4.77242e-005 -0.006677915
4.93242e-005 -0.0109131
5.09242e-005 -0.01503064
5.25242e-005 -0.01844231
5.41242e-005 -0.02173634
5.57242e-005 -0.02420687
5.73242e-005 -0.0275009
5.89242e-005 -0.03032435
6.05242e-005 -0.03303016
6.21242e-005 -0.03538304
6.37242e-005 -0.0360889
6.53242e-005 -0.03691241
6.69242e-005 -0.03667712
6.85242e-005 -0.03573597
7.01242e-005 -0.03408896
7.17242e-005 -0.03373603
7.33242e-005 -0.03408896
7.49242e-005 -0.03491247
7.65242e-005 -0.03726534
7.81242e-005 -0.03903
7.97242e-005 -0.04055938
8.13242e-005 -0.04126524
8.29242e-005 -0.04232403
8.45242e-005 -0.04279461
8.61242e-005 -0.04291225
8.77242e-005 -0.04255932
8.93242e-005 -0.04255932
9.09242e-005 -0.04220639
9.25242e-005 -0.04255932
9.41242e-005 -0.04397105
9.57242e-005 -0.04550042
9.73242e-005 -0.04726508
9.89242e-005 -0.04702979
0.0001005242 -0.04550042
0.0001021242 -0.04220639
0.0001037242 -0.0371477
0.0001053242 -0.03197137
0.0001069242 -0.02597152
0.0001085242 -0.02067755
0.0001101242 -0.01585414
0.0001117242 -0.01267776
0.0001133242 -0.01044252
0.0001149242 -0.009266082
0.0001165242 -0.008324931
0.0001181242 -0.008207287
0.0001197242 -0.007971999
0.0001213242 -0.008207287
0.0001229242 -0.007971999
0.0001245242 -0.007501423
0.0001261242 -0.005972052
0.0001277242 -0.004325036
0.0001293242 -0.002678021
0.0001309242 -0.001266293
0.0001325242 -0.0005604295
0.0001341242 -0.0003251415
0.0001357242 -0.0006780734
0.0001373242 -0.001972157
0.0001389242 -0.002913309
0.0001405242 -0.004795612
0.0001421242 -0.006324983
0.0001437242 -0.00950137
0.0001453242 -0.01220718
0.0001469242 -0.01526592
0.0001485242 -0.01808938
0.0001501242 -0.02103048
0.0001517242 -0.02338336
0.0001533242 -0.02503037
0.0001549242 -0.02514802
0.0001565242 -0.02444215
0.0001581242 -0.02173634
0.0001597242 -0.01808938
0.0001613242 -0.01338362
0.0001629242 -0.009266082
0.0001645242 -0.004560324
0.0001661242 -0.001148649
0.0001677242 0.002733601
0.0001693242 0.004733549
0.0001709242 0.006615852
0.0001725242 0.007204072
0.0001741242 0.00626292
0.0001757242 0.004498261
0.0001773242 0.002145382
0.0001789242 -0.0003251415
0.0001805242 -0.002913309
0.0001821242 -0.00561912
0.0001837242 -0.009266082
0.0001853242 -0.01408948
0.0001869242 -0.01961875
0.0001885242 -0.02514802
0.0001901242 -0.03114786
0.0001917242 -0.03597126
0.0001933242 -0.03985351
0.0001949242 -0.04338283
0.0001965242 -0.04620629
0.0001981242 -0.04797094
0.0001997242 -0.0489121
0.0002013242 -0.04867681
0.0002029242 -0.04797094
0.0002045242 -0.04585335
0.0002061242 -0.04420634
0.0002077242 -0.04173581
0.0002093242 -0.03950058
0.0002109242 -0.03797121
0.0002125242 -0.03703006
0.0002141242 -0.03644184
0.0002157242 -0.03620655
0.0002173242 -0.03573597
0.0002189242 -0.03479482
0.0002205242 -0.03314781
0.0002221242 -0.03185372
0.0002237242 -0.03020671
0.0002253242 -0.02797147
0.0002269242 -0.02573624
0.0002285242 -0.02291278
0.0002301242 -0.01903053
0.0002317242 -0.01538357
0.0002333242 -0.01208954
0.0002349242 -0.008442575
0.0002365242 -0.005266188
0.0002381242 -0.002442733
0.0002397242 0.0001454343
0.0002413242 0.002027738
0.0002429242 0.003321821
0.0002445242 0.004027685
0.0002461242 0.003910041
0.0002477242 0.002733601
0.0002493242 0.001557162
0.0002509242 0.0004983662
0.0002525242 -0.001501581
0.0002541242 -0.002913309
0.0002557242 -0.004677968
0.0002573242 -0.005736764
0.0002589242 -0.007030847
0.0002605242 -0.006795559
0.0002621242 -0.006913203
0.0002637242 -0.006324983
0.0002653242 -0.006089696
0.0002669242 -0.005972052
0.0002685242 -0.006795559
0.0002701242 -0.008324931
0.0002717242 -0.0109131
0.0002733242 -0.01456006
0.0002749242 -0.01903053
0.0002765242 -0.02385393
0.0002781242 -0.02914791
0.0002797242 -0.03408896
0.0002813242 -0.03773592
0.0002829242 -0.04079466
0.0002845242 -0.04267697
0.0002861242 -0.04326519
0.0002877242 -0.04255932
0.0002893242 -0.04044173
0.0002909242 -0.0382065
0.0002925242 -0.03503011
0.0002941242 -0.03114786
0.0002957242 -0.02679503
0.0002973242 -0.02279514
0.0002989242 -0.01820702
0.0003005242 -0.01456006
0.0003021242 -0.01103074
0.0003037242 -0.009030794
0.0003053242 -0.006795559
0.0003069242 -0.005501476
0.0003085242 -0.004560324
0.0003101242 -0.004089748
0.0003117242 -0.004089748
0.0003133242 -0.00444268
0.0003149242 -0.004913256
0.0003165242 -0.005266188
0.0003181242 -0.006089696
0.0003197242 -0.006089696
0.0003213242 -0.006324983
0.0003229242 -0.006677915
0.0003245242 -0.006089696
0.0003261242 -0.00561912
0.0003277242 -0.004913256
0.0003293242 -0.004913256
0.0003309242 -0.005266188
0.0003325242 -0.005972052
0.0003341242 -0.006560271
0.0003357242 -0.007501423
0.0003373242 -0.008089643
0.0003389242 -0.009030794
0.0003405242 -0.009619014
0.0003421242 -0.01032488
0.0003437242 -0.01114839
0.0003453242 -0.01114839
0.0003469242 -0.01044252
0.0003485242 -0.009619014
0.0003501242 -0.008442575
0.0003517242 -0.007030847
0.0003533242 -0.005383832
0.0003549242 -0.003619172
0.0003565242 -0.002442733
0.0003581242 -0.001148649
0.0003597242 -0.0003251415
0.0003613242 0.0001454343
0.0003629242 0.0006160101
0.0003645242 0.000851298
0.0003661242 0.001086586
0.0003677242 0.0007336541
0.0003693242 0.0002630782
0.0003709242 -0.0006780734
0.0003725242 -0.001383937
0.0003741242 -0.002678021
0.0003757242 -0.003619172
0.0003773242 -0.004089748
0.0003789242 -0.003501528
0.0003805242 -0.003619172
0.0003821242 -0.002795665
0.0003837242 -0.001383937
0.0003853242 -0.0004427855
0.0003869242 -0.0003251415
0.0003885242 0.0002630782
0.0003901242 -0.0003251415
0.0003917242 -0.001736869
0.0003933242 -0.003383884
0.0003949242 -0.005972052
0.0003965242 -0.009148438
0.0003981242 -0.01208954
0.0003997242 -0.01479535
0.0004013242 -0.01656001
0.0004029242 -0.01820702
0.0004045242 -0.01950111
0.0004061242 -0.01985404
0.0004077242 -0.01961875
0.0004093242 -0.01961875
0.0004109242 -0.01844231
0.0004125242 -0.01773645
0.0004141242 -0.01644236
0.0004157242 -0.01526592
0.0004173242 -0.01397184
0.0004189242 -0.01244247
0.0004205242 -0.01020723
0.0004221242 -0.008442575
0.0004237242 -0.006795559
0.0004253242 -0.005383832
0.0004269242 -0.00385446
0.0004285242 -0.002089801
0.0004301242 -8.985363e-005
0.0004317242 0.001557162
0.0004333242 0.003086533
0.0004349242 0.005321768
0.0004365242 0.006968784
0.0004381242 0.009086375
0.0004397242 0.01190983
0.0004413242 0.01426271
0.0004429242 0.01755674
0.0004445242 0.02108606
0.0004461242 0.02426245
0.0004477242 0.02590946
0.0004493242 0.02767412
0.0004509242 0.02861527
0.0004525242 0.02885056
0.0004541242 0.0289682
0.0004557242 0.0281447
0.0004573242 0.02649768
0.0004589242 0.02461538
0.0004605242 0.0222625
0.0004621242 0.02026255
0.0004637242 0.01896847
0.0004653242 0.01814496
0.0004669242 0.01720381
0.0004685242 0.01685088
0.0004701242 0.01567444
0.0004717242 0.0153215
0.0004733242 0.014498
0.0004749242 0.01414507
0.0004765242 0.01261569
0.0004781242 0.01190983
0.0004797242 0.009674595
0.0004813242 0.007557004
0.0004829242 0.005557056
0.0004845242 0.002968889
0.0004861242 0.0006160101
0.0004877242 -0.001501581
0.0004893242 -0.003148597
0.0004909242 -0.004677968
0.0004925242 -0.005501476
0.0004941242 -0.005736764
0.0004957242 -0.005736764
0.0004973242 -0.004677968
0.0004989242 -0.003030953
0.0005005242 -0.0006780734
0.0005021242 0.001674806
0.0005037242 0.004027685
0.0005053242 0.005909988
0.0005069242 0.00743936
0.0005085242 0.008968731
0.0005101242 0.0104981
0.0005117242 0.01202747
0.0005133242 0.01414507
0.0005149242 0.0153215
0.0005165242 0.01614501
0.0005181242 0.01696852
0.0005197242 0.01790967
0.0005213242 0.01896847
0.0005229242 0.02002726
0.0005245242 0.02108606
0.0005261242 0.02143899
0.0005277242 0.02155663
0.0005293242 0.02143899
0.0005309242 0.02049784
0.0005325242 0.02014491
0.0005341242 0.02002726
0.0005357242 0.02026255
0.0005373242 0.0203802
0.0005389242 0.02026255
0.0005405242 0.02014491
0.0005421242 0.01990962
0.0005437242 0.01967433
0.0005453242 0.01979198
0.0005469242 0.02014491
0.0005485242 0.02014491
0.0005501242 0.02049784
0.0005517242 0.02085077
0.0005533242 0.0212037
0.0005549242 0.0212037
0.0005565242 0.02155663
0.0005581242 0.02132135
0.0005597242 0.0212037
0.0005613242 0.02061548
0.0005629242 0.01979198
0.0005645242 0.01908611
0.0005661242 0.01790967
0.0005677242 0.01696852
0.0005693242 0.01555679
0.0005709242 0.01461564
0.0005725242 0.01308627
0.0005741242 0.01167454
0.0005757242 0.009792239
0.0005773242 0.008615799
0.0005789242 0.007204072
0.0005805242 0.005909988
0.0005821242 0.005909988
0.0005837242 0.006145276
0.0005853242 0.007086428
0.0005869242 0.008498155
0.0005885242 0.01002753
0.0005901242 0.01190983
0.0005917242 0.01332156
0.0005933242 0.01496857
0.0005949242 0.01590972
0.0005965242 0.01649794
0.0005981242 0.01626266
0.0005997242 0.01579208
0.0006013242 0.01520386
0.0006029242 0.01414507
0.0006045242 0.01261569
0.0006061242 0.0115569
0.0006077242 0.009321663
0.0006093242 0.007674648
0.0006109242 0.005557056
0.0006125242 0.004380617
0.0006141242 0.003086533
0.0006157242 0.002145382
0.0006173242 0.001439518
0.0006189242 0.001557162
0.0006205242 0.0007336541
0.0006221242 0.0007336541
0.0006237242 0.000851298
0.0006253242 0.001557162
0.0006269242 0.001674806
0.0006285242 0.002145382
0.0006301242 0.00179245
0.0006317242 0.001557162
0.0006333242 0.001321874
0.0006349242 0.001557162
0.0006365242 0.001439518
0.0006381242 0.001910094
0.0006397242 0.001910094
0.0006413242 0.002498313
0.0006429242 0.003086533
0.0006445242 0.003910041
0.0006461242 0.004262973
0.0006477242 0.004851193
0.0006493242 0.005086481
0.0006509242 0.005909988
0.0006525242 0.005909988
0.0006541242 0.006968784
0.0006557242 0.007674648
0.0006573242 0.008968731
0.0006589242 0.01026281
0.0006605242 0.01190983
0.0006621242 0.01332156
0.0006637242 0.01508622
0.0006653242 0.01602737
0.0006669242 0.01708616
0.0006685242 0.01767438
0.0006701242 0.01838025
0.0006717242 0.01873318
0.0006733242 0.01908611
0.0006749242 0.01908611
0.0006765242 0.02002726
0.0006781242 0.01990962
0.0006797242 0.02073313
0.0006813242 0.02061548
0.0006829242 0.0212037
0.0006845242 0.02143899
0.0006861242 0.02179192
0.0006877242 0.02155663
0.0006893242 0.02190957
0.0006909242 0.02179192
0.0006925242 0.02261543
0.0006941242 0.02202721
0.0006957242 0.02202721
0.0006973242 0.02143899
0.0006989242 0.02049784
0.0007005242 0.01990962
0.0007021242 0.01943904
0.0007037242 0.01861554
0.0007053242 0.01814496
0.0007069242 0.01755674
0.0007085242 0.01649794
0.0007101242 0.01614501
0.0007117242 0.01555679
0.0007133242 0.01508622
0.0007149242 0.014498
0.0007165242 0.01332156
0.0007181242 0.01273334
0.0007197242 0.01073339
0.0007213242 0.009204019
0.0007229242 0.00743936
0.0007245242 0.0056747
0.0007261242 0.004498261
0.0007277242 0.003792397
0.0007293242 0.003086533
0.0007309242 0.002968889
0.0007325242 0.002968889
0.0007341242 0.003321821
0.0007357242 0.003792397
0.0007373242 0.005321768
0.0007389242 0.006027632
0.0007405242 0.007557004
0.0007421242 0.009086375
0.0007437242 0.01096868
0.0007453242 0.01273334
0.0007469242 0.01473329
0.0007485242 0.01649794
0.0007501242 0.01779203
0.0007517242 0.01943904
0.0007533242 0.02049784
0.0007549242 0.02190957
0.0007565242 0.02296836
0.0007581242 0.02438009
0.0007597242 0.02602711
0.0007613242 0.02673297
0.0007629242 0.02826234
0.0007645242 0.02920349
0.0007661242 0.02955642
0.0007677242 0.03026229
0.0007693242 0.03037993
0.0007709242 0.03037993
0.0007725242 0.03014464
0.0007741242 0.02932114
0.0007757242 0.02849763
0.0007773242 0.02720354
0.0007789242 0.02602711
0.0007805242 0.02426245
0.0007821242 0.02285072
0.0007837242 0.02108606
0.0007853242 0.01967433
0.0007869242 0.01802732
0.0007885242 0.01602737
0.0007901242 0.01390978
0.0007917242 0.01285098
0.0007933242 0.01085103
0.0007949242 0.009792239
0.0007965242 0.007909936
0.0007981242 0.006615852
0.0007997242 0.005439412
0.0008013242 0.004733549
0.0008029242 0.003321821
0.0008045242 0.002498313
0.0008061242 0.00179245
0.0008077242 0.001439518
0.0008093242 0.00179245
0.0008109242 0.002380669
0.0008125242 0.002733601
0.0008141242 0.004027685
0.0008157242 0.004733549
0.0008173242 0.005792344
0.0008189242 0.007204072
0.0008205242 0.008498155
0.0008221242 0.01002753
0.0008237242 0.01061575
0.0008253242 0.0115569
0.0008269242 0.01214512
0.0008285242 0.01226276
0.0008301242 0.01249805
0.0008317242 0.01226276
0.0008333242 0.01249805
0.0008349242 0.01238041
0.0008365242 0.01308627
0.0008381242 0.0134392
0.0008397242 0.01379213
0.0008413242 0.01426271
0.0008429242 0.01473329
0.0008445242 0.01520386
0.0008461242 0.01567444
0.0008477242 0.0163803
0.0008493242 0.01696852
0.0008509242 0.01673323
0.0008525242 0.01696852
0.0008541242 0.01649794
0.0008557242 0.01614501
0.0008573242 0.01602737
0.0008589242 0.01567444
0.0008605242 0.0153215
0.0008621242 0.01473329
0.0008637242 0.01402742
0.0008653242 0.01367449
0.0008669242 0.01238041
0.0008685242 0.01179219
0.0008701242 0.01085103
0.0008717242 0.01096868
0.0008733242 0.01002753
0.0008749242 0.009556951
0.0008765242 0.009321663
0.0008781242 0.008851087
0.0008797242 0.008615799
0.0008813242 0.008968731
0.0008829242 0.009556951
0.0008845242 0.01026281
0.0008861242 0.01096868
0.0008877242 0.01108632
0.0008893242 0.01190983
0.0008909242 0.01238041
0.0008925242 0.01332156
0.0008941242 0.01367449
0.0008957242 0.01414507
0.0008973242 0.01496857
0.0008989242 0.01473329
0.0009005242 0.01461564
0.0009021242 0.014498
0.0009037242 0.01461564
0.0009053242 0.014498
0.0009069242 0.014498
0.0009085242 0.01426271
0.0009101242 0.014498
0.0009117242 0.01426271
0.0009133242 0.01438035
0.0009149242 0.01438035
0.0009165242 0.01473329
0.0009181242 0.01473329
0.0009197242 0.01473329
0.0009213242 0.01473329
0.0009229242 0.01473329
0.0009245242 0.01414507
0.0009261242 0.01438035
0.0009277242 0.01402742
0.0009293242 0.014498
0.0009309242 0.01402742
0.0009325242 0.01390978
0.0009341242 0.01379213
0.0009357242 0.01367449
0.0009373242 0.01320391
0.0009389242 0.01238041
0.0009405242 0.01214512
0.0009421242 0.01190983
0.0009437242 0.01096868
0.0009453242 0.009321663
0.0009469242 0.008380511
0.0009485242 0.006968784
0.0009501242 0.004968837
0.0009517242 0.003439465
0.0009533242 0.002263026
0.0009549242 0.001910094
0.0009565242 0.0007336541
0.0009581242 0.000851298
0.0009597242 0.0002630782
0.0009613242 0.0007336541
0.0009629242 0.001439518
0.0009645242 0.002263026
0.0009661242 0.003204177
0.0009677242 0.004733549
0.0009693242 0.005792344
0.0009709242 0.006733496
0.0009725242 0.007792292
0.0009741242 0.008615799
0.0009757242 0.009321663
0.0009773242 0.0104981
0.0009789242 0.01085103
0.0009805242 0.01120397
0.0009821242 0.01132161
0.0009837242 0.01132161
0.0009853242 0.01120397
0.0009869242 0.01108632
0.0009885242 0.0104981
0.0009901242 0.01038046
0.0009917242 0.009909883
0.0009933242 0.01002753
0.0009949242 0.009909883
0.0009965242 0.009321663
0.0009981242 0.009086375
0.0009997242 0.009321663
0.001001324 0.009439307
0.001002924 0.009909883
0.001004524 0.0104981
0.001006124 0.01214512
0.001007724 0.01296863
0.001009324 0.01508622
0.001010924 0.01590972
0.001012524 0.01720381
0.001014124 0.01779203
0.001015724 0.01849789
0.001017324 0.01861554
0.001018924 0.01873318
0.001020524 0.01790967
0.001022124 0.01685088
0.001023724 0.01567444
0.001025324 0.01438035
0.001026924 0.01296863
0.001028524 0.01214512
0.001030124 0.01061575
0.001031724 0.009909883
0.001033324 0.008733443
0.001034924 0.008262867
0.001036524 0.00743936
0.001038124 0.007204072
0.001039724 0.00685114
0.001041324 0.006968784
0.001042924 0.007204072
0.001044524 0.006968784
0.001046124 0.007086428
0.001047724 0.007204072
0.001049324 0.00743936
0.001050924 0.007557004
0.001052524 0.008262867
0.001054124 0.008498155
0.001055724 0.009204019
0.001057324 0.01014517
0.001058924 0.01085103
0.001060524 0.01202747
0.001062124 0.01285098
0.001063724 0.01402742
0.001065324 0.014498
0.001066924 0.01485093
0.001068524 0.01485093
0.001070124 0.01520386
0.001071724 0.0153215
0.001073324 0.01508622
0.001074924 0.01485093
0.001076524 0.01461564
0.001078124 0.01402742
0.001079724 0.01414507
0.001081324 0.01367449
0.001082924 0.01367449
0.001084524 0.01332156
0.001086124 0.01332156
0.001087724 0.01308627
0.001089324 0.01332156
0.001090924 0.01332156
0.001092524 0.0134392
0.001094124 0.01296863
0.001095724 0.01355685
0.001097324 0.01355685
0.001098924 0.01355685
0.001100524 0.01332156
0.001102124 0.01332156
0.001103724 0.01296863
0.001105324 0.01238041
0.001106924 0.01214512
0.001108524 0.01179219
0.001110124 0.01096868
0.001111724 0.0104981
0.001113324 0.01038046
0.001114924 0.01026281
0.001116524 0.009204019
0.001118124 0.008615799
0.001119724 0.008498155
0.001121324 0.008968731
0.001122924 0.008498155
0.001124524 0.007792292
0.001126124 0.007792292
0.001127724 0.008145223
0.001129324 0.00802758
0.001130924 0.008615799
0.001132524 0.008968731
0.001134124 0.01002753
0.001135724 0.01061575
0.001137324 0.01179219
0.001138924 0.01285098
0.001140524 0.01426271
0.001142124 0.01496857
0.001143724 0.01567444
0.001145324 0.01626266
0.001146924 0.01661559
0.001148524 0.01685088
0.001150124 0.01614501
0.001151724 0.01567444
0.001153324 0.01473329
0.001154924 0.01355685
0.001156524 0.01273334
0.001158124 0.01179219
0.001159724 0.01073339
0.001161324 0.009439307
0.001162924 0.008733443
0.001164524 0.007792292
0.001166124 0.007321716
0.001167724 0.006615852
0.001169324 0.006027632
0.001170924 0.005909988
0.001172524 0.0056747
0.001174124 0.005439412
0.001175724 0.005204125
0.001177324 0.004733549
0.001178924 0.004968837
0.001180524 0.004262973
0.001182124 0.004851193
0.001183724 0.004615905
0.001185324 0.005909988
0.001186924 0.00685114
0.001188524 0.008262867
0.001190124 0.009439307
0.001191724 0.01096868
0.001193324 0.01261569
0.001194924 0.01426271
0.001196524 0.0153215
0.001198124 0.01614501
0.001199724 0.01661559
0.001201324 0.01720381
0.001202924 0.01685088
0.001204524 0.01685088
0.001206124 0.0163803
0.001207724 0.01543915
0.001209324 0.01485093
0.001210924 0.01438035
0.001212524 0.01379213
0.001214124 0.01367449
0.001215724 0.01249805
0.001217324 0.01285098
0.001218924 0.01226276
0.001220524 0.01202747
0.001222124 0.01167454
0.001223724 0.01132161
0.001225324 0.01120397
0.001226924 0.01108632
0.001228524 0.01073339
0.001230124 0.01061575
0.001231724 0.01026281
0.001233324 0.009674595
0.001234924 0.008498155
0.001236524 0.008262867
0.001238124 0.007792292
0.001239724 0.006968784
0.001241324 0.006733496
0.001242924 0.006498208
0.001244524 0.006380564
0.001246124 0.006027632
0.001247724 0.005909988
0.001249324 0.005909988
0.001250924 0.005909988
0.001252524 0.006498208
0.001254124 0.006498208
0.001255724 0.007086428
0.001257324 0.00743936
0.001258924 0.007792292
0.001260524 0.008145223
0.001262124 0.008851087
0.001263724 0.008851087
0.001265324 0.009321663
0.001266924 0.009321663
0.001268524 0.01038046
0.001270124 0.01038046
0.001271724 0.01096868
0.001273324 0.01120397
0.001274924 0.01190983
0.001276524 0.01249805
0.001278124 0.01332156
0.001279724 0.01308627
0.001281324 0.01390978
0.001282924 0.01355685
0.001284524 0.01426271
0.001286124 0.01367449
0.001287724 0.01332156
0.001289324 0.01261569
0.001290924 0.01214512
0.001292524 0.01120397
0.001294124 0.01014517
0.001295724 0.008968731
0.001297324 0.007557004
0.001298924 0.006380564
0.001300524 0.005792344
0.001302124 0.004380617
0.001303724 0.004380617
0.001305324 0.004145329
0.001306924 0.004027685
0.001308524 0.004380617
0.001310124 0.004851193
0.001311724 0.005557056
0.001313324 0.00626292
0.001314924 0.006733496
0.001316524 0.007674648
0.001318124 0.007792292
0.001319724 0.00802758
0.001321324 0.00802758
0.001322924 0.007792292
0.001324524 0.00743936
0.001326124 0.006733496
0.001327724 0.006027632
0.001329324 0.005204125
0.001330924 0.004262973
0.001332524 0.003910041
0.001334124 0.003204177
0.001335724 0.002498313
0.001337324 0.002145382
0.001338924 0.002263026
0.001340524 0.002027738
0.001342124 0.002145382
0.001343724 0.002145382
0.001345324 0.002263026
0.001346924 0.002263026
0.001348524 0.002851245
0.001350124 0.002733601
0.001351724 0.003086533
0.001353324 0.002851245
0.001354924 0.002733601
0.001356524 0.002498313
0.001358124 0.002498313
0.001359724 0.003204177
0.001361324 0.002968889
0.001362924 0.003674753
0.001364524 0.004615905
0.001366124 0.005321768
0.001367724 0.006498208
0.001369324 0.007909936
0.001370924 0.009674595
0.001372524 0.01096868
0.001374124 0.01308627
0.001375724 0.01402742
0.001377324 0.01567444
0.001378924 0.01649794
0.001380524 0.01790967
0.001382124 0.01861554
0.001383724 0.01943904
0.001385324 0.01979198
0.001386924 0.02026255
0.001388524 0.02026255
0.001390124 0.02002726
0.001391724 0.01955669
0.001393324 0.0193214
0.001394924 0.01861554
0.001396524 0.01790967
0.001398124 0.01708616
0.001399724 0.0163803
0.001401324 0.01543915
0.001402924 0.01461564
0.001404524 0.01296863
0.001406124 0.01190983
0.001407724 0.01038046
0.001409324 0.009909883
0.001410924 0.008851087
0.001412524 0.007909936
0.001414124 0.007674648
0.001415724 0.00685114
0.001417324 0.006615852
0.001418924 0.00626292
0.001420524 0.006380564
0.001422124 0.006498208
0.001423724 0.006498208
0.001425324 0.006968784
0.001426924 0.006968784
0.001428524 0.00743936
0.001430124 0.007792292
0.001431724 0.008145223
0.001433324 0.008851087
0.001434924 0.009556951
0.001436524 0.01002753
0.001438124 0.01120397
0.001439724 0.01190983
0.001441324 0.01273334
0.001442924 0.01296863
0.001444524 0.01402742
0.001446124 0.01402742
0.001447724 0.01496857
0.001449324 0.01520386
0.001450924 0.0153215
0.001452524 0.01555679
0.001454124 0.01555679
0.001455724 0.01543915
0.001457324 0.01579208
0.001458924 0.01555679
0.001460524 0.01567444
0.001462124 0.01567444
0.001463724 0.01543915
0.001465324 0.01520386
0.001466924 0.01508622
0.001468524 0.01438035
0.001470124 0.01414507
0.001471724 0.01332156
0.001473324 0.01285098
0.001474924 0.01202747
0.001476524 0.01108632
0.001478124 0.01038046
0.001479724 0.009556951
0.001481324 0.008498155
0.001482924 0.008145223
0.001484524 0.00743936
0.001486124 0.006733496
0.001487724 0.006498208
0.001489324 0.006027632
0.001490924 0.005792344
0.001492524 0.005557056
0.001494124 0.005439412
0.001495724 0.005321768
0.001497324 0.005086481
0.001498924 0.005321768
0.001500524 0.005321768
0.001502124 0.005439412
0.001503724 0.0056747
0.001505324 0.005792344
0.001506924 0.006027632
0.001508524 0.006027632
0.001510124 0.006615852
0.001511724 0.006615852
0.001513324 0.006615852
0.001514924 0.006615852
0.001516524 0.00626292
0.001518124 0.005792344
0.001519724 0.005204125
0.001521324 0.004968837
0.001522924 0.004027685
0.001524524 0.002968889
0.001526124 0.002380669
0.001527724 0.001439518
0.001529324 0.0003807222
0.001530924 -0.0003251415
0.001532524 -0.001266293
0.001534124 -0.001972157
0.001535724 -0.002325089
0.001537324 -0.003030953
0.001538924 -0.003619172
0.001540524 -0.003972104
0.001542124 -0.004325036
0.001543724 -0.00444268
0.001545324 -0.004677968
0.001546924 -0.004560324
0.001548524 -0.00444268
0.001550124 -0.004325036
0.001551724 -0.004207392
0.001553324 -0.003383884
0.001554924 -0.003383884
0.001556524 -0.002678021
0.001558124 -0.002795665
0.001559724 -0.002089801
0.001561324 -0.001266293
0.001562924 -0.0006780734
0.001564524 2.779033e-005
0.001566124 0.0006160101
0.001567724 0.000851298
0.001569324 0.001557162
0.001570924 0.001557162
0.001572524 0.00179245
0.001574124 0.001910094
0.001575724 0.001910094
0.001577324 0.00179245
0.001578924 0.001674806
0.001580524 0.000851298
0.001582124 0.0007336541
0.001583724 2.779033e-005
0.001585324 -0.0004427855
0.001586924 -0.0005604295
0.001588524 -0.0007957174
0.001590124 -0.001501581
0.001591724 -0.001501581
0.001593324 -0.001501581
0.001594924 -0.001736869
0.001596524 -0.001972157
0.001598124 -0.001972157
0.001599724 -0.001972157
0.001601324 -0.002089801
0.001602924 -0.002089801
0.001604524 -0.001972157
0.001606124 -0.002089801
0.001607724 -0.001383937
0.001609324 -0.001501581
0.001610924 -0.0009133613
0.001612524 -0.0009133613
0.001614124 -0.0005604295
0.001615724 -8.985363e-005
0.001617324 2.779033e-005
0.001618924 0.0003807222
0.001620524 0.0003807222
0.001622124 0.0007336541
0.001623724 0.0007336541
0.001625324 0.0004983662
0.001626924 0.0003807222
0.001628524 2.779033e-005
0.001630124 -0.0006780734
0.001631724 -0.0007957174
0.001633324 -0.0006780734
0.001634924 -0.001266293
0.001636524 -0.001736869
0.001638124 -0.002325089
0.001639724 -0.002560377
0.001641324 -0.002913309
0.001642924 -0.002795665
0.001644524 -0.003030953
0.001646124 -0.002913309
0.001647724 -0.002678021
0.001649324 -0.002442733
0.001650924 -0.002678021
0.001652524 -0.002325089
0.001654124 -0.002325089
0.001655724 -0.002207445
0.001657324 -0.001854513
0.001658924 -0.001854513
0.001660524 -0.001854513
0.001662124 -0.001619225
0.001663724 -0.001972157
0.001665324 -0.002089801
0.001666924 -0.001854513
0.001668524 -0.001736869
0.001670124 -0.001736869
0.001671724 -0.001383937
0.001673324 -0.001501581
0.001674924 -0.001031005
0.001676524 -0.0007957174
0.001678124 -8.985363e-005
0.001679724 0.0003807222
0.001681324 0.000968942
0.001682924 0.001910094
0.001684524 0.002498313
0.001686124 0.003086533
0.001687724 0.003792397
0.001689324 0.004027685
0.001690924 0.004380617
0.001692524 0.004615905
0.001694124 0.004615905
0.001695724 0.004262973
0.001697324 0.004380617
0.001698924 0.004027685
0.001700524 0.003321821
0.001702124 0.002968889
0.001703724 0.002380669
0.001705324 0.001674806
0.001706924 0.001086586
0.001708524 2.779033e-005
0.001710124 -0.001031005
0.001711724 -0.002207445
0.001713324 -0.003501528
0.001714924 -0.004560324
0.001716524 -0.006207339
0.001718124 -0.007501423
0.001719724 -0.008560219
0.001721324 -0.009854302
0.001722924 -0.01079545
0.001724524 -0.01150132
0.001726124 -0.01208954
0.001727724 -0.01244247
0.001729324 -0.01267776
0.001730924 -0.01256011
0.001732524 -0.01256011
0.001734124 -0.01173661
0.001735724 -0.01114839
0.001737324 -0.01056017
0.001738924 -0.009854302
0.001740524 -0.009148438
0.001742124 -0.008442575
0.001743724 -0.007383779
0.001745324 -0.006560271
0.001746924 -0.005854408
0.001748524 -0.005383832
0.001750124 -0.004325036
0.001751724 -0.003736816
0.001753324 -0.002795665
0.001754924 -0.002207445
0.001756524 -0.001972157
0.001758124 -0.001266293
0.001759724 -0.0007957174
0.001761324 -0.0005604295
0.001762924 -0.0003251415
0.001764524 0.0003807222
0.001766124 0.0002630782
0.001767724 2.779033e-005
0.001769324 0.0003807222
0.001770924 0.0003807222
0.001772524 2.779033e-005
0.001774124 -0.0003251415
0.001775724 -0.001031005
0.001777324 -0.001148649
0.001778924 -0.001383937
0.001780524 -0.001854513
0.001782124 -0.001972157
0.001783724 -0.002207445
0.001785324 -0.002442733
0.001786924 -0.002325089
0.001788524 -0.002442733
0.001790124 -0.002207445
0.001791724 -0.002207445
0.001793324 -0.002089801
0.001794924 -0.002442733
0.001796524 -0.002560377
0.001798124 -0.002795665
0.001799724 -0.002795665
0.001801324 -0.003266241
0.001802924 -0.003619172
0.001804524 -0.003972104
0.001806124 -0.003972104
0.001807724 -0.004795612
0.001809324 -0.005501476
0.001810924 -0.00561912
0.001812524 -0.006442627
0.001814124 -0.006560271
0.001815724 -0.007030847
0.001817324 -0.007501423
0.001818924 -0.007971999
0.001820524 -0.008795507
0.001822124 -0.009383726
0.001823724 -0.01008959
0.001825324 -0.01032488
0.001826924 -0.01103074
0.001828524 -0.01150132
0.001830124 -0.01197189
0.001831724 -0.01267776
0.001833324 -0.01291305
0.001834924 -0.01350126
0.001836524 -0.01361891
0.001838124 -0.01397184
0.001839724 -0.01444242
0.001841324 -0.01479535
0.001842924 -0.01514828
0.001844524 -0.01538357
0.001846124 -0.01620708
0.001847724 -0.01656001
0.001849324 -0.01667765
0.001850924 -0.01667765
0.001852524 -0.01620708
0.001854124 -0.01608943
0.001855724 -0.01608943
0.001857324 -0.0157365
0.001858924 -0.01526592
0.001860524 -0.01526592
0.001862124 -0.01444242
0.001863724 -0.01408948
0.001865324 -0.01373655
0.001866924 -0.01314833
0.001868524 -0.01314833
0.001870124 -0.01208954
0.001871724 -0.01161896
0.001873324 -0.01103074
0.001874924 -0.01056017
0.001876524 -0.009854302
0.001878124 -0.009148438
0.001879724 -0.008442575
0.001881324 -0.007736711
0.001882924 -0.007736711
0.001884524 -0.007148491
0.001886124 -0.007030847
0.001887724 -0.006677915
0.001889324 -0.006442627
0.001890924 -0.006560271
0.001892524 -0.006795559
0.001894124 -0.007030847
0.001895724 -0.006913203
0.001897324 -0.007030847
0.001898924 -0.007266135
0.001900524 -0.007619067
0.001902124 -0.007736711
0.001903724 -0.007971999
0.001905324 -0.008089643
0.001906924 -0.008089643
0.001908524 -0.008560219
0.001910124 -0.008442575
0.001911724 -0.008677863
0.001913324 -0.008913151
0.001914924 -0.009148438
0.001916524 -0.009383726
0.001918124 -0.009383726
0.001919724 -0.01044252
0.001921324 -0.01032488
0.001922924 -0.0109131
0.001924524 -0.01173661
0.001926124 -0.01220718
0.001927724 -0.01291305
0.001929324 -0.01338362
0.001930924 -0.01444242
0.001932524 -0.01526592
0.001934124 -0.01608943
0.001935724 -0.01644236
0.001937324 -0.01714823
0.001938924 -0.01750116
0.001940524 -0.01832467
0.001942124 -0.01879524
0.001943724 -0.01879524
0.001945324 -0.01950111
0.001946924 -0.01938346
0.001948524 -0.01961875
0.001950124 -0.02032461
0.001951724 -0.0205599
0.001953324 -0.02079519
0.001954924 -0.02126577
0.001956524 -0.02103048
0.001958124 -0.02114812
0.001959724 -0.02103048
0.001961324 -0.02067755
0.001962924 -0.02020697
0.001964524 -0.01926582
0.001966124 -0.01832467
0.001967724 -0.01726587
0.001969324 -0.01585414
0.001970924 -0.01432477
0.001972524 -0.01303069
0.001974124 -0.0109131
0.001975724 -0.009148438
0.001977324 -0.007854355
0.001978924 -0.005736764
0.001980524 -0.004325036
0.001982124 -0.002678021
0.001983724 -0.001501581
0.001985324 -0.0006780734
0.001986924 0.0001454343
0.001988524 0.0006160101
0.001990124 0.0007336541
0.001991724 0.001439518
0.001993324 0.001321874
0.001994924 0.001321874
0.001996524 0.001439518
0.001998124 0.001674806
0.001999724 0.001557162
0.002001324 0.002145382
0.002002924 0.002027738
0.002004524 0.002380669
0.002006124 0.002851245
0.002007724 0.002968889
0.002009324 0.003792397
0.002010924 0.003792397
0.002012524 0.004615905
0.002014124 0.004968837
0.002015724 0.005557056
0.002017324 0.005909988
0.002018924 0.00626292
0.002020524 0.007321716
0.002022124 0.007204072
0.002023724 0.00802758
0.002025324 0.008145223
0.002026924 0.00802758
0.002028524 0.008262867
0.002030124 0.008145223
0.002031724 0.007909936
0.002033324 0.00743936
0.002034924 0.006968784
0.002036524 0.00685114
0.002038124 0.006145276
0.002039724 0.005439412
0.002041324 0.004498261
0.002042924 0.004027685
0.002044524 0.002968889
0.002046124 0.002145382
0.002047724 0.001557162
0.002049324 0.000851298
0.002050924 2.779033e-005
0.002052524 -0.0007957174
0.002054124 -0.001383937
0.002055724 -0.001972157
0.002057324 -0.002795665
0.002058924 -0.002913309
0.002060524 -0.003266241
0.002062124 -0.003619172
0.002063724 -0.003736816
0.002065324 -0.004089748
0.002066924 -0.003736816
0.002068524 -0.00385446
0.002070124 -0.003266241
0.002071724 -0.003030953
0.002073324 -0.002560377
0.002074924 -0.001854513
0.002076524 -0.001031005
0.002078124 -0.0002074976
0.002079724 0.0007336541
0.002081324 0.002263026
0.002082924 0.003204177
0.002084524 0.004262973
0.002086124 0.005439412
0.002087724 0.00626292
0.002089324 0.007204072
0.002090924 0.008380511
0.002092524 0.009086375
0.002094124 0.009556951
0.002095724 0.01038046
0.002097324 0.01085103
0.002098924 0.01108632
0.002100524 0.01143925
0.002102124 0.01143925
0.002103724 0.01167454
0.002105324 0.01143925
0.002106924 0.01167454
0.002108524 0.01132161
0.002110124 0.01143925
0.002111724 0.01096868
0.002113324 0.0104981
0.002114924 0.01061575
0.002116524 0.0104981
0.002118124 0.01038046
0.002119724 0.01014517
0.002121324 0.009674595
0.002122924 0.009556951
0.002124524 0.009321663
0.002126124 0.008851087
0.002127724 0.008262867
0.002129324 0.008145223
0.002130924 0.007792292
0.002132524 0.007909936
0.002134124 0.00685114
0.002135724 0.006733496
0.002137324 0.006380564
0.002138924 0.006380564
0.002140524 0.0056747
0.002142124 0.0056747
0.002143724 0.005204125
0.002145324 0.005086481
0.002146924 0.004615905
0.002148524 0.004968837
0.002150124 0.004380617
0.002151724 0.004615905
0.002153324 0.004380617
0.002154924 0.004145329
0.002156524 0.004027685
0.002158124 0.003910041
0.002159724 0.004027685
0.002161324 0.004262973
0.002162924 0.003321821
0.002164524 0.003557109
0.002166124 0.003557109
0.002167724 0.003439465
0.002169324 0.003204177
0.002170924 0.003439465
0.002172524 0.003204177
0.002174124 0.003910041
0.002175724 0.003439465
0.002177324 0.004145329
0.002178924 0.004027685
0.002180524 0.004262973
0.002182124 0.004498261
0.002183724 0.004968837
0.002185324 0.004968837
0.002186924 0.005204125
0.002188524 0.004968837
0.002190124 0.005321768
0.002191724 0.005439412
0.002193324 0.005439412
0.002194924 0.0056747
0.002196524 0.006380564
0.002198124 0.007086428
0.002199724 0.007557004
0.002201324 0.008733443
0.002202924 0.009674595
0.002204524 0.01061575
0.002206124 0.01190983
0.002207724 0.01273334
0.002209324 0.01414507
0.002210924 0.01496857
0.002212524 0.01579208
0.002214124 0.01673323
0.002215724 0.01732145
0.002217324 0.01755674
0.002218924 0.01896847
0.002220524 0.01920376
0.002222124 0.01979198
0.002223724 0.01990962
0.002225324 0.02049784
0.002226924 0.02073313
0.002228524 0.02096841
0.002230124 0.02132135
0.002231724 0.02167428
0.002233324 0.02143899
0.002234924 0.02143899
0.002236524 0.0212037
0.002238124 0.02143899
0.002239724 0.0212037
0.002241324 0.02061548
0.002242924 0.01990962
0.002244524 0.01967433
0.002246124 0.01896847
0.002247724 0.01885082
0.002249324 0.01814496
0.002250924 0.01814496
0.002252524 0.01732145
0.002254124 0.01720381
0.002255724 0.01696852
0.002257324 0.01661559
0.002258924 0.0163803
0.002260524 0.01661559
0.002262124 0.01602737
0.002263724 0.0163803
0.002265324 0.01590972
0.002266924 0.0163803
0.002268524 0.01602737
0.002270124 0.01649794
0.002271724 0.01614501
0.002273324 0.01602737
0.002274924 0.0163803
0.002276524 0.0163803
0.002278124 0.01661559
0.002279724 0.01661559
0.002281324 0.01696852
0.002282924 0.01732145
0.002284524 0.01708616
0.002286124 0.01779203
0.002287724 0.01779203
0.002289324 0.01849789
0.002290924 0.01838025
0.002292524 0.01873318
0.002294124 0.01873318
0.002295724 0.01920376
0.002297324 0.01861554
0.002298924 0.0193214
0.002300524 0.01955669
0.002302124 0.01979198
0.002303724 0.01979198
0.002305324 0.01979198
0.002306924 0.02014491
0.002308524 0.02049784
0.002310124 0.0203802
0.002311724 0.02049784
0.002313324 0.02073313
0.002314924 0.02073313
0.002316524 0.02049784
0.002318124 0.02096841
0.002319724 0.02061548
0.002321324 0.0203802
0.002322924 0.02002726
0.002324524 0.02014491
0.002326124 0.01990962
0.002327724 0.01943904
0.002329324 0.01920376
0.002330924 0.01920376
0.002332524 0.01885082
0.002334124 0.01849789
0.002335724 0.01838025
0.002337324 0.01814496
0.002338924 0.01779203
0.002340524 0.0174391
0.002342124 0.0174391
0.002343724 0.01767438
0.002345324 0.01708616
0.002346924 0.01685088
0.002348524 0.01673323
0.002350124 0.01696852
0.002351724 0.01685088
0.002353324 0.01685088
0.002354924 0.01626266
0.002356524 0.01649794
0.002358124 0.01649794
0.002359724 0.01602737
0.002361324 0.0163803
0.002362924 0.01626266
0.002364524 0.01590972
0.002366124 0.01579208
0.002367724 0.01590972
0.002369324 0.01579208
0.002370924 0.01543915
0.002372524 0.01579208
0.002374124 0.01555679
0.002375724 0.01567444
0.002377324 0.01579208
0.002378924 0.01579208
0.002380524 0.01555679
0.002382124 0.01590972
0.002383724 0.01590972
0.002385324 0.01590972
0.002386924 0.01602737
0.002388524 0.0163803
0.002390124 0.0163803
0.002391724 0.01685088
0.002393324 0.01649794
0.002394924 0.01685088
0.002396524 0.0163803
0.002398124 0.01649794
0.002399724 0.01602737
0.002401324 0.01602737
0.002402924 0.01567444
0.002404524 0.01508622
0.002406124 0.01473329
0.002407724 0.014498
0.002409324 0.01367449
0.002410924 0.0134392
0.002412524 0.01296863
0.002414124 0.01296863
0.002415724 0.01249805
0.002417324 0.01226276
0.002418924 0.01179219
0.002420524 0.01190983
0.002422124 0.01143925
0.002423724 0.01120397
0.002425324 0.01108632
0.002426924 0.01120397
0.002428524 0.01085103
0.002430124 0.01132161
0.002431724 0.01096868
0.002433324 0.01108632
0.002434924 0.01096868
0.002436524 0.01120397
0.002438124 0.01120397
0.002439724 0.01096868
0.002441324 0.01096868
0.002442924 0.01085103
0.002444524 0.01085103
0.002446124 0.01085103
0.002447724 0.01085103
0.002449324 0.01061575
0.002450924 0.01073339
0.002452524 0.01061575
0.002454124 0.01073339
0.002455724 0.01061575
0.002457324 0.0104981
0.002458924 0.0104981
0.002460524 0.01014517
0.002462124 0.01014517
0.002463724 0.009909883
0.002465324 0.009674595
0.002466924 0.009086375
0.002468524 0.009204019
0.002470124 0.008615799
0.002471724 0.008145223
0.002473324 0.008145223
0.002474924 0.007909936
0.002476524 0.00743936
0.002478124 0.007321716
0.002479724 0.006968784
0.002481324 0.006733496
0.002482924 0.006615852
0.002484524 0.00626292
0.002486124 0.006027632
0.002487724 0.0056747
0.002489324 0.005557056
0.002490924 0.005086481
0.002492524 0.004733549
0.002494124 0.004733549
0.002495724 0.004027685
0.002497324 0.004027685
0.002498924 0.003557109
0.002500524 0.002851245
0.002502124 0.002733601
0.002503724 0.002733601
0.002505324 0.002498313
0.002506924 0.002145382
0.002508524 0.001439518
0.002510124 0.00179245
0.002511724 0.000968942
0.002513324 0.00120423
0.002514924 0.001086586
0.002516524 0.000968942
0.002518124 0.0002630782
0.002519724 0.0007336541
0.002521324 0.0006160101
0.002522924 0.000851298
0.002524524 0.0007336541
0.002526124 0.000968942
0.002527724 0.000968942
0.002529324 0.001086586
0.002530924 0.0007336541
0.002532524 0.001086586
0.002534124 0.0007336541
0.002535724 0.0004983662
0.002537324 0.0003807222
0.002538924 0.0002630782
0.002540524 -0.0003251415
0.002542124 -0.0004427855
0.002543724 -0.0009133613
0.002545324 -0.001148649
0.002546924 -0.001383937
0.002548524 -0.001854513
0.002550124 -0.002207445
0.002551724 -0.002207445
0.002553324 -0.002442733
0.002554924 -0.002795665
0.002556524 -0.003030953
0.002558124 -0.003501528
0.002559724 -0.003972104
0.002561324 -0.004089748
0.002562924 -0.004913256
0.002564524 -0.0050309
0.002566124 -0.00561912
0.002567724 -0.005736764
0.002569324 -0.006207339
0.002570924 -0.006324983
0.002572524 -0.006795559
0.002574124 -0.007266135
0.002575724 -0.007383779
0.002577324 -0.007501423
0.002578924 -0.007383779
0.002580524 -0.007619067
0.002582124 -0.007501423
0.002583724 -0.007383779
0.002585324 -0.007619067
0.002586924 -0.007266135
0.002588524 -0.006795559
0.002590124 -0.006324983
0.002591724 -0.005736764
0.002593324 -0.005266188
0.002594924 -0.004677968
0.002596524 -0.00385446
0.002598124 -0.003383884
0.002599724 -0.003148597
0.002601324 -0.002795665
0.002602924 -0.002325089
0.002604524 -0.002560377
0.002606124 -0.002325089
0.002607724 -0.002207445
0.002609324 -0.002207445
0.002610924 -0.002325089
0.002612524 -0.002442733
0.002614124 -0.002442733
0.002615724 -0.002560377
0.002617324 -0.002678021
0.002618924 -0.003030953
0.002620524 -0.003148597
0.002622124 -0.003619172
0.002623724 -0.003972104
0.002625324 -0.004089748
0.002626924 -0.004560324
0.002628524 -0.005148544
0.002630124 -0.005501476
0.002631724 -0.005383832
0.002633324 -0.005736764
0.002634924 -0.005501476
0.002636524 -0.005854408
0.002638124 -0.005736764
0.002639724 -0.005854408
0.002641324 -0.005972052
0.002642924 -0.005854408
0.002644524 -0.005854408
0.002646124 -0.005736764
0.002647724 -0.005736764
0.002649324 -0.005972052
0.002650924 -0.00561912
0.002652524 -0.005854408
0.002654124 -0.005854408
0.002655724 -0.005972052
0.002657324 -0.005736764
0.002658924 -0.006089696
0.002660524 -0.005972052
0.002662124 -0.006089696
0.002663724 -0.005736764
0.002665324 -0.005854408
0.002666924 -0.006442627
0.002668524 -0.006207339
0.002670124 -0.006677915
0.002671724 -0.007383779
0.002673324 -0.007266135
0.002674924 -0.007619067
0.002676524 -0.007619067
0.002678124 -0.007971999
0.002679724 -0.008442575
0.002681324 -0.008442575
0.002682924 -0.008560219
0.002684524 -0.00950137
0.002686124 -0.00950137
0.002687724 -0.009619014
0.002689324 -0.01056017
0.002690924 -0.01067781
0.002692524 -0.01138367
0.002694124 -0.01173661
0.002695724 -0.01197189
0.002697324 -0.01256011
0.002698924 -0.01303069
0.002700524 -0.01373655
0.002702124 -0.01432477
0.002703724 -0.0146777
0.002705324 -0.01479535
0.002706924 -0.01514828
0.002708524 -0.01550121
0.002710124 -0.01561886
0.002711724 -0.01608943
0.002713324 -0.01608943
0.002714924 -0.01644236
0.002716524 -0.01620708
0.002718124 -0.01644236
0.002719724 -0.01620708
0.002721324 -0.0157365
0.002722924 -0.0157365
0.002724524 -0.01538357
0.002726124 -0.01491299
0.002727724 -0.0146777
0.002729324 -0.01444242
0.002730924 -0.01432477
0.002732524 -0.01350126
0.002734124 -0.01338362
0.002735724 -0.01303069
0.002737324 -0.01256011
0.002738924 -0.01197189
0.002740524 -0.01232483
0.002742124 -0.01185425
0.002743724 -0.01208954
0.002745324 -0.01161896
0.002746924 -0.01208954
0.002748524 -0.01232483
0.002750124 -0.01232483
0.002751724 -0.01256011
0.002753324 -0.01291305
0.002754924 -0.01326598
0.002756524 -0.01373655
0.002758124 -0.01420713
0.002759724 -0.01479535
0.002761324 -0.01514828
0.002762924 -0.01561886
0.002764524 -0.01608943
0.002766124 -0.01632472
0.002767724 -0.01703058
0.002769324 -0.01726587
0.002770924 -0.01738352
0.002772524 -0.01785409
0.002774124 -0.01855996
0.002775724 -0.0186776
0.002777324 -0.01891289
0.002778924 -0.01903053
0.002780524 -0.01926582
0.002782124 -0.01926582
0.002783724 -0.01938346
0.002785324 -0.01938346
0.002786924 -0.01985404
0.002788524 -0.01961875
0.002790124 -0.01973639
0.002791724 -0.01961875
0.002793324 -0.01950111
0.002794924 -0.01914817
0.002796524 -0.01926582
0.002798124 -0.01855996
0.002799724 -0.01832467
0.002801324 -0.01797174
0.002802924 -0.0176188
0.002804524 -0.01644236
0.002806124 -0.01667765
0.002807724 -0.01620708
0.002809324 -0.01608943
0.002810924 -0.01561886
0.002812524 -0.01561886
0.002814124 -0.01561886
0.002815724 -0.0157365
0.002817324 -0.01550121
0.002818924 -0.01526592
0.002820524 -0.01597179
0.002822124 -0.01585414
0.002823724 -0.01585414
0.002825324 -0.01585414
0.002826924 -0.01585414
0.002828524 -0.01608943
0.002830124 -0.01667765
0.002831724 -0.01608943
0.002833324 -0.01620708
0.002834924 -0.01644236
0.002836524 -0.01620708
0.002838124 -0.01608943
0.002839724 -0.01620708
0.002841324 -0.01597179
0.002842924 -0.01585414
0.002844524 -0.01585414
0.002846124 -0.01585414
0.002847724 -0.01585414
0.002849324 -0.01597179
0.002850924 -0.01608943
0.002852524 -0.01608943
0.002854124 -0.01632472
0.002855724 -0.01644236
0.002857324 -0.01620708
0.002858924 -0.01691294
0.002860524 -0.01644236
0.002862124 -0.01667765
0.002863724 -0.01656001
0.002865324 -0.01632472
0.002866924 -0.01632472
0.002868524 -0.01644236
0.002870124 -0.01585414
0.002871724 -0.01585414
0.002873324 -0.01514828
0.002874924 -0.01491299
0.002876524 -0.01491299
0.002878124 -0.01432477
0.002879724 -0.01420713
0.002881324 -0.01373655
0.002882924 -0.01373655
0.002884524 -0.01303069
0.002886124 -0.0127954
0.002887724 -0.01208954
0.002889324 -0.01173661
0.002890924 -0.01150132
0.002892524 -0.01103074
0.002894124 -0.01067781
0.002895724 -0.009971946
0.002897324 -0.009619014
0.002898924 -0.009383726
0.002900524 -0.008560219
0.002902124 -0.008560219
0.002903724 -0.007736711
0.002905324 -0.007383779
0.002906924 -0.007030847
0.002908524 -0.006677915
0.002910124 -0.006677915
0.002911724 -0.006207339
0.002913324 -0.006207339
0.002914924 -0.006442627
0.002916524 -0.006207339
0.002918124 -0.006560271
0.002919724 -0.006677915
0.002921324 -0.007030847
0.002922924 -0.007266135
0.002924524 -0.007619067
0.002926124 -0.008089643
0.002927724 -0.008442575
0.002929324 -0.009148438
0.002930924 -0.00950137
0.002932524 -0.009619014
0.002934124 -0.01020723
0.002935724 -0.01032488
0.002937324 -0.01079545
0.002938924 -0.0109131
0.002940524 -0.01150132
0.002942124 -0.01197189
0.002943724 -0.01185425
0.002945324 -0.01185425
0.002946924 -0.01208954
0.002948524 -0.01208954
0.002950124 -0.01208954
0.002951724 -0.01232483
0.002953324 -0.01220718
0.002954924 -0.01256011
0.002956524 -0.01244247
0.002958124 -0.01256011
0.002959724 -0.01256011
0.002961324 -0.01244247
0.002962924 -0.01256011
0.002964524 -0.01244247
0.002966124 -0.0127954
0.002967724 -0.0127954
0.002969324 -0.01256011
0.002970924 -0.01244247
0.002972524 -0.01256011
0.002974124 -0.01232483
0.002975724 -0.01232483
0.002977324 -0.01232483
0.002978924 -0.01208954
0.002980524 -0.01161896
0.002982124 -0.01114839
0.002983724 -0.01126603
0.002985324 -0.01067781
0.002986924 -0.01020723
0.002988524 -0.009854302
0.002990124 -0.01020723
0.002991724 -0.009854302
0.002993324 -0.009619014
0.002994924 -0.00950137
0.002996524 -0.009619014
0.002998124 -0.009619014
0.002999724 -0.009854302
0.003001324 -0.01020723
0.003002924 -0.01020723
0.003004524 -0.01020723
0.003006124 -0.01008959
0.003007724 -0.009971946
0.003009324 -0.009971946
0.003010924 -0.01020723
0.003012524 -0.009854302
0.003014124 -0.009736658
0.003015724 -0.009266082
0.003017324 -0.00950137
0.003018924 -0.00950137
0.003020524 -0.009266082
0.003022124 -0.009266082
0.003023724 -0.008913151
0.003025324 -0.008913151
0.003026924 -0.008795507
0.003028524 -0.008677863
0.003030124 -0.008560219
0.003031724 -0.008207287
0.003033324 -0.008677863
0.003034924 -0.008442575
0.003036524 -0.008795507
0.003038124 -0.008795507
0.003039724 -0.008913151
0.003041324 -0.008913151
0.003042924 -0.008913151
0.003044524 -0.009030794
0.003046124 -0.009266082
0.003047724 -0.008677863
0.003049324 -0.009266082
0.003050924 -0.008795507
0.003052524 -0.009030794
0.003054124 -0.008795507
0.003055724 -0.009030794
0.003057324 -0.009030794
0.003058924 -0.009266082
0.003060524 -0.008795507
0.003062124 -0.00950137
0.003063724 -0.009266082
0.003065324 -0.009030794
0.003066924 -0.009030794
0.003068524 -0.008913151
0.003070124 -0.008560219
0.003071724 -0.009383726
0.003073324 -0.008913151
0.003074924 -0.009148438
0.003076524 -0.009148438
0.003078124 -0.009266082
0.003079724 -0.009383726
0.003081324 -0.009383726
0.003082924 -0.009854302
0.003084524 -0.009736658
0.003086124 -0.009854302
0.003087724 -0.009736658
0.003089324 -0.009383726
0.003090924 -0.00950137
0.003092524 -0.009266082
0.003094124 -0.009266082
0.003095724 -0.009030794
0.003097324 -0.008913151
0.003098924 -0.008560219
0.003100524 -0.008677863
0.003102124 -0.007854355
0.003103724 -0.007854355
0.003105324 -0.007501423
0.003106924 -0.007383779
0.003108524 -0.006795559
0.003110124 -0.006442627
0.003111724 -0.00561912
0.003113324 -0.005383832
0.003114924 -0.005266188
0.003116524 -0.004795612
0.003118124 -0.004089748
0.003119724 -0.004089748
0.003121324 -0.003972104
0.003122924 -0.003619172
0.003124524 -0.00385446
0.003126124 -0.003501528
0.003127724 -0.003736816
0.003129324 -0.004089748
0.003130924 -0.004207392
0.003132524 -0.004207392
0.003134124 -0.004560324
0.003135724 -0.004795612
0.003137324 -0.004913256
0.003138924 -0.005854408
0.003140524 -0.006207339
0.003142124 -0.006207339
0.003143724 -0.006913203
0.003145324 -0.007266135
0.003146924 -0.007383779
0.003148524 -0.007619067
0.003150124 -0.007854355
0.003151724 -0.008442575
0.003153324 -0.008089643
0.003154924 -0.008207287
0.003156524 -0.008324931
0.003158124 -0.008560219
0.003159724 -0.008560219
0.003161324 -0.008795507
0.003162924 -0.008442575
0.003164524 -0.008442575
0.003166124 -0.008089643
0.003167724 -0.008442575
0.003169324 -0.008089643
0.003170924 -0.008324931
0.003172524 -0.007971999
0.003174124 -0.007854355
0.003175724 -0.007501423
0.003177324 -0.007383779
0.003178924 -0.007148491
0.003180524 -0.007030847
0.003182124 -0.006442627
0.003183724 -0.006324983
0.003185324 -0.00561912
0.003186924 -0.005501476
0.003188524 -0.004677968
0.003190124 -0.004913256
0.003191724 -0.004207392
0.003193324 -0.003972104
0.003194924 -0.003266241
0.003196524 -0.003030953
0.003198124 -0.002678021
0.003199724 -0.002207445
0.003201324 -0.002089801
0.003202924 -0.002089801
0.003204524 -0.001854513
0.003206124 -0.001736869
0.003207724 -0.001972157
0.003209324 -0.001854513
0.003210924 -0.001736869
0.003212524 -0.001501581
0.003214124 -0.001736869
0.003215724 -0.001854513
0.003217324 -0.001972157
0.003218924 -0.002207445
0.003220524 -0.001383937
0.003222124 -0.001854513
0.003223724 -0.001619225
0.003225324 -0.001619225
0.003226924 -0.001736869
0.003228524 -0.001854513
0.003230124 -0.001854513
0.003231724 -0.001972157
0.003233324 -0.001736869
0.003234924 -0.001736869
0.003236524 -0.001383937
0.003238124 -0.001619225
0.003239724 -0.001383937
0.003241324 -0.001148649
0.003242924 -0.001148649
0.003244524 -0.001031005
0.003246124 -0.0005604295
0.003247724 -0.0006780734
0.003249324 0.0003807222
0.003250924 2.779033e-005
0.003252524 0.000851298
0.003254124 0.001321874
0.003255724 0.001557162
0.003257324 0.002263026
0.003258924 0.002263026
0.003260524 0.002498313
0.003262124 0.002733601
0.003263724 0.002733601
0.003265324 0.003204177
0.003266924 0.003321821
0.003268524 0.003674753
0.003270124 0.003557109
0.003271724 0.003792397
0.003273324 0.003792397
0.003274924 0.004027685
0.003276524 0.003674753
0.003278124 0.004027685
0.003279724 0.003557109
0.003281324 0.003557109
0.003282924 0.003557109
0.003284524 0.003321821
0.003286124 0.003557109
0.003287724 0.003321821
0.003289324 0.003204177
0.003290924 0.003439465
0.003292524 0.002968889
0.003294124 0.002851245
0.003295724 0.002615957
0.003297324 0.002615957
0.003298924 0.002733601
0.003300524 0.002380669
0.003302124 0.002380669
0.003303724 0.002498313
0.003305324 0.002498313
0.003306924 0.002615957
0.003308524 0.002498313
0.003310124 0.002851245
0.003311724 0.002498313
0.003313324 0.002851245
0.003314924 0.002733601
0.003316524 0.003086533
0.003318124 0.003086533
0.003319724 0.003439465
0.003321324 0.002968889
0.003322924 0.003439465
0.003324524 0.003321821
0.003326124 0.003204177
0.003327724 0.003321821
0.003329324 0.003204177
0.003330924 0.003321821
0.003332524 0.003086533
0.003334124 0.002968889
0.003335724 0.003792397
0.003337324 0.003321821
0.003338924 0.003910041
0.003340524 0.003439465
0.003342124 0.003674753
0.003343724 0.003674753
0.003345324 0.004027685
0.003346924 0.004380617
0.003348524 0.004262973
0.003350124 0.004145329
0.003351724 0.004615905
0.003353324 0.005204125
0.003354924 0.005321768
0.003356524 0.005909988
0.003358124 0.006145276
0.003359724 0.006733496
0.003361324 0.006615852
0.003362924 0.006968784
0.003364524 0.007086428
0.003366124 0.007557004
0.003367724 0.006968784
0.003369324 0.007321716
0.003370924 0.007204072
0.003372524 0.00685114
0.003374124 0.006733496
0.003375724 0.006380564
0.003377324 0.006615852
0.003378924 0.005909988
0.003380524 0.005909988
0.003382124 0.005321768
0.003383724 0.005321768
0.003385324 0.004968837
0.003386924 0.004733549
0.003388524 0.004733549
0.003390124 0.004733549
0.003391724 0.004380617
0.003393324 0.004498261
0.003394924 0.004498261
0.003396524 0.004498261
0.003398124 0.004615905
0.003399724 0.004851193
0.003401324 0.004851193
0.003402924 0.005204125
0.003404524 0.005439412
0.003406124 0.005439412
0.003407724 0.005439412
0.003409324 0.005792344
0.003410924 0.00626292
0.003412524 0.006380564
0.003414124 0.00626292
0.003415724 0.00626292
0.003417324 0.006615852
0.003418924 0.006498208
0.003420524 0.006380564
0.003422124 0.006380564
0.003423724 0.006498208
0.003425324 0.006380564
0.003426924 0.005792344
0.003428524 0.006145276
0.003430124 0.0056747
0.003431724 0.005792344
0.003433324 0.0056747
0.003434924 0.005321768
0.003436524 0.005204125
0.003438124 0.004968837
0.003439724 0.004968837
0.003441324 0.004733549
0.003442924 0.004380617
0.003444524 0.004380617
0.003446124 0.004262973
0.003447724 0.004145329
0.003449324 0.003910041
0.003450924 0.004262973
0.003452524 0.004145329
0.003454124 0.004262973
0.003455724 0.004262973
0.003457324 0.004380617
0.003458924 0.003910041
0.003460524 0.004851193
0.003462124 0.004968837
0.003463724 0.004851193
0.003465324 0.005086481
0.003466924 0.005204125
0.003468524 0.0056747
0.003470124 0.005909988
0.003471724 0.0056747
0.003473324 0.006027632
0.003474924 0.006733496
0.003476524 0.006733496
0.003478124 0.006968784
0.003479724 0.007321716
0.003481324 0.007792292
0.003482924 0.008145223
0.003484524 0.008145223
0.003486124 0.008615799
0.003487724 0.009086375
0.003489324 0.009086375
0.003490924 0.009674595
0.003492524 0.0104981
0.003494124 0.01014517
0.003495724 0.01073339
0.003497324 0.01085103
0.003498924 0.01085103
0.003500524 0.01120397
0.003502124 0.01167454
0.003503724 0.01143925
0.003505324 0.01132161
0.003506924 0.01143925
0.003508524 0.01143925
0.003510124 0.01132161
0.003511724 0.01143925
0.003513324 0.01132161
0.003514924 0.01120397
0.003516524 0.01085103
0.003518124 0.01108632
0.003519724 0.01120397
0.003521324 0.01085103
0.003522924 0.01085103
0.003524524 0.01073339
0.003526124 0.01085103
0.003527724 0.01085103
0.003529324 0.01085103
0.003530924 0.01143925
0.003532524 0.01108632
0.003534124 0.01179219
0.003535724 0.01190983
0.003537324 0.01214512
0.003538924 0.01226276
0.003540524 0.01273334
0.003542124 0.01332156
0.003543724 0.01355685
0.003545324 0.01320391
0.003546924 0.01379213
0.003548524 0.01367449
0.003550124 0.01390978
0.003551724 0.01367449
0.003553324 0.01402742
0.003554924 0.01402742
0.003556524 0.01414507
0.003558124 0.01414507
0.003559724 0.01402742
0.003561324 0.01414507
0.003562924 0.01438035
0.003564524 0.01426271
0.003566124 0.01438035
0.003567724 0.01426271
0.003569324 0.014498
0.003570924 0.01414507
0.003572524 0.014498
0.003574124 0.01461564
0.003575724 0.01473329
0.003577324 0.01438035
0.003578924 0.01473329
0.003580524 0.01473329
0.003582124 0.01473329
0.003583724 0.01485093
0.003585324 0.01461564
0.003586924 0.01473329
0.003588524 0.01485093
0.003590124 0.014498
0.003591724 0.01496857
0.003593324 0.01461564
0.003594924 0.01496857
0.003596524 0.01461564
0.003598124 0.01473329
0.003599724 0.01461564
0.003601324 0.01508622
0.003602924 0.01508622
0.003604524 0.01520386
0.003606124 0.01543915
0.003607724 0.01543915
0.003609324 0.01567444
0.003610924 0.01579208
0.003612524 0.01555679
0.003614124 0.01590972
0.003615724 0.01567444
0.003617324 0.01543915
0.003618924 0.01543915
0.003620524 0.0153215
0.003622124 0.01496857
0.003623724 0.01485093
0.003625324 0.01426271
0.003626924 0.01426271
0.003628524 0.01367449
0.003630124 0.01308627
0.003631724 0.01273334
0.003633324 0.01226276
0.003634924 0.01179219
0.003636524 0.0115569
0.003638124 0.01120397
0.003639724 0.0104981
0.003641324 0.009909883
0.003642924 0.01026281
0.003644524 0.009439307
0.003646124 0.009792239
0.003647724 0.009556951
0.003649324 0.009321663
0.003650924 0.008851087
0.003652524 0.009086375
0.003654124 0.008733443
0.003655724 0.008498155
0.003657324 0.008380511
0.003658924 0.008262867
0.003660524 0.008145223
0.003662124 0.007909936
0.003663724 0.008145223
0.003665324 0.007557004
0.003666924 0.00743936
0.003668524 0.007792292
0.003670124 0.007204072
0.003671724 0.007204072
0.003673324 0.007086428
0.003674924 0.007086428
0.003676524 0.006733496
0.003678124 0.00685114
0.003679724 0.006615852
0.003681324 0.006615852
0.003682924 0.006145276
0.003684524 0.006145276
0.003686124 0.005792344
0.003687724 0.0056747
0.003689324 0.005557056
0.003690924 0.0056747
0.003692524 0.004851193
0.003694124 0.004851193
0.003695724 0.004380617
0.003697324 0.004498261
0.003698924 0.004145329
0.003700524 0.003910041
0.003702124 0.003557109
0.003703724 0.003557109
0.003705324 0.003086533
0.003706924 0.002615957
0.003708524 0.002615957
0.003710124 0.002263026
0.003711724 0.002145382
0.003713324 0.002263026
0.003714924 0.001674806
0.003716524 0.001674806
0.003718124 0.001674806
0.003719724 0.00120423
0.003721324 0.001086586
0.003722924 0.000851298
0.003724524 0.0004983662
0.003726124 0.0003807222
0.003727724 -8.985363e-005
0.003729324 2.779033e-005
0.003730924 -0.0003251415
0.003732524 -0.0003251415
0.003734124 -0.0004427855
0.003735724 -0.0004427855
0.003737324 -0.0009133613
0.003738924 -0.0009133613
0.003740524 -0.001266293
0.003742124 -0.0006780734
0.003743724 -0.001031005
0.003745324 -0.0007957174
0.003746924 -0.0009133613
0.003748524 -0.0006780734
0.003750124 -0.0007957174
0.003751724 -0.0004427855
0.003753324 -0.0005604295
0.003754924 -0.0002074976
0.003756524 -0.0003251415
0.003758124 -0.0005604295
0.003759724 -8.985363e-005
0.003761324 -0.0004427855
0.003762924 -0.0005604295
0.003764524 -0.0005604295
0.003766124 -0.0003251415
0.003767724 -0.0005604295
0.003769324 -0.0005604295
0.003770924 -0.0002074976
0.003772524 -0.0002074976
0.003774124 -0.0003251415
0.003775724 -0.0004427855
0.003777324 -0.0006780734
0.003778924 -0.0009133613
0.003780524 -0.0009133613
0.003782124 -0.001266293
0.003783724 -0.001383937
0.003785324 -0.001854513
0.003786924 -0.001854513
0.003788524 -0.002442733
0.003790124 -0.002442733
0.003791724 -0.002678021
0.003793324 -0.003030953
0.003794924 -0.003266241
0.003796524 -0.003383884
0.003798124 -0.003501528
0.003799724 -0.003619172
0.003801324 -0.003972104
0.003802924 -0.003972104
0.003804524 -0.003972104
0.003806124 -0.003972104
0.003807724 -0.003736816
0.003809324 -0.003736816
0.003810924 -0.003972104
0.003812524 -0.003501528
0.003814124 -0.003619172
0.003815724 -0.003383884
0.003817324 -0.003736816
0.003818924 -0.003383884
0.003820524 -0.003501528
0.003822124 -0.003383884
0.003823724 -0.002795665
0.003825324 -0.003148597
0.003826924 -0.002795665
0.003828524 -0.002442733
0.003830124 -0.002325089
0.003831724 -0.002089801
0.003833324 -0.001972157
0.003834924 -0.001736869
0.003836524 -0.001619225
0.003838124 -0.001031005
0.003839724 -0.001148649
0.003841324 -0.0009133613
0.003842924 -0.0006780734
0.003844524 -0.0003251415
0.003846124 2.779033e-005
0.003847724 0.0004983662
0.003849324 0.0007336541
0.003850924 0.001086586
0.003852524 0.0006160101
0.003854124 0.001557162
0.003855724 0.001321874
0.003857324 0.001557162
0.003858924 0.001439518
0.003860524 0.002027738
0.003862124 0.001910094
0.003863724 0.002027738
0.003865324 0.002027738
0.003866924 0.002145382
0.003868524 0.002145382
0.003870124 0.002145382
0.003871724 0.002145382
0.003873324 0.002145382
0.003874924 0.001674806
0.003876524 0.001910094
0.003878124 0.001321874
0.003879724 0.00120423
0.003881324 0.000968942
0.003882924 0.0006160101
0.003884524 0.0004983662
0.003886124 0.0003807222
0.003887724 -8.985363e-005
0.003889324 -8.985363e-005
0.003890924 2.779033e-005
0.003892524 0.0001454343
0.003894124 -0.0002074976
0.003895724 0.0001454343
0.003897324 2.779033e-005
0.003898924 2.779033e-005
0.003900524 -8.985363e-005
0.003902124 0.0001454343
0.003903724 0.0001454343
0.003905324 0.0006160101
0.003906924 0.0001454343
0.003908524 0.0006160101
0.003910124 0.0006160101
0.003911724 0.0007336541
0.003913324 0.0006160101
0.003914924 0.000968942
0.003916524 0.0006160101
0.003918124 0.001557162
0.003919724 0.000968942
0.003921324 0.001086586
0.003922924 0.000968942
0.003924524 0.001321874
0.003926124 0.000968942
0.003927724 0.001557162
0.003929324 0.001439518
0.003930924 0.001557162
0.003932524 0.001439518
0.003934124 0.001439518
0.003935724 0.000968942
0.003937324 0.001910094
0.003938924 0.00120423
0.003940524 0.001439518
0.003942124 0.000968942
0.003943724 0.001086586
0.003945324 0.000851298
0.003946924 0.001086586
0.003948524 0.0007336541
0.003950124 0.0007336541
0.003951724 0.0004983662
0.003953324 0.0006160101
0.003954924 0.0004983662
0.003956524 0.0006160101
0.003958124 0.0002630782
0.003959724 0.0001454343
0.003961324 -8.985363e-005
0.003962924 -8.985363e-005
0.003964524 -8.985363e-005
0.003966124 -8.985363e-005
0.003967724 -0.0003251415
0.003969324 -8.985363e-005
0.003970924 -0.0002074976
0.003972524 -8.985363e-005
0.003974124 -8.985363e-005
0.003975724 0.0001454343
0.003977324 -0.0002074976
0.003978924 -0.0003251415
0.003980524 -8.985363e-005
0.003982124 0.0003807222
0.003983724 2.779033e-005
0.003985324 0.0003807222
0.003986924 -0.0002074976
0.003988524 2.779033e-005
0.003990124 -8.985363e-005
0.003991724 -8.985363e-005
0.003993324 2.779033e-005
0.003994924 -8.985363e-005
0.003996524 0.0001454343
0.003998124 -0.0002074976
0.003999724 -0.0002074976
0.004001324 2.779033e-005
0.004002924 -0.0005604295
0.004004524 -0.0005604295
0.004006124 -0.0007957174
0.004007724 -0.0005604295
0.004009324 -0.001148649
0.004010924 -0.0007957174
0.004012524 -0.001619225
0.004014124 -0.001619225
0.004015724 -0.001972157
0.004017324 -0.002089801
0.004018924 -0.002207445
0.004020524 -0.002795665
0.004022124 -0.002678021
0.004023724 -0.003030953
0.004025324 -0.003148597
0.004026924 -0.003383884
0.004028524 -0.003501528
0.004030124 -0.003619172
0.004031724 -0.004089748
0.004033324 -0.003736816
0.004034924 -0.004207392
0.004036524 -0.004325036
0.004038124 -0.004560324
0.004039724 -0.004795612
0.004041324 -0.0050309
0.004042924 -0.004913256
0.004044524 -0.0050309
0.004046124 -0.00444268
0.004047724 -0.004795612
0.004049324 -0.004913256
0.004050924 -0.004795612
0.004052524 -0.00444268
0.004054124 -0.004560324
0.004055724 -0.00444268
0.004057324 -0.004207392
0.004058924 -0.003736816
0.004060524 -0.003736816
0.004062124 -0.003619172
0.004063724 -0.003266241
0.004065324 -0.002795665
0.004066924 -0.002325089
0.004068524 -0.002325089
0.004070124 -0.001736869
0.004071724 -0.001383937
0.004073324 -0.001383937
0.004074924 -0.0009133613
0.004076524 -0.0006780734
0.004078124 -0.0005604295
0.004079724 -0.0002074976
0.004081324 -8.985363e-005
0.004082924 -0.0002074976
0.004084524 0.0001454343
0.004086124 0.0002630782
0.004087724 0.0001454343
0.004089324 0.0004983662
0.004090924 0.0002630782
0.004092524 -8.985363e-005
0.004094124 0.0001454343
0.004095724 0.0003807222
0.004097324 0.0003807222
0.004098924 -8.985363e-005
0.004100524 -8.985363e-005
0.004102124 -8.985363e-005
0.004103724 -0.0003251415
0.004105324 -0.0004427855
0.004106924 -0.001148649
0.004108524 -0.001148649
0.004110124 -0.001383937
0.004111724 -0.001148649
0.004113324 -0.001501581
0.004114924 -0.001854513
0.004116524 -0.001972157
0.004118124 -0.002325089
0.004119724 -0.001972157
0.004121324 -0.002207445
0.004122924 -0.002207445
0.004124524 -0.002442733
0.004126124 -0.002089801
0.004127724 -0.002089801
0.004129324 -0.001972157
0.004130924 -0.001972157
0.004132524 -0.001501581
0.004134124 -0.001383937
0.004135724 -0.0009133613
0.004137324 -0.0007957174
0.004138924 -0.0005604295
0.004140524 -8.985363e-005
0.004142124 0.0003807222
0.004143724 0.0006160101
0.004145324 0.001086586
0.004146924 0.00120423
0.004148524 0.001674806
0.004150124 0.001910094
0.004151724 0.002615957
0.004153324 0.002615957
0.004154924 0.003086533
0.004156524 0.003204177
0.004158124 0.003792397
0.004159724 0.004027685
0.004161324 0.004498261
0.004162924 0.004615905
0.004164524 0.004851193
0.004166124 0.004733549
0.004167724 0.004733549
0.004169324 0.004498261
0.004170924 0.005321768
0.004172524 0.005086481
0.004174124 0.0056747
0.004175724 0.005557056
0.004177324 0.0056747
0.004178924 0.006027632
0.004180524 0.0056747
0.004182124 0.005792344
0.004183724 0.006027632
0.004185324 0.005909988
0.004186924 0.005909988
0.004188524 0.005909988
0.004190124 0.005792344
0.004191724 0.005909988
0.004193324 0.006380564
0.004194924 0.006498208
0.004196524 0.006380564
0.004198124 0.006027632
0.004199724 0.006380564
0.004201324 0.00626292
